400.00000000 99.53526351 0.00000000 0.00000000 0.00000000
400.00000000 99.53526351 0.00000000 0.00000000 0.00000000
400.00000000 99.53526351 0.00000000 0.00000000 0.00000000
400.00000000 99.53526351 0.00000000 0.00000000 0.00000000
400.00000000 99.53526351 0.00000000 0.00000000 0.00000000
400.00000000 99.53526351 0.00000000 0.00000000 0.00000000
400.00000000 99.53526351 0.00000000 0.00000000 0.00000000
400.00000000 99.53526351 0.00000000 0.00000000 0.00000000
400.00000000 99.53526351 0.00000000 0.00000000 0.00000000
400.00000000 99.53526351 0.00000000 0.00000000 0.00000000
312.10000000 1987.85439552 0.00000000 0.30977046 0.49610989
312.10000000 1987.85439552 0.00000000 0.30977046 0.49610989
312.10000000 1987.85439552 0.00000000 0.30977046 0.49610989
312.10000000 1987.85439552 0.00000000 0.30977046 0.49610989
312.10000000 1987.85439552 0.00000000 0.30977046 0.49610989
312.10000000 1987.85439552 0.00000000 0.30977046 0.49610989
312.10000000 1987.85439552 0.00000000 0.30977046 0.49610989
312.10000000 1987.85439552 0.00000000 0.30977046 0.49610989
312.10000000 1987.85439552 0.00000000 0.30977046 0.49610989
312.10000000 1987.85439552 0.00000000 0.30977046 0.49610989
487.50000000 271.74334361 0.26514144 0.24430151 0.24662871
487.50000000 271.74334361 0.26514144 0.24430151 0.24662871
225.80000000 2411.04657993 0.00000000 0.08848637 0.26024459
487.50000000 271.74334361 0.26514144 0.24430151 0.24662871
520.60000000 1773.45796557 0.09759577 0.25456788 0.25308521
226.20000000 695.89613655 0.00000000 0.00225633 0.24524670
520.60000000 1773.45796557 0.09759577 0.25456788 0.25308521
226.20000000 695.89613655 0.00000000 0.00225633 0.24524670
225.80000000 2411.04657993 0.00000000 0.08848637 0.26024459
226.20000000 695.89613655 0.00000000 0.00225633 0.24524670
225.80000000 598.03916214 0.00000000 0.01111832 0.74704810
225.80000000 598.03916214 0.00000000 0.01111832 0.74704810
519.90000000 1736.14014353 0.25042173 0.76150252 0.74725843
225.80000000 598.03916214 0.00000000 0.01111832 0.74704810
225.30000000 2292.72480524 0.00000000 0.27883360 0.73053667
487.50000000 272.15294926 0.75454549 0.76817302 0.73910512
225.30000000 2292.72480524 0.00000000 0.27883360 0.73053667
487.50000000 272.15294926 0.75454549 0.76817302 0.73910512
519.90000000 1736.14014353 0.25042173 0.76150252 0.74725843
487.50000000 272.15294926 0.75454549 0.76817302 0.73910512
389.70000000 1608.43824662 0.00000000 0.40364133 0.63284463
389.70000000 1608.43824662 0.00000000 0.40364133 0.63284463
706.20000000 179.53379589 0.64603703 0.61664082 0.62198433
389.70000000 1608.43824662 0.00000000 0.24474588 0.39447445
389.70000000 1608.43824662 0.00000000 0.40364133 0.63284463
706.20000000 179.53379589 0.37620276 0.36918000 0.37631635
389.70000000 1608.43824662 0.00000000 0.24474588 0.39447445
706.20000000 179.53379589 0.64603703 0.61664082 0.62198433
706.20000000 179.53379589 0.37620276 0.36918000 0.37631635
706.20000000 179.53379589 0.37620276 0.36918000 0.37631635
197.80000000 2113.24811392 0.00000000 0.01202817 0.14312656
197.80000000 2113.24811392 0.00000000 0.01202817 0.14312656
264.20000000 2122.23461703 0.00000000 0.06603334 0.13493087
197.80000000 2113.24811392 0.00000000 0.09555308 0.87276172
197.80000000 2113.24811392 0.00000000 0.01202817 0.14312656
264.20000000 2122.23461703 0.00000000 0.45952506 0.87430184
197.80000000 2113.24811392 0.00000000 0.09555308 0.87276172
264.20000000 2122.23461703 0.00000000 0.06603334 0.13493087
264.20000000 2122.23461703 0.00000000 0.45952506 0.87430184
264.20000000 2122.23461703 0.00000000 0.45952506 0.87430184
618.80000000 179.37834917 0.86886306 0.88405096 0.87587743
618.80000000 179.37834917 0.86886306 0.88405096 0.87587743
198.00000000 1791.57728646 0.00000000 0.00000000 0.88836694
618.80000000 179.37834917 0.13076196 0.12576863 0.12426042
443.80000000 181.72486171 0.88951651 0.86005663 0.86639910
197.90000000 2439.18299656 0.00000000 0.03672452 0.13273905
443.80000000 181.72486171 0.11406312 0.10889602 0.12925151
197.90000000 2439.18299656 0.00000000 0.26935202 0.87325550
198.00000000 1791.57728646 0.00000000 0.00000000 0.12829355
197.90000000 2439.18299656 0.00000000 0.03672452 0.13273905
265.40000000 2741.46297697 0.00000000 0.31584960 0.41123509
265.40000000 2741.46297697 0.00000000 0.31584960 0.41123509
389.60000000 2472.44492758 0.22352026 0.39365033 0.38482140
265.40000000 2741.46297697 0.00000000 0.51322207 0.63705485
264.60000000 1806.42131641 0.00000000 0.11202827 0.39775151
389.00000000 2075.57388319 0.00000000 0.61004855 0.62121108
264.60000000 1806.42131641 0.00000000 0.17015691 0.62270088
389.00000000 2075.57388319 0.00000000 0.34742185 0.39121250
389.60000000 2472.44492758 0.38576842 0.65206801 0.62271359
389.00000000 2075.57388319 0.00000000 0.61004855 0.62121108
454.10000000 2062.70415221 0.40503439 0.93562519 0.94173901
453.30000000 2096.94936141 0.43489295 0.93819459 0.93370664
454.10000000 2062.70415221 0.40503439 0.93562519 0.94173901
454.10000000 2062.70415221 0.18440054 0.43600941 0.43224477
451.40000000 1717.00747815 0.00000000 0.85413498 0.93322946
451.40000000 1717.00747815 0.00000000 0.39027763 0.43681900
453.50000000 1601.01246391 0.00000000 0.36979722 0.42232858
453.50000000 1601.01246391 0.00000000 0.83667705 0.93115621
453.30000000 2096.94936141 0.20926779 0.43057899 0.44698269
453.50000000 1601.01246391 0.00000000 0.36979722 0.42232858
212.20000000 1682.75552975 0.00000000 0.00000000 0.39500596
212.90000000 1741.13675186 0.00000000 0.00000000 0.40833945
212.20000000 1682.75552975 0.00000000 0.00000000 0.39500596
212.20000000 1682.75552975 0.00000000 0.00000000 0.83574474
212.90000000 1861.88857369 0.00000000 0.06750398 0.44368383
212.90000000 1861.88857369 0.00000000 0.13858742 0.94754419
212.70000000 1793.48425113 0.00000000 0.14108516 0.93914382
212.70000000 1793.48425113 0.00000000 0.06068115 0.45444685
212.90000000 1741.13675186 0.00000000 0.00000000 0.84567876
212.70000000 1793.48425113 0.00000000 0.14108516 0.93914382
465.60000000 140.77140890 0.66924288 0.70603434 0.68828746
465.60000000 140.81524108 0.68798850 0.70001969 0.68218895
286.00000000 2918.39565700 0.00000000 0.63461913 0.68697000
465.60000000 140.77140890 0.15174851 0.19082143 0.20190887
465.60000000 140.77140890 0.66924288 0.70603434 0.68828746
286.00000000 2918.39565700 0.00000000 0.16419827 0.17764749
465.60000000 140.81524108 0.20004668 0.18551866 0.20611067
286.50000000 2630.95747047 0.00000000 0.56930874 0.69656863
286.50000000 2630.95747047 0.00000000 0.16231641 0.18441141
286.50000000 2630.95747047 0.00000000 0.16231641 0.18441141
285.90000000 1823.71795311 0.00000000 0.06631168 0.18300083
286.40000000 1742.58560866 0.00000000 0.06672194 0.19473857
640.60000000 140.16390632 0.17965750 0.19920231 0.19922844
285.90000000 1823.71795311 0.00000000 0.22984958 0.70756820
285.90000000 1823.71795311 0.00000000 0.06631168 0.18300083
640.60000000 140.16390632 0.67034992 0.68541277 0.71104985
286.40000000 1742.58560866 0.00000000 0.22829455 0.69277724
640.60000000 140.25061138 0.17363766 0.19506274 0.19203379
640.60000000 140.25061138 0.68975423 0.69714105 0.69756367
640.60000000 140.25061138 0.68975423 0.69714105 0.69756367
596.70000000 236.51111423 0.30184840 0.33585150 0.31791032
596.60000000 236.83932464 0.29953667 0.30784707 0.30435023
350.20000000 1945.93377268 0.00000000 0.23051279 0.32209053
596.70000000 236.51111423 0.06284654 0.06385241 0.06276961
421.80000000 230.97780019 0.32510725 0.32432199 0.30875472
351.20000000 2664.33458031 0.02496512 0.07270720 0.05817569
421.80000000 230.65100430 0.06700092 0.06139817 0.06091635
351.50000000 2616.32703870 0.16038847 0.32570457 0.30183123
351.30000000 1892.48841579 0.00000000 0.05158968 0.06737458
351.50000000 2616.32703870 0.03370607 0.08380218 0.06051355
241.70000000 2750.86878700 0.00000000 0.62090666 0.81634377
241.10000000 2704.72716307 0.00000000 0.55728827 0.77813739
187.10000000 2682.97268814 0.00000000 0.24092477 0.81904439
241.70000000 2750.86878700 0.00000000 0.43546075 0.57209389
242.30000000 1890.43228559 0.00000000 0.16392464 0.79396895
187.10000000 2249.41887210 0.00000000 0.00000000 0.56609196
241.10000000 1720.11576482 0.00000000 0.10100453 0.55807937
186.80000000 2203.35038142 0.00000000 0.00000000 0.79940303
186.60000000 2594.11361155 0.00000000 0.17574086 0.57477496
186.80000000 2203.35038142 0.00000000 0.00000000 0.55508116
351.60000000 1669.89291979 0.00000000 0.03498650 0.05836295
350.80000000 1662.53601288 0.00000000 0.04340305 0.06352293
241.90000000 743.76835247 0.00000000 0.00182948 0.06878391
351.60000000 1669.89291979 0.00000000 0.17087359 0.30259886
351.60000000 1669.89291979 0.00000000 0.03498650 0.05836295
241.90000000 743.76835247 0.00000000 0.00846269 0.31377344
350.80000000 1662.53601288 0.00000000 0.17991305 0.32731510
241.40000000 965.57558889 0.00000000 0.00369564 0.06324347
241.40000000 965.57558889 0.00000000 0.01321975 0.33284161
241.40000000 965.57558889 0.00000000 0.01321975 0.33284161
186.60000000 1655.58068789 0.00000000 0.04462489 0.57993885
186.90000000 1775.72776411 0.00000000 0.05333615 0.55490973
509.30000000 230.36127932 0.57408418 0.57572287 0.54195015
186.60000000 1655.58068789 0.00000000 0.06819965 0.82243634
186.60000000 1655.58068789 0.00000000 0.04462489 0.57993885
509.30000000 230.36127932 0.81511594 0.80180118 0.79753690
186.90000000 1775.72776411 0.00000000 0.07974025 0.81962888
509.30000000 231.72111934 0.56768659 0.56440619 0.56764279
509.30000000 231.72111934 0.80805360 0.81277132 0.81166676
509.30000000 231.72111934 0.80805360 0.81277132 0.81166676
334.30000000 1778.99604747 0.00000000 0.26784869 0.48258149
334.80000000 1797.99305348 0.00000000 0.25824230 0.48090321
182.20000000 1963.17287577 0.00000000 0.00000000 0.41525460
334.30000000 1778.99604747 0.00000000 0.30164332 0.53999372
334.30000000 1616.87658112 0.00000000 0.19655635 0.46112060
182.20000000 1623.43092515 0.00000000 0.00000000 0.42380927
333.80000000 1640.55812239 0.00000000 0.22747427 0.55023903
182.40000000 1655.40274437 0.00000000 0.00000000 0.36178164
182.10000000 2078.99224727 0.00000000 0.00000000 0.47566169
182.40000000 1655.40274437 0.00000000 0.00000000 0.41460879
182.20000000 2376.74672096 0.00000000 0.20547876 0.97264336
182.40000000 2263.32566932 0.00000000 0.18313145 0.97455022
335.20000000 2296.18436460 0.20296326 0.97487477 0.96798739
182.20000000 2376.74672096 0.00000000 0.00403107 0.03220841
182.90000000 916.73282297 0.00000000 0.02830648 0.96909133
335.20000000 2518.22129725 0.00000000 0.02833486 0.03117247
181.60000000 678.08813018 0.00000000 0.00055556 0.03615171
335.10000000 2472.89769870 0.00000000 0.93203838 0.96857876
334.10000000 2326.86319990 0.00679652 0.03302266 0.02558678
335.10000000 2472.89769870 0.00000000 0.03013893 0.03633858
562.80000000 1585.50904999 0.07769857 0.21163301 0.23542004
563.30000000 1564.48250495 0.07081485 0.22109522 0.21876738
562.80000000 1585.50904999 0.07769857 0.21163301 0.23542004
562.80000000 1585.50904999 0.28561747 0.77953020 0.79053183
432.80000000 250.81825182 0.23339626 0.21937839 0.21804196
432.80000000 250.81825182 0.77862130 0.79286575 0.77449791
432.80000000 250.34723877 0.79953653 0.78886495 0.76720088
432.80000000 250.34723877 0.23487367 0.22925752 0.21576089
563.30000000 1564.48250495 0.27521392 0.78976325 0.77548904
432.80000000 250.34723877 0.79953653 0.78886495 0.76720088
233.30000000 2056.86632971 0.00000000 0.18969651 0.75220045
233.40000000 2076.62022291 0.00000000 0.22706761 0.70989819
233.30000000 2056.86632971 0.00000000 0.18969651 0.75220045
233.30000000 2056.86632971 0.00000000 0.06963271 0.30251071
233.80000000 1629.95983631 0.00000000 0.09751403 0.73053238
233.80000000 1629.95983631 0.00000000 0.03764157 0.29984535
233.50000000 1652.50754150 0.00000000 0.03815711 0.26774822
233.50000000 1652.50754150 0.00000000 0.09517114 0.71140366
233.40000000 2076.62022291 0.00000000 0.08964146 0.28582080
233.50000000 1652.50754150 0.00000000 0.03815711 0.26774822
498.40000000 160.60558016 0.84329402 0.84416979 0.83873588
498.40000000 160.98806141 0.83166849 0.84043294 0.82760704
203.10000000 2223.86061821 0.00000000 0.18704960 0.84601739
498.40000000 160.60558016 0.91654328 0.90411728 0.90141640
476.50000000 161.55196464 0.83527118 0.84206185 0.84785571
203.20000000 2321.73570636 0.00000000 0.25026348 0.91011010
476.50000000 161.67353547 0.90084781 0.90304171 0.90802011
203.60000000 2245.18292330 0.00000000 0.22752396 0.84830096
202.50000000 2152.45972587 0.00000000 0.20034347 0.90430428
203.60000000 2245.18292330 0.00000000 0.24113934 0.91328000
275.90000000 1673.04195434 0.00000000 0.07281651 0.34461180
276.20000000 1689.98385148 0.00000000 0.06996709 0.33902858
413.40000000 1753.92933853 0.00000000 0.30679986 0.34175981
275.90000000 1673.04195434 0.00000000 0.08410570 0.40894300
275.20000000 1773.62047864 0.00000000 0.09120872 0.37035312
413.90000000 1911.87432016 0.00000000 0.37039750 0.40581553
275.00000000 1780.73750931 0.00000000 0.09963621 0.41346678
412.00000000 1784.77814016 0.00000000 0.31041603 0.35081729
413.20000000 1678.40691335 0.00000000 0.33534962 0.41802373
412.00000000 1784.77814016 0.00000000 0.37508819 0.40775518
410.90000000 367.17351428 0.56082633 0.58090021 0.60507805
411.10000000 361.08672194 0.61236139 0.57561132 0.60976428
410.90000000 160.83802088 0.59121479 0.59639504 0.59141132
410.90000000 367.17351428 0.62712541 0.64031356 0.67053521
412.40000000 1541.10172962 0.00000000 0.39571667 0.59296320
739.00000000 160.68320141 0.66956403 0.64559414 0.67544916
413.00000000 1546.61972053 0.00000000 0.44715104 0.65695645
739.00000000 161.05199143 0.60719208 0.60399797 0.59218385
410.90000000 160.46713846 0.68365406 0.65897250 0.64092296
739.00000000 161.05199143 0.67121776 0.66231019 0.65274200
203.00000000 829.01785754 0.00000000 0.00198822 0.10054061
204.10000000 934.79781710 0.00000000 0.00242779 0.08246948
275.50000000 1914.20707188 0.00000000 0.03674083 0.10083113
203.00000000 829.01785754 0.00000000 0.00250368 0.15848333
203.00000000 1215.13950829 0.00000000 0.00344941 0.09312297
275.10000000 2000.22315193 0.00000000 0.08292764 0.16537714
203.10000000 1341.29971760 0.00000000 0.01157253 0.15459786
275.20000000 2024.95116949 0.00000000 0.04942490 0.09458654
274.90000000 1959.16400400 0.00000000 0.07040255 0.17226980
275.20000000 2024.95116949 0.00000000 0.08512834 0.15313720
695.10000000 210.20574999 0.50684812 0.52858205 0.52658062
695.20000000 214.54026865 0.54646206 0.53335929 0.53806335
254.50000000 1213.38452375 0.00000000 0.04445263 0.53642730
695.10000000 210.20574999 0.96513203 0.97207015 0.96257726
454.70000000 201.32319029 0.52962425 0.52271772 0.55681019
255.30000000 2456.84877497 0.00000000 0.65531227 0.96187625
454.70000000 201.11421944 0.97533371 0.97061237 0.95963862
254.70000000 2446.89208111 0.00000000 0.35809246 0.53133120
255.10000000 1376.64521314 0.00000000 0.09461277 0.97019062
254.70000000 2446.89208111 0.00000000 0.65204833 0.96742763
255.70000000 2171.64404781 0.00000000 0.01400338 0.03567101
256.10000000 2157.15118492 0.00000000 0.01752626 0.03246671
520.20000000 200.72052233 0.03359501 0.03410428 0.02328781
255.70000000 2171.64404781 0.00000000 0.23265991 0.46077633
255.00000000 1817.49953998 0.00000000 0.00414586 0.03229089
629.70000000 201.63012220 0.44284849 0.46610782 0.49072392
254.20000000 1795.28570488 0.00000000 0.09828312 0.49315590
629.70000000 201.07844002 0.03180317 0.03200487 0.03168890
520.20000000 200.72837539 0.44830080 0.49175828 0.48277692
629.70000000 201.07844002 0.47010476 0.44487475 0.46776122
371.20000000 1871.27939557 0.00000000 0.67707047 0.77337138
369.10000000 2061.43462850 0.00000000 0.64526185 0.78101726
371.20000000 1871.27939557 0.00000000 0.67707047 0.77337138
371.20000000 1871.27939557 0.00000000 0.62531134 0.70286586
369.10000000 1585.58979865 0.00000000 0.43444585 0.77800593
369.10000000 1585.58979865 0.00000000 0.39978826 0.71577546
369.70000000 1593.77201253 0.00000000 0.39222996 0.73836946
369.70000000 1593.77201253 0.00000000 0.42690959 0.79617991
369.10000000 2061.43462850 0.00000000 0.58983433 0.72197946
369.70000000 1593.77201253 0.00000000 0.39222996 0.73836946
191.60000000 2554.76598559 0.00000000 0.08127370 0.27422744
191.70000000 2592.06052513 0.00000000 0.08993989 0.30798732
191.60000000 2554.76598559 0.00000000 0.08127370 0.27422744
191.60000000 2554.76598559 0.00000000 0.06012474 0.21670709
192.00000000 901.75917506 0.00000000 0.01001634 0.29085083
192.00000000 901.75917506 0.00000000 0.00733507 0.22411441
192.00000000 1102.69143617 0.00000000 0.01019136 0.21553712
192.00000000 1102.69143617 0.00000000 0.01395260 0.28296538
191.70000000 2592.06052513 0.00000000 0.07208734 0.23870622
192.00000000 1102.69143617 0.00000000 0.01019136 0.21553712
476.50000000 303.26376138 0.15786359 0.16168213 0.15586778
476.70000000 301.01291322 0.15423718 0.14466458 0.15675012
298.30000000 2678.84001910 0.00000000 0.14506426 0.15083229
476.50000000 303.26376138 0.62046992 0.58688292 0.59423440
485.20000000 1690.77223712 0.02230937 0.15835071 0.16986593
298.80000000 1692.88341117 0.00000000 0.18447381 0.60267143
485.20000000 1664.10112165 0.09702780 0.60847943 0.60018672
297.90000000 1719.76135294 0.00000000 0.04074838 0.16039108
298.30000000 2647.44881997 0.00000000 0.57189194 0.61006132
297.90000000 1719.76135294 0.00000000 0.19026288 0.60594759
219.20000000 774.40022841 0.00000000 0.01745209 0.67880938
219.10000000 721.71848639 0.00000000 0.00611594 0.62995243
651.50000000 120.71462127 0.66516762 0.66270567 0.65158740
219.20000000 774.40022841 0.00000000 0.00321488 0.09432278
219.20000000 2238.48232979 0.00000000 0.20843737 0.66448543
498.40000000 119.78868497 0.09108762 0.09283379 0.08558082
219.00000000 2248.04735225 0.00000000 0.02726968 0.09067935
498.40000000 120.22185559 0.66307489 0.65526518 0.65993235
651.50000000 121.28207391 0.10242529 0.09723327 0.08960893
498.40000000 120.22185559 0.10287682 0.10330563 0.10289771
564.00000000 120.11207126 0.40956950 0.40885040 0.41945729
564.00000000 120.40819528 0.39215743 0.41674450 0.40851051
485.90000000 1989.82783406 0.22630609 0.39790781 0.40507566
564.00000000 120.11207126 0.84960840 0.83320870 0.84895780
410.90000000 120.52658183 0.40248979 0.43545190 0.41844226
410.90000000 290.88785684 0.84703834 0.83520725 0.84989238
410.90000000 120.79305356 0.84756679 0.84163425 0.82479983
410.90000000 291.56912025 0.42495560 0.41841348 0.41963383
484.00000000 2006.71149079 0.48183871 0.83437255 0.83129991
410.90000000 291.56912025 0.83776945 0.86092766 0.85134012
299.00000000 1568.09538644 0.00000000 0.17869551 0.90839994
299.00000000 1526.63234428 0.00000000 0.18663349 0.89856907
219.20000000 1688.66684595 0.00000000 0.00000000 0.85292565
299.00000000 1568.09538644 0.00000000 0.06362507 0.35931865
298.20000000 1955.59521671 0.00000000 0.47840090 0.90179935
218.70000000 1617.69261098 0.00000000 0.04388195 0.32183947
298.00000000 1955.58086630 0.00000000 0.18169003 0.32863272
219.10000000 1919.59436286 0.00000000 0.11025024 0.90638937
218.80000000 1759.59860696 0.00000000 0.00000000 0.32198249
219.10000000 1919.59436286 0.00000000 0.04306862 0.35014040
501.20000000 1926.94004249 0.36175738 0.69901340 0.69860046
500.70000000 1950.23678654 0.39442536 0.71481978 0.70451880
189.80000000 1669.10767364 0.00000000 0.00000000 0.70347733
501.20000000 1926.94004249 0.40741360 0.79683434 0.79008586
502.90000000 1795.19736815 0.24475069 0.70779893 0.71889276
189.20000000 1897.37839985 0.00000000 0.00000000 0.73864281
502.00000000 1772.53086865 0.27249472 0.78846852 0.79644011
189.60000000 2039.95633888 0.00000000 0.00000000 0.64031713
189.30000000 1923.92860889 0.00000000 0.00000000 0.79010871
189.60000000 2039.95633888 0.00000000 0.00000000 0.72789976
223.10000000 2637.37534807 0.00000000 0.12158948 0.22467305
222.80000000 2719.41409386 0.00000000 0.11897482 0.19698386
360.10000000 2702.64820855 0.11032011 0.20369517 0.21820394
223.10000000 2637.37534807 0.00000000 0.17958717 0.31913714
223.00000000 2449.50994870 0.00000000 0.09853934 0.20825932
360.70000000 2444.89493232 0.10097270 0.30108100 0.29919597
223.30000000 2464.83831430 0.00000000 0.13438381 0.30170377
359.60000000 2302.02424552 0.05255487 0.20318069 0.19581606
360.00000000 2658.39306910 0.18049247 0.29983602 0.29566735
359.60000000 2302.02424552 0.07816468 0.32194095 0.29641065
678.90000000 109.64288426 0.95989500 0.95452442 0.95592151
678.90000000 111.07928624 0.95593163 0.95138116 0.95276179
641.30000000 1614.94881949 0.81951355 0.95147366 0.95480604
678.90000000 109.64288426 0.55500412 0.55616942 0.55410723
547.60000000 111.22603453 0.94960071 0.95820305 0.95353549
547.60000000 219.88400204 0.54410365 0.56967323 0.55271228
547.60000000 110.84449992 0.54474029 0.57031431 0.54931222
547.60000000 220.76386767 0.96421755 0.94793578 0.94819268
637.90000000 1616.25816777 0.43937001 0.56024815 0.57100463
547.60000000 220.76386767 0.55920335 0.54268033 0.53844647
304.80000000 2455.17398268 0.00000000 0.36841939 0.46523577
305.00000000 2430.12055423 0.00000000 0.38713258 0.45449433
245.10000000 2274.89144302 0.00000000 0.20417754 0.45889521
304.80000000 2455.17398268 0.00000000 0.04264038 0.05340689
305.50000000 1593.22361502 0.00000000 0.11201146 0.45914493
245.70000000 584.83066391 0.00000000 0.00121767 0.04594621
305.50000000 1593.92276260 0.00000000 0.01065412 0.04802700
246.10000000 727.32732651 0.00000000 0.00000000 0.45051558
246.60000000 2240.10267372 0.00000000 0.02531051 0.04930787
246.10000000 727.32732651 0.00000000 0.00000000 0.04390360
547.60000000 190.67353593 0.07530966 0.07338927 0.08954609
547.60000000 191.13926096 0.09139441 0.07956979 0.07488338
215.60000000 1839.49185037 0.00000000 0.01413151 0.08930212
547.60000000 190.67353593 0.67801365 0.68134909 0.67024340
503.90000000 191.22275521 0.08720517 0.07523639 0.08891937
216.10000000 2096.90468108 0.00000000 0.17586049 0.68037367
503.90000000 190.98168637 0.67108834 0.66259275 0.66834807
215.40000000 2164.93146738 0.00000000 0.02825603 0.08109074
215.10000000 1868.98188421 0.00000000 0.12098181 0.68639052
215.40000000 2164.93146738 0.00000000 0.18129505 0.66439132
260.30000000 1306.70229697 0.00000000 0.04450027 0.57317216
259.60000000 1427.76872067 0.00000000 0.04843760 0.57227679
468.70000000 1773.28466785 0.00000000 0.57612524 0.58437011
260.30000000 1306.70229697 0.00000000 0.01294457 0.17437384
260.50000000 1612.15266153 0.00000000 0.08253291 0.59633419
470.60000000 1366.76963754 0.01255244 0.16284704 0.18188165
260.40000000 1612.77659190 0.00000000 0.02555836 0.17741775
470.20000000 1545.16151651 0.05427745 0.57665644 0.58582302
469.10000000 1791.66092949 0.00000000 0.15553932 0.17943209
470.20000000 1545.16151651 0.01630019 0.18540273 0.17396481
378.90000000 2406.38646698 0.15770251 0.34374321 0.30442477
379.80000000 2438.92183605 0.14801365 0.34910119 0.31971237
460.10000000 129.97753222 0.34640449 0.32247928 0.33804680
378.90000000 2406.38646698 0.42139160 0.91201896 0.92697896
379.50000000 2213.13650918 0.00000000 0.33824231 0.30632666
591.40000000 130.81213408 0.92730446 0.91934776 0.91517680
379.40000000 2206.12192735 0.00000000 0.90565343 0.93102369
591.40000000 131.57225532 0.32894570 0.31728851 0.31648264
460.10000000 131.02822707 0.92111941 0.91595310 0.93270208
591.40000000 131.57225532 0.92871335 0.92244374 0.92516114
194.70000000 2109.07023835 0.00000000 0.00000000 0.78795761
194.90000000 2096.96244721 0.00000000 0.00000000 0.79637140
291.80000000 1794.10865545 0.00000000 0.30394140 0.82527566
194.70000000 2109.07023835 0.00000000 0.00000000 0.39461486
194.80000000 2645.71039977 0.00000000 0.33969643 0.82652346
292.40000000 1563.50800189 0.03745114 0.42319731 0.41429084
195.40000000 2732.58380550 0.00000000 0.15759952 0.42764438
291.90000000 1434.59402353 0.05963629 0.82952115 0.81921587
292.00000000 1761.79618969 0.00000000 0.15292859 0.43986304
291.90000000 1434.59402353 0.02853929 0.41290418 0.40296218
744.50000000 150.73415608 0.26888588 0.26503292 0.27135027
744.50000000 150.74216224 0.27289795 0.26940731 0.26883433
230.10000000 1831.59334632 0.00000000 0.00000000 0.26338615
744.50000000 150.73415608 0.71618823 0.73535687 0.75077305
525.70000000 151.28070587 0.26889187 0.26814918 0.27171242
229.80000000 2138.60317434 0.00000000 0.21632416 0.74552843
525.70000000 149.82177413 0.74764597 0.75577461 0.73736564
230.20000000 2209.52783839 0.00000000 0.07417441 0.28155057
229.90000000 1659.25811236 0.00000000 0.00000000 0.67477178
230.20000000 2209.52783839 0.00000000 0.22050450 0.74877488
280.90000000 2022.08067163 0.00000000 0.39690593 0.77244770
280.80000000 2022.59588907 0.00000000 0.35962083 0.77310001
541.00000000 1806.16022819 0.69054441 0.74003532 0.77689255
280.90000000 2022.08067163 0.00000000 0.12917799 0.24463914
280.90000000 1617.79061967 0.00000000 0.18540830 0.76860611
540.30000000 1646.76153208 0.07683851 0.23030511 0.22217823
280.00000000 1594.15710954 0.00000000 0.04699376 0.24077638
540.70000000 1646.71264980 0.24874302 0.75946165 0.76752717
541.30000000 1802.25335490 0.22599314 0.23783806 0.23827392
540.70000000 1646.71264980 0.07456690 0.23734636 0.24617158
438.60000000 621.02927431 0.00000000 0.01221126 0.01412715
438.50000000 828.59906908 0.00000000 0.01437654 0.01550363
326.40000000 1747.66423374 0.00000000 0.00635067 0.01763343
438.60000000 621.02927431 0.00920921 0.98377914 0.98467553
438.90000000 1754.49926344 0.00146047 0.01271572 0.01551511
326.40000000 1855.32526430 0.00000000 0.57540664 0.98169663
438.40000000 1855.09150445 0.11485372 0.98582928 0.97979213
326.50000000 1875.03258684 0.00000000 0.00560515 0.01213775
325.60000000 1734.97460354 0.00000000 0.45812250 0.98564348
326.50000000 1875.03258684 0.00000000 0.58762890 0.98697186
209.20000000 2295.62692847 0.00000000 0.14320061 0.53830973
209.50000000 2347.20392088 0.00000000 0.15143014 0.50623467
179.50000000 1490.82542464 0.00000000 0.05575413 0.52269276
209.20000000 2295.62692847 0.00000000 0.13401693 0.50744976
209.50000000 2523.57784781 0.00000000 0.21371476 0.50550326
179.90000000 2351.98423587 0.00000000 0.09385970 0.49995034
208.90000000 2680.35157601 0.00000000 0.20677602 0.48479621
179.90000000 2580.25739312 0.00000000 0.12075694 0.52112931
180.40000000 1467.39583573 0.00000000 0.03127207 0.49061136
179.90000000 2580.25739312 0.00000000 0.11249128 0.48958020
343.00000000 2534.31505017 0.28174368 0.89397581 0.87407185
342.80000000 2584.43560015 0.30249394 0.89576856 0.87518767
269.80000000 2815.71945854 0.00000000 0.79517385 0.89398903
343.00000000 2534.31505017 0.27101668 0.86582350 0.84469649
342.10000000 1752.39853833 0.00000000 0.50585303 0.89227582
269.40000000 1757.93786681 0.00000000 0.19848476 0.86259379
341.90000000 1740.99211191 0.00000000 0.46723567 0.87229545
270.40000000 1739.93704698 0.00000000 0.19762795 0.90285466
270.40000000 3101.84354508 0.00000000 0.78600385 0.86757511
270.40000000 1739.93704698 0.00000000 0.18780336 0.86765180
184.60000000 2192.40998799 0.00000000 0.00000000 0.39724385
184.30000000 2150.94912566 0.00000000 0.00000000 0.37167282
613.20000000 170.87688821 0.39249797 0.40087360 0.39699953
184.60000000 2192.40998799 0.00000000 0.00000000 0.36640829
184.30000000 2115.73970018 0.00000000 0.05569873 0.39018911
482.00000000 170.14487420 0.36328940 0.37643677 0.36448781
184.80000000 2072.89961708 0.00000000 0.06030369 0.36583305
482.00000000 170.54888329 0.40901388 0.39638470 0.40078987
613.20000000 169.84448157 0.35326815 0.37205207 0.34491923
482.00000000 170.54888329 0.37196565 0.36709802 0.37613038
525.70000000 240.89490106 0.64168638 0.64998120 0.64917427
525.70000000 242.20640125 0.63610611 0.64846493 0.64618581
401.40000000 2172.11365271 0.18408401 0.63460434 0.63936588
525.70000000 240.89490106 0.60882032 0.61869474 0.61612882
569.40000000 245.30411944 0.64480585 0.64531361 0.64696541
401.20000000 1783.77245679 0.06816399 0.59395025 0.62955254
569.40000000 247.03888481 0.61821320 0.57668064 0.61496679
400.20000000 1548.24742283 0.07096355 0.64232928 0.65946958
401.20000000 2052.94289100 0.16865874 0.62494913 0.62462422
400.20000000 1548.24742283 0.06890674 0.60653965 0.63281474
237.90000000 473.32389717 0.00000000 0.00117636 0.14576112
237.70000000 866.09286576 0.00000000 0.00199858 0.14617398
199.90000000 1741.05439719 0.00000000 0.00000000 0.12200823
237.90000000 473.32389717 0.00000000 0.00117636 0.11310696
237.60000000 1423.42950641 0.00000000 0.00000000 0.13435137
200.50000000 1537.28652324 0.00000000 0.00000000 0.09242181
238.00000000 1779.28958936 0.00000000 0.00000000 0.10949419
200.50000000 1551.69968565 0.00000000 0.00000000 0.11760242
200.30000000 1725.38001118 0.00000000 0.00000000 0.09286297
200.50000000 1551.69968565 0.00000000 0.00000000 0.09143158
449.20000000 260.67195544 0.79132343 0.79301022 0.81024501
449.20000000 262.18770841 0.79574625 0.79647316 0.77974756
449.20000000 150.43482677 0.80862497 0.80447833 0.80241475
449.20000000 260.67195544 0.25551797 0.26177425 0.29463045
539.30000000 1569.00518108 0.76926828 0.78692683 0.81498669
558.50000000 150.67978234 0.27480672 0.25742185 0.26972945
541.80000000 1545.29735988 0.25748083 0.27593106 0.29135063
558.50000000 150.25892962 0.80444844 0.79904416 0.80475475
449.20000000 150.67657402 0.27031500 0.26222996 0.29328807
558.50000000 150.25892962 0.25961022 0.25218389 0.26828008
230.40000000 1524.63974322 0.00000000 0.02971779 0.30170267
230.00000000 1727.54327124 0.00000000 0.03065941 0.28935291
280.50000000 1826.60532623 0.00000000 0.10725738 0.30279448
230.40000000 1524.63974322 0.00000000 0.08240610 0.76977728
230.20000000 1858.98756844 0.00000000 0.00000000 0.29578347
280.80000000 1507.22501168 0.00000000 0.09851023 0.77594431
230.60000000 1721.66094112 0.00000000 0.00000000 0.75175196
280.30000000 1525.26232592 0.00000000 0.04503051 0.30821589
279.90000000 1804.45685893 0.00000000 0.26254174 0.76612013
280.30000000 1525.26232592 0.00000000 0.11623251 0.76210011
326.80000000 2254.23255493 0.00000000 0.47898198 0.55215227
326.40000000 2122.37160425 0.00000000 0.44172306 0.56938105
209.20000000 1976.10550118 0.00000000 0.07366620 0.52701314
326.80000000 2254.23255493 0.00000000 0.01138329 0.01858153
326.70000000 1767.16939752 0.00000000 0.28532452 0.55548429
209.80000000 1247.23580681 0.00000000 0.00000000 0.01665065
327.40000000 1792.02309778 0.00000000 0.00877020 0.01222878
209.20000000 1767.44898081 0.00000000 0.00000000 0.55220526
209.00000000 1868.42070602 0.00000000 0.00282342 0.01565248
209.20000000 1767.44898081 0.00000000 0.00000000 0.01864763
179.40000000 1591.50660377 0.00000000 0.00000000 0.03333568
179.60000000 1599.99064125 0.00000000 0.00000000 0.03697982
439.60000000 1760.37358980 0.00000000 0.04104016 0.05714443
179.40000000 1591.50660377 0.00000000 0.00000000 0.38652284
179.80000000 2161.03954997 0.00000000 0.01207955 0.04355331
438.20000000 2244.97892206 0.43210299 0.53513363 0.53073788
179.30000000 1930.95103813 0.00000000 0.07083237 0.51350808
438.20000000 2181.66423732 0.02868025 0.05019535 0.04154927
438.60000000 1688.61229326 0.00000000 0.45100535 0.51338877
438.20000000 2181.66423732 0.40629697 0.50052315 0.48913064
401.70000000 1694.23461831 0.00000000 0.32467533 0.42048036
401.30000000 1734.96101057 0.00000000 0.34001459 0.42829027
586.10000000 1704.69616844 0.27161015 0.42430007 0.42207341
401.70000000 1694.23461831 0.00000000 0.10693013 0.14631435
401.30000000 1121.77969792 0.00000000 0.42121380 0.42698714
587.20000000 1319.92417323 0.15064980 0.14919858 0.13429850
402.40000000 710.90814514 0.00000000 0.14393961 0.15084722
586.40000000 1304.34759636 0.43566319 0.41757704 0.41406757
585.30000000 1697.15560663 0.09791006 0.13013999 0.14730646
586.40000000 1304.34759636 0.14940595 0.14393660 0.13846744
200.10000000 2370.78321180 0.00000000 0.19978834 0.93153234
200.10000000 2250.85727559 0.00000000 0.18925923 0.92442990
237.90000000 2326.59914773 0.00000000 0.40864138 0.92879227
200.10000000 2370.78321180 0.00000000 0.13877269 0.65281107
200.90000000 2607.24223044 0.00000000 0.36951870 0.92511247
237.20000000 2604.69015670 0.00000000 0.44056870 0.65034563
200.00000000 2571.86524409 0.00000000 0.25621795 0.64150280
237.50000000 2589.48806877 0.00000000 0.59641058 0.92583296
238.10000000 2278.84441378 0.00000000 0.28840141 0.67192553
237.50000000 2589.48806877 0.00000000 0.41927710 0.63398746
580.50000000 170.31936144 0.16559332 0.17040364 0.17184763
580.50000000 170.40361706 0.17276596 0.15152017 0.18447505
184.40000000 1500.83749962 0.00000000 0.00000000 0.17793399
580.50000000 170.31936144 0.39130817 0.38044265 0.39678360
514.80000000 170.68837227 0.17106243 0.18578605 0.17281110
184.70000000 1403.01910078 0.00000000 0.02601566 0.41484834
514.80000000 169.68262604 0.38553104 0.39961182 0.41597997
184.50000000 870.22079434 0.00000000 0.00588416 0.18692660
184.50000000 1999.48581171 0.00000000 0.00000000 0.41449637
184.50000000 870.22079434 0.00000000 0.01213732 0.40195453
269.20000000 1912.86309323 0.00000000 0.64540866 0.65057414
269.70000000 992.31257700 0.00000000 0.65650937 0.68139128
341.30000000 2647.13488374 0.34835446 0.67804134 0.65811143
269.20000000 1912.86309323 0.00000000 0.87402666 0.89466795
269.40000000 1406.89233504 0.00000000 0.09269602 0.66981227
343.10000000 1665.26187888 0.00000000 0.42389545 0.88614239
270.00000000 1638.57301001 0.00000000 0.14447208 0.90900354
342.80000000 1651.89092084 0.00000000 0.32966686 0.67742892
342.70000000 2711.71237002 0.45153606 0.89292480 0.88266615
342.80000000 1651.89092084 0.00000000 0.42959013 0.88911874
359.70000000 1406.46386144 0.02259251 0.23783676 0.23129533
361.30000000 1553.49514144 0.02180658 0.23058106 0.23126819
501.90000000 1266.63565295 0.25485498 0.23498448 0.22850136
359.70000000 1406.46386144 0.01870107 0.20884746 0.19874768
360.40000000 2176.91082273 0.00000000 0.20061620 0.22161629
501.20000000 1945.23354259 0.10622274 0.20291148 0.20093278
359.90000000 2130.04898389 0.00000000 0.17778945 0.19496578
501.70000000 1975.20245431 0.13400048 0.22793793 0.25766080
504.80000000 1309.92927575 0.20976563 0.20247856 0.21052030
501.70000000 1975.20245431 0.11609080 0.20144389 0.22309045
189.50000000 1701.72922828 0.00000000 0.00000000 0.62705209
189.30000000 1663.62810253 0.00000000 0.00000000 0.60336498
223.00000000 1945.20451144 0.00000000 0.00000000 0.75193107
189.50000000 1701.72922828 0.00000000 0.00000000 0.60549898
189.90000000 2773.52506144 0.00000000 0.29994194 0.74840887
222.20000000 2715.31718954 0.00000000 0.43062718 0.72107308
189.30000000 2626.32764774 0.00000000 0.26023238 0.71733912
221.80000000 2652.51335954 0.00000000 0.45905303 0.72135007
222.20000000 1507.99512324 0.00000000 0.00000000 0.70029902
221.80000000 2652.51335954 0.00000000 0.44433172 0.68687068
427.30000000 220.70470069 0.48404395 0.47017087 0.49735794
427.30000000 220.89080150 0.48344900 0.47910510 0.47074173
304.80000000 2350.94506027 0.06515985 0.48874065 0.50865598
427.30000000 220.70470069 0.45328675 0.44141214 0.46388689
493.00000000 220.34106319 0.49091420 0.47350146 0.49268897
305.40000000 2723.53595885 0.00000000 0.40763656 0.45758080
493.00000000 221.12008092 0.45739069 0.46744968 0.45449031
306.20000000 2546.35461987 0.00000000 0.44145612 0.47204911
305.30000000 1465.41181909 0.03555689 0.46695886 0.46529822
306.20000000 2546.35461987 0.00000000 0.41540104 0.45237985
245.60000000 1780.39960114 0.00000000 0.17177528 0.98472552
246.10000000 1804.19085354 0.00000000 0.22431721 0.98375985
602.30000000 111.68732725 0.97820360 0.98128708 0.98147703
245.60000000 1780.39960114 0.00000000 0.16754710 0.95756364
246.30000000 1565.70963007 0.00000000 0.10258374 0.98698445
668.00000000 109.96456376 0.95048025 0.95960324 0.95011980
246.00000000 1568.91157345 0.00000000 0.09941197 0.95494010
668.00000000 110.79035478 0.98462953 0.98526990 0.98306938
602.30000000 109.50837003 0.95132383 0.95428468 0.95654628
668.00000000 110.79035478 0.95403947 0.95603130 0.95278070
646.00000000 130.25711386 0.62626750 0.63166368 0.62293233
646.00000000 129.93782674 0.60932919 0.61126228 0.60618334
379.80000000 1741.07044493 0.00000000 0.44949132 0.61841822
646.00000000 130.25711386 0.32953589 0.33929094 0.33853918
536.70000000 130.55714698 0.59272078 0.62085463 0.62341818
378.10000000 1525.30682425 0.03080781 0.34735294 0.32847141
536.70000000 131.14838925 0.33290321 0.30885538 0.33481376
380.20000000 1803.71102548 0.08487533 0.61662108 0.61042029
379.50000000 1756.64165780 0.00000000 0.25280881 0.33324509
380.20000000 1803.71102548 0.04858336 0.32603423 0.33402272
292.70000000 2629.74392727 0.00000000 0.10081076 0.11176842
292.30000000 2705.05207872 0.00000000 0.08903273 0.11470281
195.20000000 2315.41376057 0.00000000 0.02621501 0.11755870
292.70000000 2629.74392727 0.00000000 0.75699978 0.81551478
292.00000000 1598.64765224 0.00000000 0.02603714 0.10876420
194.60000000 1595.66193822 0.00000000 0.00000000 0.68395907
292.80000000 1500.96202374 0.00000000 0.17798948 0.82469299
194.80000000 1657.41831569 0.00000000 0.00000000 0.09440099
194.80000000 2157.05600476 0.00000000 0.19397506 0.82442569
194.80000000 1657.41831569 0.00000000 0.00000000 0.70169717
467.80000000 1750.30889066 0.00000000 0.82379979 0.85292759
467.30000000 1728.15862782 0.00000000 0.80032198 0.85729872
259.40000000 1423.72328281 0.00000000 0.06122113 0.86875505
467.80000000 1750.30889066 0.00000000 0.06631032 0.07961678
469.20000000 1840.90958232 0.23595306 0.85603501 0.85854019
259.60000000 1911.92924162 0.00000000 0.01873350 0.07798735
468.50000000 1865.94730315 0.01666819 0.09328479 0.07418212
259.30000000 1773.17994622 0.00000000 0.19703482 0.85418510
258.90000000 1007.87215430 0.00000000 0.00194138 0.08030471
259.30000000 1773.17994622 0.00000000 0.01458363 0.07394683
215.60000000 1727.30216590 0.00000000 0.05742074 0.34338970
215.60000000 1956.76236130 0.00000000 0.05928307 0.36311696
558.50000000 190.97808930 0.35742625 0.35604642 0.37060512
215.60000000 1727.30216590 0.00000000 0.08485355 0.54474440
215.20000000 2505.10253390 0.00000000 0.15013029 0.36512561
449.20000000 190.73899304 0.57276631 0.58609092 0.56074855
215.40000000 2569.09401382 0.00000000 0.24574180 0.58441506
449.20000000 191.74906711 0.36388812 0.33551957 0.35092902
558.50000000 190.37133285 0.59462575 0.56832148 0.57928796
449.20000000 191.74906711 0.56751402 0.57006817 0.58308407
380.90000000 1653.93099230 0.00000000 0.51207967 0.81869535
378.70000000 1643.90459297 0.00000000 0.51300504 0.82382977
342.40000000 1622.27847713 0.00000000 0.37171758 0.82003238
380.90000000 1653.93099230 0.00000000 0.41851198 0.67143695
380.10000000 2288.63935805 0.31802303 0.82124331 0.81844053
342.50000000 1821.04735758 0.09607021 0.67758728 0.66302410
379.60000000 2363.14327866 0.25553844 0.66732023 0.68788022
341.80000000 2249.99762882 0.11247468 0.81968989 0.81408338
343.00000000 1680.63665561 0.00000000 0.30541026 0.65075476
341.80000000 2249.99762882 0.08558970 0.67180721 0.65696226
194.20000000 1651.20057543 0.00000000 0.03262486 0.30925395
195.00000000 1659.92966462 0.00000000 0.03353469 0.31915578
185.10000000 1602.74458983 0.00000000 0.02413323 0.32608933
194.20000000 1651.20057543 0.00000000 0.01820278 0.14276682
194.40000000 1988.98057228 0.00000000 0.00000000 0.29938322
184.20000000 1812.81260387 0.00000000 0.00000000 0.13457649
194.90000000 1908.02754737 0.00000000 0.00000000 0.14337760
184.50000000 1969.99174171 0.00000000 0.00000000 0.28665754
184.20000000 1003.16878823 0.00000000 0.00644866 0.16278228
184.50000000 1969.99174171 0.00000000 0.00000000 0.14300667
605.00000000 200.48849732 0.56866470 0.57219838 0.55666744
605.10000000 201.35656087 0.56816647 0.54137688 0.57256000
242.10000000 1912.39451398 0.00000000 0.11484769 0.56684802
605.00000000 200.48849732 0.90740271 0.90417035 0.90503978
706.30000000 1464.46892645 0.52601377 0.56931716 0.56610545
241.70000000 1162.91505779 0.00000000 0.00000000 0.92925532
704.20000000 1458.44986376 0.82327433 0.90855617 0.90628153
241.50000000 949.64259637 0.00000000 0.00000000 0.57345634
242.00000000 1872.02107721 0.00000000 0.17301298 0.92163050
241.50000000 949.64259637 0.00000000 0.00000000 0.92499553
255.30000000 2777.00408989 0.00000000 0.05290604 0.07676436
254.70000000 3122.77356202 0.00000000 0.05293261 0.07438930
430.10000000 231.00775684 0.08157106 0.07178424 0.07026084
255.30000000 2777.00408989 0.00000000 0.32236913 0.41577897
255.10000000 2009.06122709 0.00000000 0.03049843 0.07467139
561.30000000 231.11334806 0.40817552 0.41427390 0.42258168
255.50000000 2076.61447149 0.00000000 0.14084930 0.41718612
561.40000000 231.51545980 0.06641129 0.06698187 0.06735725
430.10000000 230.10485495 0.42040363 0.41969020 0.39940684
561.40000000 231.51545980 0.42041237 0.40585784 0.41975088
473.80000000 110.82558621 0.42811455 0.45094111 0.43226120
473.80000000 109.96008364 0.43469271 0.44593841 0.44926420
438.00000000 2274.91848831 0.36104729 0.43508299 0.43764786
473.80000000 110.82558621 0.78480859 0.77775732 0.78912032
692.50000000 110.75064796 0.42407684 0.45403708 0.44847970
440.30000000 1713.25581020 0.00000000 0.73675567 0.79547034
692.60000000 110.43196071 0.80141153 0.79173504 0.78679206
439.00000000 1895.78277897 0.00000000 0.42820087 0.43646796
438.40000000 2228.31681080 0.64533332 0.80291481 0.77369094
439.00000000 1895.78277897 0.00000000 0.74948798 0.78663460
305.50000000 1799.07224452 0.00000000 0.41210194 0.95083518
304.90000000 1746.19658664 0.00000000 0.37560196 0.94948580
209.50000000 1820.80827959 0.00000000 0.00000000 0.95140785
305.50000000 1799.07224452 0.00000000 0.12480638 0.29043139
304.90000000 2173.80556379 0.00000000 0.74113075 0.95238486
210.10000000 2132.55714165 0.00000000 0.04758955 0.28784843
305.00000000 2146.18712771 0.00000000 0.21216395 0.29745927
209.20000000 2108.45196377 0.00000000 0.17995820 0.94991955
208.60000000 1868.19622896 0.00000000 0.00000000 0.29676101
209.20000000 2108.45196377 0.00000000 0.05968208 0.30580990
486.30000000 2017.10888516 0.12377398 0.19992887 0.19322670
485.10000000 2004.08041436 0.11028890 0.19741281 0.18611025
286.20000000 2020.14374305 0.00000000 0.09125265 0.19213100
486.30000000 2017.10888516 0.30998977 0.55246478 0.55022078
430.00000000 290.88172275 0.19723270 0.20016075 0.20864665
285.80000000 1900.03584116 0.00000000 0.55385849 0.53453086
430.00000000 291.14007142 0.54074984 0.54097479 0.53484416
286.70000000 1237.89675409 0.00000000 0.19333914 0.19706481
286.60000000 2062.57160036 0.00000000 0.29003656 0.54054562
286.70000000 1237.89675409 0.00000000 0.53833653 0.53146752
218.90000000 1720.47450740 0.00000000 0.00000000 0.65159705
219.20000000 1630.62414307 0.00000000 0.00000000 0.63792808
736.30000000 140.27977614 0.70060689 0.69379198 0.69155111
218.90000000 1720.47450740 0.00000000 0.00000000 0.03065228
218.80000000 1472.67191996 0.00000000 0.06264622 0.71287190
605.10000000 141.12732797 0.03447413 0.04153286 0.04020241
219.00000000 1615.21072152 0.00000000 0.00146045 0.04239420
605.10000000 140.57927501 0.70273434 0.70696622 0.69720989
736.30000000 140.99584378 0.03380375 0.04288377 0.03837369
605.10000000 140.57927501 0.04102469 0.04314418 0.03349828
585.20000000 1763.53702212 0.10225069 0.14170160 0.13789542
585.20000000 1763.53702212 0.10225069 0.14170160 0.13789542
627.00000000 191.19941620 0.13104473 0.15042612 0.12685478
585.20000000 1763.53702212 0.70200914 0.87426828 0.84958155
585.20000000 1706.19058161 0.07968728 0.12608325 0.14131247
670.60000000 191.55406503 0.84268925 0.84218819 0.84887291
585.20000000 1706.19058161 0.52379467 0.84522649 0.84122033
670.60000000 191.55406503 0.12515318 0.13806355 0.13178589
627.00000000 191.19941620 0.86193273 0.84484409 0.84726585
670.60000000 191.55406503 0.84268925 0.84218819 0.84887291
237.60000000 2496.44660331 0.00000000 0.36718764 0.62707769
237.60000000 2496.44660331 0.00000000 0.36718764 0.62707769
260.70000000 2513.46352697 0.00000000 0.50566847 0.63441605
237.60000000 2496.44660331 0.00000000 0.20506529 0.35737357
238.40000000 2272.42410522 0.00000000 0.29819134 0.63649787
259.60000000 2305.05316885 0.00000000 0.19140420 0.36791550
238.40000000 2272.42410522 0.00000000 0.15716117 0.34517499
259.60000000 2305.05316885 0.00000000 0.35679593 0.64822578
260.70000000 2513.46352697 0.00000000 0.29381553 0.34710893
259.60000000 2305.05316885 0.00000000 0.19140420 0.36791550
334.20000000 1589.74944556 0.00000000 0.17001215 0.37672117
334.20000000 1589.74944556 0.00000000 0.17001215 0.37672117
196.80000000 1749.27124589 0.00000000 0.00000000 0.31123633
334.20000000 1589.74944556 0.00000000 0.26581842 0.61007296
333.90000000 2764.82876733 0.15424166 0.38809450 0.40056215
198.10000000 2791.67647552 0.00000000 0.27483138 0.60039141
333.90000000 2764.82876733 0.24403313 0.61968105 0.60534252
198.10000000 2791.67647552 0.00000000 0.18083554 0.36589327
196.80000000 1749.27124589 0.00000000 0.00000000 0.48093908
198.10000000 2791.67647552 0.00000000 0.27483138 0.60039141
182.40000000 595.82938499 0.00000000 0.00000000 0.88121993
182.40000000 595.82938499 0.00000000 0.00000000 0.88121993
389.80000000 1918.26516950 0.12413758 0.89115628 0.87758578
182.40000000 595.82938499 0.00000000 0.00000000 0.10604177
181.60000000 2276.57565354 0.00000000 0.00000000 0.86561261
389.70000000 1011.91145932 0.00000000 0.11231804 0.10330839
181.60000000 2276.57565354 0.00000000 0.00000000 0.10029872
389.70000000 1011.91145932 0.00000000 0.87722311 0.88732595
389.80000000 1918.26516950 0.01508911 0.09409202 0.10522603
389.70000000 1011.91145932 0.00000000 0.11231804 0.10330839
425.80000000 2263.52077758 0.29306415 0.50481102 0.50244135
425.80000000 2263.52077758 0.29306415 0.50481102 0.50244135
495.60000000 100.95043184 0.54044010 0.49448948 0.50584822
425.80000000 2263.52077758 0.42481642 0.72049883 0.71725466
425.70000000 2228.89252527 0.44212474 0.51861541 0.51156111
451.90000000 100.83745335 0.72635392 0.70988831 0.73845443
425.70000000 2228.89252527 0.62771158 0.72909158 0.73668439
451.90000000 100.83745335 0.51591123 0.49362165 0.54449570
495.60000000 100.95043184 0.74923423 0.70844764 0.72382912
451.90000000 100.83745335 0.72635392 0.70988831 0.73845443
206.30000000 1897.25004657 0.00000000 0.00000000 0.00886095
206.30000000 1897.25004657 0.00000000 0.00000000 0.00886095
313.60000000 1696.96234964 0.00000000 0.00318182 0.00863046
206.30000000 1897.25004657 0.00000000 0.00000000 0.21552614
205.90000000 837.76325908 0.00000000 0.00000000 0.00584952
312.30000000 1818.03879719 0.00000000 0.11322985 0.21789553
205.90000000 837.76325908 0.00000000 0.00000000 0.22693802
312.30000000 1818.03879719 0.00000000 0.00489568 0.00797190
313.60000000 1696.96234964 0.00000000 0.09652132 0.23423585
312.30000000 1818.03879719 0.00000000 0.11322985 0.21789553
408.20000000 160.82256154 0.76211862 0.76082787 0.75043766
408.20000000 160.82256154 0.76211862 0.76082787 0.75043766
222.20000000 2716.84407934 0.00000000 0.46327545 0.76692477
408.20000000 160.82256154 0.98184416 0.98136402 0.96913464
714.40000000 161.43129481 0.76679495 0.77663251 0.76377943
223.20000000 1860.28832364 0.00000000 0.00000000 0.93886696
714.40000000 161.43129481 0.97341465 0.97561246 0.97963479
223.20000000 1860.28832364 0.00000000 0.00000000 0.73062265
222.20000000 2716.84407934 0.00000000 0.58956940 0.97773596
223.20000000 1860.28832364 0.00000000 0.00000000 0.93886696
275.20000000 1940.82562801 0.00000000 0.11252210 0.26100016
275.20000000 1940.82562801 0.00000000 0.11252210 0.26100016
502.40000000 1928.41677431 0.15135169 0.24753990 0.26944291
275.20000000 1940.82562801 0.00000000 0.19438259 0.48902010
274.80000000 2086.01804876 0.00000000 0.12981527 0.25081632
501.50000000 1984.99012285 0.38428234 0.47057953 0.47051164
274.80000000 2086.01804876 0.00000000 0.23898017 0.45428625
501.50000000 1984.99012285 0.20621916 0.26541836 0.25516753
502.40000000 1928.41677431 0.26318516 0.45774933 0.48120791
501.50000000 1984.99012285 0.38428234 0.47057953 0.47051164
572.20000000 181.99743017 0.67263919 0.67745079 0.65485277
572.20000000 181.01964232 0.65400919 0.66851426 0.66827943
298.60000000 1959.04668939 0.00000000 0.37889915 0.66013105
572.20000000 181.99743017 0.12651367 0.13989299 0.14066281
725.30000000 181.88765231 0.66283723 0.67283491 0.66233373
298.50000000 1511.34658141 0.00000000 0.02576353 0.12729545
725.50000000 181.52128267 0.11959876 0.13736708 0.14158394
298.30000000 1611.12184561 0.00000000 0.15084491 0.68200014
299.00000000 2021.93493687 0.00000000 0.08148958 0.13287515
298.30000000 1611.12184561 0.00000000 0.02601962 0.13309699
264.90000000 1100.47371133 0.00000000 0.00937328 0.15854650
264.80000000 1076.33797711 0.00000000 0.00755219 0.16868250
747.20000000 120.78857886 0.14707287 0.16015993 0.16194223
264.90000000 1100.47371133 0.00000000 0.03666219 0.63875788
264.90000000 2110.99944930 0.00000000 0.06772655 0.15543930
550.30000000 120.84577194 0.63464338 0.63707194 0.62701083
263.70000000 2075.43519850 0.00000000 0.27752262 0.65944173
550.40000000 120.33332410 0.16426662 0.17251285 0.17281357
747.30000000 120.43861581 0.65027480 0.63438800 0.63976251
550.40000000 120.33332410 0.63086727 0.64515109 0.63741053
401.40000000 2322.85831622 0.42682397 0.91327019 0.91176903
401.00000000 2319.29157485 0.42422184 0.90624368 0.92052760
468.50000000 1598.51582433 0.90314899 0.90798542 0.90899185
401.40000000 2322.85831622 0.18308944 0.39573679 0.40457706
400.40000000 2408.81191167 0.54998734 0.92263177 0.91222546
462.80000000 313.42088947 0.38931144 0.37164444 0.39110380
402.00000000 2420.98169729 0.24953241 0.35064693 0.39939283
463.00000000 313.38982113 0.91769809 0.90797986 0.91265318
469.20000000 1659.12900432 0.38494543 0.39668906 0.38704183
463.00000000 313.38982113 0.40279821 0.40409885 0.38554098
200.10000000 1943.29633217 0.00000000 0.00000000 0.40891041
200.80000000 1950.79015028 0.00000000 0.00000000 0.41678655
215.90000000 910.34068964 0.00000000 0.00000000 0.42583683
200.10000000 1943.29633217 0.00000000 0.00000000 0.85025306
200.20000000 2099.07509898 0.00000000 0.00000000 0.40327256
215.90000000 688.94408366 0.00000000 0.01148557 0.89164039
200.00000000 1837.32089573 0.00000000 0.00000000 0.88155108
215.70000000 844.21675569 0.00000000 0.00491133 0.40972958
216.00000000 997.60037683 0.00000000 0.00000000 0.87449411
215.70000000 844.21675569 0.00000000 0.01293206 0.87158575
319.60000000 1874.83600665 0.00000000 0.02397156 0.03872620
319.20000000 1869.17526436 0.00000000 0.01903713 0.04228110
250.80000000 1754.71110425 0.00000000 0.00751601 0.04315709
319.60000000 1874.83600665 0.00000000 0.15516039 0.25947337
319.50000000 2518.60086748 0.01159100 0.04155076 0.03552010
250.40000000 2804.73124675 0.00000000 0.21570768 0.25847366
317.50000000 2578.74166584 0.07217937 0.26549290 0.25418751
250.80000000 2793.63063231 0.00000000 0.02918572 0.03524280
250.60000000 1912.48662309 0.00000000 0.05300329 0.28422136
250.80000000 2793.63063231 0.00000000 0.20865489 0.26045612
178.00000000 2388.14442825 0.00000000 0.08817091 0.54114120
177.30000000 2276.03288552 0.00000000 0.10319565 0.54516417
441.00000000 211.12986787 0.54384510 0.55566473 0.53444349
178.00000000 2388.14442825 0.00000000 0.13248195 0.75931544
177.40000000 2197.36187591 0.00000000 0.00000000 0.48510676
594.10000000 210.60598781 0.76346917 0.77146721 0.76507913
176.80000000 2097.59586761 0.00000000 0.00000000 0.67510773
594.20000000 211.24449911 0.52673011 0.51564912 0.53984548
441.00000000 211.22824366 0.76269041 0.73511555 0.77385242
594.20000000 211.24449911 0.76270838 0.75113255 0.76731522
540.70000000 1661.04295917 0.07702092 0.28868969 0.28989370
540.90000000 1660.93978834 0.07946643 0.29712464 0.28357250
369.80000000 1606.68035601 0.00000000 0.17123756 0.29996989
540.70000000 1661.04295917 0.00256940 0.00599954 0.00792482
540.60000000 1720.05530084 0.11503817 0.27616588 0.29028644
369.80000000 1671.38286006 0.00000000 0.00360278 0.00654401
541.90000000 1692.41193824 0.00229053 0.00777569 0.00939972
369.00000000 1674.69429118 0.00000000 0.18037078 0.30679631
370.20000000 1617.78305560 0.00000000 0.00127123 0.00819265
369.00000000 1674.69429118 0.00000000 0.00371881 0.00567819
230.00000000 2104.54571010 0.00000000 0.22904659 0.79266552
230.60000000 2118.08272146 0.00000000 0.24053813 0.79923899
191.90000000 1397.77954313 0.00000000 0.07151859 0.78535321
230.00000000 2104.54571010 0.00000000 0.15252137 0.50911328
230.40000000 2248.99331235 0.00000000 0.29573932 0.77689215
192.00000000 1653.22416368 0.00000000 0.05661616 0.49983419
230.10000000 2265.67805077 0.00000000 0.17814646 0.53073323
191.80000000 1894.34165493 0.00000000 0.07894682 0.79938026
191.80000000 1361.46192525 0.00000000 0.04082699 0.51127504
191.80000000 1894.34165493 0.00000000 0.04992243 0.50104159
419.10000000 311.68885874 0.35917659 0.34997388 0.35072422
419.10000000 311.56513814 0.35828978 0.36300163 0.35730921
202.40000000 2593.32283348 0.00000000 0.14472332 0.36806367
419.10000000 311.68885874 0.32936803 0.30984386 0.32178039
441.10000000 315.60091374 0.37436730 0.37270958 0.34574014
203.10000000 2513.57076426 0.00000000 0.12582850 0.31377091
441.00000000 317.51270365 0.33862485 0.32565562 0.32590537
203.50000000 2503.99138161 0.00000000 0.12979467 0.35634922
202.90000000 2605.18471066 0.00000000 0.14114194 0.32799128
203.50000000 2503.99138161 0.00000000 0.11220744 0.32541740
212.40000000 1597.13294882 0.00000000 0.06565330 0.84344895
213.00000000 1695.02526602 0.00000000 0.06670688 0.85917213
413.40000000 1474.86504077 0.07235182 0.84998578 0.85289912
212.40000000 1597.13294882 0.00000000 0.06230105 0.80716402
212.00000000 1022.51575418 0.00000000 0.04104076 0.85705296
414.10000000 731.35936853 0.00622746 0.82448044 0.81910203
212.40000000 668.69328422 0.00000000 0.01047853 0.82460726
414.20000000 605.60463203 0.00386523 0.85009386 0.85659148
413.40000000 1711.52203890 0.08025663 0.81097529 0.82056964
414.20000000 605.60463203 0.00386523 0.82195214 0.83326643
506.60000000 130.35766953 0.10596630 0.10795531 0.09304877
506.60000000 130.44114378 0.10465333 0.11659678 0.10293395
506.60000000 170.46292258 0.10959324 0.10681685 0.10419072
506.60000000 130.35766953 0.07787762 0.07243232 0.06816699
703.50000000 130.16209835 0.09964169 0.10399920 0.09508129
703.50000000 170.45065993 0.06620131 0.06391226 0.07763649
703.50000000 130.24568912 0.07028183 0.07589598 0.07691617
703.50000000 169.90526925 0.09307927 0.09945452 0.09720165
506.60000000 170.85455515 0.07659687 0.08274719 0.07604056
703.50000000 169.90526925 0.06302489 0.06915102 0.06809688
292.00000000 1682.92221447 0.00000000 0.16793273 0.61650130
291.80000000 1666.92989080 0.00000000 0.16550255 0.60695084
269.60000000 1657.18118061 0.00000000 0.09792035 0.59358288
292.00000000 1682.92221447 0.00000000 0.16025089 0.58273547
291.70000000 2144.20782762 0.00000000 0.35982422 0.59888096
269.20000000 2134.38750904 0.00000000 0.29346753 0.55917252
292.50000000 2128.21778773 0.00000000 0.37133299 0.57195380
269.90000000 2133.64567167 0.00000000 0.30205891 0.59986402
269.70000000 1554.50721504 0.00000000 0.09754838 0.57385339
269.90000000 2133.64567167 0.00000000 0.28709285 0.57286063
638.30000000 1560.99253493 0.62181744 0.97542249 0.97752569
640.60000000 1561.24804353 0.62774798 0.97605238 0.97808958
179.40000000 1570.59819265 0.00000000 0.00000000 0.69961400
638.30000000 1560.99253493 0.13256468 0.19227707 0.20782585
641.10000000 1509.06670083 0.55044822 0.97466554 0.97483271
180.10000000 1529.64897719 0.00000000 0.00000000 0.15834585
638.80000000 1494.25618857 0.11156702 0.19334174 0.19776362
180.20000000 1528.65450882 0.00000000 0.00000000 0.70281568
180.10000000 1574.55420481 0.00000000 0.00000000 0.12988404
180.20000000 1528.65450882 0.00000000 0.00000000 0.14377310
246.40000000 2038.21552318 0.00000000 0.14872692 0.46724096
246.60000000 2110.56939868 0.00000000 0.16133524 0.47488673
326.40000000 2118.71488631 0.00000000 0.37724461 0.47102476
246.40000000 2038.21552318 0.00000000 0.22007253 0.69854365
246.80000000 2004.89937679 0.00000000 0.13375953 0.49065001
326.30000000 1965.32734444 0.00000000 0.50607627 0.71513976
246.20000000 2098.66895101 0.00000000 0.19816758 0.70152287
325.80000000 1965.72904449 0.00000000 0.33032308 0.45715628
328.00000000 2048.57499595 0.00000000 0.53378477 0.69758495
325.80000000 1965.72904449 0.00000000 0.47891718 0.68974061
351.00000000 1770.84148988 0.00000000 0.46649008 0.71683983
351.40000000 1785.88601768 0.00000000 0.47855367 0.73701871
563.30000000 1772.38692667 0.47108044 0.73087942 0.72265424
351.00000000 1770.84148988 0.00000000 0.29042847 0.45890430
350.90000000 2085.87673131 0.11596451 0.73943535 0.73985356
484.80000000 251.73340402 0.44402426 0.44717174 0.45921309
350.80000000 2113.95617652 0.07987306 0.46010595 0.46096066
484.70000000 251.19292322 0.72487487 0.73490113 0.73674710
562.10000000 1766.44742114 0.30150495 0.45721003 0.44450049
484.70000000 251.19292322 0.44112491 0.43299043 0.44304171
187.20000000 2261.95559949 0.00000000 0.04240095 0.24076264
186.30000000 1953.48645633 0.00000000 0.03562759 0.22299975
233.80000000 2457.42558512 0.00000000 0.10884311 0.24126435
187.20000000 2261.95559949 0.00000000 0.17630198 0.95056689
187.00000000 1892.59538077 0.00000000 0.00000000 0.19734728
233.70000000 867.81458344 0.00000000 0.04048136 0.94304745
187.00000000 1859.92827478 0.00000000 0.00000000 0.79447770
233.80000000 1166.77380858 0.00000000 0.01395913 0.21973554
233.70000000 2418.57413250 0.00000000 0.46270420 0.93278579
233.80000000 1166.77380858 0.00000000 0.05982616 0.93696399
523.10000000 191.14030840 0.39099352 0.39681643 0.39568957
523.00000000 190.00600548 0.39690002 0.41140231 0.38896377
264.30000000 2143.50788126 0.00000000 0.21475686 0.38697346
523.10000000 191.14030840 0.39099352 0.39681643 0.39568957
610.50000000 191.02704001 0.39266518 0.40714196 0.40854053
264.60000000 1856.75861671 0.00000000 0.10308214 0.39661682
610.50000000 190.65058576 0.40564490 0.40979363 0.39905627
265.70000000 1875.51545323 0.00000000 0.11684505 0.41512106
265.20000000 2193.94706568 0.00000000 0.21006075 0.40217627
265.70000000 1875.51545323 0.00000000 0.11684505 0.41512106
259.60000000 1434.30737688 0.00000000 0.08751635 0.89871414
260.20000000 1388.06069252 0.00000000 0.08862385 0.89234349
698.00000000 180.43073915 0.89458218 0.90441457 0.89079395
259.60000000 1434.30737688 0.00000000 0.08751635 0.89871414
260.40000000 2731.56135202 0.00000000 0.71755967 0.89758333
435.50000000 181.12168229 0.89506377 0.90787276 0.89424175
259.40000000 2748.91713833 0.00000000 0.70857170 0.90665189
435.60000000 180.60102599 0.89430675 0.89886860 0.90005760
698.00000000 180.73350761 0.89761827 0.89989862 0.90367061
435.60000000 180.60102599 0.89430675 0.89886860 0.90005760
391.40000000 2506.19100788 0.10987982 0.14748413 0.15571233
389.90000000 2476.00312031 0.10393096 0.14513340 0.15924511
401.60000000 2400.56288979 0.12463905 0.15075040 0.14900641
391.40000000 2506.19100788 0.10987982 0.14748413 0.15571233
390.10000000 2018.58240767 0.03368645 0.15311801 0.14918999
401.70000000 2176.18113748 0.04549393 0.14949852 0.15927374
389.50000000 2074.94228205 0.02904401 0.14374092 0.16017732
401.60000000 2105.87303703 0.03687089 0.13965525 0.15177434
400.40000000 2399.80447631 0.12445833 0.14670400 0.14851337
401.60000000 2105.87303703 0.03687089 0.13965525 0.15177434
197.90000000 1956.54628075 0.00000000 0.00000000 0.64270992
197.40000000 1716.40110585 0.00000000 0.00000000 0.66062703
199.70000000 735.90362892 0.00000000 0.00000000 0.63955573
197.90000000 1956.54628075 0.00000000 0.00000000 0.64270992
197.10000000 1707.75175887 0.00000000 0.00000000 0.56202542
200.10000000 1781.78439347 0.00000000 0.00000000 0.59183911
198.00000000 1778.76180922 0.00000000 0.00000000 0.57783958
200.10000000 1676.65693017 0.00000000 0.00000000 0.56802766
200.40000000 1365.70394087 0.00000000 0.00000000 0.65720068
200.10000000 1676.65693017 0.00000000 0.00000000 0.56802766
502.80000000 1743.00518644 0.23279372 0.76597682 0.77337674
501.80000000 1679.35079957 0.22857099 0.75549831 0.78169843
229.70000000 826.83304222 0.00000000 0.02419974 0.78631052
502.80000000 1743.00518644 0.00608759 0.02117995 0.02119977
502.20000000 1976.55472346 0.51865059 0.77817250 0.77134262
229.50000000 1991.13798182 0.00000000 0.00566509 0.02174373
502.40000000 2002.13638431 0.01684349 0.02295813 0.02124714
229.70000000 1923.56655665 0.00000000 0.16397709 0.77702150
229.70000000 1209.31870703 0.00000000 0.00081967 0.02418543
229.70000000 1923.56655665 0.00000000 0.00616682 0.02814850
222.00000000 2360.54920630 0.00000000 0.12012278 0.27882247
221.90000000 2357.55348208 0.00000000 0.10281244 0.27622124
479.30000000 261.52642760 0.25930600 0.28000685 0.28025473
222.00000000 2360.54920630 0.00000000 0.21564962 0.53177491
222.40000000 1682.38004155 0.00000000 0.00000000 0.27051068
540.80000000 1502.57371531 0.10912811 0.51936271 0.52119691
222.20000000 1753.57124752 0.00000000 0.00000000 0.48565684
540.90000000 1517.08089820 0.05245417 0.25957974 0.26803073
479.30000000 260.00684398 0.52845142 0.51487940 0.53104814
540.90000000 1517.08089820 0.09816161 0.51075819 0.50953618
741.80000000 101.14394007 0.52363779 0.52743514 0.51509712
741.80000000 101.31847980 0.51641075 0.53153201 0.53389329
319.30000000 1537.21079415 0.00000000 0.13556912 0.51802796
741.80000000 101.14394007 0.28136051 0.28904737 0.26756993
654.30000000 100.75311701 0.53162224 0.51719730 0.52143982
318.40000000 1756.62637276 0.00000000 0.12102060 0.27041120
654.20000000 99.89061215 0.27126973 0.27155331 0.28656072
317.90000000 1723.61826746 0.00000000 0.23266016 0.52540824
318.20000000 1539.44421619 0.00000000 0.07667975 0.28057255
317.90000000 1723.61826746 0.00000000 0.12778559 0.27699858
312.10000000 1971.77415475 0.00000000 0.01622642 0.01878613
311.60000000 2016.07968512 0.00000000 0.01832752 0.02167732
177.10000000 2104.10503300 0.00000000 0.00000000 0.01802954
312.10000000 1971.77415475 0.00000000 0.47962412 0.78892931
312.30000000 2355.47171052 0.00000000 0.02065957 0.02692208
177.70000000 1842.19577186 0.00000000 0.09523566 0.76500412
312.00000000 2223.67877000 0.00000000 0.77338935 0.77794042
177.30000000 1678.82407926 0.00000000 0.00192370 0.02000151
177.90000000 2346.13625368 0.00000000 0.00000000 0.76352985
177.30000000 1678.82407926 0.00000000 0.06808709 0.77127783
342.20000000 2352.65600394 0.14223843 0.57936824 0.58938195
342.10000000 2226.33746069 0.13339723 0.58743842 0.59410490
211.90000000 2375.83079135 0.00000000 0.20985554 0.57795740
342.20000000 2352.65600394 0.02299693 0.07939405 0.08516424
341.80000000 2298.25792715 0.00000000 0.51016025 0.58947084
212.20000000 1772.44732723 0.00000000 0.01387014 0.07935484
342.70000000 2252.39012931 0.00000000 0.08588058 0.09115880
211.70000000 1886.36659977 0.00000000 0.09415448 0.57929624
212.70000000 2405.37388340 0.00000000 0.03682770 0.08120741
211.70000000 1886.36659977 0.00000000 0.01312814 0.08534422
184.70000000 2075.08671484 0.00000000 0.00000000 0.06727935
184.30000000 1946.84768966 0.00000000 0.00000000 0.07696272
454.40000000 1738.99333288 0.00959225 0.08636583 0.07796081
184.70000000 2075.08671484 0.00000000 0.00000000 0.54272054
184.40000000 1571.60952231 0.00000000 0.00000000 0.06414065
452.50000000 1692.98605446 0.00000000 0.54686450 0.58016827
184.90000000 1580.30534679 0.00000000 0.00000000 0.46415916
453.20000000 1659.22684344 0.00000000 0.08167257 0.09463986
453.90000000 1709.54657669 0.08735053 0.60758127 0.58594005
453.20000000 1659.22684344 0.00000000 0.53696432 0.58702612
544.90000000 230.04073168 0.83964040 0.83086081 0.85568775
544.90000000 230.82517906 0.82758508 0.82866836 0.84599047
544.90000000 130.79260722 0.82825919 0.85338611 0.83557382
544.90000000 230.04073168 0.32895360 0.34592124 0.34590372
611.30000000 1492.86355454 0.79762367 0.81946431 0.84849349
632.40000000 129.84965930 0.34198150 0.33508885 0.33798855
613.20000000 1454.92118614 0.31132470 0.32810179 0.36194729
632.40000000 131.27096145 0.85557672 0.84248672 0.84789713
544.90000000 131.32786179 0.34970480 0.33781728 0.33825217
632.40000000 131.27096145 0.34653111 0.32906910 0.33519548
242.50000000 879.39032826 0.00000000 0.00000000 0.34810698
241.50000000 722.42758102 0.00000000 0.00077220 0.32927940
292.70000000 1549.04840840 0.00000000 0.07100507 0.33192312
242.50000000 879.39032826 0.00000000 0.00000000 0.83924975
241.30000000 2440.02303702 0.00000000 0.18880340 0.34299639
291.80000000 2745.01187525 0.00000000 0.79531352 0.84182649
241.60000000 2389.88231946 0.00000000 0.45480757 0.82853465
291.60000000 2855.02138563 0.00000000 0.32892007 0.33732533
292.80000000 1585.23734502 0.00000000 0.19329419 0.83766869
291.60000000 2855.02138563 0.00000000 0.79788516 0.83110466
676.10000000 140.90496333 0.22583418 0.19020499 0.20296662
676.20000000 140.46745870 0.21665842 0.20757146 0.20887906
187.10000000 1807.42697553 0.00000000 0.00000000 0.16529181
676.10000000 140.90496333 0.47360883 0.45370306 0.43796395
588.70000000 141.10156551 0.19754387 0.21188881 0.20608359
187.10000000 2043.61507570 0.00000000 0.00000000 0.49086240
588.70000000 140.93729179 0.43563727 0.46646422 0.45643143
186.50000000 1636.75988613 0.00000000 0.00000000 0.22428847
187.00000000 1677.36148269 0.00000000 0.00000000 0.37879787
186.50000000 1636.75988613 0.00000000 0.00000000 0.47348042
286.60000000 2268.05417089 0.00000000 0.51335675 0.68150214
285.80000000 2248.73831295 0.00000000 0.51414051 0.72107115
351.30000000 1874.66552053 0.06524752 0.71578748 0.72499667
286.60000000 2268.05417089 0.00000000 0.69862365 0.95616205
286.10000000 2258.20782308 0.07052476 0.72785496 0.70339553
351.20000000 2671.60371287 0.53646140 0.96418184 0.97520736
286.80000000 2148.23546695 0.09221560 0.95060909 0.95978288
350.40000000 2681.04809487 0.41118663 0.70525771 0.71456172
350.90000000 1684.12589430 0.09285466 0.97054936 0.95896169
350.40000000 2681.04809487 0.53871424 0.95716269 0.96766049
438.20000000 1889.76207597 0.10463639 0.45607343 0.47038930
438.70000000 1912.49593598 0.11139248 0.45296463 0.46159112
588.60000000 221.54303407 0.46197843 0.47478054 0.46836355
438.20000000 1889.76207597 0.05263203 0.21447239 0.21097906
440.20000000 2241.01805232 0.28972427 0.48060817 0.44806744
501.10000000 221.31619203 0.20784885 0.20128859 0.20691863
439.40000000 2235.50279367 0.12155168 0.21737434 0.20899756
501.20000000 220.95288081 0.45157880 0.47289462 0.46404199
588.60000000 221.23188937 0.20653566 0.20937522 0.21616764
501.20000000 220.95288081 0.22329629 0.20574869 0.21673313
209.10000000 2679.10703021 0.00000000 0.48557423 0.96316971
209.50000000 2684.61638769 0.00000000 0.49353448 0.96428267
245.60000000 2958.09031226 0.00000000 0.78811762 0.95422908
209.10000000 2679.10703021 0.00000000 0.36193548 0.72822646
209.50000000 1965.95060055 0.00000000 0.00000000 0.94313316
245.90000000 1221.75593419 0.00000000 0.04424813 0.69961830
208.60000000 1961.74153389 0.00000000 0.00000000 0.68503527
245.50000000 1420.78853099 0.00000000 0.08866154 0.95948355
246.00000000 2882.43885663 0.00000000 0.57277838 0.70811346
245.50000000 1420.78853099 0.00000000 0.06514120 0.71134124
412.90000000 1562.48663136 0.00000000 0.08182371 0.11416516
412.30000000 1551.45071559 0.00000000 0.08591587 0.11833601
379.60000000 1562.35613233 0.00000000 0.06773608 0.12033501
412.90000000 1562.48663136 0.00000000 0.62603458 0.93043567
413.40000000 2278.90379330 0.06154132 0.12483986 0.11542184
379.50000000 2093.01789895 0.26417330 0.92877411 0.92697291
413.30000000 2292.10064048 0.48843824 0.92606614 0.92281339
380.70000000 2386.71862867 0.04000974 0.11316768 0.12205158
379.50000000 1553.18590504 0.00000000 0.51530992 0.92074263
380.70000000 2386.71862867 0.30989959 0.92490890 0.92364411
202.90000000 1697.32552786 0.00000000 0.06016086 0.62640716
202.90000000 1541.16408937 0.00000000 0.07061411 0.62479385
194.20000000 1045.90900825 0.00000000 0.02378717 0.62016250
202.90000000 1697.32552786 0.00000000 0.04622478 0.43515956
203.00000000 1958.13147445 0.00000000 0.00000000 0.61550363
195.10000000 1928.92010789 0.00000000 0.00000000 0.38831588
203.20000000 1984.60931450 0.00000000 0.00000000 0.42945989
194.60000000 1885.41245926 0.00000000 0.00000000 0.56963631
194.90000000 847.98018762 0.00000000 0.01432463 0.44079750
194.60000000 1885.41245926 0.00000000 0.00000000 0.39428680
643.30000000 170.35236177 0.38469278 0.37308974 0.36092230
643.30000000 170.94503502 0.36270554 0.36386231 0.35977751
255.20000000 1823.82772035 0.00000000 0.08364445 0.34901291
643.30000000 170.35236177 0.69543309 0.68806556 0.69798279
577.70000000 171.12637426 0.37683341 0.36753994 0.35537377
255.30000000 2023.74856135 0.00000000 0.23375727 0.69576595
577.70000000 171.15285190 0.70309462 0.67791630 0.68542114
254.60000000 1971.35141931 0.00000000 0.10614995 0.37229740
254.90000000 1736.62065076 0.00000000 0.11900486 0.67244952
254.60000000 1971.35141931 0.00000000 0.21317491 0.68268525
269.40000000 2444.59024496 0.00000000 0.62339781 0.86773190
270.30000000 2417.72250919 0.00000000 0.60651610 0.87717697
468.40000000 201.41856700 0.85948717 0.85990520 0.87160469
269.40000000 2444.59024496 0.00000000 0.12923541 0.19334237
269.60000000 1111.91339342 0.00220059 0.85713546 0.87656655
402.70000000 200.63841266 0.16224667 0.18363282 0.17544161
269.90000000 937.38420665 0.00000000 0.18852698 0.15708125
402.80000000 202.29365900 0.86833925 0.84984290 0.87602975
468.30000000 200.27710133 0.20196719 0.18128727 0.19072600
402.80000000 202.29365900 0.19049127 0.18329737 0.18696506
424.60000000 251.80420184 0.74010419 0.72899113 0.74875775
424.60000000 250.28046099 0.73867254 0.75098548 0.76150021
424.60000000 290.88762754 0.76156250 0.73450420 0.75173977
424.60000000 251.80420184 0.55597640 0.52989065 0.56077877
564.30000000 1813.09421598 0.53593949 0.72256174 0.74628621
485.00000000 1854.75687427 0.19198662 0.55866044 0.56543205
564.80000000 1806.90865478 0.40628061 0.56092130 0.56833159
485.70000000 1851.62413824 0.25457437 0.74415048 0.75212805
424.60000000 290.59566245 0.55737935 0.56722294 0.56374340
485.70000000 1851.62413824 0.19190904 0.54836163 0.57223674
234.10000000 1907.94203640 0.00000000 0.04577936 0.24894988
232.70000000 1760.22560630 0.00000000 0.04308527 0.24649319
219.10000000 1509.55664767 0.00000000 0.02530569 0.23544360
234.10000000 1907.94203640 0.00000000 0.01142856 0.06229309
233.20000000 2485.38156679 0.00000000 0.13620743 0.24210648
218.70000000 2568.86630479 0.00000000 0.01884207 0.05533273
233.30000000 2486.95959043 0.00000000 0.02995923 0.04955358
219.40000000 2432.72453328 0.00000000 0.11111971 0.25990410
218.70000000 1625.86992105 0.00000000 0.00761970 0.05445835
219.40000000 2432.72453328 0.00000000 0.02076283 0.06636925
326.80000000 2514.70966221 0.00000000 0.96647809 0.99109551
326.40000000 2518.73191818 0.00000000 0.95850445 0.99304092
305.40000000 2215.62504315 0.00000000 0.75412377 0.99081243
326.80000000 2514.70966221 0.00000000 0.78795933 0.80904428
326.10000000 2143.85427212 0.00000000 0.81798552 0.99285331
305.30000000 2081.44021377 0.00000000 0.55173738 0.80145232
327.00000000 2242.59448322 0.00000000 0.67765101 0.81638993
304.80000000 2124.48435477 0.00000000 0.70459578 0.99263352
304.60000000 2267.08434844 0.00000000 0.63526020 0.80839517
304.80000000 2124.48435477 0.00000000 0.56728305 0.82217027
179.60000000 1644.32619811 0.00000000 0.00000000 0.38569706
179.80000000 1658.82964541 0.00000000 0.00000000 0.39742376
687.00000000 111.23159874 0.47266830 0.50375257 0.50269462
179.60000000 1644.32619811 0.00000000 0.00000000 0.23510530
179.80000000 1592.57679791 0.00000000 0.00000000 0.37485183
708.90000000 111.28987872 0.32263133 0.31545496 0.30719458
179.60000000 1607.54658255 0.00000000 0.00000000 0.25731271
709.00000000 111.24779106 0.51653335 0.49351685 0.49988489
687.00000000 111.09738163 0.28721649 0.31197736 0.29676911
709.00000000 111.24779106 0.32078736 0.31290137 0.31389155
577.70000000 120.63562424 0.92772691 0.92440733 0.92385331
577.70000000 120.53345960 0.92901493 0.93164731 0.93695182
577.80000000 252.88836419 0.92612693 0.92787195 0.93089567
577.70000000 120.63562424 0.61888430 0.62146666 0.63514214
643.30000000 121.04743482 0.93196304 0.94087338 0.92530572
588.30000000 1755.28789751 0.46264263 0.63135589 0.62099205
643.30000000 121.50856267 0.62237256 0.61889060 0.62160401
587.40000000 1747.94471615 0.68640486 0.93449862 0.93901240
577.60000000 248.01681528 0.62616947 0.62810175 0.60131169
587.40000000 1747.94471615 0.44601795 0.62879950 0.64706639
299.10000000 2667.03519145 0.11012338 0.44266508 0.44264996
298.80000000 2586.56321547 0.09767352 0.45497926 0.43425953
237.50000000 2912.12412679 0.00000000 0.31382190 0.45193397
299.10000000 2667.03519145 0.03548091 0.11811433 0.12587076
298.70000000 2749.80245619 0.00000000 0.43743290 0.44021471
237.00000000 2431.49066792 0.00000000 0.06675864 0.11857485
297.80000000 2725.55189994 0.00000000 0.11090306 0.12022390
238.20000000 2398.45538020 0.00000000 0.22716240 0.45298366
238.20000000 3561.21616042 0.00000000 0.10517203 0.10919669
238.20000000 2398.45538020 0.00000000 0.07220393 0.11701138
468.80000000 1580.20904969 0.07554336 0.67218665 0.69355603
469.60000000 1573.67580382 0.06291680 0.67668259 0.67701353
182.30000000 1864.93448693 0.00000000 0.00000000 0.58159346
468.80000000 1580.20904969 0.10271873 0.86648127 0.87663116
468.70000000 2039.62703675 0.36196158 0.68736343 0.68543752
182.20000000 985.07128454 0.00000000 0.00000000 0.86177398
469.90000000 2028.99273922 0.46341092 0.87215984 0.88383764
182.40000000 1370.78822937 0.00000000 0.00000000 0.66462961
182.00000000 1753.82604001 0.00000000 0.00000000 0.72331006
182.40000000 1370.78822937 0.00000000 0.00000000 0.85424232
215.70000000 2291.03226928 0.00000000 0.06155241 0.20266335
214.90000000 2200.86495336 0.00000000 0.04913321 0.18864199
334.10000000 1115.47800046 0.00470024 0.18187302 0.18407790
215.70000000 2291.03226928 0.00000000 0.12172894 0.37763133
215.80000000 1698.46927772 0.00000000 0.00000000 0.15032119
334.80000000 1562.74417077 0.00000000 0.13752988 0.37278203
216.40000000 1759.37011056 0.00000000 0.00000000 0.35544458
335.90000000 1525.10344514 0.00000000 0.06588080 0.17729378
334.10000000 1137.45291278 0.01651660 0.34766459 0.38625883
335.90000000 1525.10344514 0.00000000 0.12646187 0.35692964
369.50000000 1355.96558077 0.01942968 0.31162059 0.30323219
369.20000000 1482.21969664 0.02591833 0.30741931 0.30578825
534.00000000 161.33588714 0.30093588 0.32659544 0.31483606
369.50000000 1355.96558077 0.06077078 0.99282408 0.98772740
369.90000000 1824.22305876 0.04050824 0.30562203 0.31602983
512.10000000 160.81660996 0.98668497 0.99348275 0.98964247
369.50000000 1961.62263271 0.15776976 0.99213528 0.98956469
512.00000000 160.92471573 0.28822304 0.31829999 0.32248992
534.00000000 160.42541981 0.99480839 0.98889791 0.98925565
512.00000000 160.92471573 0.99216777 0.99306758 0.98936452
192.70000000 1606.95680985 0.00000000 0.00000000 0.65542519
192.10000000 1595.77444904 0.00000000 0.00000000 0.64974046
274.40000000 1551.98786097 0.00000000 0.11669646 0.80536470
192.70000000 1606.95680985 0.00000000 0.00000000 0.40945692
191.90000000 1700.37606964 0.00000000 0.00000000 0.68941396
275.10000000 1537.90672428 0.00000000 0.09109966 0.49206404
192.60000000 1688.46368448 0.00000000 0.00000000 0.41788763
274.90000000 1617.01863702 0.00000000 0.15350858 0.80562974
275.10000000 1596.56669532 0.00000000 0.08186814 0.51228803
274.90000000 1617.01863702 0.00000000 0.09737370 0.49437142
446.50000000 211.22394696 0.05122395 0.06886384 0.05518285
446.40000000 210.55037514 0.05055362 0.04699411 0.06475749
206.50000000 2503.28232229 0.00000000 0.02076158 0.06167296
446.50000000 211.22394696 0.73992330 0.74070358 0.74018331
599.70000000 211.68273358 0.05064819 0.05009109 0.05167589
206.90000000 592.60796845 0.00000000 0.00492336 0.75493626
599.60000000 210.01183045 0.75080354 0.74336675 0.74210700
206.00000000 938.99948248 0.00000000 0.00147059 0.05054206
206.30000000 2499.25764402 0.00000000 0.27671161 0.74753383
206.00000000 938.99948248 0.00000000 0.01819849 0.74395966
250.20000000 1684.75190559 0.00000000 0.09894421 0.54680587
249.80000000 1778.88203681 0.00000000 0.12214328 0.55016266
425.10000000 1024.76634723 0.02371051 0.56165735 0.54442475
250.20000000 1684.75190559 0.00000000 0.04450874 0.24492128
250.70000000 2723.31328296 0.00000000 0.42865059 0.55201816
424.40000000 389.32975149 0.26478511 0.25414605 0.24018927
249.90000000 2750.29440098 0.00000000 0.20354195 0.23504874
425.30000000 350.57164502 0.55566711 0.56723551 0.54974695
423.90000000 994.51543217 0.00798054 0.23581125 0.24594052
425.30000000 350.57164502 0.24888150 0.24474541 0.24909759
