50.00000000 106.04925970
50.00000000 106.04925970
50.00000000 106.04925970
50.00000000 106.04925970
50.00000000 106.04925970
50.00000000 106.04925970
50.00000000 106.04925970
50.00000000 106.04925970
50.00000000 106.04925970
50.00000000 106.04925970
200.00000000 449.13458693
200.00000000 449.13458693
200.00000000 449.13458693
200.00000000 449.13458693
200.00000000 449.13458693
200.00000000 449.13458693
200.00000000 449.13458693
200.00000000 449.13458693
200.00000000 449.13458693
200.00000000 449.13458693
125.00000000 270.55232534
125.00000000 270.55232534
125.00000000 619.99620911
125.00000000 270.55232534
275.00000000 270.83735252
226.80000000 4120.77972702
275.00000000 270.83735252
226.80000000 4120.77972702
125.00000000 619.99620911
226.80000000 4120.77972702
226.50000000 4085.37270389
226.50000000 4085.37270389
275.00000000 270.44039505
226.50000000 4085.37270389
125.00000000 621.65030312
125.00000000 271.58765065
125.00000000 621.65030312
125.00000000 271.58765065
275.00000000 270.44039505
125.00000000 271.58765065
312.50000000 359.50089513
312.50000000 359.50089513
312.50000000 180.10041080
312.50000000 359.50089513
312.50000000 359.50089513
312.50000000 180.10041080
312.50000000 359.50089513
312.50000000 180.10041080
312.50000000 180.10041080
312.50000000 180.10041080
168.30000000 893.33377531
168.30000000 893.33377531
162.50000000 528.96926009
168.30000000 893.33377531
168.30000000 893.33377531
162.50000000 528.96926009
168.30000000 893.33377531
162.50000000 528.96926009
162.50000000 528.96926009
162.50000000 528.96926009
237.50000000 180.54419852
237.50000000 180.54419852
197.70000000 4774.35398424
237.50000000 180.54419852
87.50000000 179.05166292
87.50000000 710.76107628
87.50000000 179.05166292
87.50000000 710.76107628
197.70000000 4774.35398424
87.50000000 710.76107628
87.50000000 529.73179206
87.50000000 529.73179206
87.50000000 360.36377329
87.50000000 529.73179206
237.50000000 531.15878547
237.50000000 360.03738408
237.50000000 531.15878547
237.50000000 360.03738408
87.50000000 360.36377329
237.50000000 360.03738408
181.30000000 310.88278183
181.30000000 310.20386072
181.30000000 310.88278183
181.30000000 310.88278183
331.30000000 309.22746927
331.30000000 309.22746927
331.30000000 310.91581500
331.30000000 310.91581500
181.30000000 310.20386072
331.30000000 310.91581500
213.00000000 3430.96459894
212.20000000 3429.30894273
213.00000000 3430.96459894
213.00000000 3430.96459894
188.70000000 919.93813182
188.70000000 919.93813182
181.30000000 659.64883516
181.30000000 659.64883516
212.20000000 3429.30894273
181.30000000 659.64883516
106.30000000 139.59751115
106.30000000 140.37116726
106.30000000 492.81350320
106.30000000 139.59751115
106.30000000 139.59751115
106.30000000 492.81350320
106.30000000 140.37116726
106.30000000 489.37497215
106.30000000 489.37497215
106.30000000 489.37497215
256.30000000 490.99195229
256.30000000 491.49866465
256.30000000 140.28470509
256.30000000 490.99195229
256.30000000 490.99195229
256.30000000 140.28470509
256.30000000 491.49866465
256.30000000 141.76495344
256.30000000 141.76495344
256.30000000 141.76495344
218.80000000 229.71605899
218.80000000 231.09935679
218.80000000 399.12433659
218.80000000 229.71605899
68.80000000 228.59244489
68.80000000 400.54030006
68.80000000 230.25501401
68.80000000 402.75876690
218.80000000 402.07910774
68.80000000 402.75876690
68.80000000 581.98433443
68.80000000 579.15555327
68.80000000 748.26264092
68.80000000 581.98433443
229.10000000 1125.21061952
187.10000000 5181.96515615
218.80000000 579.50639676
187.20000000 4960.95925386
68.80000000 749.21508951
187.20000000 4960.95925386
293.80000000 401.72804151
293.80000000 399.88659955
242.30000000 3834.35625974
293.80000000 401.72804151
293.80000000 401.72804151
242.30000000 3834.35625974
293.80000000 399.88659955
242.30000000 3836.58952159
242.30000000 3836.58952159
242.30000000 3836.58952159
143.80000000 751.42506145
146.60000000 795.96121868
143.80000000 231.65679241
143.80000000 751.42506145
143.80000000 751.42506145
143.80000000 231.65679241
146.60000000 795.96121868
143.80000000 230.69305949
143.80000000 230.69305949
143.80000000 230.69305949
246.90000000 419.01449759
246.90000000 420.24132762
181.90000000 4596.20323039
246.90000000 419.01449759
303.10000000 420.50629574
181.80000000 3749.98522994
303.10000000 420.02445519
182.20000000 3757.19158701
182.40000000 4601.22326125
182.20000000 3757.19158701
96.90000000 767.74421376
96.90000000 767.76212424
96.90000000 420.90065200
96.90000000 767.74421376
161.20000000 1174.75333204
153.10000000 419.85954665
161.40000000 1196.39241567
153.10000000 420.37576896
96.90000000 419.98583965
153.10000000 420.37576896
321.80000000 251.47192000
321.80000000 251.61398515
321.80000000 251.47192000
321.80000000 251.47192000
78.10000000 249.55538091
78.10000000 249.55538091
78.10000000 252.67566572
78.10000000 252.67566572
321.80000000 251.61398515
78.10000000 252.67566572
171.90000000 599.27729458
171.90000000 601.35081000
171.90000000 599.27729458
171.90000000 599.27729458
228.20000000 603.55021469
228.20000000 603.55021469
228.10000000 605.22495525
228.10000000 605.22495525
171.90000000 601.35081000
228.10000000 605.22495525
134.40000000 162.22261388
134.40000000 161.28403892
134.40000000 689.86901196
134.40000000 162.22261388
115.60000000 162.83646476
115.60000000 690.47546818
115.60000000 160.98245003
115.60000000 692.22609613
134.40000000 690.94388722
115.60000000 692.22609613
274.60000000 3959.32080023
274.60000000 1921.38282968
284.40000000 341.40746968
274.60000000 3959.32080023
274.60000000 2545.00171785
265.60000000 342.46349289
265.50000000 513.86720115
265.60000000 341.23000258
284.40000000 340.64755405
265.60000000 341.23000258
59.40000000 337.75578122
59.40000000 338.73403955
59.40000000 158.29610169
59.40000000 337.75578122
340.60000000 340.63684880
340.60000000 160.66840066
340.60000000 341.90603182
340.60000000 161.44814196
59.40000000 163.07531939
340.60000000 161.44814196
203.10000000 2033.63176753
204.00000000 1955.40668529
209.40000000 511.44016822
203.10000000 2033.63176753
190.60000000 690.31070929
190.60000000 510.98534750
190.60000000 689.56954249
190.60000000 509.01394718
209.40000000 508.85978197
190.60000000 509.01394718
303.10000000 200.45167538
303.10000000 200.85554042
255.60000000 3711.91004620
303.10000000 200.45167538
96.90000000 202.03279595
96.90000000 549.55478075
96.90000000 198.64066617
96.90000000 552.20376166
255.30000000 3739.54269290
96.90000000 552.20376166
153.10000000 550.23316267
153.10000000 549.75776031
153.10000000 200.82955051
153.10000000 550.23316267
246.90000000 553.63023347
246.90000000 199.84584520
246.90000000 552.12474949
246.90000000 200.02348288
153.10000000 198.87837234
246.90000000 200.02348288
228.10000000 381.59332499
228.10000000 379.25245850
228.10000000 381.59332499
228.10000000 381.59332499
321.80000000 381.63415117
321.80000000 381.63415117
321.80000000 380.32022910
321.80000000 380.32022910
228.10000000 379.25245850
321.80000000 380.32022910
78.10000000 729.16409350
78.10000000 730.55628421
78.10000000 729.16409350
78.10000000 729.16409350
171.90000000 729.45860439
171.90000000 729.45860439
183.90000000 1788.18695905
183.90000000 1788.18695905
78.10000000 730.55628421
183.90000000 1788.18695905
115.60000000 291.93028338
115.60000000 288.21708440
115.60000000 471.82884336
115.60000000 291.93028338
284.40000000 289.28123688
284.40000000 471.56537067
284.40000000 291.36988331
284.40000000 472.08978295
115.60000000 471.32657303
284.40000000 472.08978295
219.40000000 4264.62466517
219.40000000 4228.61624527
265.60000000 122.29560767
219.40000000 4264.62466517
134.40000000 639.41697907
134.40000000 120.33457683
134.40000000 640.69183032
134.40000000 120.93962452
265.60000000 119.88154446
134.40000000 120.93962452
190.60000000 120.43780279
190.60000000 120.77411202
190.60000000 289.39328482
190.60000000 120.43780279
59.40000000 118.34203717
59.40000000 291.98302844
59.40000000 119.12038902
59.40000000 291.58794175
190.60000000 289.99983094
59.40000000 291.58794175
298.20000000 3294.98631055
297.40000000 3350.20456252
218.90000000 3336.73151674
298.20000000 3294.98631055
209.40000000 470.03429938
209.40000000 642.19732742
209.40000000 471.85686034
219.40000000 3195.98611128
219.40000000 3433.07292385
219.40000000 3195.98611128
214.00000000 280.70928063
214.00000000 280.66653678
189.40000000 4779.71057441
214.00000000 280.70928063
251.50000000 281.31747301
189.00000000 4498.45655149
251.50000000 281.26398483
189.30000000 4500.62009118
189.40000000 4781.17289552
189.30000000 4500.62009118
64.00000000 629.70497138
64.00000000 629.63542125
64.00000000 388.40468750
64.00000000 629.70497138
101.50000000 627.63716832
101.50000000 391.50787047
101.50000000 627.99503324
101.50000000 392.08738475
64.00000000 389.50008814
101.50000000 392.08738475
289.00000000 111.50218738
289.00000000 111.62046252
289.00000000 221.22781946
289.00000000 111.50218738
176.50000000 109.76807004
176.50000000 221.28071373
176.50000000 110.33966628
176.50000000 221.29417878
289.00000000 221.85141664
176.50000000 221.29417878
139.00000000 459.17638144
139.00000000 459.36167323
139.00000000 570.96616914
139.00000000 459.17638144
305.30000000 3024.54059377
246.80000000 3477.08271723
304.80000000 2982.14976815
246.40000000 3473.51501834
139.00000000 569.98935110
246.40000000 3473.51501834
176.50000000 190.72751087
176.50000000 191.24694446
176.50000000 649.11281230
176.50000000 190.72751087
139.00000000 190.39140188
139.00000000 649.28368302
139.00000000 189.68092753
139.00000000 648.53089166
176.50000000 649.42798676
139.00000000 648.53089166
259.40000000 3471.61607740
259.70000000 3470.23934728
326.50000000 300.73100023
259.40000000 3471.61607740
259.40000000 3909.95320038
289.00000000 301.74219739
259.70000000 3907.92208635
289.00000000 301.57574327
326.50000000 301.34514816
289.00000000 301.57574327
101.50000000 370.80212580
101.50000000 370.00227140
101.50000000 128.42035944
101.50000000 370.80212580
214.00000000 371.81628085
214.00000000 131.06121344
214.00000000 370.56412291
214.00000000 130.30514935
101.50000000 129.48936444
214.00000000 130.30514935
194.70000000 4492.29235501
194.40000000 4488.52757566
251.50000000 480.43393610
194.70000000 4492.29235501
64.00000000 718.68005533
64.00000000 480.70254121
64.00000000 723.25855731
64.00000000 483.05339973
251.50000000 480.40895257
64.00000000 483.05339973
345.30000000 149.02939607
345.30000000 151.55853823
230.50000000 3296.41886501
345.30000000 149.02939607
157.80000000 152.50138783
157.80000000 610.74449807
157.80000000 152.11250243
157.80000000 610.37818971
230.20000000 3289.53659138
157.80000000 610.37818971
195.30000000 502.59355369
195.30000000 501.09488681
195.30000000 260.72764386
195.30000000 502.59355369
279.90000000 3390.58745077
307.80000000 262.50428688
281.40000000 3412.79138895
307.80000000 261.18904308
195.30000000 260.35311183
307.80000000 261.18904308
270.30000000 321.95613529
270.30000000 320.14407420
270.30000000 431.31946012
270.30000000 321.95613529
232.80000000 322.41272242
232.80000000 431.94216443
232.80000000 319.21026472
232.80000000 429.78376580
270.30000000 431.16457494
232.80000000 429.78376580
120.30000000 670.00063733
120.30000000 669.05722308
120.30000000 780.75517041
120.30000000 670.00063733
82.80000000 670.50732498
82.80000000 780.96783495
82.80000000 669.39491201
82.80000000 780.64214486
120.30000000 779.80897987
82.80000000 780.64214486
82.80000000 410.38471762
82.80000000 410.11286904
82.80000000 520.16407151
82.80000000 410.38471762
270.30000000 409.55213651
269.80000000 614.42866315
270.30000000 411.31161844
269.30000000 4135.99596919
82.80000000 519.11928659
269.30000000 4135.99596919
184.80000000 4871.59538941
184.50000000 4810.40654244
232.80000000 172.65603075
184.80000000 4871.59538941
120.30000000 759.32390078
120.30000000 171.34770689
120.30000000 760.84842283
120.30000000 170.53647667
232.80000000 170.69891931
120.30000000 170.53647667
157.80000000 240.05714048
157.80000000 240.11029284
157.80000000 349.63403920
157.80000000 240.05714048
195.30000000 239.95630329
195.30000000 350.81460165
195.30000000 240.12386143
195.30000000 349.86915594
157.80000000 350.85046587
195.30000000 349.86915594
237.30000000 3686.09627262
238.00000000 3681.85165575
200.20000000 3694.11259771
237.30000000 3686.09627262
237.20000000 3283.80010767
199.80000000 3290.05478130
237.80000000 3286.91768807
200.80000000 3294.47364404
200.80000000 3694.69396422
200.80000000 3294.47364404
92.20000000 262.22461302
92.20000000 258.19996405
92.20000000 149.72231956
92.20000000 262.22461302
185.90000000 261.88874274
185.90000000 149.67940360
185.90000000 259.46949422
185.90000000 148.96079351
92.20000000 150.43807107
185.90000000 148.96079351
230.10000000 2794.54704142
230.30000000 4660.26985574
242.20000000 500.60739702
230.10000000 2794.54704142
230.20000000 3377.35274048
280.80000000 3361.55631774
230.30000000 3381.02348300
280.40000000 3369.87255526
246.20000000 549.56598979
280.40000000 3369.87255526
167.20000000 430.65949788
167.20000000 430.94296123
170.40000000 724.28027857
167.20000000 430.65949788
260.90000000 430.77960199
210.00000000 4341.95064758
260.90000000 431.44995686
210.30000000 4346.70137026
170.40000000 719.46115413
210.30000000 4346.70137026
179.90000000 3590.02244618
179.50000000 3586.37562704
317.20000000 320.40133902
179.90000000 3590.02244618
111.00000000 779.37145490
111.00000000 319.88242270
111.00000000 780.98767769
111.00000000 321.05216776
317.20000000 319.95495358
111.00000000 321.05216776
279.70000000 349.96932825
279.70000000 349.75569957
279.70000000 239.78001593
279.70000000 349.96932825
223.40000000 349.99485510
223.40000000 239.58646032
223.40000000 351.63172494
223.40000000 240.51093506
279.70000000 241.05759685
223.40000000 240.51093506
129.70000000 699.67675230
129.70000000 699.63120542
129.70000000 590.07035882
129.70000000 699.67675230
73.50000000 699.16891357
73.50000000 589.41399482
73.50000000 699.16841600
73.50000000 590.65454881
129.70000000 589.85356412
73.50000000 590.65454881
204.70000000 171.39137203
204.70000000 172.39167019
184.80000000 5528.57900340
204.70000000 171.39137203
148.50000000 171.47513544
153.90000000 939.45381638
148.50000000 172.06160659
154.10000000 944.62604679
184.80000000 5520.72012988
154.10000000 944.62604679
54.70000000 519.92424242
54.70000000 518.84577922
54.70000000 412.39838059
54.70000000 519.92424242
270.50000000 3560.85296658
298.40000000 410.09334385
270.60000000 3573.06096246
298.40000000 410.67514302
54.70000000 412.93897635
298.40000000 410.67514302
148.50000000 390.07088560
148.50000000 393.37374909
148.50000000 280.71889970
148.50000000 390.07088560
204.70000000 391.81561831
204.70000000 281.09192331
204.70000000 392.38071505
204.70000000 280.65409356
148.50000000 283.35069214
204.70000000 280.65409356
189.70000000 3810.81966381
190.10000000 3809.68950194
222.90000000 3800.51010469
189.70000000 3810.81966381
54.70000000 740.23840188
54.70000000 628.91766474
54.70000000 738.54656926
54.70000000 631.68000000
222.90000000 3801.33433004
54.70000000 631.68000000
73.50000000 220.28563091
73.50000000 221.42642081
73.50000000 460.67134395
73.50000000 220.28563091
129.70000000 220.78125570
129.70000000 462.24244962
129.70000000 220.27398353
129.70000000 459.03713356
73.50000000 461.21454904
129.70000000 459.03713356
223.40000000 571.45534757
233.70000000 1128.37117685
223.40000000 112.22326314
223.40000000 571.45534757
246.40000000 3908.41617431
279.70000000 111.27275071
245.90000000 4040.17088567
279.70000000 111.87095098
223.40000000 112.57873116
279.70000000 111.87095098
260.90000000 130.77813736
260.90000000 130.88894410
260.90000000 369.64664635
260.90000000 130.77813736
167.20000000 130.66969266
167.20000000 369.74657246
167.20000000 130.63405539
167.20000000 369.43526569
260.90000000 369.42369344
167.20000000 369.43526569
111.00000000 482.12725031
111.00000000 479.06632562
111.00000000 719.32477141
111.00000000 482.12725031
291.20000000 3182.26749942
194.80000000 3580.03825911
292.20000000 3248.60765871
194.70000000 3588.14705356
111.00000000 720.93710498
194.70000000 3588.14705356
335.90000000 301.84462405
335.90000000 301.60574418
260.40000000 3374.65154119
335.90000000 301.84462405
242.20000000 301.01043596
242.20000000 540.90989891
242.20000000 300.16998257
242.20000000 540.10979174
260.20000000 3374.86531544
242.20000000 540.10979174
186.00000000 649.68673845
193.80000000 947.54382646
185.90000000 191.97552801
186.00000000 649.68673845
92.20000000 650.34557036
92.20000000 192.37372527
92.20000000 651.62093910
92.20000000 190.02246615
185.90000000 191.41159659
92.20000000 190.02246615
300.80000000 369.75178696
300.80000000 370.70762651
300.80000000 410.38132339
300.80000000 369.75178696
113.20000000 370.35436961
113.20000000 410.70294162
113.30000000 370.60284312
113.30000000 409.91651949
300.80000000 411.98231159
113.30000000 409.91651949
152.70000000 749.68394526
150.80000000 721.75357909
157.50000000 1007.62729446
152.70000000 749.68394526
194.70000000 4305.91187047
184.90000000 4316.58492396
194.90000000 4314.45953288
184.00000000 4313.39906344
150.80000000 761.24989669
184.00000000 4313.39906344
225.80000000 201.10857553
225.80000000 201.63718278
238.80000000 1727.56959840
225.80000000 201.10857553
338.30000000 201.86080020
242.10000000 3355.05032368
338.20000000 201.38615106
242.00000000 3357.86308855
225.80000000 579.12655959
242.00000000 3357.86308855
75.80000000 552.14615106
75.80000000 550.39491142
75.80000000 228.75645614
75.80000000 552.14615106
188.30000000 550.83441947
188.30000000 231.26786908
188.30000000 551.81515185
188.30000000 231.92999922
75.80000000 230.26075234
188.30000000 231.92999922
113.30000000 108.88416812
113.30000000 109.84556768
113.30000000 321.68074611
113.30000000 108.88416812
300.70000000 111.41642929
300.70000000 319.95648900
300.80000000 111.71629589
300.80000000 322.49133080
113.30000000 319.71686892
300.80000000 322.49133080
266.30000000 486.23477519
263.20000000 461.42139581
209.70000000 4305.20478304
266.30000000 486.23477519
150.80000000 460.35767141
150.80000000 667.79259269
150.80000000 461.76774277
150.80000000 669.90570716
208.90000000 4284.56886754
150.80000000 669.90570716
188.30000000 291.85325951
188.30000000 290.58404105
188.30000000 490.63060905
188.30000000 291.85325951
75.80000000 290.14406334
75.80000000 489.55552009
75.80000000 293.63941126
75.80000000 493.97681044
188.30000000 490.78128814
75.80000000 493.97681044
218.80000000 3355.43929656
219.50000000 3355.60861520
338.20000000 141.12596086
218.80000000 3355.43929656
219.00000000 1989.41677304
225.80000000 141.07344294
219.20000000 1928.93081682
225.80000000 139.90455769
338.20000000 141.20111974
225.80000000 139.90455769
244.60000000 241.61254055
244.60000000 241.61254055
244.60000000 189.59775902
244.60000000 241.61254055
282.00000000 240.36519369
282.00000000 189.75013121
282.00000000 240.36519369
282.00000000 189.75013121
244.60000000 189.59775902
282.00000000 189.75013121
94.60000000 590.58418762
94.60000000 590.58418762
94.60000000 540.20436503
94.60000000 590.58418762
132.10000000 589.60426128
132.10000000 541.98416665
132.10000000 589.60426128
132.10000000 541.98416665
94.60000000 540.20436503
132.10000000 541.98416665
319.90000000 423.94123737
319.90000000 423.94123737
197.90000000 3557.71046747
319.90000000 423.94123737
57.00000000 422.90288812
57.00000000 711.21575598
57.00000000 422.90288812
57.00000000 711.21575598
197.90000000 3557.71046747
57.00000000 711.21575598
174.80000000 1145.95289498
174.80000000 1145.95289498
169.50000000 360.33168477
174.80000000 1145.95289498
182.30000000 5446.58392331
207.00000000 359.97889329
182.30000000 5446.58392331
207.00000000 359.97889329
169.50000000 360.33168477
207.00000000 359.97889329
132.00000000 330.19894728
132.00000000 330.19894728
132.00000000 99.43326755
132.00000000 330.19894728
94.60000000 332.07805203
94.60000000 100.57275079
94.60000000 332.07805203
94.60000000 100.57275079
132.00000000 99.43326755
94.60000000 100.57275079
206.60000000 4024.45503652
206.60000000 4024.45503652
282.00000000 451.01291864
206.60000000 4024.45503652
206.60000000 4633.79513466
244.50000000 451.20644551
206.60000000 4633.79513466
244.50000000 451.20644551
282.00000000 451.01291864
244.50000000 451.20644551
57.10000000 159.83078398
57.10000000 159.83078398
57.10000000 631.81661805
57.10000000 159.83078398
319.50000000 160.34405652
223.00000000 3553.40593897
319.50000000 160.34405652
223.00000000 3553.40593897
57.10000000 631.81661805
223.00000000 3553.40593897
207.00000000 511.25161637
207.00000000 511.25161637
207.00000000 280.38496953
207.00000000 511.25161637
169.60000000 511.11517443
169.60000000 282.72109626
169.60000000 511.11517443
169.60000000 282.72109626
207.00000000 280.38496953
169.60000000 282.72109626
197.60000000 180.63733544
197.60000000 181.51853204
197.60000000 470.73004813
197.60000000 180.63733544
328.90000000 179.71630440
298.50000000 3281.91112578
328.80000000 181.91832469
298.50000000 3428.06620454
197.60000000 471.15368733
298.50000000 3428.06620454
264.80000000 3260.28372736
265.40000000 3264.09645563
347.70000000 121.33097463
264.80000000 3260.28372736
178.90000000 528.82073801
178.90000000 118.62257169
178.90000000 528.99071455
178.90000000 119.88787015
347.60000000 121.02361805
178.90000000 119.88787015
122.60000000 351.57746373
122.60000000 351.04168124
122.60000000 302.27904043
122.60000000 351.57746373
103.90000000 352.26604307
103.90000000 300.91001716
103.90000000 351.99089006
103.90000000 302.57802089
122.60000000 301.72349449
103.90000000 302.57802089
200.40000000 4162.50854900
200.60000000 4159.00188126
216.20000000 4148.61935386
200.40000000 4162.50854900
201.00000000 4437.54111970
216.50000000 4372.73014161
200.60000000 4465.30981671
216.60000000 4460.96931717
216.60000000 4160.60923435
216.60000000 4460.96931717
235.20000000 440.31244402
235.10000000 440.08152236
235.20000000 559.23711056
235.20000000 440.31244402
66.40000000 440.52662884
66.40000000 561.26668963
66.40000000 441.49181366
66.40000000 560.44686241
235.10000000 561.26940599
66.40000000 560.44686241
85.10000000 790.50310175
85.20000000 791.58865413
85.10000000 210.26360791
85.10000000 790.50310175
177.80000000 5228.05258572
216.40000000 212.15402454
177.10000000 5120.98373748
216.40000000 211.27719910
85.20000000 212.74847404
216.40000000 211.27719910
310.20000000 262.37240236
310.10000000 260.47413862
310.20000000 381.63718362
310.20000000 262.37240236
291.30000000 261.44139623
291.30000000 381.84508714
291.40000000 260.21665487
291.40000000 380.03196129
310.10000000 380.23686143
291.40000000 380.03196129
160.20000000 611.98800674
160.10000000 610.60619492
160.20000000 731.30239828
160.20000000 611.98800674
141.30000000 609.48708795
141.30000000 730.21351102
141.40000000 610.31069679
141.40000000 730.53000648
167.30000000 1017.56142998
141.40000000 730.53000648
66.40000000 311.85290716
66.40000000 310.19547716
66.40000000 688.64229288
66.40000000 311.85290716
85.10000000 310.03121634
85.10000000 688.75455312
85.10000000 308.74372842
85.10000000 689.43114162
66.40000000 690.41464332
85.10000000 689.43114162
212.90000000 5199.06138929
213.00000000 5202.20458714
216.40000000 341.01890221
212.90000000 5199.06138929
212.90000000 4809.39754630
235.10000000 341.69125100
213.00000000 4811.55730526
235.10000000 342.84447742
216.40000000 341.98032614
235.10000000 342.84447742
141.40000000 131.05470331
141.40000000 129.40207867
141.40000000 171.47540691
141.40000000 131.05470331
310.10000000 131.71447540
310.10000000 171.81697934
310.20000000 132.98144867
310.20000000 171.44942547
141.40000000 169.94173668
310.20000000 171.44942547
291.40000000 509.02076141
291.30000000 507.89595282
271.10000000 3347.08082082
291.40000000 509.02076141
160.10000000 479.26399440
160.10000000 519.41864799
160.20000000 480.63821118
160.20000000 521.17312342
270.60000000 3393.45338032
160.20000000 521.17312342
328.90000000 220.15143235
328.90000000 220.25787956
179.90000000 3463.29017895
328.90000000 220.15143235
347.60000000 220.79463219
180.20000000 3283.04520639
347.60000000 220.23334499
179.40000000 3270.12892033
178.90000000 3449.05059898
179.40000000 3270.12892033
178.90000000 570.85105927
178.90000000 571.12813036
178.90000000 429.68578756
178.90000000 570.85105927
197.80000000 573.07673420
197.60000000 432.03161366
197.60000000 570.25927531
197.60000000 430.23503910
178.90000000 429.56340659
197.60000000 430.23503910
253.90000000 400.29924131
253.90000000 400.15590650
253.90000000 250.74116948
253.90000000 400.29924131
122.60000000 398.60950570
122.60000000 249.59533468
122.60000000 399.61934159
122.60000000 251.73914370
253.90000000 250.82780496
122.60000000 251.73914370
103.90000000 751.51529216
103.90000000 751.38176014
103.90000000 601.79903482
103.90000000 751.51529216
186.40000000 4154.31704676
233.60000000 4085.02178579
187.20000000 4171.81397614
233.90000000 4081.15726471
103.90000000 601.21824142
233.90000000 4081.15726471
155.50000000 191.21434236
155.50000000 190.23797801
155.50000000 531.32755492
155.50000000 191.21434236
230.50000000 190.28270834
230.50000000 530.52001925
230.40000000 190.75552896
230.40000000 531.34432534
155.50000000 529.29492484
230.40000000 531.34432534
260.40000000 3674.63436004
260.00000000 3675.35132886
305.40000000 181.94436878
260.40000000 3674.63436004
80.50000000 539.13696808
80.50000000 178.65408462
80.40000000 542.00119870
80.40000000 182.83827844
305.50000000 179.74121872
80.40000000 182.83827844
80.50000000 359.13542477
80.50000000 360.70623926
80.50000000 350.03611603
80.50000000 359.13542477
155.50000000 360.38612241
155.50000000 352.03514188
155.40000000 361.29895782
155.40000000 351.20920596
80.50000000 350.92790201
155.40000000 351.20920596
197.80000000 4725.91952904
197.70000000 4912.38321522
200.50000000 4655.23385052
197.80000000 4725.91952904
197.60000000 3723.46284849
200.50000000 3722.43478698
197.70000000 3716.30791427
201.10000000 3723.29887084
201.10000000 4917.32830282
201.10000000 3723.29887084
267.90000000 280.45209414
267.90000000 279.96362362
230.50000000 4139.67063796
267.90000000 280.45209414
192.90000000 279.40991078
192.90000000 609.39248073
193.00000000 282.88541530
197.90000000 707.69440585
230.20000000 4224.66035070
197.90000000 707.69440585
118.00000000 629.67429085
118.00000000 629.50934008
118.00000000 262.73253137
118.00000000 629.67429085
223.20000000 3314.11225858
342.90000000 261.18960681
223.30000000 3313.24100783
343.00000000 260.96200911
118.00000000 261.62937330
343.00000000 260.96200911
342.90000000 102.18727583
343.00000000 100.65308683
318.50000000 2901.53400550
342.90000000 102.18727583
267.90000000 101.76938232
267.90000000 440.67190956
267.90000000 100.32001772
267.90000000 441.21390535
319.70000000 2973.89938595
267.90000000 441.21390535
193.00000000 449.76213423
193.00000000 450.51500112
177.30000000 4280.21970003
193.00000000 449.76213423
117.90000000 450.78099832
117.90000000 791.00107029
118.00000000 450.56487029
118.00000000 790.12784242
177.50000000 5863.80378698
118.00000000 790.12784242
99.20000000 410.99876937
99.20000000 409.79229539
99.20000000 662.46588552
99.20000000 410.99876937
174.20000000 410.96983729
174.20000000 661.02343018
174.20000000 410.49941114
174.20000000 661.98802054
99.20000000 662.02360689
174.20000000 661.98802054
184.70000000 4553.33701680
184.60000000 4552.03839857
249.20000000 311.22055654
184.70000000 4553.33701680
184.70000000 3508.64858851
324.20000000 312.94325497
184.60000000 3506.33590651
324.20000000 310.74169570
249.20000000 310.66809793
324.20000000 310.74169570
174.20000000 230.93379761
174.20000000 231.29906625
174.20000000 131.57403296
174.20000000 230.93379761
249.20000000 231.72526181
249.20000000 132.05327140
249.20000000 231.53400388
249.20000000 131.51939993
174.20000000 130.53861170
249.20000000 131.51939993
242.60000000 3503.78008159
241.90000000 3499.37389498
292.50000000 3344.32994215
242.60000000 3503.78008159
99.20000000 580.75234328
99.20000000 480.97973090
99.20000000 579.56128551
99.20000000 482.41312581
292.60000000 3344.42918192
99.20000000 482.41312581
286.70000000 139.33800504
286.70000000 139.83791095
187.00000000 3965.45616215
286.70000000 139.33800504
211.70000000 139.58355514
187.00000000 4845.50928733
211.70000000 141.19983980
187.30000000 4844.54369507
187.00000000 3963.22139105
187.30000000 4844.54369507
136.70000000 491.01058652
136.70000000 491.01277646
136.70000000 400.35571582
136.70000000 491.01058652
61.70000000 489.50685788
61.70000000 402.95072436
61.70000000 489.50685788
61.70000000 402.61957938
136.70000000 399.60965940
61.70000000 402.61957938
211.70000000 320.32596838
211.70000000 319.97710621
211.70000000 219.62655189
211.70000000 320.32596838
136.70000000 319.99248876
136.70000000 218.44854088
136.70000000 320.40964096
136.70000000 220.01747044
211.70000000 219.53823724
136.70000000 220.01747044
61.70000000 668.85717643
61.70000000 670.14661681
61.70000000 573.82919090
61.70000000 668.85717643
209.00000000 3962.59335531
246.10000000 3895.26309174
209.20000000 3961.59865848
246.90000000 3895.96831214
61.70000000 571.93753116
246.90000000 3895.96831214
333.60000000 340.63081070
333.60000000 341.19654942
333.60000000 371.21360076
333.60000000 340.63081070
127.30000000 339.95516982
127.30000000 371.29229872
127.30000000 340.43675782
127.30000000 369.55293519
333.60000000 371.34328989
127.30000000 369.55293519
195.70000000 1702.91582118
183.60000000 690.20070215
195.00000000 3409.65442151
195.70000000 1702.91582118
203.70000000 4093.98734904
195.00000000 4095.50065586
203.40000000 4094.70992429
194.70000000 4094.80141129
183.60000000 720.73593381
194.70000000 4094.80141129
258.60000000 171.21002149
258.60000000 169.71102335
254.70000000 4339.92456776
258.60000000 171.21002149
202.40000000 171.23825651
202.40000000 551.40160176
202.40000000 169.73960449
202.40000000 549.94372542
254.90000000 1276.91851591
202.40000000 549.94372542
108.60000000 518.29283894
108.50000000 521.01351311
108.60000000 200.02722764
108.60000000 518.29283894
52.30000000 519.57092262
52.30000000 201.25594425
52.30000000 520.00999372
52.30000000 199.14006975
108.50000000 201.22490188
52.30000000 199.14006975
71.10000000 250.96446661
71.10000000 249.55355113
71.10000000 290.99988553
71.10000000 250.96446661
239.80000000 250.73323013
239.80000000 288.92764066
239.90000000 252.11800906
239.90000000 289.97554345
71.10000000 288.89797004
239.90000000 289.97554345
234.40000000 2413.70039519
221.10000000 601.20401598
219.30000000 5077.49556579
234.40000000 2413.70039519
89.80000000 599.17476000
89.80000000 642.10490904
89.90000000 598.47891719
89.90000000 638.68049268
219.10000000 1070.08238515
89.90000000 638.68049268
146.00000000 431.38130000
146.10000000 431.07570060
146.00000000 459.29714377
146.00000000 431.38130000
164.80000000 430.49008825
164.80000000 459.00604392
164.90000000 431.20844366
164.90000000 458.58211163
146.10000000 460.54539493
164.90000000 458.58211163
179.60000000 3840.29551946
179.80000000 3837.33873393
296.10000000 110.68104858
179.60000000 3840.29551946
179.70000000 3616.24769754
314.90000000 109.79880742
179.80000000 3608.08818254
314.90000000 112.08932148
296.10000000 111.57694666
314.90000000 112.08932148
202.30000000 120.35764282
202.30000000 120.04622812
202.30000000 241.33230318
202.30000000 120.35764282
258.60000000 120.50261109
258.60000000 241.16788781
258.60000000 120.29911008
258.60000000 241.40244476
202.30000000 240.62954870
258.60000000 241.40244476
52.30000000 470.84175987
52.30000000 471.94839423
52.30000000 591.43387776
52.30000000 470.84175987
108.50000000 468.87224029
108.50000000 590.17146665
108.60000000 470.65813391
108.60000000 590.78532523
52.30000000 591.31175617
108.60000000 590.78532523
277.40000000 301.52167208
277.30000000 301.93210421
182.30000000 4098.13020594
277.40000000 301.52167208
183.50000000 302.97505756
182.30000000 6130.54490380
183.60000000 300.41790006
182.20000000 6129.90223183
182.20000000 4097.35861852
182.20000000 6129.90223183
127.40000000 651.34866971
127.30000000 652.03698984
127.40000000 418.36998304
127.40000000 651.34866971
216.30000000 3407.39825992
333.90000000 448.60787519
215.50000000 3406.98969305
333.70000000 450.07275620
127.30000000 421.28290567
333.70000000 450.07275620
164.90000000 379.85399211
164.90000000 380.02127651
164.90000000 159.22565870
164.90000000 379.85399211
146.10000000 380.16576807
146.10000000 161.53480242
146.10000000 379.00174793
146.10000000 161.52784720
164.80000000 159.79610183
146.10000000 161.52784720
192.40000000 3610.23889164
192.60000000 3612.77993016
275.00000000 3574.42835827
192.40000000 3610.23889164
192.40000000 3835.98697269
275.00000000 3562.20365619
192.60000000 3840.39620490
274.30000000 3219.16160108
274.20000000 3535.62195873
274.30000000 3219.16160108
89.80000000 212.12092079
89.80000000 211.22275953
89.80000000 681.14055232
89.80000000 212.12092079
221.10000000 209.75770978
206.80000000 3606.05044439
221.00000000 211.90764416
206.50000000 5109.91590089
89.80000000 681.15449562
206.50000000 5109.91590089
239.80000000 563.23015480
239.80000000 561.33009157
239.80000000 331.25306216
239.80000000 563.23015480
71.10000000 561.06179745
71.10000000 332.81757503
71.10000000 559.14863291
71.10000000 328.02346803
239.80000000 330.44442941
71.10000000 328.02346803
107.40000000 331.95989639
107.40000000 331.59232555
107.40000000 569.95894522
107.40000000 331.95989639
123.80000000 330.23449984
123.80000000 570.31374560
123.90000000 330.05654381
123.90000000 571.32344380
107.40000000 568.89991131
123.90000000 571.32344380
206.70000000 4370.08613825
206.60000000 4365.06974401
257.40000000 218.97333718
206.70000000 4370.08613825
206.70000000 4146.68893605
273.80000000 220.77083672
206.40000000 4143.18637612
273.80000000 220.40920549
257.40000000 220.38809492
273.80000000 220.40920549
182.40000000 150.44964055
182.40000000 150.40280555
182.40000000 390.78214219
182.40000000 150.44964055
348.80000000 152.25131610
348.90000000 396.85726484
348.80000000 149.70141586
348.70000000 392.23641734
182.40000000 391.18748178
348.70000000 392.23641734
281.10000000 3396.62766054
280.50000000 3382.81866450
189.40000000 3421.68166904
281.10000000 3396.62766054
198.80000000 499.98766837
189.10000000 2908.58251205
198.80000000 499.55026095
190.00000000 5672.89361304
190.00000000 3423.51043453
190.00000000 5672.89361304
294.90000000 241.38859950
294.90000000 241.26295537
292.80000000 765.73427887
294.90000000 241.38859950
311.30000000 240.57635630
292.60000000 2988.95628323
311.30000000 241.60503270
292.50000000 2950.24515733
292.60000000 827.90212529
292.50000000 2950.24515733
144.90000000 590.49934597
144.90000000 591.07200458
144.90000000 131.02254105
144.90000000 590.49934597
161.40000000 589.57214703
161.40000000 131.45360516
161.30000000 592.09652468
161.30000000 131.28131228
144.90000000 131.19168668
161.30000000 131.28131228
220.00000000 410.58146317
219.90000000 410.18637678
220.00000000 309.95808640
220.00000000 410.58146317
86.30000000 409.72911740
86.30000000 309.30581741
86.40000000 412.83760264
86.40000000 310.10430198
219.90000000 310.28334588
86.40000000 310.10430198
69.90000000 760.55285627
69.90000000 758.66202811
69.90000000 660.49074476
69.90000000 760.55285627
184.00000000 4742.34943850
212.20000000 4294.71726885
184.60000000 4799.58323276
213.00000000 4779.49756770
69.90000000 659.82022424
213.00000000 4779.49756770
126.20000000 110.07162672
126.10000000 110.09766056
126.20000000 790.20307327
126.20000000 110.07162672
292.50000000 109.91933193
177.40000000 3890.54115658
292.50000000 110.80449863
177.60000000 3886.50548786
126.10000000 788.32810209
177.60000000 3886.50548786
276.20000000 461.81897366
284.30000000 674.27071149
276.20000000 441.74570099
276.20000000 461.81897366
142.60000000 460.86524793
142.60000000 440.83413434
142.60000000 461.59855311
142.60000000 440.65823572
278.70000000 459.52467739
142.60000000 440.65823572
51.20000000 280.72522593
51.20000000 279.47834087
51.20000000 261.33731071
51.20000000 280.72522593
67.50000000 282.23217003
67.50000000 261.79034018
67.50000000 277.24396178
67.50000000 258.53197226
51.20000000 261.49621719
67.50000000 258.53197226
201.20000000 630.93277552
201.10000000 629.94731761
201.20000000 609.71203639
201.20000000 630.93277552
217.60000000 633.86506470
217.60000000 610.37057667
217.60000000 635.93512785
217.60000000 610.11372060
201.10000000 610.74966586
217.60000000 610.11372060
238.60000000 369.47966340
238.60000000 371.22777617
200.40000000 4647.63758536
238.60000000 369.47966340
105.10000000 371.27009115
105.10000000 700.10467215
105.00000000 371.34004892
105.00000000 698.18068633
199.60000000 4641.80696543
105.00000000 698.18068633
88.70000000 719.04566402
88.70000000 718.88629004
88.70000000 350.62406083
88.70000000 719.04566402
195.10000000 4448.17276121
255.10000000 351.92399626
194.90000000 4447.21095986
255.10000000 350.42812841
88.70000000 348.95295663
255.10000000 350.42812841
313.70000000 202.52663997
313.70000000 201.11558740
313.70000000 171.60203789
313.70000000 202.52663997
330.00000000 201.66932143
330.00000000 170.87855898
330.10000000 201.50634100
330.10000000 172.14197033
313.70000000 171.88798483
330.10000000 172.14197033
163.70000000 549.79358245
163.70000000 550.42159990
163.70000000 520.70262650
163.70000000 549.79358245
180.10000000 552.15057473
180.10000000 521.11597115
180.10000000 550.79471921
180.10000000 519.48439537
163.70000000 519.53113457
180.10000000 519.48439537
229.20000000 220.53084420
229.30000000 222.20166078
229.20000000 330.93817022
229.20000000 220.53084420
320.70000000 220.79219990
320.70000000 331.04702087
320.70000000 221.45034719
320.70000000 331.49888784
229.30000000 331.26924994
320.70000000 331.49888784
79.30000000 569.34014484
79.30000000 571.73638794
79.30000000 678.94813291
79.30000000 569.34014484
170.70000000 570.87326854
176.50000000 841.30153131
170.70000000 570.89064645
170.70000000 680.47163146
79.30000000 681.08445716
170.70000000 680.47163146
304.30000000 391.06843622
304.30000000 390.57438024
280.20000000 3705.73565906
304.30000000 391.06843622
95.70000000 390.66580692
95.70000000 499.39879386
95.70000000 390.46421358
95.70000000 501.61207117
281.60000000 3333.39785938
95.70000000 501.61207117
154.30000000 738.66364120
160.20000000 938.81065587
154.30000000 149.61267519
154.30000000 738.66364120
189.60000000 4594.77039129
245.70000000 150.96006626
190.00000000 4619.85293100
245.70000000 151.82989033
154.30000000 150.94557022
245.70000000 151.82989033
191.80000000 309.79318222
191.80000000 311.62922963
191.80000000 410.63257405
191.80000000 309.79318222
58.20000000 311.93771930
58.20000000 408.20504117
58.20000000 307.42476135
58.20000000 410.82192700
191.80000000 411.84177227
58.20000000 410.82192700
212.90000000 3483.81052707
212.70000000 3324.26888986
184.70000000 3540.71280888
212.90000000 3483.81052707
212.90000000 4397.81431232
184.70000000 5439.84225422
208.30000000 665.59734079
184.80000000 4868.37239553
184.80000000 3335.80885420
184.80000000 4868.37239553
116.80000000 129.54619156
116.80000000 131.84287941
116.80000000 590.73974243
116.80000000 129.54619156
283.20000000 130.68268052
237.50000000 3998.67510786
283.20000000 129.81996917
237.60000000 3962.06285055
116.80000000 590.40057758
237.60000000 3962.06285055
266.80000000 478.95061107
266.80000000 481.52682168
266.80000000 240.67009581
266.80000000 478.95061107
133.20000000 480.36838481
133.20000000 241.74578840
133.20000000 480.37188413
133.20000000 239.35190574
266.80000000 241.18028392
133.20000000 239.35190574
319.60000000 965.93250153
320.20000000 930.36358277
323.00000000 109.72876478
319.60000000 965.93250153
76.90000000 441.38445970
76.90000000 111.39188618
76.90000000 442.07522039
76.90000000 111.52425175
323.00000000 109.84370507
76.90000000 111.52425175
177.30000000 5318.65218067
177.50000000 5333.48283859
173.00000000 458.76139363
177.30000000 5318.65218067
177.30000000 4995.04235251
226.90000000 460.21726739
177.50000000 4995.88613126
226.90000000 461.64473329
173.10000000 462.34861654
226.90000000 461.64473329
248.00000000 263.38151411
248.00000000 261.77980113
222.90000000 4561.57526053
248.00000000 263.38151411
301.90000000 261.86906470
222.90000000 3759.49794455
301.90000000 261.48374597
222.80000000 3756.13090870
222.80000000 4554.70767029
222.80000000 3756.13090870
98.10000000 610.26139603
98.10000000 610.69324880
98.10000000 279.03149306
98.10000000 610.26139603
151.90000000 609.18405596
151.90000000 281.30715079
151.90000000 610.18988936
151.90000000 280.14857108
98.10000000 279.88250892
151.90000000 280.14857108
60.60000000 171.78129297
60.60000000 171.18822404
60.60000000 201.32226455
60.60000000 171.78129297
339.50000000 169.95734998
339.50000000 200.23098766
339.40000000 170.11440640
339.40000000 200.32117046
60.60000000 200.18728307
339.40000000 200.32117046
210.50000000 520.97770168
210.50000000 520.45140355
212.00000000 563.81752613
210.50000000 520.97770168
189.40000000 521.99364246
189.40000000 549.52365963
189.40000000 521.50044371
189.40000000 550.87945996
212.50000000 566.40169053
189.40000000 550.87945996
135.60000000 350.99249544
135.60000000 350.26558279
135.60000000 719.15836190
135.60000000 350.99249544
114.40000000 351.79124142
114.40000000 718.86870038
114.40000000 351.28541337
114.40000000 718.88588647
135.60000000 719.61089295
114.40000000 718.88588647
199.70000000 3972.55071561
200.20000000 3982.75570309
285.60000000 371.26413339
199.70000000 3972.55071561
199.70000000 4284.46321758
264.40000000 369.76475729
200.30000000 4289.65228678
264.40000000 370.40568355
285.50000000 370.67809336
264.40000000 370.40568355
271.50000000 140.20181432
271.40000000 141.35208190
271.50000000 270.10245256
271.50000000 140.20181432
222.30000000 140.66208317
222.30000000 271.08732206
222.20000000 141.94950825
222.20000000 272.80704353
271.40000000 272.03248378
222.20000000 272.80704353
121.50000000 488.90299153
121.40000000 489.74518211
121.50000000 620.37689222
121.50000000 488.90299153
72.30000000 490.83292146
72.30000000 619.93405766
72.30000000 492.97601052
72.30000000 621.52649152
121.40000000 620.77339417
72.30000000 621.52649152
346.50000000 321.76952151
346.40000000 320.58869755
311.00000000 3148.09468505
346.50000000 321.76952151
147.30000000 320.43797992
147.30000000 450.41059894
147.30000000 321.28451884
147.30000000 450.91762257
312.30000000 3174.30056195
147.30000000 450.91762257
196.50000000 670.34280596
196.40000000 670.21987944
196.50000000 99.75056153
196.50000000 670.34280596
209.50000000 3825.17918310
297.20000000 100.16822779
209.70000000 3818.59975636
297.30000000 100.65962994
196.40000000 99.11224559
297.30000000 100.65962994
158.90000000 399.64761449
159.00000000 399.44678284
158.90000000 359.77343019
158.90000000 399.64761449
184.70000000 400.45182725
184.70000000 360.31680351
184.70000000 400.53709025
184.70000000 360.77531506
159.00000000 361.19782075
184.70000000 360.77531506
187.10000000 3681.04442285
187.10000000 3680.60712705
197.90000000 3673.64789442
187.10000000 3681.04442285
187.10000000 3397.50416414
197.90000000 3393.58652713
186.80000000 3397.48304177
197.30000000 3395.57744392
197.40000000 3682.92983993
197.30000000 3395.57744392
84.00000000 229.47285326
84.00000000 232.25411015
84.00000000 537.50253282
84.00000000 229.47285326
259.70000000 231.95111233
259.00000000 603.81939200
259.80000000 230.07882661
259.90000000 583.01045572
84.00000000 542.15912220
259.90000000 583.01045572
233.90000000 583.12405933
241.60000000 3245.10285032
233.90000000 190.60747722
233.90000000 583.12405933
109.70000000 581.39268858
109.70000000 193.30751449
109.80000000 579.69919835
109.80000000 191.33867450
234.00000000 190.95954359
109.80000000 191.33867450
290.20000000 269.83885525
290.20000000 270.35434980
290.20000000 139.90912129
290.20000000 269.83885525
166.00000000 272.77333477
166.00000000 140.56832916
166.00000000 271.77695676
166.00000000 140.89211215
290.20000000 140.50521036
166.00000000 140.89211215
140.20000000 619.27235218
140.20000000 619.87468530
140.20000000 490.18698586
140.20000000 619.27235218
226.90000000 3592.57201416
286.00000000 3363.15703004
226.60000000 3591.76949894
286.10000000 3571.36275998
140.20000000 490.52181653
286.10000000 3571.36275998
215.20000000 102.44796319
215.20000000 98.93857992
209.90000000 5236.60949402
215.20000000 102.44796319
241.00000000 103.88740922
209.90000000 4696.91963841
241.00000000 101.50984185
209.90000000 4698.28638134
209.90000000 5239.60557214
209.90000000 4698.28638134
65.20000000 450.24654283
65.20000000 450.87920973
65.20000000 319.48829837
65.20000000 450.24654283
91.00000000 449.48976111
91.00000000 321.18131868
91.00000000 449.70681832
91.00000000 320.84949336
65.20000000 321.52817579
91.00000000 320.84949336
102.70000000 191.60087331
102.70000000 191.39822940
102.70000000 230.11979199
102.70000000 191.60087331
203.50000000 189.16264002
203.50000000 228.92647336
203.50000000 190.25659764
203.50000000 229.82994049
102.70000000 230.41891685
203.50000000 229.82994049
259.70000000 3109.91150416
252.60000000 544.31468561
242.10000000 4460.04237783
259.70000000 3109.91150416
53.60000000 540.47648561
53.60000000 580.20064310
53.60000000 540.30313847
53.60000000 579.53567435
241.80000000 4460.81592309
53.60000000 579.53567435
177.70000000 359.28249424
177.70000000 362.02857859
187.30000000 4013.41098209
177.70000000 359.28249424
128.50000000 359.07047232
128.50000000 751.92161908
128.50000000 361.52033050
128.50000000 750.99514656
187.50000000 4100.28868595
128.50000000 750.99514656
197.00000000 3464.82824133
198.20000000 3472.87696034
327.70000000 400.90784543
197.00000000 3464.82824133
197.10000000 4073.23603754
278.50000000 399.76270342
198.10000000 4077.60448179
278.50000000 400.94885968
327.70000000 401.84561038
278.50000000 400.94885968
74.60000000 379.06146607
74.60000000 381.33089412
74.60000000 600.19246847
74.60000000 379.06146607
137.90000000 380.59967093
137.90000000 601.29329420
137.80000000 379.72417954
137.80000000 600.06695771
74.60000000 600.78942817
137.80000000 600.06695771
192.80000000 5046.03671635
192.10000000 4830.87227042
224.60000000 249.88277053
192.80000000 5046.03671635
192.80000000 3953.12598343
287.90000000 252.31243978
192.00000000 3949.79874885
287.80000000 249.90063818
224.60000000 249.87653886
287.80000000 249.90063818
149.60000000 211.84707262
149.60000000 211.53065776
149.60000000 431.10880321
149.60000000 211.84707262
212.90000000 212.16078476
212.90000000 431.52199704
212.90000000 211.29402573
212.90000000 429.99943632
149.60000000 428.96823574
212.90000000 429.99943632
251.20000000 3756.79769844
250.90000000 3778.16821599
180.00000000 3798.62922473
251.20000000 3756.79769844
62.90000000 561.96110471
62.90000000 780.39383721
62.90000000 560.33751389
62.90000000 780.24604455
180.10000000 3795.34139726
62.90000000 780.24604455
337.00000000 121.17597159
337.10000000 121.07081848
276.20000000 3359.39786252
337.00000000 121.17597159
250.40000000 121.03824488
250.40000000 509.80194185
250.40000000 121.63863222
259.40000000 872.48925206
274.50000000 3356.15433105
259.40000000 872.48925206
187.10000000 471.82489675
187.10000000 469.96453093
187.10000000 161.46741220
187.10000000 471.82489675
100.40000000 469.02810891
100.40000000 159.79079208
100.30000000 471.20098548
100.30000000 160.54730285
187.10000000 160.24051481
100.30000000 160.54730285
262.10000000 292.70612848
262.10000000 290.62388350
262.10000000 343.10381117
262.10000000 292.70612848
175.30000000 290.48811052
175.30000000 340.68933454
175.40000000 291.43413771
175.40000000 340.01227485
262.10000000 340.06146533
175.40000000 340.01227485
112.10000000 639.44990276
112.10000000 639.85577283
112.10000000 690.54774785
112.10000000 639.44990276
219.30000000 3492.59977171
202.90000000 3493.15575932
219.20000000 3490.96733036
203.50000000 3489.39280771
112.10000000 690.15656947
203.50000000 3489.39280771
168.30000000 249.96262273
168.40000000 249.92076924
168.30000000 731.14964507
168.30000000 249.96262273
269.10000000 249.75177771
191.90000000 4217.53502275
269.10000000 251.14347101
191.80000000 4220.65326943
168.40000000 731.23537735
191.80000000 4220.65326943
234.20000000 3565.72023227
234.00000000 3562.05903212
318.30000000 381.47446942
234.20000000 3565.72023227
119.10000000 600.28568169
119.10000000 379.34690745
119.10000000 599.45183650
119.10000000 379.31932769
318.30000000 381.45982113
119.10000000 379.31932769
93.30000000 428.25133687
93.30000000 428.81262098
93.30000000 209.93152127
93.30000000 428.25133687
194.10000000 432.32706731
194.10000000 212.46703067
194.10000000 432.23718918
194.10000000 211.07142950
93.30000000 209.24784492
194.10000000 211.07142950
180.30000000 4666.11261678
180.00000000 4660.99482658
243.30000000 562.70699963
180.30000000 4666.11261678
180.30000000 3312.45601282
251.20000000 3297.33063678
180.00000000 3313.06648785
250.90000000 3298.82178135
243.30000000 562.97277662
250.90000000 3298.82178135
205.80000000 340.47390962
205.90000000 340.63648779
205.80000000 638.31696642
205.80000000 340.47390962
156.60000000 338.96719894
156.60000000 641.04734810
156.70000000 339.11509802
156.70000000 639.19426935
205.90000000 640.29699879
156.70000000 639.19426935
55.80000000 689.77487241
55.80000000 689.92903964
55.80000000 287.46028139
55.80000000 689.77487241
203.20000000 3701.51719089
306.60000000 291.79125684
203.60000000 3702.23835744
306.70000000 290.69825474
55.80000000 291.69190021
306.70000000 290.69825474
280.80000000 161.58205158
280.90000000 161.42626895
280.80000000 119.62967187
280.80000000 161.58205158
231.60000000 160.30618082
231.60000000 120.83440263
231.70000000 162.22260399
231.70000000 121.00640498
280.90000000 120.82491366
231.70000000 121.00640498
130.90000000 509.96799190
130.90000000 510.90556213
130.90000000 471.76793790
130.90000000 509.96799190
81.60000000 509.58081190
81.60000000 470.74105056
81.60000000 511.65135864
81.60000000 471.70002016
130.90000000 470.09342631
81.60000000 471.70002016
320.70000000 228.41680179
320.60000000 229.14756685
199.80000000 3538.07878203
320.70000000 228.41680179
60.60000000 232.66773297
60.60000000 701.83054380
60.50000000 231.86988037
60.50000000 701.36723597
200.20000000 3544.83066194
60.50000000 701.36723597
170.70000000 579.21124159
170.70000000 579.74898236
170.70000000 349.75180715
170.70000000 579.21124159
210.60000000 581.50679262
210.60000000 350.15554073
217.40000000 777.01135887
210.60000000 352.07320435
170.70000000 350.87421578
210.60000000 352.07320435
245.70000000 410.76271620
245.70000000 409.80251917
245.70000000 181.50619997
245.70000000 410.76271620
285.60000000 411.68209605
285.60000000 182.09094059
285.60000000 409.28976387
285.60000000 180.77497249
245.70000000 178.53831695
285.60000000 180.77497249
95.70000000 760.46434802
95.70000000 760.33567326
95.70000000 533.18157121
95.70000000 760.46434802
135.60000000 759.36719974
135.60000000 530.34084782
135.50000000 760.60320428
135.50000000 530.04088877
95.70000000 532.78241411
135.50000000 530.04088877
58.20000000 323.11827084
58.20000000 321.10081172
58.20000000 791.51062552
58.20000000 323.11827084
323.00000000 320.76839393
177.50000000 3521.80278133
323.00000000 320.59676730
177.50000000 3523.44001723
58.20000000 790.45894214
177.50000000 3523.44001723
209.70000000 5135.98405743
209.80000000 5085.32924044
208.20000000 442.24910309
209.70000000 5135.98405743
178.50000000 820.71003378
173.00000000 439.83428294
178.30000000 800.76022194
173.10000000 438.52202137
208.20000000 441.14389169
173.10000000 438.52202137
133.20000000 149.04918400
133.20000000 150.73427809
133.20000000 270.17628614
133.20000000 149.04918400
98.00000000 150.16027938
98.00000000 269.97793556
98.00000000 151.06898177
98.00000000 272.49945893
133.20000000 272.42176261
98.00000000 272.49945893
281.30000000 930.19985352
281.40000000 861.72428190
226.30000000 3990.35036602
281.30000000 930.19985352
248.00000000 501.37822188
226.20000000 3966.55325909
248.10000000 500.46305576
226.70000000 3980.59468692
226.60000000 3989.29062656
226.70000000 3980.59468692
