602.64205682 0.00000000
603.98179272 0.00000000
606.76846739 0.00000000
603.68351341 0.00000000
606.19467787 0.00000000
604.59427771 0.00000000
604.91568627 0.00000000
603.37014806 0.00000000
604.79199680 0.00000000
603.43789516 0.00000000
604.39841475 0.76370192
604.05047653 0.78050846
603.20258940 0.77336194
602.79666045 0.78434952
604.89738574 0.77712927
605.60637475 0.75509500
603.00912292 0.77450158
602.47302099 0.76758146
603.82482825 0.76948904
603.03144953 0.75497289
604.91318889 0.65216377
604.60957159 0.64501466
602.83460431 0.64603063
602.51121874 0.62210711
604.68259290 0.55524370
604.02309241 0.58335801
603.53324184 0.55323234
603.95073142 0.56321621
603.74608214 0.63171209
604.38246605 0.55234635
604.87134863 0.64791502
602.98540237 0.67710158
605.33459779 0.65197666
605.47465953 0.68474461
604.40638672 0.86715126
603.61798796 0.89035985
602.54808490 0.86813947
604.41902086 0.88544662
605.94543789 0.67713644
604.65616612 0.87702868
602.58647031 0.55475759
602.61795975 0.52747527
604.79064861 0.53414420
603.97146164 0.49559958
603.37428072 0.55533517
604.60544792 0.47687118
603.27220861 0.48216536
605.40354447 0.55971506
602.98441168 0.48339743
605.79002688 0.49898602
603.54804111 0.42868264
603.40505190 0.43155730
603.64147741 0.42726906
602.92815451 0.93824466
602.95504250 0.44291788
603.38866321 0.94110232
602.95036929 0.93825524
603.75134553 0.44955815
602.65451999 0.92769121
603.64418160 0.93756880
603.66790248 0.88717970
602.51331935 0.89302701
603.98573799 0.89054633
602.73486441 0.33405071
605.80380254 0.93898694
603.87240112 0.37287437
604.04516556 0.36904212
604.75913584 0.93513018
603.55677872 0.35549904
602.15981828 0.35219206
602.33951149 0.57822623
603.53878260 0.56014214
603.93675130 0.58401718
603.94233311 0.82138891
603.46308467 0.50295362
602.78233548 0.77580284
600.83637137 0.75141785
604.27343260 0.50615204
603.94213137 0.80451096
605.35444096 0.76575235
604.65093114 0.97372530
604.05053102 0.96708903
603.80076989 0.97082294
603.30096790 0.68010336
604.09195951 0.52835555
604.13332746 0.40692118
604.76237595 0.54856201
604.41103785 0.55459376
604.64187745 0.73757491
603.23497110 0.53654579
604.85936420 0.54647411
604.85954651 0.29193565
604.65632503 0.55103405
604.38969104 0.52797660
603.85682247 0.75625015
604.59942285 0.97424253
604.73559311 0.96517111
602.77695723 0.61335633
603.99654123 0.50312873
605.03726221 0.96802704
604.12328648 0.85184861
603.73724985 0.84770771
602.03968620 0.86596389
604.15639948 0.58060841
604.86141323 0.85194539
604.12203899 0.59153246
602.98172089 0.38864953
603.85526868 0.84256349
603.69289391 0.41683713
602.80456555 0.39739943
603.15452271 0.38456641
604.68921487 0.50499074
604.57718636 0.38258784
605.01297152 0.74836744
602.26436237 0.38737882
603.11829669 0.73093561
603.59217256 0.72121227
604.70031854 0.50240556
604.19590877 0.73904292
605.20608825 0.72968423
604.21810235 0.58051002
603.99181582 0.69637592
603.03235822 0.57145079
604.37505317 0.18639668
603.70748292 0.54561665
604.00850312 0.13722139
604.54652052 0.27466241
602.93617082 0.69119538
604.26237985 0.25510410
604.61890247 0.26478658
604.29934019 0.90268976
603.37162633 0.90678355
604.61417497 0.91115391
604.51386423 0.79843034
603.59168373 0.90097251
604.17864245 0.77864961
603.32973138 0.78860806
603.94598510 0.90353399
604.06316233 0.79235880
603.71106637 0.79430092
603.28636763 0.15495614
602.68953975 0.07538903
603.81676030 0.14760950
604.53762130 0.55378897
602.61238655 0.15628688
603.75039522 0.51791387
603.68822463 0.35277977
603.92100745 0.09406431
603.58595107 0.33335506
602.40320633 0.33149803
603.68479966 0.71701498
603.85372097 0.80330967
603.33315573 0.71752345
605.53017781 0.90557910
603.54614687 0.72841306
605.55897252 0.90998461
604.71304406 0.91487327
604.02873485 0.80307090
601.75130818 0.90841208
605.22642245 0.90413960
600.61140547 0.58317463
604.44147742 0.67049751
604.05097223 0.57478429
605.07586506 0.64352061
604.74453184 0.35239634
605.01668542 0.42472844
605.40170455 0.57140536
603.50245547 0.50010946
604.84925578 0.72969470
602.51879975 0.53726106
603.41922683 0.98551981
604.29137332 0.97855681
604.29675789 0.98553915
602.37310985 0.10609678
603.07548776 0.98335017
602.79308181 0.11004172
604.01727724 0.13378072
603.18927720 0.98665144
603.74922880 0.12203160
602.67846507 0.13223147
603.58865903 0.50502276
604.52527644 0.38314751
602.87984981 0.48829873
602.53988791 0.53103094
603.33527725 0.59976930
603.92363139 0.89712345
603.70773943 0.88873626
605.14888567 0.50625559
604.03260087 0.55586336
604.44193221 0.90539042
604.97444307 0.88053802
604.18194915 0.80661017
604.03663516 0.87965071
603.63471454 0.52805070
603.13144939 0.85558091
603.54527764 0.53859006
601.03657705 0.39070329
604.75423729 0.80855932
602.48279661 0.38415254
604.15629262 0.36072277
603.81523232 0.92644177
604.29546733 0.93722302
603.74197510 0.92126113
602.64883646 0.96171908
603.86874493 0.93065362
602.79907238 0.95226580
604.75325642 0.95662258
605.28537035 0.93596930
602.43481463 0.94631351
605.93518754 0.95653555
603.64607895 0.61659112
604.34020994 0.57954978
604.10556647 0.60763918
604.37413429 0.61326977
603.18928785 0.64343155
602.75969637 0.64612935
603.80515611 0.65281365
604.23361489 0.61907976
602.33778524 0.58590426
604.21954559 0.62819663
603.97998984 0.81328771
603.50671912 0.81753373
603.42884678 0.81906461
603.91364488 0.83513679
602.83213429 0.52893717
605.16925045 0.53977532
603.61107613 0.54438649
604.14862899 0.53938919
603.72240819 0.83061041
603.32925772 0.54348160
602.90504282 0.18172604
605.56004916 0.23576615
604.83734583 0.20121347
604.73798061 0.30161144
606.34912647 0.20050843
602.22649280 0.32091785
603.31358692 0.39455928
606.01862349 0.24703231
603.85504453 0.36826901
605.28683647 0.35654416
604.05137128 0.43239445
603.17103038 0.57541218
603.74249463 0.46898347
604.21865921 0.55371173
603.22086445 0.75954156
603.15031239 0.98451438
602.39518625 0.98812503
604.34436180 0.79713358
603.94622715 0.56526210
603.00057079 0.98614789
602.85225678 0.11012436
602.97550962 0.08687958
605.73403118 0.11516433
602.95544974 0.75766772
603.79946133 0.11581340
603.69282496 0.70746118
604.17101819 0.70011324
604.29325771 0.06981493
603.74059324 0.73898259
604.81671645 0.69309392
602.97737426 0.87485683
603.56343235 0.87582565
603.43359530 0.88577398
603.02567485 0.85302845
603.83560390 0.54093383
603.13423325 0.53523500
603.99658295 0.46814220
603.29780726 0.49407428
602.33574653 0.82306217
602.90179059 0.45921491
602.88687331 0.53750602
603.92632322 0.62810179
604.24616402 0.56423776
604.82726053 0.45849152
604.08773265 0.57573857
604.60353508 0.47380429
602.41265553 0.55962281
603.90490540 0.63269923
604.29084907 0.53713372
603.40213910 0.52786074
604.69552112 0.32666422
602.96606978 0.48255667
604.37175750 0.33953117
604.69055474 0.81206316
604.16446473 0.23087337
603.26652768 0.60034597
605.05157969 0.60118915
604.29370316 0.39655583
603.11200272 0.81508196
603.74675262 0.61524620
604.61950809 0.67992884
605.62433006 0.67276600
602.99461046 0.69129912
604.74815649 0.31038772
602.94674536 0.83964117
603.47579557 0.32387247
603.74664457 0.20840694
604.48779371 0.83036184
603.98834154 0.16705383
603.63278636 0.19356367
604.37877766 0.72675780
603.05940726 0.72072443
604.52131601 0.71996631
605.60599565 0.92888220
603.37743293 0.73520743
604.11855546 0.92073984
604.48154671 0.93120394
604.02212524 0.69598222
603.58193698 0.92352907
604.27672997 0.93242833
602.75075862 0.44962660
604.03971337 0.59745423
601.56887200 0.40733976
604.81966297 0.19331483
602.03691319 0.95298962
604.51375143 0.53390137
603.90467341 0.70611186
603.93219917 0.90964848
604.02168627 0.54753904
603.52199419 0.69199347
602.20444139 0.81614393
605.43651004 0.84492675
603.92059676 0.79845582
601.49360882 0.88323985
605.76892059 0.66180961
604.99800176 0.69961195
603.00754461 0.77117138
603.68851394 0.74406303
602.85785450 0.90551757
604.04589196 0.79925854
603.35601653 0.48842810
604.43757447 0.52054451
602.65365419 0.49814147
602.48931047 0.63319634
604.85153011 0.47243594
604.36628157 0.64773167
603.93135916 0.67492781
602.98350377 0.53986916
603.21525595 0.66067538
604.03565347 0.66543995
604.85048547 0.63143276
603.62154954 0.62748093
603.97367970 0.62196854
602.84946048 0.59402285
603.85144380 0.97850117
604.96287222 0.78980907
603.54312285 0.79636755
603.88913296 0.97697926
603.62563285 0.58640693
603.95749765 0.79917817
604.52707218 0.73879329
602.61330015 0.72957617
604.84997140 0.72397471
605.71528291 0.13025704
603.80605638 0.49016238
604.45127791 0.08564631
603.97686979 0.07709886
605.79453079 0.55124611
604.72645195 0.11943991
601.87835544 0.07419648
603.29809104 0.21576084
604.57429326 0.19299315
604.56305182 0.21861375
603.27340101 0.84425740
603.30909620 0.20776494
604.14525782 0.83464248
604.53986362 0.84969784
601.30662526 0.17371776
603.15741036 0.84416640
603.79862006 0.82917022
603.76279416 0.53587220
604.00083224 0.55338694
603.13973160 0.55263287
603.75180953 0.42857181
603.41277998 0.58872969
604.32074089 0.46329584
603.01871331 0.43176782
604.43186024 0.60509411
604.60091567 0.41220934
604.52840579 0.42174438
604.01310849 0.69133235
605.31262793 0.65379435
604.42989893 0.69354519
604.47023733 0.96498992
604.18182992 0.69381162
603.81085818 0.95548659
603.42450658 0.95553618
603.08932056 0.67251394
603.78708082 0.96534914
603.16123509 0.95797095
604.10016172 0.80511033
603.90727695 0.75280922
601.24632647 0.80503017
604.81718980 0.55315653
603.85666679 0.91902446
605.86960643 0.64256921
604.53313590 0.60272421
605.78599086 0.88903800
605.08419652 0.45378724
604.22255638 0.57376914
604.35829826 0.30768670
603.29652294 0.51746956
605.47638872 0.29506002
603.57826522 0.52310769
602.68273220 0.48735101
602.75241197 0.89035546
605.03288411 0.87898963
603.25266134 0.64594883
605.09514221 0.53906758
603.06863837 0.85927684
603.86779641 0.88334313
604.05129905 0.90453538
603.77901008 0.88308563
603.09107086 0.61064198
603.74861905 0.58253415
603.31223501 0.48558401
607.10531239 0.27016643
606.48750594 0.56339416
605.99303990 0.42117398
604.34886364 0.29050676
602.77988782 0.04827605
603.41595316 0.03822071
604.37606393 0.06156919
604.02777528 0.76487321
604.11306856 0.07110755
604.60622048 0.95637445
604.34089638 0.95259409
603.99923712 0.05106219
604.93323147 0.73181978
603.66043614 0.95256301
602.62017844 0.77362944
602.33480293 0.75061336
605.07116698 0.76530384
604.58965888 0.74693146
603.01348895 0.77733333
603.33210239 0.76166265
603.79972507 0.74523873
604.37006339 0.74871533
602.88218916 0.72891816
604.29946526 0.74000522
603.85714912 0.94182283
603.50748869 0.94208529
602.47767020 0.94609092
602.85881423 0.94032792
603.98213757 0.71705033
603.70646266 0.71292339
602.83410970 0.71559320
604.11776898 0.70964151
603.86724685 0.92998931
603.09898303 0.69467924
602.25768803 0.71486175
603.80573089 0.64868445
602.11689493 0.72205030
603.81828509 0.69411970
604.83946142 0.71110798
603.51532891 0.71681752
603.88814283 0.61003025
603.07751488 0.67108820
603.98178625 0.60232490
606.54661162 0.65136107
602.34965900 0.83278473
602.13887449 0.80945946
603.71644228 0.84047341
603.28674794 0.82181657
603.10130537 0.83495724
602.65254363 0.82946545
605.36675151 0.75381318
604.38804044 0.78861095
603.09346847 0.77907150
603.98879016 0.75104642
602.10909037 0.12902761
604.41996524 0.30340238
603.77863335 0.12773358
604.91187601 0.09554437
605.07567733 0.09792138
603.45117124 0.09298203
604.42868702 0.23880037
604.10362664 0.29961869
603.65214530 0.23978303
601.92088328 0.24696797
605.42342602 0.88149529
603.37143746 0.90382052
604.35947696 0.88978341
607.83419133 0.45023212
601.34965034 0.89098807
604.32367436 0.37408830
602.72339280 0.55774664
602.79310786 0.90543767
602.93854736 0.53981888
602.94480766 0.56925969
602.72539079 0.62212547
603.09390354 0.65090288
603.58116755 0.63722051
603.15251799 0.82618624
604.68814727 0.50586924
604.13010868 0.53628526
603.59667842 0.53642765
602.17950138 0.55245382
604.26610796 0.84135310
603.27534372 0.52492696
603.05219898 0.78926781
604.64247807 0.78506946
603.69747969 0.80326374
604.82321010 0.06395931
604.35341325 0.68975790
604.22834602 0.06192781
603.82664364 0.05127086
605.33191030 0.68182993
604.39589829 0.05643430
604.91177844 0.06436510
604.64368589 0.07337700
601.68581052 0.05007360
605.32013221 0.08494499
603.50254155 0.54543814
604.19669650 0.13087589
602.31334286 0.76687688
602.51951502 0.74975567
604.39555396 0.08467416
604.87272987 0.44345235
604.08603646 0.71283237
604.95968245 0.59472485
602.64151762 0.37794343
602.83937622 0.60912016
605.02474238 0.30052661
603.38029632 0.71700602
602.42495948 0.35141151
605.01190476 0.20303932
604.24015568 0.53358097
607.28670139 0.14351496
603.77283654 0.19705357
603.07801298 0.90264934
602.41777528 0.96076681
602.69047527 0.93456562
603.42429959 0.80114288
603.79421260 0.89876958
603.29540914 0.81677348
603.70895183 0.82826633
605.72987203 0.96035232
602.53182911 0.82756671
604.16700500 0.84813424
603.36983821 0.47206237
602.90352201 0.51173590
604.06725551 0.50074437
605.14150366 0.71840383
604.02016662 0.47166160
603.92972025 0.73601561
603.85389944 0.73005794
604.55305571 0.51715321
603.72551053 0.72996609
605.30490887 0.72133797
603.01146601 0.84748859
602.44038228 0.83846623
604.68571401 0.85495915
604.81680634 0.95316675
604.17526471 0.53922985
606.75497432 0.61216931
603.23009550 0.60151050
604.34902818 0.56293638
605.91935587 0.94322103
604.79424974 0.58790265
604.70812655 0.41414572
604.07336280 0.65411051
602.94053350 0.40498357
605.41139945 0.33830584
603.90943999 0.39642886
603.29372910 0.37569343
603.69899738 0.61246967
603.89547339 0.63505353
601.98309621 0.62846417
603.06131602 0.60988574
603.54902555 0.55447442
604.49958353 0.58161565
603.73439510 0.58172841
603.27900354 0.58174974
602.80526665 0.87037550
603.36733760 0.85754771
602.73657814 0.86269051
604.09303329 0.88061685
604.57941742 0.58012749
602.65939866 0.86277484
604.37616371 0.76653758
605.05999517 0.72404876
604.30044645 0.77306457
603.91855831 0.75741159
605.07539004 0.77644194
604.78522599 0.75902876
603.68256887 0.70267218
602.60646430 0.74123553
603.56114816 0.69823751
604.92687581 0.67644786
602.78854879 0.97488122
603.53129805 0.97228732
604.47268424 0.97428904
603.69337023 0.95986504
603.07244083 0.68917879
604.62191983 0.68261139
603.56154775 0.65468898
604.78286615 0.67472964
604.10674809 0.95893279
603.28949955 0.68097785
604.21333880 0.69840164
604.15547151 0.69565358
605.68560505 0.70957633
602.99345809 0.47735756
603.60748353 0.83062140
604.47808580 0.56061496
604.36160162 0.69190733
603.42131164 0.82344223
603.25757253 0.63253685
604.17215095 0.71013003
603.47021404 0.37945612
604.79740775 0.20479374
604.12481603 0.38622715
603.99288696 0.91707239
603.91887782 0.29492946
603.61765807 0.54183241
603.55668121 0.48294058
605.31286295 0.09299778
601.82700383 0.91895037
602.05551614 0.54246078
602.26193729 0.54934650
603.98346047 0.52376448
605.12114002 0.53202628
603.86981087 0.17697099
602.82454200 0.87265941
605.33701285 0.19316032
605.39972569 0.19922886
605.03207626 0.88136533
604.50881751 0.13046765
604.80014376 0.21017227
604.00150313 0.46781025
604.46683123 0.70710143
602.85119048 0.48249519
605.73761424 0.70758297
604.87753127 0.47353054
602.07609428 0.70592593
602.98597702 0.79755186
603.50726822 0.71665799
602.81715725 0.81758237
602.88616412 0.80624812
604.06453850 0.42494707
603.58123641 0.56287719
598.85442594 0.44184815
603.10930451 0.36581324
602.77059891 0.87211131
604.37093596 0.78295739
603.39823630 0.84406816
603.40512536 0.92111690
603.93895695 0.57116316
603.53153067 0.85690267
604.21865365 0.64683273
603.88719400 0.51724894
603.18235822 0.64026786
604.60287037 0.39618020
602.90275247 0.57854920
604.86207471 0.37467775
606.17885523 0.22636229
608.05465845 0.41858903
604.64115190 0.25769477
604.25268247 0.23371635
604.50964390 0.79125442
604.51637637 0.78160827
603.56416071 0.79482854
603.59404291 0.93655625
604.35521727 0.55253386
604.43433753 0.54296077
603.99114061 0.53045247
603.30145282 0.52919279
604.93550784 0.93867673
603.79425753 0.53160786
603.23964361 0.17003366
602.30275169 0.28602673
603.69570659 0.16760196
605.85996696 0.66932699
602.40067761 0.14936122
604.26069255 0.65340787
604.34183072 0.74428428
603.16887526 0.28318620
603.31110037 0.73766635
603.66851125 0.73487277
603.47780503 0.73968962
603.17572568 0.73955026
602.74290290 0.74966357
603.98616835 0.91561703
604.14371680 0.54433793
604.41593088 0.59213471
604.09785631 0.54883236
603.38053135 0.57327081
602.91699384 0.88762383
603.27455427 0.58330109
604.62962018 0.77399179
604.62077219 0.80498704
602.27211386 0.78086192
603.15735842 0.61608332
603.21846532 0.97557190
603.16036685 0.68444549
604.30134005 0.52955808
604.24214010 0.97499634
603.37921329 0.43683450
603.37619411 0.53675297
603.03286722 0.52029075
603.63675352 0.34904179
604.20466906 0.50779709
601.61215491 0.78779167
602.72652634 0.53873071
603.49473955 0.77907649
604.01612112 0.69545631
605.50986410 0.31411611
603.80268991 0.69163426
603.30084694 0.69764389
602.60199321 0.49817054
603.72149751 0.55586540
605.06674892 0.50752531
603.71506893 0.04239952
604.79876346 0.84421730
605.25781705 0.09523260
603.45886669 0.12230896
603.54935469 0.83527044
603.26845104 0.08939364
605.02969150 0.12991526
601.61254325 0.22861717
605.02416071 0.25505733
603.42157771 0.23565763
603.30006160 0.86495803
602.82840899 0.20539269
604.40665714 0.64433543
603.47269574 0.63831509
604.40870433 0.19707246
605.67032307 0.85979246
602.61816162 0.62574388
603.99404537 0.82289727
602.16063800 0.83391482
603.26828729 0.82237900
604.99989625 0.69742475
603.66685398 0.83445924
601.98234150 0.71305485
603.53353908 0.70563506
604.66761806 0.82764267
604.86589355 0.68177842
603.58586708 0.69940048
603.45064073 0.57453337
604.98443326 0.58027433
604.20949588 0.55232157
604.08623437 0.59060352
602.71303914 0.71767748
603.58343310 0.77117556
603.88746102 0.82969973
603.81583765 0.70718835
604.61832123 0.55736321
603.67912938 0.77748490
605.32274276 0.94370521
605.75757569 0.93999957
604.09643275 0.93889365
603.91070777 0.25708399
604.44384591 0.94911842
603.15190830 0.27089370
603.34603967 0.25254486
604.07875815 0.94582013
603.01871346 0.28729149
605.04060929 0.28846226
600.73724491 0.76662068
604.56350459 0.76065081
603.22376100 0.78333651
604.12535059 0.87535851
604.20526541 0.78259333
603.84899732 0.87837422
604.97020221 0.86342855
603.19700272 0.79083276
604.26027510 0.88320858
604.89757733 0.85819313
604.94787953 0.03784962
604.98504392 0.03357109
603.91941323 0.04323972
604.04867456 0.54582930
605.08076591 0.04358039
603.83330524 0.60055822
604.07531898 0.60767298
603.95891972 0.03662217
603.70585616 0.53442335
604.81302283 0.60300512
603.75539574 0.88714490
604.85296485 0.88254263
603.35123356 0.88842699
603.69652088 0.98894152
603.29148069 0.52682843
604.35800387 0.52655672
603.65117177 0.53339938
604.94211507 0.52478039
602.39365428 0.98716778
603.29021296 0.51912475
605.87617000 0.42112708
606.26634287 0.40972370
603.73512303 0.39623832
603.59991957 0.68437503
602.93899683 0.37354072
603.31412326 0.65630144
603.46784211 0.65915789
602.89068956 0.41580281
602.55866781 0.63229118
601.58617703 0.65304329
604.09965508 0.80771929
604.17860151 0.84347154
602.97211517 0.80292066
603.75319979 0.24649078
603.58038271 0.45343919
599.99603251 0.15372451
605.04967448 0.39781201
604.07803869 0.56073390
605.07280801 0.48355508
603.85643284 0.37595851
604.16590514 0.35117171
604.22539329 0.25972053
603.57865985 0.33207438
604.52091195 0.54153786
601.58382500 0.44492713
603.85475747 0.82868361
605.08936476 0.82778637
603.41016086 0.37657130
604.44442701 0.53304899
604.74392852 0.82164341
604.25017958 0.95446150
601.91791560 0.95276146
604.12998602 0.96548885
603.33016025 0.73659602
603.26756773 0.95648090
602.77513882 0.73656659
603.09335529 0.60492585
604.65750702 0.95775462
604.60136464 0.61244226
604.68610953 0.59052147
603.00009091 0.59804412
605.01359269 0.64222077
606.05044820 0.59545291
606.45900292 0.73720784
604.32676764 0.65317350
604.53670361 0.80951968
603.34376407 0.80916058
602.12064617 0.68691947
602.51100774 0.71097898
603.15402461 0.81349981
603.98645409 0.12348521
603.78840389 0.13589669
603.73283284 0.11691954
603.89333157 0.55799805
603.97571630 0.10432604
603.05234895 0.55578881
603.97465811 0.56608382
604.27933447 0.11917132
604.32877659 0.53824438
603.51130679 0.57847837
603.24440731 0.74097013
602.39737675 0.70522388
604.11243388 0.78406859
604.25590927 0.81011047
602.80760919 0.73185994
604.14499861 0.89070155
605.54581637 0.83007689
605.35071043 0.68657865
604.76251517 0.84939830
607.31971019 0.83302961
602.64666996 0.54585237
602.89979802 0.36730987
603.84145420 0.54519032
604.16551477 0.02310616
603.77650054 0.55083401
604.45374551 0.02017117
604.79362076 0.02335045
602.65986559 0.37867567
602.52433500 0.01628858
603.21194383 0.01130826
602.97965051 0.90609538
602.31253774 0.90496737
602.93753437 0.91680422
604.95461122 0.74100535
602.35608858 0.91341827
604.61589449 0.75374523
604.49299318 0.77684006
604.43013572 0.90261296
603.24281222 0.78061279
602.63231915 0.78942105
603.32025482 0.57194640
605.11986079 0.68714784
603.11046111 0.58417220
605.48893934 0.54348770
603.91380374 0.54661609
604.99820569 0.54773003
604.60124053 0.67136117
604.54756106 0.67841408
603.09466542 0.63579270
603.30384337 0.64486697
605.75075576 0.92436182
603.61872458 0.85376050
603.57070917 0.91926437
603.40031333 0.89839481
604.19757129 0.87907989
603.39142478 0.86980038
603.82275921 0.80628040
603.49872422 0.89190852
604.35195202 0.91318786
602.08038450 0.88293458
602.16737641 0.39308495
604.54969918 0.35480298
603.41230148 0.37330690
603.67329107 0.29843500
604.37028271 0.31444176
604.27459236 0.22989464
603.92333795 0.19795330
603.98786216 0.25109192
604.22594708 0.27082488
602.63100971 0.19834873
604.41663597 0.57654027
606.30098405 0.61350286
603.04235620 0.60411443
604.81254305 0.58184629
602.88824774 0.80783753
602.71610185 0.80486990
604.67151959 0.80908416
602.96071827 0.81326772
605.77946726 0.56015682
604.43711610 0.77089926
602.78978396 0.52013577
601.58671802 0.52235440
607.24103219 0.51656673
603.90338311 0.22539252
602.77059842 0.53223784
603.62298236 0.25013721
606.24506392 0.15487890
604.25489056 0.53402189
605.26714689 0.15599708
604.31373722 0.17162367
603.54034936 0.76833995
603.73301971 0.75533223
604.55729382 0.76395022
601.86233622 0.85892553
604.16074395 0.75614042
603.33384640 0.85750791
603.83925704 0.85322020
602.81304434 0.76236142
604.71809439 0.86268646
603.20374596 0.85160015
603.28556587 0.76133914
603.51846903 0.76830742
602.37164427 0.76887303
605.11759172 0.67442119
602.58229220 0.88172683
603.27954789 0.74340190
604.36485615 0.73931851
603.90447295 0.86576191
603.54711993 0.68755592
604.16326085 0.75644909
603.61025273 0.34597409
603.71442868 0.48467887
604.27930835 0.36541245
603.92399854 0.96994503
601.26087906 0.26117965
603.79657621 0.67760011
604.30654078 0.73160655
603.77474400 0.39335518
603.82702640 0.97438567
604.03484628 0.73465480
602.67501322 0.51538868
604.04082426 0.71942059
602.77023411 0.51895780
605.50437494 0.53086047
604.96254480 0.51378401
606.58309788 0.47048719
603.16412939 0.71073853
604.26529524 0.70768338
604.33637298 0.72294417
604.88304186 0.71859246
603.78303508 0.55785813
603.40772859 0.43015239
604.82058252 0.56838167
603.35958806 0.56782623
604.14799378 0.95083778
603.38483562 0.94665010
605.72623170 0.94053797
603.53723071 0.92505692
603.90325706 0.43271294
601.52721335 0.93904209
603.73131638 0.45502356
605.54108311 0.29183647
603.41121350 0.46147364
603.58732419 0.44746585
604.66677296 0.45650649
604.60544001 0.48166293
604.45360805 0.30362787
606.41818145 0.31044942
605.21326539 0.31439155
602.44487929 0.31865831
604.38220448 0.80895657
603.37285718 0.81652580
604.17028582 0.80989318
602.77153049 0.80690485
602.38509182 0.53483796
603.79733352 0.54217714
602.96701194 0.56363792
602.80919550 0.54165968
604.93783667 0.80919973
604.23644865 0.54162648
602.14663660 0.70845061
604.21597150 0.72519739
601.99251489 0.71845415
601.90518242 0.05056167
602.80469503 0.88681248
601.84434093 0.07817599
603.35561179 0.10779298
603.54570994 0.89829371
602.98776784 0.09401646
602.93593500 0.10089863
604.38796009 0.66822152
602.80223351 0.58007549
604.47065764 0.66944802
604.32791337 0.77463272
602.80540996 0.55475913
602.26004923 0.55331437
603.33678661 0.53616992
604.00338913 0.38553941
602.33180117 0.78785973
604.63294561 0.55622106
604.84044445 0.53956821
603.28776121 0.40704537
604.72932571 0.55261861
602.86588233 0.51291947
602.74451812 0.65708258
604.27540392 0.56095013
603.82366279 0.37766793
604.15736058 0.58525579
604.28247106 0.23261551
604.16744640 0.34494246
606.02761582 0.05839907
603.29296897 0.09215656
604.54819518 0.04537920
600.52646918 0.90204116
604.53826583 0.03816507
603.96548848 0.90016272
603.52482584 0.89157244
603.22005244 0.07415191
604.32141945 0.89322681
603.63692332 0.89327897
602.32578901 0.81693128
600.77816901 0.76889448
605.57063552 0.79720225
605.65693213 0.16878895
603.63618930 0.82415683
600.99015123 0.21534665
602.14603069 0.15450553
602.44225821 0.73867286
602.43893919 0.14486251
604.88593170 0.15193550
604.97129933 0.28712175
603.61320679 0.24205419
605.05522565 0.28068865
603.27140503 0.72724771
603.36212304 0.23302945
603.85924164 0.55179478
603.36434043 0.55501742
603.81643236 0.18544146
602.40916326 0.74424913
604.26197461 0.55781899
603.03310501 0.91754704
603.78190637 0.92501806
603.25908913 0.92104527
604.38519470 0.70497889
603.74626969 0.83064515
603.68141471 0.67045470
603.76063898 0.67355505
603.51389304 0.82868099
602.55363058 0.70337644
603.89049652 0.65053279
604.49596663 0.48153198
603.29181116 0.44468227
603.58401908 0.49191386
605.00831455 0.55247074
603.20239156 0.66157810
603.58731314 0.92586461
605.34793686 0.92403489
603.65721204 0.62113169
602.35461627 0.54950476
602.26532383 0.93707923
602.68743917 0.32615170
603.97119828 0.37831518
603.57495709 0.34046980
604.39394491 0.57406055
602.89125418 0.46206257
604.12275704 0.73971392
602.92062659 0.75666499
603.96034128 0.47872335
603.86653169 0.57650871
603.87602382 0.73779732
604.62834256 0.86609329
604.10231615 0.87589201
604.50524278 0.85680869
604.35040258 0.97841327
602.94327489 0.87028945
603.76238684 0.98167352
603.09613337 0.98021389
603.86485230 0.86936337
602.34084349 0.97660740
603.54403171 0.98110948
604.86174209 0.74931257
602.45433624 0.74894990
606.04268312 0.75975436
602.79436621 0.51749660
602.45297655 0.75241504
602.99829120 0.53144681
605.18555625 0.54947424
603.07149414 0.73055726
604.51731669 0.55132414
603.45619032 0.55616006
603.16465745 0.97754320
603.91423953 0.98622942
601.35691664 0.97275890
601.98320106 0.84667549
603.56153288 0.59891739
602.89464321 0.53041919
604.63797281 0.61881809
604.89138727 0.61130119
602.45264444 0.87171069
604.63097335 0.61529006
602.46144534 0.08854237
603.15193383 0.32494193
603.43723209 0.09975590
604.16174603 0.49992231
605.28065616 0.23226861
603.38252766 0.95365368
603.96782223 0.96653650
603.52466459 0.39849855
604.58600800 0.54814792
603.83759851 0.96828983
603.27974991 0.82602619
603.09283005 0.82075799
602.87087129 0.83581034
603.94788500 0.73403647
603.68973521 0.62197605
603.94681743 0.59925070
603.32509172 0.51549474
603.42245583 0.61723978
604.79233719 0.68887328
605.63655259 0.53939591
603.37387054 0.66685337
604.87293193 0.42307505
603.19974014 0.65125881
603.58298246 0.73639132
604.14688147 0.71510384
602.42030690 0.85724625
604.42377049 0.79705497
606.41689708 0.52067731
604.17690732 0.62901207
604.37252776 0.81805923
602.18581451 0.93694186
602.86311504 0.93526315
603.02232378 0.93420505
602.47644443 0.38540292
602.57316107 0.93845890
602.39259718 0.41171178
604.58497326 0.48560738
604.73929330 0.95228937
603.91167222 0.46683977
602.88450632 0.45328913
605.10059154 0.88130305
603.93988644 0.87360325
603.77243374 0.87258365
602.29230432 0.79202735
604.84376930 0.82665419
603.64877561 0.74934551
602.86594431 0.75163652
605.51424188 0.81660623
603.92539596 0.78615851
602.71923933 0.74797627
603.62161406 0.65149677
605.17126355 0.41063070
603.65814247 0.65819161
603.13401743 0.22876071
603.87857721 0.64786155
604.13581053 0.23933498
603.88007565 0.09975098
605.06782107 0.41780396
605.11360776 0.10381900
602.99048558 0.10887440
603.38985315 0.99729878
603.43451944 0.99541532
603.76579996 0.99768770
604.61823301 0.90010778
602.95139528 0.99652945
603.99441343 0.91172478
604.53565238 0.90308730
603.11476940 0.99424279
605.66880822 0.90928826
604.03163953 0.90417680
604.54988943 0.46413708
603.23588893 0.58648665
605.84275889 0.49080696
603.70723118 0.33213820
605.70716118 0.45749350
602.44415013 0.33493882
604.46056567 0.56961035
605.02836377 0.54627655
604.27177127 0.56408526
604.01035677 0.56738249
603.94698522 0.96446557
603.48308121 0.96523793
602.21803131 0.95544265
604.37268569 0.77980345
604.64615261 0.78958404
603.16348191 0.66541466
603.68042970 0.72655026
603.65243691 0.80658630
603.03765312 0.81233164
602.19297222 0.71787126
604.16874186 0.75779343
604.07319015 0.74038663
604.60142556 0.74915079
603.85079488 0.34242653
603.68327119 0.74894473
603.99540950 0.37532842
603.90235314 0.40194140
604.18975933 0.73946437
603.84851353 0.41023974
603.99785993 0.40877461
602.00257486 0.61897166
602.83055823 0.65599771
602.57301446 0.64465049
602.27948404 0.65267146
603.06189651 0.84986913
604.14562368 0.93200830
603.18295164 0.93317282
602.30294240 0.85158519
602.82697664 0.66623503
604.09626945 0.94658675
603.63466430 0.38375254
604.36913750 0.30337128
603.41170913 0.39539623
602.70224022 0.66711004
603.78154588 0.28608018
603.72252459 0.45760296
602.82651423 0.28371500
604.68424383 0.15652778
603.44374394 0.54080306
603.93063573 0.27445160
604.46756889 0.53673464
601.51479061 0.55008248
602.59787682 0.53706936
603.71996356 0.99530596
604.58877668 0.57062284
602.85945890 0.99685655
601.53345380 0.99915254
601.98472522 0.55169273
605.23927584 0.99745751
601.93509763 0.99830508
603.19214993 0.53691881
602.42499222 0.53566279
604.35196309 0.55244353
602.70081462 0.55687942
603.82872052 0.59356107
603.10248921 0.57022248
604.16390681 0.56634662
603.01012430 0.58010318
603.40095293 0.54217482
603.45543469 0.58044863
604.89577113 0.15916360
603.76017713 0.23144819
606.39397385 0.16915001
603.47737557 0.86589623
602.96041542 0.16900033
604.55971200 0.86703866
604.19038576 0.86740625
603.85219813 0.24666255
604.54210071 0.83555171
603.91429145 0.83263580
602.98968952 0.62077037
603.84334907 0.76518409
605.19244572 0.61383221
606.80849057 0.32144412
602.48507198 0.66123238
604.30646148 0.34685677
604.55084943 0.52276401
602.52156143 0.78915630
602.93132061 0.52560906
602.32582579 0.52492941
605.53782564 0.41735798
604.21335373 0.68904481
606.17305830 0.41641275
603.26851852 0.92148847
599.72374338 0.40435873
603.85834797 0.90805686
603.36876651 0.92704132
602.92156741 0.68706716
603.22788515 0.93635491
604.76587224 0.92795171
603.82359838 0.76699561
604.15381310 0.79966275
605.27214087 0.78183135
604.33586170 0.65138946
604.40160464 0.68612190
604.08973070 0.58039873
605.06250406 0.54434548
602.88449428 0.67166475
604.97741951 0.61048536
605.03346554 0.56992121
603.85438799 0.17247132
603.64818041 0.08985358
602.83561733 0.15955914
603.66787611 0.82501227
603.77859811 0.13359095
604.24063026 0.53103728
604.26170974 0.44870478
602.82689209 0.05124456
603.66195548 0.79732648
601.40177116 0.46414944
603.95576644 0.52139074
604.32720258 0.54459616
602.04840913 0.52570277
603.33351502 0.14944889
603.50103143 0.75957982
602.75442156 0.22960652
602.01813940 0.35484294
602.66970576 0.79548641
601.94004896 0.26226240
603.80821131 0.32181091
601.66469531 0.57311838
603.22459673 0.58981815
604.54905049 0.58373361
602.78811727 0.57767531
604.17324682 0.55351406
603.85631985 0.55507167
604.74577119 0.54926443
605.61895737 0.55418957
603.45871530 0.58016562
603.61180425 0.53047637
602.59724547 0.73672650
603.31527131 0.53904826
603.67175401 0.74789264
602.78526076 0.64971798
603.07718604 0.75168761
604.06679564 0.65730350
603.71895916 0.36604228
605.68931183 0.57133742
602.36530499 0.32483056
604.47132691 0.35354722
605.28657669 0.83034706
602.13176339 0.83944886
604.08683026 0.84523924
602.18083963 0.98502923
602.49565433 0.83795419
602.05221509 0.99459868
602.95174988 0.99849616
602.04971861 0.83280677
601.47061267 0.98198252
604.40828029 0.99774402
603.76846609 0.29582825
604.45677659 0.49353623
605.22207809 0.30890614
603.06472607 0.69103281
602.24078346 0.28326027
602.98734485 0.63894675
602.94510885 0.73719533
604.60092573 0.48697122
604.43602202 0.75812535
602.65419264 0.74430733
603.90356130 0.87083403
603.51273920 0.87434712
604.92524968 0.87426836
604.29826671 0.85245590
603.84650854 0.61185458
603.70241787 0.58809491
603.57379451 0.59419748
603.80721687 0.57258206
603.66877710 0.84811818
603.90416022 0.61299203
603.45378923 0.51969631
603.53104501 0.56691930
602.66187007 0.51112318
604.93669788 0.43313777
604.12367800 0.59560593
605.31835483 0.49577094
603.09684993 0.55488640
603.83516497 0.62562223
602.85755899 0.49077273
604.06810419 0.54740910
604.01824772 0.99102133
604.22550162 0.98752141
603.53510753 0.99124304
604.14754070 0.96437250
604.29648546 0.99015306
603.75662001 0.96357218
604.63395694 0.96446748
604.61266814 0.98942085
603.33424280 0.96515010
604.57914829 0.96558254
603.11734263 0.77005653
605.57008439 0.70748434
604.47221348 0.78722084
603.85046466 0.72938197
604.02197190 0.75088658
604.03032164 0.73166579
604.07725812 0.64596055
604.18167314 0.71344981
603.33757393 0.65730529
603.34797011 0.63916691
602.71381228 0.23085126
604.88401949 0.17658263
602.34198768 0.21400360
603.72893841 0.83308878
603.05336966 0.23778038
604.01502428 0.90144933
601.00528871 0.89116167
603.32433309 0.17406157
604.90406816 0.82776985
605.14484349 0.90405264
602.11767048 0.81433265
602.68960320 0.80473539
603.95260447 0.82577322
604.49759689 0.68837831
603.63775133 0.73350964
603.36691314 0.64389123
601.97327894 0.59997084
603.76780913 0.72800785
604.63184969 0.65623702
602.62866439 0.60254212
602.95259642 0.54587388
603.41019591 0.57394554
604.15120726 0.54704967
605.79110649 0.53954607
602.79043418 0.54529701
603.08355622 0.54154347
603.81313989 0.53680540
604.99444919 0.55676308
604.68769496 0.54453834
602.98447295 0.54268034
604.96170440 0.93902046
602.85447619 0.93222556
606.69115645 0.94895197
602.39500665 0.09680740
604.35299032 0.92411739
603.39395835 0.08569844
602.84819987 0.13379221
604.48375991 0.94204336
602.88691433 0.12902713
605.93001513 0.15347976
603.03794543 0.32931692
603.45039257 0.52590900
602.12294113 0.33474631
604.84877786 0.47095016
603.20395433 0.17125957
603.17007934 0.25805388
603.35997548 0.53927301
604.26016689 0.43024078
602.83814049 0.69470791
604.29216836 0.55126015
604.58956938 0.84120024
602.50859890 0.86582608
604.35702099 0.85751464
604.61466432 0.90840999
603.04672755 0.85361723
604.37328328 0.91962800
603.93089319 0.93160309
604.45978825 0.86969769
601.70696800 0.90681526
601.47438864 0.92585737
602.36665006 0.54529849
604.94380855 0.55467229
603.60376689 0.56565100
603.65478514 0.25776720
603.11966552 0.75605666
602.90848478 0.31614866
603.39567040 0.22125081
602.14001842 0.73673583
603.86521489 0.17041088
602.95586403 0.20249938
604.84992754 0.97380348
602.60159223 0.97940813
603.24413868 0.97514511
604.00030480 0.79940684
602.36809245 0.90424141
605.96904373 0.76576066
603.64677997 0.75862236
604.09792217 0.88309977
603.89998727 0.80857045
605.06289068 0.75812737
605.34730267 0.77729087
603.68412170 0.80968765
602.43607693 0.80368567
604.60113309 0.49507529
604.37315667 0.80007981
603.31776048 0.49437507
604.24914391 0.58149536
603.11008852 0.80281911
602.69328289 0.57535521
604.80648233 0.57089119
603.89691912 0.22341937
606.48453023 0.13958130
604.37290992 0.22520226
603.40255079 0.54266257
604.44496237 0.27477081
604.20892738 0.81536869
603.43786297 0.87306558
603.89052770 0.19490074
604.23469284 0.52977564
606.47684362 0.87306257
604.91025870 0.92091030
600.75536208 0.91423396
604.91858102 0.91191383
603.88123330 0.74699236
604.46261055 0.64708177
603.00187576 0.59339159
602.06824573 0.38128921
604.93566387 0.57856610
604.67481576 0.61184128
605.04098665 0.42616353
603.90864882 0.47651154
602.31603868 0.57807786
602.87043173 0.43842633
603.77164845 0.76971761
602.62870962 0.57037066
605.41258732 0.98570598
602.57379847 0.98113698
604.78751027 0.66559744
603.45516574 0.76441534
603.73253923 0.98025791
604.10977680 0.53549343
605.15917324 0.52909369
604.65108981 0.54384514
604.31588541 0.15126614
604.24202930 0.89236254
605.05284875 0.26158567
602.24370575 0.30639993
604.79888780 0.88220713
606.09744900 0.17254812
604.66619712 0.29891335
604.49220577 0.62887031
603.85166646 0.65093051
603.77875088 0.62825937
601.54011654 0.82463293
604.60687636 0.62808236
603.13373033 0.82420851
604.40778197 0.82571770
602.98082359 0.65701973
601.68795466 0.83597202
604.35129273 0.82736374
604.03842553 0.71730302
602.60282126 0.72195307
604.05293119 0.72018126
603.93917491 0.68779951
603.86197099 0.56617255
603.03315410 0.57511383
602.26446501 0.59941669
603.10589416 0.57664377
604.32045059 0.66412009
604.00728439 0.57162147
606.05878497 0.03586390
603.58934625 0.03976740
603.67093831 0.03362013
604.50087047 0.94863270
604.80554181 0.03368640
603.30634223 0.94253527
604.90442185 0.95075288
605.32063334 0.03619395
604.67897438 0.95624442
604.70578696 0.94918026
604.33957141 0.63574390
602.86947748 0.66610945
604.54009079 0.65536923
603.97594125 0.51186487
603.98528587 0.41357544
602.13119863 0.35231550
603.74346775 0.39074519
604.13586587 0.48088969
604.24911333 0.54330611
603.24439587 0.36835341
603.18148774 0.94064422
601.84821350 0.94318019
602.90272498 0.94406217
603.05782957 0.88578574
604.50761318 0.94961088
604.53454765 0.89618268
602.24874805 0.88724871
604.07613343 0.94606862
602.36068173 0.88954938
602.92176781 0.88478626
602.39122355 0.36291657
602.53792706 0.39125986
604.42745682 0.39059625
602.91607637 0.06289929
605.05814926 0.35529804
603.98784531 0.06438146
601.92648629 0.06557866
603.21358709 0.38896108
603.69763586 0.07357525
603.16265848 0.08503654
602.24094022 0.46812196
604.87485991 0.55813178
603.28796723 0.44987199
603.49832549 0.42183340
601.95023941 0.55849308
600.27197421 0.44541251
606.65655110 0.53416215
604.08354969 0.64764517
604.17441860 0.47500668
602.81898800 0.52864695
603.18987931 0.69523106
604.10559275 0.73483169
603.20166113 0.70973405
604.03000838 0.07417525
603.44969271 0.98369183
604.37733643 0.12686301
603.24636782 0.25085609
604.94499392 0.98131508
603.72799214 0.21488144
604.96385592 0.25664545
602.87186062 0.76420066
604.34400486 0.74144723
604.20009725 0.77114780
604.90237888 0.80156713
604.72615702 0.76309565
604.39059733 0.78751044
604.87336774 0.80689265
605.53913594 0.74843149
603.26650790 0.79067650
603.20895251 0.81556293
603.97738305 0.54939065
601.70345912 0.36788959
604.22470965 0.52666567
603.20168013 0.52604572
603.75425041 0.88253212
605.30766115 0.69260272
602.17239121 0.42235881
600.18755399 0.82778635
605.26160028 0.18085255
599.12382949 0.43078267
603.26523957 0.47933074
603.63356429 0.54303446
605.47505344 0.49266519
602.59310371 0.91164487
605.06004896 0.36583927
605.18591217 0.57374495
603.68542576 0.56721017
604.30944099 0.42080086
602.43870276 0.92000885
603.26284766 0.59176989
603.05206852 0.69456512
603.87727847 0.71559077
603.97762913 0.67021203
603.25043654 0.73575718
604.57799833 0.64149059
602.94185157 0.73252935
604.35168187 0.76102117
603.86804472 0.70595523
604.52429815 0.75318159
605.25287940 0.75543867
603.80183987 0.52803758
604.75788071 0.53243581
603.49327641 0.56471662
604.12545754 0.55165137
602.39243511 0.55314206
603.96264714 0.52744384
603.76730513 0.52747056
601.70672214 0.50531428
601.82676654 0.55290717
603.99337159 0.54353355
605.13365892 0.36397625
603.32991176 0.28681153
603.03431903 0.38329105
604.79998376 0.53250673
604.54048399 0.34859906
604.80222864 0.47100628
603.22177916 0.37088076
603.07562404 0.26081465
604.23105126 0.41823224
603.96601571 0.38412368
602.71663367 0.76970921
603.98163949 0.80096717
602.00353048 0.77900356
602.96919941 0.81333836
606.08106041 0.81743663
604.80802150 0.85924219
603.23342374 0.85806699
604.15862191 0.83613853
604.81885885 0.82158673
603.72486733 0.85930510
604.78106728 0.08795811
605.19925268 0.10176752
605.29582116 0.09355239
602.63961001 0.42684017
603.30105257 0.13807336
605.06399295 0.61542182
602.00608624 0.62670324
604.81627405 0.15815702
605.16870840 0.48367023
604.37579648 0.63263010
604.86214233 0.80262631
602.85642842 0.79882742
604.97749751 0.80438179
604.17310745 0.94879446
602.85721954 0.56573185
604.56327935 0.53402990
602.80460058 0.53852260
604.50448963 0.54724375
605.13234316 0.94539865
602.34236386 0.54071421
603.66833739 0.67708562
604.65997248 0.66535226
604.73360148 0.66115445
603.26713914 0.44934731
603.78188125 0.67282427
603.50950913 0.41707843
604.54369011 0.36849789
603.69667423 0.63441441
603.68496955 0.33483602
603.36266901 0.36093572
604.24446206 0.90153367
601.93041534 0.89186965
602.74398742 0.90746139
603.76554464 0.82185228
604.45306096 0.91039604
602.60511580 0.82538938
605.74200428 0.78703814
606.88059927 0.89073309
603.25426723 0.76776636
607.22760574 0.77885529
604.64001536 0.85604743
603.61946255 0.86709570
604.39166595 0.85805196
604.64511913 0.00804770
603.34141660 0.85674085
600.95671140 0.01175978
603.99587990 0.01639700
605.72569378 0.85596150
601.36037464 0.00455379
603.63475346 0.00818197
602.78150682 0.52525315
603.82753449 0.47952493
603.25611186 0.51849483
604.74306941 0.70259995
603.99563415 0.58130815
604.25001235 0.78321034
602.46686726 0.75789644
602.94323454 0.49386552
603.71917651 0.68569362
602.54817425 0.77259244
604.97965152 0.97080139
602.96616195 0.97013159
603.13639892 0.96787761
604.38472376 0.60103846
603.84066352 0.96700293
602.69440958 0.60155603
603.37851528 0.66484366
604.34170414 0.97340802
604.70071663 0.63943174
603.78761953 0.62777030
604.66624188 0.35676734
604.00976756 0.54038815
601.66015771 0.30926223
604.27125100 0.47179898
601.85164231 0.42051681
606.25432818 0.64805963
604.33443691 0.65966681
604.29272680 0.60504114
603.38272476 0.54294514
602.67523233 0.64458055
603.79112814 0.69380541
603.49008307 0.78706378
604.61160503 0.69340433
603.47852358 0.75690632
603.24916916 0.70891458
601.92703782 0.76443474
603.92310920 0.81745876
603.21744254 0.77700178
602.05687135 0.81319291
604.76189919 0.80656174
603.69602066 0.08947670
605.99894073 0.04286354
604.55798356 0.09650374
603.11131394 0.26728862
603.36957718 0.07854130
604.91136601 0.24822619
602.87362071 0.10021601
603.99553251 0.02698813
605.68446541 0.16522417
603.12881144 0.08246848
603.85288271 0.90427513
602.72963804 0.90275520
604.12561612 0.89742995
604.59502529 0.93184955
602.90055202 0.89401040
603.50052150 0.92391543
602.63364192 0.92456873
602.93796697 0.89636734
601.90159743 0.92746496
602.45678891 0.93841617
604.81957276 0.35898901
603.30704099 0.54274897
603.07081020 0.39057421
604.24830204 0.47287832
601.57279200 0.54476842
602.02739801 0.63398345
602.58490200 0.71035763
602.49749053 0.68056667
603.96890829 0.55708274
602.93489046 0.69846820
602.89124509 0.27296117
604.03474057 0.41473662
603.15220598 0.25645438
603.15894984 0.52107145
605.92551504 0.35478128
604.15453985 0.88125864
603.16010198 0.86235878
603.01633917 0.48923497
603.97446290 0.54261604
603.47026968 0.86629058
604.45503862 0.84432688
603.41425727 0.84831439
604.05709987 0.83606398
604.32200421 0.76895612
604.29268462 0.83553266
604.07765289 0.76878195
603.55053772 0.75982640
604.74131461 0.83192499
603.84158576 0.74746304
605.89016487 0.76795155
604.26119640 0.65368437
604.04304602 0.48143380
603.66448933 0.66928921
603.50745465 0.72596495
602.53400132 0.72318173
605.38065030 0.87037356
605.08517824 0.87938787
604.42776043 0.62097243
605.61750126 0.72513337
600.74723541 0.85349683
604.56267735 0.93533181
602.24843975 0.95291017
604.56254767 0.94935164
604.43207381 0.39912778
605.43535746 0.52247946
604.46938017 0.24344251
602.45626076 0.44649150
603.72771747 0.55267754
603.33660865 0.56389135
603.21456368 0.43544456
605.30528690 0.64588544
600.27301792 0.65959441
603.07858992 0.66971490
604.25405013 0.95112800
603.44891131 0.54148060
605.11713246 0.71191850
604.75100837 0.72278745
603.69581197 0.48446451
605.43279586 0.95712062
598.92511528 0.70029132
602.29051186 0.53010382
604.98817784 0.54156943
602.99148442 0.54968396
603.45835247 0.55021561
603.89495902 0.98412714
603.29348436 0.73851901
604.41758776 0.72051464
603.65129934 0.98533358
603.80581331 0.54841362
603.30322682 0.72654104
604.27745054 0.62382510
603.64510186 0.62130384
603.35961311 0.62661051
605.14026681 0.85374651
604.59264486 0.62311532
604.03813979 0.84056507
604.51531656 0.85031990
604.62797558 0.62922170
605.25782620 0.83795390
602.78893503 0.84158598
602.46421569 0.80448670
603.84745228 0.81929713
605.27851516 0.80949546
604.81481272 0.35724874
602.53107382 0.50513249
605.43132744 0.26526461
602.64703385 0.24321644
603.93699308 0.53102867
604.97648543 0.33157492
604.60644319 0.26300658
603.76674593 0.92655147
601.22023162 0.92689206
602.63192086 0.92406161
603.51254334 0.77188041
605.50252292 0.92968001
604.25122882 0.77416115
604.30488328 0.78141668
603.70703647 0.92839573
603.90981163 0.77225643
604.26469694 0.80112218
603.02714585 0.71032169
604.36553730 0.67160596
604.52005697 0.70584951
603.45392279 0.14408973
603.16319792 0.55332370
604.10970351 0.10163100
604.04971134 0.12316832
602.92172581 0.58807918
604.07469241 0.14505104
602.33359382 0.13053375
604.29010759 0.61642311
604.05952985 0.62628080
602.51126488 0.62392396
604.16956613 0.65754749
604.29342570 0.78868361
602.89677563 0.86321049
603.58140396 0.87689806
603.13842300 0.78743788
604.70143750 0.65070622
603.59511879 0.86888017
604.20416500 0.13914352
602.98645350 0.18496281
603.18044029 0.14416879
605.02272243 0.39277636
607.93000451 0.17050868
602.05912106 0.45616855
603.31419290 0.49409011
603.49170572 0.21152922
606.16337215 0.49991502
604.11768911 0.51180049
605.35711026 0.31486905
603.31717230 0.56102593
603.63947938 0.34701640
604.35383914 0.23249829
603.38893541 0.71213090
603.28059923 0.58773923
604.65558047 0.71743381
604.47401825 0.79634081
603.19300130 0.46598208
606.44722746 0.72918096
604.29252845 0.28977389
603.59614495 0.34074580
604.71463959 0.27494562
603.63062458 0.98400992
603.36874967 0.30563618
606.03050152 0.97817038
603.88864274 0.97862658
605.04022349 0.33146233
604.87615377 0.98441710
604.23171233 0.98188244
604.16568809 0.84115373
606.01243149 0.84844367
603.16227561 0.85399875
603.27939842 0.56426113
604.11980486 0.63925243
603.03604714 0.49217592
603.92439296 0.41539397
604.49220041 0.62651841
605.00972006 0.45954853
603.66013265 0.41738513
603.40225413 0.59157545
606.17207866 0.48437226
606.65554407 0.60687135
604.92404086 0.86404660
604.92356362 0.60600034
603.52722219 0.86667101
601.57036199 0.81010558
602.40376169 0.44038160
605.33302501 0.81892530
604.64154854 0.79861718
604.75136320 0.45860707
603.46071048 0.41784843
603.03924493 0.50679046
603.13999181 0.23350166
604.35084482 0.32890496
603.83244336 0.17119771
604.84945665 0.08224208
602.26393315 0.18587561
604.24559125 0.17473403
605.70638518 0.08025613
602.81032753 0.86738298
604.20424103 0.87583379
603.14254706 0.86528630
604.24282972 0.81389111
603.58358017 0.86968175
603.17172954 0.80817772
605.16673066 0.80591653
603.03333670 0.87518143
604.03031941 0.81433002
603.75219937 0.81355108
603.83262923 0.75666899
602.87872096 0.75216449
604.75118900 0.76472339
603.99692218 0.68711022
603.28965803 0.76089154
603.71531195 0.69014961
604.00321184 0.69899717
603.69929063 0.76638090
603.70420494 0.70917879
603.75396543 0.69943266
603.53251582 0.66655201
605.04133263 0.65114834
603.73730194 0.65705593
604.42607845 0.64816076
606.08186690 0.87239414
604.52579282 0.81915355
604.48887720 0.82474522
603.58204182 0.86921807
605.40566160 0.64502624
605.70482492 0.82899411
