300.0000 10.0000 0.9000 10.0000
300.0000 10.0000 0.9000 10.0000
300.0000 10.0000 0.9000 10.0000
300.0000 10.0000 0.9000 10.0000
300.0000 10.0000 0.9000 10.0000
300.0000 10.0000 0.9000 10.0000
500.0000 45.0000 0.9500 45.0000
500.0000 45.0000 0.9500 45.0000
500.0000 45.0000 0.9500 45.0000
500.0000 45.0000 0.9500 45.0000
500.0000 45.0000 0.9500 45.0000
500.0000 45.0000 0.9500 45.0000
600.0000 27.5000 0.9250 27.5000
600.0000 27.5000 0.9250 27.5000
600.0000 62.5000 0.9250 27.5000
600.0000 27.5000 0.9250 27.5000
600.0000 27.5000 0.9250 62.5000
600.0000 62.5000 0.9250 62.5000
400.0000 62.5000 0.9750 62.5000
400.0000 62.5000 0.9750 62.5000
400.0000 27.5000 0.9750 62.5000
400.0000 62.5000 0.9750 62.5000
400.0000 62.5000 0.9750 27.5000
400.0000 27.5000 0.9750 27.5000
450.0000 36.2500 0.9625 71.2500
450.0000 36.2500 0.9625 71.2500
450.0000 18.7500 0.9625 71.2500
450.0000 36.2500 0.9375 71.2500
450.0000 36.2500 0.9625 71.2500
450.0000 18.7500 0.9375 71.2500
650.0000 71.2500 0.9125 36.2500
650.0000 71.2500 0.9125 36.2500
650.0000 53.7500 0.9125 36.2500
650.0000 71.2500 0.9875 36.2500
650.0000 71.2500 0.9125 36.2500
650.0000 53.7500 0.9875 36.2500
550.0000 18.7500 0.9875 53.7500
550.0000 18.7500 0.9875 53.7500
550.0000 71.2500 0.9875 53.7500
550.0000 18.7500 0.9125 53.7500
550.0000 18.7500 0.9875 18.7500
550.0000 71.2500 0.9125 18.7500
350.0000 53.7500 0.9375 18.7500
350.0000 53.7500 0.9375 18.7500
350.0000 36.2500 0.9375 18.7500
350.0000 53.7500 0.9625 18.7500
350.0000 53.7500 0.9375 53.7500
350.0000 36.2500 0.9625 53.7500
375.0000 31.8750 0.9938 40.6250
525.0000 31.8750 0.9938 40.6250
375.0000 31.8750 0.9938 40.6250
375.0000 31.8750 0.9437 40.6250
375.0000 31.8750 0.9938 75.6250
525.0000 31.8750 0.9437 75.6250
575.0000 66.8750 0.9437 75.6250
325.0000 66.8750 0.9437 75.6250
575.0000 66.8750 0.9437 75.6250
575.0000 66.8750 0.9938 75.6250
575.0000 66.8750 0.9437 40.6250
325.0000 66.8750 0.9938 40.6250
675.0000 14.3750 0.9688 23.1250
425.0000 14.3750 0.9688 23.1250
675.0000 49.3750 0.9688 23.1250
675.0000 14.3750 0.9188 23.1250
675.0000 14.3750 0.9688 23.1250
425.0000 49.3750 0.9188 23.1250
475.0000 49.3750 0.9188 58.1250
625.0000 49.3750 0.9188 58.1250
475.0000 14.3750 0.9188 58.1250
475.0000 49.3750 0.9688 58.1250
475.0000 49.3750 0.9188 58.1250
625.0000 14.3750 0.9688 58.1250
425.0000 23.1250 0.9313 49.3750
675.0000 23.1250 0.9313 49.3750
425.0000 40.6250 0.9313 49.3750
425.0000 23.1250 0.9062 49.3750
425.0000 23.1250 0.9313 14.3750
675.0000 40.6250 0.9062 14.3750
625.0000 58.1250 0.9812 14.3750
475.0000 58.1250 0.9812 14.3750
625.0000 75.6250 0.9812 14.3750
625.0000 58.1250 0.9563 14.3750
625.0000 58.1250 0.9812 49.3750
475.0000 75.6250 0.9563 49.3750
525.0000 40.6250 0.9062 66.8750
375.0000 40.6250 0.9062 66.8750
525.0000 58.1250 0.9062 66.8750
525.0000 40.6250 0.9313 66.8750
525.0000 40.6250 0.9062 66.8750
375.0000 58.1250 0.9313 66.8750
325.0000 75.6250 0.9563 31.8750
575.0000 75.6250 0.9563 31.8750
325.0000 23.1250 0.9563 31.8750
325.0000 75.6250 0.9812 31.8750
325.0000 75.6250 0.9563 31.8750
575.0000 23.1250 0.9812 31.8750
337.5000 42.8125 0.9469 55.9375
412.5000 42.8125 0.9469 55.9375
337.5000 77.8125 0.9469 55.9375
337.5000 42.8125 0.9531 55.9375
337.5000 42.8125 0.9469 69.0625
412.5000 77.8125 0.9531 69.0625
537.5000 77.8125 0.9969 20.9375
612.5000 77.8125 0.9969 20.9375
537.5000 42.8125 0.9969 20.9375
537.5000 77.8125 0.9031 20.9375
537.5000 77.8125 0.9969 34.0625
612.5000 42.8125 0.9031 34.0625
637.5000 25.3125 0.9219 73.4375
512.5000 25.3125 0.9219 73.4375
637.5000 25.3125 0.9219 73.4375
637.5000 25.3125 0.9781 73.4375
637.5000 25.3125 0.9219 16.5625
512.5000 25.3125 0.9781 16.5625
437.5000 60.3125 0.9719 38.4375
312.5000 60.3125 0.9719 38.4375
437.5000 60.3125 0.9719 38.4375
437.5000 60.3125 0.9281 38.4375
437.5000 60.3125 0.9719 51.5625
312.5000 60.3125 0.9281 51.5625
487.5000 16.5625 0.9844 29.6875
362.5000 16.5625 0.9844 29.6875
487.5000 69.0625 0.9844 29.6875
487.5000 16.5625 0.9906 29.6875
487.5000 16.5625 0.9844 25.3125
362.5000 69.0625 0.9906 25.3125
687.5000 51.5625 0.9344 64.6875
562.5000 51.5625 0.9344 64.6875
687.5000 34.0625 0.9344 64.6875
687.5000 51.5625 0.9406 64.6875
687.5000 51.5625 0.9344 60.3125
562.5000 34.0625 0.9406 60.3125
587.5000 34.0625 0.9594 12.1875
662.5000 34.0625 0.9594 12.1875
587.5000 16.5625 0.9594 12.1875
587.5000 34.0625 0.9656 12.1875
587.5000 34.0625 0.9594 77.8125
662.5000 16.5625 0.9656 77.8125
387.5000 69.0625 0.9094 47.1875
462.5000 69.0625 0.9094 47.1875
387.5000 51.5625 0.9094 47.1875
387.5000 69.0625 0.9156 47.1875
387.5000 69.0625 0.9094 42.8125
462.5000 51.5625 0.9156 42.8125
362.5000 20.9375 0.9531 69.0625
637.5000 20.9375 0.9531 69.0625
362.5000 55.9375 0.9531 69.0625
362.5000 20.9375 0.9969 69.0625
362.5000 20.9375 0.9531 20.9375
637.5000 55.9375 0.9969 20.9375
562.5000 55.9375 0.9031 34.0625
437.5000 55.9375 0.9031 34.0625
562.5000 20.9375 0.9031 34.0625
562.5000 55.9375 0.9469 34.0625
562.5000 55.9375 0.9031 55.9375
437.5000 20.9375 0.9469 55.9375
662.5000 38.4375 0.9781 51.5625
337.5000 38.4375 0.9781 51.5625
662.5000 38.4375 0.9781 51.5625
662.5000 38.4375 0.9719 51.5625
662.5000 38.4375 0.9781 73.4375
337.5000 38.4375 0.9719 73.4375
462.5000 73.4375 0.9281 16.5625
537.5000 73.4375 0.9281 16.5625
462.5000 73.4375 0.9281 16.5625
462.5000 73.4375 0.9219 16.5625
462.5000 73.4375 0.9281 38.4375
537.5000 73.4375 0.9219 38.4375
412.5000 29.6875 0.9156 25.3125
587.5000 29.6875 0.9156 25.3125
412.5000 47.1875 0.9156 25.3125
412.5000 29.6875 0.9594 25.3125
412.5000 29.6875 0.9156 64.6875
587.5000 47.1875 0.9594 64.6875
612.5000 64.6875 0.9656 60.3125
387.5000 64.6875 0.9656 60.3125
612.5000 12.1875 0.9656 60.3125
612.5000 64.6875 0.9094 60.3125
612.5000 64.6875 0.9656 29.6875
387.5000 12.1875 0.9094 29.6875
512.5000 12.1875 0.9406 42.8125
487.5000 12.1875 0.9406 42.8125
512.5000 29.6875 0.9406 42.8125
512.5000 12.1875 0.9844 42.8125
512.5000 12.1875 0.9406 12.1875
487.5000 29.6875 0.9844 12.1875
312.5000 47.1875 0.9906 77.8125
687.5000 47.1875 0.9906 77.8125
312.5000 64.6875 0.9906 77.8125
312.5000 47.1875 0.9344 77.8125
312.5000 47.1875 0.9906 47.1875
687.5000 64.6875 0.9344 47.1875
318.7500 28.5938 0.9703 48.2812
356.2500 28.5938 0.9703 48.2812
318.7500 74.5312 0.9703 48.2812
318.7500 28.5938 0.9797 48.2812
318.7500 28.5938 0.9703 57.0312
356.2500 74.5312 0.9797 57.0312
518.7500 63.5938 0.9203 13.2812
556.2500 63.5938 0.9203 13.2812
518.7500 39.5312 0.9203 13.2812
518.7500 63.5938 0.9297 13.2812
518.7500 63.5938 0.9203 22.0312
556.2500 39.5312 0.9297 22.0312
618.7500 11.0938 0.9953 65.7812
656.2500 11.0938 0.9953 65.7812
618.7500 22.0312 0.9953 65.7812
618.7500 11.0938 0.9547 65.7812
618.7500 11.0938 0.9953 39.5312
656.2500 22.0312 0.9547 39.5312
418.7500 46.0938 0.9453 30.7812
456.2500 46.0938 0.9453 30.7812
418.7500 57.0312 0.9453 30.7812
418.7500 46.0938 0.9047 30.7812
418.7500 46.0938 0.9453 74.5312
456.2500 57.0312 0.9047 74.5312
468.7500 19.8438 0.9078 39.5312
406.2500 19.8438 0.9078 39.5312
468.7500 65.7812 0.9078 39.5312
468.7500 19.8438 0.9672 39.5312
468.7500 19.8438 0.9078 30.7812
406.2500 65.7812 0.9672 30.7812
668.7500 54.8438 0.9578 74.5312
606.2500 54.8438 0.9578 74.5312
668.7500 30.7812 0.9578 74.5312
668.7500 54.8438 0.9172 74.5312
668.7500 54.8438 0.9578 65.7812
606.2500 30.7812 0.9172 65.7812
568.7500 37.3438 0.9328 22.0312
506.2500 37.3438 0.9328 22.0312
568.7500 13.2812 0.9328 22.0312
568.7500 37.3438 0.9922 22.0312
568.7500 37.3438 0.9328 48.2812
506.2500 13.2812 0.9922 48.2812
368.7500 72.3438 0.9828 57.0312
306.2500 72.3438 0.9828 57.0312
368.7500 48.2812 0.9828 57.0312
368.7500 72.3438 0.9422 57.0312
368.7500 72.3438 0.9828 13.2812
306.2500 48.2812 0.9422 13.2812
393.7500 15.4688 0.9266 78.9062
581.2500 15.4688 0.9266 78.9062
393.7500 61.4062 0.9266 78.9062
393.7500 15.4688 0.9734 78.9062
393.7500 15.4688 0.9266 35.1562
581.2500 61.4062 0.9734 35.1562
593.7500 50.4688 0.9766 43.9062
381.2500 50.4688 0.9766 43.9062
593.7500 26.4062 0.9766 43.9062
593.7500 50.4688 0.9234 43.9062
593.7500 50.4688 0.9766 70.1562
381.2500 26.4062 0.9234 70.1562
693.7500 32.9688 0.9016 61.4062
481.2500 32.9688 0.9016 61.4062
693.7500 43.9062 0.9016 61.4062
693.7500 32.9688 0.9984 61.4062
693.7500 32.9688 0.9016 52.6562
481.2500 43.9062 0.9984 52.6562
493.7500 67.9688 0.9516 26.4062
681.2500 67.9688 0.9516 26.4062
493.7500 78.9062 0.9516 26.4062
493.7500 67.9688 0.9484 26.4062
493.7500 67.9688 0.9516 17.6562
681.2500 78.9062 0.9484 17.6562
443.7500 41.7188 0.9891 17.6562
631.2500 41.7188 0.9891 17.6562
443.7500 52.6562 0.9891 17.6562
443.7500 41.7188 0.9859 17.6562
443.7500 41.7188 0.9891 61.4062
631.2500 52.6562 0.9859 61.4062
643.7500 76.7188 0.9391 52.6562
431.2500 76.7188 0.9391 52.6562
643.7500 17.6562 0.9391 52.6562
643.7500 76.7188 0.9359 52.6562
643.7500 76.7188 0.9391 26.4062
431.2500 17.6562 0.9359 26.4062
543.7500 24.2188 0.9641 35.1562
331.2500 24.2188 0.9641 35.1562
543.7500 35.1562 0.9641 35.1562
543.7500 24.2188 0.9609 35.1562
543.7500 24.2188 0.9641 43.9062
331.2500 35.1562 0.9609 43.9062
343.7500 59.2188 0.9141 70.1562
531.2500 59.2188 0.9141 70.1562
343.7500 70.1562 0.9141 70.1562
343.7500 59.2188 0.9109 70.1562
343.7500 59.2188 0.9141 78.9062
531.2500 70.1562 0.9109 78.9062
331.2500 26.4062 0.9797 19.8438
468.7500 26.4062 0.9797 19.8438
331.2500 15.4688 0.9797 19.8438
331.2500 26.4062 0.9266 19.8438
331.2500 26.4062 0.9797 41.7188
468.7500 15.4688 0.9266 41.7188
531.2500 61.4062 0.9297 54.8438
668.7500 61.4062 0.9297 54.8438
531.2500 50.4688 0.9297 54.8438
531.2500 61.4062 0.9766 54.8438
531.2500 61.4062 0.9297 76.7188
668.7500 50.4688 0.9766 76.7188
631.2500 43.9062 0.9547 37.3438
568.7500 43.9062 0.9547 37.3438
631.2500 67.9688 0.9547 37.3438
631.2500 43.9062 0.9016 37.3438
631.2500 43.9062 0.9547 59.2188
568.7500 67.9688 0.9016 59.2188
431.2500 78.9062 0.9047 72.3438
368.7500 78.9062 0.9047 72.3438
431.2500 32.9688 0.9047 72.3438
431.2500 78.9062 0.9516 72.3438
431.2500 78.9062 0.9047 24.2188
368.7500 32.9688 0.9516 24.2188
481.2500 35.1562 0.9422 63.5938
318.7500 35.1562 0.9422 63.5938
481.2500 24.2188 0.9422 63.5938
481.2500 35.1562 0.9141 63.5938
481.2500 35.1562 0.9422 50.4688
318.7500 24.2188 0.9141 50.4688
681.2500 70.1562 0.9922 28.5938
518.7500 70.1562 0.9922 28.5938
681.2500 59.2188 0.9922 28.5938
681.2500 70.1562 0.9641 28.5938
681.2500 70.1562 0.9922 15.4688
518.7500 59.2188 0.9641 15.4688
581.2500 17.6562 0.9172 46.0938
618.7500 17.6562 0.9172 46.0938
581.2500 76.7188 0.9172 46.0938
581.2500 17.6562 0.9391 46.0938
581.2500 17.6562 0.9172 32.9688
618.7500 76.7188 0.9391 32.9688
381.2500 52.6562 0.9672 11.0938
418.7500 52.6562 0.9672 11.0938
381.2500 41.7188 0.9672 11.0938
381.2500 52.6562 0.9891 11.0938
381.2500 52.6562 0.9672 67.9688
418.7500 41.7188 0.9891 67.9688
356.2500 39.5312 0.9234 32.9688
693.7500 39.5312 0.9234 32.9688
356.2500 28.5938 0.9234 32.9688
356.2500 39.5312 0.9203 32.9688
356.2500 39.5312 0.9234 46.0938
693.7500 28.5938 0.9203 46.0938
556.2500 74.5312 0.9734 67.9688
493.7500 74.5312 0.9734 67.9688
556.2500 63.5938 0.9734 67.9688
556.2500 74.5312 0.9703 67.9688
556.2500 74.5312 0.9734 11.0938
493.7500 63.5938 0.9703 11.0938
656.2500 22.0312 0.9484 15.4688
393.7500 22.0312 0.9484 15.4688
656.2500 46.0938 0.9484 15.4688
656.2500 22.0312 0.9453 15.4688
656.2500 22.0312 0.9484 28.5938
393.7500 46.0938 0.9453 28.5938
456.2500 57.0312 0.9984 50.4688
593.7500 57.0312 0.9984 50.4688
456.2500 11.0938 0.9984 50.4688
456.2500 57.0312 0.9953 50.4688
456.2500 57.0312 0.9984 63.5938
593.7500 11.0938 0.9953 63.5938
406.2500 13.2812 0.9609 59.2188
543.7500 13.2812 0.9609 59.2188
406.2500 37.3438 0.9609 59.2188
406.2500 13.2812 0.9328 59.2188
406.2500 13.2812 0.9609 37.3438
543.7500 37.3438 0.9328 37.3438
606.2500 48.2812 0.9109 24.2188
343.7500 48.2812 0.9109 24.2188
606.2500 72.3438 0.9109 24.2188
606.2500 48.2812 0.9828 24.2188
606.2500 48.2812 0.9109 72.3438
343.7500 72.3438 0.9828 72.3438
506.2500 30.7812 0.9859 76.7188
443.7500 30.7812 0.9859 76.7188
506.2500 54.8438 0.9859 76.7188
506.2500 30.7812 0.9078 76.7188
506.2500 30.7812 0.9859 54.8438
443.7500 54.8438 0.9078 54.8438
306.2500 65.7812 0.9359 41.7188
643.7500 65.7812 0.9359 41.7188
306.2500 19.8438 0.9359 41.7188
306.2500 65.7812 0.9578 41.7188
306.2500 65.7812 0.9359 19.8438
643.7500 19.8438 0.9578 19.8438
309.3750 37.8906 0.9820 68.5156
559.3750 37.8906 0.9820 68.5156
309.3750 41.1719 0.9820 68.5156
309.3750 37.8906 0.9664 68.5156
309.3750 37.8906 0.9820 24.7656
559.3750 41.1719 0.9664 24.7656
509.3750 72.8906 0.9320 33.5156
359.3750 72.8906 0.9320 33.5156
509.3750 76.1719 0.9320 33.5156
509.3750 72.8906 0.9164 33.5156
509.3750 72.8906 0.9320 59.7656
359.3750 76.1719 0.9164 59.7656
609.3750 20.3906 0.9570 51.0156
459.3750 20.3906 0.9570 51.0156
609.3750 58.6719 0.9570 51.0156
609.3750 20.3906 0.9914 51.0156
609.3750 20.3906 0.9570 77.2656
459.3750 58.6719 0.9914 77.2656
409.3750 55.3906 0.9070 16.0156
659.3750 55.3906 0.9070 16.0156
409.3750 23.6719 0.9070 16.0156
409.3750 55.3906 0.9414 16.0156
409.3750 55.3906 0.9070 42.2656
659.3750 23.6719 0.9414 42.2656
459.3750 11.6406 0.9445 24.7656
609.3750 11.6406 0.9445 24.7656
459.3750 32.4219 0.9445 24.7656
459.3750 11.6406 0.9789 24.7656
459.3750 11.6406 0.9445 68.5156
609.3750 32.4219 0.9789 68.5156
659.3750 46.6406 0.9945 59.7656
409.3750 46.6406 0.9945 59.7656
659.3750 67.4219 0.9945 59.7656
659.3750 46.6406 0.9289 59.7656
659.3750 46.6406 0.9945 33.5156
409.3750 67.4219 0.9289 33.5156
559.3750 29.1406 0.9195 42.2656
309.3750 29.1406 0.9195 42.2656
559.3750 49.9219 0.9195 42.2656
559.3750 29.1406 0.9539 42.2656
559.3750 29.1406 0.9195 16.0156
309.3750 49.9219 0.9539 16.0156
359.3750 64.1406 0.9695 77.2656
509.3750 64.1406 0.9695 77.2656
359.3750 14.9219 0.9695 77.2656
359.3750 64.1406 0.9039 77.2656
359.3750 64.1406 0.9695 51.0156
509.3750 14.9219 0.9039 51.0156
384.3750 24.7656 0.9133 55.3906
384.3750 24.7656 0.9133 55.3906
384.3750 19.2969 0.9133 55.3906
384.3750 24.7656 0.9852 55.3906
384.3750 24.7656 0.9133 64.1406
384.3750 19.2969 0.9852 64.1406
584.3750 59.7656 0.9633 20.3906
584.3750 59.7656 0.9633 20.3906
584.3750 54.2969 0.9633 20.3906
584.3750 59.7656 0.9352 20.3906
584.3750 59.7656 0.9633 29.1406
584.3750 54.2969 0.9352 29.1406
684.3750 42.2656 0.9383 72.8906
684.3750 42.2656 0.9383 72.8906
684.3750 71.7969 0.9383 72.8906
684.3750 42.2656 0.9602 72.8906
684.3750 42.2656 0.9383 11.6406
684.3750 71.7969 0.9602 11.6406
484.3750 77.2656 0.9883 37.8906
484.3750 77.2656 0.9883 37.8906
484.3750 36.7969 0.9883 37.8906
484.3750 77.2656 0.9102 37.8906
484.3750 77.2656 0.9883 46.6406
484.3750 36.7969 0.9102 46.6406
434.3750 33.5156 0.9508 29.1406
434.3750 33.5156 0.9508 29.1406
434.3750 10.5469 0.9508 29.1406
434.3750 33.5156 0.9727 29.1406
434.3750 33.5156 0.9508 20.3906
434.3750 10.5469 0.9727 20.3906
634.3750 68.5156 0.9008 64.1406
634.3750 68.5156 0.9008 64.1406
634.3750 45.5469 0.9008 64.1406
634.3750 68.5156 0.9227 64.1406
634.3750 68.5156 0.9008 55.3906
634.3750 45.5469 0.9227 55.3906
534.3750 16.0156 0.9758 11.6406
534.3750 16.0156 0.9758 11.6406
534.3750 63.0469 0.9758 11.6406
534.3750 16.0156 0.9977 11.6406
534.3750 16.0156 0.9758 72.8906
534.3750 63.0469 0.9977 72.8906
334.3750 51.0156 0.9258 46.6406
334.3750 51.0156 0.9258 46.6406
334.3750 28.0469 0.9258 46.6406
334.3750 51.0156 0.9477 46.6406
334.3750 51.0156 0.9258 37.8906
334.3750 28.0469 0.9477 37.8906
346.8750 18.2031 0.9664 44.4531
671.8750 18.2031 0.9664 44.4531
346.8750 47.7344 0.9664 44.4531
346.8750 18.2031 0.9133 44.4531
346.8750 18.2031 0.9664 75.0781
671.8750 47.7344 0.9133 75.0781
546.8750 53.2031 0.9164 79.4531
471.8750 53.2031 0.9164 79.4531
546.8750 12.7344 0.9164 79.4531
546.8750 53.2031 0.9633 79.4531
546.8750 53.2031 0.9164 40.0781
471.8750 12.7344 0.9633 40.0781
646.8750 35.7031 0.9914 26.9531
371.8750 35.7031 0.9914 26.9531
646.8750 30.2344 0.9914 26.9531
646.8750 35.7031 0.9383 26.9531
646.8750 35.7031 0.9914 22.5781
371.8750 30.2344 0.9383 22.5781
446.8750 70.7031 0.9414 61.9531
571.8750 70.7031 0.9414 61.9531
446.8750 65.2344 0.9414 61.9531
446.8750 70.7031 0.9883 61.9531
446.8750 70.7031 0.9414 57.5781
571.8750 65.2344 0.9883 57.5781
496.8750 44.4531 0.9039 53.2031
521.8750 44.4531 0.9039 53.2031
496.8750 56.4844 0.9039 53.2031
496.8750 44.4531 0.9258 53.2031
496.8750 44.4531 0.9039 13.8281
521.8750 56.4844 0.9258 13.8281
696.8750 79.4531 0.9539 18.2031
321.8750 79.4531 0.9539 18.2031
696.8750 21.4844 0.9539 18.2031
696.8750 79.4531 0.9758 18.2031
696.8750 79.4531 0.9539 48.8281
321.8750 21.4844 0.9758 48.8281
596.8750 26.9531 0.9289 70.7031
421.8750 26.9531 0.9289 70.7031
596.8750 38.9844 0.9289 70.7031
596.8750 26.9531 0.9008 70.7031
596.8750 26.9531 0.9289 66.3281
421.8750 38.9844 0.9008 66.3281
396.8750 61.9531 0.9789 35.7031
621.8750 61.9531 0.9789 35.7031
396.8750 73.9844 0.9789 35.7031
396.8750 61.9531 0.9508 35.7031
396.8750 61.9531 0.9789 31.3281
621.8750 73.9844 0.9508 31.3281
371.8750 31.3281 0.9352 13.8281
496.8750 31.3281 0.9352 13.8281
371.8750 69.6094 0.9352 13.8281
371.8750 31.3281 0.9320 13.8281
371.8750 31.3281 0.9352 18.2031
496.8750 69.6094 0.9320 18.2031
571.8750 66.3281 0.9852 48.8281
696.8750 66.3281 0.9852 48.8281
571.8750 34.6094 0.9852 48.8281
571.8750 66.3281 0.9820 48.8281
571.8750 66.3281 0.9852 53.2031
696.8750 34.6094 0.9820 53.2031
671.8750 13.8281 0.9102 31.3281
596.8750 13.8281 0.9102 31.3281
671.8750 17.1094 0.9102 31.3281
671.8750 13.8281 0.9070 31.3281
671.8750 13.8281 0.9102 70.7031
596.8750 17.1094 0.9070 70.7031
471.8750 48.8281 0.9602 66.3281
396.8750 48.8281 0.9602 66.3281
471.8750 52.1094 0.9602 66.3281
471.8750 48.8281 0.9570 66.3281
471.8750 48.8281 0.9602 35.7031
396.8750 52.1094 0.9570 35.7031
421.8750 22.5781 0.9977 75.0781
346.8750 22.5781 0.9977 75.0781
421.8750 78.3594 0.9977 75.0781
421.8750 22.5781 0.9195 75.0781
421.8750 22.5781 0.9977 79.4531
346.8750 78.3594 0.9195 79.4531
621.8750 57.5781 0.9477 40.0781
546.8750 57.5781 0.9477 40.0781
621.8750 43.3594 0.9477 40.0781
621.8750 57.5781 0.9695 40.0781
621.8750 57.5781 0.9477 44.4531
546.8750 43.3594 0.9695 44.4531
521.8750 40.0781 0.9727 57.5781
646.8750 40.0781 0.9727 57.5781
521.8750 25.8594 0.9727 57.5781
521.8750 40.0781 0.9445 57.5781
521.8750 40.0781 0.9727 26.9531
646.8750 25.8594 0.9445 26.9531
321.8750 75.0781 0.9227 22.5781
446.8750 75.0781 0.9227 22.5781
321.8750 60.8594 0.9227 22.5781
321.8750 75.0781 0.9945 22.5781
321.8750 75.0781 0.9227 61.9531
446.8750 60.8594 0.9945 61.9531
315.6250 19.2969 0.9398 34.6094
503.1250 19.2969 0.9398 34.6094
315.6250 53.2031 0.9398 34.6094
315.6250 19.2969 0.9398 34.6094
315.6250 19.2969 0.9398 52.1094
503.1250 53.2031 0.9398 52.1094
515.6250 54.2969 0.9898 69.6094
303.1250 54.2969 0.9898 69.6094
515.6250 18.2031 0.9898 69.6094
515.6250 54.2969 0.9898 69.6094
515.6250 54.2969 0.9898 17.1094
303.1250 18.2031 0.9898 17.1094
615.6250 36.7969 0.9148 17.1094
403.1250 36.7969 0.9148 17.1094
615.6250 35.7031 0.9148 17.1094
615.6250 36.7969 0.9148 17.1094
615.6250 36.7969 0.9148 34.6094
403.1250 35.7031 0.9148 34.6094
415.6250 71.7969 0.9648 52.1094
603.1250 71.7969 0.9648 52.1094
415.6250 70.7031 0.9648 52.1094
415.6250 71.7969 0.9648 52.1094
415.6250 71.7969 0.9648 69.6094
603.1250 70.7031 0.9648 69.6094
465.6250 28.0469 0.9773 60.8594
653.1250 28.0469 0.9773 60.8594
465.6250 61.9531 0.9773 60.8594
465.6250 28.0469 0.9023 60.8594
465.6250 28.0469 0.9773 43.3594
653.1250 61.9531 0.9023 43.3594
665.6250 63.0469 0.9273 25.8594
453.1250 63.0469 0.9273 25.8594
665.6250 26.9531 0.9273 25.8594
665.6250 63.0469 0.9523 25.8594
665.6250 63.0469 0.9273 78.3594
453.1250 26.9531 0.9523 78.3594
565.6250 10.5469 0.9523 78.3594
353.1250 10.5469 0.9523 78.3594
565.6250 44.4531 0.9523 78.3594
565.6250 10.5469 0.9273 78.3594
565.6250 10.5469 0.9523 60.8594
353.1250 44.4531 0.9273 60.8594
365.6250 45.5469 0.9023 43.3594
553.1250 45.5469 0.9023 43.3594
365.6250 79.4531 0.9023 43.3594
365.6250 45.5469 0.9773 43.3594
365.6250 45.5469 0.9023 25.8594
553.1250 79.4531 0.9773 25.8594
390.6250 41.1719 0.9586 21.4844
328.1250 41.1719 0.9586 21.4844
390.6250 66.3281 0.9586 21.4844
390.6250 41.1719 0.9086 21.4844
390.6250 41.1719 0.9586 38.9844
328.1250 66.3281 0.9086 38.9844
590.6250 76.1719 0.9086 56.4844
528.1250 76.1719 0.9086 56.4844
590.6250 31.3281 0.9086 56.4844
590.6250 76.1719 0.9586 56.4844
590.6250 76.1719 0.9086 73.9844
528.1250 31.3281 0.9586 73.9844
690.6250 23.6719 0.9836 38.9844
628.1250 23.6719 0.9836 38.9844
690.6250 13.8281 0.9836 38.9844
690.6250 23.6719 0.9336 38.9844
690.6250 23.6719 0.9836 56.4844
628.1250 13.8281 0.9336 56.4844
490.6250 58.6719 0.9336 73.9844
428.1250 58.6719 0.9336 73.9844
490.6250 48.8281 0.9336 73.9844
490.6250 58.6719 0.9836 73.9844
490.6250 58.6719 0.9336 21.4844
428.1250 48.8281 0.9836 21.4844
440.6250 14.9219 0.9211 65.2344
478.1250 14.9219 0.9211 65.2344
440.6250 75.0781 0.9211 65.2344
440.6250 14.9219 0.9461 65.2344
440.6250 14.9219 0.9211 47.7344
478.1250 75.0781 0.9461 47.7344
640.6250 49.9219 0.9711 30.2344
678.1250 49.9219 0.9711 30.2344
640.6250 40.0781 0.9711 30.2344
640.6250 49.9219 0.9961 30.2344
640.6250 49.9219 0.9711 12.7344
678.1250 40.0781 0.9961 12.7344
540.6250 32.4219 0.9461 47.7344
578.1250 32.4219 0.9461 47.7344
540.6250 22.5781 0.9461 47.7344
540.6250 32.4219 0.9211 47.7344
540.6250 32.4219 0.9461 30.2344
578.1250 22.5781 0.9211 30.2344
340.6250 67.4219 0.9961 12.7344
378.1250 67.4219 0.9961 12.7344
340.6250 57.5781 0.9961 12.7344
340.6250 67.4219 0.9711 12.7344
340.6250 67.4219 0.9961 65.2344
378.1250 57.5781 0.9711 65.2344
328.1250 34.6094 0.9117 76.1719
615.6250 34.6094 0.9117 76.1719
328.1250 37.8906 0.9117 76.1719
328.1250 34.6094 0.9930 76.1719
328.1250 34.6094 0.9117 28.0469
615.6250 37.8906 0.9930 28.0469
528.1250 69.6094 0.9617 41.1719
415.6250 69.6094 0.9617 41.1719
528.1250 72.8906 0.9617 41.1719
528.1250 69.6094 0.9430 41.1719
528.1250 69.6094 0.9617 63.0469
415.6250 72.8906 0.9430 63.0469
628.1250 17.1094 0.9367 58.6719
315.6250 17.1094 0.9367 58.6719
628.1250 55.3906 0.9367 58.6719
628.1250 17.1094 0.9680 58.6719
628.1250 17.1094 0.9367 45.5469
315.6250 55.3906 0.9680 45.5469
428.1250 52.1094 0.9867 23.6719
515.6250 52.1094 0.9867 23.6719
428.1250 20.3906 0.9867 23.6719
428.1250 52.1094 0.9180 23.6719
428.1250 52.1094 0.9867 10.5469
515.6250 20.3906 0.9180 10.5469
478.1250 25.8594 0.9742 14.9219
565.6250 25.8594 0.9742 14.9219
478.1250 29.1406 0.9742 14.9219
478.1250 25.8594 0.9555 14.9219
478.1250 25.8594 0.9742 54.2969
565.6250 29.1406 0.9555 54.2969
678.1250 60.8594 0.9242 49.9219
365.6250 60.8594 0.9242 49.9219
678.1250 64.1406 0.9242 49.9219
678.1250 60.8594 0.9055 49.9219
678.1250 60.8594 0.9242 19.2969
365.6250 64.1406 0.9055 19.2969
578.1250 43.3594 0.9992 32.4219
465.6250 43.3594 0.9992 32.4219
578.1250 46.6406 0.9992 32.4219
578.1250 43.3594 0.9805 32.4219
578.1250 43.3594 0.9992 36.7969
465.6250 46.6406 0.9805 36.7969
378.1250 78.3594 0.9492 67.4219
665.6250 78.3594 0.9492 67.4219
378.1250 11.6406 0.9492 67.4219
378.1250 78.3594 0.9305 67.4219
378.1250 78.3594 0.9492 71.7969
665.6250 11.6406 0.9305 71.7969
353.1250 12.7344 0.9930 45.5469
440.6250 12.7344 0.9930 45.5469
353.1250 24.7656 0.9930 45.5469
353.1250 12.7344 0.9617 45.5469
353.1250 12.7344 0.9930 58.6719
440.6250 24.7656 0.9617 58.6719
553.1250 47.7344 0.9430 10.5469
640.6250 47.7344 0.9430 10.5469
553.1250 59.7656 0.9430 10.5469
553.1250 47.7344 0.9117 10.5469
553.1250 47.7344 0.9430 23.6719
640.6250 59.7656 0.9117 23.6719
653.1250 30.2344 0.9680 63.0469
540.6250 30.2344 0.9680 63.0469
653.1250 77.2656 0.9680 63.0469
653.1250 30.2344 0.9867 63.0469
653.1250 30.2344 0.9680 41.1719
540.6250 77.2656 0.9867 41.1719
453.1250 65.2344 0.9180 28.0469
340.6250 65.2344 0.9180 28.0469
453.1250 42.2656 0.9180 28.0469
453.1250 65.2344 0.9367 28.0469
453.1250 65.2344 0.9180 76.1719
340.6250 42.2656 0.9367 76.1719
403.1250 38.9844 0.9305 36.7969
390.6250 38.9844 0.9305 36.7969
403.1250 16.0156 0.9305 36.7969
403.1250 38.9844 0.9992 36.7969
403.1250 38.9844 0.9305 32.4219
390.6250 16.0156 0.9992 32.4219
603.1250 73.9844 0.9805 71.7969
590.6250 73.9844 0.9805 71.7969
603.1250 51.0156 0.9805 71.7969
603.1250 73.9844 0.9492 71.7969
603.1250 73.9844 0.9805 67.4219
590.6250 51.0156 0.9492 67.4219
503.1250 21.4844 0.9055 19.2969
690.6250 21.4844 0.9055 19.2969
503.1250 68.5156 0.9055 19.2969
503.1250 21.4844 0.9742 19.2969
503.1250 21.4844 0.9055 49.9219
690.6250 68.5156 0.9742 49.9219
303.1250 56.4844 0.9555 54.2969
490.6250 56.4844 0.9555 54.2969
303.1250 33.5156 0.9555 54.2969
303.1250 56.4844 0.9242 54.2969
303.1250 56.4844 0.9555 14.9219
490.6250 33.5156 0.9242 14.9219
