53.06393794 0.95469223 58.04117960 56.18350526 53.75375684 0.95617118 0.94890899 0.95746444
53.06393794 0.95469223 58.04117960 56.18350526 53.75375684 0.95617118 0.94890899 0.95746444
53.06393794 0.95469223 58.04117960 56.18350526 53.75375684 0.95617118 0.94890899 0.95746444
53.06393794 0.95469223 58.04117960 56.18350526 53.75375684 0.95617118 0.94890899 0.95746444
53.06393794 0.95469223 58.04117960 56.18350526 53.75375684 0.95617118 0.94890899 0.95746444
53.06393794 0.95469223 58.04117960 56.18350526 53.75375684 0.95617118 0.94890899 0.95746444
226.13100828 0.97806803 233.86297300 230.04338705 221.03886143 0.97999770 0.97507720 0.97950519
226.13100828 0.97806803 233.86297300 230.04338705 221.03886143 0.97999770 0.97507720 0.97950519
226.13100828 0.97806803 233.86297300 230.04338705 221.03886143 0.97999770 0.97507720 0.97950519
226.13100828 0.97806803 233.86297300 230.04338705 221.03886143 0.97999770 0.97507720 0.97950519
226.13100828 0.97806803 233.86297300 230.04338705 221.03886143 0.97999770 0.97507720 0.97950519
226.13100828 0.97806803 233.86297300 230.04338705 221.03886143 0.97999770 0.97507720 0.97950519
134.68097402 0.96701471 142.76644736 128.35144116 141.51666136 0.95653058 0.96865425 0.97405979
134.68097402 0.96701471 142.76644736 128.35144116 141.51666136 0.95653058 0.96865425 0.97405979
130.26599387 0.96391796 130.75965336 135.13798558 130.49455659 0.96235701 0.96915203 0.96028809
134.68097402 0.96701471 142.76644736 128.35144116 141.51666136 0.95653058 0.96865425 0.97405979
275.23603036 0.63237793 263.29354382 283.93419860 287.64785103 0.57078287 0.65970790 0.66544945
315.85890991 0.58389277 297.26092620 330.37284036 326.16581331 0.51326249 0.61666757 0.61665522
353.20347929 0.53158870 322.00433367 374.74720080 369.73464919 0.46626334 0.55332658 0.56976721
353.20347929 0.53158870 322.00433367 374.74720080 369.73464919 0.46626334 0.55332658 0.56976721
303.48398752 0.60383158 293.46553972 324.94673549 296.63844480 0.52141213 0.62314740 0.66624745
353.20347929 0.53158870 322.00433367 374.74720080 369.73464919 0.46626334 0.55332658 0.56976721
131.48737922 0.99197153 131.56916386 128.83941364 140.05292178 0.98781813 0.99440219 0.99370016
133.10644927 0.99049167 133.57645930 134.81729325 136.97483966 0.99711499 0.98541108 0.98806139
331.53430111 0.44401215 309.38266799 349.30313883 342.10219855 0.45659900 0.43089685 0.44544599
331.53430111 0.44401215 309.38266799 349.30313883 342.10219855 0.45659900 0.43089685 0.44544599
336.98878306 0.43415357 315.91738339 361.94281024 340.11110736 0.44484967 0.41107977 0.44728855
340.74261244 0.43041397 310.91781263 362.63881552 351.80517825 0.45383541 0.41358331 0.42907809
331.53430111 0.44401215 309.38266799 349.30313883 342.10219855 0.45659900 0.43089685 0.44544599
344.21592268 0.42274635 319.49958556 352.42215505 364.66772602 0.43847312 0.42822820 0.40535762
176.29534472 0.95721789 182.90282598 168.27694850 184.42613186 0.95214601 0.96724802 0.95249764
176.29534472 0.95721789 182.90282598 168.27694850 184.42613186 0.95214601 0.96724802 0.95249764
171.94878214 0.95755419 174.06579001 171.71447288 177.12721740 0.95614921 0.96080062 0.95504320
177.71402276 0.99383837 173.78160490 179.53716511 186.45058202 0.99363610 0.99385545 0.99466951
176.29534472 0.95721789 182.90282598 168.27694850 184.42613186 0.95214601 0.96724802 0.95249764
172.60103742 0.99292492 174.51838263 175.26031276 175.14666304 0.99646990 0.99274808 0.99012323
248.67320389 0.93849636 257.46424260 255.06395429 241.24568079 0.87076725 0.97078148 0.97117411
248.67320389 0.93849636 257.46424260 255.06395429 241.24568079 0.87076725 0.97078148 0.97117411
265.04173670 0.94300023 263.57157916 276.64287149 262.85255060 0.88062107 0.96647389 0.97572315
265.53198867 0.91167356 278.82901958 267.31517187 256.94966986 0.85253282 0.93159345 0.94885298
88.19067440 0.99489145 93.21546150 91.06562806 87.88372498 0.99517698 0.99693538 0.99270836
91.84536157 0.95564532 95.73046204 94.82204636 92.26186739 0.95279631 0.95669184 0.95763286
91.56866657 0.96789734 94.32282453 88.05088761 98.97968859 0.97616130 0.97167391 0.95753119
91.56866657 0.96789734 94.32282453 88.05088761 98.97968859 0.97616130 0.97167391 0.95753119
88.96320536 0.96514087 91.49763179 88.17976350 93.99733905 0.96207229 0.96433086 0.96925717
87.20855935 0.97602888 92.20078672 91.23359336 85.36297261 0.98337462 0.97151750 0.97347834
260.98258811 0.91947589 262.34832567 250.03737787 275.17181457 0.86508693 0.95336709 0.94009208
245.07872000 0.92621111 260.90220743 239.12150208 243.47857812 0.86374090 0.94593908 0.96313366
194.66542417 0.99682531 206.86489734 194.21005345 188.86418528 0.99505348 0.99545840 1.00000000
197.33555160 0.99581407 207.52069613 192.61621454 198.17428335 0.99542098 0.99668090 0.99508475
194.66542417 0.99682531 206.86489734 194.21005345 188.86418528 0.99505348 0.99545840 1.00000000
195.92081267 0.97008030 209.30262359 189.74069348 195.39084832 0.96743320 0.97951909 0.96235213
357.05802275 0.39874782 347.15770911 370.64616947 359.52869943 0.38897956 0.39563108 0.41412432
332.61361082 0.44144451 301.06037276 355.94365067 347.76153606 0.47162509 0.41999209 0.43356872
524.90345800 0.11349053 502.64907457 542.96940969 536.27609273 0.10999562 0.10947993 0.12167767
548.69914226 0.07261801 513.35359509 561.37295042 578.15135443 0.09091983 0.07910489 0.05124360
524.90345800 0.11349053 502.64907457 542.96940969 536.27609273 0.10999562 0.10947993 0.12167767
528.22497473 0.10791225 505.11354504 546.52616769 539.84240161 0.10555725 0.10359392 0.11467110
189.83057888 0.97182720 193.46478978 196.82703701 186.22417784 0.97204373 0.97676687 0.96579376
203.95920084 0.99692097 207.52736844 197.92104266 215.60921424 1.00000000 0.99477633 0.99636243
111.39254128 0.98401189 115.87741442 114.15466647 112.39888596 0.98066465 0.98227191 0.98897034
107.88364425 0.98354024 113.30158502 105.86144697 111.03005734 0.98005104 0.98113402 0.98873916
111.37292336 0.98372214 114.90943879 113.58718605 112.48934803 0.98479846 0.98499982 0.98146174
115.51760042 0.95882518 122.09271601 116.69354968 115.79553235 0.95713045 0.96145420 0.95807745
111.39254128 0.98401189 115.87741442 114.15466647 112.39888596 0.98066465 0.98227191 0.98897034
116.07328104 0.95344181 117.91763016 117.58955177 119.27504661 0.95293523 0.94659926 0.96104230
275.42863096 0.75795525 281.88231516 262.45948266 286.51403144 0.64923448 0.82242265 0.80327937
263.13786611 0.77697584 254.87374133 263.35011186 280.32619635 0.65694119 0.85519719 0.81909445
275.42301970 0.76889612 278.13883624 268.40548080 285.04636181 0.65384104 0.82968908 0.81396387
280.46443033 0.76624907 276.03519441 278.20238646 293.73578837 0.65816792 0.83333696 0.80740540
275.42863096 0.75795525 281.88231516 262.45948266 286.51403144 0.64923448 0.82242265 0.80327937
271.31213787 0.78047817 266.41903521 272.80123702 283.55360437 0.66023258 0.84313922 0.83948022
232.32835484 0.96287067 243.40859301 216.65207394 244.67451083 0.96150824 0.96471660 0.96204226
233.46960773 0.96379747 241.65758295 229.12488012 236.00401431 0.95380371 0.97122206 0.96658543
242.13097824 0.95764212 259.04231222 230.90156216 247.26787310 0.95004608 0.96195613 0.95933636
226.87724899 0.95241878 224.29195861 228.80792610 234.52217794 0.95076006 0.96136989 0.94569381
73.33464670 0.96415613 76.08683969 69.24468229 81.84435419 0.97076753 0.95999848 0.96065040
69.79876354 0.95024873 72.63292531 71.98137184 72.63990259 0.94572992 0.94365110 0.96157527
68.26224175 0.99330366 71.31011329 72.58516543 67.67662422 0.99525529 0.99091869 0.99352960
70.48955215 0.99072344 76.13859080 74.20120911 68.84296839 0.98813325 0.99082956 0.99257610
70.33385315 0.99168061 71.57963101 70.37880867 75.54024839 0.99032925 0.99205154 0.99300395
70.34150780 0.97724945 73.31709228 73.11250627 71.72607333 0.97963633 0.97365465 0.97937258
235.24842844 0.98113504 239.80450574 239.07541431 233.98385548 0.96476311 0.98675994 0.99243470
237.59111405 0.97305923 236.47145833 245.81798145 236.53126322 0.96427087 0.97274823 0.98280927
324.72900522 0.47810972 312.30838990 320.89542623 347.85715460 0.45363384 0.50632736 0.47418942
355.57351895 0.42520402 349.36754910 376.44050875 344.89834227 0.38825461 0.41667795 0.47812276
353.36521917 0.43061964 334.27694845 360.20144816 372.58846880 0.41694311 0.44740894 0.42590213
329.05330342 0.46849813 315.25004339 336.27931519 341.26068733 0.45165562 0.47829847 0.47846365
324.72900522 0.47810972 312.30838990 320.89542623 347.85715460 0.45363384 0.50632736 0.47418942
377.55723909 0.40058391 365.51400788 397.68217136 380.07672800 0.36065965 0.40102807 0.44133602
166.08647528 0.98205342 174.61970641 159.70695747 172.35621135 0.99018803 0.98533225 0.97213547
154.65986833 0.97702650 163.40599792 153.30484970 154.32355479 0.97946548 0.97991317 0.97176866
154.64262008 0.98098622 161.69837921 161.77184806 149.18370247 0.98252885 0.98089100 0.98025368
169.26125174 0.99074725 166.75425788 166.33659579 184.23524736 0.99664262 0.98824577 0.98688724
166.08647528 0.98205342 174.61970641 159.70695747 172.35621135 0.99018803 0.98533225 0.97213547
148.10652499 0.99165981 158.16068440 143.58042794 149.21202070 0.99004408 0.99280259 0.99180272
262.06427080 0.88673742 259.00462243 248.27693803 285.82184906 0.82038902 0.92200705 0.90703187
269.19695209 0.87498040 268.51976875 260.34040305 287.93564366 0.77920155 0.93191979 0.91617666
294.83317007 0.86654197 289.81735909 299.68117997 301.83515125 0.78223621 0.91011253 0.89993137
258.33943264 0.87807192 267.77895797 258.93892859 256.89325995 0.78973136 0.91557990 0.92684235
354.27385243 0.40631341 351.41789755 379.49209741 338.63787835 0.38153543 0.38949939 0.45248691
581.97342228 0.02472269 552.86287127 603.58861422 599.49294023 0.01996934 0.02665536 0.02700291
100.14840470 0.99812855 100.79645510 105.98694544 101.26891165 0.99891304 0.99753754 0.99797959
97.75538497 0.99837331 103.38628394 97.92519041 99.52746722 0.99905660 0.99813793 0.99797980
98.15655131 0.99812728 101.41554888 101.23636040 98.64573933 0.99577085 0.99886364 1.00000000
96.69791272 0.95282600 101.51094431 100.82046141 95.02823257 0.95538048 0.95543374 0.94922804
168.10500049 0.99812733 173.90567506 173.87144333 163.35308173 0.99896907 0.99882353 0.99663777
164.14421427 0.95725429 169.49649407 164.08562895 166.83040373 0.95042092 0.95892325 0.96150567
318.95223202 0.46351895 326.47592028 314.39135819 323.20248165 0.42605850 0.48892129 0.47430840
339.99518297 0.42924574 321.07210309 352.99110316 350.92256965 0.43594428 0.42602661 0.42851841
318.95223202 0.46351895 326.47592028 314.39135819 323.20248165 0.42605850 0.48892129 0.47430840
317.61946070 0.46596152 313.77648627 319.09341539 327.82928615 0.44885170 0.48115851 0.46665996
77.99070194 0.96425731 80.69402013 81.12496392 79.35239235 0.95899351 0.97410377 0.96048843
83.03651705 0.98947077 81.19697983 85.83198378 88.85098779 0.98817003 0.98986377 0.99054559
190.36100570 0.98808336 198.00751194 188.01615676 192.14103433 0.98881611 0.98514914 0.99006485
181.98360631 0.98271338 193.22992526 184.29533796 177.95561687 0.97753931 0.97413656 0.99433962
190.36100570 0.98808336 198.00751194 188.01615676 192.14103433 0.98881611 0.98514914 0.99006485
190.57144827 0.96611683 192.30647455 196.55523900 190.32896406 0.96381143 0.96218215 0.97147183
249.83714384 0.96524031 264.66000626 239.24468617 251.51791401 0.94106946 0.97550369 0.97943569
241.07471892 0.94298935 244.19086955 249.51373492 239.49494098 0.91508494 0.94450207 0.96888329
139.59137664 0.99138956 144.45996612 141.81773528 138.76935952 0.98849917 0.99541885 0.99033587
145.30555409 0.99338364 143.20441356 148.99913806 149.66058064 0.99453150 0.98891237 0.99563790
148.93992747 0.98929740 147.55598585 156.93734409 149.56652423 0.99026309 0.98934391 0.98872301
141.16537059 0.99463307 151.46660881 141.82695800 138.50228380 1.00000000 0.98901506 0.99507977
120.27662367 0.99140618 124.91877424 122.73713942 119.29971433 0.98854729 0.99531864 0.99041634
132.81994840 0.99448951 141.53035482 135.47101226 128.12757900 0.99226406 0.99623505 0.99562771
270.56293838 0.59342321 261.30369549 279.92891307 278.03325300 0.55370284 0.60564959 0.62256082
299.35511177 0.54825705 279.38297404 321.25483514 302.92066189 0.52315980 0.55158476 0.56987480
278.10654893 0.58971186 287.21451408 272.80566254 283.53713239 0.50683076 0.64155210 0.61595573
292.95144895 0.56111285 286.67116076 314.73588801 284.58676161 0.50823933 0.56148472 0.61421071
272.46442550 0.70234372 271.05276834 265.38940088 286.05929278 0.58780813 0.77516330 0.74203833
263.65001991 0.70704166 262.73742119 267.37331958 268.36813269 0.60656739 0.75960702 0.75252947
63.07596917 0.97580441 66.52253255 64.11181883 65.69574900 0.97646055 0.97476052 0.97552180
59.45642455 0.97796995 63.41252823 63.55265502 58.59535284 0.98279199 0.98171867 0.96945595
59.06890565 0.97852225 63.50483289 61.43768347 59.66505682 0.98497155 0.97229050 0.97889702
62.35017110 0.98197079 67.97910422 64.13729058 62.45661788 0.97977073 0.98571773 0.98085241
325.61216474 0.45214306 318.99065935 339.36828841 328.14575237 0.43971467 0.44769279 0.46635200
317.38558266 0.46625827 317.99402558 321.31800190 320.97286061 0.44121315 0.47737590 0.47793182
248.91551518 0.94584868 253.42980581 249.78613411 250.90189503 0.94062926 0.94477467 0.95186628
232.66897013 0.95694899 233.40731736 238.31691493 232.71363455 0.95131727 0.95842544 0.96358733
216.66810506 0.95043970 225.99562266 211.85195755 220.48493027 0.94344291 0.96271030 0.94698398
248.85850252 0.96033300 265.28545985 247.80169615 242.32280037 0.96336565 0.95877099 0.95965937
224.28141304 0.94951419 228.33919880 225.91715672 225.24350335 0.94769609 0.94704981 0.95477858
206.12978001 0.95491869 209.39841366 205.16868292 209.59830484 0.96145110 0.95363205 0.95250482
355.75331922 0.40512934 341.48022987 392.26247953 338.80244395 0.39923776 0.36623006 0.45418603
320.68852813 0.46300563 304.53794816 311.72202109 351.42984774 0.46537393 0.49515727 0.43065248
368.25780152 0.38208713 366.35014226 376.87002424 367.97225877 0.35456314 0.39305933 0.40183681
361.75662957 0.39415011 347.36646080 366.45832604 381.31391605 0.38867471 0.40862755 0.38336532
100.83852528 0.97684112 109.91417459 97.99150815 101.76452851 0.97264150 0.97351439 0.98290446
98.30432304 0.99749292 98.70216401 104.35510610 99.59727651 0.99812823 0.99818376 0.99634757
167.33844972 0.95510508 165.70257191 172.93081382 170.22685125 0.96085241 0.94399233 0.96168139
167.21877094 0.95753864 174.63199649 164.41857313 170.28714174 0.97284598 0.95297477 0.94705850
167.01061506 0.95274324 167.64650080 169.20700406 171.44547005 0.95325765 0.95355286 0.95289155
169.01972655 0.97539984 172.11752532 171.84924631 169.72120970 0.98069150 0.96975348 0.97657011
248.35036349 0.86552215 255.61676283 246.95230340 249.86351899 0.77955039 0.89895846 0.91396421
260.64419076 0.88332471 271.01870859 258.48993328 262.70326019 0.78942888 0.93529361 0.91989055
248.34021574 0.97012869 252.04570177 251.38756827 247.49116953 0.94428687 0.98363938 0.98147555
245.82566543 0.95968799 246.39134410 233.17887597 265.48511411 0.91918941 0.97770008 0.98126663
248.34021574 0.97012869 252.04570177 251.38756827 247.49116953 0.94428687 0.98363938 0.98147555
240.09095797 0.96428754 253.82418149 242.17423080 231.33988723 0.93133689 0.97848974 0.98063545
307.73592403 0.48277701 303.62046898 308.27158158 319.78255894 0.46697259 0.49985450 0.47992345
355.34956041 0.40152385 342.47885758 373.93582084 358.46156052 0.39755583 0.39034398 0.41601988
80.41844017 0.96499490 82.50952599 84.04129080 82.13560244 0.96313519 0.96056803 0.97129786
82.65697556 0.96168059 91.72292758 83.17081039 81.82451683 0.94630681 0.96831184 0.96780960
80.41844017 0.96499490 82.50952599 84.04129080 82.13560244 0.96313519 0.96056803 0.97129786
81.45003501 0.96536415 84.01275702 86.21591861 81.59709845 0.95249614 0.96967565 0.97378408
193.59237632 0.96510191 198.08514082 195.28081807 195.37529008 0.96487298 0.95895956 0.97224455
190.42744229 0.96052682 199.84350164 183.95418099 197.07679227 0.95235194 0.96921279 0.95926251
126.66910405 0.95924554 131.60963956 128.48476014 126.18366955 0.96353726 0.96486824 0.94950192
124.58420314 0.96227523 126.59463540 127.68496282 126.15486687 0.96210481 0.95974469 0.96499385
123.30457593 0.95638268 129.29460032 124.47919121 123.54169530 0.95512201 0.95983898 0.95435870
124.11729242 0.98008543 132.56029556 121.08405983 125.48236457 0.98393514 0.98034395 0.97575895
318.30961523 0.51272025 292.11484943 344.62003373 326.71338156 0.49969215 0.49787382 0.53731896
289.92145412 0.56697046 278.59783042 306.01499878 292.78099822 0.52767424 0.57174222 0.59738506
287.40604916 0.69434571 266.22599441 306.84686426 296.41372956 0.60505865 0.73577228 0.73426145
327.41274461 0.63685680 317.50788641 340.77128510 337.04456695 0.51673450 0.68449580 0.69864311
263.24253884 0.71625628 262.81034510 262.41841898 273.34174992 0.62413851 0.76705926 0.75200181
279.77333021 0.69379305 254.43153572 296.03400036 296.50525684 0.62792251 0.72673982 0.72625613
143.61159476 0.98200719 148.78298697 146.14677419 143.21150341 0.98369750 0.97837306 0.98450764
143.71100956 0.95713382 140.92837035 139.60903026 159.17511366 0.95967616 0.96106146 0.94998380
205.05727483 0.97104301 208.09431780 205.79099373 208.66313505 0.97233680 0.97069507 0.96983429
208.04693547 0.96725479 213.98498742 214.01026522 205.26048700 0.96846322 0.96263267 0.97051750
206.86513467 0.97197848 225.44973788 196.76950961 206.25497015 0.97004256 0.96581770 0.97899654
205.35684014 0.99376473 212.62728824 211.32485766 200.02755682 0.99251231 0.99209616 0.99667778
64.35030214 0.97064938 65.63728662 68.18659434 66.58783417 0.97264164 0.96603410 0.97242389
61.71270344 0.99344261 64.84000112 63.57837496 64.19430442 0.99603273 0.99407037 0.99040284
367.55620361 0.38057955 348.22094495 399.29929084 359.97493958 0.38712302 0.34810385 0.41336997
313.71427954 0.47278583 304.06878140 317.08732762 329.00790671 0.46629324 0.48447979 0.46467571
510.41257614 0.13715320 501.49156744 526.75750735 510.94569581 0.11215637 0.13650590 0.16276488
379.68522543 0.35946401 366.62281111 420.02894973 361.08403114 0.35411430 0.31367377 0.41157728
230.04943610 0.98912833 233.09251230 232.88114115 234.84080811 0.98081058 0.99661932 0.99136459
233.77548281 0.96361118 238.90421778 231.84067812 237.52896729 0.95972972 0.96261439 0.96978017
234.12748994 0.97430828 242.55783747 230.40755952 239.08896431 0.95911094 0.98017127 0.98417852
227.61257612 0.98088995 238.26858717 225.82897581 226.30443486 0.97415868 0.97773308 0.99014869
258.05776638 0.97812242 256.29541475 258.66191497 265.19731708 0.97778070 0.97637282 0.98058917
246.28716003 0.98623526 241.35422048 248.41120607 255.27106581 0.98915508 0.97985148 0.98987176
277.05926414 0.81360980 268.79242896 283.75373055 286.31991865 0.70538087 0.86501312 0.86820923
315.19305567 0.79568937 314.87336687 325.62689753 312.43374445 0.67179695 0.84471833 0.86675751
64.77249025 0.96367529 66.63094615 68.31550410 66.17212108 0.96123018 0.96299856 0.96768198
65.77501229 0.95868092 66.74787581 73.21950592 63.88215328 0.96287959 0.95316417 0.95925608
65.31502309 0.96333838 68.22111586 66.34455121 68.36158906 0.95548672 0.97003479 0.96447760
64.52355347 0.96067307 63.87369696 72.04208650 64.55961058 0.95667911 0.96171843 0.96366205
105.91864591 0.96380196 110.81438789 108.20899074 105.89580725 0.95687067 0.96595377 0.96888397
111.36792684 0.96335490 118.06637320 109.67679815 112.41800428 0.96046100 0.96789663 0.96254268
296.34328810 0.53615683 293.54891765 297.53583794 305.67018224 0.49365356 0.55675550 0.55745574
292.06916237 0.53975100 295.27017242 301.29675730 287.79094497 0.48569936 0.54751732 0.58046784
296.28463212 0.53521778 286.48601376 298.48749778 310.48082925 0.50120430 0.56906688 0.53435821
309.31247013 0.51528998 316.80881455 316.30764768 302.73494297 0.44931016 0.53228204 0.55891646
188.33939532 0.99644514 192.47682232 183.49839530 197.39590108 0.99811170 0.99748552 0.99410163
187.47916662 0.97474780 187.39268913 189.01164805 192.46317405 0.97667989 0.97218129 0.97551490
148.07499599 0.97275859 147.48025490 152.91965892 151.25569217 0.97902351 0.96208400 0.97685132
147.65693946 0.98022576 146.63109620 149.13781570 154.20532185 0.98514418 0.97837503 0.97797673
152.01888252 0.97562584 149.56133766 159.28798055 154.86444576 0.97621376 0.96649200 0.98172337
147.92047380 0.95221371 154.11648687 148.14811682 148.51888828 0.95099394 0.95517965 0.95007871
353.22170364 0.40554492 343.15751643 355.72193154 369.79415348 0.39637540 0.42061603 0.39723527
380.50447335 0.35902077 359.08060655 399.99935932 390.56095240 0.36761827 0.34689054 0.36253757
193.45826214 0.95144795 207.83324867 189.31136153 191.17764195 0.94786257 0.95213222 0.95543648
184.57880445 0.94832058 191.78314193 180.44761855 188.76305849 0.95725072 0.95008308 0.94029079
182.44095476 0.95653416 190.19404525 186.12925287 177.31625431 0.96208237 0.94963132 0.95948196
192.70396674 0.97958497 199.11385070 194.74354246 190.50160062 0.97827782 0.97795565 0.98213542
150.41512944 0.94979927 162.36030116 145.88041322 151.02577321 0.94777277 0.94719295 0.95526823
152.44500729 0.98325714 159.12389725 157.25944681 147.14217183 0.98658352 0.97844879 0.98453457
309.15426301 0.47904531 330.09439069 301.42842662 302.99780064 0.41939675 0.51026514 0.50845561
333.99025718 0.43951473 314.03922695 335.99593371 354.97845873 0.44814771 0.45287595 0.42138022
311.08938538 0.47603534 310.04439824 302.65988221 326.15235285 0.45533932 0.50817941 0.46920626
325.01057356 0.45270865 322.71930720 314.89937604 344.26805391 0.43261144 0.48787592 0.43995102
289.24301327 0.54389237 288.21750309 279.23662793 306.06018657 0.49720553 0.58276988 0.55059887
304.75838680 0.51901049 292.12710570 309.08258061 319.83433798 0.49225711 0.52621297 0.53795324
114.37954162 0.96446456 121.21182847 115.15885944 114.76478806 0.96665284 0.96048710 0.96631813
111.21453318 0.96795299 112.88572175 113.51779211 114.98870226 0.97179200 0.96590445 0.96711217
113.11905027 0.97118406 115.68516425 117.04452259 114.26334384 0.96904510 0.97186946 0.97186316
109.84365196 0.99648483 115.12150427 113.44343154 108.16543045 0.99659411 0.99672188 0.99592041
235.76512355 0.96088650 239.75333304 234.96113019 241.60714817 0.95617331 0.96782310 0.95822887
238.62884773 0.99332248 256.77002797 236.91792987 228.57463753 0.99318578 0.99393694 0.99306784
317.78049477 0.79213160 305.16451653 332.44858292 322.26470383 0.68036122 0.83506508 0.85616807
337.23369095 0.78051125 329.66360801 345.83191112 342.19583506 0.65429213 0.83663168 0.85105616
265.83051529 0.83942223 270.82548465 253.04754567 283.06964782 0.71904762 0.89813416 0.88867600
315.09850167 0.78311307 324.36668083 312.65273620 314.61755640 0.62726847 0.85977840 0.84440583
71.59358050 0.99075154 75.30153804 73.66295882 73.67715693 0.99166031 0.99488213 0.98594168
66.35553164 0.97132355 72.83647479 69.24783249 65.85661290 0.97365671 0.96941823 0.97007191
349.10567984 0.41352830 319.97076662 367.41962060 365.61040677 0.43754338 0.40080206 0.40378797
329.63365605 0.44633462 306.99956819 337.03274967 351.68551458 0.46088045 0.45128296 0.42700528
427.91337586 0.27872221 402.26218806 441.40521799 445.59497491 0.28995018 0.27800510 0.27106399
362.37320810 0.38953796 346.89592330 377.76837551 372.38728184 0.38925366 0.38358877 0.39251967
170.11174598 0.96648287 166.55374315 174.83552439 177.09602429 0.97576768 0.96116697 0.95993463
161.48643029 0.98657446 160.99264245 173.34893274 157.44039466 0.99062627 0.97897279 0.98999185
208.04489281 0.98919425 220.55178719 210.76655812 200.06856602 0.98393503 0.99130306 0.99175296
214.00593225 0.98850775 218.17873398 210.37784832 217.77304336 0.99040905 0.98265110 0.99200239
213.28488775 0.98786776 223.01489780 215.77540812 209.39509139 0.98941437 0.98982685 0.98421222
204.35206050 0.96400596 205.64288765 212.44014444 200.37556468 0.96816057 0.95966206 0.96532693
318.49283152 0.46575312 311.61207429 320.83221673 332.14610665 0.45251556 0.48090188 0.46027309
369.44932953 0.38174419 345.68989537 391.74050440 371.95576971 0.39145996 0.36332172 0.39808593
271.04360714 0.66421554 274.03459109 275.64457348 272.64337426 0.56166361 0.71071760 0.71292790
282.91987845 0.64121574 268.36350342 282.72984846 305.52001653 0.57698400 0.69051011 0.65209846
269.35529564 0.66842095 252.41779593 271.10918360 292.17697887 0.60318814 0.71343874 0.68559323
276.89796593 0.66487809 283.11726496 276.78450608 279.13599483 0.54834081 0.71944117 0.72087149
250.98173556 0.92714439 252.20023916 252.24348171 254.81570963 0.89015956 0.93666550 0.95361588
260.95651518 0.96240026 253.53391787 271.46175926 262.63329920 0.92901272 0.98261556 0.97514541
130.22554233 0.97526402 130.43383481 136.98531777 130.36879454 0.97464896 0.97456156 0.97637174
127.58294193 0.98002674 134.26569343 122.10771060 133.44865746 0.98125312 0.97722440 0.98154707
129.13912867 0.97817737 133.89643815 130.00598940 131.81135062 0.97071069 0.98320056 0.98179569
130.59108480 0.97364960 131.09667123 137.21133640 130.30028789 0.97460211 0.97484153 0.97158176
86.22061492 0.97741439 90.51384368 88.12697042 87.30028773 0.97497581 0.97308741 0.98492198
86.90518074 0.98152231 85.15987557 87.73478515 95.32558385 0.98224347 0.98636022 0.97590932
85.57169796 0.99458029 91.89404404 83.66517684 88.64461646 0.99547380 0.99457875 0.99301085
84.22115610 0.99365562 92.73970664 84.19811127 82.91340992 0.99227183 0.99353168 0.99556489
85.61654937 0.99278227 89.44716281 85.88502410 88.42852838 0.99031987 0.99119725 0.99640245
85.19051626 0.99365715 93.53383499 85.59231977 83.49468958 0.99386227 0.99330972 0.99275811
283.71015893 0.66323155 272.48653860 289.31976042 298.67302209 0.59703207 0.69536012 0.69369555
275.22365255 0.67465657 257.55477281 302.50918851 272.79881718 0.60137918 0.69238171 0.72735093
261.11637178 0.93802435 262.58364110 264.35244859 263.31070010 0.89611536 0.95542072 0.96608703
268.80881292 0.93983301 281.74078826 267.00442983 262.88527035 0.89975150 0.96298334 0.95741024
253.51238845 0.93238097 260.22706465 258.67235940 251.62983301 0.89788269 0.94865733 0.95112395
260.01448695 0.93390111 258.59698940 266.81445079 260.63286581 0.88478649 0.95430165 0.96530486
130.88169016 0.96837510 133.52093613 133.85877410 132.90550479 0.97088890 0.96217415 0.97202686
126.66595653 0.97174036 126.32832855 124.76138084 134.12404512 0.97712712 0.96687781 0.97247062
171.69922574 0.98269084 174.50927361 174.79355442 171.18817267 0.98451279 0.98140804 0.98172744
173.68319837 0.98204505 194.50956231 172.69744400 166.07627700 0.98388345 0.97966931 0.98175403
166.60510577 0.98303825 172.66004263 175.54436058 158.85994656 0.97987114 0.97799152 0.99199914
172.50869106 0.98116264 174.88189175 174.70629771 174.56358334 0.98784727 0.98060582 0.97594903
209.65714734 0.98265976 212.58374863 211.44072030 210.12918029 0.98448467 0.98140552 0.98142369
213.80904917 0.98007057 226.17565824 211.90274283 211.23811600 0.97379724 0.97831964 0.98527824
411.37211225 0.30595178 410.36964904 421.95443992 408.65375958 0.27564053 0.31054051 0.33570337
385.63334437 0.35358634 370.98189687 400.38920414 390.73004073 0.34604162 0.34831910 0.36830217
583.16447547 0.01858832 552.46060150 604.87747637 597.55659305 0.02069610 0.01046026 0.02567784
412.92246845 0.30329999 412.31419814 423.41060098 409.82483065 0.27214301 0.30811269 0.33377754
411.32831343 0.30480632 410.55882650 422.92511661 406.67517644 0.27527523 0.30891463 0.33582003
584.80787172 0.01128682 557.71908349 604.82775471 599.19744017 0.01125612 0.00666469 0.01606137
92.37608083 0.98552264 98.54429486 95.13774040 90.77650120 0.99266157 0.97752086 0.98453041
95.78845872 0.98888615 98.12452263 99.09208166 96.73297406 0.99349196 0.98558729 0.98755293
95.39397559 0.99274869 99.62574614 97.61479153 96.43349418 0.99207047 0.99327731 0.99284170
91.30943150 0.96682205 99.79751874 91.01517083 91.80259648 0.95657050 0.97143359 0.96994798
190.77460262 0.98850791 197.46088818 190.74226496 190.80849996 0.99200210 0.98491501 0.98664502
195.34358951 0.96625901 199.58694924 197.11783068 197.19150012 0.96922440 0.96077906 0.96884640
264.32772585 0.89235033 264.44053921 260.06618823 275.26238902 0.82110319 0.92421036 0.92803922
255.00206141 0.90361516 251.29541032 262.75255073 258.16931899 0.83015042 0.93300419 0.94359380
259.60637235 0.89358092 268.12444388 255.07371329 263.99414435 0.82098155 0.93271655 0.92097836
266.66158401 0.91265105 268.12104605 269.29085785 268.68882556 0.82587908 0.94536102 0.95813924
404.08051812 0.32006696 374.80529090 424.09853170 419.99795019 0.33916921 0.30663278 0.31345049
314.88343270 0.46994290 309.92175470 340.58220800 302.18232349 0.45556418 0.44527408 0.50899029
176.84720861 0.98128489 186.28335664 184.63876527 166.47111814 0.97549279 0.98257075 0.98534444
178.39536752 0.98023318 175.46409467 183.63135708 181.67614087 0.98257507 0.98290130 0.97587971
180.57287876 0.97461383 187.94534045 174.36058324 188.72013509 0.96856747 0.97621717 0.97946821
174.76219716 0.95250658 180.94246076 176.73086090 173.60571852 0.95187120 0.94916239 0.95703350
260.78167122 0.76189283 245.43659340 281.56873622 261.16589783 0.66306145 0.80279309 0.81931735
290.39952816 0.72410132 273.27423249 307.48826039 294.61061196 0.62366435 0.77176492 0.77827639
591.64140669 0.00184980 562.33561644 608.96127249 607.18319048 0.00298277 0.00000000 0.00294372
590.73034886 0.00162459 563.15454545 608.94523136 607.93885584 0.00151515 0.00000000 0.00308862
344.44638865 0.42134447 335.93270435 348.83686814 352.61889774 0.40895604 0.43280871 0.42530649
591.64140669 0.00184980 562.33561644 608.96127249 607.18319048 0.00298277 0.00000000 0.00294372
127.00994262 0.96186990 131.58890350 128.12840619 126.47748079 0.96532287 0.95886967 0.96150444
118.51139781 0.97497981 122.36688452 119.01683217 120.96352129 0.96601432 0.98755235 0.97156573
299.71775504 0.57151388 288.03395739 286.97079671 330.20335370 0.51514795 0.62004930 0.57853595
314.74272398 0.55147850 301.52210130 330.08158969 319.07047813 0.48304665 0.58483001 0.58680875
293.07478636 0.58254848 281.56847852 295.18745807 307.90495546 0.53240845 0.60588432 0.61085756
299.24411097 0.57478879 276.44336490 307.87307511 319.74034368 0.53902519 0.59234418 0.59531793
242.05893166 0.95922034 252.53408501 238.79199814 239.84630754 0.94004009 0.96523901 0.97481780
236.32443708 0.94723481 254.22344085 227.10823584 236.25349382 0.93652596 0.95858352 0.94553984
136.80586036 0.99529651 140.54265622 135.84989967 141.19938168 0.99368798 0.99471112 0.99726439
140.26770042 0.99422122 146.24155879 147.62836153 134.86403010 0.99555116 0.99120253 0.99544111
138.62824699 0.99559104 141.84725189 139.86979932 141.53726403 0.99611088 0.99491023 0.99607405
138.87251704 0.98244954 143.36924894 135.73387525 144.00767162 0.98042929 0.98312567 0.98314715
74.00255214 0.99646966 73.67638508 75.55233942 79.65667892 0.99490231 0.99640938 0.99843826
77.81473288 0.98417062 81.47091058 80.48603244 78.22554997 0.98710487 0.98233074 0.98371184
226.86879965 0.95867993 217.46506181 235.59670671 234.41766425 0.96021980 0.95854278 0.95809683
223.75286180 0.95887655 225.54865260 229.05644779 224.36572276 0.95607782 0.96254272 0.95847914
226.20955562 0.95673932 234.88196135 226.64799927 222.52646708 0.96131064 0.95642836 0.95330064
228.64697157 0.96654057 230.33465211 231.99343850 229.51741643 0.96328276 0.96589715 0.97104598
158.18400764 0.96381983 157.64415255 155.04128493 168.61365998 0.96334580 0.97068997 0.95848331
155.03160412 0.96834685 163.04380444 158.31460926 152.94329784 0.95859883 0.97254882 0.97258265
56.08707524 0.98267770 57.84260754 58.96726107 57.82109387 0.98259335 0.97767615 0.98769824
56.40238641 0.98327557 59.82259606 58.40679413 59.44454525 0.97940499 0.98675684 0.98264882
56.48715423 0.98688318 59.74320826 57.21731577 58.15283946 0.98465265 0.98760103 0.98934333
56.81948680 0.99211048 59.12792169 55.86074428 60.79280139 0.99495798 0.99032027 0.99099689
351.79766773 0.42206619 349.62262657 358.70608135 355.43171053 0.38568565 0.43803346 0.43529430
331.02286880 0.45930587 331.12271529 330.85848802 342.05381322 0.41944622 0.48201228 0.46945024
155.53664859 0.96573494 157.52938727 147.65813795 168.15870194 0.96507508 0.96284642 0.97236236
150.96895282 0.96273563 156.69902088 150.90081801 152.49999531 0.95537183 0.96251262 0.96995823
155.79000879 0.96735957 168.27311755 154.43626486 153.31457593 0.96029934 0.96905699 0.97268804
157.85569854 0.96175328 173.87777864 147.56831590 159.64385770 0.95365427 0.96809805 0.96067839
219.13246486 0.96521273 224.61086373 204.68284114 231.78500156 0.96249565 0.96427494 0.97181132
219.85257788 0.95907363 219.36766120 222.38259971 224.50093685 0.95443874 0.95997874 0.96253341
566.62060889 0.06293943 531.87521084 589.45650424 586.09326283 0.05991438 0.05887205 0.06969508
570.84468753 0.05663338 538.10124441 587.39328162 592.32789046 0.04905621 0.06097051 0.06107692
401.41974405 0.33821071 387.11687821 418.17171587 407.03223904 0.32033217 0.33131071 0.36294846
566.62060889 0.06293943 531.87521084 589.45650424 586.09326283 0.05991438 0.05887205 0.06969508
57.55831018 0.98306768 60.05203134 60.12008565 59.07249731 0.98202543 0.98076431 0.98649867
57.12619582 0.98663433 61.21713885 59.44958093 58.08813837 0.98834256 0.98544817 0.98689189
73.45038150 0.97774439 78.13400822 76.82724357 73.72918207 0.98008377 0.97261830 0.97999031
74.79545344 0.97713421 78.53569686 78.68488666 73.92066957 0.98043462 0.97626585 0.97319291
74.87083006 0.97683760 75.69796110 78.01405880 78.06818448 0.98634385 0.97576095 0.96904092
73.31674612 0.97288921 75.72394119 77.02809956 74.89966800 0.97170009 0.97363041 0.97359529
135.73633837 0.97255506 141.40245693 135.38435805 138.41634894 0.97506639 0.97412638 0.96793952
138.51805361 0.97052136 136.18418872 138.17142331 149.25336198 0.97492302 0.96388183 0.97127891
245.18060669 0.98511621 252.84284193 236.85455164 254.33675237 0.96082460 0.99640734 0.99595157
246.98308709 0.98821321 260.13421100 240.52825236 248.99120368 0.96858714 0.99608197 0.99796066
240.50918482 0.98504547 252.94806280 243.94005944 232.05874990 0.96736254 0.99307777 0.99374262
231.96437561 0.98593291 240.10881576 223.18686244 245.26074997 0.96251655 0.99712821 0.99594017
304.93238894 0.56736449 285.91313926 316.84681233 319.19318168 0.52356977 0.57067804 0.60817994
283.36365956 0.60093276 292.81275875 279.54920799 287.76911286 0.50622412 0.63980844 0.64698447
276.88713115 0.74322260 278.43817690 290.41862296 268.38315268 0.63086476 0.77597342 0.82293981
277.10817195 0.73846089 271.02181946 285.14746617 283.92935752 0.64071299 0.76554590 0.80458250
279.57223580 0.73728912 274.79869538 277.00656179 295.66888906 0.62878226 0.79039043 0.78306825
285.59317178 0.71487021 281.23411699 270.56809821 316.59307077 0.61662494 0.78661205 0.73751945
182.35647595 0.97940123 200.48040373 176.50534965 178.89398987 0.98667364 0.97469286 0.97725401
180.51181142 0.96502779 185.90372845 186.67400421 176.01106952 0.95798004 0.97315073 0.96375624
115.58441384 0.95252927 126.15595742 117.45067015 109.97629941 0.94503667 0.95499267 0.95715428
122.97516052 0.95398173 135.71502415 119.57738257 118.24665138 0.95402550 0.95644427 0.94969758
119.10127910 0.95402628 127.26730043 120.12875967 116.71449408 0.94920566 0.96261645 0.95177938
117.96112856 0.98910089 124.91069255 118.71620030 116.24697375 0.98728812 0.98724673 0.99222964
325.72334719 0.45203648 331.62808922 311.69989131 341.40979624 0.41663721 0.49400467 0.44387357
589.07431297 0.00348841 564.00000000 604.79700845 606.76577167 0.00000000 0.00697005 0.00369492
325.83552449 0.45284385 305.16936015 350.55360617 326.80364451 0.46449134 0.42910567 0.46855772
329.26983890 0.44732779 300.02753036 341.45623875 349.89419023 0.47354949 0.44408243 0.43010357
345.60580984 0.41821264 339.57853692 357.57059499 348.20285076 0.40272325 0.41745586 0.43299943
340.19851791 0.42708586 341.56674632 346.11414703 339.94034817 0.39918403 0.43649758 0.44674154
261.57392703 0.91831344 266.53766244 274.02029314 251.22404821 0.84374066 0.94606390 0.96419113
255.12094423 0.89094922 260.26465648 253.49107859 260.00889959 0.82501795 0.92433007 0.92105214
209.88898704 0.97006514 221.62558079 204.44279901 210.93009905 0.97352200 0.97403400 0.96241429
195.01168617 0.96977092 194.84624632 192.74354381 204.30610240 0.97050782 0.96946355 0.96896908
196.27779443 0.96717507 201.60509382 204.02347880 192.39237867 0.96825826 0.95506042 0.97844375
210.24167930 0.98098981 220.56434153 201.13650853 215.07262238 0.97762881 0.98430602 0.98097076
98.40376989 0.96938494 103.03095141 96.34265855 103.11162931 0.97359465 0.97392339 0.96109743
90.48462131 0.97822955 92.19148003 92.71636486 93.28002338 0.98340639 0.97758102 0.97409785
349.98565201 0.41637425 344.20224351 373.31457697 345.33139746 0.39454695 0.40464338 0.44407192
319.73002390 0.47018175 307.12264701 322.49215138 336.95726800 0.46181598 0.48439124 0.46281374
352.21121159 0.41760261 320.87793684 369.57238105 372.73055367 0.43644258 0.41294382 0.40698911
366.48302059 0.38807437 366.67831927 364.82106122 379.75060917 0.35420259 0.41615933 0.38839671
117.25383639 0.99221992 122.10519331 120.04795621 116.15182501 0.99016398 0.99610733 0.99026905
122.11438014 0.98144747 124.49550679 123.69027800 124.07068102 0.98612292 0.97559607 0.98279358
162.78950213 0.96006420 163.28151510 164.70550827 167.76398364 0.95914316 0.95834253 0.96305036
172.20217010 0.96588635 174.32177198 173.19662246 177.14796695 0.98042971 0.96599030 0.95155688
160.68621399 0.95954913 165.61018257 161.78579888 161.10263948 0.96436350 0.95914500 0.95545452
163.75924411 0.95213519 166.88909716 168.51162592 163.39485154 0.95254189 0.95505045 0.94833131
316.98225030 0.69532101 321.56350079 335.69354887 298.71108552 0.54827944 0.73929285 0.79557917
366.07384868 0.64094538 361.22120451 364.80969474 382.15684319 0.48799432 0.71170206 0.70826560
242.86277504 0.96117519 249.23515383 251.51416763 235.05142544 0.92895372 0.97249431 0.97974052
245.39227254 0.94896081 259.83629065 235.70039011 248.05122367 0.90882453 0.96643253 0.96799282
241.86816141 0.96255725 242.99482541 249.63281851 240.38230102 0.93627493 0.97203892 0.97953217
244.59667303 0.97474813 253.20922252 239.87263739 245.86521108 0.95379860 0.98644251 0.98441715
335.15053305 0.43569845 334.31112523 344.32452963 334.94724212 0.41180807 0.43910554 0.45465555
379.89842028 0.36046176 352.59681062 390.15154979 405.36379006 0.37918654 0.36320063 0.33796495
82.37887970 0.95906801 83.47665725 83.76880775 87.07635215 0.96961213 0.95181127 0.95569490
78.23481835 0.95751907 80.13718914 82.66292666 78.15659665 0.95206931 0.96097110 0.95823940
80.39381675 0.95114056 86.12868717 79.98458630 81.88284420 0.95332324 0.95753955 0.94455516
80.72272556 0.97653635 83.34973895 79.82463821 84.22015646 0.97462025 0.97148564 0.98406113
205.10034907 0.95899691 206.62431305 203.19631429 211.85541352 0.96791194 0.94737292 0.96219398
207.88751953 0.97048711 218.17740015 215.89484955 197.33173646 0.96618678 0.97067188 0.97499265
122.12296407 0.96868053 124.03964647 126.45517678 123.51428331 0.97397618 0.97109649 0.96055407
115.81933674 0.97084753 121.75827461 121.31077638 112.27075786 0.96437592 0.96959435 0.97791650
120.82791586 0.97555203 120.01849381 121.45792214 129.55976170 0.98240247 0.97393712 0.97042861
116.49610794 0.99167386 121.78292521 113.24695506 122.30947929 0.99306832 0.98941343 0.99239548
330.87082432 0.45422125 297.34064310 350.51129242 353.10098615 0.47984797 0.44242388 0.43802458
310.56417779 0.48809511 290.71876478 318.23351399 326.04459426 0.49306100 0.49304908 0.48364989
275.39988223 0.75606412 267.64887533 295.05760291 267.11967516 0.63556644 0.79946329 0.83380083
269.16317694 0.75077142 280.66583578 256.67390147 279.92689995 0.60685251 0.83989119 0.79197271
284.69970131 0.73390646 302.68401466 273.49925311 286.15611386 0.56684013 0.82081220 0.81304645
265.62179228 0.75030305 260.08667947 258.23263372 285.86194790 0.65166826 0.80940302 0.79118154
160.95575419 0.99695755 162.90987732 162.63749931 162.56680323 0.99738975 0.99553566 0.99791487
168.11108710 0.95828483 169.47257622 169.87330347 171.85469404 0.95612764 0.95826103 0.96036132
198.68807271 0.95720517 202.88793491 199.89299171 199.26876679 0.95024843 0.95496012 0.96750768
208.71817171 0.95993665 218.62017987 213.88244096 210.49336367 0.95320323 0.96202219 0.95906660
202.03004954 0.96100498 205.56003912 206.11015216 198.71930089 0.96039337 0.95915397 0.96477327
205.30819974 0.97458574 215.13292551 202.54856575 205.86882301 0.97334234 0.96996707 0.97954841
79.81596564 0.96178552 79.52813825 84.29898889 82.12700884 0.96599664 0.95590290 0.96472615
80.42827164 0.97742590 87.33380547 81.79838811 79.47322947 0.97683973 0.97929874 0.97726146
495.02770580 0.16398482 470.76823406 519.92254862 504.71141556 0.16725750 0.14780487 0.17304497
467.30780697 0.21094417 452.04956748 482.07539752 476.74256056 0.20081499 0.21066698 0.21953358
351.88791118 0.40761484 322.73064924 372.16391000 370.81205747 0.43288022 0.39310574 0.39536170
511.57645199 0.13617463 475.88534989 532.33594441 535.29121356 0.15808725 0.12718596 0.12228552
244.23158728 0.96650414 260.94022885 226.72785747 251.39189394 0.93905767 0.98406270 0.97623102
261.28413487 0.92843327 258.94777896 257.35695481 274.72592198 0.90683323 0.93715319 0.93989528
256.83153171 0.86944405 274.59907480 243.29948295 257.81968682 0.77120555 0.92428730 0.90675492
256.83153171 0.86944405 274.59907480 243.29948295 257.81968682 0.77120555 0.92428730 0.90675492
263.53848642 0.86834940 271.20544819 271.90994072 254.82441134 0.77765157 0.91485398 0.90799789
260.11985548 0.89487010 266.59024293 264.55009549 254.31362714 0.80810724 0.93075924 0.94485378
322.62485558 0.51450365 309.71729227 330.66249915 333.37403992 0.46889530 0.54332964 0.52704322
313.98131334 0.53105761 299.28393538 329.01284678 321.95271309 0.48998399 0.53301370 0.56844616
97.25373744 0.98458737 101.70914962 98.76282067 98.52563469 0.98801069 0.98113123 0.98530930
97.25373744 0.98458737 101.70914962 98.76282067 98.52563469 0.98801069 0.98113123 0.98530930
99.26461754 0.98014154 105.17859479 103.46986726 96.26230163 0.97995322 0.97512069 0.98456915
97.84462458 0.96573537 101.46400118 100.46422370 98.42218808 0.96510915 0.96531304 0.96722197
144.51081145 0.98285713 155.23947614 143.00898536 143.08375748 0.97911084 0.98232668 0.98662931
141.55053052 0.96850632 143.23214262 152.53748539 136.57765668 0.97072579 0.96848058 0.96642978
312.75238679 0.47564648 282.91259515 319.45500074 342.64871742 0.50395436 0.48035299 0.44361379
312.75238679 0.47564648 282.91259515 319.45500074 342.64871742 0.50395436 0.48035299 0.44361379
586.76629611 0.00789225 559.60192153 602.88928686 607.22798468 0.00788030 0.00998417 0.00538273
321.05362105 0.45930748 322.66065237 322.72489416 326.57028809 0.43267891 0.47490111 0.46851350
55.09293095 0.97013758 59.43953505 56.89092541 56.23785202 0.97374099 0.96237502 0.97445357
55.90452215 0.98596975 58.94865071 57.68340418 58.59386507 0.98504780 0.98861635 0.98408364
183.73534273 0.99134501 197.55119842 187.86533716 174.62133259 0.99345816 0.98953955 0.99173453
183.73534273 0.99134501 197.55119842 187.86533716 174.62133259 0.99345816 0.98953955 0.99173453
182.40310314 0.99338583 190.40815088 183.22887011 178.98848913 0.99473637 0.99001384 0.99495011
179.89674950 0.95417900 199.95492985 188.84264412 158.75719407 0.94690282 0.94990507 0.96534108
220.35572107 0.99377881 214.33134224 231.79644351 221.15583826 0.99397997 0.99489746 0.99257043
216.32720588 0.94843165 225.59867798 214.07175680 216.31187308 0.94259467 0.95033565 0.95169843
143.15482137 0.98296536 136.38341144 150.05468357 149.79576087 0.98765757 0.98406940 0.97783164
143.15482137 0.98296536 136.38341144 150.05468357 149.79576087 0.98765757 0.98406940 0.97783164
143.85483751 0.97787639 143.61070189 144.45900801 149.26115348 0.97671516 0.97204998 0.98397447
140.54818126 0.98984488 145.14511915 135.73631911 148.04419515 0.98745577 0.99134945 0.99183837
99.41681342 0.98291389 96.91632466 103.44893393 105.11972025 0.98755452 0.98398333 0.97770707
96.51959944 0.98942373 95.17331502 97.01270711 104.33416884 0.99040221 0.98889881 0.98914702
451.77930486 0.31218653 434.21523749 470.00332094 459.30169844 0.24834660 0.32972642 0.35755222
451.77930486 0.31218653 434.21523749 470.00332094 459.30169844 0.24834660 0.32972642 0.35755222
287.53922773 0.56833708 279.42025995 294.49135766 297.15633719 0.51744750 0.59044678 0.59573350
451.56846358 0.31563538 432.70169278 467.69766479 464.04484293 0.25213456 0.34008526 0.35367013
273.09920319 0.85524372 278.70529648 276.03458321 272.94961747 0.75843931 0.90629430 0.90337550
254.86336629 0.87485043 259.32997205 258.89277938 253.02248079 0.79096259 0.91293112 0.91642917
58.99770841 0.98614848 62.77047993 60.32958327 60.26794827 0.98032014 0.98710795 0.99142223
58.99770841 0.98614848 62.77047993 60.32958327 60.26794827 0.98032014 0.98710795 0.99142223
55.71789998 0.98802743 56.21156568 61.40652279 55.89416233 0.98699004 0.99240009 0.98411192
59.42790007 0.99775139 61.54967876 62.84329477 60.90861941 0.99662837 1.00000000 0.99643702
327.08506210 0.45046400 310.09947595 340.76183826 339.40986522 0.45525863 0.44601890 0.44724669
428.98348000 0.27899347 399.63683991 446.63469706 446.17828919 0.29466631 0.27269653 0.27103301
224.49906788 0.96009162 251.67572738 219.24608190 214.21954226 0.95293639 0.96178196 0.96258315
224.49906788 0.96009162 251.67572738 219.24608190 214.21954226 0.95293639 0.96178196 0.96258315
226.75014768 0.96106455 223.39102703 238.11538118 225.79736953 0.95956272 0.95937471 0.96356458
218.81764651 0.96943060 224.35537203 215.37431851 221.13534282 0.97088354 0.96637697 0.97122640
173.83551251 0.96229920 185.43558737 171.57701628 173.14907506 0.95229680 0.96938102 0.96534001
181.74905386 0.97136772 183.77037506 178.28125740 189.68282588 0.97046383 0.96999763 0.97348365
214.70842361 0.98215499 222.42387770 209.70779017 220.90522495 0.98303520 0.98183987 0.98076930
214.14361745 0.97921946 220.37599000 210.76569271 218.81137660 0.98011826 0.97387205 0.98385783
207.07325922 0.98388522 210.63150964 200.58822928 215.07290661 0.98648232 0.98575541 0.98084610
212.72903467 0.94929930 230.44717255 208.48441413 209.67034085 0.94124010 0.95999136 0.94713576
351.22597187 0.40979264 318.23226041 364.12065869 377.03658813 0.44104052 0.40660068 0.38515011
315.66521467 0.46948261 306.05729757 321.87337581 324.14584089 0.46270639 0.47652679 0.47277758
340.26097599 0.42908901 311.21388231 358.25052369 355.41020425 0.45332217 0.41601268 0.42075275
347.77906234 0.41480242 318.83184881 366.60467471 368.29948624 0.43981299 0.40230805 0.39949320
338.30001980 0.43230659 307.21979628 359.74224012 350.53578984 0.46047091 0.41355063 0.42885923
327.20060430 0.45085759 310.52725924 343.21058256 336.14939672 0.45457896 0.44102028 0.45275361
198.80309869 0.95977542 197.64945078 197.86140682 203.87355287 0.95575805 0.96552184 0.95992986
194.45046142 0.98257715 208.30224051 200.69150914 182.78873281 0.98420478 0.97311503 0.99161923
124.97029515 0.99349074 129.70430367 126.72778244 125.22012690 0.99621008 0.99224468 0.99170066
127.38537926 0.99298719 134.63900279 119.10388035 137.18124642 0.99174330 0.99419937 0.99421837
126.76311634 0.99564406 128.48246948 128.48946017 130.10969518 0.99721094 0.99566969 0.99430710
128.21809475 0.96508138 132.72657258 131.62564709 126.22147736 0.96651357 0.96459364 0.96416866
105.44941761 0.99320179 109.28429141 107.18675757 106.53181525 0.99242057 0.99551045 0.99106992
110.20764797 0.97207792 116.19552111 105.10699477 116.19747057 0.96090702 0.98383152 0.97081427
395.31507182 0.52319367 377.38501192 402.28638972 412.93188317 0.40769570 0.58688777 0.56541758
357.13959566 0.56634228 333.34398271 375.21049186 371.67519524 0.47129816 0.60160150 0.62410319
366.59311807 0.55427074 356.13368608 388.95469636 360.73358269 0.43693934 0.58491046 0.63132386
381.03895444 0.54487522 364.24418791 388.40197522 395.96706084 0.41735634 0.60088797 0.60493048
293.51669394 0.79320219 292.35518216 293.52921650 304.55172015 0.66993429 0.85515611 0.84955134
271.54408925 0.83793622 266.11672275 281.03586788 273.12217728 0.73076308 0.87823808 0.89689149
253.33010589 0.91424843 258.50786685 253.77492629 253.81186106 0.86763114 0.93685665 0.93571612
255.36545651 0.90772632 255.92918157 260.36210100 256.24220160 0.85702812 0.92663910 0.93779706
253.14457007 0.90977483 262.44077200 260.42501916 243.12525937 0.85925258 0.92664674 0.94239474
258.19546474 0.91784141 269.32768624 264.09462275 246.99403381 0.86737510 0.93136050 0.95313430
68.16781327 0.95816746 73.24415819 71.37951368 67.33384185 0.95088769 0.96088578 0.96136240
65.01236221 0.96283729 69.81780349 68.30448799 64.55966795 0.96502022 0.96324699 0.95993511
90.02018686 0.97648922 90.88860189 92.64580060 93.13767952 0.97280145 0.97561881 0.98106278
101.38669370 0.97696269 98.05642483 105.49106374 108.26810749 0.97920124 0.96993893 0.98130243
89.73254592 0.97737376 91.13063167 92.84333124 91.77114178 0.97324192 0.97486774 0.98401835
89.26557896 0.98650992 87.94684034 91.02682229 95.26209894 0.98425431 0.98608695 0.98953080
229.08278292 0.97253478 234.07605895 220.00970645 240.76607879 0.96764162 0.97756052 0.97171099
240.92162568 0.98444357 235.79949327 242.51698839 251.56492732 0.98653093 0.97837277 0.98820041
324.01550930 0.45709859 310.91247207 328.38297930 339.29582056 0.45392501 0.46567283 0.44945052
346.92425059 0.41749789 328.56886808 359.42381365 360.42661581 0.42255725 0.41575652 0.41277946
319.80240616 0.46359537 325.06290696 328.63136979 311.80214699 0.42852783 0.46532730 0.49596069
324.46100421 0.45639428 323.29962493 312.67300880 342.99395002 0.43167860 0.49548904 0.44353597
309.97802503 0.50024656 304.89972756 297.07662117 334.60762454 0.46887274 0.54399431 0.48352412
333.11831040 0.46278698 331.60174939 326.11187106 349.04089414 0.42130677 0.49959386 0.46622877
170.13285328 0.99144027 185.99758917 158.03649073 176.82558836 0.99363376 0.99004165 0.99091275
168.09376007 0.98841375 167.64129557 168.20101003 174.55021886 0.98331131 0.98993493 0.99121452
182.60346288 0.98940336 189.69666112 184.48396027 181.15863997 0.99164433 0.98663427 0.99110129
177.37836497 0.97788856 180.15240022 172.61264552 188.92217978 0.97584988 0.97959889 0.97710737
151.35495733 0.99143381 164.98599105 141.49329263 157.49298924 0.99356421 0.99004355 0.99091468
155.86556788 0.97678181 159.12781280 158.41234204 156.58536744 0.96973084 0.98269967 0.97862591
66.46775638 0.96609971 69.16737922 67.30418698 69.85540826 0.96846193 0.96114083 0.96884742
64.86184638 0.96697391 68.01574137 65.80615434 68.13965073 0.97275748 0.96900126 0.96185708
71.95599788 0.96819732 75.33708749 74.22749947 73.83856842 0.96702280 0.97366003 0.96468797
66.35590122 0.96612402 67.60763778 66.17795109 72.64741882 0.96911756 0.96466143 0.96369494
91.67242042 0.96499909 92.51247762 92.11406273 97.18287816 0.96837221 0.96363623 0.96291236
89.51674670 0.96143911 89.20830892 95.22051599 91.26723485 0.96065536 0.96311582 0.95900586
224.74408009 0.99093797 239.90185546 222.17795356 220.04400642 0.98575104 0.99394949 0.99284936
235.50678813 0.98881496 232.80058684 234.31784593 246.10960235 0.97923812 0.99299102 0.99489271
223.58973757 0.98605286 223.51027731 217.98184784 234.15266102 0.98111460 0.98974266 0.98726201
225.86096198 0.99162245 236.73941427 227.94911783 218.31048201 0.98704735 0.99398123 0.99386449
258.36974921 0.94637925 263.81441493 263.67136141 254.25311970 0.89749436 0.96845765 0.96985454
257.51251136 0.94309243 254.16996652 262.18623645 261.48646265 0.88731697 0.97506644 0.96631383
150.09805929 0.96071155 155.20237766 145.36749834 156.98338202 0.96100024 0.96027555 0.96130823
154.24967151 0.95037449 159.21213400 154.70030619 154.70113752 0.94601709 0.94997220 0.95296807
151.27197203 0.95552113 160.32565683 148.78281747 152.35854365 0.95526735 0.95304807 0.95763561
154.06714303 0.96075561 155.12340478 157.55090731 155.70032323 0.95720023 0.95834901 0.96648191
321.50943733 0.46009876 317.78550197 325.96261329 329.51115544 0.44163450 0.47060653 0.46559804
317.12715340 0.47049127 305.27546925 320.24613654 330.19659366 0.46400957 0.48391236 0.46635737
314.44903944 0.49093250 296.99363593 321.76598436 331.72984872 0.48147799 0.50130771 0.49182212
346.68823639 0.44575704 336.10544589 341.56746476 375.64135419 0.41666995 0.48648661 0.42329589
327.78038041 0.47765592 314.52995633 326.77278171 346.19798909 0.45573568 0.50328754 0.47745316
319.48831485 0.48687981 308.60022544 313.51805909 341.66218229 0.46194959 0.51847460 0.48498214
174.00998364 0.98227457 191.52278592 168.58128725 170.65167143 0.98812999 0.98277122 0.97539397
170.36982295 0.98288134 178.46495081 177.67159334 162.11805805 0.98344831 0.98447597 0.98017874
347.88255683 0.41576992 310.24647858 355.94986018 383.21807861 0.45543854 0.42022851 0.37497815
361.07632439 0.39176093 351.41706029 372.35594656 374.07806771 0.38149730 0.39291558 0.39008122
590.79363894 0.00000000 564.00000000 608.98896465 608.99454428 0.00000000 0.00000000 0.00000000
351.69439930 0.40932453 317.54789171 377.54493003 367.61208521 0.44237362 0.38437505 0.40086566
347.85361712 0.41576992 310.26336329 355.97279888 383.21918186 0.45543854 0.42022851 0.37497815
590.71712554 0.00000000 564.00000000 608.98764442 608.98487839 0.00000000 0.00000000 0.00000000
191.18457445 0.97165608 190.05110669 195.41315489 194.78523975 0.97383047 0.96838825 0.97305282
193.72904255 0.97591524 195.32950401 203.42592509 187.50960336 0.98212718 0.96857943 0.97867462
192.43259249 0.97497569 203.72091317 194.08716269 187.37404848 0.98056858 0.97401334 0.97131301
194.37956894 0.98525743 196.09125352 195.25821656 198.64336808 0.99165412 0.98031661 0.98563350
209.20954141 0.96844049 217.96936764 208.20353493 207.14095873 0.96347654 0.96851881 0.97316279
215.93964981 0.98642198 222.82991415 220.32911268 212.65693181 0.98998378 0.98366928 0.98490339
268.64655855 0.82188271 268.61821707 268.42710584 275.84023075 0.72252897 0.87223540 0.87245105
264.97624210 0.83576560 264.36705742 271.32946073 265.90804236 0.71853406 0.87448807 0.90981669
277.14499926 0.80815133 281.77790475 280.75532919 276.58548754 0.70082786 0.86278622 0.85623458
255.83172947 0.81830200 232.86160664 263.13883144 277.78128429 0.73956941 0.85427087 0.86292692
128.70290659 0.99156701 138.03148086 129.33212778 126.89241590 0.99128299 0.99181894 0.99089924
126.33123139 0.96934960 128.57943703 128.84233759 127.80532145 0.96803159 0.97302184 0.96709402
122.58477539 0.96150363 123.16056716 125.96217536 125.93762469 0.97112694 0.95079506 0.96155454
107.88380682 0.96422811 111.76122663 106.13705802 112.12331495 0.96445145 0.96708902 0.96270295
108.19002784 0.96081345 110.75752550 109.92345235 110.42590327 0.95907952 0.95564415 0.96607340
118.78953457 0.99755326 113.22288717 123.18404059 125.86293695 1.00000000 0.99818182 0.99468709
446.52878199 0.43751893 440.69438071 459.43059448 446.69774814 0.29782528 0.49468338 0.52244595
295.34163174 0.65181260 289.54266575 302.41487239 301.53684612 0.54827290 0.69522315 0.69981096
164.83450876 0.97078330 168.10850052 164.67167039 170.16210918 0.96924135 0.97021341 0.97395844
167.24268397 0.97136372 177.45100856 168.28498998 163.74235315 0.97347162 0.96768263 0.97230345
164.67087902 0.97820693 172.99960399 163.58201967 164.31995265 0.98409922 0.97189705 0.97754628
164.83450876 0.97078330 168.10850052 164.67167039 170.16210918 0.96924135 0.97021341 0.97395844
251.13039128 0.93687823 259.98759928 249.39306069 252.55662138 0.89398581 0.94594784 0.96868685
256.34291542 0.94077329 262.02308118 265.58835293 250.09623447 0.89879452 0.95598194 0.96418440
338.82368910 0.43465092 325.12830104 342.52857910 353.13273700 0.42829458 0.44866515 0.43105163
371.00971402 0.38188024 350.43934792 389.67716788 380.56794496 0.38300027 0.37451612 0.38720616
329.97145027 0.44730185 326.87608408 333.76599682 335.30875490 0.42517161 0.45860115 0.46063337
338.82368910 0.43465092 325.12830104 342.52857910 353.13273700 0.42829458 0.44866515 0.43105163
83.81060681 0.99457154 86.08481783 82.88739450 89.68597219 0.99643859 0.99130526 0.99654307
89.41300932 0.99471483 92.98432222 92.13593378 90.37756358 0.99631508 0.99623879 0.99187626
84.70460198 0.95164014 95.65418706 83.69989188 82.98478819 0.94653632 0.95329834 0.95536185
86.75376594 0.95588156 91.58846593 85.13583805 92.27340947 0.95509135 0.96328189 0.95044230
88.73848414 0.95548282 93.21463716 90.73125354 89.21036533 0.94265225 0.96269650 0.95954107
84.70460198 0.95164014 95.65418706 83.69989188 82.98478819 0.94653632 0.95329834 0.95536185
167.42867246 0.95263806 183.68943383 160.86703991 166.14344161 0.94986423 0.95053191 0.95749566
171.07594553 0.95508396 182.15321434 164.66967614 176.34373814 0.94948832 0.96024018 0.95629935
266.81646590 0.94587910 268.85519618 272.35026403 265.91687521 0.89597261 0.97042925 0.97230592
259.56407267 0.95130488 268.66563420 260.66532840 257.81752470 0.89982188 0.97345907 0.97983463
274.86582571 0.94149168 280.45555806 268.95629398 280.70191625 0.89250376 0.96325370 0.96560383
266.81646590 0.94587910 268.85519618 272.35026403 265.91687521 0.89597261 0.97042925 0.97230592
583.40684328 0.02114793 554.91327177 601.16178220 602.34311361 0.01766332 0.02395406 0.02146093
569.98361881 0.04243881 542.16237901 591.63385588 585.65344415 0.03917707 0.03927789 0.04855183
274.65993765 0.70053548 253.73150745 283.55205182 295.85330891 0.64212469 0.72011445 0.73587643
266.66187691 0.71424726 264.19883622 275.28172558 266.91242548 0.60228797 0.75729234 0.77307135
276.13983505 0.71317461 269.77957379 281.28489590 285.08603779 0.61242049 0.75894142 0.76200756
276.03526696 0.68812183 259.38328686 280.37032229 295.48911105 0.61358922 0.73460811 0.71252110
210.92194618 0.99059917 214.65269268 213.35642742 210.85187686 0.99496676 0.98443882 0.99271483
211.88616342 0.94948421 215.37046880 213.79098909 214.06913975 0.93722220 0.96030455 0.95065869
119.32162769 0.96694507 124.65858664 115.97615162 123.77825667 0.96212511 0.97189946 0.96552744
125.21340864 0.96811927 129.74484668 130.44783752 122.60171316 0.96581450 0.96470920 0.97368694
123.67335009 0.96637903 132.73849975 120.60100089 124.21772563 0.95897908 0.97655000 0.96205210
122.69154450 0.97596035 127.31978455 128.04926867 119.31816887 0.97383502 0.97485826 0.97930533
430.23228502 0.27508844 406.41594002 451.46091795 437.65344474 0.28245826 0.26117609 0.28412189
361.72475744 0.39040169 340.63206801 393.90574091 359.95335006 0.40089823 0.35712326 0.41356482
329.40495573 0.44691766 309.90379973 341.38195206 343.23418366 0.45569075 0.44407589 0.44100841
365.29000763 0.38576533 340.88887046 401.38718565 362.64636770 0.40043844 0.34471299 0.40910809
324.80797741 0.45320998 323.02926124 329.33211253 329.21190185 0.43212095 0.46409696 0.46428924
324.51765430 0.45494311 295.74418262 327.06016201 359.49073073 0.48104016 0.46783376 0.41405342
281.45976521 0.69082384 255.53539776 299.15383757 296.75985516 0.63066419 0.71070293 0.72837149
289.24314994 0.67750070 295.27359285 276.64773982 302.70628493 0.57560467 0.73694442 0.71707938
212.08242839 0.95833933 219.87727623 208.62120602 212.65738445 0.95139625 0.96769312 0.95761601
208.86072078 0.95664801 206.72761551 209.01732782 217.06219618 0.95999862 0.95660347 0.95417951
222.22364336 0.94445740 236.54340134 218.39942622 222.37802726 0.94711458 0.95222706 0.93181686
199.46907305 0.98414461 211.80879835 193.43614543 202.26572337 0.98242249 0.98456588 0.98353587
126.42347076 0.95474408 132.77894461 125.35393339 126.87178609 0.94470037 0.96087520 0.96012817
122.61891237 0.98986989 126.55701160 124.92139207 122.94201823 0.98920848 0.98724158 0.99287379
105.08227701 0.98615097 110.75508948 106.60598374 103.91497858 0.98344930 0.99152275 0.98392128
105.07553376 0.97377634 105.64460846 106.48505829 111.75919654 0.98182431 0.97384391 0.96602817
110.28893997 0.98154454 112.29594421 115.63036907 110.36480632 0.98948276 0.97403222 0.98166885
107.29228097 0.95322076 112.94643429 106.98182089 108.11181454 0.95344801 0.96299757 0.94186086
182.08429415 0.98566462 188.47513637 181.79547216 180.50715681 0.98179784 0.99152381 0.98368056
199.48746237 0.94989536 210.22464944 189.76297554 208.61281372 0.96026779 0.94295984 0.94870722
271.55452884 0.84328656 276.17056475 278.17249307 267.13135899 0.74328920 0.87700219 0.90394115
274.93532268 0.83051544 269.04211605 283.51624828 279.36225353 0.72357877 0.89353185 0.86804336
265.63846571 0.82850610 265.64086903 268.30614167 271.00796893 0.73377513 0.87174396 0.87486408
281.60957933 0.85412727 287.46486633 279.61505610 284.46073139 0.74690078 0.90811085 0.90137969
590.72225502 0.00202933 563.41865530 608.29851443 608.28043421 0.00104167 0.00300558 0.00206207
317.72953362 0.46542144 324.46849757 310.47673833 327.10469356 0.42970942 0.49551681 0.46793091
189.28964792 0.98961991 192.77037486 196.63836743 185.01279819 0.98838625 0.98801959 0.99221936
183.98148956 0.99206316 195.52224716 183.13667965 182.16135122 0.99322761 0.99071897 0.99238337
182.64263469 0.98841185 192.36069538 182.16973174 179.82818680 0.98532726 0.98821548 0.99113790
187.48706903 0.96467646 193.01357145 195.28251503 181.75738970 0.96577072 0.95930628 0.96836156
268.96647799 0.87005990 274.45201831 266.83854206 272.68164966 0.75142720 0.91745280 0.93708773
263.84541263 0.85001329 255.57075009 282.47188106 261.09909867 0.76042754 0.89249848 0.89411758
384.87486609 0.35216644 365.56292545 388.65881469 407.40149834 0.35598685 0.36577339 0.33464326
378.68954045 0.36138436 368.35702447 398.40816209 377.66521851 0.35085565 0.34946899 0.38385975
339.02966257 0.42880212 335.83840647 346.24759003 340.68537296 0.40935343 0.43620720 0.44541825
370.79060335 0.37625884 353.19921532 374.94505954 391.81373823 0.37819231 0.38851441 0.36050751
103.58031767 0.96819183 104.96013961 111.54680050 101.54385173 0.97406368 0.96238686 0.96647299
100.28409346 0.99160550 103.10039225 106.88583424 97.66181023 0.99431910 0.99274953 0.98777492
328.03412243 0.48563404 305.89632143 357.63375942 327.71745283 0.47433539 0.46344368 0.51740570
326.91309626 0.48514274 305.02555003 334.94524322 349.34107605 0.46985902 0.50178670 0.48013758
539.65678722 0.14255268 507.78461585 566.88265341 551.35265658 0.10758393 0.14327400 0.17717558
325.47417697 0.49267646 288.86931173 339.42765538 349.66107072 0.50417424 0.49550384 0.48115336
232.87349533 0.95277938 235.53740394 243.65560271 228.52473058 0.95838626 0.95225758 0.94932949
235.15212959 0.96718367 239.86873140 235.41892615 238.48123190 0.95678960 0.97716656 0.96741998
140.83641059 0.98217010 151.63116131 140.94802040 137.12789781 0.98392531 0.98184035 0.98077099
147.45678089 0.98376823 149.88040577 150.15705678 149.04208328 0.98093566 0.98599691 0.98468949
146.12958932 0.98628116 156.49895935 150.15519767 139.56427825 0.98982414 0.97866038 0.98991878
143.39721074 0.99749303 152.71344530 148.35387691 135.72400993 0.99693617 0.99920000 0.99621741
57.41753274 0.98562864 61.89873953 59.15450110 58.56325813 0.98711874 0.98673942 0.98257213
62.97623534 0.99881828 67.37190688 63.67255894 64.88237045 0.99805532 0.99905660 0.99909910
232.68877457 0.97223363 246.91992854 234.50681700 223.13075443 0.96854948 0.97093859 0.97714255
232.61620119 0.96847054 242.28183438 238.53618972 223.48534990 0.96818686 0.96609452 0.97155215
228.39761938 0.97782982 233.93882656 232.42562794 225.88101458 0.98314963 0.98358688 0.96736786
223.94777128 0.95646356 240.55435478 226.28382291 213.15770465 0.95043998 0.95126795 0.96674880
146.94746122 0.97519854 158.10181031 145.78759308 144.11210991 0.97797822 0.98019395 0.96889243
149.04626504 0.95642628 154.46524668 155.10260411 145.93305346 0.95365769 0.95713862 0.95797507
64.80559056 0.99825917 64.21590643 66.79026643 70.25124198 0.99565217 1.00000000 0.99814815
63.44274588 0.99946809 65.17650035 64.31556262 67.22083155 0.99807692 1.00000000 1.00000000
59.12865605 0.99588891 63.30064953 58.70264319 62.81723842 0.99636364 0.99514398 0.99621429
63.75704674 0.98473562 66.35766198 65.96017563 65.42999916 0.98410825 0.98878396 0.98135093
515.93261007 0.18890114 490.82978129 529.13018422 535.10579261 0.13660681 0.20183250 0.22878081
355.60958432 0.44579012 352.84707138 352.42139191 366.88488794 0.38347173 0.49134556 0.46125130
368.81488650 0.37863347 358.10512271 394.50491071 362.96401803 0.36932113 0.35605671 0.40835231
320.81787051 0.46169092 291.46174707 350.52995174 326.42418324 0.48877031 0.42890671 0.46891375
368.71037468 0.37870748 359.32119928 393.19100460 363.52099711 0.36713314 0.35824181 0.40743779
361.93227240 0.39046950 345.62951344 383.27491007 369.28157723 0.39173060 0.37467910 0.39791730
139.82323857 0.95731039 151.04647609 143.24836651 133.60756938 0.95423589 0.95764995 0.95957519
135.92201209 0.99706930 141.90395093 140.00591788 133.32562163 0.99722028 0.99817639 0.99607718
206.58535181 0.98146565 206.97475063 214.55162253 205.64921416 0.98019341 0.98364584 0.98085843
205.64543456 0.97931935 213.73728859 202.45757806 209.89092932 0.97243932 0.98061679 0.98405030
206.02842362 0.97915984 209.71487443 210.44674817 205.72469658 0.98033106 0.97201747 0.98416851
208.46855522 0.97312640 207.77786110 211.41363765 213.99076089 0.97738660 0.97970542 0.96274838
439.86492553 0.37630826 420.21140803 445.93861678 461.03218073 0.28200939 0.43505858 0.40680809
483.17994213 0.30611387 450.77714872 499.70230718 507.10434477 0.23729795 0.33523849 0.34336190
272.67312908 0.78092174 278.47511941 275.15220405 272.28012862 0.66383018 0.83190042 0.83739783
270.29074208 0.78375964 270.71411348 273.22033584 274.57503304 0.68657914 0.83574831 0.82243636
271.46396064 0.77792063 261.99186271 286.17951739 270.97491400 0.67419569 0.81127104 0.84649656
267.94910118 0.78676357 275.03171668 273.29848262 263.22901905 0.64790419 0.84326033 0.85540184
224.26577630 0.96540700 228.51977093 233.19732863 219.30218583 0.96528134 0.96083398 0.97066370
228.75223483 0.98169337 234.38117208 215.41959316 244.56665949 0.98123545 0.97849956 0.98442323
114.18914593 0.99392019 115.89274366 112.44017422 121.48995897 0.99291427 0.99265745 0.99585236
115.33785692 0.99302849 125.63488630 113.85026506 114.24369487 0.99309665 0.99072220 0.99541564
110.40232363 0.99061376 111.74096058 117.52119153 108.49317731 0.99150895 0.99170708 0.98810894
116.93712242 0.95987534 111.95465493 126.12168337 119.65809320 0.96997275 0.94643586 0.96276645
51.19905867 0.99297499 53.47780584 53.67123355 53.66230958 0.99050066 0.99340076 0.99455827
52.62373218 0.96008083 55.47914254 55.23850554 54.39797902 0.95223848 0.95949887 0.96743553
72.76766353 0.98450543 74.28169478 74.27909190 76.95624046 0.98803227 0.98406269 0.98083314
71.26497799 0.98518712 72.21127275 73.50497795 75.67163745 0.98781642 0.98564230 0.98269001
71.88143197 0.98912097 76.08674401 75.74192155 70.90201998 0.99130262 0.98823733 0.98771635
69.21239953 0.98029727 72.44089389 71.88594756 70.42763706 0.98315916 0.97659074 0.97963135
251.12970161 0.91733346 263.80157819 244.95408748 252.85732181 0.84322661 0.94955432 0.95202409
257.28985286 0.91169369 257.44715610 260.68925642 260.23277192 0.85300746 0.94050033 0.93612014
237.95462296 0.95848340 240.19108087 245.55214554 235.45780705 0.94315334 0.96194979 0.96911607
234.86668105 0.96227487 246.37608910 219.72635741 244.64263268 0.96262881 0.96839424 0.95476382
241.07567213 0.95416525 247.30673710 244.99292003 240.20163191 0.94000104 0.96156695 0.95998209
231.83487278 0.95055798 243.08275276 222.89684608 237.31766776 0.93045157 0.96016129 0.96050741
95.51776054 0.96163329 96.37636826 97.70034732 98.94728703 0.96080745 0.96001648 0.96432700
97.18805663 0.95578168 98.59655918 94.47313438 105.09613639 0.95555684 0.96425923 0.94617822
161.65851176 1.00000000 162.62688191 167.87649520 161.33647711 1.00000000 1.00000000 1.00000000
154.65570507 1.00000000 161.82945066 153.56749087 156.18252568 1.00000000 1.00000000 1.00000000
155.90258014 0.99965986 155.81333729 163.45050754 155.46747557 1.00000000 1.00000000 0.99914530
159.26914616 0.98512831 159.81579860 166.24102011 158.66875498 0.98400344 0.98506430 0.98629120
181.44754091 0.99965870 187.04990490 185.11180218 179.02940541 1.00000000 0.99909091 1.00000000
173.02796091 0.98876917 175.26150076 172.66568568 177.59683684 0.99182885 0.98408010 0.98954543
566.14182901 0.07040174 532.08215837 595.04416152 580.79506077 0.06017462 0.05790119 0.09071606
557.74232022 0.08074133 538.75683970 567.78175923 575.92279590 0.04768531 0.10281903 0.09424162
351.14555182 0.42095444 343.48683559 355.33647530 361.11685649 0.39542573 0.43781800 0.42992309
566.10873957 0.06929979 533.82225631 593.16865493 580.45108946 0.05698918 0.05898825 0.09076728
590.01530945 0.00423858 562.22678436 608.13372529 606.86244094 0.00317781 0.00292360 0.00698940
322.22897285 0.45836851 310.39257767 321.57074022 340.74992303 0.45465393 0.47673686 0.44491436
210.57595278 0.99145479 207.97807116 212.22526042 220.57008849 0.99335338 0.99053841 0.99098174
223.57611995 0.99728075 234.21975140 207.93365223 234.36690452 0.99875000 0.99705882 0.99575506
210.07206377 0.98975734 214.18103537 207.83474774 215.87232447 0.99314053 0.98517412 0.99118278
215.68519034 0.97782470 239.05280366 217.72112722 198.28612075 0.96554393 0.98099022 0.98489860
275.78008898 0.79548585 281.13666080 251.84060914 302.28969700 0.66700027 0.88359833 0.84140540
265.49099792 0.78294682 285.13317815 248.19479467 269.50033486 0.63753845 0.85614851 0.85345281
51.67220967 0.97068452 55.05101711 56.10483684 50.79065919 0.97466696 0.96846565 0.96928103
50.20822190 0.97095661 53.04622111 54.01532134 50.92298919 0.97515731 0.96865292 0.96873314
52.05558522 0.97936178 53.75573302 55.78539008 53.84443408 0.97314831 0.98254647 0.98134238
52.07732379 0.95254267 55.85111401 53.35380709 54.62289560 0.95431050 0.94871207 0.95184363
114.46274848 0.96856292 113.42862904 119.79325380 116.96061968 0.96890111 0.96568640 0.97023274
112.44889606 0.95469857 116.16647977 112.15485133 115.42198267 0.95121971 0.94712540 0.96496364
280.91494152 0.61082168 272.73110165 280.01951401 297.23619390 0.54452185 0.64992922 0.63278321
290.07834788 0.58855831 267.51299200 293.30731835 317.11162071 0.55778811 0.62397707 0.58133812
418.73443466 0.40497176 411.08834450 411.63101091 442.31933324 0.29940110 0.47570233 0.43534741
275.64497380 0.61195750 267.39884764 296.36758488 270.79730076 0.55571250 0.61272734 0.66413908
198.35727415 0.98374094 199.53939260 197.40529708 205.28284069 0.98757852 0.98411420 0.98016721
206.64000946 0.99294420 209.84901269 218.76945909 197.50319705 0.99175073 0.99661715 0.99058356
134.40219630 0.96027726 138.70594509 135.55474352 135.67796654 0.95236170 0.96785840 0.96031867
155.10885219 0.95781230 156.56251262 149.53724953 167.12422329 0.96131771 0.96204053 0.94929814
135.53201417 0.96157889 135.42901578 139.06651457 139.43808872 0.96684763 0.95394083 0.96471380
139.30605630 0.96863287 151.32473364 141.63904225 132.75074031 0.96741628 0.96253101 0.97807631
521.00736850 0.12005579 490.71661425 538.49266223 541.04233087 0.13151713 0.11700703 0.11274794
361.74784322 0.39055873 354.60943765 389.36678180 346.14802965 0.37562045 0.36456180 0.43628947
170.29551200 0.96763805 182.79388359 168.10960435 168.26294612 0.97422475 0.96068061 0.96840820
180.53962446 0.96260837 191.86082205 179.10809887 178.09404383 0.97069844 0.95806053 0.95989451
176.69861037 0.97325095 186.12287428 166.25791762 187.38396367 0.97406387 0.97474859 0.96956556
175.75615985 0.99950249 177.19506009 168.66650512 189.45379252 1.00000000 0.99850746 1.00000000
151.81986775 0.96767789 163.17487413 150.39396930 150.20190161 0.97401772 0.96066758 0.96852119
151.61622063 0.99898218 162.90894526 143.12480706 156.73179737 0.99859155 1.00000000 0.99859155
589.29696641 0.00396705 562.88725362 607.73765964 606.44936086 0.00199405 0.00304273 0.00708563
589.52012518 0.00406322 562.77424550 607.59046080 606.32695651 0.00219492 0.00322224 0.00742938
310.82838952 0.47691048 312.17256187 322.41572174 307.99261606 0.45198106 0.47592200 0.49989734
589.29696641 0.00396705 562.88725362 607.73765964 606.44936086 0.00199405 0.00304273 0.00708563
559.83556416 0.07719882 539.23824545 581.40386679 565.86977479 0.04763018 0.07580642 0.10838954
316.70625561 0.47997769 286.05047476 349.49591089 322.58445514 0.49941148 0.44495396 0.49422563
96.78621097 0.95790683 99.22986422 98.65068035 99.90258071 0.96326231 0.95607507 0.95620082
90.76207505 0.95573257 94.61259857 90.56795193 94.63936851 0.95813179 0.95731195 0.95207037
97.11711231 0.95041740 94.50532184 103.64155954 100.10205563 0.95338046 0.94935989 0.94824837
97.28883217 0.98926958 99.25993067 98.66703375 102.05415804 0.98814279 0.99165959 0.98742858
231.50304188 0.95053456 243.74604157 226.92097362 230.08923935 0.94129060 0.94685955 0.96455485
232.97933403 0.98001866 244.00464069 230.26778596 231.48836491 0.96784585 0.98978687 0.98257777
268.58782806 0.90423254 270.01467273 283.45810335 262.85800718 0.84334895 0.92546211 0.93831070
265.98692927 0.91330886 271.64148757 266.87392064 267.42748791 0.84683589 0.94703950 0.94344877
272.96827475 0.90415574 276.25803833 300.21092857 253.72391636 0.82888226 0.94358217 0.93834974
263.20485341 0.89879266 284.79556926 258.73146483 256.69193934 0.83324721 0.94048483 0.91746292
70.24925698 0.98088057 75.73882847 71.96476976 69.28769107 0.98479361 0.97321824 0.98104069
70.40051673 0.96778769 76.70005275 69.49092495 71.71607433 0.96023230 0.97227138 0.96999034
