50.00000000 122.72661305
50.00000000 126.14071509
50.00000000 133.80341497
50.00000000 123.46000123
50.00000000 124.92301000
50.00000000 125.81584154
50.00000000 125.16168788
50.00000000 123.87385460
50.00000000 131.80146379
50.00000000 122.62159184
50.00000000 129.97030332
50.00000000 123.87339176
200.00000000 451.49825989
200.00000000 450.54724650
200.00000000 450.97521828
200.00000000 451.17981589
200.00000000 451.67830172
200.00000000 451.04822444
200.00000000 449.27084113
200.00000000 450.38170271
200.00000000 450.22370963
200.00000000 450.83423669
200.00000000 451.50907243
200.00000000 450.38543006
275.00000000 271.43220596
275.00000000 272.26659176
275.00000000 270.45130184
226.40000000 4071.10721415
275.00000000 272.07897920
275.00000000 270.92387719
226.50000000 4021.19627353
225.60000000 4071.65518953
275.00000000 270.31087342
226.10000000 3962.45602071
226.40000000 4085.17337241
226.20000000 4168.43319640
125.00000000 621.63000133
125.00000000 621.22959334
125.00000000 621.73032439
125.00000000 270.32381947
125.00000000 621.12459450
125.00000000 621.22103543
125.00000000 271.93348163
125.00000000 270.17066882
125.00000000 620.90680993
125.00000000 272.16913450
125.00000000 272.29464592
125.00000000 270.20688756
162.50000000 529.83621941
162.50000000 530.25914138
162.50000000 531.18081497
162.50000000 709.92047847
162.50000000 531.12757467
237.50000000 530.57772296
197.60000000 4064.34711960
197.40000000 4049.07136187
237.50000000 531.89251452
197.60000000 3978.57860578
162.50000000 710.08078102
197.10000000 4073.21423439
312.50000000 180.59236946
312.50000000 179.98649612
312.50000000 181.32081705
312.50000000 359.85647979
312.50000000 180.73213624
87.50000000 181.83480225
87.50000000 361.65286501
87.50000000 363.58507462
87.50000000 180.40163319
87.50000000 360.95602995
312.50000000 361.18183789
87.50000000 359.82569318
197.60000000 4757.43455265
197.90000000 5873.62680917
197.80000000 4522.15772874
237.50000000 180.77376339
197.20000000 4460.50432777
168.10000000 937.65468673
162.50000000 179.99616956
162.50000000 180.99502005
168.00000000 942.60481604
162.50000000 181.78822983
237.50000000 180.11756982
162.50000000 179.48083012
87.50000000 357.12922751
87.50000000 362.10158507
87.50000000 360.05954408
87.50000000 531.39208050
87.50000000 359.62469958
312.50000000 360.33470715
264.10000000 3375.62240603
265.30000000 3367.15045425
312.50000000 361.61056204
264.50000000 3431.86902305
87.50000000 531.49440417
264.80000000 3284.49771214
186.90000000 4209.08943680
186.90000000 4103.51012573
187.20000000 4117.65390768
186.20000000 4399.04119390
187.00000000 4299.98550902
143.80000000 752.02443372
143.80000000 751.69255469
143.80000000 752.45404146
143.80000000 751.35412463
143.80000000 750.84680395
186.90000000 4158.06448755
143.80000000 748.81653173
68.80000000 402.02806669
68.80000000 402.56570759
68.80000000 398.72839629
68.80000000 403.00105942
68.80000000 398.83760504
293.80000000 400.98275069
293.80000000 401.88126597
293.80000000 401.60595416
293.80000000 401.39667553
293.80000000 400.77462433
68.80000000 399.38783035
293.80000000 400.53717956
143.80000000 580.28631691
143.80000000 581.10544156
143.80000000 582.41784968
143.80000000 230.34341303
143.80000000 579.88788815
229.60000000 1305.24461261
218.80000000 229.93233188
218.80000000 231.85238196
218.80000000 580.39659158
218.80000000 232.07309766
143.80000000 230.81502997
218.80000000 231.58817818
293.80000000 231.34077625
293.80000000 231.63947850
293.80000000 230.49889821
241.60000000 3457.90194052
293.80000000 230.41306972
68.80000000 231.37099318
68.80000000 583.41837291
68.80000000 581.36786997
68.80000000 232.98877999
68.80000000 581.99247952
242.20000000 3429.15877205
68.80000000 582.05123615
331.30000000 310.08688448
331.30000000 309.55986304
331.30000000 309.83406618
331.30000000 141.30851435
331.30000000 310.16175015
331.30000000 310.15258442
331.30000000 141.60481048
331.30000000 140.67372012
331.30000000 312.03034704
331.30000000 139.98851102
331.30000000 141.93473047
331.30000000 139.94448447
188.90000000 1010.77711255
188.40000000 980.05324115
188.30000000 963.99483700
181.30000000 491.01862964
188.80000000 1030.62208154
188.60000000 1021.81344646
181.30000000 489.70272644
181.30000000 490.90418291
188.70000000 1021.01042452
181.30000000 491.39524622
181.30000000 491.82924928
181.30000000 489.51023523
106.30000000 140.37090091
106.30000000 139.94832456
106.30000000 140.13360892
106.30000000 661.44376686
106.30000000 140.55103753
106.30000000 140.95015303
106.30000000 658.75568893
106.30000000 661.90239589
106.30000000 140.28367744
106.30000000 659.10984130
106.30000000 661.18281536
106.30000000 661.45709517
256.30000000 492.10140780
256.30000000 490.15463031
256.30000000 490.18702574
256.30000000 310.70572286
256.30000000 491.44549705
256.30000000 490.94424998
256.30000000 309.69624119
256.30000000 309.59263908
256.30000000 491.84229072
256.30000000 310.11324076
256.30000000 311.52039038
256.30000000 310.75640153
134.40000000 420.21071575
134.40000000 420.97697497
134.40000000 420.77729120
134.40000000 690.43013339
134.40000000 420.27588370
96.90000000 421.47495841
96.90000000 690.30056242
96.90000000 690.78966092
96.90000000 420.63294520
96.90000000 692.81876271
134.40000000 691.16775382
96.90000000 691.59779353
182.50000000 3638.10951765
182.00000000 2572.60949747
284.40000000 298.67820667
284.40000000 340.72251745
181.80000000 3794.33607694
182.20000000 3847.96807682
246.90000000 317.82925285
246.90000000 339.54727905
246.90000000 340.76604620
246.90000000 317.31162118
284.40000000 281.96007939
246.90000000 318.10835948
209.40000000 251.68500042
209.40000000 249.74274983
209.40000000 251.19196115
209.40000000 160.28689434
209.40000000 250.85253884
321.80000000 251.06810544
321.80000000 160.85716719
321.80000000 160.82379502
321.80000000 252.39652159
321.80000000 161.70318113
209.40000000 161.45511999
321.80000000 161.03178017
59.40000000 602.16984980
59.40000000 599.67340321
59.40000000 600.05082603
59.40000000 512.03577504
59.40000000 603.42387006
171.90000000 600.74613508
171.90000000 510.08754683
171.90000000 509.75023575
171.90000000 601.82459939
171.90000000 512.21574879
59.40000000 511.04714397
171.90000000 509.95333984
96.90000000 690.32035853
96.90000000 689.89521990
96.90000000 692.11140223
96.90000000 252.14302485
96.90000000 688.01514806
202.60000000 1977.38070520
209.40000000 248.69370494
209.40000000 251.77030572
203.00000000 5279.36496833
209.40000000 250.09179256
96.90000000 250.38899708
209.40000000 251.10997450
246.90000000 341.56505245
246.90000000 340.43815063
246.90000000 341.37893461
234.00000000 4594.58943799
246.90000000 341.18758503
59.40000000 343.06262907
59.40000000 602.22393727
59.40000000 599.66040961
59.40000000 342.71987921
59.40000000 603.01926554
233.30000000 2648.92655072
59.40000000 601.63054675
275.20000000 3223.04144136
275.00000000 3259.97219575
274.70000000 3222.99620135
182.00000000 4925.69857037
276.10000000 3254.64624821
134.40000000 510.71506245
135.00000000 786.93919432
134.40000000 772.02224284
134.40000000 509.91338682
134.40000000 771.22590079
182.10000000 3582.15658126
134.40000000 772.56110666
171.90000000 161.12217417
171.90000000 160.97185282
171.90000000 162.84376837
171.90000000 420.63798979
171.90000000 160.75945635
284.40000000 160.66109830
284.40000000 422.00912141
284.40000000 421.44066223
284.40000000 160.13467608
284.40000000 421.41510728
171.90000000 420.45509287
284.40000000 420.61684885
298.20000000 1130.95728410
298.30000000 1277.30413621
298.70000000 1150.50803109
303.10000000 199.95720376
298.90000000 1142.03266207
190.60000000 469.84130446
190.60000000 199.99601361
190.60000000 200.69803537
190.60000000 471.56577564
190.60000000 203.03868828
303.10000000 200.31167976
190.60000000 200.96248899
153.10000000 119.44887244
153.10000000 121.44162540
153.10000000 122.26604323
153.10000000 550.68390237
153.10000000 121.33068534
340.60000000 119.55705153
254.80000000 2884.87630842
255.50000000 2788.84363655
340.60000000 121.48168439
254.90000000 2779.28522409
153.10000000 550.68847978
254.50000000 2778.29749661
78.10000000 641.16444568
78.10000000 643.37974684
78.10000000 640.49812656
78.10000000 730.46718577
78.10000000 638.64421749
219.10000000 4152.19429794
191.80000000 3420.09635361
191.70000000 2631.89358645
219.30000000 3829.18182312
192.40000000 3020.54126183
78.10000000 730.73772809
191.70000000 2435.98776062
228.10000000 290.29513060
228.10000000 290.70014400
228.10000000 291.02972446
228.10000000 380.35992205
228.10000000 290.02127744
115.60000000 288.96198673
115.60000000 381.13074399
115.60000000 380.05952408
115.60000000 292.32707699
115.60000000 380.13132314
228.10000000 380.44076155
115.60000000 380.50553286
265.60000000 199.97266296
265.60000000 200.05568185
265.60000000 200.20081392
218.80000000 3651.07408674
265.60000000 200.10699697
303.10000000 200.97064841
218.80000000 2707.43349672
219.10000000 2733.07520841
303.10000000 200.05234630
219.60000000 3005.28028465
218.90000000 3767.54286027
219.00000000 2180.30086845
115.60000000 550.45219852
115.60000000 551.49361521
115.60000000 550.68041149
115.60000000 292.25723091
115.60000000 549.69508213
153.10000000 550.24911528
153.10000000 290.75021746
153.10000000 291.84110125
153.10000000 551.86197430
153.10000000 290.69023396
115.60000000 291.60191994
153.10000000 291.34868561
190.60000000 380.37687786
190.60000000 380.78765080
190.60000000 382.77005767
190.60000000 122.01723099
190.60000000 380.10362021
78.10000000 380.66091208
78.10000000 119.20258536
78.10000000 119.68140720
78.10000000 383.73898218
78.10000000 119.05155098
190.60000000 121.11518537
78.10000000 121.45302187
192.10000000 3531.42528817
192.00000000 4701.88520873
192.30000000 3456.57425772
299.00000000 3105.23892758
191.70000000 3456.32032025
192.20000000 4202.39130732
228.10000000 470.51555295
228.10000000 470.40387482
191.60000000 5198.38758709
228.10000000 470.00305758
298.10000000 3136.95241914
228.10000000 470.86187751
92.20000000 590.55770335
92.20000000 592.27967335
92.20000000 590.50670115
92.20000000 570.37553828
92.20000000 590.83034405
64.00000000 592.95267954
64.00000000 572.37752289
64.00000000 569.12809791
64.00000000 589.52155563
64.00000000 568.81957875
92.20000000 572.53351982
64.00000000 570.00732143
242.20000000 241.96748152
242.20000000 241.44166311
242.20000000 241.41492342
242.20000000 221.56166923
242.20000000 240.53905568
214.00000000 240.00870062
214.00000000 220.76995726
214.00000000 219.51995265
214.00000000 240.70297499
214.00000000 222.43358717
242.20000000 219.51313431
214.00000000 219.36784064
317.20000000 144.77637930
317.20000000 144.42761145
184.40000000 3558.94571016
317.20000000 142.32165604
317.20000000 144.46405157
289.00000000 158.54083045
289.00000000 389.78603450
289.00000000 155.53621616
184.90000000 2283.36966448
289.00000000 390.40263628
317.20000000 391.52366230
289.00000000 390.96253994
167.20000000 412.21419910
167.20000000 413.33286754
167.20000000 411.55939812
167.20000000 742.66723289
167.20000000 409.56292523
139.00000000 410.87330556
139.00000000 740.93962852
139.00000000 741.77649266
139.00000000 411.88378333
139.00000000 740.90275321
167.20000000 703.88401311
139.00000000 738.49951351
129.70000000 152.04052736
129.70000000 150.82916460
129.70000000 152.36496490
129.70000000 301.29477853
129.70000000 150.75638158
251.50000000 150.69100694
251.50000000 300.87183499
251.50000000 301.80701369
251.50000000 151.42878388
251.50000000 301.29222993
129.70000000 300.55084293
251.50000000 301.10612834
279.90000000 3906.91067911
279.80000000 534.93328037
280.80000000 3873.64733589
215.30000000 5239.48053410
280.90000000 3742.57738362
101.50000000 500.40714301
101.50000000 650.79853502
101.50000000 650.98291798
101.50000000 501.23573986
101.50000000 649.47664738
216.00000000 3518.89505899
101.50000000 649.21218683
204.70000000 321.12841854
204.70000000 322.69700382
204.70000000 320.99472508
204.70000000 481.09426536
204.70000000 321.41247070
176.50000000 320.69792805
176.50000000 480.19699705
176.50000000 480.61100732
176.50000000 319.94613812
176.50000000 479.58489377
204.70000000 481.46469288
176.50000000 480.69089413
54.70000000 670.17438899
54.70000000 672.78116041
54.70000000 672.17078834
54.70000000 131.23215488
54.70000000 670.21877345
208.90000000 953.71702506
326.50000000 131.69199450
326.50000000 131.52326596
209.30000000 2896.40109781
326.50000000 131.64623384
54.70000000 131.92485865
326.50000000 131.61299377
260.90000000 280.04009951
260.90000000 280.90355079
260.90000000 281.45149769
260.90000000 350.03367617
260.90000000 281.32258327
157.80000000 281.62896516
157.80000000 350.14053858
157.80000000 352.51980312
157.80000000 281.52527466
157.80000000 351.32187988
260.90000000 350.86649333
157.80000000 350.98298020
111.00000000 633.28620481
111.00000000 631.91067524
111.00000000 631.27867233
111.00000000 701.42946443
111.00000000 630.55801802
222.60000000 3706.54779860
200.30000000 1430.89034332
200.10000000 2398.40813081
222.70000000 2889.42871050
200.30000000 1767.26667132
111.00000000 704.93160553
200.60000000 2915.82648738
185.90000000 111.04899541
185.90000000 111.15959435
185.90000000 109.20516843
185.90000000 520.42201892
185.90000000 109.06309728
232.80000000 111.37942088
237.50000000 611.81299208
232.80000000 520.95355602
232.80000000 110.57333433
232.80000000 520.20761107
185.90000000 520.89366382
232.80000000 521.79844646
305.50000000 3018.83170008
305.00000000 3618.76919750
305.10000000 3034.13823716
335.90000000 170.44280017
305.10000000 2967.85807939
82.80000000 461.61823776
82.80000000 171.20804647
82.80000000 171.92970528
82.80000000 462.93521263
82.80000000 171.42838567
337.13333333 169.26697237
82.80000000 170.16571556
194.30000000 1388.18178136
194.50000000 1849.79990447
195.20000000 1421.40178376
230.50000000 3212.11799413
195.00000000 1700.98972460
194.10000000 3345.14992692
231.00000000 1789.76830720
229.40000000 1400.51945589
194.40000000 3608.84177536
230.30000000 1149.21289796
229.90000000 3532.23564431
229.30000000 1005.30902801
148.50000000 371.79361225
148.50000000 373.00171032
148.50000000 369.51746762
148.50000000 260.95349783
148.50000000 371.14830140
195.30000000 369.80888373
195.30000000 258.24400211
195.30000000 260.65044968
195.30000000 371.30226247
195.30000000 260.88421641
148.50000000 261.73017024
195.30000000 261.31930900
73.50000000 541.57530914
73.50000000 538.41215291
73.50000000 542.09931507
73.50000000 431.97606236
73.50000000 543.64931406
120.30000000 539.07165999
120.30000000 431.46034065
120.30000000 429.70061809
120.30000000 540.55776964
120.30000000 429.97505903
73.50000000 431.03873010
120.30000000 432.75437358
223.40000000 191.24789319
223.40000000 190.96748783
223.40000000 189.64545359
179.30000000 4242.47200478
223.40000000 189.29843523
270.30000000 189.44350078
179.90000000 1367.93451576
179.70000000 4000.52750788
270.30000000 192.58069810
179.90000000 4109.48155658
179.40000000 4271.86569242
179.70000000 4234.19109046
176.50000000 651.27422791
176.50000000 651.23392459
176.50000000 651.47904364
176.50000000 408.64954769
176.50000000 650.87172764
92.20000000 650.43118021
92.20000000 409.79343395
92.20000000 409.28353835
92.20000000 649.31405479
92.20000000 408.74463812
176.50000000 412.44640334
92.20000000 410.85608661
326.50000000 300.92935837
326.50000000 301.72442613
326.50000000 301.71947200
183.60000000 3866.03915304
326.50000000 301.42831798
242.20000000 300.47034480
184.80000000 4537.92312730
184.90000000 4085.46207503
242.20000000 300.50860212
184.60000000 4563.91639745
184.50000000 4178.55164175
184.60000000 4430.41152441
251.50000000 480.18247730
251.50000000 480.71082657
251.50000000 178.92718807
237.20000000 4422.23336889
251.50000000 480.99561263
291.70000000 3440.12148530
317.20000000 144.56931721
237.90000000 3710.50431571
317.20000000 143.52359930
317.20000000 144.24888191
251.50000000 179.31055935
317.20000000 144.46853393
101.50000000 132.68543284
101.50000000 129.42504989
101.50000000 130.64271541
101.50000000 241.36714824
101.50000000 132.45365948
167.20000000 129.82233740
167.20000000 240.23370483
167.20000000 240.25648298
167.20000000 132.22198395
167.20000000 240.99015008
101.50000000 241.30067948
167.20000000 241.16188328
64.00000000 388.88784303
64.00000000 390.81136256
64.00000000 389.25081082
64.00000000 500.05817231
64.00000000 388.66167048
204.70000000 391.22998445
204.70000000 500.64793484
204.70000000 501.79451837
204.70000000 390.41648721
204.70000000 501.74662538
64.00000000 502.84927121
204.70000000 500.47516898
189.90000000 5050.03670495
189.50000000 5133.85135905
189.10000000 5015.66456486
214.00000000 151.94144085
190.20000000 5037.80669566
54.70000000 741.11121332
54.70000000 151.50681457
54.70000000 150.65976431
54.70000000 740.04890332
54.70000000 150.88364887
214.00000000 153.02517963
54.70000000 149.28619529
289.00000000 221.10543258
289.00000000 220.08231713
289.00000000 220.47974591
289.00000000 321.07877470
289.00000000 220.31867867
129.70000000 221.32748572
129.70000000 319.21718709
129.70000000 322.09321934
129.70000000 219.56640098
129.70000000 322.05792535
289.00000000 320.25597836
129.70000000 320.49811621
139.00000000 571.23187069
139.00000000 570.02089950
139.00000000 570.94769439
139.00000000 672.01624262
139.00000000 570.15287170
246.20000000 3545.75987807
209.70000000 2369.54869605
209.00000000 3144.24758509
245.30000000 3610.02308707
208.80000000 3391.39223294
139.00000000 668.62472707
209.70000000 3320.84338583
345.30000000 261.24148735
345.30000000 261.09231107
345.30000000 261.58324509
305.00000000 3027.04985935
345.30000000 259.92436635
185.90000000 260.65391680
185.90000000 461.42153859
185.90000000 462.86127967
185.90000000 258.61103926
185.90000000 460.75010829
305.70000000 3073.95929613
185.90000000 460.91809126
200.70000000 785.71038867
201.00000000 803.73497552
201.00000000 776.76846999
195.30000000 109.86591580
200.90000000 773.74725679
229.40000000 2182.05853704
335.90000000 110.91495027
335.90000000 110.45209988
230.30000000 1459.18379074
335.90000000 110.51879187
195.30000000 110.93884305
335.90000000 111.15079743
120.30000000 429.99856164
120.30000000 428.79330584
120.30000000 429.79896758
120.30000000 279.92663784
120.30000000 430.60699843
260.90000000 429.83577616
260.90000000 281.38202057
260.90000000 280.11138118
260.90000000 430.94833384
260.90000000 281.27390077
120.30000000 280.38996709
260.90000000 281.36290095
179.60000000 1107.15362442
180.10000000 1261.71956622
179.70000000 1081.90576121
223.00000000 3590.44700735
180.40000000 1920.64784695
111.00000000 779.48650278
111.00000000 630.37225102
111.00000000 631.95627033
111.00000000 781.37572338
111.00000000 630.77494530
222.80000000 3524.07762059
111.00000000 629.72935548
232.80000000 499.49347140
232.80000000 499.72850946
232.80000000 520.60176760
232.80000000 371.09087733
232.80000000 500.83198981
298.40000000 405.43573545
298.40000000 372.52442548
298.40000000 369.57939760
269.30000000 3273.89327431
298.40000000 370.46022255
232.80000000 370.51942209
298.40000000 370.79403647
82.80000000 172.11681939
82.80000000 169.39371069
82.80000000 171.27424157
82.80000000 720.04601697
82.80000000 169.28139021
148.50000000 172.30145498
150.50000000 759.55356834
149.90000000 747.42997217
148.50000000 170.40047128
149.50000000 743.45346032
82.80000000 722.34717511
149.80000000 751.44452834
157.80000000 700.09226060
160.60000000 750.00997102
157.80000000 701.11137618
157.80000000 540.45833918
157.80000000 700.01607757
73.50000000 700.94847587
73.50000000 541.78731342
73.50000000 541.36330538
73.50000000 700.53983710
73.50000000 542.47129407
157.80000000 541.34418489
73.50000000 541.40007456
307.80000000 350.16160090
307.80000000 351.67272984
307.80000000 351.40301830
307.80000000 192.15202625
307.80000000 351.41137683
223.40000000 351.03133967
223.40000000 191.24858012
223.40000000 190.98578320
223.40000000 351.67110157
223.40000000 191.01063154
307.80000000 189.96760670
223.40000000 190.31096327
209.30000000 3813.72778663
208.40000000 3938.99151838
209.30000000 3937.42546328
244.60000000 241.54459354
209.40000000 3926.38509460
85.20000000 670.03085792
85.20000000 240.53626847
85.10000000 239.14610384
85.10000000 669.82413990
85.10000000 240.64909810
244.50000000 241.57733171
85.10000000 241.32130976
94.60000000 321.93669295
94.60000000 324.43993581
94.60000000 319.32312337
94.60000000 589.93973983
94.60000000 320.45337533
235.10000000 320.66838385
235.20000000 604.45198438
237.50000000 4356.75161117
235.10000000 320.81442563
237.30000000 4458.90922906
94.60000000 590.39211646
237.50000000 4459.20676400
169.60000000 492.28575078
169.50000000 490.21990751
169.60000000 491.32944366
181.60000000 3745.36372209
169.60000000 491.06108460
286.30000000 2992.79435702
181.90000000 3853.44127103
181.60000000 5853.08207098
284.90000000 3043.16119743
181.90000000 5493.64856360
181.80000000 3596.42618265
182.10000000 5418.83585571
319.50000000 140.41437817
319.50000000 141.14929155
319.50000000 140.65237296
319.50000000 422.15856473
319.50000000 141.39290910
160.20000000 141.77451926
160.20000000 420.82559617
160.20000000 419.92361529
160.20000000 140.28675952
160.20000000 421.81012863
319.50000000 421.16093234
160.20000000 420.91657490
282.00000000 225.71483669
282.00000000 226.23230253
282.00000000 410.45245192
282.00000000 231.52189595
282.00000000 226.21017473
272.70000000 233.63690941
207.70000000 3494.12822974
272.70000000 238.14915904
272.70000000 411.51063783
206.90000000 3224.50594666
206.10000000 2795.64383763
206.90000000 3644.59564832
132.10000000 760.91900682
132.10000000 760.66440559
132.10000000 761.51149847
132.10000000 328.53000737
132.10000000 759.59013386
122.60000000 760.44787516
122.60000000 330.06774669
122.60000000 331.66034112
122.60000000 762.19749288
122.60000000 331.55237019
132.10000000 331.93063122
122.60000000 331.77588654
57.10000000 228.82855414
57.10000000 233.14035088
57.10000000 231.10290478
57.10000000 161.54869285
57.10000000 229.88935929
197.60000000 230.74781222
197.60000000 159.87767044
197.60000000 161.54967869
197.60000000 232.35787945
197.60000000 161.06702350
57.10000000 158.58224116
197.60000000 160.30368225
207.10000000 581.11600192
207.00000000 580.66944505
207.10000000 483.35269164
207.10000000 510.19006564
207.10000000 580.88592416
241.20000000 1685.68584970
347.70000000 297.41878467
274.50000000 3239.42323557
347.60000000 298.77005623
347.60000000 297.95308965
207.00000000 472.70709556
347.60000000 297.79901252
113.30000000 191.86159601
113.30000000 191.69340142
113.30000000 190.61411358
113.30000000 640.06965824
113.30000000 191.36632752
141.40000000 191.28777213
141.40000000 639.85485728
141.40000000 640.53814972
141.40000000 189.48008729
141.40000000 640.07629391
113.30000000 639.33075015
141.40000000 639.31591008
259.40000000 2202.56977209
260.50000000 1013.92666198
259.40000000 2157.29085771
263.30000000 290.94188011
259.90000000 2144.29855647
259.20000000 3688.61124848
291.30000000 290.65198197
291.40000000 290.72609599
259.60000000 3474.44081088
291.40000000 290.79205189
263.30000000 290.25467778
291.40000000 290.96773573
338.26666667 360.79584164
338.30000000 360.86672650
338.26666667 360.74245958
338.26666667 111.00933263
338.26666667 360.22843877
216.40000000 359.66232967
216.40000000 110.55308293
216.40000000 110.26282088
216.40000000 360.67537836
216.40000000 111.21948835
338.30000000 111.46410483
216.40000000 110.57071207
188.30000000 712.33529990
188.30000000 712.11603623
188.30000000 711.92601091
188.30000000 460.67774061
188.30000000 711.96841383
66.40000000 712.52131232
66.40000000 461.47485301
66.40000000 457.66061163
66.40000000 709.82654907
66.40000000 461.37615322
188.30000000 461.41439539
66.40000000 460.92672999
150.80000000 454.05682938
150.80000000 448.74694667
150.80000000 451.13857941
150.80000000 201.13495471
150.80000000 451.12530719
311.40000000 2440.59586993
328.90000000 200.39535821
328.90000000 200.47703940
312.40000000 2461.06430985
328.90000000 200.83799098
150.80000000 201.91385052
328.90000000 201.02899821
300.80000000 102.16329013
300.70000000 101.77401889
300.80000000 99.79710865
254.70000000 3675.66061325
300.80000000 101.75043885
178.90000000 100.86952372
178.90000000 550.84567444
178.90000000 552.02850448
178.90000000 102.07501076
178.90000000 551.74302349
254.70000000 3397.01978559
178.90000000 551.34509627
222.00000000 2452.99222610
222.50000000 4963.22934545
222.10000000 2515.85557922
194.50000000 4884.86384078
222.90000000 2284.30169084
103.90000000 630.43962918
103.90000000 721.04717478
103.90000000 720.57676100
103.90000000 629.23015154
103.90000000 722.01071562
194.40000000 4844.45085088
103.90000000 719.59049715
75.80000000 279.27042174
75.80000000 279.01613033
75.80000000 282.79641409
75.80000000 371.40666012
75.80000000 282.22298428
253.90000000 280.05672895
253.90000000 370.82134073
253.90000000 371.81494292
253.90000000 281.66896368
253.90000000 370.56760428
75.80000000 372.50674822
253.90000000 373.73601264
250.20000000 2782.79871945
251.30000000 2898.60277674
250.40000000 3102.33694554
186.90000000 3430.45898924
250.20000000 3211.56291381
113.30000000 562.21882543
113.30000000 749.64403305
113.30000000 753.80758852
113.30000000 562.00051128
113.30000000 750.94579315
186.60000000 4059.29412965
113.30000000 750.51320533
178.90000000 210.76997580
178.90000000 211.54381024
178.90000000 211.67352622
178.90000000 400.15351901
178.90000000 210.54886853
263.30000000 212.14738410
263.30000000 400.98206557
263.30000000 400.37445274
263.30000000 211.50534882
263.30000000 401.21203195
178.90000000 401.32180193
263.30000000 400.57800192
103.90000000 730.49162950
103.90000000 730.59604916
103.90000000 730.81523747
103.90000000 220.60408185
103.90000000 730.22471905
191.70000000 3314.94522645
338.30000000 221.16131769
338.30000000 220.70624998
191.80000000 3303.27524707
338.30000000 220.74470274
103.90000000 220.68124128
338.30000000 219.69490622
253.90000000 380.46584070
253.90000000 380.71978243
253.90000000 381.02743006
245.40000000 1894.70563113
253.90000000 380.13918794
188.30000000 382.80210021
188.30000000 571.55907401
188.30000000 570.06089545
188.30000000 380.21799989
188.30000000 570.86052186
245.90000000 4436.62487325
188.30000000 570.11918719
216.30000000 120.94110298
216.40000000 119.25337517
216.30000000 120.80231746
216.30000000 130.32085958
216.30000000 121.80240904
225.80000000 120.05975898
225.80000000 132.05895548
225.80000000 129.84948546
225.80000000 119.46963150
225.80000000 130.04061953
216.40000000 131.34835916
225.80000000 129.35596832
66.40000000 470.65038243
66.40000000 472.42308910
66.40000000 470.65300769
66.40000000 478.02761558
66.40000000 474.09849910
75.70000000 470.37409319
75.70000000 480.83219617
75.80000000 480.83338744
75.80000000 468.76730656
75.80000000 481.34150581
66.40000000 480.17513551
75.80000000 484.01037207
141.40000000 299.75860277
141.40000000 300.97880442
141.40000000 169.46013086
141.40000000 660.10304742
141.40000000 301.63813562
150.80000000 299.66583055
150.80000000 165.70629464
150.80000000 659.81357331
150.80000000 158.70466097
150.80000000 165.98947903
141.40000000 176.71577265
150.80000000 166.07642826
216.80000000 2882.36919591
215.30000000 6971.26122690
215.60000000 2855.77447141
291.40000000 310.60024097
216.00000000 3028.14644899
216.40000000 2650.33253329
300.80000000 310.86563066
300.80000000 311.19267259
215.50000000 5096.11713837
300.80000000 310.27933423
291.40000000 311.04055780
300.80000000 310.14848113
197.70000000 339.25425132
197.60000000 340.32204413
197.70000000 342.19766835
197.70000000 180.94468856
197.70000000 341.49262271
169.50000000 341.30363996
169.50000000 182.58536161
169.60000000 182.29294022
169.60000000 341.27559768
169.60000000 180.41519575
197.60000000 180.88190336
169.60000000 182.05351125
203.30000000 4309.62277009
203.30000000 3414.13466125
202.60000000 4139.48250544
264.80000000 2795.97034573
203.20000000 3738.46378857
203.50000000 4838.23802807
264.50000000 3239.17526846
265.10000000 3339.47163244
203.10000000 3142.45496124
265.00000000 3210.15739120
264.70000000 2917.48981921
265.20000000 3323.67683449
272.60000000 170.93067792
272.70000000 170.89085670
272.60000000 170.76300901
200.00000000 2559.22414520
272.60000000 170.45678462
244.50000000 169.75018644
200.40000000 4270.14070592
200.30000000 3939.46538893
244.50000000 170.23966452
200.40000000 3828.79702598
200.30000000 3171.91788338
200.30000000 3905.17512690
122.60000000 519.17076879
122.60000000 520.01749569
122.60000000 521.39104216
122.60000000 350.79731556
122.60000000 522.35508405
94.60000000 520.72101097
94.60000000 352.45804277
94.60000000 349.20200448
94.60000000 520.06945158
94.60000000 351.16597880
122.60000000 350.73837841
94.60000000 352.09505039
85.10000000 778.86705980
85.10000000 780.89173573
85.10000000 782.43731581
85.10000000 788.78020855
85.10000000 778.93506951
179.80000000 2934.97339331
177.40000000 4362.90627082
177.50000000 4061.15337272
179.60000000 4000.30872361
177.20000000 4088.48721548
85.10000000 790.13272295
177.90000000 3996.88076901
235.10000000 429.94886929
235.20000000 430.91529223
235.10000000 431.33996529
235.10000000 440.89248776
235.10000000 430.19751505
132.10000000 431.33842770
132.10000000 441.50037107
132.00000000 438.15895396
132.00000000 431.96352929
132.00000000 441.47032162
235.20000000 441.98825013
132.00000000 440.90587879
233.70000000 3343.72944851
234.40000000 3130.64415136
234.20000000 3094.96754047
310.20000000 260.99595601
233.80000000 3026.49125702
57.10000000 602.04812462
57.10000000 264.34939504
57.10000000 260.51822444
57.10000000 600.89215172
57.10000000 257.75178139
310.10000000 260.46413689
57.10000000 261.17355350
160.10000000 250.41997272
160.10000000 252.11273732
160.10000000 249.52663396
160.10000000 612.37836145
160.10000000 251.82403809
207.00000000 250.49288986
207.00000000 610.54389566
217.40000000 1349.65212480
207.00000000 251.48712136
217.90000000 1370.53207141
160.10000000 610.62104478
217.40000000 1348.65659449
202.40000000 370.09330576
202.40000000 369.87560065
202.40000000 369.94913187
202.40000000 520.44484397
202.40000000 371.10825221
71.10000000 371.76667505
71.10000000 518.56280749
71.10000000 520.79874190
71.10000000 368.17302146
71.10000000 520.32804214
202.40000000 522.14061784
71.10000000 519.25245605
52.30000000 721.23247460
52.30000000 719.70994194
52.30000000 721.82910441
52.30000000 169.33632075
52.30000000 720.81890421
194.70000000 5211.68418720
221.10000000 170.77475045
221.00000000 171.66575534
194.60000000 4203.22575504
221.00000000 170.92093921
52.30000000 174.49727866
221.00000000 169.96768595
127.30000000 201.96280074
127.40000000 198.32789185
127.30000000 201.95287824
127.30000000 341.48737735
127.30000000 202.39130946
296.10000000 200.35425236
296.10000000 340.16395587
296.10000000 340.93616597
296.10000000 200.47775790
296.10000000 341.75383532
127.40000000 340.08917763
296.10000000 341.03460279
254.70000000 3240.92753998
254.50000000 4046.34997715
255.70000000 3257.42091575
203.30000000 2457.95573140
254.60000000 3242.78281644
146.10000000 552.77899226
146.10000000 690.61786339
146.00000000 691.65759004
146.00000000 553.02656092
146.00000000 691.61380181
203.50000000 6770.96210348
146.00000000 689.45592811
219.20000000 1375.82786300
218.60000000 2286.22171993
314.80000000 207.76325394
314.80000000 433.83591902
218.90000000 2011.11496037
218.80000000 3858.59823643
258.60000000 245.57559519
258.60000000 429.36081486
258.60000000 251.11415305
258.60000000 246.34812487
314.80000000 204.87388791
258.60000000 245.57083417
164.80000000 290.16617829
164.90000000 290.37165580
164.80000000 290.67094442
178.60000000 3210.82975780
164.80000000 290.08638390
108.60000000 292.95311222
108.60000000 782.31631184
108.60000000 782.01786211
108.60000000 292.28050696
108.60000000 779.67948769
164.90000000 781.23746860
108.60000000 781.22355164
89.80000000 263.94550425
89.80000000 264.46566147
89.80000000 462.42930564
89.80000000 267.65615990
89.80000000 264.89329946
183.60000000 136.62935971
183.60000000 601.41741771
183.60000000 137.44251604
183.60000000 460.57249744
183.60000000 603.32982272
89.80000000 603.22354557
183.60000000 599.48976110
239.80000000 110.99747193
239.90000000 109.98151395
239.80000000 110.78729465
239.80000000 251.58667235
239.80000000 109.02676646
333.60000000 111.88701567
333.60000000 250.08979333
335.46666667 250.69638538
335.46666667 111.63967520
335.46666667 251.49811267
239.90000000 248.97217888
335.46666667 250.28577864
71.00000000 510.02842164
71.10000000 510.31376537
71.00000000 510.88380263
71.00000000 379.90115415
71.00000000 510.27988710
127.40000000 510.38996928
127.40000000 380.24654995
127.30000000 381.28892279
127.30000000 511.60356060
127.30000000 377.89583579
71.10000000 380.07767606
127.30000000 382.36022423
221.10000000 160.59897380
221.10000000 161.06642935
221.10000000 161.31055082
192.30000000 4961.23671005
221.10000000 160.37542104
277.40000000 160.95485950
191.90000000 4093.64801548
192.20000000 1616.81607179
277.30000000 160.82318459
192.10000000 1637.73100241
192.60000000 4251.59189770
192.10000000 1700.41252948
205.70000000 2866.60697037
206.00000000 1757.99448119
206.40000000 2997.52552871
250.30000000 3788.69761294
206.20000000 2782.70206831
206.20000000 4878.71003290
202.70000000 563.51666312
202.40000000 560.63128237
202.30000000 688.91204676
202.40000000 559.67661602
250.50000000 3530.96347202
202.40000000 561.50921001
146.10000000 332.91120383
146.00000000 329.51319612
146.10000000 330.63003586
146.10000000 211.34996886
146.10000000 330.79734725
52.30000000 334.73255998
52.30000000 213.21158447
52.30000000 209.99927558
52.30000000 330.68303381
52.30000000 207.68189618
146.00000000 209.68744529
52.30000000 210.66407837
183.60000000 240.74815623
183.50000000 240.40878290
183.60000000 239.51787740
183.60000000 471.73814472
183.60000000 239.99403265
314.80000000 240.19237229
298.90000000 2495.18887293
298.10000000 3603.98277070
314.90000000 241.65715321
298.20000000 3609.75326893
183.50000000 468.41535550
298.70000000 3578.58725295
237.80000000 2761.11918021
237.90000000 2355.22883245
237.00000000 2493.65231225
333.60000000 121.22060534
237.90000000 3053.20961852
164.80000000 592.05303042
164.80000000 121.33563879
164.90000000 119.03009078
164.90000000 590.28934622
164.90000000 121.97981269
333.60000000 122.12640018
164.90000000 120.65100154
258.60000000 419.09837790
258.50000000 420.18798986
258.60000000 420.41644724
258.60000000 299.63153647
258.60000000 420.20972526
89.80000000 422.44138984
89.80000000 300.66240046
89.90000000 301.26067018
89.90000000 422.40615769
89.90000000 302.53745908
258.50000000 300.70216098
89.90000000 300.96415730
108.60000000 771.38979134
108.60000000 769.05495305
108.60000000 769.83158848
108.60000000 652.42758828
108.60000000 770.03028125
182.40000000 3368.64040966
215.50000000 3708.68094283
215.40000000 4608.69450683
182.60000000 4586.05645678
215.40000000 4745.83203243
108.60000000 648.55499392
215.80000000 4610.16055689
286.70000000 180.39003569
286.70000000 180.07622776
286.70000000 181.92674319
286.70000000 279.87164085
286.70000000 180.34994631
117.90000000 181.43521191
117.90000000 281.02894601
118.00000000 280.66495344
118.00000000 181.26789657
118.00000000 280.46893128
286.70000000 280.86495704
118.00000000 281.02395682
136.70000000 529.23187719
136.70000000 531.48893471
136.70000000 530.34249205
136.70000000 629.14914884
136.70000000 531.23250999
264.80000000 1093.98918037
222.70000000 3804.91745576
222.80000000 3945.73298457
264.10000000 4218.60211087
222.10000000 4294.94258036
136.70000000 631.14964844
222.40000000 4271.71078371
61.70000000 348.58518085
61.70000000 349.93672660
61.70000000 350.73379394
61.70000000 452.64543703
61.70000000 353.26936735
342.90000000 350.34068928
312.30000000 2933.31303154
311.70000000 2960.77298613
342.90000000 350.43368901
312.60000000 2933.09783500
61.70000000 450.80459319
311.70000000 2975.84156041
200.20000000 2883.33512724
200.70000000 2791.03097402
200.30000000 2815.61116731
211.70000000 100.95062610
200.40000000 2878.38622031
192.90000000 703.68336065
192.90000000 100.76626660
193.00000000 100.96816343
192.90000000 702.45801584
193.00000000 100.35677537
211.70000000 101.88075083
193.00000000 100.33488216
230.00000000 3352.29323305
229.90000000 3356.23265720
229.70000000 3375.91441231
249.30000000 540.97152016
230.40000000 3410.08841549
230.40000000 738.98106641
230.40000000 542.68190425
230.50000000 541.88290326
229.90000000 726.66017439
230.50000000 539.83958236
249.20000000 542.64044376
230.50000000 541.39714795
99.20000000 260.41872441
99.20000000 258.88577288
99.20000000 260.34579880
99.20000000 190.88362379
99.20000000 258.60143677
80.50000000 260.30178532
80.50000000 190.80808754
80.50000000 189.89436116
80.50000000 262.08662037
80.50000000 190.07030821
99.20000000 190.74748941
80.50000000 188.56595679
177.60000000 5917.85882790
177.20000000 5929.70622463
177.10000000 5767.93095932
174.20000000 361.49019401
177.00000000 5880.00375519
166.40000000 1972.95742571
155.50000000 361.20665726
155.50000000 360.78936340
166.70000000 1979.70020834
155.50000000 363.50917304
174.20000000 359.44854300
155.50000000 358.64151096
319.00000000 1096.98060033
319.90000000 1116.51015186
318.50000000 1155.24328897
197.40000000 3912.45176442
318.90000000 1069.97390117
305.40000000 441.70369650
197.60000000 2633.25995238
197.00000000 2692.59518869
305.40000000 443.08352464
197.40000000 2796.69113904
197.20000000 3720.42690854
197.90000000 2433.21717316
155.50000000 642.60721671
155.40000000 642.77807385
155.50000000 750.43098274
155.50000000 581.40724965
155.50000000 643.33835763
174.20000000 582.20689193
174.20000000 582.76912662
174.20000000 557.30671606
174.20000000 750.66346850
174.20000000 579.74662143
155.40000000 581.95428630
174.20000000 580.54550440
305.40000000 402.12566971
305.40000000 400.19600487
305.40000000 400.01693501
305.40000000 231.82677910
305.40000000 400.35815587
324.20000000 399.84250500
324.20000000 230.70267501
324.20000000 231.79925855
324.20000000 402.63752116
324.20000000 230.92105660
305.40000000 230.00714102
324.20000000 230.68245117
244.30000000 2131.32331224
244.10000000 2053.41890737
244.10000000 1979.89138727
230.50000000 410.22535709
244.40000000 2066.84247884
246.20000000 4469.07990495
249.20000000 410.52719452
249.20000000 410.34040859
246.00000000 4520.64328914
249.20000000 410.73775061
230.50000000 411.36909003
249.20000000 410.04835201
80.50000000 222.45054945
80.50000000 221.20565455
80.50000000 220.19421843
80.50000000 760.13532471
80.50000000 219.81861864
99.20000000 220.34395949
99.20000000 763.26475874
99.20000000 758.94571235
99.20000000 218.97270377
99.20000000 761.74891301
80.50000000 761.76393519
99.20000000 762.42809253
118.00000000 310.72426920
117.90000000 311.31051896
118.00000000 310.37511841
118.00000000 320.39347118
118.00000000 310.39371598
286.70000000 312.16865276
286.70000000 321.15112212
286.70000000 321.76382590
286.70000000 310.21884181
286.70000000 321.08367659
117.90000000 320.98298932
286.70000000 321.43537150
212.10000000 4234.10930690
212.30000000 4259.57170957
212.20000000 4114.89860648
209.60000000 4139.95334131
212.20000000 4342.04086928
136.70000000 661.41257958
136.70000000 670.21279971
136.70000000 668.45814094
136.70000000 659.12444034
136.70000000 671.34558852
210.20000000 4257.51546960
136.70000000 669.88270413
343.00000000 130.61890492
342.90000000 130.87304151
343.00000000 131.37716372
286.40000000 3078.19058272
343.00000000 131.83231192
61.70000000 130.61010048
61.70000000 491.92700847
61.70000000 488.55869910
61.70000000 131.81559098
61.70000000 492.21862606
285.70000000 3288.37796043
61.70000000 492.71218722
193.00000000 481.19165987
192.90000000 481.04685774
193.00000000 480.01393475
193.00000000 141.01688576
193.00000000 481.04217192
211.70000000 480.95441293
211.70000000 140.87411013
211.70000000 141.99589082
211.70000000 481.58385984
211.70000000 139.91795052
192.90000000 139.61236541
211.70000000 140.03175931
320.70000000 300.61907678
320.70000000 301.20372148
320.70000000 302.08525116
320.70000000 270.04803594
320.70000000 299.95753567
294.90000000 299.59884073
294.90000000 271.49287310
294.90000000 270.64779472
294.90000000 300.72460288
294.90000000 269.68186805
320.70000000 271.93033572
294.90000000 271.79035194
170.70000000 650.41702956
170.70000000 650.82771488
170.70000000 650.88849404
170.70000000 621.39227261
170.70000000 651.22315158
144.90000000 652.17509552
144.90000000 620.76767343
144.90000000 621.39820283
144.90000000 650.65495621
144.90000000 618.99745264
170.70000000 620.17462177
144.90000000 622.07860057
95.70000000 129.23761918
95.70000000 131.09404068
95.70000000 128.73232443
95.70000000 790.42048178
95.70000000 131.36924311
69.90000000 130.16267081
69.90000000 793.03946554
69.90000000 794.69974534
69.90000000 128.88265040
69.90000000 790.55604351
95.70000000 790.64982918
69.90000000 789.59378328
245.70000000 481.94269718
247.00000000 491.11717513
245.70000000 480.02815265
245.70000000 441.12758347
245.70000000 481.19770051
219.90000000 480.25626504
219.90000000 440.26292544
219.90000000 440.61664895
219.90000000 480.87450474
219.90000000 441.54039047
245.70000000 441.72319239
219.90000000 441.42931423
189.00000000 3884.98136627
189.50000000 5457.04720461
189.80000000 3777.17364199
200.10000000 2238.16988184
189.30000000 3690.30873378
182.40000000 743.15864884
182.40000000 700.46682939
194.90000000 2243.67373867
189.90000000 4798.95671085
194.50000000 2109.86459096
200.00000000 5343.29386161
195.10000000 2220.03397417
58.20000000 393.20605422
58.20000000 393.78085812
58.20000000 390.88418402
58.20000000 350.29557456
58.20000000 392.93614384
332.40000000 391.25720403
332.40000000 350.53844683
332.40000000 351.13180051
332.40000000 390.66001331
332.40000000 351.02928270
58.20000000 350.67833779
332.40000000 350.02090858
133.20000000 559.58949868
133.20000000 558.26715967
133.20000000 561.48547881
133.20000000 180.10960532
133.20000000 561.90730130
250.70000000 1748.49746714
257.40000000 180.76959842
257.40000000 179.41395105
250.20000000 1638.82109482
257.40000000 181.29945298
133.20000000 182.10258065
257.40000000 179.68073656
283.20000000 212.06024211
283.20000000 211.38090928
283.20000000 209.94002046
264.60000000 2936.88433631
283.20000000 211.15489866
107.40000000 210.88632268
107.40000000 531.93073702
107.40000000 531.33871818
107.40000000 211.35919460
107.40000000 530.22690172
265.40000000 4047.76954401
107.40000000 529.78837596
189.40000000 285.30579829
189.50000000 285.51383511
189.40000000 612.08574049
189.40000000 286.14916936
189.40000000 285.35087610
201.10000000 269.47117191
201.10000000 660.94098374
201.20000000 271.20271967
209.80000000 1050.54404798
212.20000000 3290.35990303
199.80000000 1457.25268137
212.40000000 3315.27396342
339.50000000 261.46550897
339.40000000 261.46254287
339.50000000 261.27092593
339.50000000 311.48811274
339.50000000 261.06095040
51.20000000 261.04287074
51.20000000 309.12558044
51.20000000 311.71557315
51.20000000 261.14070437
51.20000000 309.40771692
339.40000000 310.73281744
51.20000000 309.19683107
179.30000000 4010.24457312
179.30000000 1564.08593582
179.80000000 3498.97374289
264.40000000 141.29985893
180.30000000 3549.49532681
126.20000000 779.83545855
126.20000000 140.06084398
126.20000000 141.43804524
126.20000000 782.54022672
126.20000000 141.83918500
264.40000000 140.52706614
126.20000000 142.80884835
114.40000000 431.17810939
114.50000000 429.55518344
114.40000000 431.01880671
114.40000000 492.02593708
114.40000000 429.55101163
276.20000000 429.95495619
276.20000000 493.06175573
276.10000000 495.04443624
276.10000000 429.88800249
276.10000000 493.13041071
114.50000000 489.58906675
276.10000000 493.41645886
76.90000000 169.77869351
77.00000000 171.04760415
76.90000000 170.94195173
76.90000000 219.45657068
76.90000000 168.71293827
88.60000000 170.43535495
88.60000000 220.11778578
88.70000000 219.85585632
88.70000000 169.91757200
88.70000000 222.62344394
77.00000000 219.56358378
88.70000000 220.29308727
229.80000000 556.98028654
226.90000000 521.05472319
229.70000000 560.27031462
238.80000000 1574.29001993
229.30000000 553.91581078
245.70000000 743.26685853
246.10000000 3471.75849238
238.60000000 572.12690668
238.60000000 521.45025458
238.60000000 573.33002504
226.90000000 571.85103618
238.60000000 574.85820231
302.00000000 339.54122174
302.00000000 341.38045079
302.00000000 341.58162112
186.70000000 4784.90999363
302.00000000 342.17383490
313.70000000 340.73839901
186.50000000 4434.35324029
186.90000000 3802.03910149
313.70000000 342.48610153
187.30000000 3848.26898673
186.40000000 3825.99329312
187.00000000 3938.34770722
151.90000000 691.28359622
152.00000000 692.33396510
151.90000000 690.65885133
151.90000000 401.25193495
151.90000000 691.49424116
163.70000000 691.47505441
163.70000000 399.61649572
163.70000000 401.85149969
163.70000000 691.61726840
163.70000000 401.53336319
152.00000000 401.26924593
163.70000000 401.73365872
255.10000000 229.95595139
255.10000000 229.99706683
255.10000000 229.96023397
192.70000000 3322.23956491
255.10000000 229.46617243
341.80000000 230.32253338
192.00000000 3442.52006689
191.90000000 3256.47174604
341.80000000 230.85992815
192.10000000 3377.51561056
192.20000000 3069.78617792
191.60000000 3307.47564473
105.10000000 581.71389522
105.00000000 582.09560539
105.10000000 579.73716769
105.10000000 383.02400684
105.10000000 582.24130056
191.80000000 579.77158332
191.80000000 382.09454919
191.80000000 381.10415757
191.80000000 579.00450406
191.80000000 381.66647846
105.00000000 382.70104756
191.80000000 381.23166962
180.10000000 409.73366290
180.00000000 409.99276654
180.10000000 411.71508670
180.10000000 201.71800772
180.10000000 410.69370621
116.80000000 411.00888726
116.80000000 201.33261938
116.70000000 202.33788622
116.70000000 409.39687165
116.70000000 201.28816168
180.00000000 200.71677419
116.70000000 200.99819380
185.00000000 3466.24311542
184.40000000 3485.64927662
183.90000000 3418.94809651
255.00000000 2910.24695957
185.20000000 3449.62986834
184.50000000 1236.07241834
255.10000000 2347.78706424
255.30000000 2270.65798437
184.20000000 1190.35723327
255.10000000 2388.07388635
255.10000000 3067.11144400
254.80000000 2378.49088457
280.50000000 2257.18246302
281.00000000 2092.14041844
280.60000000 2193.21055178
292.50000000 110.61724831
280.90000000 2160.76829589
154.30000000 501.97990397
154.30000000 110.62022999
154.30000000 110.33021501
154.30000000 502.86506631
154.30000000 111.91934901
292.60000000 110.27378644
154.30000000 111.21578347
142.60000000 149.82843300
142.50000000 151.09124652
142.60000000 149.54814375
142.60000000 458.54571029
142.60000000 149.95225991
304.30000000 151.85362487
305.10000000 3607.03171909
304.20000000 3623.59516165
304.30000000 150.93356171
305.30000000 3393.82387648
142.50000000 460.07180850
305.20000000 3576.02891905
67.50000000 668.12000987
67.50000000 669.30695202
67.50000000 670.68644900
67.50000000 641.59980711
67.50000000 668.08338701
229.30000000 565.67721363
219.20000000 4929.81579440
229.30000000 564.16514555
209.00000000 4839.45302525
219.30000000 4952.12529833
67.50000000 639.39670998
219.30000000 4882.56393367
217.60000000 321.40504712
217.60000000 320.68159738
217.60000000 321.28733438
217.60000000 289.57045387
217.60000000 320.67998688
79.30000000 321.06360600
79.30000000 290.14780712
79.30000000 290.66511076
79.30000000 320.13182358
79.30000000 290.20299243
217.60000000 289.33820135
79.30000000 290.32600170
123.80000000 631.96693297
123.80000000 632.49312491
123.80000000 630.99612719
123.80000000 160.83905759
123.80000000 631.02837567
222.30000000 3674.72735839
248.00000000 160.06319070
248.00000000 161.37416660
222.60000000 3569.78027098
248.00000000 160.46139759
123.80000000 163.55218133
248.00000000 159.07553746
273.80000000 280.35446749
273.90000000 279.15000860
273.80000000 280.07475299
274.00000000 535.10322409
273.80000000 281.01209099
98.10000000 280.55784077
98.10000000 512.23543745
98.00000000 511.23280777
98.00000000 280.96435380
98.00000000 510.74763231
273.70000000 529.31222721
98.00000000 512.40866375
312.00000000 3368.88127519
311.40000000 3044.85064966
311.50000000 3369.96315270
206.20000000 3348.85879742
312.60000000 3362.11440784
173.10000000 450.80218391
179.70000000 997.29229941
179.00000000 939.61876698
173.10000000 451.04955509
179.50000000 969.88713532
205.50000000 4385.76714966
179.50000000 976.06286169
198.80000000 102.17211808
198.90000000 100.71969509
198.80000000 99.12849979
198.80000000 331.02048157
198.80000000 102.31583450
323.10000000 100.92064781
323.10000000 330.56471789
323.00000000 332.13428446
323.00000000 100.56402339
323.00000000 330.56001907
198.90000000 330.92147187
323.00000000 331.10524406
161.30000000 370.40414387
161.40000000 369.39703995
161.30000000 373.26646577
161.30000000 771.28590597
161.30000000 371.32876101
60.60000000 371.28873627
60.60000000 772.58839767
60.50000000 769.68008663
60.50000000 370.58247488
60.50000000 768.13901639
161.40000000 770.59244817
60.50000000 771.39038531
194.90000000 6973.43032365
194.40000000 5004.03292596
194.50000000 6377.06444741
311.30000000 421.45358690
195.00000000 6813.80403096
195.30000000 5515.02941178
210.50000000 421.18788763
210.60000000 419.65881950
194.60000000 5179.87478841
210.60000000 420.76796455
311.40000000 420.95981918
210.60000000 421.87675692
236.30000000 191.48123643
236.30000000 190.88348681
236.30000000 188.75447583
236.30000000 250.83340834
236.30000000 191.31336384
285.50000000 191.71667608
285.50000000 183.46434351
285.60000000 251.12224518
285.60000000 172.84564839
285.60000000 183.14795100
236.30000000 213.79042241
285.60000000 182.25536031
86.30000000 541.06610532
86.30000000 542.06159380
86.30000000 538.60687546
86.30000000 598.59448698
86.30000000 542.51753920
135.50000000 539.18928105
135.50000000 600.47248159
135.60000000 601.69381250
135.60000000 541.62510048
135.60000000 599.99756395
86.30000000 600.71128950
135.60000000 601.86739374
176.80000000 3407.74656602
177.80000000 3622.52910503
177.10000000 2384.09077865
278.50000000 517.21558031
177.70000000 3593.83954036
177.50000000 3879.77286988
280.00000000 3129.79610253
280.40000000 3203.96567782
177.20000000 3867.49435082
280.00000000 3260.24660846
278.50000000 521.08016923
281.30000000 3180.57038254
128.50000000 440.47815075
128.50000000 439.27027512
128.50000000 440.84831816
128.50000000 151.45193991
128.50000000 440.53369731
159.00000000 440.39739402
159.00000000 151.06998878
159.00000000 151.19662807
159.00000000 443.12591617
159.00000000 149.60831264
128.50000000 149.39706857
159.00000000 150.47817520
53.60000000 620.23672257
53.60000000 623.00380853
53.60000000 618.35257036
53.60000000 320.61643049
53.60000000 623.68824852
84.00000000 622.10321909
84.00000000 320.10991340
84.00000000 321.31305896
84.00000000 620.49618946
84.00000000 316.38613489
53.60000000 319.13343816
84.00000000 320.59353886
203.50000000 271.07608989
203.50000000 271.88468273
203.50000000 270.45442827
203.50000000 673.57224653
203.50000000 272.67378615
234.00000000 269.75932166
209.40000000 3910.31761983
209.00000000 3828.03984973
234.00000000 271.44854203
209.50000000 3830.70756089
203.50000000 673.87934215
209.60000000 3836.27646017
241.00000000 349.43537062
241.00000000 350.44481461
241.00000000 351.05015630
241.00000000 411.19078163
241.00000000 350.58858788
196.40000000 351.02773070
196.40000000 411.00860098
196.50000000 411.37720546
196.50000000 351.59578728
196.50000000 411.73294078
241.00000000 410.46402007
196.50000000 411.17854428
91.00000000 700.83268048
91.10000000 702.91079073
91.00000000 701.36075224
91.00000000 764.07058714
91.00000000 700.85131815
200.10000000 3425.73385354
183.60000000 3480.63814018
184.70000000 3259.16363201
200.30000000 3268.10473893
184.40000000 3279.59829948
91.10000000 760.14659239
184.50000000 3309.68356723
166.00000000 180.69112238
166.00000000 180.02299656
166.00000000 180.06192963
166.00000000 580.21370796
166.00000000 179.85354583
271.40000000 180.49411837
242.30000000 4140.06733119
242.40000000 3580.99176119
271.50000000 179.19390860
241.80000000 3537.40898482
166.00000000 579.47058461
242.70000000 3589.22155810
264.80000000 3259.75886651
264.50000000 3351.91881868
265.10000000 3201.47071387
316.00000000 230.42382347
265.50000000 3271.32356239
121.40000000 530.79160683
121.40000000 231.36264686
121.50000000 229.87797638
121.50000000 533.23387752
121.50000000 231.42538849
316.00000000 230.28840383
121.50000000 231.95743714
147.20000000 142.79720656
147.30000000 141.33242357
147.20000000 137.89766811
147.20000000 371.28959317
147.20000000 142.08420101
215.20000000 140.59442230
215.20000000 371.51947215
215.20000000 371.54776213
215.20000000 141.27921501
215.20000000 371.21138503
147.30000000 371.95291446
215.20000000 370.96798400
285.80000000 2072.10940405
285.90000000 2070.14825287
286.10000000 2115.48244572
194.60000000 2804.51395641
285.90000000 1972.47224913
65.30000000 490.28364928
65.30000000 720.78638860
65.30000000 724.82206322
65.30000000 493.01404240
65.30000000 722.20669737
194.50000000 2543.76010250
65.30000000 721.28289773
222.30000000 70.61658685
222.30000000 70.38281149
222.30000000 307.94166711
222.30000000 71.59295439
222.30000000 70.38112350
140.20000000 106.73493921
140.20000000 542.17958530
140.30000000 109.54952785
140.30000000 310.82931170
140.30000000 540.23113885
226.90000000 642.22783456
140.30000000 539.66862340
72.30000000 660.26547167
72.30000000 659.26560100
72.30000000 662.93993614
72.30000000 191.22789951
72.30000000 663.46938737
212.60000000 2775.21163047
290.20000000 190.53843197
290.20000000 191.09120349
211.90000000 2945.58219033
290.20000000 190.34480679
72.30000000 190.70001903
290.20000000 190.58530565
109.80000000 570.58189565
109.80000000 570.86144061
109.80000000 138.01253545
109.80000000 451.70891934
109.80000000 571.25309101
102.70000000 570.17255909
102.70000000 144.43854940
102.70000000 451.44799751
102.70000000 144.75611079
102.70000000 144.46330888
109.80000000 136.31661212
102.70000000 144.49720160
259.70000000 220.73571847
259.80000000 220.87496361
259.70000000 222.06544840
259.70000000 100.83476359
259.70000000 219.62768343
252.70000000 221.76742088
252.70000000 101.30719216
252.70000000 100.32685710
252.70000000 221.04304971
252.70000000 100.95870287
259.80000000 101.28886211
252.70000000 101.29177628
186.80000000 3938.52933927
186.80000000 3400.80855239
187.20000000 4092.12962296
334.80000000 281.91759550
187.40000000 3923.75791783
187.10000000 4369.92291198
327.70000000 280.22201202
327.70000000 281.05535349
187.10000000 3397.03431657
327.70000000 279.80198705
334.20000000 280.09692129
327.70000000 280.13912543
184.70000000 400.89152853
184.80000000 401.70822052
184.70000000 400.87149596
184.70000000 629.44059077
184.70000000 401.17119529
177.70000000 399.44109696
177.70000000 629.89898188
177.70000000 631.32839931
177.70000000 401.92721545
177.70000000 630.76558412
184.80000000 630.76378387
177.70000000 630.60813190
212.90000000 460.45198918
212.90000000 460.92023391
212.90000000 461.66729950
212.90000000 300.07700832
212.90000000 461.79037687
305.10000000 3042.72697934
337.00000000 301.54874388
337.00000000 300.16254506
304.90000000 3001.05188594
337.00000000 300.44615628
212.90000000 301.22318107
337.00000000 300.74199293
62.90000000 110.34471166
62.90000000 112.21511764
62.90000000 112.63202934
62.90000000 651.94583813
62.90000000 108.66834837
187.10000000 112.63242361
193.10000000 877.50541376
187.00000000 651.18740650
187.00000000 110.54516646
187.00000000 649.45077020
62.90000000 651.10370264
187.00000000 651.00476301
137.90000000 641.27174706
137.90000000 639.65760811
137.90000000 640.95006554
137.90000000 481.73783656
137.90000000 641.32017102
112.10000000 640.71557863
112.10000000 479.63667915
112.10000000 482.88284565
112.10000000 638.74098928
112.10000000 479.13142734
137.90000000 484.42993776
112.10000000 480.28780824
287.80000000 290.51352908
287.90000000 291.76190338
287.80000000 290.52878755
287.80000000 130.81959561
287.80000000 291.13272151
262.10000000 291.31858870
262.10000000 130.93268830
262.10000000 131.16303402
262.10000000 291.03893209
262.10000000 130.58866248
287.90000000 130.71922405
262.10000000 130.38574879
325.30000000 199.78416752
325.30000000 202.29587098
325.30000000 200.58034073
325.30000000 288.25160043
325.30000000 201.92487717
149.60000000 200.81440632
149.60000000 561.80439717
149.60000000 559.94585391
149.60000000 199.89465867
149.60000000 561.09333901
250.80000000 3013.30863014
149.60000000 561.88548095
175.30000000 552.13824344
175.40000000 550.77700487
175.30000000 550.99035461
175.30000000 209.46736988
175.30000000 550.24080243
254.90000000 3764.08474751
299.60000000 209.95403159
299.60000000 210.61391548
254.20000000 3406.55515237
299.60000000 210.84045331
175.40000000 212.04657725
299.60000000 210.69823578
100.40000000 382.26967771
100.40000000 379.14152525
100.40000000 380.93290641
100.40000000 391.00108021
100.40000000 379.70922402
224.60000000 380.17570358
224.60000000 391.98325027
224.50000000 390.57614663
224.60000000 380.52045313
224.50000000 390.75753923
100.40000000 389.92617784
224.60000000 392.02245645
191.90000000 3282.45611380
192.10000000 4159.53291273
191.70000000 3650.60005947
189.60000000 3405.33150557
192.30000000 3544.00019290
74.60000000 731.19670301
74.60000000 738.03571593
74.60000000 743.67216264
74.60000000 731.39526134
74.60000000 741.46673447
189.30000000 3494.58543653
74.60000000 742.52301660
81.70000000 421.08043289
81.60000000 419.70290367
81.70000000 419.61579222
81.70000000 609.83299569
81.70000000 420.76311470
243.30000000 419.48142348
230.30000000 2799.55032261
230.60000000 4621.58215970
243.30000000 420.26727157
230.40000000 4639.03644191
81.60000000 609.85684080
230.30000000 4655.17794818
182.30000000 5291.71120104
181.70000000 3881.04075458
181.90000000 4882.44786078
231.70000000 261.38221791
182.00000000 5006.36930562
93.30000000 769.89237054
93.30000000 261.10599308
93.30000000 259.26210100
93.30000000 769.06014741
93.30000000 262.11213731
231.60000000 261.74207269
93.30000000 261.20645684
306.70000000 251.03057180
306.60000000 250.40066110
306.70000000 250.82166673
306.70000000 431.81240878
306.70000000 250.33390414
168.30000000 251.07932513
168.30000000 430.89000292
168.40000000 430.77337702
168.40000000 251.15306768
168.40000000 430.93429396
306.60000000 431.28069355
168.40000000 431.82950046
156.70000000 600.85649646
156.60000000 601.18510611
156.70000000 600.32598382
156.70000000 782.32739275
156.70000000 599.90566465
233.60000000 3086.20493742
180.00000000 3531.22378809
179.90000000 4608.69189096
234.00000000 3377.20098205
180.10000000 4666.82015342
167.50000000 1827.88113145
180.10000000 4735.11277590
194.10000000 680.97464948
206.10000000 3272.50280561
194.10000000 679.89876788
194.10000000 339.91401191
194.10000000 681.32029174
55.80000000 681.73668831
55.80000000 340.93051378
55.80000000 341.09952438
55.80000000 682.80653148
55.80000000 340.84565607
194.10000000 341.08126934
55.80000000 340.06037099
344.10000000 329.81179379
344.20000000 329.97916653
344.10000000 263.96962149
203.00000000 4724.96528868
344.10000000 329.85708694
205.90000000 330.45642459
205.90000000 449.15198123
203.60000000 1174.83067600
205.80000000 331.76354901
205.80000000 449.36858302
344.20000000 275.30720229
205.80000000 450.91052032
269.10000000 516.33946062
269.30000000 517.19604704
269.10000000 516.07230496
269.10000000 564.21964696
269.00000000 518.16548772
275.60000000 1355.91906899
269.90000000 2103.81942632
270.30000000 2042.53941298
274.60000000 1375.34157202
270.30000000 2125.40889439
268.80000000 567.67559104
268.50000000 2219.08882815
119.10000000 160.88518002
119.10000000 159.11553547
119.10000000 160.30520403
119.10000000 173.33958440
119.10000000 158.78123129
130.90000000 161.26114032
130.90000000 171.84236700
130.80000000 170.61121177
130.80000000 159.67188050
130.80000000 171.59190412
119.10000000 169.43475644
130.80000000 169.96884337
126.10000000 511.12464942
126.20000000 511.03412156
126.10000000 512.88147669
126.10000000 120.95947432
126.10000000 512.86705202
274.80000000 2768.55242638
292.60000000 121.43465276
292.60000000 120.41901878
274.40000000 3837.97848218
292.60000000 120.79941430
126.20000000 121.29113409
292.60000000 120.73732294
276.10000000 162.40676327
276.10000000 160.75902096
276.10000000 161.25639687
276.10000000 470.73735606
276.10000000 159.65410332
142.50000000 159.49155770
142.50000000 472.05957339
142.60000000 470.17369895
142.60000000 161.41872353
142.60000000 470.56541499
276.10000000 469.97945608
142.60000000 470.78009257
203.40000000 5207.58176400
201.20000000 704.84562927
203.10000000 5155.33787107
213.30000000 1853.73113930
203.00000000 5230.69924622
67.50000000 692.35351850
67.50000000 640.88726953
67.60000000 641.97868406
67.60000000 689.21703248
67.60000000 640.58740123
201.20000000 639.89390424
67.60000000 643.80373134
51.20000000 338.71516591
51.20000000 340.58353846
51.20000000 344.08118401
51.20000000 288.50452790
51.20000000 339.25003469
217.60000000 341.05607246
217.60000000 290.96422522
217.60000000 289.45417487
217.60000000 340.14070406
217.60000000 291.56934514
51.20000000 290.69758522
217.60000000 290.95681061
88.70000000 251.28549540
88.70000000 250.08669049
88.70000000 253.04536510
88.70000000 733.98386805
88.70000000 251.37544064
180.00000000 251.83476254
180.10000000 733.19910294
192.00000000 3624.30777641
180.10000000 250.57665666
191.90000000 3600.57647855
88.70000000 730.76126802
192.20000000 3477.92615041
233.90000000 4769.73020375
233.50000000 1433.98067053
234.10000000 4688.76505137
238.70000000 380.96790812
233.40000000 4816.00536174
233.30000000 2811.98581571
330.10000000 380.14094122
330.00000000 379.62732690
233.40000000 1793.45904022
330.00000000 381.85411663
238.70000000 381.75005554
330.00000000 381.34177827
313.60000000 432.12963039
313.70000000 433.39315499
313.60000000 433.74080957
313.60000000 210.16578542
313.60000000 433.57819727
255.10000000 430.77163423
255.10000000 211.25343378
255.10000000 212.34161495
255.10000000 431.07825527
255.10000000 211.05861174
313.70000000 209.98833098
255.10000000 211.13575251
163.60000000 781.42259469
176.90000000 2785.59885713
163.60000000 779.87537012
163.60000000 561.24884046
163.60000000 779.65636316
105.00000000 779.02244194
105.00000000 561.73347037
105.00000000 560.30643568
105.00000000 783.69654140
105.00000000 562.62456264
163.60000000 560.79694008
105.00000000 558.97110004
