100.0000 10.0000 0.0000 0.0000
100.0000 10.0000 0.0000 0.0000
100.0000 10.0000 0.0000 0.0000
100.0000 10.0000 0.0000 0.0000
100.0000 10.0000 0.0000 0.0000
100.0000 10.0000 0.0000 0.0000
100.0000 10.0000 0.0000 0.0000
100.0000 10.0000 0.0000 0.0000
100.0000 10.0000 0.0000 0.0000
100.0000 10.0000 0.0000 0.0000
400.0000 45.0000 0.5000 0.5000
400.0000 45.0000 0.5000 0.5000
400.0000 45.0000 0.5000 0.5000
400.0000 45.0000 0.5000 0.5000
400.0000 45.0000 0.5000 0.5000
400.0000 45.0000 0.5000 0.5000
400.0000 45.0000 0.5000 0.5000
400.0000 45.0000 0.5000 0.5000
400.0000 45.0000 0.5000 0.5000
400.0000 45.0000 0.5000 0.5000
550.0000 27.5000 0.2500 0.2500
550.0000 27.5000 0.2500 0.2500
550.0000 62.5000 0.2500 0.2500
550.0000 27.5000 0.2500 0.2500
550.0000 27.5000 0.2500 0.7500
550.0000 62.5000 0.2500 0.7500
550.0000 27.5000 0.2500 0.7500
550.0000 62.5000 0.2500 0.7500
550.0000 62.5000 0.2500 0.2500
550.0000 62.5000 0.2500 0.7500
250.0000 62.5000 0.7500 0.7500
250.0000 62.5000 0.7500 0.7500
250.0000 27.5000 0.7500 0.7500
250.0000 62.5000 0.7500 0.7500
250.0000 62.5000 0.7500 0.2500
250.0000 27.5000 0.7500 0.2500
250.0000 62.5000 0.7500 0.2500
250.0000 27.5000 0.7500 0.2500
250.0000 27.5000 0.7500 0.7500
250.0000 27.5000 0.7500 0.2500
325.0000 36.2500 0.6250 0.8750
325.0000 36.2500 0.6250 0.8750
325.0000 18.7500 0.6250 0.8750
325.0000 36.2500 0.3750 0.8750
325.0000 36.2500 0.6250 0.8750
325.0000 18.7500 0.3750 0.8750
325.0000 36.2500 0.3750 0.8750
325.0000 18.7500 0.6250 0.8750
325.0000 18.7500 0.3750 0.8750
325.0000 18.7500 0.3750 0.8750
625.0000 71.2500 0.1250 0.3750
625.0000 71.2500 0.1250 0.3750
625.0000 53.7500 0.1250 0.3750
625.0000 71.2500 0.8750 0.3750
625.0000 71.2500 0.1250 0.3750
625.0000 53.7500 0.8750 0.3750
625.0000 71.2500 0.8750 0.3750
625.0000 53.7500 0.1250 0.3750
625.0000 53.7500 0.8750 0.3750
625.0000 53.7500 0.8750 0.3750
475.0000 18.7500 0.8750 0.6250
475.0000 18.7500 0.8750 0.6250
475.0000 71.2500 0.8750 0.6250
475.0000 18.7500 0.1250 0.6250
475.0000 18.7500 0.8750 0.1250
475.0000 71.2500 0.1250 0.1250
475.0000 18.7500 0.1250 0.1250
475.0000 71.2500 0.8750 0.1250
475.0000 71.2500 0.1250 0.6250
475.0000 71.2500 0.1250 0.1250
175.0000 53.7500 0.3750 0.1250
175.0000 53.7500 0.3750 0.1250
175.0000 36.2500 0.3750 0.1250
175.0000 53.7500 0.6250 0.1250
175.0000 53.7500 0.3750 0.6250
175.0000 36.2500 0.6250 0.6250
175.0000 53.7500 0.6250 0.6250
175.0000 36.2500 0.3750 0.6250
175.0000 36.2500 0.6250 0.1250
175.0000 36.2500 0.6250 0.6250
212.5000 31.8750 0.9375 0.4375
437.5000 31.8750 0.9375 0.4375
212.5000 31.8750 0.9375 0.4375
212.5000 31.8750 0.4375 0.4375
212.5000 31.8750 0.9375 0.9375
212.5000 31.8750 0.4375 0.9375
437.5000 31.8750 0.4375 0.9375
437.5000 31.8750 0.9375 0.9375
437.5000 31.8750 0.4375 0.4375
437.5000 31.8750 0.4375 0.9375
512.5000 66.8750 0.4375 0.9375
137.5000 66.8750 0.4375 0.9375
512.5000 66.8750 0.4375 0.9375
512.5000 66.8750 0.9375 0.9375
512.5000 66.8750 0.4375 0.4375
512.5000 66.8750 0.9375 0.4375
137.5000 66.8750 0.9375 0.4375
137.5000 66.8750 0.4375 0.4375
137.5000 66.8750 0.9375 0.9375
137.5000 66.8750 0.9375 0.4375
662.5000 14.3750 0.6875 0.1875
287.5000 14.3750 0.6875 0.1875
662.5000 49.3750 0.6875 0.1875
662.5000 14.3750 0.1875 0.1875
662.5000 14.3750 0.6875 0.1875
662.5000 49.3750 0.1875 0.1875
287.5000 14.3750 0.1875 0.1875
287.5000 49.3750 0.6875 0.1875
287.5000 49.3750 0.1875 0.1875
287.5000 49.3750 0.1875 0.1875
362.5000 49.3750 0.1875 0.6875
587.5000 49.3750 0.1875 0.6875
362.5000 14.3750 0.1875 0.6875
362.5000 49.3750 0.6875 0.6875
362.5000 49.3750 0.1875 0.6875
362.5000 14.3750 0.6875 0.6875
587.5000 49.3750 0.6875 0.6875
587.5000 14.3750 0.1875 0.6875
587.5000 14.3750 0.6875 0.6875
587.5000 14.3750 0.6875 0.6875
287.5000 23.1250 0.3125 0.5625
662.5000 23.1250 0.3125 0.5625
287.5000 40.6250 0.3125 0.5625
287.5000 23.1250 0.0625 0.5625
287.5000 23.1250 0.3125 0.0625
287.5000 40.6250 0.0625 0.0625
662.5000 23.1250 0.0625 0.0625
662.5000 40.6250 0.3125 0.0625
662.5000 40.6250 0.0625 0.5625
662.5000 40.6250 0.0625 0.0625
587.5000 58.1250 0.8125 0.0625
362.5000 58.1250 0.8125 0.0625
587.5000 75.6250 0.8125 0.0625
587.5000 58.1250 0.5625 0.0625
587.5000 58.1250 0.8125 0.5625
587.5000 75.6250 0.5625 0.5625
362.5000 58.1250 0.5625 0.5625
362.5000 75.6250 0.8125 0.5625
362.5000 75.6250 0.5625 0.0625
362.5000 75.6250 0.5625 0.5625
437.5000 40.6250 0.0625 0.8125
212.5000 40.6250 0.0625 0.8125
437.5000 58.1250 0.0625 0.8125
437.5000 40.6250 0.3125 0.8125
437.5000 40.6250 0.0625 0.8125
437.5000 58.1250 0.3125 0.8125
212.5000 40.6250 0.3125 0.8125
212.5000 58.1250 0.0625 0.8125
212.5000 58.1250 0.3125 0.8125
212.5000 58.1250 0.3125 0.8125
137.5000 75.6250 0.5625 0.3125
512.5000 75.6250 0.5625 0.3125
137.5000 23.1250 0.5625 0.3125
137.5000 75.6250 0.8125 0.3125
137.5000 75.6250 0.5625 0.3125
137.5000 23.1250 0.8125 0.3125
512.5000 75.6250 0.8125 0.3125
512.5000 23.1250 0.5625 0.3125
512.5000 23.1250 0.8125 0.3125
512.5000 23.1250 0.8125 0.3125
156.2500 42.8125 0.4688 0.6562
268.7500 42.8125 0.4688 0.6562
156.2500 77.8125 0.4688 0.6562
156.2500 42.8125 0.5312 0.6562
156.2500 42.8125 0.4688 0.8438
156.2500 77.8125 0.5312 0.8438
268.7500 42.8125 0.5312 0.8438
268.7500 77.8125 0.4688 0.8438
268.7500 77.8125 0.5312 0.6562
268.7500 77.8125 0.5312 0.8438
456.2500 77.8125 0.9688 0.1562
568.7500 77.8125 0.9688 0.1562
456.2500 42.8125 0.9688 0.1562
456.2500 77.8125 0.0312 0.1562
456.2500 77.8125 0.9688 0.3438
456.2500 42.8125 0.0312 0.3438
568.7500 77.8125 0.0312 0.3438
568.7500 42.8125 0.9688 0.3438
568.7500 42.8125 0.0312 0.1562
568.7500 42.8125 0.0312 0.3438
606.2500 25.3125 0.2188 0.9062
418.7500 25.3125 0.2188 0.9062
606.2500 25.3125 0.2188 0.9062
606.2500 25.3125 0.7812 0.9062
606.2500 25.3125 0.2188 0.0938
606.2500 25.3125 0.7812 0.0938
418.7500 25.3125 0.7812 0.0938
418.7500 25.3125 0.2188 0.0938
418.7500 25.3125 0.7812 0.9062
418.7500 25.3125 0.7812 0.0938
306.2500 60.3125 0.7188 0.4062
118.7500 60.3125 0.7188 0.4062
306.2500 60.3125 0.7188 0.4062
306.2500 60.3125 0.2812 0.4062
306.2500 60.3125 0.7188 0.5938
306.2500 60.3125 0.2812 0.5938
118.7500 60.3125 0.2812 0.5938
118.7500 60.3125 0.7188 0.5938
118.7500 60.3125 0.2812 0.4062
118.7500 60.3125 0.2812 0.5938
381.2500 16.5625 0.8438 0.2812
193.7500 16.5625 0.8438 0.2812
381.2500 69.0625 0.8438 0.2812
381.2500 16.5625 0.9062 0.2812
381.2500 16.5625 0.8438 0.2188
381.2500 69.0625 0.9062 0.2188
193.7500 16.5625 0.9062 0.2188
193.7500 69.0625 0.8438 0.2188
193.7500 69.0625 0.9062 0.2812
193.7500 69.0625 0.9062 0.2188
681.2500 51.5625 0.3438 0.7812
493.7500 51.5625 0.3438 0.7812
681.2500 34.0625 0.3438 0.7812
681.2500 51.5625 0.4062 0.7812
681.2500 51.5625 0.3438 0.7188
681.2500 34.0625 0.4062 0.7188
493.7500 51.5625 0.4062 0.7188
493.7500 34.0625 0.3438 0.7188
493.7500 34.0625 0.4062 0.7812
493.7500 34.0625 0.4062 0.7188
531.2500 34.0625 0.5938 0.0312
643.7500 34.0625 0.5938 0.0312
531.2500 16.5625 0.5938 0.0312
531.2500 34.0625 0.6562 0.0312
531.2500 34.0625 0.5938 0.9688
531.2500 16.5625 0.6562 0.9688
643.7500 34.0625 0.6562 0.9688
643.7500 16.5625 0.5938 0.9688
643.7500 16.5625 0.6562 0.0312
643.7500 16.5625 0.6562 0.9688
231.2500 69.0625 0.0938 0.5312
343.7500 69.0625 0.0938 0.5312
231.2500 51.5625 0.0938 0.5312
231.2500 69.0625 0.1562 0.5312
231.2500 69.0625 0.0938 0.4688
231.2500 51.5625 0.1562 0.4688
343.7500 69.0625 0.1562 0.4688
343.7500 51.5625 0.0938 0.4688
343.7500 51.5625 0.1562 0.5312
343.7500 51.5625 0.1562 0.4688
193.7500 20.9375 0.5312 0.8438
606.2500 20.9375 0.5312 0.8438
193.7500 55.9375 0.5312 0.8438
193.7500 20.9375 0.9688 0.8438
193.7500 20.9375 0.5312 0.1562
193.7500 55.9375 0.9688 0.1562
606.2500 20.9375 0.9688 0.1562
606.2500 55.9375 0.5312 0.1562
606.2500 55.9375 0.9688 0.8438
606.2500 55.9375 0.9688 0.1562
493.7500 55.9375 0.0312 0.3438
306.2500 55.9375 0.0312 0.3438
493.7500 20.9375 0.0312 0.3438
493.7500 55.9375 0.4688 0.3438
493.7500 55.9375 0.0312 0.6562
493.7500 20.9375 0.4688 0.6562
306.2500 55.9375 0.4688 0.6562
306.2500 20.9375 0.0312 0.6562
306.2500 20.9375 0.4688 0.3438
306.2500 20.9375 0.4688 0.6562
643.7500 38.4375 0.7812 0.5938
156.2500 38.4375 0.7812 0.5938
643.7500 38.4375 0.7812 0.5938
643.7500 38.4375 0.7188 0.5938
643.7500 38.4375 0.7812 0.9062
643.7500 38.4375 0.7188 0.9062
156.2500 38.4375 0.7188 0.9062
156.2500 38.4375 0.7812 0.9062
156.2500 38.4375 0.7188 0.5938
156.2500 38.4375 0.7188 0.9062
343.7500 73.4375 0.2812 0.0938
456.2500 73.4375 0.2812 0.0938
343.7500 73.4375 0.2812 0.0938
343.7500 73.4375 0.2188 0.0938
343.7500 73.4375 0.2812 0.4062
343.7500 73.4375 0.2188 0.4062
456.2500 73.4375 0.2188 0.4062
456.2500 73.4375 0.2812 0.4062
456.2500 73.4375 0.2188 0.0938
456.2500 73.4375 0.2188 0.4062
268.7500 29.6875 0.1562 0.2188
531.2500 29.6875 0.1562 0.2188
268.7500 47.1875 0.1562 0.2188
268.7500 29.6875 0.5938 0.2188
268.7500 29.6875 0.1562 0.7812
268.7500 47.1875 0.5938 0.7812
531.2500 29.6875 0.5938 0.7812
531.2500 47.1875 0.1562 0.7812
531.2500 47.1875 0.5938 0.2188
531.2500 47.1875 0.5938 0.7812
568.7500 64.6875 0.6562 0.7188
231.2500 64.6875 0.6562 0.7188
568.7500 12.1875 0.6562 0.7188
568.7500 64.6875 0.0938 0.7188
568.7500 64.6875 0.6562 0.2812
568.7500 12.1875 0.0938 0.2812
231.2500 64.6875 0.0938 0.2812
231.2500 12.1875 0.6562 0.2812
231.2500 12.1875 0.0938 0.7188
231.2500 12.1875 0.0938 0.2812
418.7500 12.1875 0.4062 0.4688
381.2500 12.1875 0.4062 0.4688
418.7500 29.6875 0.4062 0.4688
418.7500 12.1875 0.8438 0.4688
418.7500 12.1875 0.4062 0.0312
418.7500 29.6875 0.8438 0.0312
381.2500 12.1875 0.8438 0.0312
381.2500 29.6875 0.4062 0.0312
381.2500 29.6875 0.8438 0.4688
381.2500 29.6875 0.8438 0.0312
118.7500 47.1875 0.9062 0.9688
681.2500 47.1875 0.9062 0.9688
118.7500 64.6875 0.9062 0.9688
118.7500 47.1875 0.3438 0.9688
118.7500 47.1875 0.9062 0.5312
118.7500 64.6875 0.3438 0.5312
681.2500 47.1875 0.3438 0.5312
681.2500 64.6875 0.9062 0.5312
681.2500 64.6875 0.3438 0.9688
681.2500 64.6875 0.3438 0.5312
128.1250 28.5938 0.7031 0.5469
184.3750 28.5938 0.7031 0.5469
128.1250 74.5312 0.7031 0.5469
128.1250 28.5938 0.7969 0.5469
128.1250 28.5938 0.7031 0.6719
128.1250 74.5312 0.7969 0.6719
184.3750 28.5938 0.7969 0.6719
184.3750 74.5312 0.7031 0.6719
184.3750 74.5312 0.7969 0.5469
184.3750 74.5312 0.7969 0.6719
428.1250 63.5938 0.2031 0.0469
484.3750 63.5938 0.2031 0.0469
428.1250 39.5312 0.2031 0.0469
428.1250 63.5938 0.2969 0.0469
428.1250 63.5938 0.2031 0.1719
428.1250 39.5312 0.2969 0.1719
484.3750 63.5938 0.2969 0.1719
484.3750 39.5312 0.2031 0.1719
484.3750 39.5312 0.2969 0.0469
484.3750 39.5312 0.2969 0.1719
578.1250 11.0938 0.9531 0.7969
634.3750 11.0938 0.9531 0.7969
578.1250 22.0312 0.9531 0.7969
578.1250 11.0938 0.5469 0.7969
578.1250 11.0938 0.9531 0.4219
578.1250 22.0312 0.5469 0.4219
634.3750 11.0938 0.5469 0.4219
634.3750 22.0312 0.9531 0.4219
634.3750 22.0312 0.5469 0.7969
634.3750 22.0312 0.5469 0.4219
278.1250 46.0938 0.4531 0.2969
334.3750 46.0938 0.4531 0.2969
278.1250 57.0312 0.4531 0.2969
278.1250 46.0938 0.0469 0.2969
278.1250 46.0938 0.4531 0.9219
278.1250 57.0312 0.0469 0.9219
334.3750 46.0938 0.0469 0.9219
334.3750 57.0312 0.4531 0.9219
334.3750 57.0312 0.0469 0.2969
334.3750 57.0312 0.0469 0.9219
353.1250 19.8438 0.0781 0.4219
259.3750 19.8438 0.0781 0.4219
353.1250 65.7812 0.0781 0.4219
353.1250 19.8438 0.6719 0.4219
353.1250 19.8438 0.0781 0.2969
353.1250 65.7812 0.6719 0.2969
259.3750 19.8438 0.6719 0.2969
259.3750 65.7812 0.0781 0.2969
259.3750 65.7812 0.6719 0.4219
259.3750 65.7812 0.6719 0.2969
653.1250 54.8438 0.5781 0.9219
559.3750 54.8438 0.5781 0.9219
653.1250 30.7812 0.5781 0.9219
653.1250 54.8438 0.1719 0.9219
653.1250 54.8438 0.5781 0.7969
653.1250 30.7812 0.1719 0.7969
559.3750 54.8438 0.1719 0.7969
559.3750 30.7812 0.5781 0.7969
559.3750 30.7812 0.1719 0.9219
559.3750 30.7812 0.1719 0.7969
503.1250 37.3438 0.3281 0.1719
409.3750 37.3438 0.3281 0.1719
503.1250 13.2812 0.3281 0.1719
503.1250 37.3438 0.9219 0.1719
503.1250 37.3438 0.3281 0.5469
503.1250 13.2812 0.9219 0.5469
409.3750 37.3438 0.9219 0.5469
409.3750 13.2812 0.3281 0.5469
409.3750 13.2812 0.9219 0.1719
409.3750 13.2812 0.9219 0.5469
203.1250 72.3438 0.8281 0.6719
109.3750 72.3438 0.8281 0.6719
203.1250 48.2812 0.8281 0.6719
203.1250 72.3438 0.4219 0.6719
203.1250 72.3438 0.8281 0.0469
203.1250 48.2812 0.4219 0.0469
109.3750 72.3438 0.4219 0.0469
109.3750 48.2812 0.8281 0.0469
109.3750 48.2812 0.4219 0.6719
109.3750 48.2812 0.4219 0.0469
240.6250 15.4688 0.2656 0.9844
521.8750 15.4688 0.2656 0.9844
240.6250 61.4062 0.2656 0.9844
240.6250 15.4688 0.7344 0.9844
240.6250 15.4688 0.2656 0.3594
240.6250 61.4062 0.7344 0.3594
521.8750 15.4688 0.7344 0.3594
521.8750 61.4062 0.2656 0.3594
521.8750 61.4062 0.7344 0.9844
521.8750 61.4062 0.7344 0.3594
540.6250 50.4688 0.7656 0.4844
221.8750 50.4688 0.7656 0.4844
540.6250 26.4062 0.7656 0.4844
540.6250 50.4688 0.2344 0.4844
540.6250 50.4688 0.7656 0.8594
540.6250 26.4062 0.2344 0.8594
221.8750 50.4688 0.2344 0.8594
221.8750 26.4062 0.7656 0.8594
221.8750 26.4062 0.2344 0.4844
221.8750 26.4062 0.2344 0.8594
690.6250 32.9688 0.0156 0.7344
371.8750 32.9688 0.0156 0.7344
690.6250 43.9062 0.0156 0.7344
690.6250 32.9688 0.9844 0.7344
690.6250 32.9688 0.0156 0.6094
690.6250 43.9062 0.9844 0.6094
371.8750 32.9688 0.9844 0.6094
371.8750 43.9062 0.0156 0.6094
371.8750 43.9062 0.9844 0.7344
371.8750 43.9062 0.9844 0.6094
390.6250 67.9688 0.5156 0.2344
671.8750 67.9688 0.5156 0.2344
390.6250 78.9062 0.5156 0.2344
390.6250 67.9688 0.4844 0.2344
390.6250 67.9688 0.5156 0.1094
390.6250 78.9062 0.4844 0.1094
671.8750 67.9688 0.4844 0.1094
671.8750 78.9062 0.5156 0.1094
671.8750 78.9062 0.4844 0.2344
671.8750 78.9062 0.4844 0.1094
315.6250 41.7188 0.8906 0.1094
596.8750 41.7188 0.8906 0.1094
315.6250 52.6562 0.8906 0.1094
315.6250 41.7188 0.8594 0.1094
315.6250 41.7188 0.8906 0.7344
315.6250 52.6562 0.8594 0.7344
596.8750 41.7188 0.8594 0.7344
596.8750 52.6562 0.8906 0.7344
596.8750 52.6562 0.8594 0.1094
596.8750 52.6562 0.8594 0.7344
615.6250 76.7188 0.3906 0.6094
296.8750 76.7188 0.3906 0.6094
615.6250 17.6562 0.3906 0.6094
615.6250 76.7188 0.3594 0.6094
615.6250 76.7188 0.3906 0.2344
615.6250 17.6562 0.3594 0.2344
296.8750 76.7188 0.3594 0.2344
296.8750 17.6562 0.3906 0.2344
296.8750 17.6562 0.3594 0.6094
296.8750 17.6562 0.3594 0.2344
465.6250 24.2188 0.6406 0.3594
146.8750 24.2188 0.6406 0.3594
465.6250 35.1562 0.6406 0.3594
465.6250 24.2188 0.6094 0.3594
465.6250 24.2188 0.6406 0.4844
465.6250 35.1562 0.6094 0.4844
146.8750 24.2188 0.6094 0.4844
146.8750 35.1562 0.6406 0.4844
146.8750 35.1562 0.6094 0.3594
146.8750 35.1562 0.6094 0.4844
165.6250 59.2188 0.1406 0.8594
446.8750 59.2188 0.1406 0.8594
165.6250 70.1562 0.1406 0.8594
165.6250 59.2188 0.1094 0.8594
165.6250 59.2188 0.1406 0.9844
165.6250 70.1562 0.1094 0.9844
446.8750 59.2188 0.1094 0.9844
446.8750 70.1562 0.1406 0.9844
446.8750 70.1562 0.1094 0.8594
446.8750 70.1562 0.1094 0.9844
146.8750 26.4062 0.7969 0.1406
353.1250 26.4062 0.7969 0.1406
146.8750 15.4688 0.7969 0.1406
146.8750 26.4062 0.2656 0.1406
146.8750 26.4062 0.7969 0.4531
146.8750 15.4688 0.2656 0.4531
353.1250 26.4062 0.2656 0.4531
353.1250 15.4688 0.7969 0.4531
353.1250 15.4688 0.2656 0.1406
353.1250 15.4688 0.2656 0.4531
446.8750 61.4062 0.2969 0.6406
653.1250 61.4062 0.2969 0.6406
446.8750 50.4688 0.2969 0.6406
446.8750 61.4062 0.7656 0.6406
446.8750 61.4062 0.2969 0.9531
446.8750 50.4688 0.7656 0.9531
653.1250 61.4062 0.7656 0.9531
653.1250 50.4688 0.2969 0.9531
653.1250 50.4688 0.7656 0.6406
653.1250 50.4688 0.7656 0.9531
596.8750 43.9062 0.5469 0.3906
503.1250 43.9062 0.5469 0.3906
596.8750 67.9688 0.5469 0.3906
596.8750 43.9062 0.0156 0.3906
596.8750 43.9062 0.5469 0.7031
596.8750 67.9688 0.0156 0.7031
503.1250 43.9062 0.0156 0.7031
503.1250 67.9688 0.5469 0.7031
503.1250 67.9688 0.0156 0.3906
503.1250 67.9688 0.0156 0.7031
296.8750 78.9062 0.0469 0.8906
203.1250 78.9062 0.0469 0.8906
296.8750 32.9688 0.0469 0.8906
296.8750 78.9062 0.5156 0.8906
296.8750 78.9062 0.0469 0.2031
296.8750 32.9688 0.5156 0.2031
203.1250 78.9062 0.5156 0.2031
203.1250 32.9688 0.0469 0.2031
203.1250 32.9688 0.5156 0.8906
203.1250 32.9688 0.5156 0.2031
371.8750 35.1562 0.4219 0.7656
128.1250 35.1562 0.4219 0.7656
371.8750 24.2188 0.4219 0.7656
371.8750 35.1562 0.1406 0.7656
371.8750 35.1562 0.4219 0.5781
371.8750 24.2188 0.1406 0.5781
128.1250 35.1562 0.1406 0.5781
128.1250 24.2188 0.4219 0.5781
128.1250 24.2188 0.1406 0.7656
128.1250 24.2188 0.1406 0.5781
671.8750 70.1562 0.9219 0.2656
428.1250 70.1562 0.9219 0.2656
671.8750 59.2188 0.9219 0.2656
671.8750 70.1562 0.6406 0.2656
671.8750 70.1562 0.9219 0.0781
671.8750 59.2188 0.6406 0.0781
428.1250 70.1562 0.6406 0.0781
428.1250 59.2188 0.9219 0.0781
428.1250 59.2188 0.6406 0.2656
428.1250 59.2188 0.6406 0.0781
521.8750 17.6562 0.1719 0.5156
578.1250 17.6562 0.1719 0.5156
521.8750 76.7188 0.1719 0.5156
521.8750 17.6562 0.3906 0.5156
521.8750 17.6562 0.1719 0.3281
521.8750 76.7188 0.3906 0.3281
578.1250 17.6562 0.3906 0.3281
578.1250 76.7188 0.1719 0.3281
578.1250 76.7188 0.3906 0.5156
578.1250 76.7188 0.3906 0.3281
221.8750 52.6562 0.6719 0.0156
278.1250 52.6562 0.6719 0.0156
221.8750 41.7188 0.6719 0.0156
221.8750 52.6562 0.8906 0.0156
221.8750 52.6562 0.6719 0.8281
221.8750 41.7188 0.8906 0.8281
278.1250 52.6562 0.8906 0.8281
278.1250 41.7188 0.6719 0.8281
278.1250 41.7188 0.8906 0.0156
278.1250 41.7188 0.8906 0.8281
184.3750 39.5312 0.2344 0.3281
690.6250 39.5312 0.2344 0.3281
184.3750 28.5938 0.2344 0.3281
184.3750 39.5312 0.2031 0.3281
184.3750 39.5312 0.2344 0.5156
184.3750 28.5938 0.2031 0.5156
690.6250 39.5312 0.2031 0.5156
690.6250 28.5938 0.2344 0.5156
690.6250 28.5938 0.2031 0.3281
690.6250 28.5938 0.2031 0.5156
484.3750 74.5312 0.7344 0.8281
390.6250 74.5312 0.7344 0.8281
484.3750 63.5938 0.7344 0.8281
484.3750 74.5312 0.7031 0.8281
484.3750 74.5312 0.7344 0.0156
484.3750 63.5938 0.7031 0.0156
390.6250 74.5312 0.7031 0.0156
390.6250 63.5938 0.7344 0.0156
390.6250 63.5938 0.7031 0.8281
390.6250 63.5938 0.7031 0.0156
634.3750 22.0312 0.4844 0.0781
240.6250 22.0312 0.4844 0.0781
634.3750 46.0938 0.4844 0.0781
634.3750 22.0312 0.4531 0.0781
634.3750 22.0312 0.4844 0.2656
634.3750 46.0938 0.4531 0.2656
240.6250 22.0312 0.4531 0.2656
240.6250 46.0938 0.4844 0.2656
240.6250 46.0938 0.4531 0.0781
240.6250 46.0938 0.4531 0.2656
334.3750 57.0312 0.9844 0.5781
540.6250 57.0312 0.9844 0.5781
334.3750 11.0938 0.9844 0.5781
334.3750 57.0312 0.9531 0.5781
334.3750 57.0312 0.9844 0.7656
334.3750 11.0938 0.9531 0.7656
540.6250 57.0312 0.9531 0.7656
540.6250 11.0938 0.9844 0.7656
540.6250 11.0938 0.9531 0.5781
540.6250 11.0938 0.9531 0.7656
259.3750 13.2812 0.6094 0.7031
465.6250 13.2812 0.6094 0.7031
259.3750 37.3438 0.6094 0.7031
259.3750 13.2812 0.3281 0.7031
259.3750 13.2812 0.6094 0.3906
259.3750 37.3438 0.3281 0.3906
465.6250 13.2812 0.3281 0.3906
465.6250 37.3438 0.6094 0.3906
465.6250 37.3438 0.3281 0.7031
465.6250 37.3438 0.3281 0.3906
559.3750 48.2812 0.1094 0.2031
165.6250 48.2812 0.1094 0.2031
559.3750 72.3438 0.1094 0.2031
559.3750 48.2812 0.8281 0.2031
559.3750 48.2812 0.1094 0.8906
559.3750 72.3438 0.8281 0.8906
165.6250 48.2812 0.8281 0.8906
165.6250 72.3438 0.1094 0.8906
165.6250 72.3438 0.8281 0.2031
165.6250 72.3438 0.8281 0.8906
409.3750 30.7812 0.8594 0.9531
315.6250 30.7812 0.8594 0.9531
409.3750 54.8438 0.8594 0.9531
409.3750 30.7812 0.0781 0.9531
409.3750 30.7812 0.8594 0.6406
409.3750 54.8438 0.0781 0.6406
315.6250 30.7812 0.0781 0.6406
315.6250 54.8438 0.8594 0.6406
315.6250 54.8438 0.0781 0.9531
315.6250 54.8438 0.0781 0.6406
109.3750 65.7812 0.3594 0.4531
615.6250 65.7812 0.3594 0.4531
109.3750 19.8438 0.3594 0.4531
109.3750 65.7812 0.5781 0.4531
109.3750 65.7812 0.3594 0.1406
109.3750 19.8438 0.5781 0.1406
615.6250 65.7812 0.5781 0.1406
615.6250 19.8438 0.3594 0.1406
615.6250 19.8438 0.5781 0.4531
615.6250 19.8438 0.5781 0.1406
114.0625 37.8906 0.8203 0.8359
489.0625 37.8906 0.8203 0.8359
114.0625 41.1719 0.8203 0.8359
114.0625 37.8906 0.6641 0.8359
114.0625 37.8906 0.8203 0.2109
114.0625 41.1719 0.6641 0.2109
489.0625 37.8906 0.6641 0.2109
489.0625 41.1719 0.8203 0.2109
489.0625 41.1719 0.6641 0.8359
489.0625 41.1719 0.6641 0.2109
414.0625 72.8906 0.3203 0.3359
189.0625 72.8906 0.3203 0.3359
414.0625 76.1719 0.3203 0.3359
414.0625 72.8906 0.1641 0.3359
414.0625 72.8906 0.3203 0.7109
414.0625 76.1719 0.1641 0.7109
189.0625 72.8906 0.1641 0.7109
189.0625 76.1719 0.3203 0.7109
189.0625 76.1719 0.1641 0.3359
189.0625 76.1719 0.1641 0.7109
564.0625 20.3906 0.5703 0.5859
339.0625 20.3906 0.5703 0.5859
564.0625 58.6719 0.5703 0.5859
564.0625 20.3906 0.9141 0.5859
564.0625 20.3906 0.5703 0.9609
564.0625 58.6719 0.9141 0.9609
339.0625 20.3906 0.9141 0.9609
339.0625 58.6719 0.5703 0.9609
339.0625 58.6719 0.9141 0.5859
339.0625 58.6719 0.9141 0.9609
264.0625 55.3906 0.0703 0.0859
639.0625 55.3906 0.0703 0.0859
264.0625 23.6719 0.0703 0.0859
264.0625 55.3906 0.4141 0.0859
264.0625 55.3906 0.0703 0.4609
264.0625 23.6719 0.4141 0.4609
639.0625 55.3906 0.4141 0.4609
639.0625 23.6719 0.0703 0.4609
639.0625 23.6719 0.4141 0.0859
639.0625 23.6719 0.4141 0.4609
339.0625 11.6406 0.4453 0.2109
564.0625 11.6406 0.4453 0.2109
339.0625 32.4219 0.4453 0.2109
339.0625 11.6406 0.7891 0.2109
339.0625 11.6406 0.4453 0.8359
339.0625 32.4219 0.7891 0.8359
564.0625 11.6406 0.7891 0.8359
564.0625 32.4219 0.4453 0.8359
564.0625 32.4219 0.7891 0.2109
564.0625 32.4219 0.7891 0.8359
639.0625 46.6406 0.9453 0.7109
264.0625 46.6406 0.9453 0.7109
639.0625 67.4219 0.9453 0.7109
639.0625 46.6406 0.2891 0.7109
639.0625 46.6406 0.9453 0.3359
639.0625 67.4219 0.2891 0.3359
264.0625 46.6406 0.2891 0.3359
264.0625 67.4219 0.9453 0.3359
264.0625 67.4219 0.2891 0.7109
264.0625 67.4219 0.2891 0.3359
489.0625 29.1406 0.1953 0.4609
114.0625 29.1406 0.1953 0.4609
489.0625 49.9219 0.1953 0.4609
489.0625 29.1406 0.5391 0.4609
489.0625 29.1406 0.1953 0.0859
489.0625 49.9219 0.5391 0.0859
114.0625 29.1406 0.5391 0.0859
114.0625 49.9219 0.1953 0.0859
114.0625 49.9219 0.5391 0.4609
114.0625 49.9219 0.5391 0.0859
189.0625 64.1406 0.6953 0.9609
414.0625 64.1406 0.6953 0.9609
189.0625 14.9219 0.6953 0.9609
189.0625 64.1406 0.0391 0.9609
189.0625 64.1406 0.6953 0.5859
189.0625 14.9219 0.0391 0.5859
414.0625 64.1406 0.0391 0.5859
414.0625 14.9219 0.6953 0.5859
414.0625 14.9219 0.0391 0.9609
414.0625 14.9219 0.0391 0.5859
226.5625 24.7656 0.1328 0.6484
226.5625 24.7656 0.1328 0.6484
226.5625 19.2969 0.1328 0.6484
226.5625 24.7656 0.8516 0.6484
226.5625 24.7656 0.1328 0.7734
226.5625 19.2969 0.8516 0.7734
226.5625 24.7656 0.8516 0.7734
226.5625 19.2969 0.1328 0.7734
226.5625 19.2969 0.8516 0.6484
226.5625 19.2969 0.8516 0.7734
526.5625 59.7656 0.6328 0.1484
526.5625 59.7656 0.6328 0.1484
526.5625 54.2969 0.6328 0.1484
526.5625 59.7656 0.3516 0.1484
526.5625 59.7656 0.6328 0.2734
526.5625 54.2969 0.3516 0.2734
526.5625 59.7656 0.3516 0.2734
526.5625 54.2969 0.6328 0.2734
526.5625 54.2969 0.3516 0.1484
526.5625 54.2969 0.3516 0.2734
676.5625 42.2656 0.3828 0.8984
676.5625 42.2656 0.3828 0.8984
676.5625 71.7969 0.3828 0.8984
676.5625 42.2656 0.6016 0.8984
676.5625 42.2656 0.3828 0.0234
676.5625 71.7969 0.6016 0.0234
676.5625 42.2656 0.6016 0.0234
676.5625 71.7969 0.3828 0.0234
676.5625 71.7969 0.6016 0.8984
676.5625 71.7969 0.6016 0.0234
376.5625 77.2656 0.8828 0.3984
376.5625 77.2656 0.8828 0.3984
376.5625 36.7969 0.8828 0.3984
376.5625 77.2656 0.1016 0.3984
376.5625 77.2656 0.8828 0.5234
376.5625 36.7969 0.1016 0.5234
376.5625 77.2656 0.1016 0.5234
376.5625 36.7969 0.8828 0.5234
376.5625 36.7969 0.1016 0.3984
376.5625 36.7969 0.1016 0.5234
301.5625 33.5156 0.5078 0.2734
301.5625 33.5156 0.5078 0.2734
301.5625 10.5469 0.5078 0.2734
301.5625 33.5156 0.7266 0.2734
301.5625 33.5156 0.5078 0.1484
301.5625 10.5469 0.7266 0.1484
301.5625 33.5156 0.7266 0.1484
301.5625 10.5469 0.5078 0.1484
301.5625 10.5469 0.7266 0.2734
301.5625 10.5469 0.7266 0.1484
601.5625 68.5156 0.0078 0.7734
601.5625 68.5156 0.0078 0.7734
601.5625 45.5469 0.0078 0.7734
601.5625 68.5156 0.2266 0.7734
601.5625 68.5156 0.0078 0.6484
601.5625 45.5469 0.2266 0.6484
601.5625 68.5156 0.2266 0.6484
601.5625 45.5469 0.0078 0.6484
601.5625 45.5469 0.2266 0.7734
601.5625 45.5469 0.2266 0.6484
451.5625 16.0156 0.7578 0.0234
451.5625 16.0156 0.7578 0.0234
451.5625 63.0469 0.7578 0.0234
451.5625 16.0156 0.9766 0.0234
451.5625 16.0156 0.7578 0.8984
451.5625 63.0469 0.9766 0.8984
451.5625 16.0156 0.9766 0.8984
451.5625 63.0469 0.7578 0.8984
451.5625 63.0469 0.9766 0.0234
451.5625 63.0469 0.9766 0.8984
151.5625 51.0156 0.2578 0.5234
151.5625 51.0156 0.2578 0.5234
151.5625 28.0469 0.2578 0.5234
151.5625 51.0156 0.4766 0.5234
151.5625 51.0156 0.2578 0.3984
151.5625 28.0469 0.4766 0.3984
151.5625 51.0156 0.4766 0.3984
151.5625 28.0469 0.2578 0.3984
151.5625 28.0469 0.4766 0.5234
151.5625 28.0469 0.4766 0.3984
170.3125 18.2031 0.6641 0.4922
657.8125 18.2031 0.6641 0.4922
170.3125 47.7344 0.6641 0.4922
170.3125 18.2031 0.1328 0.4922
170.3125 18.2031 0.6641 0.9297
170.3125 47.7344 0.1328 0.9297
657.8125 18.2031 0.1328 0.9297
657.8125 47.7344 0.6641 0.9297
657.8125 47.7344 0.1328 0.4922
657.8125 47.7344 0.1328 0.9297
470.3125 53.2031 0.1641 0.9922
357.8125 53.2031 0.1641 0.9922
470.3125 12.7344 0.1641 0.9922
470.3125 53.2031 0.6328 0.9922
470.3125 53.2031 0.1641 0.4297
470.3125 12.7344 0.6328 0.4297
357.8125 53.2031 0.6328 0.4297
357.8125 12.7344 0.1641 0.4297
357.8125 12.7344 0.6328 0.9922
357.8125 12.7344 0.6328 0.4297
620.3125 35.7031 0.9141 0.2422
207.8125 35.7031 0.9141 0.2422
620.3125 30.2344 0.9141 0.2422
620.3125 35.7031 0.3828 0.2422
620.3125 35.7031 0.9141 0.1797
620.3125 30.2344 0.3828 0.1797
207.8125 35.7031 0.3828 0.1797
207.8125 30.2344 0.9141 0.1797
207.8125 30.2344 0.3828 0.2422
207.8125 30.2344 0.3828 0.1797
320.3125 70.7031 0.4141 0.7422
507.8125 70.7031 0.4141 0.7422
320.3125 65.2344 0.4141 0.7422
320.3125 70.7031 0.8828 0.7422
320.3125 70.7031 0.4141 0.6797
320.3125 65.2344 0.8828 0.6797
507.8125 70.7031 0.8828 0.6797
507.8125 65.2344 0.4141 0.6797
507.8125 65.2344 0.8828 0.7422
507.8125 65.2344 0.8828 0.6797
395.3125 44.4531 0.0391 0.6172
432.8125 44.4531 0.0391 0.6172
395.3125 56.4844 0.0391 0.6172
395.3125 44.4531 0.2578 0.6172
395.3125 44.4531 0.0391 0.0547
395.3125 56.4844 0.2578 0.0547
432.8125 44.4531 0.2578 0.0547
432.8125 56.4844 0.0391 0.0547
432.8125 56.4844 0.2578 0.6172
432.8125 56.4844 0.2578 0.0547
695.3125 79.4531 0.5391 0.1172
132.8125 79.4531 0.5391 0.1172
695.3125 21.4844 0.5391 0.1172
695.3125 79.4531 0.7578 0.1172
695.3125 79.4531 0.5391 0.5547
695.3125 21.4844 0.7578 0.5547
132.8125 79.4531 0.7578 0.5547
132.8125 21.4844 0.5391 0.5547
132.8125 21.4844 0.7578 0.1172
132.8125 21.4844 0.7578 0.5547
545.3125 26.9531 0.2891 0.8672
282.8125 26.9531 0.2891 0.8672
545.3125 38.9844 0.2891 0.8672
545.3125 26.9531 0.0078 0.8672
545.3125 26.9531 0.2891 0.8047
545.3125 38.9844 0.0078 0.8047
282.8125 26.9531 0.0078 0.8047
282.8125 38.9844 0.2891 0.8047
282.8125 38.9844 0.0078 0.8672
282.8125 38.9844 0.0078 0.8047
245.3125 61.9531 0.7891 0.3672
582.8125 61.9531 0.7891 0.3672
245.3125 73.9844 0.7891 0.3672
245.3125 61.9531 0.5078 0.3672
245.3125 61.9531 0.7891 0.3047
245.3125 73.9844 0.5078 0.3047
582.8125 61.9531 0.5078 0.3047
582.8125 73.9844 0.7891 0.3047
582.8125 73.9844 0.5078 0.3672
582.8125 73.9844 0.5078 0.3047
207.8125 31.3281 0.3516 0.0547
395.3125 31.3281 0.3516 0.0547
207.8125 69.6094 0.3516 0.0547
207.8125 31.3281 0.3203 0.0547
207.8125 31.3281 0.3516 0.1172
207.8125 69.6094 0.3203 0.1172
395.3125 31.3281 0.3203 0.1172
395.3125 69.6094 0.3516 0.1172
395.3125 69.6094 0.3203 0.0547
395.3125 69.6094 0.3203 0.1172
507.8125 66.3281 0.8516 0.5547
695.3125 66.3281 0.8516 0.5547
507.8125 34.6094 0.8516 0.5547
507.8125 66.3281 0.8203 0.5547
507.8125 66.3281 0.8516 0.6172
507.8125 34.6094 0.8203 0.6172
695.3125 66.3281 0.8203 0.6172
695.3125 34.6094 0.8516 0.6172
695.3125 34.6094 0.8203 0.5547
695.3125 34.6094 0.8203 0.6172
657.8125 13.8281 0.1016 0.3047
545.3125 13.8281 0.1016 0.3047
657.8125 17.1094 0.1016 0.3047
657.8125 13.8281 0.0703 0.3047
657.8125 13.8281 0.1016 0.8672
657.8125 17.1094 0.0703 0.8672
545.3125 13.8281 0.0703 0.8672
545.3125 17.1094 0.1016 0.8672
545.3125 17.1094 0.0703 0.3047
545.3125 17.1094 0.0703 0.8672
357.8125 48.8281 0.6016 0.8047
245.3125 48.8281 0.6016 0.8047
357.8125 52.1094 0.6016 0.8047
357.8125 48.8281 0.5703 0.8047
357.8125 48.8281 0.6016 0.3672
357.8125 52.1094 0.5703 0.3672
245.3125 48.8281 0.5703 0.3672
245.3125 52.1094 0.6016 0.3672
245.3125 52.1094 0.5703 0.8047
245.3125 52.1094 0.5703 0.3672
282.8125 22.5781 0.9766 0.9297
170.3125 22.5781 0.9766 0.9297
282.8125 78.3594 0.9766 0.9297
282.8125 22.5781 0.1953 0.9297
282.8125 22.5781 0.9766 0.9922
282.8125 78.3594 0.1953 0.9922
170.3125 22.5781 0.1953 0.9922
170.3125 78.3594 0.9766 0.9922
170.3125 78.3594 0.1953 0.9297
170.3125 78.3594 0.1953 0.9922
582.8125 57.5781 0.4766 0.4297
470.3125 57.5781 0.4766 0.4297
582.8125 43.3594 0.4766 0.4297
582.8125 57.5781 0.6953 0.4297
582.8125 57.5781 0.4766 0.4922
582.8125 43.3594 0.6953 0.4922
470.3125 57.5781 0.6953 0.4922
470.3125 43.3594 0.4766 0.4922
470.3125 43.3594 0.6953 0.4297
470.3125 43.3594 0.6953 0.4922
432.8125 40.0781 0.7266 0.6797
620.3125 40.0781 0.7266 0.6797
432.8125 25.8594 0.7266 0.6797
432.8125 40.0781 0.4453 0.6797
432.8125 40.0781 0.7266 0.2422
432.8125 25.8594 0.4453 0.2422
620.3125 40.0781 0.4453 0.2422
620.3125 25.8594 0.7266 0.2422
620.3125 25.8594 0.4453 0.6797
620.3125 25.8594 0.4453 0.2422
132.8125 75.0781 0.2266 0.1797
320.3125 75.0781 0.2266 0.1797
132.8125 60.8594 0.2266 0.1797
132.8125 75.0781 0.9453 0.1797
132.8125 75.0781 0.2266 0.7422
132.8125 60.8594 0.9453 0.7422
320.3125 75.0781 0.9453 0.7422
320.3125 60.8594 0.2266 0.7422
320.3125 60.8594 0.9453 0.1797
320.3125 60.8594 0.9453 0.7422
123.4375 19.2969 0.3984 0.3516
404.6875 19.2969 0.3984 0.3516
123.4375 53.2031 0.3984 0.3516
123.4375 19.2969 0.3984 0.3516
123.4375 19.2969 0.3984 0.6016
123.4375 53.2031 0.3984 0.6016
404.6875 19.2969 0.3984 0.6016
404.6875 53.2031 0.3984 0.6016
404.6875 53.2031 0.3984 0.3516
404.6875 53.2031 0.3984 0.6016
423.4375 54.2969 0.8984 0.8516
104.6875 54.2969 0.8984 0.8516
423.4375 18.2031 0.8984 0.8516
423.4375 54.2969 0.8984 0.8516
423.4375 54.2969 0.8984 0.1016
423.4375 18.2031 0.8984 0.1016
104.6875 54.2969 0.8984 0.1016
104.6875 18.2031 0.8984 0.1016
104.6875 18.2031 0.8984 0.8516
104.6875 18.2031 0.8984 0.1016
573.4375 36.7969 0.1484 0.1016
254.6875 36.7969 0.1484 0.1016
573.4375 35.7031 0.1484 0.1016
573.4375 36.7969 0.1484 0.1016
573.4375 36.7969 0.1484 0.3516
573.4375 35.7031 0.1484 0.3516
254.6875 36.7969 0.1484 0.3516
254.6875 35.7031 0.1484 0.3516
254.6875 35.7031 0.1484 0.1016
254.6875 35.7031 0.1484 0.3516
273.4375 71.7969 0.6484 0.6016
554.6875 71.7969 0.6484 0.6016
273.4375 70.7031 0.6484 0.6016
273.4375 71.7969 0.6484 0.6016
273.4375 71.7969 0.6484 0.8516
273.4375 70.7031 0.6484 0.8516
554.6875 71.7969 0.6484 0.8516
554.6875 70.7031 0.6484 0.8516
554.6875 70.7031 0.6484 0.6016
554.6875 70.7031 0.6484 0.8516
348.4375 28.0469 0.7734 0.7266
629.6875 28.0469 0.7734 0.7266
348.4375 61.9531 0.7734 0.7266
348.4375 28.0469 0.0234 0.7266
348.4375 28.0469 0.7734 0.4766
348.4375 61.9531 0.0234 0.4766
629.6875 28.0469 0.0234 0.4766
629.6875 61.9531 0.7734 0.4766
629.6875 61.9531 0.0234 0.7266
629.6875 61.9531 0.0234 0.4766
648.4375 63.0469 0.2734 0.2266
329.6875 63.0469 0.2734 0.2266
648.4375 26.9531 0.2734 0.2266
648.4375 63.0469 0.5234 0.2266
648.4375 63.0469 0.2734 0.9766
648.4375 26.9531 0.5234 0.9766
329.6875 63.0469 0.5234 0.9766
329.6875 26.9531 0.2734 0.9766
329.6875 26.9531 0.5234 0.2266
329.6875 26.9531 0.5234 0.9766
498.4375 10.5469 0.5234 0.9766
179.6875 10.5469 0.5234 0.9766
498.4375 44.4531 0.5234 0.9766
498.4375 10.5469 0.2734 0.9766
498.4375 10.5469 0.5234 0.7266
498.4375 44.4531 0.2734 0.7266
179.6875 10.5469 0.2734 0.7266
179.6875 44.4531 0.5234 0.7266
179.6875 44.4531 0.2734 0.9766
179.6875 44.4531 0.2734 0.7266
198.4375 45.5469 0.0234 0.4766
479.6875 45.5469 0.0234 0.4766
198.4375 79.4531 0.0234 0.4766
198.4375 45.5469 0.7734 0.4766
198.4375 45.5469 0.0234 0.2266
198.4375 79.4531 0.7734 0.2266
479.6875 45.5469 0.7734 0.2266
479.6875 79.4531 0.0234 0.2266
479.6875 79.4531 0.7734 0.4766
479.6875 79.4531 0.7734 0.2266
235.9375 41.1719 0.5859 0.1641
142.1875 41.1719 0.5859 0.1641
235.9375 66.3281 0.5859 0.1641
235.9375 41.1719 0.0859 0.1641
235.9375 41.1719 0.5859 0.4141
235.9375 66.3281 0.0859 0.4141
142.1875 41.1719 0.0859 0.4141
142.1875 66.3281 0.5859 0.4141
142.1875 66.3281 0.0859 0.1641
142.1875 66.3281 0.0859 0.4141
535.9375 76.1719 0.0859 0.6641
442.1875 76.1719 0.0859 0.6641
535.9375 31.3281 0.0859 0.6641
535.9375 76.1719 0.5859 0.6641
535.9375 76.1719 0.0859 0.9141
535.9375 31.3281 0.5859 0.9141
442.1875 76.1719 0.5859 0.9141
442.1875 31.3281 0.0859 0.9141
442.1875 31.3281 0.5859 0.6641
442.1875 31.3281 0.5859 0.9141
685.9375 23.6719 0.8359 0.4141
592.1875 23.6719 0.8359 0.4141
685.9375 13.8281 0.8359 0.4141
685.9375 23.6719 0.3359 0.4141
685.9375 23.6719 0.8359 0.6641
685.9375 13.8281 0.3359 0.6641
592.1875 23.6719 0.3359 0.6641
592.1875 13.8281 0.8359 0.6641
592.1875 13.8281 0.3359 0.4141
592.1875 13.8281 0.3359 0.6641
385.9375 58.6719 0.3359 0.9141
292.1875 58.6719 0.3359 0.9141
385.9375 48.8281 0.3359 0.9141
385.9375 58.6719 0.8359 0.9141
385.9375 58.6719 0.3359 0.1641
385.9375 48.8281 0.8359 0.1641
292.1875 58.6719 0.8359 0.1641
292.1875 48.8281 0.3359 0.1641
292.1875 48.8281 0.8359 0.9141
292.1875 48.8281 0.8359 0.1641
310.9375 14.9219 0.2109 0.7891
367.1875 14.9219 0.2109 0.7891
310.9375 75.0781 0.2109 0.7891
310.9375 14.9219 0.4609 0.7891
310.9375 14.9219 0.2109 0.5391
310.9375 75.0781 0.4609 0.5391
367.1875 14.9219 0.4609 0.5391
367.1875 75.0781 0.2109 0.5391
367.1875 75.0781 0.4609 0.7891
367.1875 75.0781 0.4609 0.5391
610.9375 49.9219 0.7109 0.2891
667.1875 49.9219 0.7109 0.2891
610.9375 40.0781 0.7109 0.2891
610.9375 49.9219 0.9609 0.2891
610.9375 49.9219 0.7109 0.0391
610.9375 40.0781 0.9609 0.0391
667.1875 49.9219 0.9609 0.0391
667.1875 40.0781 0.7109 0.0391
667.1875 40.0781 0.9609 0.2891
667.1875 40.0781 0.9609 0.0391
460.9375 32.4219 0.4609 0.5391
517.1875 32.4219 0.4609 0.5391
460.9375 22.5781 0.4609 0.5391
460.9375 32.4219 0.2109 0.5391
460.9375 32.4219 0.4609 0.2891
460.9375 22.5781 0.2109 0.2891
517.1875 32.4219 0.2109 0.2891
517.1875 22.5781 0.4609 0.2891
517.1875 22.5781 0.2109 0.5391
517.1875 22.5781 0.2109 0.2891
160.9375 67.4219 0.9609 0.0391
217.1875 67.4219 0.9609 0.0391
160.9375 57.5781 0.9609 0.0391
160.9375 67.4219 0.7109 0.0391
160.9375 67.4219 0.9609 0.7891
160.9375 57.5781 0.7109 0.7891
217.1875 67.4219 0.7109 0.7891
217.1875 57.5781 0.9609 0.7891
217.1875 57.5781 0.7109 0.0391
217.1875 57.5781 0.7109 0.7891
142.1875 34.6094 0.1172 0.9453
573.4375 34.6094 0.1172 0.9453
142.1875 37.8906 0.1172 0.9453
142.1875 34.6094 0.9297 0.9453
142.1875 34.6094 0.1172 0.2578
142.1875 37.8906 0.9297 0.2578
573.4375 34.6094 0.9297 0.2578
573.4375 37.8906 0.1172 0.2578
573.4375 37.8906 0.9297 0.9453
573.4375 37.8906 0.9297 0.2578
442.1875 69.6094 0.6172 0.4453
273.4375 69.6094 0.6172 0.4453
442.1875 72.8906 0.6172 0.4453
442.1875 69.6094 0.4297 0.4453
442.1875 69.6094 0.6172 0.7578
442.1875 72.8906 0.4297 0.7578
273.4375 69.6094 0.4297 0.7578
273.4375 72.8906 0.6172 0.7578
273.4375 72.8906 0.4297 0.4453
273.4375 72.8906 0.4297 0.7578
592.1875 17.1094 0.3672 0.6953
123.4375 17.1094 0.3672 0.6953
592.1875 55.3906 0.3672 0.6953
592.1875 17.1094 0.6797 0.6953
592.1875 17.1094 0.3672 0.5078
592.1875 55.3906 0.6797 0.5078
123.4375 17.1094 0.6797 0.5078
123.4375 55.3906 0.3672 0.5078
123.4375 55.3906 0.6797 0.6953
123.4375 55.3906 0.6797 0.5078
292.1875 52.1094 0.8672 0.1953
423.4375 52.1094 0.8672 0.1953
292.1875 20.3906 0.8672 0.1953
292.1875 52.1094 0.1797 0.1953
292.1875 52.1094 0.8672 0.0078
292.1875 20.3906 0.1797 0.0078
423.4375 52.1094 0.1797 0.0078
423.4375 20.3906 0.8672 0.0078
423.4375 20.3906 0.1797 0.1953
423.4375 20.3906 0.1797 0.0078
367.1875 25.8594 0.7422 0.0703
498.4375 25.8594 0.7422 0.0703
367.1875 29.1406 0.7422 0.0703
367.1875 25.8594 0.5547 0.0703
367.1875 25.8594 0.7422 0.6328
367.1875 29.1406 0.5547 0.6328
498.4375 25.8594 0.5547 0.6328
498.4375 29.1406 0.7422 0.6328
498.4375 29.1406 0.5547 0.0703
498.4375 29.1406 0.5547 0.6328
667.1875 60.8594 0.2422 0.5703
198.4375 60.8594 0.2422 0.5703
667.1875 64.1406 0.2422 0.5703
667.1875 60.8594 0.0547 0.5703
667.1875 60.8594 0.2422 0.1328
667.1875 64.1406 0.0547 0.1328
198.4375 60.8594 0.0547 0.1328
198.4375 64.1406 0.2422 0.1328
198.4375 64.1406 0.0547 0.5703
198.4375 64.1406 0.0547 0.1328
517.1875 43.3594 0.9922 0.3203
348.4375 43.3594 0.9922 0.3203
517.1875 46.6406 0.9922 0.3203
517.1875 43.3594 0.8047 0.3203
517.1875 43.3594 0.9922 0.3828
517.1875 46.6406 0.8047 0.3828
348.4375 43.3594 0.8047 0.3828
348.4375 46.6406 0.9922 0.3828
348.4375 46.6406 0.8047 0.3203
348.4375 46.6406 0.8047 0.3828
217.1875 78.3594 0.4922 0.8203
648.4375 78.3594 0.4922 0.8203
217.1875 11.6406 0.4922 0.8203
217.1875 78.3594 0.3047 0.8203
217.1875 78.3594 0.4922 0.8828
217.1875 11.6406 0.3047 0.8828
648.4375 78.3594 0.3047 0.8828
648.4375 11.6406 0.4922 0.8828
648.4375 11.6406 0.3047 0.8203
648.4375 11.6406 0.3047 0.8828
179.6875 12.7344 0.9297 0.5078
310.9375 12.7344 0.9297 0.5078
179.6875 24.7656 0.9297 0.5078
179.6875 12.7344 0.6172 0.5078
179.6875 12.7344 0.9297 0.6953
179.6875 24.7656 0.6172 0.6953
310.9375 12.7344 0.6172 0.6953
310.9375 24.7656 0.9297 0.6953
310.9375 24.7656 0.6172 0.5078
310.9375 24.7656 0.6172 0.6953
479.6875 47.7344 0.4297 0.0078
610.9375 47.7344 0.4297 0.0078
479.6875 59.7656 0.4297 0.0078
479.6875 47.7344 0.1172 0.0078
479.6875 47.7344 0.4297 0.1953
479.6875 59.7656 0.1172 0.1953
610.9375 47.7344 0.1172 0.1953
610.9375 59.7656 0.4297 0.1953
610.9375 59.7656 0.1172 0.0078
610.9375 59.7656 0.1172 0.1953
629.6875 30.2344 0.6797 0.7578
460.9375 30.2344 0.6797 0.7578
629.6875 77.2656 0.6797 0.7578
629.6875 30.2344 0.8672 0.7578
629.6875 30.2344 0.6797 0.4453
629.6875 77.2656 0.8672 0.4453
460.9375 30.2344 0.8672 0.4453
460.9375 77.2656 0.6797 0.4453
460.9375 77.2656 0.8672 0.7578
460.9375 77.2656 0.8672 0.4453
329.6875 65.2344 0.1797 0.2578
160.9375 65.2344 0.1797 0.2578
329.6875 42.2656 0.1797 0.2578
329.6875 65.2344 0.3672 0.2578
329.6875 65.2344 0.1797 0.9453
329.6875 42.2656 0.3672 0.9453
160.9375 65.2344 0.3672 0.9453
160.9375 42.2656 0.1797 0.9453
160.9375 42.2656 0.3672 0.2578
160.9375 42.2656 0.3672 0.9453
254.6875 38.9844 0.3047 0.3828
235.9375 38.9844 0.3047 0.3828
254.6875 16.0156 0.3047 0.3828
254.6875 38.9844 0.9922 0.3828
254.6875 38.9844 0.3047 0.3203
254.6875 16.0156 0.9922 0.3203
235.9375 38.9844 0.9922 0.3203
235.9375 16.0156 0.3047 0.3203
235.9375 16.0156 0.9922 0.3828
235.9375 16.0156 0.9922 0.3203
554.6875 73.9844 0.8047 0.8828
535.9375 73.9844 0.8047 0.8828
554.6875 51.0156 0.8047 0.8828
554.6875 73.9844 0.4922 0.8828
554.6875 73.9844 0.8047 0.8203
554.6875 51.0156 0.4922 0.8203
535.9375 73.9844 0.4922 0.8203
535.9375 51.0156 0.8047 0.8203
535.9375 51.0156 0.4922 0.8828
535.9375 51.0156 0.4922 0.8203
404.6875 21.4844 0.0547 0.1328
685.9375 21.4844 0.0547 0.1328
404.6875 68.5156 0.0547 0.1328
404.6875 21.4844 0.7422 0.1328
404.6875 21.4844 0.0547 0.5703
404.6875 68.5156 0.7422 0.5703
685.9375 21.4844 0.7422 0.5703
685.9375 68.5156 0.0547 0.5703
685.9375 68.5156 0.7422 0.1328
685.9375 68.5156 0.7422 0.5703
104.6875 56.4844 0.5547 0.6328
385.9375 56.4844 0.5547 0.6328
104.6875 33.5156 0.5547 0.6328
104.6875 56.4844 0.2422 0.6328
104.6875 56.4844 0.5547 0.0703
104.6875 33.5156 0.2422 0.0703
385.9375 56.4844 0.2422 0.0703
385.9375 33.5156 0.5547 0.0703
385.9375 33.5156 0.2422 0.6328
385.9375 33.5156 0.2422 0.0703
107.0312 33.2422 0.2930 0.1914
641.4062 33.2422 0.2930 0.1914
107.0312 57.3047 0.2930 0.1914
107.0312 33.2422 0.8633 0.1914
107.0312 33.2422 0.2930 0.2461
107.0312 57.3047 0.8633 0.2461
641.4062 33.2422 0.8633 0.2461
641.4062 57.3047 0.2930 0.2461
641.4062 57.3047 0.8633 0.1914
641.4062 57.3047 0.8633 0.2461
407.0312 68.2422 0.7930 0.6914
341.4062 68.2422 0.7930 0.6914
407.0312 22.3047 0.7930 0.6914
407.0312 68.2422 0.3633 0.6914
407.0312 68.2422 0.7930 0.7461
407.0312 22.3047 0.3633 0.7461
341.4062 68.2422 0.3633 0.7461
341.4062 22.3047 0.7930 0.7461
341.4062 22.3047 0.3633 0.6914
341.4062 22.3047 0.3633 0.7461
557.0312 15.7422 0.0430 0.4414
191.4062 15.7422 0.0430 0.4414
557.0312 39.8047 0.0430 0.4414
557.0312 15.7422 0.6133 0.4414
557.0312 15.7422 0.0430 0.9961
557.0312 39.8047 0.6133 0.9961
191.4062 15.7422 0.6133 0.9961
191.4062 39.8047 0.0430 0.9961
191.4062 39.8047 0.6133 0.4414
191.4062 39.8047 0.6133 0.9961
257.0312 50.7422 0.5430 0.9414
491.4062 50.7422 0.5430 0.9414
257.0312 74.8047 0.5430 0.9414
257.0312 50.7422 0.1133 0.9414
257.0312 50.7422 0.5430 0.4961
257.0312 74.8047 0.1133 0.4961
491.4062 50.7422 0.1133 0.4961
491.4062 74.8047 0.5430 0.4961
491.4062 74.8047 0.1133 0.9414
491.4062 74.8047 0.1133 0.4961
332.0312 24.4922 0.9180 0.8164
416.4062 24.4922 0.9180 0.8164
332.0312 48.5547 0.9180 0.8164
332.0312 24.4922 0.7383 0.8164
332.0312 24.4922 0.9180 0.8711
332.0312 48.5547 0.7383 0.8711
416.4062 24.4922 0.7383 0.8711
416.4062 48.5547 0.9180 0.8711
416.4062 48.5547 0.7383 0.8164
416.4062 48.5547 0.7383 0.8711
632.0312 59.4922 0.4180 0.3164
116.4062 59.4922 0.4180 0.3164
632.0312 13.5547 0.4180 0.3164
632.0312 59.4922 0.2383 0.3164
632.0312 59.4922 0.4180 0.3711
632.0312 13.5547 0.2383 0.3711
116.4062 59.4922 0.2383 0.3711
116.4062 13.5547 0.4180 0.3711
116.4062 13.5547 0.2383 0.3164
116.4062 13.5547 0.2383 0.3711
482.0312 41.9922 0.6680 0.5664
266.4062 41.9922 0.6680 0.5664
482.0312 31.0547 0.6680 0.5664
482.0312 41.9922 0.9883 0.5664
482.0312 41.9922 0.6680 0.1211
482.0312 31.0547 0.9883 0.1211
266.4062 41.9922 0.9883 0.1211
266.4062 31.0547 0.6680 0.1211
266.4062 31.0547 0.9883 0.5664
266.4062 31.0547 0.9883 0.1211
182.0312 76.9922 0.1680 0.0664
566.4062 76.9922 0.1680 0.0664
182.0312 66.0547 0.1680 0.0664
182.0312 76.9922 0.4883 0.0664
182.0312 76.9922 0.1680 0.6211
182.0312 66.0547 0.4883 0.6211
566.4062 76.9922 0.4883 0.6211
566.4062 66.0547 0.1680 0.6211
566.4062 66.0547 0.4883 0.0664
566.4062 66.0547 0.4883 0.6211
219.5312 11.3672 0.7305 0.2539
378.9062 11.3672 0.7305 0.2539
219.5312 79.1797 0.7305 0.2539
219.5312 11.3672 0.6758 0.2539
219.5312 11.3672 0.7305 0.8086
219.5312 79.1797 0.6758 0.8086
378.9062 11.3672 0.6758 0.8086
378.9062 79.1797 0.7305 0.8086
378.9062 79.1797 0.6758 0.2539
378.9062 79.1797 0.6758 0.8086
519.5312 46.3672 0.2305 0.7539
678.9062 46.3672 0.2305 0.7539
519.5312 44.1797 0.2305 0.7539
519.5312 46.3672 0.1758 0.7539
519.5312 46.3672 0.2305 0.3086
519.5312 44.1797 0.1758 0.3086
678.9062 46.3672 0.1758 0.3086
678.9062 44.1797 0.2305 0.3086
678.9062 44.1797 0.1758 0.7539
678.9062 44.1797 0.1758 0.3086
669.5312 28.8672 0.9805 0.0039
528.9062 28.8672 0.9805 0.0039
669.5312 26.6797 0.9805 0.0039
669.5312 28.8672 0.9258 0.0039
669.5312 28.8672 0.9805 0.0586
669.5312 26.6797 0.9258 0.0586
528.9062 28.8672 0.9258 0.0586
528.9062 26.6797 0.9805 0.0586
528.9062 26.6797 0.9258 0.0039
528.9062 26.6797 0.9258 0.0586
369.5312 63.8672 0.4805 0.5039
228.9062 63.8672 0.4805 0.5039
369.5312 61.6797 0.4805 0.5039
369.5312 63.8672 0.4258 0.5039
369.5312 63.8672 0.4805 0.5586
369.5312 61.6797 0.4258 0.5586
228.9062 63.8672 0.4258 0.5586
228.9062 61.6797 0.4805 0.5586
228.9062 61.6797 0.4258 0.5039
228.9062 61.6797 0.4258 0.5586
294.5312 37.6172 0.1055 0.6289
153.9062 37.6172 0.1055 0.6289
294.5312 70.4297 0.1055 0.6289
294.5312 37.6172 0.8008 0.6289
294.5312 37.6172 0.1055 0.1836
294.5312 70.4297 0.8008 0.1836
153.9062 37.6172 0.8008 0.1836
153.9062 70.4297 0.1055 0.1836
153.9062 70.4297 0.8008 0.6289
153.9062 70.4297 0.8008 0.1836
594.5312 72.6172 0.6055 0.1289
453.9062 72.6172 0.6055 0.1289
594.5312 35.4297 0.6055 0.1289
594.5312 72.6172 0.3008 0.1289
594.5312 72.6172 0.6055 0.6836
594.5312 35.4297 0.3008 0.6836
453.9062 72.6172 0.3008 0.6836
453.9062 35.4297 0.6055 0.6836
453.9062 35.4297 0.3008 0.1289
453.9062 35.4297 0.3008 0.6836
444.5312 20.1172 0.3555 0.8789
603.9062 20.1172 0.3555 0.8789
444.5312 17.9297 0.3555 0.8789
444.5312 20.1172 0.5508 0.8789
444.5312 20.1172 0.3555 0.9336
444.5312 17.9297 0.5508 0.9336
603.9062 20.1172 0.5508 0.9336
603.9062 17.9297 0.3555 0.9336
603.9062 17.9297 0.5508 0.8789
603.9062 17.9297 0.5508 0.9336
144.5312 55.1172 0.8555 0.3789
303.9062 55.1172 0.8555 0.3789
144.5312 52.9297 0.8555 0.3789
144.5312 55.1172 0.0508 0.3789
144.5312 55.1172 0.8555 0.4336
144.5312 52.9297 0.0508 0.4336
303.9062 55.1172 0.0508 0.4336
303.9062 52.9297 0.8555 0.4336
303.9062 52.9297 0.0508 0.3789
303.9062 52.9297 0.0508 0.4336
163.2812 22.3047 0.1992 0.5977
510.1562 22.3047 0.1992 0.5977
163.2812 33.2422 0.1992 0.5977
163.2812 22.3047 0.3320 0.5977
163.2812 22.3047 0.1992 0.9023
163.2812 33.2422 0.3320 0.9023
510.1562 22.3047 0.3320 0.9023
510.1562 33.2422 0.1992 0.9023
510.1562 33.2422 0.3320 0.5977
510.1562 33.2422 0.3320 0.9023
463.2812 57.3047 0.6992 0.0977
210.1562 57.3047 0.6992 0.0977
463.2812 68.2422 0.6992 0.0977
463.2812 57.3047 0.8320 0.0977
463.2812 57.3047 0.6992 0.4023
463.2812 68.2422 0.8320 0.4023
210.1562 57.3047 0.8320 0.4023
210.1562 68.2422 0.6992 0.4023
210.1562 68.2422 0.8320 0.0977
210.1562 68.2422 0.8320 0.4023
613.2812 39.8047 0.4492 0.8477
360.1562 39.8047 0.4492 0.8477
613.2812 50.7422 0.4492 0.8477
613.2812 39.8047 0.0820 0.8477
613.2812 39.8047 0.4492 0.1523
613.2812 50.7422 0.0820 0.1523
360.1562 39.8047 0.0820 0.1523
360.1562 50.7422 0.4492 0.1523
360.1562 50.7422 0.0820 0.8477
360.1562 50.7422 0.0820 0.1523
313.2812 74.8047 0.9492 0.3477
660.1562 74.8047 0.9492 0.3477
313.2812 15.7422 0.9492 0.3477
313.2812 74.8047 0.5820 0.3477
313.2812 74.8047 0.9492 0.6523
313.2812 15.7422 0.5820 0.6523
660.1562 74.8047 0.5820 0.6523
660.1562 15.7422 0.9492 0.6523
660.1562 15.7422 0.5820 0.3477
660.1562 15.7422 0.5820 0.6523
388.2812 31.0547 0.5742 0.4727
585.1562 31.0547 0.5742 0.4727
388.2812 41.9922 0.5742 0.4727
388.2812 31.0547 0.2070 0.4727
388.2812 31.0547 0.5742 0.0273
388.2812 41.9922 0.2070 0.0273
585.1562 31.0547 0.2070 0.0273
585.1562 41.9922 0.5742 0.0273
585.1562 41.9922 0.2070 0.4727
585.1562 41.9922 0.2070 0.0273
688.2812 66.0547 0.0742 0.9727
285.1562 66.0547 0.0742 0.9727
688.2812 76.9922 0.0742 0.9727
688.2812 66.0547 0.7070 0.9727
688.2812 66.0547 0.0742 0.5273
688.2812 76.9922 0.7070 0.5273
285.1562 66.0547 0.7070 0.5273
285.1562 76.9922 0.0742 0.5273
285.1562 76.9922 0.7070 0.9727
285.1562 76.9922 0.7070 0.5273
538.2812 13.5547 0.8242 0.2227
135.1562 13.5547 0.8242 0.2227
538.2812 59.4922 0.8242 0.2227
538.2812 13.5547 0.4570 0.2227
538.2812 13.5547 0.8242 0.7773
538.2812 59.4922 0.4570 0.7773
135.1562 13.5547 0.4570 0.7773
135.1562 59.4922 0.8242 0.7773
135.1562 59.4922 0.4570 0.2227
135.1562 59.4922 0.4570 0.7773
238.2812 48.5547 0.3242 0.7227
435.1562 48.5547 0.3242 0.7227
238.2812 24.4922 0.3242 0.7227
238.2812 48.5547 0.9570 0.7227
238.2812 48.5547 0.3242 0.2773
238.2812 24.4922 0.9570 0.2773
435.1562 48.5547 0.9570 0.2773
435.1562 24.4922 0.3242 0.2773
435.1562 24.4922 0.9570 0.7227
435.1562 24.4922 0.9570 0.2773
200.7812 44.1797 0.7617 0.9102
247.6562 44.1797 0.7617 0.9102
200.7812 11.3672 0.7617 0.9102
200.7812 44.1797 0.1445 0.9102
200.7812 44.1797 0.7617 0.0898
200.7812 11.3672 0.1445 0.0898
247.6562 44.1797 0.1445 0.0898
247.6562 11.3672 0.7617 0.0898
247.6562 11.3672 0.1445 0.9102
247.6562 11.3672 0.1445 0.0898
500.7812 79.1797 0.2617 0.4102
547.6562 79.1797 0.2617 0.4102
500.7812 46.3672 0.2617 0.4102
500.7812 79.1797 0.6445 0.4102
500.7812 79.1797 0.2617 0.5898
500.7812 46.3672 0.6445 0.5898
547.6562 79.1797 0.6445 0.5898
547.6562 46.3672 0.2617 0.5898
547.6562 46.3672 0.6445 0.4102
547.6562 46.3672 0.6445 0.5898
650.7812 26.6797 0.5117 0.6602
697.6562 26.6797 0.5117 0.6602
650.7812 63.8672 0.5117 0.6602
650.7812 26.6797 0.3945 0.6602
650.7812 26.6797 0.5117 0.8398
650.7812 63.8672 0.3945 0.8398
697.6562 26.6797 0.3945 0.8398
697.6562 63.8672 0.5117 0.8398
697.6562 63.8672 0.3945 0.6602
697.6562 63.8672 0.3945 0.8398
350.7812 61.6797 0.0117 0.1602
397.6562 61.6797 0.0117 0.1602
350.7812 28.8672 0.0117 0.1602
350.7812 61.6797 0.8945 0.1602
350.7812 61.6797 0.0117 0.3398
350.7812 28.8672 0.8945 0.3398
397.6562 61.6797 0.8945 0.3398
397.6562 28.8672 0.0117 0.3398
397.6562 28.8672 0.8945 0.1602
397.6562 28.8672 0.8945 0.3398
275.7812 17.9297 0.3867 0.0352
322.6562 17.9297 0.3867 0.0352
275.7812 20.1172 0.3867 0.0352
275.7812 17.9297 0.2695 0.0352
275.7812 17.9297 0.3867 0.9648
275.7812 20.1172 0.2695 0.9648
322.6562 17.9297 0.2695 0.9648
322.6562 20.1172 0.3867 0.9648
322.6562 20.1172 0.2695 0.0352
322.6562 20.1172 0.2695 0.9648
575.7812 52.9297 0.8867 0.5352
622.6562 52.9297 0.8867 0.5352
575.7812 55.1172 0.8867 0.5352
575.7812 52.9297 0.7695 0.5352
575.7812 52.9297 0.8867 0.4648
575.7812 55.1172 0.7695 0.4648
622.6562 52.9297 0.7695 0.4648
622.6562 55.1172 0.8867 0.4648
622.6562 55.1172 0.7695 0.5352
622.6562 55.1172 0.7695 0.4648
425.7812 35.4297 0.1367 0.2852
472.6562 35.4297 0.1367 0.2852
425.7812 72.6172 0.1367 0.2852
425.7812 35.4297 0.0195 0.2852
425.7812 35.4297 0.1367 0.2148
425.7812 72.6172 0.0195 0.2148
472.6562 35.4297 0.0195 0.2148
472.6562 72.6172 0.1367 0.2148
472.6562 72.6172 0.0195 0.2852
472.6562 72.6172 0.0195 0.2148
125.7812 70.4297 0.6367 0.7852
172.6562 70.4297 0.6367 0.7852
125.7812 37.6172 0.6367 0.7852
125.7812 70.4297 0.5195 0.7852
125.7812 70.4297 0.6367 0.7148
125.7812 37.6172 0.5195 0.7148
172.6562 70.4297 0.5195 0.7148
172.6562 37.6172 0.6367 0.7148
172.6562 37.6172 0.5195 0.7852
172.6562 37.6172 0.5195 0.7148
135.1562 14.6484 0.9961 0.7383
557.0312 14.6484 0.9961 0.7383
135.1562 27.7734 0.9961 0.7383
135.1562 14.6484 0.0664 0.7383
135.1562 14.6484 0.9961 0.5742
135.1562 27.7734 0.0664 0.5742
557.0312 14.6484 0.0664 0.5742
557.0312 27.7734 0.9961 0.5742
557.0312 27.7734 0.0664 0.7383
557.0312 27.7734 0.0664 0.5742
435.1562 49.6484 0.4961 0.2383
257.0312 49.6484 0.4961 0.2383
435.1562 62.7734 0.4961 0.2383
435.1562 49.6484 0.5664 0.2383
435.1562 49.6484 0.4961 0.0742
435.1562 62.7734 0.5664 0.0742
257.0312 49.6484 0.5664 0.0742
257.0312 62.7734 0.4961 0.0742
257.0312 62.7734 0.5664 0.2383
257.0312 62.7734 0.5664 0.0742
585.1562 32.1484 0.7461 0.9883
107.0312 32.1484 0.7461 0.9883
585.1562 45.2734 0.7461 0.9883
585.1562 32.1484 0.3164 0.9883
585.1562 32.1484 0.7461 0.3242
585.1562 45.2734 0.3164 0.3242
107.0312 32.1484 0.3164 0.3242
107.0312 45.2734 0.7461 0.3242
107.0312 45.2734 0.3164 0.9883
107.0312 45.2734 0.3164 0.3242
285.1562 67.1484 0.2461 0.4883
407.0312 67.1484 0.2461 0.4883
285.1562 10.2734 0.2461 0.4883
285.1562 67.1484 0.8164 0.4883
285.1562 67.1484 0.2461 0.8242
285.1562 10.2734 0.8164 0.8242
407.0312 67.1484 0.8164 0.8242
407.0312 10.2734 0.2461 0.8242
407.0312 10.2734 0.8164 0.4883
407.0312 10.2734 0.8164 0.8242
360.1562 40.8984 0.3711 0.3633
482.0312 40.8984 0.3711 0.3633
360.1562 36.5234 0.3711 0.3633
360.1562 40.8984 0.4414 0.3633
360.1562 40.8984 0.3711 0.4492
360.1562 36.5234 0.4414 0.4492
482.0312 40.8984 0.4414 0.4492
482.0312 36.5234 0.3711 0.4492
482.0312 36.5234 0.4414 0.3633
482.0312 36.5234 0.4414 0.4492
660.1562 75.8984 0.8711 0.8633
182.0312 75.8984 0.8711 0.8633
660.1562 71.5234 0.8711 0.8633
660.1562 75.8984 0.9414 0.8633
660.1562 75.8984 0.8711 0.9492
660.1562 71.5234 0.9414 0.9492
182.0312 75.8984 0.9414 0.9492
182.0312 71.5234 0.8711 0.9492
182.0312 71.5234 0.9414 0.8633
182.0312 71.5234 0.9414 0.9492
510.1562 23.3984 0.1211 0.1133
332.0312 23.3984 0.1211 0.1133
510.1562 54.0234 0.1211 0.1133
510.1562 23.3984 0.1914 0.1133
510.1562 23.3984 0.1211 0.6992
510.1562 54.0234 0.1914 0.6992
332.0312 23.3984 0.1914 0.6992
332.0312 54.0234 0.1211 0.6992
332.0312 54.0234 0.1914 0.1133
332.0312 54.0234 0.1914 0.6992
210.1562 58.3984 0.6211 0.6133
632.0312 58.3984 0.6211 0.6133
210.1562 19.0234 0.6211 0.6133
210.1562 58.3984 0.6914 0.6133
210.1562 58.3984 0.6211 0.1992
210.1562 19.0234 0.6914 0.1992
632.0312 58.3984 0.6914 0.1992
632.0312 19.0234 0.6211 0.1992
632.0312 19.0234 0.6914 0.6133
632.0312 19.0234 0.6914 0.1992
247.6562 27.7734 0.0586 0.8008
294.5312 27.7734 0.0586 0.8008
247.6562 14.6484 0.0586 0.8008
247.6562 27.7734 0.3789 0.8008
247.6562 27.7734 0.0586 0.3867
247.6562 14.6484 0.3789 0.3867
294.5312 27.7734 0.3789 0.3867
294.5312 14.6484 0.0586 0.3867
294.5312 14.6484 0.3789 0.8008
294.5312 14.6484 0.3789 0.3867
547.6562 62.7734 0.5586 0.3008
594.5312 62.7734 0.5586 0.3008
547.6562 49.6484 0.5586 0.3008
547.6562 62.7734 0.8789 0.3008
547.6562 62.7734 0.5586 0.8867
547.6562 49.6484 0.8789 0.8867
594.5312 62.7734 0.8789 0.8867
594.5312 49.6484 0.5586 0.8867
594.5312 49.6484 0.8789 0.3008
594.5312 49.6484 0.8789 0.8867
697.6562 10.2734 0.3086 0.5508
444.5312 10.2734 0.3086 0.5508
697.6562 67.1484 0.3086 0.5508
697.6562 10.2734 0.1289 0.5508
697.6562 10.2734 0.3086 0.6367
697.6562 67.1484 0.1289 0.6367
444.5312 10.2734 0.1289 0.6367
444.5312 67.1484 0.3086 0.6367
444.5312 67.1484 0.1289 0.5508
444.5312 67.1484 0.1289 0.6367
397.6562 45.2734 0.8086 0.0508
144.5312 45.2734 0.8086 0.0508
397.6562 32.1484 0.8086 0.0508
397.6562 45.2734 0.6289 0.0508
397.6562 45.2734 0.8086 0.1367
397.6562 32.1484 0.6289 0.1367
144.5312 45.2734 0.6289 0.1367
144.5312 32.1484 0.8086 0.1367
144.5312 32.1484 0.6289 0.0508
144.5312 32.1484 0.6289 0.1367
322.6562 19.0234 0.6836 0.1758
219.5312 19.0234 0.6836 0.1758
322.6562 23.3984 0.6836 0.1758
322.6562 19.0234 0.0039 0.1758
322.6562 19.0234 0.6836 0.5117
322.6562 23.3984 0.0039 0.5117
219.5312 19.0234 0.0039 0.5117
219.5312 23.3984 0.6836 0.5117
219.5312 23.3984 0.0039 0.1758
219.5312 23.3984 0.0039 0.5117
622.6562 54.0234 0.1836 0.6758
519.5312 54.0234 0.1836 0.6758
622.6562 58.3984 0.1836 0.6758
622.6562 54.0234 0.5039 0.6758
622.6562 54.0234 0.1836 0.0117
622.6562 58.3984 0.5039 0.0117
519.5312 54.0234 0.5039 0.0117
519.5312 58.3984 0.1836 0.0117
519.5312 58.3984 0.5039 0.6758
519.5312 58.3984 0.5039 0.0117
472.6562 36.5234 0.9336 0.4258
669.5312 36.5234 0.9336 0.4258
472.6562 75.8984 0.9336 0.4258
472.6562 36.5234 0.2539 0.4258
472.6562 36.5234 0.9336 0.2617
472.6562 75.8984 0.2539 0.2617
669.5312 36.5234 0.2539 0.2617
669.5312 75.8984 0.9336 0.2617
669.5312 75.8984 0.2539 0.4258
669.5312 75.8984 0.2539 0.2617
172.6562 71.5234 0.4336 0.9258
369.5312 71.5234 0.4336 0.9258
172.6562 40.8984 0.4336 0.9258
172.6562 71.5234 0.7539 0.9258
172.6562 71.5234 0.4336 0.7617
172.6562 40.8984 0.7539 0.7617
369.5312 71.5234 0.7539 0.7617
369.5312 40.8984 0.4336 0.7617
369.5312 40.8984 0.7539 0.9258
369.5312 40.8984 0.7539 0.7617
153.9062 38.7109 0.5273 0.0820
425.7812 38.7109 0.5273 0.0820
153.9062 60.5859 0.5273 0.0820
153.9062 38.7109 0.5977 0.0820
153.9062 38.7109 0.5273 0.2930
153.9062 60.5859 0.5977 0.2930
425.7812 38.7109 0.5977 0.2930
425.7812 60.5859 0.5273 0.2930
425.7812 60.5859 0.5977 0.0820
425.7812 60.5859 0.5977 0.2930
453.9062 73.7109 0.0273 0.5820
125.7812 73.7109 0.0273 0.5820
453.9062 25.5859 0.0273 0.5820
453.9062 73.7109 0.0977 0.5820
453.9062 73.7109 0.0273 0.7930
453.9062 25.5859 0.0977 0.7930
125.7812 73.7109 0.0977 0.7930
125.7812 25.5859 0.0273 0.7930
125.7812 25.5859 0.0977 0.5820
125.7812 25.5859 0.0977 0.7930
603.9062 21.2109 0.7773 0.3320
275.7812 21.2109 0.7773 0.3320
603.9062 43.0859 0.7773 0.3320
603.9062 21.2109 0.8477 0.3320
603.9062 21.2109 0.7773 0.5430
603.9062 43.0859 0.8477 0.5430
275.7812 21.2109 0.8477 0.5430
275.7812 43.0859 0.7773 0.5430
275.7812 43.0859 0.8477 0.3320
275.7812 43.0859 0.8477 0.5430
303.9062 56.2109 0.2773 0.8320
575.7812 56.2109 0.2773 0.8320
303.9062 78.0859 0.2773 0.8320
303.9062 56.2109 0.3477 0.8320
303.9062 56.2109 0.2773 0.0430
303.9062 78.0859 0.3477 0.0430
575.7812 56.2109 0.3477 0.0430
575.7812 78.0859 0.2773 0.0430
575.7812 78.0859 0.3477 0.8320
575.7812 78.0859 0.3477 0.0430
378.9062 12.4609 0.1523 0.9570
650.7812 12.4609 0.1523 0.9570
378.9062 51.8359 0.1523 0.9570
378.9062 12.4609 0.9727 0.9570
378.9062 12.4609 0.1523 0.6680
378.9062 51.8359 0.9727 0.6680
650.7812 12.4609 0.9727 0.6680
650.7812 51.8359 0.1523 0.6680
650.7812 51.8359 0.9727 0.9570
650.7812 51.8359 0.9727 0.6680
678.9062 47.4609 0.6523 0.4570
350.7812 47.4609 0.6523 0.4570
678.9062 16.8359 0.6523 0.4570
678.9062 47.4609 0.4727 0.4570
678.9062 47.4609 0.6523 0.1680
678.9062 16.8359 0.4727 0.1680
350.7812 47.4609 0.4727 0.1680
350.7812 16.8359 0.6523 0.1680
350.7812 16.8359 0.4727 0.4570
350.7812 16.8359 0.4727 0.1680
528.9062 29.9609 0.4023 0.7070
200.7812 29.9609 0.4023 0.7070
528.9062 34.3359 0.4023 0.7070
528.9062 29.9609 0.7227 0.7070
528.9062 29.9609 0.4023 0.4180
528.9062 34.3359 0.7227 0.4180
200.7812 29.9609 0.7227 0.4180
200.7812 34.3359 0.4023 0.4180
200.7812 34.3359 0.7227 0.7070
200.7812 34.3359 0.7227 0.4180
228.9062 64.9609 0.9023 0.2070
500.7812 64.9609 0.9023 0.2070
228.9062 69.3359 0.9023 0.2070
228.9062 64.9609 0.2227 0.2070
228.9062 64.9609 0.9023 0.9180
228.9062 69.3359 0.2227 0.9180
500.7812 64.9609 0.2227 0.9180
500.7812 69.3359 0.9023 0.9180
500.7812 69.3359 0.2227 0.2070
500.7812 69.3359 0.2227 0.9180
191.4062 25.5859 0.4648 0.3945
163.2812 25.5859 0.4648 0.3945
191.4062 73.7109 0.4648 0.3945
191.4062 25.5859 0.9102 0.3945
191.4062 25.5859 0.4648 0.7305
191.4062 73.7109 0.9102 0.7305
163.2812 25.5859 0.9102 0.7305
163.2812 73.7109 0.4648 0.7305
163.2812 73.7109 0.9102 0.3945
163.2812 73.7109 0.9102 0.7305
491.4062 60.5859 0.9648 0.8945
463.2812 60.5859 0.9648 0.8945
491.4062 38.7109 0.9648 0.8945
491.4062 60.5859 0.4102 0.8945
491.4062 60.5859 0.9648 0.2305
491.4062 38.7109 0.4102 0.2305
463.2812 60.5859 0.4102 0.2305
463.2812 38.7109 0.9648 0.2305
463.2812 38.7109 0.4102 0.8945
463.2812 38.7109 0.4102 0.2305
641.4062 43.0859 0.2148 0.1445
613.2812 43.0859 0.2148 0.1445
641.4062 21.2109 0.2148 0.1445
641.4062 43.0859 0.6602 0.1445
641.4062 43.0859 0.2148 0.4805
641.4062 21.2109 0.6602 0.4805
613.2812 43.0859 0.6602 0.4805
613.2812 21.2109 0.2148 0.4805
613.2812 21.2109 0.6602 0.1445
613.2812 21.2109 0.6602 0.4805
341.4062 78.0859 0.7148 0.6445
313.2812 78.0859 0.7148 0.6445
341.4062 56.2109 0.7148 0.6445
341.4062 78.0859 0.1602 0.6445
341.4062 78.0859 0.7148 0.9805
341.4062 56.2109 0.1602 0.9805
313.2812 78.0859 0.1602 0.9805
313.2812 56.2109 0.7148 0.9805
313.2812 56.2109 0.1602 0.6445
313.2812 56.2109 0.1602 0.9805
266.4062 34.3359 0.8398 0.5195
388.2812 34.3359 0.8398 0.5195
266.4062 64.9609 0.8398 0.5195
266.4062 34.3359 0.5352 0.5195
266.4062 34.3359 0.8398 0.3555
266.4062 64.9609 0.5352 0.3555
388.2812 34.3359 0.5352 0.3555
388.2812 64.9609 0.8398 0.3555
388.2812 64.9609 0.5352 0.5195
388.2812 64.9609 0.5352 0.3555
566.4062 69.3359 0.3398 0.0195
688.2812 69.3359 0.3398 0.0195
566.4062 29.9609 0.3398 0.0195
566.4062 69.3359 0.0352 0.0195
566.4062 69.3359 0.3398 0.8555
566.4062 29.9609 0.0352 0.8555
688.2812 69.3359 0.0352 0.8555
688.2812 29.9609 0.3398 0.8555
688.2812 29.9609 0.0352 0.0195
688.2812 29.9609 0.0352 0.8555
416.4062 16.8359 0.5898 0.7695
538.2812 16.8359 0.5898 0.7695
416.4062 12.4609 0.5898 0.7695
416.4062 16.8359 0.7852 0.7695
416.4062 16.8359 0.5898 0.6055
416.4062 12.4609 0.7852 0.6055
538.2812 16.8359 0.7852 0.6055
538.2812 12.4609 0.5898 0.6055
538.2812 12.4609 0.7852 0.7695
538.2812 12.4609 0.7852 0.6055
116.4062 51.8359 0.0898 0.2695
238.2812 51.8359 0.0898 0.2695
116.4062 47.4609 0.0898 0.2695
116.4062 51.8359 0.2852 0.2695
116.4062 51.8359 0.0898 0.1055
116.4062 47.4609 0.2852 0.1055
238.2812 51.8359 0.2852 0.1055
238.2812 47.4609 0.0898 0.1055
238.2812 47.4609 0.2852 0.2695
238.2812 47.4609 0.2852 0.1055
111.7188 23.9453 0.5977 0.9023
252.3438 23.9453 0.5977 0.9023
111.7188 70.9766 0.5977 0.9023
111.7188 23.9453 0.4648 0.9023
111.7188 23.9453 0.5977 0.0352
111.7188 70.9766 0.4648 0.0352
252.3438 23.9453 0.4648 0.0352
252.3438 70.9766 0.5977 0.0352
252.3438 70.9766 0.4648 0.9023
252.3438 70.9766 0.4648 0.0352
411.7188 58.9453 0.0977 0.4023
552.3438 58.9453 0.0977 0.4023
411.7188 35.9766 0.0977 0.4023
411.7188 58.9453 0.9648 0.4023
411.7188 58.9453 0.0977 0.5352
411.7188 35.9766 0.9648 0.5352
552.3438 58.9453 0.9648 0.5352
552.3438 35.9766 0.0977 0.5352
552.3438 35.9766 0.9648 0.4023
552.3438 35.9766 0.9648 0.5352
561.7188 41.4453 0.8477 0.6523
402.3438 41.4453 0.8477 0.6523
561.7188 18.4766 0.8477 0.6523
561.7188 41.4453 0.2148 0.6523
561.7188 41.4453 0.8477 0.7852
561.7188 18.4766 0.2148 0.7852
402.3438 41.4453 0.2148 0.7852
402.3438 18.4766 0.8477 0.7852
402.3438 18.4766 0.2148 0.6523
402.3438 18.4766 0.2148 0.7852
261.7188 76.4453 0.3477 0.1523
102.3438 76.4453 0.3477 0.1523
261.7188 53.4766 0.3477 0.1523
261.7188 76.4453 0.7148 0.1523
261.7188 76.4453 0.3477 0.2852
261.7188 53.4766 0.7148 0.2852
102.3438 76.4453 0.7148 0.2852
102.3438 53.4766 0.3477 0.2852
102.3438 53.4766 0.7148 0.1523
102.3438 53.4766 0.7148 0.2852
336.7188 32.6953 0.2227 0.0273
177.3438 32.6953 0.2227 0.0273
336.7188 79.7266 0.2227 0.0273
336.7188 32.6953 0.0898 0.0273
336.7188 32.6953 0.2227 0.9102
336.7188 79.7266 0.0898 0.9102
177.3438 32.6953 0.0898 0.9102
177.3438 79.7266 0.2227 0.9102
177.3438 79.7266 0.0898 0.0273
177.3438 79.7266 0.0898 0.9102
636.7188 67.6953 0.7227 0.5273
477.3438 67.6953 0.7227 0.5273
636.7188 44.7266 0.7227 0.5273
636.7188 67.6953 0.5898 0.5273
636.7188 67.6953 0.7227 0.4102
636.7188 44.7266 0.5898 0.4102
477.3438 67.6953 0.5898 0.4102
477.3438 44.7266 0.7227 0.4102
477.3438 44.7266 0.5898 0.5273
477.3438 44.7266 0.5898 0.4102
486.7188 15.1953 0.4727 0.2773
627.3438 15.1953 0.4727 0.2773
486.7188 27.2266 0.4727 0.2773
486.7188 15.1953 0.3398 0.2773
486.7188 15.1953 0.4727 0.1602
486.7188 27.2266 0.3398 0.1602
627.3438 15.1953 0.3398 0.1602
627.3438 27.2266 0.4727 0.1602
627.3438 27.2266 0.3398 0.2773
627.3438 27.2266 0.3398 0.1602
186.7188 50.1953 0.9727 0.7773
327.3438 50.1953 0.9727 0.7773
186.7188 62.2266 0.9727 0.7773
186.7188 50.1953 0.8398 0.7773
186.7188 50.1953 0.9727 0.6602
186.7188 62.2266 0.8398 0.6602
327.3438 50.1953 0.8398 0.6602
327.3438 62.2266 0.9727 0.6602
327.3438 62.2266 0.8398 0.7773
327.3438 62.2266 0.8398 0.6602
