603.94128211 0.00000000
604.26525170 0.00000000
607.77516340 0.00000000
603.75419501 0.00000000
600.06303748 0.00000000
603.59303508 0.00000000
603.06498493 0.00000000
601.93845538 0.00000000
607.65015339 0.00000000
604.20674830 0.00000000
605.00565560 0.00000000
606.04935307 0.00000000
603.09684455 0.77648416
603.55572062 0.76602131
603.24467381 0.76672076
603.57588837 0.76929192
604.41794534 0.78172680
603.17449499 0.77074659
603.60849721 0.77252728
604.28414992 0.78145926
604.70204670 0.77565974
602.64232957 0.77224629
603.11500474 0.76521592
603.80473804 0.76763747
603.44469925 0.54536457
603.95430936 0.55759107
603.22774349 0.56536506
603.50156299 0.55734069
604.56384503 0.65347924
602.82744260 0.55562055
604.28445465 0.66252387
604.12279945 0.65272845
604.26568019 0.65647019
603.95656269 0.57110194
604.18158457 0.64036758
603.51242457 0.66068469
604.59482881 0.87796105
604.00004815 0.88943203
604.69382111 0.87371784
602.80134951 0.88387306
602.69507442 0.48761607
603.86115179 0.88808997
602.86721305 0.46321533
604.25833502 0.45743453
603.34881389 0.45734389
604.62924008 0.88368269
602.26302530 0.46678579
602.98078665 0.45701543
603.83476065 0.94504520
603.49713004 0.94749987
604.59185722 0.94549157
604.71235162 0.94096635
603.74401659 0.93770055
603.37252644 0.88667899
603.98587610 0.87158305
605.41250253 0.88255287
604.44536981 0.88215536
603.32530457 0.88799315
603.96009194 0.94433536
602.94838356 0.89556871
604.26074598 0.57170018
602.87847378 0.54127917
603.54133875 0.55783705
603.23570626 0.56183626
603.39938642 0.55217631
603.36710483 0.71170238
603.50294691 0.72336116
604.25224328 0.70902195
604.33107500 0.70489186
603.55861044 0.71803886
604.45985415 0.52763063
603.14613606 0.71952994
604.03296045 0.79280417
603.17459659 0.78429676
604.39031086 0.78714074
604.26904542 0.79424820
605.27093594 0.38272081
604.85619741 0.82838530
603.95932057 0.36633711
603.59846484 0.41705562
603.54286839 0.43253667
603.45652793 0.82868967
603.86566349 0.40357594
603.78486648 0.42230379
604.78166273 0.21852311
603.21278139 0.31548595
604.84661714 0.19969437
604.19572128 0.21578385
602.68346555 0.78257963
602.88394591 0.10655938
604.84982995 0.44937069
604.40033437 0.55605270
603.43868140 0.52258913
604.43437756 0.21630045
603.13200338 0.82413216
603.72064033 0.54953830
604.18343632 0.64821026
604.93015859 0.70027620
604.74645439 0.64341352
605.08154507 0.64963183
603.99840169 0.95995541
604.64611722 0.65862267
603.94976428 0.96483377
603.22386885 0.96944833
604.03463246 0.97220203
604.96606072 0.71160275
603.05435853 0.95831241
603.92187319 0.96658560
603.55644586 0.97134131
603.50422486 0.96846494
604.01171325 0.97187733
604.08574717 0.97007425
604.04128666 0.74908343
604.35635191 0.58223571
603.56932084 0.57034821
604.91869133 0.58362376
603.85891583 0.58495057
603.11148384 0.57532414
602.67808226 0.73948342
602.86035919 0.56505097
604.03600047 0.51688222
604.10967386 0.48870677
603.07008311 0.56447542
604.12676086 0.57227905
604.43427983 0.53780491
603.31646378 0.50659401
603.02595172 0.55904010
603.94909316 0.46511041
603.20011385 0.47248636
604.12663571 0.46846151
603.92458100 0.47097874
604.00209736 0.43739812
603.33834306 0.56835472
603.09556652 0.44572078
603.83453512 0.60039328
603.25440381 0.56333151
603.81771920 0.57713735
603.77874784 0.85044398
604.42080138 0.85539259
604.36439202 0.84005322
603.42306743 0.83634149
603.62671295 0.78945292
600.91779603 0.43694122
603.13569044 0.81272066
604.53306796 0.53008072
603.28692315 0.54049266
603.38559490 0.53937317
604.60077475 0.54218514
603.55182666 0.08388269
604.02068799 0.54061556
603.12349953 0.09505535
604.12981073 0.11509712
603.40034610 0.12768602
603.49379306 0.55488683
603.45336310 0.12069246
603.63550383 0.11032562
604.02200744 0.23453826
604.24556574 0.24208002
604.75188808 0.23173546
604.51829202 0.22823987
604.25873754 0.80641210
603.46048731 0.21445698
604.33917215 0.79188237
604.30273239 0.80630894
603.04704691 0.78371432
604.14629258 0.23098760
603.40314193 0.79528377
604.04468005 0.79281683
603.20263623 0.90850906
603.72481478 0.91155094
604.02307569 0.92225546
604.84466822 0.91494981
603.96799988 0.90889746
604.10247103 0.92013572
604.18434791 0.90824193
603.01253638 0.90794792
604.49474157 0.91681524
603.15777542 0.92086879
604.20056807 0.91678544
603.73446256 0.91495421
602.90451346 0.35149352
604.86890064 0.44226729
604.22999107 0.34337028
605.62976860 0.35578289
601.94665491 0.33580263
605.25996646 0.35936432
602.68689276 0.35747706
603.83147688 0.42943475
602.86253240 0.44453947
604.21539910 0.44458711
603.71386293 0.42650308
603.85213783 0.42915379
604.39457556 0.78493869
602.94114544 0.84795392
604.29519707 0.82336426
603.88896933 0.80138954
604.99222325 0.64129527
605.23794967 0.80977855
602.83284788 0.64426136
603.86857313 0.73411695
602.85911475 0.75754962
604.35414778 0.80925087
603.80066000 0.73086115
603.90519565 0.72769511
602.77404404 0.35755344
603.15432064 0.31755751
603.15691562 0.20105676
604.33637126 0.34212264
605.56438378 0.63555969
604.84401631 0.39590750
604.31885960 0.72607390
603.23184947 0.87691236
604.47455552 0.76135017
603.42454431 0.27497951
604.25567090 0.58475872
603.93921700 0.77254202
603.40075780 0.94855690
604.11670987 0.95210955
603.04060997 0.95891594
603.35238164 0.95493015
604.06362786 0.86720695
604.26909150 0.53982050
603.38365048 0.52852761
604.67702238 0.55095991
604.31160645 0.54466362
605.21078756 0.55702437
602.85538279 0.87676016
603.73479372 0.54211602
602.54410321 0.71824862
603.93611743 0.74146217
603.23888282 0.69785876
604.26083267 0.71038658
603.67004607 0.45721838
605.51012587 0.68880771
603.66990195 0.48017971
603.48821989 0.57117264
604.08412841 0.58544824
604.92322922 0.71852552
604.33102143 0.57407021
604.36908333 0.55463864
603.80906472 0.58763397
602.60634555 0.66433618
603.52664625 0.59934598
603.75896857 0.61029712
601.96768644 0.81663022
604.54582115 0.60242214
603.87261570 0.80066310
604.09132678 0.81702428
605.21579932 0.81202595
603.23433220 0.67693582
603.05425289 0.81002885
603.27055659 0.81481104
602.78526930 0.82598118
604.44557127 0.80412054
605.31416595 0.82475742
604.33332933 0.79173358
603.25064103 0.33427326
603.50063233 0.89804477
603.49423737 0.34091469
603.88513442 0.22424113
603.36672305 0.21712233
603.23960760 0.89714945
604.21928725 0.20099073
604.26138799 0.21289901
603.61927008 0.09559258
603.03669818 0.03494733
604.35603208 0.09509897
604.54343420 0.09087749
603.27035887 0.53829272
603.43801805 0.14110773
603.50515267 0.70772517
603.31816243 0.49908039
602.77345985 0.51237870
603.81782373 0.04006702
603.69228869 0.24923509
604.71250789 0.50800859
602.98976906 0.76006544
604.36202226 0.77610755
603.81070049 0.74339437
604.57851850 0.76823812
604.68901793 0.91766301
604.65400506 0.54162180
604.28608009 0.62295574
604.20708489 0.61000411
604.91756235 0.62043063
603.94000773 0.58826568
603.74570978 0.92925324
604.82116006 0.61951175
605.01939072 0.52515750
604.32687735 0.55526558
603.80772378 0.54756645
603.87424437 0.56312257
604.84704237 0.43236523
604.10893866 0.92647492
603.27843409 0.73027532
603.75825449 0.78536198
604.52777855 0.78531208
604.93712841 0.93192212
603.47198681 0.55538672
603.75526862 0.79283121
603.70253290 0.68369573
603.81535902 0.54211175
604.45202192 0.70224446
604.80198905 0.69813888
604.97391228 0.11327458
604.55121927 0.55402463
603.96311723 0.09814283
604.91397084 0.03583167
604.00858252 0.02412355
601.74106343 0.30215639
604.29241154 0.05291791
603.28316375 0.05021562
603.25012477 0.79891417
602.89944279 0.80748952
604.58999001 0.82116746
603.99054371 0.80814886
604.09126182 0.68162744
603.35906744 0.66620183
603.49123596 0.60286323
604.15427736 0.49461314
604.14493668 0.46921742
603.26488132 0.67520943
603.53549796 0.58904385
604.05099695 0.48482003
603.58227497 0.25930063
604.11986476 0.33202583
604.07955650 0.25010320
603.79756416 0.23125530
603.37003874 0.87266635
604.32031209 0.23998005
602.90472933 0.90372148
602.86463759 0.89653411
601.85304520 0.89708667
604.41850559 0.31748354
604.11123790 0.87753562
603.91016976 0.88939744
603.09169585 0.34911445
603.94740669 0.47187989
603.76202698 0.34659777
605.31139606 0.33420977
605.50790251 0.57376236
603.77222287 0.30510312
602.84454212 0.45997235
603.40868095 0.55536240
603.08789763 0.54045246
603.21249571 0.38033663
602.53216685 0.63675953
605.17590516 0.55483733
603.65217623 0.85820387
605.83752528 0.83365056
604.26997206 0.87301530
603.68340721 0.86593742
604.88941756 0.95169321
603.85898181 0.86575934
603.88920256 0.95592660
602.49477174 0.93496786
604.61694071 0.94734074
602.30236119 0.84046497
603.73043450 0.95953776
604.77285089 0.94830005
603.90223986 0.74045922
602.76718138 0.71331920
604.19481970 0.75755794
603.82586311 0.73517116
602.82772285 0.80975092
604.05126916 0.75918712
603.32130415 0.83083536
603.23824195 0.84622903
604.80449114 0.84829141
603.66579601 0.71003910
603.55633722 0.83817240
604.30159778 0.83668374
602.24531566 0.45312148
603.59715413 0.52813461
603.49253496 0.45841376
603.21394117 0.46675953
603.88410190 0.11366440
602.92658774 0.93046646
607.59601113 0.22952624
603.78813158 0.49832398
603.75614605 0.45119463
603.93775765 0.95475244
603.03353989 0.38074928
603.70843484 0.47435218
603.84848214 0.69496871
604.17226293 0.78860444
604.90501170 0.69645528
605.29891534 0.67932209
605.43425239 0.99267476
605.51349664 0.70018315
603.89960699 0.98857120
603.20805371 0.98247268
603.46177260 0.97499303
603.64478600 0.78201515
602.83333900 0.98061036
603.80744675 0.97986451
602.38976606 0.13428338
604.82593772 0.12198487
602.56809062 0.14280844
605.19954990 0.13679236
603.00916266 0.73710487
603.01228730 0.15146035
604.86279815 0.75012198
603.69898638 0.75991799
605.70993683 0.76681256
605.11945386 0.13509478
603.53861782 0.72763319
603.29946697 0.76360363
603.74876562 0.36356429
604.65776688 0.37580570
603.17458464 0.52827754
603.90679603 0.47569511
602.89990437 0.12390835
604.02761616 0.36783337
604.28258464 0.53624464
605.43109867 0.14561355
604.82031687 0.25601864
603.93266742 0.58340010
604.75641818 0.23263153
603.19947118 0.26118187
604.38048510 0.53594579
604.36746389 0.66436652
604.36157917 0.53867433
604.30626608 0.55512412
602.95472324 0.86675655
604.46612328 0.55745582
605.06288369 0.87683356
603.64873451 0.87794120
604.28540588 0.88233506
602.84638080 0.64972718
603.66108732 0.87968533
603.51027205 0.87822911
603.68680924 0.73126109
603.35532273 0.74095584
602.77864321 0.74333990
603.24288797 0.73059901
602.78072238 0.30452735
604.02391087 0.68517287
602.66498631 0.27036375
603.04103251 0.34614833
603.56424796 0.34899389
604.35197987 0.67105187
603.37659381 0.38787354
603.96311310 0.34261031
603.31022236 0.67389527
602.48379716 0.66003932
602.92861769 0.67125430
603.57108583 0.64546687
602.94172454 0.63455738
603.86368050 0.96221715
603.15276523 0.81548676
602.34578937 0.82016368
603.84919114 0.81315815
604.44674484 0.96590056
604.62681886 0.62942953
604.64076389 0.82779932
603.73050845 0.47298919
606.42130902 0.27330561
604.09236231 0.48515115
603.09869804 0.47349191
602.53251722 0.92982266
603.40855115 0.47884484
602.64382217 0.93529150
604.42599507 0.90858072
602.87120017 0.93839626
602.77003874 0.25196470
604.31255088 0.91771978
605.00236925 0.90532942
602.32464711 0.83587201
603.39844007 0.84644557
604.64218693 0.85142221
603.85726214 0.84374437
603.89846547 0.57291264
604.00373598 0.53504464
602.71277409 0.33966380
603.34970657 0.51104933
603.87503392 0.54401506
602.79857951 0.53508012
604.77597482 0.70572192
603.24806410 0.53617222
606.66389503 0.77843506
602.88537906 0.78900718
603.01362855 0.76449397
605.43777060 0.78928649
604.73282812 0.08370032
603.27991657 0.99221693
603.93354950 0.10519047
603.60792032 0.16940810
603.56700273 0.16353140
602.51833578 0.99333586
605.35905196 0.15289037
603.02055405 0.16677019
603.89750210 0.77699607
604.49844418 0.72463084
604.01141043 0.75853505
603.80498000 0.76700957
602.74272716 0.78674329
603.03304867 0.55723492
603.88314080 0.55418987
604.13788563 0.51768858
606.15320347 0.53954023
603.43432055 0.46522394
603.93424686 0.79534902
605.44822314 0.50299357
603.67035340 0.87559545
604.46307483 0.87674676
603.07251281 0.88223400
603.35957878 0.87535990
604.20273216 0.90458596
602.67818816 0.84208068
603.83052000 0.86405019
604.22995656 0.86563653
604.07033742 0.87716280
604.27807363 0.84502203
602.85835008 0.90961661
602.86775121 0.85285479
603.57305243 0.38262550
603.80394983 0.54651207
603.14218349 0.40912192
603.95233987 0.39283103
603.58852022 0.46181190
602.37975461 0.53597740
603.43648558 0.61669623
603.36225132 0.67499405
602.68187442 0.68479249
604.39688799 0.65154135
603.63650160 0.57412091
603.04367294 0.68271536
603.92611986 0.19682420
604.17487551 0.25582524
603.94970004 0.19181974
604.51718414 0.17164699
603.79497395 0.58889887
603.86890723 0.17828795
604.57066523 0.50483351
604.10730712 0.53430193
603.43730873 0.53825080
603.44396507 0.26413741
604.30940023 0.56262300
603.62921447 0.53228216
603.40390518 0.82142757
604.66338986 0.75828370
603.83698202 0.83593670
603.84631024 0.82498459
602.46324534 0.72674667
603.80534712 0.82747604
603.92955634 0.73517503
603.24144452 0.60041225
603.84298359 0.58056253
604.53097547 0.80038603
602.62347724 0.59494535
605.42019297 0.59219736
604.12891300 0.70213208
602.97725360 0.65846379
603.99697352 0.70669238
605.05125327 0.70453794
604.36792113 0.46469602
602.96551654 0.71107346
603.72336587 0.49021010
602.60724658 0.39332503
602.50428845 0.36553034
603.89248365 0.63508422
603.64059346 0.39165443
604.09284771 0.36528217
604.52704453 0.92282720
603.50114370 0.91150113
604.18544158 0.90986230
603.22964285 0.92421883
603.67498206 0.83495356
603.69307226 0.71730358
600.25605106 0.61499221
603.62474362 0.67517130
603.75481906 0.66202444
602.85471474 0.70263819
604.46062055 0.84402031
603.60015649 0.66190056
603.06181250 0.21964255
603.31818154 0.23695356
605.10520178 0.23076991
604.85606977 0.23230030
604.50258683 0.69682477
604.33284660 0.20054860
604.04380109 0.69499085
603.95413367 0.66282690
603.36237580 0.71297772
602.96394553 0.24058114
604.40724354 0.67084072
604.80692336 0.66657479
602.75925320 0.54057107
603.38308701 0.53611682
603.49838746 0.52684500
602.97701261 0.54155818
603.82045519 0.03970925
605.08071358 0.78306259
602.98041577 0.06354351
603.25465121 0.04863858
603.62985336 0.05883622
603.52813536 0.77929167
603.79907791 0.03697455
604.21297283 0.04411838
603.33161152 0.66790991
604.06170620 0.67704835
603.97412264 0.31750641
604.06515541 0.67227302
603.67835904 0.62637380
604.49780484 0.55152953
604.62727103 0.16395378
603.22255344 0.52718447
603.90990255 0.17360449
603.52927587 0.23580903
603.93550656 0.20318990
604.70531993 0.16685340
603.51355787 0.94603709
603.35029696 0.94561487
604.90337368 0.95362152
603.45300276 0.94611240
603.32232335 0.89313050
603.91314124 0.94699328
604.58882597 0.89167824
604.69709819 0.88675513
605.55740352 0.87593018
603.82483107 0.95063594
604.15285142 0.89447955
604.58981009 0.90438429
603.33922082 0.88993318
603.19531066 0.87389213
603.45676884 0.89089368
602.98292494 0.88884991
604.36865303 0.69591670
604.07439318 0.89321444
603.74593992 0.70852053
603.41227234 0.62582017
603.47175864 0.63036721
603.15527641 0.88577690
606.60234006 0.63148241
603.97476246 0.61576158
602.47820080 0.63611139
604.66954857 0.64965033
604.04670561 0.64278029
603.66587839 0.68702120
603.01816890 0.89338855
603.94554162 0.63629904
603.94314476 0.95374267
602.88295875 0.94508851
603.41847625 0.95327550
603.30357009 0.65328774
603.68299041 0.94279396
603.67138053 0.94970512
604.57729548 0.57831754
603.04183016 0.61443116
603.62882335 0.60040415
604.44360246 0.59027969
602.29995719 0.60319781
603.94587210 0.76388928
603.85598223 0.83738894
603.22150094 0.83963523
603.50194343 0.83644018
603.02995675 0.76954694
603.72038928 0.63050304
603.04878633 0.83173787
604.30156100 0.03369526
602.96880151 0.05089530
602.79539753 0.03665047
603.82506012 0.03601662
605.62824283 0.27169949
604.08592001 0.02220662
602.92907298 0.17777002
604.98826228 0.25924468
604.45162144 0.26999071
603.55497571 0.04804125
604.68339479 0.35737984
602.32725247 0.25752699
602.55745051 0.30172686
605.76387434 0.37755047
604.14687365 0.28391516
605.17721050 0.26312140
604.75817046 0.37785764
603.57969870 0.51012225
603.93215258 0.64617201
603.33540400 0.70104869
603.66750584 0.72149767
604.60560537 0.58046923
604.50701250 0.46735977
604.63693694 0.69739395
604.35980086 0.91956373
603.51845625 0.91233514
603.64663707 0.92124543
604.78998665 0.92596525
604.29482609 0.97580568
602.16201743 0.54161433
603.92764358 0.53537079
602.59364011 0.53246387
604.48185433 0.51620443
602.93163352 0.51638440
604.53147059 0.97471785
603.09033780 0.52657221
604.11609122 0.30286203
603.72141838 0.22280570
603.81359536 0.28753874
604.19268060 0.27726858
604.37038450 0.85818247
603.15295457 0.24067386
603.60528614 0.71892201
603.22252116 0.72610388
604.30900524 0.70266226
604.78693590 0.21233212
604.04005715 0.86848771
602.57922025 0.71216865
605.17187975 0.64341835
606.48548982 0.48356822
603.84023205 0.66642035
604.84950707 0.66421024
603.96577210 0.35560761
603.19763436 0.80744849
601.65439965 0.45689739
606.58278740 0.30697210
604.33592310 0.30459446
603.36858907 0.68292689
605.33445567 0.18249158
604.22722708 0.28137304
602.40625909 0.80747155
604.82032625 0.83374119
603.00666825 0.82584270
603.61124595 0.81460078
604.30373048 0.77690123
604.07300698 0.56585850
603.33763125 0.53913983
603.71595576 0.55550885
604.15917594 0.55577293
604.41742342 0.56063873
604.87273703 0.78471966
603.68861278 0.52915611
603.31822612 0.57284645
604.08341717 0.58690368
604.59599822 0.57233282
604.60569576 0.57009605
603.29312573 0.26620451
603.13842030 0.59556769
604.49509901 0.26518364
603.82006052 0.28477849
603.65203344 0.30532984
603.68013356 0.60684807
604.05484997 0.28933552
604.53895124 0.29625924
604.75306594 0.97393819
603.64137687 0.97746845
603.63750158 0.98013825
603.24641091 0.97622277
603.31733281 0.66304905
603.89163338 0.97718322
603.92240396 0.67336150
604.51789898 0.70603290
603.22314527 0.69061016
603.29535589 0.98155945
603.77343317 0.66917379
604.25891771 0.68629677
603.96067821 0.22887686
603.50154848 0.36959532
603.51290685 0.23569024
603.99002378 0.25132798
602.80771845 0.41656165
605.02204586 0.60470579
605.18346160 0.87197852
602.52646058 0.89346913
603.31577979 0.89961192
604.20213693 0.65912921
602.57646186 0.54146795
603.41525121 0.90237139
603.94210814 0.80558580
602.65743402 0.82559533
603.46155979 0.78357028
602.24162227 0.75473365
606.88747155 0.73226961
602.47353873 0.90067626
604.58227753 0.83033806
605.09229302 0.88383125
603.66246041 0.87540182
604.16006225 0.91324115
604.85005443 0.80728531
605.06290450 0.88381734
604.79796100 0.69008241
603.59660791 0.69806823
602.81389624 0.68329431
604.89955195 0.68495972
602.88573173 0.54887848
603.44978111 0.64474006
603.07224842 0.52057575
603.51335427 0.62413374
603.62627091 0.62783252
604.36290347 0.66143258
603.55941937 0.64144179
604.10336436 0.61440655
603.46760258 0.81668700
604.23540536 0.80504445
603.02927661 0.80866246
602.89122875 0.80647765
602.89790645 0.76239590
603.92966563 0.55164046
603.67361698 0.55143160
603.42068966 0.53996125
603.42451549 0.54417779
603.46831149 0.55387679
603.68049242 0.75922751
602.56709379 0.53520466
605.21508547 0.14418946
603.43878373 0.10065195
604.79610856 0.11417661
605.24054332 0.12007274
603.90817526 0.53486523
603.84817951 0.19858822
603.11753887 0.99594803
603.36413777 0.99631885
604.52755796 0.99692448
606.02119764 0.18175951
603.83154197 0.51653070
601.71685597 0.99569600
604.64919550 0.20841957
603.55068301 0.20454967
602.69040485 0.36664142
603.08333464 0.20780897
604.85394036 0.33267134
606.21448581 0.24013732
603.09448218 0.58550833
602.65732164 0.38557759
604.20124949 0.51808967
604.34245991 0.34687309
602.39682343 0.48131881
604.65688139 0.52437175
604.12420278 0.85802936
603.82917358 0.86283201
604.02357107 0.85956836
603.77033848 0.86645449
603.80854233 0.93377035
604.00930039 0.86215012
603.76026219 0.94074907
604.09711203 0.94147532
603.64277986 0.94016573
603.70923711 0.86355329
603.77495356 0.93337841
603.31667857 0.94617482
603.21852867 0.75147544
604.25404989 0.75221601
604.45050819 0.75306246
604.04351538 0.75082433
603.52631868 0.81603868
603.78599027 0.75547558
603.95174786 0.83614251
602.37525904 0.82905643
603.97367654 0.81840665
603.11382789 0.75860632
603.26329346 0.82206056
602.87937327 0.83023828
604.98283273 0.97737740
603.31006781 0.98497541
602.62408905 0.97888639
603.05642579 0.98588724
602.32376939 0.20712808
605.01263754 0.53313627
604.58571134 0.11127134
602.37649481 0.07987824
603.40043384 0.09380068
600.76727588 0.53360757
604.71544228 0.17631232
602.98812244 0.09755645
604.26461468 0.84774150
604.66223178 0.78544453
605.00689561 0.84424865
604.48006137 0.82700170
602.74947526 0.53430231
604.33673562 0.84690999
604.33844873 0.52192707
603.99373556 0.48287158
603.51611191 0.51379896
604.85957177 0.82237906
602.91354159 0.46556520
605.62174955 0.48554371
603.72270211 0.37348681
603.29496913 0.36932983
603.69795567 0.40047483
603.38184970 0.39394634
603.47660923 0.72124467
604.04572009 0.37105266
603.20965024 0.58368373
603.18092979 0.58086245
605.34388141 0.57731009
603.76863701 0.34247760
603.93352824 0.73011051
604.14141525 0.57872590
603.40838320 0.59757707
603.96087569 0.54160479
603.66775545 0.58534707
603.83947110 0.58782821
603.69295539 0.56295620
604.71131518 0.94483642
603.81198067 0.78230160
604.03490223 0.78182033
603.42831801 0.79502279
604.06344934 0.94053338
604.78496914 0.54685766
603.49872252 0.80047478
604.22066321 0.70468229
603.80406943 0.72829301
603.91116174 0.70840109
603.84498984 0.71054882
603.75164972 0.17369939
602.97342653 0.72213021
604.74933251 0.16916490
604.84187033 0.16016939
604.45608270 0.14599639
602.11913884 0.69880188
603.69709330 0.14590047
603.87252647 0.14408033
605.22602637 0.52382886
605.18872857 0.38724779
603.52876968 0.53610275
603.29746350 0.51715307
604.31995360 0.85323856
603.15671813 0.36211283
604.26281469 0.55622668
602.54225926 0.31241108
604.69278295 0.33917822
602.34047212 0.16331569
603.51280913 0.76804880
604.55290940 0.34081600
604.66555911 0.56624191
604.10858987 0.55726964
604.42482913 0.55438725
604.47473588 0.56127565
603.71978025 0.43107674
604.27700410 0.89132955
604.33221168 0.52075637
603.83967364 0.45186669
604.28821718 0.46023952
604.72079369 0.90111250
604.14521656 0.35037933
603.26249575 0.42945367
603.94537452 0.06943561
603.64428780 0.09226355
603.43028255 0.06852445
604.20755428 0.07821385
603.38014111 0.73290267
604.42958839 0.07559460
603.19219251 0.73357925
604.26914940 0.74222368
603.46159642 0.72852364
604.27961938 0.08502395
604.19485148 0.72908138
603.42264555 0.73382455
603.19940079 0.68137315
603.31335009 0.75998184
604.43541003 0.67698905
602.17239067 0.68745941
602.08176867 0.96821850
602.02917280 0.57218356
602.73308210 0.80455943
603.57037452 0.82419790
604.31041730 0.80551599
603.28701538 0.68344919
604.60702824 0.96593251
604.25968613 0.81719688
604.89926737 0.33114216
605.20439329 0.53516776
604.20027228 0.34865875
604.44522854 0.38764293
604.47766116 0.50253549
603.56878897 0.70215725
604.22143843 0.87476219
604.80477877 0.89095466
603.52432415 0.89198544
603.75754778 0.76937754
603.77769347 0.54877526
605.04274042 0.88890056
603.78803495 0.99376591
603.45476149 0.99890710
602.41489092 0.99632265
604.36735298 0.99602583
603.54563384 0.63906537
604.65320986 0.77044239
602.66703502 0.56953963
603.80178316 0.29284589
601.83726451 0.32079236
602.86566387 0.72980227
602.56309167 0.42077090
603.26141371 0.29090428
604.35195565 0.64868618
602.16359243 0.46834372
604.09920735 0.65215794
604.15304309 0.64410210
604.84161143 0.09633984
603.25222154 0.54673614
603.73559695 0.06468295
604.75039564 0.03752476
602.15594409 0.02876502
605.13141378 0.29544811
603.10984963 0.05555086
603.00278656 0.02784245
603.91494641 0.75891468
604.35299218 0.75774145
604.02675455 0.77104669
604.98964952 0.76938294
604.19242825 0.70346275
604.15927910 0.87447561
603.82963553 0.78937766
603.79839765 0.78153440
604.11272357 0.78291835
604.29840204 0.87673471
604.78060225 0.71309760
604.35234427 0.79161090
604.38257527 0.81753959
603.64226429 0.81594552
603.55100107 0.82001577
604.67536827 0.80376926
604.10210171 0.37705922
604.03245178 0.80568991
604.57232639 0.37169513
604.72188367 0.41460642
604.07297031 0.44367318
603.70324573 0.80206236
604.05088142 0.42617755
603.88333288 0.42424601
604.98168737 0.41559979
601.90830069 0.22862159
604.38622347 0.41996325
603.07679358 0.40855848
604.22167881 0.83787174
603.53718605 0.41265270
604.51494082 0.83799638
601.64123507 0.82912705
602.74361954 0.81579493
602.83783331 0.21246158
604.53818429 0.84395190
604.98561938 0.79691729
604.75659064 0.93615497
604.53722334 0.94224918
602.93858016 0.55846810
603.97903524 0.93569834
603.04739750 0.94987931
604.36351980 0.93494636
604.14726879 0.49998118
604.89557901 0.95363363
603.18388892 0.63503829
604.05785564 0.59243105
604.54782942 0.63302021
603.26674127 0.60490799
603.58119490 0.40753236
604.52696012 0.57937490
603.17628158 0.40063909
603.30717121 0.42084770
602.98688222 0.44045792
604.36233318 0.38481735
602.41621132 0.41363206
603.96502727 0.55765806
603.11055620 0.57133117
603.22121319 0.56735806
603.25908707 0.59554686
603.73303512 0.57498272
603.73403978 0.11715599
604.63109651 0.20360101
603.75381644 0.10773109
604.72616848 0.10854909
602.67309982 0.36417977
605.82657439 0.10641762
604.08335614 0.39909955
604.21473331 0.59390153
603.42195494 0.60162621
603.37558655 0.21444296
603.86466259 0.59742460
603.73733940 0.59505077
604.22977281 0.54213765
603.22983824 0.52178182
604.66275396 0.53977729
603.57218665 0.54895706
604.60405856 0.53364737
602.91322687 0.53388194
603.02286631 0.53613464
604.91906415 0.53261213
604.25795814 0.53802706
604.99560382 0.53780428
603.99236943 0.53189072
603.03487911 0.56698466
604.53276614 0.58391527
605.14064273 0.35569429
603.76000005 0.60191375
603.99427356 0.49033643
604.08202677 0.66487405
603.89980197 0.62592866
604.36723262 0.83975810
603.95037736 0.86985137
602.44605732 0.88719627
605.02048893 0.42320252
600.55780956 0.71192343
604.45343856 0.87072707
602.66392834 0.90948920
602.66215599 0.91352124
603.32340273 0.90062355
604.09744158 0.90344851
603.98152669 0.74886532
602.38771656 0.91722794
603.27739126 0.76554355
602.44290465 0.76382077
604.87680125 0.75916670
603.38332242 0.91700966
603.83471784 0.75484019
604.23790700 0.76161739
605.46468408 0.97032921
603.00569567 0.90615264
603.54392849 0.96467222
603.93353015 0.96937870
604.43497071 0.92637218
603.88430614 0.64724056
603.36537071 0.64916902
604.82454636 0.61350237
604.35862242 0.62591024
604.37685842 0.62339513
604.19197507 0.86716854
604.24738281 0.61023927
602.92906223 0.72770384
603.66218336 0.71729525
603.96876876 0.71719041
604.20080866 0.71286530
603.91161030 0.66755620
603.82358668 0.75225310
603.81445797 0.71149884
604.27797482 0.66078524
603.57795341 0.66238936
603.14387782 0.72026047
605.18661995 0.61678091
603.39503393 0.64771165
603.61717807 0.55264437
602.46686080 0.52863099
603.70233387 0.54774824
602.36857799 0.54756127
604.38025198 0.19185371
604.11554633 0.86232702
603.54618605 0.26206354
603.25878174 0.21930023
601.79061343 0.19851857
604.38455874 0.84234411
602.47868880 0.10903878
604.72529508 0.17851411
604.40562452 0.32307038
604.51185147 0.51053556
603.31243012 0.28395302
602.86398110 0.27995094
603.43497292 0.72779065
604.21902256 0.27607100
605.50135314 0.71797794
602.74372852 0.81242324
604.06080794 0.81353952
603.02342584 0.52317618
604.41417640 0.81677646
603.13416885 0.79911122
604.09855763 0.50389425
604.43233558 0.70090849
603.88798430 0.50549890
604.70873394 0.50867238
603.44652895 0.38120616
603.85389100 0.48069390
605.07720167 0.34992935
603.11759530 0.60995638
603.87100172 0.60188089
604.90748692 0.69792129
603.84335885 0.61209536
602.36276743 0.61755378
603.05220083 0.92695671
604.09622659 0.94205484
603.95312790 0.93832227
603.63896570 0.92786181
604.59457552 0.87847846
603.93263485 0.91816543
604.01195395 0.87981998
604.67283549 0.84597517
604.73665842 0.86388053
604.30690540 0.90928502
605.75062836 0.87545001
603.92387223 0.86069146
603.88570929 0.35524358
603.86416907 0.23100585
604.13044479 0.34868299
603.30650386 0.33835249
603.36121654 0.78284371
605.13149885 0.26892237
603.39703399 0.57133083
604.46023096 0.54308434
603.53905455 0.53804952
604.04255810 0.16690771
605.97789848 0.77886910
603.72637211 0.54299597
604.05098369 0.60989507
603.50292667 0.63585806
605.44130980 0.62535583
604.45862712 0.61966976
603.46616943 0.01562661
603.14045994 0.79632897
604.00919596 0.02101055
604.11846117 0.03484288
604.02032404 0.03115710
604.01833357 0.81792996
604.33216197 0.02772756
603.56544509 0.03266067
