0.00000000 300.20000000
0.00000000 300.20000000
0.00000000 300.20000000
0.00000000 300.20000000
0.00000000 300.20000000
0.00000000 300.20000000
0.00000000 300.20000000
0.00000000 300.20000000
0.00000000 300.20000000
0.00000000 300.20000000
0.53750000 389.00000000
0.53400000 389.00000000
0.54250000 389.00000000
0.52250000 389.00000000
0.52200000 389.00000000
0.53800000 389.00000000
0.53000000 389.00000000
0.54050000 389.00000000
0.54000000 389.00000000
0.55650000 389.00000000
0.53600000 898.30000000
0.53127273 898.30000000
0.54727273 917.50000000
0.53527273 898.30000000
0.53309091 368.40000000
0.54436364 368.60000000
0.53418182 368.40000000
0.54436364 368.60000000
0.53927273 917.50000000
0.53200000 368.60000000
0.52160000 167.90000000
0.55920000 167.90000000
0.56560000 167.20000000
0.49840000 167.90000000
0.54480000 419.60000000
0.52480000 403.90000000
0.53440000 419.60000000
0.55520000 403.90000000
0.54080000 167.20000000
0.53760000 403.90000000
0.54714080 185.50000000
0.54278573 185.50000000
0.51813603 186.40000000
0.53911611 187.80000000
0.52181322 185.50000000
0.54209271 185.10000000
0.52436946 187.80000000
0.54032038 186.40000000
0.52860335 185.10000000
0.55445353 185.10000000
0.53759626 785.30000000
0.53151266 785.30000000
0.55041370 778.80000000
0.52801671 783.50000000
0.52928135 785.30000000
0.52064492 782.30000000
0.52701729 783.50000000
0.53440546 778.80000000
0.52544544 782.30000000
0.52351315 782.30000000
0.53854200 376.80000000
0.52467645 376.80000000
0.52549551 375.80000000
0.54021203 378.20000000
0.54312130 1039.10000000
0.54818459 1050.60000000
0.56548594 1039.60000000
0.53853491 1040.40000000
0.52842251 372.60000000
0.53768039 1050.60000000
0.50382706 375.80000000
0.51317921 375.80000000
0.50974399 378.70000000
0.52125131 384.00000000
0.49601620 138.40000000
0.51321839 142.00000000
0.54856322 135.70000000
0.54175810 143.30000000
0.52595350 384.90000000
0.49239812 142.00000000
0.50982190 237.50000000
0.53382137 479.80000000
0.53338917 237.50000000
0.54099806 242.00000000
0.52026098 113.40000000
0.54661435 112.80000000
0.54569561 231.30000000
0.54847304 233.00000000
0.52012693 474.70000000
0.53565833 231.30000000
0.53533712 272.10000000
0.50731032 72.80000000
0.53103417 272.10000000
0.52280520 273.60000000
0.54270732 563.70000000
0.53571407 554.50000000
0.50713981 154.00000000
0.49426684 160.80000000
0.48118073 75.30000000
0.51462063 154.00000000
0.53849598 1281.80000000
0.53200758 554.30000000
0.53699268 1247.90000000
0.55086540 1265.80000000
0.54272559 1281.80000000
0.53728206 1255.40000000
0.50907634 540.60000000
0.53195416 543.50000000
0.55702214 547.60000000
0.54934441 547.60000000
0.53669176 257.60000000
0.55716840 422.80000000
0.53721996 260.90000000
0.49803898 268.50000000
0.53229312 257.60000000
0.53173760 266.00000000
0.52313273 420.00000000
0.52045112 420.60000000
0.52688352 424.30000000
0.53979592 424.30000000
0.53901030 253.90000000
0.51251410 579.90000000
0.51944930 248.90000000
0.52641803 247.50000000
0.52508256 738.40000000
0.41936674 740.30000000
0.55538347 1704.20000000
0.54512612 1716.10000000
0.52973920 576.60000000
0.54906181 1710.70000000
0.55751898 1508.00000000
0.53117297 925.00000000
0.53710617 1504.30000000
0.54253790 1503.60000000
0.53303499 505.10000000
0.52790741 510.00000000
0.54496388 322.10000000
0.53885921 322.40000000
0.55269868 934.30000000
0.53502216 318.80000000
0.53517029 267.60000000
0.50140187 129.00000000
0.55757195 268.10000000
0.52555821 268.80000000
0.52426166 267.60000000
0.53749529 268.30000000
0.57756128 131.40000000
0.50802328 130.00000000
0.53153765 131.10000000
0.53621936 131.10000000
0.44635550 202.70000000
0.52007387 736.50000000
0.50865303 202.20000000
0.50720375 202.70000000
0.50291986 202.70000000
0.50283461 193.10000000
0.51267783 728.40000000
0.52050553 732.30000000
0.53142631 743.30000000
0.53686162 743.30000000
0.50064914 119.40000000
0.54244334 206.00000000
0.52489451 119.00000000
0.53774748 121.50000000
0.58777994 90.50000000
0.52888673 93.50000000
0.50143173 159.10000000
0.51644555 160.70000000
0.52617468 207.40000000
0.53573798 158.60000000
0.54362407 922.80000000
0.53762664 1163.90000000
0.53528116 926.90000000
0.53572933 919.40000000
0.53746840 600.10000000
0.53705853 615.30000000
0.54395849 743.40000000
0.52247467 752.70000000
0.54891648 1159.10000000
0.52459970 758.60000000
0.52194285 334.40000000
0.51431533 231.20000000
0.54898059 334.40000000
0.54898385 334.20000000
0.52954772 1455.30000000
0.56219385 1426.90000000
0.54011620 995.80000000
0.54820005 1000.10000000
0.54824106 230.30000000
0.56205969 995.80000000
0.49705882 351.80000000
0.47138418 136.90000000
0.52841015 351.80000000
0.50028011 358.30000000
0.53885918 261.90000000
0.53564214 253.00000000
0.46454802 100.80000000
0.47649718 98.20000000
0.39559322 139.50000000
0.43076271 100.80000000
0.52938275 586.70000000
0.53460052 290.70000000
0.54403141 579.60000000
0.52308625 587.20000000
0.52050978 663.80000000
0.53513916 666.00000000
0.52525773 358.20000000
0.50676546 349.40000000
0.53456830 295.00000000
0.52623497 354.10000000
0.54246507 503.40000000
0.53623153 317.50000000
0.52054511 495.80000000
0.52915991 481.46666667
0.53543787 533.40000000
0.53561095 509.80000000
0.52289260 340.80000000
0.53746256 344.70000000
0.52328594 310.20000000
0.53991146 339.40000000
0.53955455 1477.60000000
0.53836613 1781.90000000
0.54068804 1485.80000000
0.52521209 1481.60000000
0.51846077 274.40000000
0.53237197 275.90000000
0.52780616 332.10000000
0.54924924 333.10000000
0.55359320 1790.40000000
0.54115052 332.70000000
0.54758621 210.60000000
0.54161227 325.10000000
0.55014993 209.40000000
0.54501499 212.90000000
0.53628186 235.80000000
0.55528486 241.70000000
0.55027880 357.90000000
0.53519652 355.80000000
0.53459812 319.90000000
0.53110295 356.10000000
0.52935997 114.20000000
0.53843147 356.30000000
0.54689648 116.00000000
0.54998926 116.00000000
0.49018471 393.70000000
0.53655498 402.20000000
0.53448628 1251.20000000
0.52755558 1240.30000000
0.53052154 360.80000000
0.54568134 1247.20000000
0.54516310 662.70000000
0.52122485 411.60000000
0.51355123 656.00000000
0.56014450 650.00000000
0.53140779 369.00000000
0.54027353 372.10000000
0.53360920 235.70000000
0.52970461 229.80000000
0.53040489 409.30000000
0.55910364 232.50000000
0.52562160 536.70000000
0.49297306 130.80000000
0.52874848 536.70000000
0.53650278 531.10000000
0.52842631 354.60000000
0.52749947 357.90000000
0.49814995 87.10000000
0.52369361 86.30000000
0.53510224 127.70000000
0.51973385 87.10000000
0.51365769 830.10000000
0.55326936 1086.50000000
0.53288454 830.10000000
0.53458452 811.60000000
0.53871209 391.10000000
0.52528900 392.50000000
0.54100973 537.20000000
0.55236919 540.00000000
0.53264767 1075.90000000
0.54976634 537.20000000
0.51707573 467.40000000
0.52562633 927.00000000
0.53938087 461.70000000
0.53119956 475.30000000
0.55653400 170.70000000
0.52160310 171.40000000
0.51543481 334.70000000
0.55007944 334.40000000
0.53500780 926.50000000
0.53276068 340.70000000
0.54115765 387.70000000
0.52335832 159.60000000
0.53302817 389.40000000
0.53234248 395.50000000
0.53374846 849.10000000
0.54217569 875.40000000
0.48708396 359.40000000
0.53805847 345.40000000
0.51805847 159.90000000
0.50683658 346.30000000
0.52100478 428.90000000
0.55559934 389.10000000
0.54111643 427.70000000
0.52909774 437.30000000
0.52871269 1171.60000000
0.54202096 1162.00000000
0.53726646 1055.50000000
0.54931386 1056.00000000
0.52936071 394.50000000
0.52464866 1066.10000000
0.45274011 61.70000000
0.53817032 354.46666667
0.45098870 61.60000000
0.45466102 61.30000000
0.47468927 108.00000000
0.49819209 112.90000000
0.52211949 662.66666667
0.52995285 593.00000000
0.51938301 425.66666667
0.53211719 658.26666667
0.50937500 117.90000000
0.53581113 172.30000000
0.48906250 116.10000000
0.49375000 110.60000000
0.47500000 93.80000000
0.48125000 93.50000000
0.55516597 138.90000000
0.51856007 137.50000000
0.53471248 169.90000000
0.50971248 134.00000000
0.52149533 1145.20000000
0.53344047 1294.60000000
0.54345794 1150.70000000
0.54205607 1146.60000000
0.53644860 847.30000000
0.53785047 858.00000000
0.52021562 970.30000000
0.55244363 965.40000000
0.55533279 1307.00000000
0.54207564 958.30000000
0.53010381 366.00000000
0.52490526 398.90000000
0.53979239 364.50000000
0.55743945 360.80000000
0.53667820 669.70000000
0.51522491 659.40000000
0.51670932 726.70000000
0.52458683 725.00000000
0.52490626 396.20000000
0.52931076 722.90000000
0.54244604 406.10000000
0.53946393 483.00000000
0.54604317 407.60000000
0.51366906 411.70000000
0.50791367 151.00000000
0.55251799 150.00000000
0.52571999 182.00000000
0.52094026 181.20000000
0.54123182 499.20000000
0.54488879 181.20000000
0.52117360 407.80000000
0.54898032 289.50000000
0.52355547 404.60000000
0.52573832 396.80000000
0.52407229 523.60000000
0.52803993 515.00000000
0.52431127 377.90000000
0.53125224 373.50000000
0.53750745 302.30000000
0.53507454 370.60000000
0.52555768 353.70000000
0.53057860 303.30000000
0.54119810 355.70000000
0.51271365 351.80000000
0.54332752 402.90000000
0.54059399 410.50000000
0.52911290 348.40000000
0.52590374 345.20000000
0.53734767 306.20000000
0.52339478 346.20000000
0.55546070 975.10000000
0.54858202 810.30000000
0.52205464 991.00000000
0.52525138 985.00000000
0.52485455 446.30000000
0.50296908 455.60000000
0.53928264 375.40000000
0.53002152 365.50000000
0.52174797 793.20000000
0.52270206 365.00000000
0.55562997 151.90000000
0.43707071 81.00000000
0.53416812 150.30000000
0.54389439 148.80000000
0.49946612 533.90000000
0.46894778 545.50000000
0.32171717 292.00000000
0.31468013 288.90000000
0.42771044 79.30000000
0.33447811 287.60000000
0.54954545 122.80000000
0.53333333 264.90000000
0.51873967 122.50000000
0.53360193 122.00000000
0.54364325 313.30000000
0.55029614 310.00000000
0.53256705 663.40000000
0.53601533 679.60000000
0.53601533 265.50000000
0.52375479 673.10000000
0.52019270 536.90000000
0.52792793 227.40000000
0.51758098 531.50000000
0.53089381 541.40000000
0.55009840 315.60000000
0.51976630 315.40000000
0.55675676 127.80000000
0.51081081 128.80000000
0.53243243 219.20000000
0.53783784 132.40000000
0.44192176 773.26666667
0.50215054 252.00000000
0.45543604 775.86666667
0.52838234 446.53333333
0.45080618 845.60000000
0.53783977 515.00000000
0.53870968 297.90000000
0.53225806 300.60000000
0.52311828 256.60000000
0.51612903 302.40000000
0.53561224 648.60000000
0.53245676 1081.20000000
0.55710361 659.90000000
0.53510727 661.20000000
0.53915751 878.30000000
0.52734694 898.50000000
0.53343284 1404.33333333
0.54574035 1392.66666667
0.54037965 1072.86666667
0.54136816 1403.73333333
0.54876643 717.60000000
0.52429912 1362.20000000
0.52401838 723.20000000
0.55066919 715.90000000
0.53233895 216.70000000
0.51082399 216.10000000
0.51558663 408.00000000
0.52898364 405.80000000
0.52496016 1364.40000000
0.53065924 402.60000000
0.54223000 500.60000000
0.54542899 240.90000000
0.53704154 499.50000000
0.52335970 500.20000000
0.52663924 1051.30000000
0.51689898 1051.60000000
0.51651551 492.50000000
0.53131689 510.60000000
0.55020406 238.80000000
0.52519499 504.00000000
0.53352819 602.90000000
0.55649759 201.90000000
0.51720068 605.50000000
0.53221104 616.60000000
0.52532559 465.90000000
0.55798986 463.70000000
0.53593114 158.10000000
0.53589411 153.20000000
0.49774158 201.90000000
0.52515735 149.20000000
0.49879518 98.20000000
0.53114790 257.10000000
0.50473112 97.60000000
0.48552748 97.30000000
0.48319130 84.00000000
0.50248310 83.90000000
0.54674688 227.90000000
0.51634169 228.00000000
0.54184017 261.70000000
0.52128043 227.60000000
0.47480563 319.70000000
0.55978428 746.50000000
0.49396520 312.10000000
0.44637171 307.50000000
0.55779341 157.40000000
0.52213995 160.20000000
0.53994607 366.40000000
0.54050462 388.00000000
0.55580380 768.40000000
0.52291667 358.10000000
0.53017297 347.90000000
0.52493762 505.40000000
0.54226858 347.00000000
0.54494315 347.20000000
0.53647301 233.30000000
0.51541680 234.10000000
0.53109323 342.70000000
0.52557551 344.40000000
0.53844206 505.40000000
0.52588132 342.10000000
0.52430585 726.60000000
0.51688484 609.90000000
0.54271285 734.60000000
0.54940518 722.00000000
0.55643308 420.60000000
0.53567372 418.70000000
0.54713211 354.80000000
0.52800702 355.40000000
0.52248625 623.00000000
0.54429899 354.60000000
0.55088427 163.00000000
0.47495632 114.60000000
0.51923182 166.80000000
0.55620352 167.00000000
0.52790223 542.90000000
0.54276710 545.20000000
0.54678703 372.00000000
0.41190060 362.00000000
0.53977868 115.20000000
0.51136672 369.60000000
0.52956989 242.30000000
0.50937500 83.40000000
0.50913978 245.50000000
0.53817204 242.60000000
0.54139785 311.60000000
0.52526882 316.10000000
0.39843750 110.20000000
0.49843750 114.80000000
0.44062500 82.80000000
0.39843750 109.80000000
0.52788202 954.60000000
0.53971963 668.80000000
0.54256633 961.26666667
0.52331320 967.40000000
0.54673004 1473.53333333
0.53442905 1493.26666667
0.53504673 1060.30000000
0.53831776 1042.70000000
0.56448598 668.20000000
0.54672897 1067.90000000
0.52337165 495.50000000
0.54048443 552.40000000
0.54367816 499.60000000
0.51915709 489.10000000
0.53103448 707.30000000
0.53793103 716.60000000
0.54844291 805.20000000
0.52768166 801.40000000
0.55743945 548.80000000
0.54602076 796.40000000
0.46126126 645.30000000
0.51870504 801.00000000
0.48828829 648.40000000
0.49099099 642.50000000
0.55855856 135.10000000
0.51711712 132.40000000
0.54388489 168.50000000
0.53021583 168.90000000
0.51798561 800.60000000
0.53884892 166.50000000
0.54885460 249.70000000
0.53744939 999.60000000
0.51736793 253.00000000
0.51961197 251.00000000
0.52182094 181.90000000
0.55757363 178.40000000
0.53417833 781.66666667
0.53590573 763.86666667
0.53842339 1002.73333333
0.51853118 779.86666667
0.54828589 297.20000000
0.52535322 237.80000000
0.53302214 292.00000000
0.52391593 295.20000000
0.53343366 1404.30000000
0.51980240 1398.90000000
0.53453428 1120.50000000
0.54068027 1130.30000000
0.50636839 238.40000000
0.55556253 1135.90000000
0.56084062 1560.30000000
0.53699725 592.20000000
0.54950697 1561.30000000
0.55421503 1558.20000000
0.53088308 1016.30000000
0.54004028 990.70000000
0.50711433 368.20000000
0.51540634 382.40000000
0.53776860 587.10000000
0.53941460 369.80000000
0.52028800 292.40000000
0.52717507 468.00000000
0.53947106 285.50000000
0.53288067 289.60000000
0.53589250 219.00000000
0.53824494 215.60000000
0.52088014 356.80000000
0.53977313 352.90000000
0.51313926 462.40000000
0.52904332 352.10000000
0.51580799 184.00000000
0.53738345 328.30000000
0.54583781 183.90000000
0.52733453 183.00000000
0.54122838 309.70000000
0.51815146 309.70000000
0.52832803 575.30000000
0.52707008 561.00000000
0.51717108 328.20000000
0.52919380 574.70000000
0.53665771 1004.10000000
0.40586247 299.10000000
0.53842934 1006.40000000
0.54775218 1020.10000000
0.52483231 312.00000000
0.54308372 318.80000000
0.54692918 94.10000000
0.49390244 94.20000000
0.53273582 314.40000000
0.50962386 92.60000000
0.51881636 214.10000000
0.53735387 165.00000000
0.53587757 215.30000000
0.54471784 217.90000000
0.53492587 319.20000000
0.51491631 319.70000000
0.54375554 242.80000000
0.54313473 250.70000000
0.53868822 165.20000000
0.53558010 247.20000000
0.43481481 116.10000000
0.52760058 665.40000000
0.42777778 120.30000000
0.44969697 116.60000000
0.38973064 241.30000000
0.35074074 230.10000000
0.54385972 1306.00000000
0.53604531 1320.10000000
0.51494776 648.10000000
0.52565570 1308.30000000
0.44210526 67.40000000
0.52473235 293.00000000
0.47368421 66.90000000
0.44385965 67.60000000
0.43157895 210.80000000
0.40350877 201.70000000
0.55050351 899.50000000
0.54113249 876.80000000
0.53539645 290.80000000
0.53496320 873.80000000
0.53236715 561.70000000
0.51128779 255.50000000
0.53043478 561.70000000
0.54347826 555.80000000
0.54975845 284.50000000
0.53864734 293.60000000
0.51438970 129.40000000
0.53017917 133.30000000
0.53653975 253.80000000
0.52279955 133.20000000
0.52482270 476.90000000
0.53570136 288.30000000
0.51631206 481.00000000
0.51950355 476.70000000
0.52659574 292.30000000
0.51843972 292.90000000
0.52973547 175.80000000
0.51209885 176.50000000
0.53748695 292.70000000
0.53926210 176.40000000
0.42196970 649.20000000
0.55711403 1553.80000000
0.45000000 635.70000000
0.52272727 639.60000000
0.51590909 273.60000000
0.56060606 282.10000000
0.52080525 676.30000000
0.52301626 678.50000000
0.55617359 1535.20000000
0.51704447 674.80000000
0.54100592 621.50000000
0.52730496 1015.40000000
0.54633832 615.20000000
0.54692656 599.80000000
0.55869474 204.60000000
0.52449704 204.60000000
0.52269504 337.80000000
0.53191489 340.30000000
0.54751773 1019.60000000
0.53333333 339.90000000
0.51393025 446.70000000
0.55303030 184.70000000
0.53113538 440.10000000
0.55087382 444.00000000
0.53208072 867.90000000
0.52737951 855.00000000
0.52272727 354.40000000
0.55151515 361.30000000
0.52348485 188.30000000
0.54015152 358.20000000
0.52391770 510.80000000
0.43157895 118.60000000
0.54351121 514.60000000
0.54314654 506.00000000
0.52722984 1183.80000000
0.56807126 1172.50000000
0.38245614 279.50000000
0.31403509 281.40000000
0.44912281 126.50000000
0.33508772 271.20000000
0.49221725 98.70000000
0.52367150 216.60000000
0.54397536 97.80000000
0.44031355 98.70000000
0.53124300 160.60000000
0.42222844 162.70000000
0.52077295 355.10000000
0.52028986 353.30000000
0.54009662 216.00000000
0.52415459 351.90000000
0.54989132 173.50000000
0.52517466 173.50000000
0.51724111 167.70000000
0.53035243 177.80000000
0.54539668 145.10000000
0.53397764 146.50000000
0.53400093 146.30000000
0.55080733 145.50000000
0.53141593 172.50000000
0.54014905 146.50000000
0.54269501 1095.30000000
0.55639475 1095.30000000
0.54045829 1106.70000000
0.53474191 1099.40000000
0.53207455 822.20000000
0.54579157 830.20000000
0.54083420 808.00000000
0.51650104 827.50000000
0.53970648 1088.50000000
0.55144602 830.20000000
0.52749007 434.46666667
0.53218947 434.46666667
0.53282365 434.46666667
0.53043817 402.33333333
0.53635940 1764.60000000
0.53656246 1703.46666667
0.53893107 1720.73333333
0.54779692 1748.73333333
0.53380054 399.53333333
0.52905983 1703.46666667
0.53212879 445.00000000
0.52997580 445.10000000
0.53215411 452.70000000
0.52890915 447.90000000
0.55066982 358.10000000
0.53691883 359.00000000
0.52791005 355.60000000
0.53795733 350.20000000
0.54646234 441.70000000
0.52941855 359.00000000
0.54643709 454.20000000
0.54767329 454.20000000
0.54973510 460.50000000
0.55241943 463.40000000
0.52452539 615.70000000
0.52984989 622.20000000
0.53581898 628.40000000
0.52585430 626.00000000
0.52911258 462.00000000
0.53176159 622.20000000
0.53823699 389.80000000
0.54323034 389.80000000
0.53191473 383.40000000
0.52891805 387.50000000
0.50930676 460.10000000
0.53723810 465.30000000
0.52859358 458.40000000
0.54387929 457.00000000
0.53022924 388.30000000
0.52958250 465.30000000
0.51552016 1274.60000000
0.51637955 1274.60000000
0.52525270 1278.70000000
0.53587217 1276.60000000
0.51907768 251.40000000
0.53986037 253.60000000
0.54650737 253.20000000
0.51373058 249.80000000
0.54695969 1285.20000000
0.53184464 253.60000000
0.53422807 144.60000000
0.50910526 144.60000000
0.51577193 145.50000000
0.54238596 144.50000000
0.51192982 184.10000000
0.53710526 186.40000000
0.53285965 185.80000000
0.51324561 187.40000000
0.54084211 148.90000000
0.52533333 186.40000000
0.52989056 175.00000000
0.51808325 648.70000000
0.52880985 182.20000000
0.47125855 166.30000000
0.54648427 91.90000000
0.50760602 90.20000000
0.55183019 351.80000000
0.53876677 354.80000000
0.52235711 661.00000000
0.54119004 355.20000000
0.54359538 236.90000000
0.53606177 181.30000000
0.51765957 236.90000000
0.53936531 237.20000000
0.55721962 531.70000000
0.52149477 523.40000000
0.54221957 394.70000000
0.52094972 405.00000000
0.52599021 180.90000000
0.53942314 395.80000000
0.52370397 1041.10000000
0.53123600 353.80000000
0.52660305 1036.10000000
0.54145109 1038.40000000
0.53272793 1209.40000000
0.55659060 1224.10000000
0.52457991 396.60000000
0.54578043 411.10000000
0.55333271 345.40000000
0.53809746 391.70000000
0.54214674 219.00000000
0.53524945 335.70000000
0.52593556 220.60000000
0.54653727 214.00000000
0.53467003 237.60000000
0.53714286 232.20000000
0.53564782 372.40000000
0.53013601 362.00000000
0.52697395 346.10000000
0.53645700 376.10000000
0.53037225 316.40000000
0.53515318 351.30000000
0.53492283 311.20000000
0.52982874 318.80000000
0.41042916 1039.10000000
0.53950162 1040.50000000
0.54620242 1135.40000000
0.42233743 1138.30000000
0.52959336 336.80000000
0.54946663 1127.50000000
0.52905639 1359.60000000
0.44893713 305.00000000
0.54477845 1368.60000000
0.53594908 1322.60000000
0.52807314 620.33333333
0.53386002 588.13333333
0.52693351 120.50000000
0.50307553 117.10000000
0.44402985 297.10000000
0.51356852 119.40000000
0.51980177 312.90000000
0.52690041 163.40000000
0.52825630 316.70000000
0.52348901 311.00000000
0.52938887 340.40000000
0.54548589 337.70000000
0.44824693 175.70000000
0.52683049 175.00000000
0.48020178 163.70000000
0.49073519 178.60000000
0.52694922 322.60000000
0.51889446 735.70000000
0.50819672 322.10000000
0.52123151 318.60000000
0.53110756 358.40000000
0.53104758 353.40000000
0.53637787 850.30000000
0.53430777 826.70000000
0.52884833 728.10000000
0.55248788 846.90000000
0.50438760 538.60000000
0.52326822 1050.70000000
0.49671397 542.80000000
0.48517550 549.20000000
0.52458925 464.20000000
0.52450523 464.30000000
0.55263036 885.40000000
0.57234528 887.30000000
0.52732913 1031.60000000
0.51870994 898.70000000
0.52343998 444.50000000
0.55070335 574.73333333
0.51555974 453.90000000
0.51792350 452.10000000
0.55653263 405.10000000
0.53840372 410.20000000
0.51657392 529.73333333
0.54343580 527.86666667
0.52079289 576.00000000
0.53595625 523.26666667
0.54635351 946.60000000
0.55061140 793.60000000
0.53540755 949.00000000
0.53058696 936.50000000
0.51838628 381.80000000
0.52660130 381.30000000
0.52276045 317.50000000
0.50882622 312.50000000
0.52970265 773.90000000
0.51906513 312.90000000
0.50640889 224.20000000
0.53679861 157.00000000
0.52934530 225.20000000
0.52430795 221.00000000
0.52433934 456.80000000
0.51928944 457.70000000
0.52696921 306.30000000
0.54074370 310.50000000
0.54075703 151.10000000
0.54814741 311.70000000
0.54739786 151.60000000
0.51703146 92.30000000
0.52267006 151.80000000
0.52829388 151.50000000
0.52967236 142.00000000
0.54175907 142.80000000
0.52998632 85.80000000
0.53701778 85.90000000
0.55343365 91.70000000
0.52409029 86.10000000
0.54599986 647.30000000
0.53806347 529.80000000
0.53705103 653.50000000
0.51441063 646.60000000
0.52434214 581.90000000
0.52540484 574.40000000
0.51339344 468.30000000
0.54105842 461.00000000
0.53167869 525.30000000
0.52746664 463.70000000
0.50228281 320.20000000
0.53145213 447.60000000
0.53234980 315.80000000
0.52401220 320.30000000
0.53839392 720.20000000
0.53469022 711.10000000
0.54079452 1038.70000000
0.54465201 1025.30000000
0.55498807 454.20000000
0.54789337 1031.60000000
0.41119403 254.60000000
0.53406832 605.10000000
0.42946630 264.40000000
0.46983265 253.20000000
0.47435550 91.80000000
0.51352329 90.30000000
0.52592391 214.50000000
0.52842003 213.60000000
0.52965062 612.30000000
0.51404115 216.60000000
0.47149656 171.70000000
0.56277130 538.60000000
0.47453728 163.70000000
0.47337388 171.70000000
0.48151772 102.70000000
0.50076679 104.20000000
0.53311223 335.10000000
0.54099400 325.70000000
0.53948447 525.20000000
0.52910550 325.70000000
0.52196414 251.40000000
0.45058055 63.70000000
0.51917196 250.30000000
0.52481892 251.40000000
0.56589019 979.60000000
0.54323527 984.10000000
0.33185776 241.40000000
0.33407112 238.30000000
0.43134978 61.00000000
0.36458636 238.30000000
0.55180064 1335.00000000
0.50238681 594.00000000
0.54377574 1344.50000000
0.54515850 1335.00000000
0.53575083 745.40000000
0.53259302 751.80000000
0.54231668 329.40000000
0.53226501 327.20000000
0.53296629 599.20000000
0.51723056 327.20000000
0.53990983 229.80000000
0.53497260 450.00000000
0.52744740 225.50000000
0.57138257 229.80000000
0.55081043 162.00000000
0.50993452 160.60000000
0.53640885 323.90000000
0.52092045 324.00000000
0.52811599 446.60000000
0.51411448 324.00000000
0.54308703 238.80000000
0.53381155 431.50000000
0.55221675 240.60000000
0.50570772 241.90000000
0.53556979 349.60000000
0.51894581 367.40000000
0.52906885 651.70000000
0.52524315 640.10000000
0.54303812 427.50000000
0.54556870 650.30000000
0.53640076 1119.80000000
0.52696970 560.10000000
0.53115670 1121.30000000
0.53699810 1114.70000000
0.52096581 333.40000000
0.53485185 332.30000000
0.51181449 169.10000000
0.54154102 169.10000000
0.54094235 566.30000000
0.52030303 169.40000000
0.52007229 256.00000000
0.57513109 91.80000000
0.54533494 255.20000000
0.54693655 253.90000000
0.51803213 343.80000000
0.54815743 343.10000000
0.51061174 122.10000000
0.53504370 125.60000000
0.53501873 92.10000000
0.55840200 123.90000000
0.41031313 205.00000000
0.53730997 487.80000000
0.42747475 195.50000000
0.54635354 204.80000000
0.34061616 341.60000000
0.54134343 367.10000000
0.54230126 827.60000000
0.52980823 830.50000000
0.52563459 484.40000000
0.54733787 822.40000000
0.51779661 472.90000000
0.50068466 292.40000000
0.54406780 466.90000000
0.50762712 472.30000000
0.52796610 278.10000000
0.53474576 274.60000000
0.36025039 164.90000000
0.51766432 164.70000000
0.35446009 285.90000000
0.39677230 167.00000000
0.52164179 399.70000000
0.53644572 332.10000000
0.52350746 397.90000000
0.53059701 402.90000000
0.51604478 291.60000000
0.55037313 291.40000000
0.52100200 242.30000000
0.53505157 240.00000000
0.51921243 332.70000000
0.53549794 242.00000000
0.52983479 732.33333333
0.52379084 674.60000000
0.53955296 731.73333333
0.52633625 811.93333333
0.52322643 494.66666667
0.52400389 571.00000000
0.53057717 448.50000000
0.53798685 441.60000000
0.51975953 686.60000000
0.55216466 438.90000000
0.51813472 210.90000000
0.52976889 159.90000000
0.52331606 210.80000000
0.51036269 211.40000000
0.53264249 767.10000000
0.54974093 756.10000000
0.54686423 594.20000000
0.54958531 581.60000000
0.52360917 158.90000000
0.52498835 587.10000000
0.52483457 196.10000000
0.53543003 230.30000000
0.51320926 195.10000000
0.51324648 197.40000000
0.50539289 282.90000000
0.54525641 279.40000000
0.53217510 338.00000000
0.53705750 338.90000000
0.52175992 231.10000000
0.53429259 335.10000000
0.55055502 908.10000000
0.51359204 935.73333333
0.53516126 926.60000000
0.51753455 915.20000000
0.54436623 1659.10000000
0.54302154 1675.20000000
0.55654277 1607.86666667
0.54796833 1625.33333333
0.51495388 903.13333333
0.54016472 1606.66666667
0.52019010 413.60000000
0.54448685 461.60000000
0.55577075 418.90000000
0.54014305 421.40000000
0.54011293 692.90000000
0.53102390 695.30000000
0.54485199 764.70000000
0.52164108 782.90000000
0.52973871 469.40000000
0.52547065 781.80000000
0.42125000 433.10000000
0.48235644 593.40000000
0.41604938 441.80000000
0.44225309 434.90000000
0.51802469 101.20000000
0.51813272 102.40000000
0.53583078 135.10000000
0.53225450 138.60000000
0.51751614 590.00000000
0.51295447 136.80000000
0.42752347 75.80000000
0.54377330 302.20000000
0.45017606 76.60000000
0.50637715 75.80000000
0.38260955 232.00000000
0.46969875 229.30000000
0.54201774 923.80000000
0.53437294 930.00000000
0.53751980 304.70000000
0.54549840 903.00000000
0.52373527 483.80000000
0.55814191 300.00000000
0.52601810 471.70000000
0.53054299 486.10000000
0.53913212 288.90000000
0.50792263 283.40000000
0.53469837 184.90000000
0.55371404 179.60000000
0.53030807 291.80000000
0.52300343 182.50000000
0.53359723 425.50000000
0.49122158 88.60000000
0.53261671 420.80000000
0.52214601 426.20000000
0.53157476 568.90000000
0.55791928 574.80000000
0.47168165 119.70000000
0.50576415 124.80000000
0.47334744 90.60000000
0.47813326 124.80000000
0.54349082 541.70000000
0.54275463 769.70000000
0.52567328 541.10000000
0.53187494 535.00000000
0.50239027 860.00000000
0.44619327 861.60000000
0.51914960 1243.90000000
0.53046812 1247.20000000
0.53094653 797.30000000
0.53659573 1245.50000000
0.56921775 925.70000000
0.54292530 1260.90000000
0.53538548 923.20000000
0.52397244 927.70000000
0.52505940 293.20000000
0.52770254 286.50000000
0.52044819 385.40000000
0.53612209 394.80000000
0.54775261 1251.90000000
0.52527871 382.70000000
0.54095653 652.73333333
0.54841414 174.10000000
0.52419066 655.33333333
0.52136688 748.06666667
0.53637170 1391.26666667
0.54917133 1479.60000000
0.36797980 417.70000000
0.48793939 420.90000000
0.46570707 178.60000000
0.34484848 428.80000000
0.53751010 718.90000000
0.54537931 496.70000000
0.53866391 712.20000000
0.53981623 703.70000000
0.52474484 621.80000000
0.51544850 629.30000000
0.54598686 428.00000000
0.55052217 431.60000000
0.53557307 485.70000000
0.52295238 427.40000000
0.57276589 133.30000000
0.52868471 398.60000000
0.50452769 130.90000000
0.53041964 135.60000000
0.54779986 125.30000000
0.52121135 124.60000000
0.53148148 367.10000000
0.52467806 367.90000000
0.51850237 401.10000000
0.53639981 366.40000000
0.53726592 177.70000000
0.51706369 305.60000000
0.51833958 179.80000000
0.54624220 177.30000000
0.53506866 125.90000000
0.55385768 131.00000000
0.54531844 219.40000000
0.51059967 221.00000000
0.52595120 303.40000000
0.51322167 223.50000000
0.52649407 1413.70000000
0.54890818 1800.40000000
0.53938110 1414.90000000
0.50228382 1415.70000000
0.52897664 892.70000000
0.53438110 912.20000000
0.54009107 1132.10000000
0.53649523 1132.20000000
0.51296796 1795.80000000
0.53715954 1125.50000000
0.53127490 409.10000000
0.52842085 303.50000000
0.52237489 410.80000000
0.52714387 412.30000000
0.53222930 676.10000000
0.52173895 686.40000000
0.52670243 492.80000000
0.54054771 498.30000000
0.54229437 302.00000000
0.53321099 488.20000000
0.54580192 529.80000000
0.50191358 252.30000000
0.53790466 515.30000000
0.52517369 522.10000000
0.53181818 173.30000000
0.54091279 174.40000000
0.51669753 85.40000000
0.52300926 86.10000000
0.54648148 263.00000000
0.53915123 83.90000000
0.56361959 306.80000000
0.55847458 282.70000000
0.53767224 320.10000000
0.52509843 324.80000000
0.52985359 364.60000000
0.53687254 361.50000000
0.51779661 342.60000000
0.52627119 326.50000000
0.52372881 297.20000000
0.54576271 337.90000000
0.54147209 315.30000000
0.53470149 307.20000000
0.52415916 315.80000000
0.50069735 311.60000000
0.54469522 340.00000000
0.52630185 334.00000000
0.52164179 326.60000000
0.53507463 327.30000000
0.52500000 306.20000000
0.52611940 326.00000000
0.53062966 860.40000000
0.53508260 1518.33333333
0.52911525 869.20000000
0.53507292 867.30000000
0.54298151 354.10000000
0.54350583 352.70000000
0.53216715 581.33333333
0.53624879 761.33333333
0.55238095 1335.33333333
0.53100097 577.20000000
0.44252540 80.20000000
0.52331606 300.40000000
0.41001451 81.30000000
0.39510160 83.00000000
0.34339623 262.30000000
0.25751089 264.80000000
0.54559585 974.30000000
0.54766839 969.70000000
0.54300518 298.00000000
0.53626943 960.00000000
0.40174703 213.30000000
0.56889311 1187.40000000
0.36446541 206.00000000
0.39433962 199.40000000
0.42431866 178.80000000
0.41310273 182.40000000
0.53242017 1061.60000000
0.52837325 1053.80000000
0.54334015 1221.70000000
0.52962812 1052.20000000
0.54202647 294.60000000
0.52664603 245.60000000
0.50710905 292.10000000
0.49828069 289.70000000
0.53460833 273.20000000
0.52773351 273.80000000
0.52898177 230.80000000
0.52956656 230.30000000
0.51021328 245.60000000
0.54294118 224.60000000
0.52857456 610.80000000
0.44919956 211.60000000
0.53789227 609.70000000
0.53424615 607.90000000
0.53251077 279.10000000
0.52385318 280.10000000
0.51303728 96.20000000
0.46179825 95.80000000
0.51410088 215.20000000
0.49753289 95.70000000
0.54394380 136.60000000
0.52582047 260.90000000
0.53387234 136.90000000
0.54157582 136.70000000
0.54079457 252.50000000
0.52536943 254.90000000
0.53439854 485.40000000
0.53484652 483.20000000
0.52623196 260.20000000
0.52950058 487.80000000
0.53855422 201.20000000
0.54417786 254.70000000
0.54638554 203.40000000
0.50602410 202.70000000
0.53373494 191.90000000
0.52891566 192.60000000
0.54899245 243.60000000
0.52016930 241.00000000
0.54369249 255.10000000
0.53599788 240.00000000
0.53417722 912.30000000
0.47571596 169.90000000
0.53765823 874.00000000
0.52405063 891.50000000
0.53987342 794.30000000
0.52500000 782.40000000
0.40540620 156.90000000
0.46239041 150.90000000
0.45540620 170.90000000
0.41405611 148.60000000
0.53360996 421.40000000
0.52780272 241.00000000
0.54481328 423.30000000
0.52738589 423.70000000
0.52199170 1063.80000000
0.53029046 1066.40000000
0.52622040 597.30000000
0.53977107 599.60000000
0.53380092 235.50000000
0.54725059 593.00000000
0.42857143 466.20000000
0.54023167 1438.60000000
0.40000000 462.70000000
0.47252747 463.00000000
0.52307692 141.30000000
0.50439560 147.10000000
0.52260240 445.20000000
0.51340392 458.50000000
0.54837754 1446.70000000
0.54484024 455.30000000
0.52055046 362.30000000
0.53532442 585.80000000
0.52959133 357.10000000
0.49949124 360.10000000
0.50045038 134.60000000
0.55146789 136.90000000
0.52952938 238.30000000
0.52634921 235.60000000
0.52690894 615.60000000
0.53801170 238.80000000
0.54835016 340.30000000
0.52377350 547.80000000
0.54370211 338.80000000
0.53639590 342.30000000
0.53524651 739.00000000
0.52560737 741.20000000
0.53731448 1022.46666667
0.54555324 1003.80000000
0.53534907 568.06666667
0.51374631 1013.20000000
0.54899157 1756.60000000
0.52796455 1572.60000000
0.53463997 1757.20000000
0.52052194 1764.73333333
0.53105491 1546.06666667
0.52390383 1541.80000000
0.52951258 1370.20000000
0.53857347 1379.90000000
0.53059177 1572.40000000
0.53743568 1364.80000000
0.53225617 351.80000000
0.55678871 224.80000000
0.52137192 358.80000000
0.51651293 352.00000000
0.52950940 327.70000000
0.52305817 321.70000000
0.52799390 207.30000000
0.52797864 209.20000000
0.53936690 229.00000000
0.51755149 196.80000000
0.50335999 231.40000000
0.50058100 122.80000000
0.54618956 228.90000000
0.51221732 237.40000000
0.52782681 561.10000000
0.53463872 563.10000000
0.52549556 304.20000000
0.37188995 287.50000000
0.53583390 123.00000000
0.50861244 296.00000000
0.54439812 1284.10000000
0.49579549 996.20000000
0.55280659 1302.60000000
0.55049940 1312.60000000
0.52354756 421.60000000
0.52525253 432.50000000
0.53327940 329.10000000
0.53725001 335.10000000
0.56191182 989.40000000
0.52093486 325.50000000
0.54051428 252.10000000
0.54158324 345.20000000
0.53375146 251.00000000
0.53149315 252.00000000
0.52023997 237.10000000
0.54773361 239.40000000
0.53793866 322.00000000
0.53395085 323.00000000
0.52766936 342.00000000
0.54024884 324.00000000
0.52770167 177.10000000
0.51679157 375.60000000
0.53592085 178.20000000
0.35570776 172.40000000
0.53744292 160.40000000
0.34486301 153.50000000
0.54373475 338.20000000
0.51412949 338.00000000
0.54045835 391.50000000
0.51080080 343.80000000
0.52378802 137.10000000
0.52332261 420.60000000
0.50666968 142.50000000
0.54462511 136.20000000
0.52035531 90.60000000
0.52756700 91.00000000
0.53036765 283.00000000
0.53077819 281.50000000
0.54175858 420.30000000
0.53508272 283.60000000
0.54296350 1092.30000000
0.52328841 498.30000000
0.54983393 1093.00000000
0.53733206 1096.70000000
0.54294857 539.00000000
0.51750261 543.80000000
0.52520216 260.80000000
0.51572327 260.00000000
0.54520216 491.70000000
0.51758311 256.00000000
0.53929339 362.00000000
0.53802640 212.30000000
0.53963190 363.80000000
0.52982159 361.60000000
0.54612314 1265.40000000
0.52726044 1262.60000000
0.53527931 740.40000000
0.54468999 748.80000000
0.54911295 213.60000000
0.53911909 755.80000000
0.52512657 399.10000000
0.52923098 874.60000000
0.53992732 407.20000000
0.52204393 404.40000000
0.53098563 236.40000000
0.54624775 242.10000000
0.52832830 487.80000000
0.52893802 504.50000000
0.53256065 877.00000000
0.53468827 494.90000000
0.53037008 390.10000000
0.52836037 594.00000000
0.52881840 395.70000000
0.52061591 408.50000000
0.53347608 1089.00000000
0.52008723 1089.40000000
0.55057156 1633.30000000
0.54133550 1645.20000000
0.52560896 600.00000000
0.54649586 1629.20000000
0.55006460 531.60000000
0.54071210 146.70000000
0.52140321 535.86666667
0.53921919 369.13333333
0.53379171 791.46666667
0.53728457 620.53333333
0.52666699 267.80000000
0.55972126 260.10000000
0.53158180 148.00000000
0.52794740 265.00000000
0.54569186 930.00000000
0.47036874 242.60000000
0.52975079 939.70000000
0.53529809 948.80000000
0.53008949 345.00000000
0.53530222 340.50000000
0.47754609 86.50000000
0.49251536 85.60000000
0.47208077 237.70000000
0.52388060 88.00000000
0.54273109 164.70000000
0.53445652 298.00000000
0.55122549 165.90000000
0.56454482 165.50000000
0.54532213 360.30000000
0.52351541 369.60000000
0.53078679 686.90000000
0.54503657 658.80000000
0.51698305 306.50000000
0.52711918 658.50000000
0.54591089 109.90000000
0.53633622 136.10000000
0.53180198 109.30000000
0.55174257 110.50000000
0.53997030 483.90000000
0.44028713 474.10000000
0.49512195 589.50000000
0.52589169 599.60000000
0.53305140 136.10000000
0.50400603 579.30000000
0.53154104 597.20000000
0.53907248 636.40000000
0.54273307 594.50000000
0.54312669 570.90000000
0.53758884 421.60000000
0.52835538 417.90000000
0.53835192 457.50000000
0.54237587 459.70000000
0.52700329 630.00000000
0.53323708 458.30000000
0.52366022 482.10000000
0.52532523 556.93333333
0.52583955 487.20000000
0.53627371 498.00000000
0.53686645 384.10000000
0.53011420 393.20000000
0.53372745 496.06666667
0.53237822 468.86666667
0.52817739 588.66666667
0.53125624 497.00000000
0.46413312 719.40000000
0.46830872 794.00000000
0.45272727 702.50000000
0.54218506 697.80000000
0.50003896 470.90000000
0.54443182 478.10000000
0.53020405 535.70000000
0.52816101 537.10000000
0.53368865 800.30000000
0.52715598 535.10000000
0.51050460 764.00000000
0.53686834 884.80000000
0.50101026 758.30000000
0.51923728 758.00000000
0.51128742 142.10000000
0.53878663 142.90000000
0.53133579 166.70000000
0.50147995 166.20000000
0.54184878 879.90000000
0.51580017 167.30000000
0.54500218 519.80000000
0.53515335 567.50000000
0.52171046 530.00000000
0.54949066 525.00000000
0.53629380 594.00000000
0.54845262 599.10000000
0.54804188 640.60000000
0.52233490 644.60000000
0.52166399 563.20000000
0.53229038 650.60000000
0.53732616 638.20000000
0.51755346 717.30000000
0.52748915 651.70000000
0.51669324 632.30000000
0.55707990 774.60000000
0.51385198 750.60000000
0.51838304 839.50000000
0.54506365 838.60000000
0.53027605 713.60000000
0.52051420 833.40000000
0.46891961 81.20000000
0.52379043 108.20000000
0.50227855 80.70000000
0.47695853 80.80000000
0.52455197 88.00000000
0.46738351 88.10000000
0.55288693 121.90000000
0.53306603 121.40000000
0.51205560 107.80000000
0.53986902 121.90000000
0.53105795 90.10000000
0.52604755 378.30000000
0.50436787 90.10000000
0.38301141 91.90000000
0.51758121 119.50000000
0.38920105 117.00000000
0.53717542 491.90000000
0.53287048 481.50000000
0.54472293 375.30000000
0.52891364 476.10000000
0.53035767 724.20000000
0.52923328 428.70000000
0.53767387 725.20000000
0.53075508 727.10000000
0.53032174 1073.00000000
0.53720881 1088.20000000
0.52924540 644.30000000
0.52607195 631.90000000
0.53773619 428.00000000
0.51127059 629.70000000
0.53896629 296.50000000
0.44088050 54.90000000
0.52015990 297.10000000
0.52323624 295.80000000
0.53418463 816.10000000
0.52972556 821.90000000
0.38158630 153.60000000
0.43015374 154.80000000
0.39982530 53.80000000
0.41883298 156.20000000
0.54207131 286.90000000
0.52141408 401.50000000
0.53577268 287.90000000
0.52666207 289.90000000
0.52595292 173.10000000
0.52393381 174.90000000
0.54106056 250.00000000
0.53165266 245.10000000
0.53514923 414.40000000
0.52926688 249.70000000
0.53692756 447.90000000
0.53195021 612.20000000
0.53802333 454.00000000
0.55414365 449.80000000
0.52524862 397.20000000
0.53359730 387.00000000
0.53195021 533.80000000
0.54564315 519.20000000
0.53029046 613.60000000
0.53609959 515.90000000
0.52741280 386.40000000
0.52857143 106.20000000
0.52135860 382.60000000
0.53802069 384.90000000
0.52137416 347.20000000
0.53318502 347.80000000
0.50219780 97.20000000
0.52967033 95.60000000
0.52307692 104.00000000
0.53516484 95.40000000
0.54174939 1155.30000000
0.58012048 756.60000000
0.55468290 1142.40000000
0.52567555 1156.60000000
0.52840074 363.70000000
0.52803156 363.50000000
0.53313253 230.00000000
0.55000000 232.60000000
0.51987952 762.60000000
0.53373494 230.30000000
0.52796047 168.20000000
0.52056962 507.70000000
0.52236298 171.10000000
0.53285714 172.20000000
0.55567835 395.60000000
0.52329739 392.10000000
0.53069620 1171.70000000
0.52310127 1171.10000000
0.52025316 501.40000000
0.54556962 1178.90000000
0.50644506 151.70000000
0.53602684 185.30000000
0.50335038 151.70000000
0.52831104 155.70000000
0.50734330 295.00000000
0.54124705 300.70000000
0.52717411 346.40000000
0.51298952 355.80000000
0.52648465 185.10000000
0.51968193 348.00000000
0.51824951 801.60000000
0.53936230 854.30000000
0.55622844 809.80000000
0.52992968 803.00000000
0.55842491 310.70000000
0.52592711 309.40000000
0.55012767 337.00000000
0.54038144 334.60000000
0.52825910 864.30000000
0.53031772 336.60000000
0.53907387 698.40000000
0.51259241 399.60000000
0.53870171 705.20000000
0.55685758 810.66666667
0.53640890 639.46666667
0.54442578 735.93333333
0.51126530 349.80000000
0.54725892 346.60000000
0.54905870 394.00000000
0.51216014 349.10000000
0.53572915 1060.70000000
0.37237443 384.00000000
0.52715344 1057.10000000
0.54530481 1056.30000000
0.53924420 846.90000000
0.55433734 841.70000000
0.46248097 315.40000000
0.45007610 318.20000000
0.41963470 382.50000000
0.47349696 309.20000000
0.55240779 619.30000000
0.52228524 435.30000000
0.54432942 618.10000000
0.39862357 629.30000000
0.51950387 308.60000000
0.48045395 308.90000000
0.41288574 212.80000000
0.54785655 215.50000000
0.34268557 421.90000000
0.38927440 204.70000000
0.52939133 456.70000000
0.52560143 386.40000000
0.54194389 464.10000000
0.51430662 458.80000000
0.54189340 1819.70000000
0.55027723 1820.50000000
0.53832343 1517.70000000
0.52559549 1517.90000000
0.53755569 382.20000000
0.54138402 1520.40000000
0.52093614 535.10000000
0.52508237 696.06666667
0.53914575 518.10000000
0.52262926 527.10000000
0.53576128 746.90000000
0.52563291 763.30000000
0.54499657 1070.46666667
0.52311079 955.93333333
0.51891322 797.66666667
0.53523878 1080.53333333
0.51567763 92.90000000
0.51002644 199.50000000
0.51673349 93.70000000
0.53310612 94.60000000
0.52269447 115.40000000
0.52747928 111.20000000
0.54574031 243.70000000
0.51975323 247.10000000
0.53706816 199.70000000
0.53270858 243.00000000
0.43562884 376.80000000
0.57020994 1033.90000000
0.40319549 369.90000000
0.46949761 380.20000000
0.53174983 235.30000000
0.52144566 233.10000000
0.53919966 642.30000000
0.54204092 624.00000000
0.55238728 1049.30000000
0.53921295 625.60000000
0.52665978 386.90000000
0.30371224 111.50000000
0.54208803 381.60000000
0.55620054 389.30000000
0.53064598 284.30000000
0.52313165 282.80000000
0.43243728 77.70000000
0.33090118 79.60000000
0.39449565 111.40000000
0.37217102 78.80000000
0.54090559 837.50000000
0.52216757 371.10000000
0.52929859 831.40000000
0.52963631 833.10000000
0.52964291 546.10000000
0.51871136 546.90000000
0.51340844 258.50000000
0.51563525 253.80000000
0.54973553 382.00000000
0.51632815 255.30000000
0.51812478 183.70000000
0.51997435 345.50000000
0.53985709 183.10000000
0.56024312 181.40000000
0.55039648 826.20000000
0.52861189 815.20000000
0.53908246 1551.70000000
0.55158730 1559.10000000
0.51755831 350.00000000
0.53561629 1551.70000000
0.54172654 196.30000000
0.53780179 339.20000000
0.53751044 199.20000000
0.50845168 198.80000000
0.54169591 283.50000000
0.55382623 276.70000000
0.52979047 492.00000000
0.50920906 480.70000000
0.54640396 339.50000000
0.56146862 487.90000000
0.52907224 686.73333333
0.53300325 379.40000000
0.52690728 694.86666667
0.53377523 709.06666667
0.53534617 1238.80000000
0.53830759 1262.46666667
0.54672727 702.30000000
0.52789610 698.50000000
0.52679545 371.10000000
0.54275649 685.70000000
0.52271441 377.40000000
0.53002970 140.60000000
0.52233276 365.50000000
0.51662379 368.20000000
0.50981847 618.30000000
0.55183676 600.20000000
0.51789109 238.10000000
0.54952475 234.30000000
0.51786139 140.40000000
0.55590099 234.70000000
0.54716247 417.70000000
0.53635697 904.50000000
0.53925248 408.10000000
0.53054157 405.20000000
0.53508009 124.70000000
0.53672769 124.80000000
0.53915060 275.00000000
0.52754900 272.40000000
0.54156972 916.50000000
0.53955219 272.50000000
0.53804825 239.00000000
0.54965372 209.00000000
0.53296053 238.50000000
0.53097588 236.00000000
0.51621711 131.70000000
0.54757675 126.20000000
0.53370973 113.50000000
0.53748871 110.90000000
0.52009937 192.10000000
0.51394158 109.90000000
0.52706985 276.80000000
0.51190663 258.00000000
0.53074498 273.90000000
0.53360212 274.80000000
0.53968143 830.10000000
0.52827775 850.30000000
0.53260561 812.60000000
0.53562659 793.00000000
0.52958277 257.40000000
0.56325011 805.10000000
0.54923968 1342.80000000
0.52658662 1308.40000000
0.53241336 1337.50000000
0.54302375 1344.90000000
0.53146807 653.30000000
0.52213396 643.20000000
0.52397756 609.40000000
0.54678525 621.00000000
0.54808925 1299.30000000
0.51940772 630.60000000
0.53901617 263.50000000
0.52774784 241.90000000
0.52492260 266.00000000
0.55950464 260.80000000
0.52784314 174.40000000
0.51552116 175.10000000
0.54305896 159.60000000
0.52656378 159.70000000
0.53925363 235.50000000
0.54436142 160.20000000
0.53748738 249.70000000
0.52623315 374.30000000
0.52179329 254.80000000
0.53598362 255.50000000
0.51283807 352.40000000
0.53675794 341.90000000
0.53447793 496.10000000
0.54321438 501.60000000
0.54068993 368.80000000
0.51342321 498.50000000
0.52862066 1615.40000000
0.52760870 1808.60000000
0.53284104 1621.30000000
0.36441298 1615.50000000
0.52330538 331.80000000
0.53885682 330.90000000
0.51056791 598.20000000
0.52934333 472.93333333
0.44181216 1952.20000000
0.50747276 601.13333333
0.54852089 271.00000000
0.53455046 350.60000000
0.52019001 268.20000000
0.52596154 268.40000000
0.55043936 344.50000000
0.54469314 345.30000000
0.53415668 449.80000000
0.51819909 428.70000000
0.53977007 352.30000000
0.53266970 441.60000000
0.30748101 183.50000000
0.51679272 367.00000000
0.34532437 179.00000000
0.44333723 189.60000000
0.23366452 265.70000000
0.35762712 267.60000000
0.52095238 544.30000000
0.44379552 536.80000000
0.55620448 378.10000000
0.55616947 549.50000000
0.45860390 61.50000000
0.51024872 140.90000000
0.44964286 60.40000000
0.42285714 62.10000000
0.30831169 308.20000000
0.33525974 303.60000000
0.51911636 685.40000000
0.51662292 685.20000000
0.51198600 139.60000000
0.51674166 690.50000000
0.53496330 494.70000000
0.53294224 639.80000000
0.53597443 480.50000000
0.51845844 486.40000000
0.52138054 376.40000000
0.52868577 382.10000000
0.52389604 504.10000000
0.52097656 502.10000000
0.52969314 648.60000000
0.53835478 506.00000000
0.52139426 430.10000000
0.52734102 310.90000000
0.55660905 430.90000000
0.53420056 426.10000000
0.53456533 359.30000000
0.51139044 353.90000000
0.53280627 255.90000000
0.53780602 259.60000000
0.54327127 301.60000000
0.54873159 253.70000000
0.54588373 535.80000000
0.32047511 216.70000000
0.52600705 520.70000000
0.51991779 540.50000000
0.53520258 402.90000000
0.53294187 393.50000000
0.35957768 151.30000000
0.37880845 165.00000000
0.36527149 208.00000000
0.40444947 152.80000000
0.52885672 944.30000000
0.37201226 501.50000000
0.52701113 943.00000000
0.43668287 943.80000000
0.51518033 183.70000000
0.52049521 185.40000000
0.48490807 97.70000000
0.54336057 97.40000000
0.27275281 498.30000000
0.52870276 96.40000000
0.53315392 592.90000000
0.51403959 447.20000000
0.54885550 590.40000000
0.54068236 588.80000000
0.53346247 742.40000000
0.54447073 734.50000000
0.53625224 555.40000000
0.55172638 547.20000000
0.53286804 443.50000000
0.52535600 551.90000000
0.54008635 743.20000000
0.53365723 967.00000000
0.53145956 737.90000000
0.52859070 754.80000000
0.56803279 996.80000000
0.55895568 980.10000000
0.54608168 1255.90000000
0.54127511 1286.00000000
0.54097190 965.50000000
0.53268045 1269.00000000
0.51671242 122.10000000
0.52169684 209.10000000
0.54667124 118.80000000
0.54243880 118.90000000
0.49835278 139.70000000
0.53266987 139.40000000
0.54001571 250.50000000
0.54677166 250.30000000
0.54000823 212.20000000
0.54916953 249.10000000
