50.00000000 97.82504202 99.57896825 100.09556575 101.17134051
50.00000000 97.82504202 99.57896825 100.09556575 101.17134051
50.00000000 97.82504202 99.57896825 100.09556575 101.17134051
50.00000000 97.82504202 99.57896825 100.09556575 101.17134051
50.00000000 97.82504202 99.57896825 100.09556575 101.17134051
50.00000000 97.82504202 99.57896825 100.09556575 101.17134051
50.00000000 97.82504202 99.57896825 100.09556575 101.17134051
50.00000000 97.82504202 99.57896825 100.09556575 101.17134051
50.00000000 97.82504202 99.57896825 100.09556575 101.17134051
50.00000000 97.82504202 99.57896825 100.09556575 101.17134051
200.00000000 451.24108262 453.75931521 456.02743661 453.21038452
200.00000000 451.24108262 453.75931521 456.02743661 453.21038452
200.00000000 451.24108262 453.75931521 456.02743661 453.21038452
200.00000000 451.24108262 453.75931521 456.02743661 453.21038452
200.00000000 451.24108262 453.75931521 456.02743661 453.21038452
200.00000000 451.24108262 453.75931521 456.02743661 453.21038452
200.00000000 451.24108262 453.75931521 456.02743661 453.21038452
200.00000000 451.24108262 453.75931521 456.02743661 453.21038452
200.00000000 451.24108262 453.75931521 456.02743661 453.21038452
200.00000000 451.24108262 453.75931521 456.02743661 453.21038452
125.00000000 269.24405540 270.90086364 272.62845119 273.82237243
125.00000000 269.24405540 270.90086364 272.62845119 273.82237243
125.00000000 621.37945055 622.07603091 626.84594205 624.83377120
125.00000000 269.24405540 270.90086364 272.62845119 273.82237243
275.00000000 270.47479044 273.63251882 274.84561240 271.73572765
275.00000000 619.79194021 624.16183823 621.05094722 622.93319525
275.00000000 270.47479044 273.63251882 274.84561240 271.73572765
275.00000000 619.79194021 624.16183823 621.05094722 622.93319525
125.00000000 621.37945055 622.07603091 626.84594205 624.83377120
275.00000000 619.79194021 624.16183823 621.05094722 622.93319525
275.00000000 620.68437045 622.92701276 624.29161675 623.34258261
275.00000000 620.68437045 622.92701276 624.29161675 623.34258261
275.00000000 271.86588021 274.06637439 275.26407384 275.02156572
275.00000000 620.68437045 622.92701276 624.29161675 623.34258261
125.00000000 619.66602840 618.61963511 625.43525880 623.71267507
125.00000000 268.91050517 272.83788188 269.84519501 273.31423884
125.00000000 619.66602840 618.61963511 625.43525880 623.71267507
125.00000000 268.91050517 272.83788188 269.84519501 273.31423884
275.00000000 271.86588021 274.06637439 275.26407384 275.02156572
125.00000000 268.91050517 272.83788188 269.84519501 273.31423884
312.50000000 360.22102660 362.15731216 362.72240836 364.10419398
312.50000000 360.22102660 362.15731216 362.72240836 364.10419398
312.50000000 180.22792369 182.21592339 184.31080675 182.26159878
312.50000000 360.22102660 362.19856310 362.75450561 364.13933506
312.50000000 360.22102660 362.15731216 362.72240836 364.10419398
312.50000000 180.22792369 182.24537738 184.34737940 182.29547093
312.50000000 360.22102660 362.19856310 362.75450561 364.13933506
312.50000000 180.22792369 182.21592339 184.31080675 182.26159878
312.50000000 180.22792369 182.24537738 184.34737940 182.29547093
312.50000000 180.22792369 182.24537738 184.34737940 182.29547093
162.50000000 708.36628458 712.11295704 712.28963280 709.63146526
162.50000000 708.36628458 712.11295704 712.28963280 709.63146526
162.50000000 530.68602455 534.78532751 534.05068113 531.71553375
162.50000000 708.36628458 712.03865238 712.20435943 709.56634944
162.50000000 708.36628458 712.11295704 712.28963280 709.63146526
162.50000000 530.68602455 534.67571262 533.97841083 531.64684465
162.50000000 708.36628458 712.03865238 712.20435943 709.56634944
162.50000000 530.68602455 534.78532751 534.05068113 531.71553375
162.50000000 530.68602455 534.67571262 533.97841083 531.64684465
162.50000000 530.68602455 534.67571262 533.97841083 531.64684465
237.50000000 180.44295812 183.29704337 183.84352887 183.18197641
237.50000000 180.44295812 183.29704337 183.84352887 183.18197641
237.50000000 710.62673663 712.32621587 715.00148634 713.03307990
237.50000000 180.44295812 183.36239836 183.92376044 183.26361743
87.50000000 180.65629993 181.17403092 185.57555393 185.58274526
87.50000000 709.24470507 711.56616303 712.60917840 712.07996371
87.50000000 180.65629993 181.17760234 185.58131051 185.59021809
87.50000000 709.24470507 711.56303803 712.60584506 712.07313500
237.50000000 710.62673663 712.40827261 715.07584125 713.12449830
87.50000000 709.24470507 711.56616303 712.60917840 712.07996371
87.50000000 528.74387760 528.15430440 533.09736193 533.61666109
87.50000000 528.74387760 528.15430440 533.09736193 533.61666109
87.50000000 360.86165107 364.64139113 363.94966525 362.34495791
87.50000000 528.74387760 528.15127409 533.09351577 533.61666109
237.50000000 529.86500753 533.75370496 532.38051235 531.90485212
237.50000000 360.20835765 361.72407735 363.93324464 363.30040535
237.50000000 529.86500753 533.72558922 532.34580106 531.87612317
237.50000000 360.20835765 361.74047357 363.95302685 363.33185698
87.50000000 360.86165107 364.64139113 363.94966525 362.34125421
237.50000000 360.20835765 361.72407735 363.93324464 363.30040535
181.30000000 310.18100320 311.05930152 314.36963479 313.70760005
181.30000000 311.77406149 313.51567130 314.64285606 316.03481817
181.30000000 310.18100320 311.05930152 314.36963479 313.70760005
181.30000000 310.18100320 311.08954767 314.41503876 313.73820014
331.30000000 310.61142753 313.99781349 314.38283832 312.20653052
331.30000000 310.61142753 314.05728991 314.43499416 312.26541026
331.30000000 311.01239258 314.07031396 313.43381675 314.48434786
331.30000000 311.01239258 314.01478479 313.37603607 314.42486432
181.30000000 311.77406149 313.53998667 314.67773684 316.05690613
331.30000000 311.01239258 314.07031396 313.43381675 314.48434786
331.30000000 659.82243363 663.10963707 662.75264603 661.70334337
331.30000000 659.77685106 661.10114945 663.52170551 662.92632651
331.30000000 659.82243363 663.10963707 662.75264603 661.70334337
331.30000000 659.82243363 663.04737636 662.70411740 661.65875206
181.30000000 659.96011100 661.80280199 661.89310065 665.25504023
181.30000000 659.96011100 661.77326939 661.86583543 665.23280583
181.30000000 658.76164004 661.27117071 662.85160261 660.64817883
181.30000000 658.76164004 661.29350182 662.87635168 660.69084689
331.30000000 659.77685106 661.03981565 663.45674777 662.85475569
181.30000000 658.76164004 661.27117071 662.85160261 660.64817883
106.30000000 139.57987262 142.29682993 143.37136683 141.73396109
106.30000000 137.84939092 138.91654215 143.92390969 138.87292725
106.30000000 490.84184982 495.49402651 492.51468957 494.72857599
106.30000000 139.57987262 142.30016327 143.37358905 141.73646109
106.30000000 139.57987262 142.29682993 143.37136683 141.73396109
106.30000000 490.84184982 495.49402651 492.52229658 494.74317973
106.30000000 137.84939092 138.91654215 143.92640969 138.88118551
106.30000000 490.47955620 494.66726830 493.10423191 492.77036072
106.30000000 490.47955620 494.66983240 493.11202953 492.77036072
106.30000000 490.47955620 494.66983240 493.11202953 492.77036072
256.30000000 491.32513696 494.22155068 496.05834967 492.40206230
256.30000000 490.23496123 492.31721120 492.58808626 494.32225636
256.30000000 139.70295484 144.36107452 141.89893094 141.94730600
256.30000000 491.32513696 494.13426290 495.97438614 492.30880290
256.30000000 491.32513696 494.22155068 496.05834967 492.40206230
256.30000000 139.70295484 144.27543427 141.81564166 141.86689537
256.30000000 490.23496123 492.23698130 492.51034230 494.25032417
256.30000000 139.24731177 143.26783985 141.85138951 141.28616025
256.30000000 139.24731177 143.19809010 141.76547837 141.21350741
256.30000000 139.24731177 143.19809010 141.76547837 141.21350741
218.80000000 230.60349617 234.06134689 232.65584865 233.82000523
218.80000000 229.61512111 233.69207174 233.43207911 230.52661699
218.80000000 400.59880513 402.73396231 405.19929404 402.72065688
218.80000000 230.60349617 234.07313279 232.67417512 233.82676539
68.80000000 227.30948845 227.20551867 233.90939153 228.20320953
68.80000000 397.99552186 399.22279068 405.62097600 397.87529709
68.80000000 228.09030569 230.68766046 232.57750013 228.92870856
68.80000000 401.25741688 406.66375564 401.16365752 404.43373198
218.80000000 399.27351729 404.11460385 402.16474189 400.61103300
68.80000000 401.25741688 406.66375564 401.16365752 404.43773198
68.80000000 579.36288211 585.73125225 578.16572803 584.10701464
68.80000000 579.00612349 580.29612122 582.35595977 582.03958810
68.80000000 753.70143673 756.51157711 758.04402409 755.67472635
68.80000000 579.36288211 585.73125225 578.16572803 584.10701464
218.80000000 580.42495396 583.80928593 582.12077245 584.87117627
218.80000000 750.31620938 754.73370289 753.62531878 751.52655150
218.80000000 579.73495112 581.44301330 583.25027225 582.73981495
218.80000000 750.23067405 752.42046326 752.68383153 754.49559853
68.80000000 751.56344233 754.99093830 751.26549043 755.94495921
218.80000000 750.23067405 752.43595210 752.70161891 754.50856924
293.80000000 400.53546694 401.96926566 403.71953476 404.90087897
293.80000000 400.14160412 401.73371827 404.08829585 403.39121361
293.80000000 579.56891863 582.02833292 583.28945772 582.16564297
293.80000000 400.53546694 401.94926188 403.69640141 404.86856908
293.80000000 400.53546694 401.96926566 403.71953476 404.90087897
293.80000000 579.56891863 582.00375241 583.26529191 582.13860259
293.80000000 400.14160412 401.71013579 404.06779724 403.36417728
293.80000000 580.70537617 581.70223928 584.75109539 583.88473576
293.80000000 580.70537617 581.66796273 584.72937008 583.86236537
293.80000000 580.70537617 581.66796273 584.72937008 583.86236537
143.80000000 750.05264474 752.96279469 752.00233440 755.15342874
143.80000000 750.79340491 753.39796745 753.11934634 754.61997530
143.80000000 229.02025413 232.10162848 231.69521166 232.51549613
143.80000000 750.05264474 752.96075388 751.99005981 755.15167436
143.80000000 750.05264474 752.96279469 752.00233440 755.15342874
143.80000000 229.02025413 232.09805705 231.68481038 232.50004312
143.80000000 750.79340491 753.39134909 753.10963927 754.60131489
143.80000000 229.66750204 235.16075190 231.68705293 230.88248737
143.80000000 229.66750204 235.15653717 231.68124266 230.87355359
143.80000000 229.66750204 235.15653717 231.68124266 230.87355359
246.90000000 419.45453274 422.58033121 421.84910799 422.59151924
246.90000000 420.82495600 424.22937723 423.49048939 423.62085612
246.90000000 769.98639226 773.21387375 773.00688095 772.88263220
246.90000000 419.45453274 422.57284487 421.83661924 422.57417724
303.10000000 420.89850416 422.92792352 425.15036665 423.34075578
303.10000000 770.46887406 773.47246883 773.40386997 773.30554012
303.10000000 420.32793282 423.34555340 422.78374878 424.12360643
303.10000000 770.90534801 773.35655608 774.22309243 773.81804769
246.90000000 771.38874955 773.28430663 774.20378900 775.14288253
303.10000000 770.90534801 773.35247403 774.22032632 773.81435200
96.90000000 772.79407871 775.73370403 777.73957140 773.83035296
96.90000000 770.00189373 774.99331965 773.65662831 770.96736969
96.90000000 418.62199003 418.06593295 424.07749988 422.47700885
96.90000000 772.79407871 775.78136433 777.77896195 773.87385402
153.10000000 770.28810492 770.84916522 773.05273673 775.03938365
153.10000000 419.07680104 423.11855775 422.47884318 420.76674882
153.10000000 769.76184490 773.22260076 772.33072104 772.55610683
153.10000000 419.43086697 420.46886147 423.05318097 423.82477028
96.90000000 418.27740139 419.86387138 422.01943138 421.74095647
153.10000000 419.43086697 420.49454678 423.09294444 423.85062516
321.90000000 250.42976746 251.15335986 254.12699304 254.46642853
321.90000000 249.44249749 250.82404928 252.81365565 253.27134998
321.90000000 250.42976746 251.15335986 254.12699304 254.46642853
321.90000000 250.42976746 251.09854561 254.06914480 254.39600378
78.10000000 249.85261848 251.01834936 251.95198172 256.30109069
78.10000000 249.85261848 251.01564665 251.95198172 256.30109069
78.10000000 249.83005463 252.30744966 255.58358940 250.42257924
78.10000000 249.83005463 252.32022438 255.59138550 250.42552041
321.90000000 249.44249749 250.75222200 252.74947204 253.20345633
78.10000000 249.83005463 252.30744966 255.58358940 250.42257924
171.90000000 600.97295744 604.76182423 603.42907578 603.43426079
171.90000000 600.43499292 602.76132633 604.46071862 602.81660123
171.90000000 600.97295744 604.76182423 603.42907578 603.43426079
171.90000000 600.97295744 604.81957089 603.47873114 603.48084954
228.10000000 601.06590510 601.74842342 605.18827253 604.67397042
228.10000000 601.06590510 601.78940404 605.23090704 604.71926313
228.10000000 599.97065149 601.14913285 604.12557810 603.36033626
228.10000000 599.97065149 601.11118044 604.09395015 603.31786519
171.90000000 600.43499292 602.80751697 604.49176236 602.85681786
228.10000000 599.97065149 601.14913285 604.12557810 603.36033626
134.40000000 161.33240397 163.74710990 166.80400816 162.06733936
134.40000000 159.82589895 160.82323232 165.55623457 161.93989962
134.40000000 690.79470734 693.48956791 692.98586539 693.98876244
134.40000000 161.33240397 163.74454579 166.80150816 162.06506663
115.60000000 161.36589718 163.67883645 168.14757934 160.29735093
115.60000000 691.10030287 695.15070054 693.23569011 694.42202837
115.60000000 156.33579309 162.38045137 160.01241414 155.59546494
115.60000000 688.52800233 691.52633818 693.54604933 690.28371113
134.40000000 688.59022041 690.77186895 692.66799454 691.07473900
115.60000000 688.52800233 691.52633818 693.54604933 690.28371113
284.40000000 510.51745798 512.49968028 514.32350574 513.71167097
284.40000000 510.52339502 512.28977758 513.91515054 514.20556652
284.40000000 340.13986977 344.38882208 341.12463727 343.10436884
284.40000000 510.51745798 512.48919602 514.31816622 513.70522144
265.60000000 510.24993322 514.72427454 513.20311284 511.95530570
265.60000000 339.22247209 344.15309178 339.89342137 342.32245489
265.60000000 508.71663076 511.35786319 512.96092860 510.54195875
265.60000000 339.70046480 343.77554557 343.48163899 340.77888752
284.40000000 340.96489350 343.56831195 343.19366480 344.54303332
265.60000000 339.70046480 343.76677095 343.47552665 340.76843956
59.40000000 339.64039548 335.34425587 348.21511887 344.04936152
59.40000000 337.67608499 339.14681469 338.71454361 345.01652408
59.40000000 159.55881259 164.33337374 162.63026123 158.95593929
59.40000000 339.64039548 335.34425587 348.21511887 344.04936152
340.60000000 338.77809257 341.52756880 343.02669043 340.18090725
340.60000000 159.76291596 161.85271328 163.73753256 162.26053877
340.60000000 340.17368872 344.64308854 342.10831047 342.78595917
340.60000000 161.52526358 164.20315737 164.69082779 164.49719682
59.40000000 159.03651722 160.66515034 164.42289396 160.92414711
340.60000000 161.52526358 164.20034830 164.68342969 164.48883977
209.40000000 690.93104234 692.78291241 696.30919040 692.15868358
209.40000000 691.58877940 695.21273237 695.01109934 693.47850618
209.40000000 509.99304553 511.38869496 512.72599190 514.71847795
209.40000000 690.93104234 692.78129951 696.30268110 692.15127177
190.60000000 690.28556040 692.88101776 696.42381434 690.47774273
190.60000000 510.71633015 514.51302026 514.24531340 512.36594494
190.60000000 691.06560385 693.84019844 694.72962792 693.58157691
190.60000000 510.90647948 513.24475034 517.82606192 510.64760559
209.40000000 512.30666768 514.93714580 514.79352338 515.90874615
190.60000000 510.90647948 513.24155013 517.82452346 510.64606713
303.10000000 200.48392344 202.66452170 202.52515489 204.75063434
303.10000000 198.99381443 202.03026413 202.07151092 201.50703652
303.10000000 549.29100872 550.19769727 553.68322386 552.82549239
303.10000000 200.48392344 202.62762288 202.49006159 204.71652742
96.90000000 196.71607274 197.82769462 202.10026438 199.13351497
96.90000000 549.24847837 554.84023564 551.30462871 550.03193713
96.90000000 200.02256064 203.84560725 199.82739812 205.66520308
96.90000000 551.47194272 553.82130453 555.29903103 554.00801891
303.10000000 549.68865999 553.76661314 552.60353807 550.89687180
96.90000000 551.47194272 553.80388687 555.27652111 553.97433505
153.10000000 549.21733131 551.89659389 553.96753036 551.14021860
153.10000000 550.07365177 554.03970623 552.37334132 553.08706283
153.10000000 201.27412163 203.58355581 204.25545435 204.72903130
153.10000000 549.21733131 551.86853771 553.94662583 551.12162566
246.90000000 549.05928106 552.22804104 550.11529841 553.88076680
246.90000000 199.69110085 202.70402152 203.04616854 201.86917651
246.90000000 550.79707079 552.81281995 553.01041600 555.38037904
246.90000000 201.33279726 204.07950437 204.81282367 203.75323947
153.10000000 201.51825466 203.47806649 205.14461333 205.06983059
246.90000000 201.33279726 204.00670849 204.73955503 203.67874886
228.10000000 380.36633748 385.23387557 383.72500256 380.66383226
228.10000000 380.14685664 382.38559626 384.23656716 382.47719785
228.10000000 380.36633748 385.23387557 383.72500256 380.66383226
228.10000000 380.36633748 385.24065330 383.72870987 380.67075902
321.90000000 379.84842661 382.15285487 381.44484919 384.20098308
321.90000000 379.84842661 382.16363121 381.45467795 384.21144827
321.90000000 378.56049511 381.16907005 381.37398918 382.01569637
321.90000000 378.56049511 381.15871092 381.36377572 382.00698272
228.10000000 380.14685664 382.39708933 384.23945217 382.47994039
321.90000000 378.56049511 381.16907005 381.37398918 382.01569637
78.10000000 729.07006575 731.66014113 731.84145469 733.13146329
78.10000000 730.08447312 734.83593445 732.19845559 731.44215389
78.10000000 729.07006575 731.66014113 731.84145469 733.13146329
78.10000000 729.07006575 731.66014113 731.84145469 733.13146329
171.90000000 730.74018728 730.86072217 737.87546248 732.10278164
171.90000000 730.74018728 730.86453481 737.87546248 732.10786148
171.90000000 729.83432686 730.96356851 733.76989013 733.25097925
171.90000000 729.83432686 730.95442284 733.76291711 733.24054355
78.10000000 730.08447312 734.83938272 732.19845559 731.44215389
171.90000000 729.83432686 730.96356851 733.76989013 733.25097925
115.60000000 288.75895369 291.47061242 290.98036781 293.04842910
115.60000000 290.71353526 294.60660978 293.14201216 293.60840755
115.60000000 468.91140154 472.06936799 473.03308807 471.11313377
115.60000000 288.75895369 291.46798085 290.97588796 293.04572639
284.40000000 291.10471010 291.45404704 295.69735772 294.70471566
284.40000000 471.11447627 472.36454054 475.05198352 474.83165029
284.40000000 289.81240847 291.62251347 293.05475843 293.23349330
284.40000000 470.35837667 474.68109003 472.22158781 473.23025808
115.60000000 471.13468262 472.12969063 476.01649888 474.49944301
284.40000000 470.35837667 474.63642463 472.16858287 473.19873646
265.60000000 640.97398781 644.65581497 643.68035547 643.04925978
265.60000000 639.85624210 641.86495876 643.76331949 642.98421100
265.60000000 119.56192335 119.83406987 124.72918875 122.73739115
265.60000000 640.97398781 644.72191974 643.73378187 643.11001397
134.40000000 639.70084012 644.30367843 643.04719241 640.97904893
134.40000000 119.45801806 121.50512759 121.73865800 124.09919589
134.40000000 639.54201307 641.73211211 643.02648504 642.41238015
134.40000000 120.06055050 122.15642547 126.33800005 120.38324636
265.60000000 120.55631119 123.86222796 124.27594453 122.18367122
134.40000000 120.06055050 122.16235390 126.34443945 120.40184452
190.60000000 120.84411282 123.18701394 123.12600252 125.12086635
190.60000000 120.26558364 122.95202084 122.06649685 124.65765867
190.60000000 290.18579928 291.44636722 292.81710740 294.84623875
190.60000000 120.84411282 123.16019848 123.10193661 125.11003430
59.40000000 121.08598870 122.71782153 125.08449482 127.34441767
59.40000000 292.32627119 298.23876470 297.16651604 291.31306527
59.40000000 120.36087856 120.28546771 125.33726551 125.92046800
59.40000000 291.34250925 292.70460725 297.68431537 293.38956100
190.60000000 291.22290987 292.19747996 293.57616498 296.00432841
59.40000000 291.34250925 292.70460725 297.68431537 293.38956100
340.60000000 471.10360865 472.56912131 476.20596495 473.10204957
340.60000000 470.01425932 472.51262524 472.92785077 472.95585477
340.60000000 640.51403982 644.31705593 642.41078148 643.32827818
340.60000000 471.10360865 472.64074491 476.26951659 473.16185639
209.40000000 469.07833863 470.33917975 472.03891927 472.97212822
209.40000000 641.07106876 643.65890304 643.82036000 644.33287926
209.40000000 470.79360838 473.27251979 473.19474510 474.39722445
209.40000000 640.55422695 641.86788725 644.38219368 644.20368031
340.60000000 639.79029424 643.26308492 641.27130827 643.51254330
209.40000000 640.55422695 641.91781021 644.42668694 644.25406146
214.00000000 280.14881628 282.57532390 283.75290499 283.17735694
214.00000000 279.09283534 282.02589607 281.49037716 282.03394429
214.00000000 739.63972479 742.26446130 741.60475887 743.63281124
214.00000000 280.14881628 282.56984611 283.75181803 283.17432664
251.50000000 280.04045218 282.91202865 283.12746478 282.70674558
251.50000000 740.47276984 743.55394766 743.97029549 742.15063312
251.50000000 280.49862127 283.76419520 283.00475836 282.80994768
251.50000000 739.38197701 741.91747172 742.41851434 742.66574239
214.00000000 740.84938106 742.29176249 744.73912767 744.35122169
251.50000000 739.38197701 741.90193400 742.40306258 742.65205205
64.00000000 629.67675484 631.67610430 630.86602156 635.11455051
64.00000000 631.28802656 632.66274197 635.84957311 634.37642783
64.00000000 388.89776404 392.95772743 390.75389044 392.68493888
64.00000000 629.67675484 631.67084114 630.86602156 635.11455051
101.50000000 631.05474616 633.48915075 634.62249906 634.60344588
101.50000000 391.64670730 395.21824519 391.97776348 396.42316229
101.50000000 629.03244151 629.41116047 635.91360671 631.31380118
101.50000000 391.20742574 390.70385196 395.42429644 395.96161255
64.00000000 393.53382937 396.08502680 395.09381231 397.48183956
101.50000000 391.20742574 390.70040368 395.42429644 395.96161255
289.00000000 109.67579411 112.26515296 113.18482056 111.84628941
289.00000000 109.19843869 111.78465225 112.28792404 111.71782336
289.00000000 220.15224146 226.73563386 219.91425493 222.50949454
289.00000000 109.67579411 112.31491798 113.22712396 111.88363314
176.50000000 110.17536978 111.88138750 113.26848579 114.05877090
176.50000000 219.21303031 221.60436933 223.74841083 221.29461638
176.50000000 110.80713591 111.75387245 114.64483805 114.40865553
176.50000000 219.84634859 223.67275862 221.72665387 222.44201078
289.00000000 220.30214635 223.79613973 223.13266474 222.78649116
176.50000000 219.84634859 223.69563226 221.74840258 222.46843264
139.00000000 459.43111679 461.33393131 463.43687963 462.76914877
139.00000000 461.95711729 463.18559209 466.47611662 464.84640761
139.00000000 569.04135343 570.99242741 573.32787425 572.09552737
139.00000000 459.43111679 461.35638570 463.45282750 462.78603179
326.50000000 460.26955932 462.96046349 464.57678246 461.81884950
326.50000000 570.29471592 571.16279463 574.71220919 573.95174668
326.50000000 459.96195159 463.34730931 462.41629276 462.57031833
326.50000000 571.25282351 573.16062249 575.44141760 574.14853226
139.00000000 570.99630074 572.76463270 576.02066327 574.02181419
326.50000000 571.25282351 573.20225517 575.49796809 574.19893048
176.50000000 191.83522763 194.56502197 194.30461055 195.52253413
176.50000000 190.66480891 192.88106623 192.85236018 195.07397932
176.50000000 650.67347410 654.20330860 656.11001182 650.56743919
176.50000000 191.83522763 194.52559600 194.25889711 195.49029848
139.00000000 193.49587489 196.14978815 196.57760446 196.85113965
139.00000000 650.72984765 653.41146248 653.74308698 653.75907355
139.00000000 191.60042660 194.42214155 195.12832269 194.01130306
139.00000000 649.71200741 653.59817720 651.98122575 652.81225073
176.50000000 649.75447187 652.82018876 653.65997855 651.87841252
139.00000000 649.71200741 653.57457565 651.95675523 652.78875035
326.50000000 540.74280380 543.37915800 542.90850046 544.81829492
326.50000000 539.60837084 543.62722567 542.49344076 541.70780398
326.50000000 300.16256503 302.50939984 302.82388654 303.88322868
326.50000000 540.74280380 543.42629877 542.96125456 544.86659273
289.00000000 539.79124504 542.22512049 544.64830634 540.93162429
289.00000000 300.95197586 304.73329810 303.36499046 303.64287676
289.00000000 539.49176608 540.80073258 543.90091562 542.51271018
289.00000000 300.21799825 302.75306052 305.49888357 301.16667658
326.50000000 298.36822032 301.49478931 300.73121581 301.74951785
289.00000000 300.21799825 302.80683403 305.53979710 301.20509654
101.50000000 369.19124761 368.85602780 374.92570565 372.34671073
101.50000000 370.46981184 372.34970594 373.56605913 374.48701080
101.50000000 127.97620600 129.10056596 129.49002495 134.34387417
101.50000000 369.19124761 368.81178624 374.88298078 372.32058639
214.00000000 371.41318290 375.45481434 373.30769999 374.25108711
214.00000000 129.97540925 132.78910352 132.77897513 133.41880852
214.00000000 371.06222737 373.41904854 372.68875338 375.84166020
214.00000000 130.26507778 133.04275392 133.06670526 133.20991716
101.50000000 131.29809347 131.70731025 135.61159104 135.26619933
214.00000000 130.26507778 133.02760116 133.04381779 133.17801201
251.50000000 719.32242488 723.25042508 722.70623752 720.50908137
251.50000000 720.24751616 722.88850270 724.18658661 722.14432819
251.50000000 480.15919775 481.18836668 485.76091575 481.80696674
251.50000000 719.32242488 723.32537074 722.77124788 720.56219353
64.00000000 718.62517666 720.81919094 721.31306469 723.50475610
64.00000000 481.12491224 482.76082227 485.54783783 483.68884095
64.00000000 719.74762096 721.51019309 721.70605022 725.00176548
64.00000000 480.56196963 483.58017252 483.10705302 483.35839356
251.50000000 480.34839516 483.02847843 483.00301630 484.18657445
64.00000000 480.56196963 483.59444020 483.11605302 483.38020092
345.30000000 151.36868944 153.84251792 154.54171337 154.56012122
345.30000000 149.87939445 153.29621927 151.27324531 153.51032945
345.30000000 610.32160937 614.13334062 612.27723409 613.27232395
345.30000000 151.36868944 153.78422094 154.48826968 154.50610999
157.80000000 150.29967347 152.23785407 154.89264264 152.60937081
157.80000000 610.90504657 615.32789028 616.75238217 609.24790554
157.80000000 150.66380357 150.47450648 153.00287753 156.83805178
157.80000000 608.35187809 612.18641623 610.97793071 610.56549216
345.30000000 609.44221908 612.90831815 610.09721351 613.37750488
157.80000000 608.35187809 612.16207091 610.95358041 610.53764380
195.30000000 497.98612957 500.88932378 502.12341378 499.47052398
195.30000000 500.31292438 503.71630674 505.13547628 501.05702222
195.30000000 261.38807867 265.64957341 264.00501853 263.36556652
195.30000000 497.98612957 500.92249697 502.15285593 499.50936837
307.80000000 499.21150862 500.42963072 502.61830862 503.16382611
307.80000000 259.11156056 261.58051555 260.99765666 263.60936456
307.80000000 500.65204981 504.83921697 503.04719755 502.78703626
307.80000000 260.01224667 263.66420709 262.85644438 262.17777759
195.30000000 259.21035125 263.43320420 260.45143404 262.72600160
307.80000000 260.01224667 263.72357772 262.92601077 262.23299587
270.30000000 320.10072031 324.38512144 324.21011647 320.69438500
270.30000000 320.15830471 324.15447152 323.04180162 321.95553398
270.30000000 431.50969388 436.15034621 433.58336685 433.55099807
270.30000000 320.10072031 324.29796753 324.10156251 320.60390528
232.80000000 320.97150772 322.06559442 324.16707747 325.52979582
232.80000000 429.94512151 433.92454632 431.51341212 433.08956752
232.80000000 322.15296051 326.12889222 325.68396813 323.42839039
232.80000000 429.56732117 431.91634090 434.14256112 432.00003545
270.30000000 430.38928864 432.68984895 434.44988347 432.06129835
232.80000000 429.56732117 431.83678145 434.07162519 431.92467255
120.30000000 670.43795087 673.68993901 673.04853897 673.37649178
120.30000000 668.84350200 670.81736173 672.39774133 671.81784291
120.30000000 780.93498069 784.44980705 782.12639975 784.20856541
120.30000000 670.43795087 673.69257059 673.05590008 673.38149490
82.80000000 672.06362589 675.22287601 674.68288027 674.90061601
82.80000000 780.21506068 784.79596509 780.46565285 784.32372490
82.80000000 668.94858489 674.13123833 673.29286241 668.62711236
82.80000000 778.66218762 782.65370817 781.25285983 780.39321184
120.30000000 780.84392946 784.74687072 783.67685321 782.92419669
82.80000000 778.66218762 782.65370817 781.25285983 780.39666012
82.80000000 408.18536026 410.46881380 412.38259333 411.18798573
82.80000000 410.34300617 411.83058169 412.14835314 415.17084957
82.80000000 518.98483586 520.87614388 522.06817295 522.08223669
82.80000000 408.18536026 410.46881380 412.38259333 411.19183189
270.30000000 410.76427125 412.95737224 415.59378021 412.57617797
270.30000000 519.37593872 521.61851313 523.39613086 521.56579752
270.30000000 409.52363470 412.94292378 413.57607213 410.62040701
270.30000000 520.46377618 524.98441304 523.70431182 521.47808137
82.80000000 520.68936608 520.21625086 527.22148570 523.22587916
270.30000000 520.46377618 524.98441304 523.70559387 521.48020903
232.80000000 760.84827871 762.61798705 764.91507743 763.59873232
232.80000000 760.22758847 762.61114622 764.45039974 762.84941050
232.80000000 169.68149297 174.40307350 172.62752499 170.70915749
232.80000000 760.84827871 762.62152964 764.91757743 763.60246689
120.30000000 759.33059009 763.30207836 761.18030580 762.17471968
120.30000000 169.52582435 174.66340660 167.75331284 176.08894717
120.30000000 758.37824903 760.94035312 760.53215188 762.15255995
120.30000000 170.05375669 171.28131671 175.06745647 172.88415541
232.80000000 170.53218497 172.86216756 172.95297738 174.57974587
120.30000000 170.05375669 171.28335753 175.07008805 172.88728041
157.80000000 240.06510628 244.76882635 242.48575895 241.45807707
157.80000000 240.29489987 242.50323609 245.15010139 242.36741856
157.80000000 351.12297741 349.80016267 353.25976506 358.24370436
157.80000000 240.06510628 244.77055049 242.48575895 241.45992893
195.30000000 240.86824706 241.02810231 244.49089008 245.99421390
195.30000000 348.70962489 349.85524001 353.17220821 351.56597366
195.30000000 238.96761755 240.83356658 242.32527876 242.55031934
195.30000000 348.08320903 351.27324361 350.58872798 351.29444613
157.80000000 350.05376905 353.05462337 353.79922507 351.73309207
195.30000000 348.08320903 351.27324361 350.58872798 351.29598459
307.80000000 590.60954024 592.02079012 594.87729985 593.77753987
307.80000000 589.31299112 592.81962413 591.68743135 592.07934834
307.80000000 699.41222074 702.15884781 702.75682013 702.49117362
307.80000000 590.60954024 592.02479395 594.88026439 593.77848327
345.30000000 591.27736253 594.60652381 595.25227780 592.68440802
345.30000000 700.51899645 705.30353247 704.00783758 701.27407246
345.30000000 589.71463974 591.94760001 593.70484690 592.01655738
345.30000000 700.12153770 702.96103928 703.52489202 702.64456004
307.80000000 698.74749897 700.13553319 702.93198774 702.00614153
345.30000000 700.12153770 702.96341408 703.53201823 702.64876531
92.20000000 260.89539759 260.92302675 266.04131148 264.72626403
92.20000000 258.88079235 261.26998956 263.40210372 260.62632346
92.20000000 150.84485471 151.08041189 156.31026368 153.77961156
92.20000000 260.89539759 260.93261009 266.04131148 264.72948984
186.00000000 260.17750149 262.48621149 263.86395633 262.88621884
186.00000000 150.11758532 153.34958296 154.15896123 151.64488481
186.00000000 260.67121812 263.59082348 263.38653505 263.99985756
186.00000000 150.91337453 153.18873223 154.59506184 154.04420688
92.20000000 148.58405938 151.29519358 155.10416749 148.25991278
186.00000000 150.91337453 153.19524483 154.62536112 154.06373154
242.20000000 608.46653356 610.09334720 610.54494449 613.65758957
242.20000000 609.33731569 612.05712062 612.08354653 612.74508569
242.20000000 500.01353765 501.24899869 503.98647120 502.99665589
242.20000000 608.46653356 610.03470279 610.46876247 613.58170739
335.90000000 610.67620436 614.38102145 614.17247471 612.37723121
335.90000000 498.81718643 501.27113029 501.20205326 502.69096769
335.90000000 610.90741690 613.00023374 615.07537214 613.37159392
335.90000000 500.45788344 502.07287855 504.56182135 503.68182006
242.20000000 498.95203611 502.05758986 501.92868989 501.35449565
335.90000000 500.45788344 502.01997930 504.50702095 503.62995458
167.20000000 430.86051893 434.48924763 432.69403324 434.12452598
167.20000000 430.64028931 434.23833238 432.75344257 434.19361773
167.20000000 668.01117292 671.67004252 671.47550977 669.86066388
167.20000000 430.86051893 434.57343080 432.74873021 434.18001241
260.90000000 430.55422196 432.97175860 435.27280335 432.26074042
260.90000000 671.01892485 674.69036016 673.82800282 673.35745518
260.90000000 428.52635544 430.86530519 431.28968695 432.48459672
260.90000000 670.73836625 672.50615047 673.21491249 675.06185489
167.20000000 670.05787326 674.29038305 674.19630885 670.79885438
260.90000000 670.73836625 672.57916538 673.28042635 675.11126536
317.20000000 780.58722683 782.87893664 783.03548707 784.45888008
317.20000000 779.76725564 780.74763154 783.88334630 783.26666306
317.20000000 321.33947848 324.31137527 323.72519289 325.03269679
317.20000000 780.58722683 782.82406267 782.97577367 784.41045758
111.00000000 778.42319492 775.53795551 784.46622809 783.97637008
111.00000000 319.33431833 320.21555364 322.68936544 323.86943385
111.00000000 780.41619084 780.44375570 785.92774703 783.99701548
111.00000000 318.86159237 321.79184104 323.14059423 320.30706653
317.20000000 320.17272873 322.04041961 324.57758954 322.83210204
111.00000000 318.86159237 321.78023288 323.13270603 320.30162536
279.70000000 350.59610769 354.41696263 354.60006638 351.43095102
279.70000000 351.05469611 352.33067596 357.18365828 352.44101381
279.70000000 239.96861654 242.11632549 243.33458764 243.23738244
279.70000000 350.59610769 354.44342383 354.63762062 351.47140969
223.40000000 352.04105073 353.99981971 356.06262861 354.68430402
223.40000000 240.10992745 240.86444623 244.22821083 243.90801703
223.40000000 349.72744754 353.43667708 353.18401232 351.58576054
223.40000000 239.04513216 242.63205041 241.78915413 241.46654185
279.70000000 240.17183743 243.13730508 244.59072564 241.64856816
223.40000000 239.04513216 242.65332427 241.81436158 241.48201664
129.70000000 699.83664115 705.05768735 703.20863253 699.96006745
129.70000000 700.36669668 702.38305923 703.52098995 703.35140834
129.70000000 589.92756118 592.18280337 593.88764314 591.85262698
129.70000000 699.83664115 705.07074711 703.22461964 699.97901264
73.50000000 699.64552943 706.57365791 704.21698019 697.42838875
73.50000000 589.26083948 595.02669322 592.74379277 589.57519413
73.50000000 700.83801730 705.15577251 703.62528566 702.43584173
73.50000000 590.45684117 595.71210122 595.16435470 590.55122964
129.70000000 593.17241948 594.48342525 596.40294918 597.89147941
73.50000000 590.45684117 595.72002047 595.16870253 590.56473243
204.70000000 169.50961712 172.35805926 172.86355156 172.67721293
204.70000000 168.98480569 172.31008306 172.53943704 171.53413274
204.70000000 759.65537511 760.81090217 765.71439982 761.36180689
204.70000000 169.50961712 172.34712633 172.85136519 172.67004206
148.50000000 170.37793345 171.58826368 174.11980253 174.86974711
148.50000000 760.00279384 761.56551735 763.35422111 764.20168931
148.50000000 171.20668583 173.19292663 172.89928995 176.82391032
148.50000000 758.51094676 760.85050225 761.16776620 762.36516721
204.70000000 759.65246918 764.06448688 762.26741833 761.98025591
148.50000000 758.51094676 760.84318800 761.14805183 762.36231007
54.70000000 519.40505051 527.69282438 518.12402810 521.34482284
54.70000000 517.00687831 519.05190757 523.26702381 517.18224956
54.70000000 407.55309928 407.48130735 415.04290293 410.87565178
54.70000000 519.40505051 527.68806247 518.12402810 521.34482284
298.40000000 521.64608834 526.14511129 524.30005684 523.37867997
298.40000000 409.14879777 412.52802575 412.09205605 411.35146623
298.40000000 520.86580629 522.32659870 524.22857529 524.65867649
298.40000000 409.96206229 412.73007634 411.67166480 414.48954535
54.70000000 411.03894175 413.13598570 415.10576724 413.96722222
298.40000000 409.96206229 412.71542544 411.66180724 414.47378122
148.50000000 388.13272969 392.17053412 391.11475775 389.93746659
148.50000000 387.45805848 391.32662239 390.20781110 389.83459129
148.50000000 278.35305405 279.94091358 284.18283393 280.30929672
148.50000000 388.13272969 392.17053412 391.11475775 389.93746659
204.70000000 388.63935654 393.78105095 391.27322826 390.15503982
204.70000000 279.87997216 281.82108783 282.88245700 283.82009215
204.70000000 390.24274788 391.42883320 394.45551829 393.57992262
204.70000000 279.99488340 284.90058701 281.89489895 282.21939708
148.50000000 279.91668704 285.18733173 282.65825135 280.95631572
204.70000000 279.99488340 284.90496555 281.89651185 282.22578447
298.40000000 740.18510491 742.25707767 742.89744512 743.68102854
298.40000000 740.74666125 743.41179928 745.46643376 741.66651651
298.40000000 630.16469127 634.49340271 632.65856928 632.26711874
298.40000000 740.18510491 742.25814150 742.90053629 743.68196312
54.70000000 741.99191919 744.12815837 745.85635035 744.79970269
54.70000000 631.01313131 634.58686462 637.38348763 631.08675647
54.70000000 739.13409091 742.04915033 741.30884522 742.35400738
54.70000000 627.89921837 629.89048827 630.40722087 633.67205254
298.40000000 629.60459255 632.34851782 632.65255282 632.32876997
54.70000000 627.89921837 629.89048827 630.40722087 633.67205254
73.50000000 218.05921114 219.61934273 224.02967208 218.61339273
73.50000000 217.43312481 217.02389359 224.22831197 220.15586356
73.50000000 459.02014218 461.13897931 460.19741063 464.60710311
73.50000000 218.05921114 219.61934273 224.03289789 218.61661854
129.70000000 220.46252294 223.03793464 222.69873808 225.14308463
129.70000000 458.19135361 460.93285822 462.50722816 459.66869614
129.70000000 219.22327389 221.65671280 223.12846414 221.28474850
129.70000000 460.59993996 462.60563404 463.92296999 464.25838208
73.50000000 458.83572362 459.48327007 462.77315592 462.90383267
129.70000000 460.59993996 462.60563404 463.92751545 464.26088208
223.40000000 570.39095504 571.66552713 574.51131404 573.43710089
223.40000000 570.26517320 572.56182472 573.87498249 573.41182042
223.40000000 111.59666590 111.66722355 117.24553140 114.17999243
223.40000000 570.39095504 571.66552713 574.51254861 573.43838294
279.70000000 569.92901263 570.73884634 574.30983448 573.24520485
279.70000000 110.43128602 114.15730726 113.67595504 112.29334956
279.70000000 569.63465246 572.03158595 574.05236770 571.30088030
279.70000000 110.87727139 112.86311542 113.10478464 114.96334691
223.40000000 111.51671750 112.62754898 114.92969173 115.25146833
279.70000000 110.87727139 112.86519069 113.10800106 114.96769352
260.90000000 131.21925772 134.87615383 133.01726216 134.42735075
260.90000000 129.52104928 133.31014053 131.28707270 132.31505261
260.90000000 371.19732243 374.12270824 373.98071008 374.02462094
260.90000000 131.21925772 134.91565054 133.04981669 134.46194530
167.20000000 131.19121793 134.13811452 134.76629408 133.58902826
167.20000000 369.43384042 371.41690242 373.49292295 372.19804277
167.20000000 130.37074759 131.46288197 134.25749237 133.71516852
167.20000000 370.16333855 371.68363993 375.08431141 371.90196198
260.90000000 369.62693650 374.16434605 371.49296164 372.03638064
167.20000000 370.16333855 371.70812740 375.11043467 371.93379981
111.00000000 481.07345414 483.12050211 483.17649694 486.12656466
111.00000000 479.72151544 483.12699168 483.63438597 480.85044654
111.00000000 722.72740214 723.92804403 729.11292489 723.94104594
111.00000000 481.07345414 483.09707895 483.17049336 486.11977733
317.20000000 480.59383359 483.23288029 481.74256317 485.63572456
317.20000000 719.72731626 721.85321243 722.91551323 723.09658229
317.20000000 480.36209518 483.14703755 482.08755901 484.46695199
317.20000000 720.53271584 721.64821960 725.81485414 722.62741878
111.00000000 718.26430316 721.91331533 722.09835405 720.85105750
317.20000000 720.53271584 721.57238112 725.73079393 722.55063028
335.90000000 299.57497422 304.61942945 301.81547187 301.13632516
335.90000000 300.33250608 302.21922341 304.54032568 302.95592899
335.90000000 538.65548190 541.91841732 539.52721258 542.99056787
335.90000000 299.57497422 304.70322295 301.91251968 301.22252361
242.20000000 300.29233444 303.05203457 303.06641663 303.26196798
242.20000000 540.74189685 543.24584100 544.17973183 543.97211723
242.20000000 300.43786196 303.86612037 303.16985548 303.43699276
242.20000000 540.85059901 542.46911965 545.73324352 543.26648295
335.90000000 540.70190410 543.59994517 544.59631352 542.81875940
242.20000000 540.85059901 542.57833138 545.85215412 543.39478967
186.00000000 651.04214536 653.86198781 654.84217730 653.36998526
186.00000000 650.38019484 652.04890827 654.64703654 653.61804620
186.00000000 188.76829824 190.32030474 193.05369995 191.91416397
186.00000000 651.04214536 653.85413453 654.82930528 653.36542096
92.20000000 650.54025908 652.48227332 654.86381220 654.36607097
92.20000000 188.13976201 190.59502774 190.74714715 191.90847478
92.20000000 649.90188198 650.05351001 654.80591563 653.03875564
92.20000000 190.16277402 192.29314097 192.87317047 194.36639547
186.00000000 189.59168534 194.55305614 191.76074595 191.64546769
92.20000000 190.16277402 192.28943727 192.87004547 194.35790340
300.80000000 368.67544801 370.77670829 372.62288346 371.37065560
300.80000000 368.79545460 373.65427778 371.73391088 370.08203113
300.80000000 410.63285397 412.68285758 413.42229517 414.67302201
300.80000000 368.67544801 370.78996439 372.63615512 371.38697644
113.20000000 367.50005102 372.49421489 368.62292046 371.11921511
113.20000000 408.69493197 410.62834714 412.32174475 412.13383186
113.30000000 369.71935264 372.48196385 371.69876270 374.31804364
113.30000000 411.68448140 413.89164571 414.08195472 415.72294534
300.80000000 409.84760173 413.26901242 412.39906795 412.58375446
113.30000000 411.68448140 413.89164571 414.08982439 415.72294534
150.80000000 720.26643447 723.99329076 721.88691752 724.09650819
150.80000000 718.59689861 721.20374838 720.87819953 722.57788795
150.80000000 761.90516035 764.07223252 766.81335381 763.63384549
150.80000000 720.26643447 723.99567171 721.89315214 724.10437723
263.30000000 720.02901507 723.02809584 723.10554273 722.44064512
263.30000000 761.11087790 764.15833276 765.22408221 763.06173675
263.30000000 720.17176820 724.07132501 723.50947690 721.78173812
263.30000000 760.85133815 763.46929390 764.96712624 762.88068700
150.80000000 759.19548768 760.75109481 765.04986501 760.84694043
263.30000000 760.85133815 763.48596532 764.98563269 762.89963809
225.80000000 199.66448865 202.99760896 204.06672211 200.60794269
225.80000000 197.92390055 200.49470128 201.37374760 200.45419098
225.80000000 579.24782269 583.43627571 583.07646270 580.05160287
225.80000000 199.66448865 202.96387743 204.03589170 200.57274205
338.30000000 199.54105164 203.56197270 202.15963145 202.02261997
338.30000000 581.65441441 585.33621504 584.05674212 584.25990122
338.20000000 199.31115641 200.68578103 203.11813135 202.76774092
338.20000000 580.57962355 582.98466694 585.61620815 581.79617948
225.80000000 580.85459095 585.37528001 583.98454604 582.03390660
338.20000000 580.57962355 582.94817380 585.57507535 581.74480408
75.80000000 547.29207302 548.68692470 552.18053872 549.64335911
75.80000000 548.53066006 550.77469391 552.04834760 551.97226482
75.80000000 227.22808157 232.30979980 231.57682019 228.17840084
75.80000000 547.29207302 548.68692470 552.18053872 549.64335911
188.30000000 552.17518814 554.24336735 555.36879388 555.38207954
188.30000000 230.54854854 233.67852607 235.42172941 231.73492663
188.30000000 549.19356612 553.78899712 551.56376931 551.10236512
188.30000000 231.58969980 235.44906304 234.02107405 234.26554465
75.80000000 229.13874596 232.86290836 232.81013027 232.01458716
188.30000000 231.58969980 235.43781529 234.01444276 234.25455338
113.30000000 110.22962827 113.16229747 114.61899668 112.49207285
113.30000000 108.09999221 109.47312578 112.58095793 110.74395192
113.30000000 319.98785819 321.21501073 323.32456253 324.45303517
113.30000000 110.22962827 113.15444720 114.61899668 112.48642897
300.70000000 111.39458574 116.60840577 114.29589512 112.39576458
300.70000000 321.14835158 325.31053438 325.05159105 321.66419193
300.80000000 108.11655718 110.04318300 111.00838815 111.90876759
300.80000000 320.02754373 323.79002746 322.18553183 323.00810367
113.30000000 319.22002642 320.56440463 322.44088549 322.72869150
300.80000000 320.02754373 323.77346349 322.16454788 322.98972617
263.30000000 459.38454126 461.65480108 462.19886826 462.82993374
263.20000000 461.01260006 462.47646331 463.92167358 464.96076363
263.30000000 670.16757098 670.15089927 673.15807084 675.49929284
263.30000000 459.38454126 461.73217839 462.27873104 462.90750876
150.80000000 459.91210486 465.95984029 461.79670862 461.38852767
150.80000000 670.56564143 674.31687737 673.95645045 672.40684314
150.80000000 458.51172133 459.79083247 463.17421938 461.38962224
150.80000000 671.48449362 674.95863962 674.08392557 674.17263529
263.20000000 670.07018512 673.08858597 674.20769545 671.77029025
150.80000000 671.48449362 674.96903992 674.09731205 674.18802247
188.30000000 290.53520978 292.69145695 294.73906991 293.23125200
188.30000000 289.79810787 293.88955501 292.09198452 292.49637651
188.30000000 490.41510911 492.88463264 493.77463641 493.71335243
188.30000000 290.53520978 292.68475922 294.72895823 293.22700791
75.80000000 290.16236721 291.48541196 294.90567849 292.57128546
75.80000000 488.49882752 488.26835416 496.33993962 490.56398358
75.80000000 290.39090245 292.22944204 291.15592593 296.35718726
75.80000000 490.89077482 492.54249700 494.25769693 496.23049964
188.30000000 490.92266015 493.33916792 495.17908758 493.11136801
75.80000000 490.89077482 492.54249700 494.25769693 496.23049964
338.20000000 639.97447378 642.50538918 643.10465772 643.20181333
338.20000000 639.83196262 644.19390122 642.31805857 641.50111250
338.20000000 139.82185780 141.52496797 144.05831454 142.62631029
338.20000000 639.97447378 642.59139294 643.17348441 643.27123068
225.80000000 640.08941836 641.68127689 644.78469204 642.67880021
225.80000000 141.30285397 143.40344900 145.11240413 144.35022556
225.80000000 640.66973362 642.68701229 645.47365994 642.39053706
225.80000000 140.16600414 142.68371859 143.17136980 142.99267291
338.20000000 139.51656157 141.31250982 143.11045622 143.40369277
225.80000000 140.16600414 142.74708392 143.22368915 143.04336150
244.60000000 240.73495241 244.06998424 243.54479929 243.37883054
244.60000000 240.73495241 244.06998424 243.54479929 243.37883054
244.60000000 190.38493694 193.42680360 193.90278264 192.24772932
244.60000000 240.73495241 243.93673719 243.44811876 243.25462261
282.10000000 239.01243872 242.15914955 242.72696148 240.93174776
282.10000000 190.70391052 192.09411101 195.45046140 193.14336147
282.10000000 239.01243872 242.09147061 242.65952706 240.86337477
282.10000000 190.70391052 192.16444675 195.52457296 193.22789881
244.60000000 190.38493694 193.29061715 193.78933010 192.13126435
282.10000000 190.70391052 192.09411101 195.45046140 193.14336147
94.60000000 591.45764254 591.31709779 591.87894765 599.34575280
94.60000000 591.45764254 591.31709779 591.87894765 599.34575280
94.60000000 542.74660908 545.03651690 546.58365232 546.38149007
94.60000000 591.45764254 591.31709779 591.87894765 599.35235453
132.10000000 591.51768933 591.77526795 597.86988046 594.10440832
132.10000000 539.90152628 542.31815034 543.16470369 543.13193586
132.10000000 591.51768933 591.79318322 597.87980203 594.12327903
132.10000000 539.90152628 542.30877443 543.15810005 543.12059602
94.60000000 542.74660908 545.03651690 546.58365232 546.38443124
132.10000000 539.90152628 542.31815034 543.16470369 543.13193586
319.50000000 420.36835848 422.76057767 424.36984520 422.41699112
319.50000000 420.36835848 422.76057767 424.36984520 422.41699112
319.50000000 710.81276601 715.24187494 714.42589091 711.38284383
319.50000000 420.36835848 422.72833017 424.34616670 422.40009030
57.00000000 421.59105955 421.64930238 425.64853896 427.45590643
57.00000000 706.21135057 709.12248204 708.93635419 707.20579783
57.00000000 421.59105955 421.64403922 425.63877706 427.45035088
57.00000000 706.21135057 709.12248204 708.94111609 707.20579783
319.50000000 710.81276601 715.22120371 714.40350647 711.35745612
57.00000000 706.21135057 709.12248204 708.93635419 707.20579783
169.50000000 772.54281633 775.14946800 773.82878107 778.09080042
169.50000000 772.54281633 775.14946800 773.82878107 778.09080042
169.50000000 360.33886009 362.81536628 363.13515486 363.96292474
169.50000000 772.54281633 775.23192233 773.90267838 778.17457324
207.00000000 769.30521317 770.69388543 773.26036696 772.64729358
207.00000000 360.21334235 364.39666817 366.29518890 359.46534582
207.00000000 769.30521317 770.75641279 773.31721330 772.70286707
207.00000000 360.21334235 364.34006684 366.25286270 359.39556410
169.50000000 360.33886009 362.89894321 363.20165841 364.06789205
207.00000000 360.21334235 364.39666817 366.29518890 359.46534582
132.00000000 329.16212323 330.54887660 333.13643649 331.77375795
132.00000000 329.16212323 330.54887660 333.13643649 331.77375795
132.00000000 98.82296676 101.98124797 101.74757326 101.64805605
132.00000000 329.16212323 330.52558423 333.12125560 331.76575447
94.60000000 327.47794596 328.13546795 329.38193448 333.26433396
94.60000000 98.96026263 101.85460256 103.93753038 99.20238259
94.60000000 327.47794596 328.13546795 329.38193448 333.26110815
94.60000000 98.96026263 101.85460256 103.93753038 99.20238259
132.00000000 98.82296676 101.96110028 101.73370598 101.63837496
94.60000000 98.96026263 101.85460256 103.93753038 99.20238259
282.00000000 680.41016049 684.85625327 682.71478392 682.57704352
282.00000000 680.41016049 684.85625327 682.71478392 682.57704352
282.00000000 450.84138415 454.38458597 452.78418599 454.33930401
282.00000000 680.41016049 684.84713111 682.69488288 682.54971846
244.50000000 679.70136567 682.55849868 681.27321957 683.58014114
244.50000000 449.06286887 454.62618113 450.64869295 450.47079580
244.50000000 679.70136567 682.51424668 681.24629206 683.54577822
244.50000000 449.06286887 454.66499515 450.67843073 450.51086435
282.00000000 450.84138415 454.36251060 452.76329937 454.31104887
244.50000000 449.06286887 454.62618113 450.64869295 450.47079580
57.10000000 161.88973943 163.88660991 168.00078794 163.49231587
57.10000000 161.88973943 163.88660991 168.00078794 163.49231587
57.10000000 630.63183822 635.97689776 631.28627515 634.39535609
57.10000000 161.88973943 163.88660991 167.99678794 163.48846972
319.50000000 160.21473696 163.26090610 164.19729316 162.08490563
319.50000000 629.91846612 632.78140498 632.83353977 632.70996288
319.50000000 160.21473696 163.23316844 164.17600170 162.06280987
319.50000000 629.91846612 632.80589681 632.85760826 632.73032174
57.10000000 630.63183822 635.97689776 631.28627515 634.39535609
319.50000000 629.91846612 632.78140498 632.83353977 632.70996288
207.00000000 508.68615135 512.25833106 511.92475629 511.31870640
207.00000000 508.68615135 512.25833106 511.92475629 511.31870640
207.00000000 280.13903429 284.22955544 282.77509710 282.26734118
207.00000000 508.68615135 512.24232568 511.91050234 511.30551158
169.60000000 508.77322937 509.47874216 513.88933206 511.44799975
169.60000000 282.02883188 284.40483220 284.73213925 284.79924854
169.60000000 508.77322937 509.44843120 513.87123101 511.42235430
169.60000000 282.02883188 284.43505045 284.76080730 284.82740115
207.00000000 280.13903429 284.21566372 282.76182111 282.25459880
169.60000000 282.02883188 284.40483220 284.73213925 284.79924854
197.60000000 179.08850533 180.94315174 182.15409470 182.73208526
197.60000000 179.11084611 180.68103427 181.60062249 183.64475451
197.60000000 469.91710912 471.65334791 474.42223091 472.83635260
197.60000000 179.08850533 180.97863522 182.18226754 182.76113608
328.90000000 180.65019238 182.10545668 184.81584664 183.73635635
328.90000000 469.38565615 471.20405801 472.18487240 473.55614541
328.80000000 181.13453088 184.12397181 184.78419874 183.38476880
328.80000000 470.44020328 473.49579762 472.72017577 473.62898629
197.60000000 470.69545373 473.17189969 474.05018411 473.75532821
328.80000000 470.44020328 473.56468259 472.77569695 473.69063003
347.70000000 530.37001131 534.08239085 533.05379337 532.68633434
347.70000000 530.37898310 532.09283618 533.82243993 533.90400289
347.70000000 119.68953650 123.82506345 123.05960003 120.81022505
347.70000000 530.37001131 534.01178892 533.00189496 532.62425766
178.90000000 529.85018461 531.08994414 534.91829027 532.77142102
178.90000000 120.52942415 122.41387645 122.75697061 124.90217401
178.90000000 531.06910714 531.90808963 536.97308724 533.09504727
178.90000000 120.61089229 122.92075554 123.82635640 123.66588854
347.70000000 119.45845815 122.01716633 123.28172257 121.48619522
178.90000000 120.61089229 122.89734341 123.80079169 123.63201252
122.60000000 351.08392386 354.40987342 354.10299998 353.53718583
122.60000000 346.59806400 349.37020234 351.38442182 348.13834669
122.60000000 298.35110176 300.60678535 302.84421834 300.54546785
122.60000000 351.08392386 354.43725179 354.14469304 353.56629379
103.90000000 350.47907824 354.77907163 353.96067862 351.74644878
103.90000000 299.43522333 303.53189617 301.88622468 301.89664388
103.90000000 348.08011793 350.50799517 351.55142256 351.42440861
103.90000000 298.81301239 302.96446853 300.43444544 301.59588017
122.60000000 298.83095048 300.48695843 303.09974018 301.95430706
103.90000000 298.81301239 303.00233214 300.46031951 301.61773327
272.70000000 700.55628132 703.64235956 704.27098730 702.79380912
272.60000000 698.80547580 702.04670892 701.52103406 701.34831169
272.70000000 651.30871809 653.04939678 655.08197831 654.26756685
272.70000000 700.55628132 703.60263148 704.23177185 702.73485771
253.90000000 700.65009395 702.89949825 705.20586437 702.74932565
253.90000000 650.89537338 652.03128138 654.53737853 654.57102038
253.90000000 700.52915603 702.71996204 704.35952190 702.95241630
253.90000000 649.74327322 653.14238088 653.22750668 651.81042515
272.60000000 649.86181875 651.74979408 652.06049625 654.53281011
253.90000000 649.74327322 653.05221176 653.15773932 651.72782690
235.20000000 441.02230147 442.41131967 444.57877048 444.88443221
235.10000000 441.34882594 443.22697211 445.07196064 444.50592199
235.20000000 561.11286782 563.59243808 565.11603130 563.29156981
235.20000000 441.02230147 442.39551903 444.55383591 444.86193415
66.40000000 442.03867028 446.21678867 441.62595855 448.44998076
66.40000000 559.09250467 562.19528708 559.80098267 564.75564731
66.40000000 443.25865346 446.21298018 443.18750192 450.04680800
66.40000000 558.58738823 563.60006451 557.45205996 563.61466777
235.10000000 559.80129435 562.22206501 564.07520786 561.76806667
66.40000000 558.58738823 563.60006451 557.45205996 563.61096407
85.20000000 788.85855547 793.24938127 791.11450635 791.05914179
85.20000000 787.99588478 790.64695790 790.84416611 791.48163732
85.20000000 210.77852094 214.35756912 216.00551419 209.73533305
85.20000000 788.85855547 793.24139356 791.10814272 791.05185013
216.40000000 790.47341289 792.15443482 793.06323781 794.87021090
216.40000000 210.99926919 214.47028420 215.91712921 211.38114987
216.40000000 788.05794110 792.09325314 792.03421555 788.74388538
216.40000000 207.95774152 209.25895739 212.57532295 210.52685078
85.20000000 207.65471435 207.36596597 212.44916245 211.57323137
216.40000000 207.95774152 209.24747888 212.55893906 210.51576512
310.20000000 260.62955970 263.05778264 262.52904328 264.77750322
310.10000000 260.45517585 262.92031179 262.84338350 264.05390819
310.20000000 379.73089891 381.59628887 384.12008672 382.09962536
310.20000000 260.62955970 263.08624113 262.56186385 264.82044062
291.30000000 260.34029443 263.76518823 262.90182492 262.99982130
291.30000000 380.71996033 385.83972694 381.47014131 383.88311938
291.40000000 260.81876161 264.30843039 265.53395113 261.64450467
291.40000000 379.86568774 383.16354057 383.41919852 381.92400815
310.10000000 380.18545984 383.22737320 383.97993120 382.29686670
291.40000000 379.86568774 383.19734478 383.45060272 381.94820988
160.20000000 611.06511386 613.41722468 614.94900078 612.93413552
160.10000000 609.14357222 612.64628367 610.59965143 612.43042452
160.20000000 729.48043709 731.84110240 734.33135906 731.03074365
160.20000000 611.06511386 613.44335336 614.97613409 612.95172083
141.40000000 609.53404653 610.98366492 612.36554434 613.82658547
141.40000000 730.58264778 734.37033759 731.82887365 734.10299607
141.40000000 609.19986283 613.39496902 611.47102363 611.27785510
141.40000000 731.21858270 734.80883111 733.03666316 734.62222816
160.10000000 729.47707121 731.70474519 731.47449705 734.30670922
141.40000000 731.21858270 734.81828851 733.04504248 734.63407340
66.40000000 306.03032104 310.19610553 307.60662914 308.02174470
66.40000000 310.03294225 315.04474223 316.95549268 307.20764180
66.40000000 687.56662574 687.80298944 690.97815861 694.30175028
66.40000000 306.03032104 310.19610553 307.60662914 308.02174470
85.10000000 309.85857467 310.85620239 313.40767782 313.64165636
85.10000000 691.64152726 693.86597948 695.13417068 695.05020779
85.10000000 311.03093707 316.50520013 312.06462626 313.63796159
85.10000000 691.06215719 692.67969874 692.13363298 696.59894722
66.40000000 690.14641304 696.39163610 694.02794277 688.38752588
85.10000000 691.06215719 692.67969874 692.13363298 696.59894722
216.40000000 659.42410540 661.30191571 663.58195107 662.12628207
216.40000000 660.76283329 662.10980616 663.26368097 665.52473729
216.40000000 339.56661956 342.20910263 342.14838624 343.72899907
216.40000000 659.42410540 661.30191571 663.58340035 662.13177854
235.10000000 660.44182945 663.71518652 664.43505032 662.01179513
235.10000000 340.37255092 342.60496114 344.13203149 343.20414815
235.10000000 659.52431482 662.19117976 663.55262036 660.91035007
235.10000000 340.76883927 342.54502723 344.96082696 343.66606476
216.40000000 339.77150781 343.62860707 341.57979264 342.84295825
235.10000000 340.76883927 342.54900549 344.96484594 343.66858058
141.40000000 132.08633355 134.95069075 136.29061202 134.22667347
141.40000000 128.16711784 130.42759008 130.39761458 132.89449139
141.40000000 170.26162007 173.48220678 173.92051411 172.13317627
141.40000000 132.08633355 134.95069075 136.29061202 134.22839761
310.10000000 130.58546795 134.23430504 134.22428803 132.17804843
310.10000000 170.27699562 175.36105321 173.11949645 171.37027923
310.20000000 129.51615729 131.78375080 133.77074106 131.81400006
310.20000000 168.60668973 171.30737756 172.87419340 170.51094808
141.40000000 170.14359086 171.06425472 172.60816127 175.48008171
310.20000000 168.60668973 171.30964970 172.87909413 170.51178842
291.40000000 479.79358705 481.58751540 483.77049828 482.88509213
291.40000000 479.33501835 482.79901277 482.75835333 481.06394141
291.40000000 520.42662564 522.40940624 524.77456537 522.89577806
291.40000000 479.79358705 481.59106554 483.77553728 482.88716652
160.10000000 481.55319598 483.70144538 484.88325887 485.00327709
160.10000000 520.28124162 523.20009083 524.66993287 522.21127543
160.20000000 480.32773303 482.88417835 482.72195758 483.91674583
160.20000000 518.92587679 520.12485148 524.05826805 520.83898722
291.40000000 519.81328139 521.21256304 525.35952955 521.46035927
160.20000000 518.92587679 520.12741558 524.06313320 520.84306719
328.90000000 220.45122148 223.77364622 223.10078419 222.92941429
328.90000000 221.23713862 223.70069928 225.37247029 222.95674033
328.90000000 781.06666901 783.88365166 783.36686148 784.72982647
328.90000000 220.45122148 223.87533723 223.19728202 223.01252922
347.60000000 220.03841369 222.76348969 222.46072243 223.34544163
347.60000000 779.92263224 783.79713779 782.69003252 781.95222304
347.60000000 220.44433620 223.84955154 224.29513395 222.00921613
347.60000000 780.03795228 783.69363475 783.27327960 781.59793780
328.90000000 781.17000149 782.97904022 785.34465315 784.17286493
347.60000000 780.03795228 783.81251926 783.36773114 781.69819936
178.90000000 569.07147675 573.09449443 570.98916526 572.15495515
178.90000000 570.34408679 570.92203356 574.82111052 574.05215883
178.90000000 431.09866729 435.18023864 435.08826201 431.89014046
178.90000000 569.07147675 573.07454992 570.97438918 572.13287698
197.60000000 569.64062894 574.72804251 573.35489756 569.69778190
197.60000000 429.10508096 431.67701456 431.83694852 432.38606613
197.60000000 570.56646238 573.88216727 572.78641037 573.98744036
197.60000000 430.28415901 433.13553061 432.83946246 433.75760188
178.90000000 431.22740209 434.48085074 434.23239603 434.09735995
197.60000000 430.28415901 433.11967755 432.82271806 433.74457724
253.90000000 399.62754360 400.58922520 404.16290352 402.18698380
253.90000000 400.20397867 402.66524253 402.35654059 403.76640206
253.90000000 249.60507580 252.97558998 253.09359955 251.43862388
253.90000000 399.62754360 400.63961999 404.21575604 402.23988798
122.60000000 401.37218892 405.19437150 408.18299404 399.30931445
122.60000000 250.77416421 255.45967744 253.16669970 252.29141954
122.60000000 400.78448758 404.63971151 402.16294905 404.78094815
122.60000000 248.55749063 250.93224963 254.36159539 249.17689468
253.90000000 249.92740943 254.54859340 250.88748223 253.44467878
122.60000000 248.55749063 250.95087227 254.37718482 249.18727488
103.90000000 749.07831060 752.03601225 753.77634981 750.53615174
103.90000000 750.29982147 751.93747338 753.91771734 753.80480080
103.90000000 600.70058817 600.92974765 602.72799582 606.12436980
103.90000000 749.07831060 752.01360552 753.73614152 750.49932868
272.60000000 750.03489522 753.23379064 753.21341145 752.78147360
272.60000000 599.67204598 601.77977381 604.29443888 601.33958068
272.70000000 751.21381947 753.78677006 753.66744602 755.08154991
272.70000000 601.16952939 603.59784292 604.42119778 604.42676099
103.90000000 600.37486287 602.30032241 604.85627925 603.04366259
272.70000000 601.16952939 603.53561659 604.34460674 604.35929522
155.50000000 189.14301419 192.88233310 192.18113437 191.15065858
155.50000000 192.18899159 195.61186598 195.60384854 195.13286551
155.50000000 530.97178460 533.64361308 532.42613390 535.64580227
155.50000000 189.14301419 192.88233310 192.18113437 191.15065858
230.50000000 189.58347568 191.68521527 192.65382393 193.39581617
230.50000000 529.76767362 531.67621040 534.28033894 532.10197614
230.40000000 190.13718155 191.78899794 193.17642716 194.39076424
230.40000000 531.02681464 532.93564322 533.35217562 535.62812817
155.50000000 531.76552048 535.55896991 534.89205283 533.58333684
230.40000000 531.02681464 532.93564322 533.35217562 535.62812817
305.40000000 539.21433012 542.31695096 542.01370642 541.63194418
305.50000000 539.83716274 543.36306721 542.62274346 541.92720264
305.40000000 180.97441737 182.36422639 184.39497586 184.63420818
305.40000000 539.21433012 542.31695096 542.01370642 541.63194418
80.50000000 539.75647519 542.10524371 545.03497783 541.70407011
80.50000000 182.37879630 185.30051791 185.24973292 186.19969627
80.40000000 542.62248156 543.80856218 544.55498060 548.21150182
80.40000000 180.70357733 181.08161737 183.12861616 186.69556704
305.50000000 181.16008485 186.17261167 181.25595143 184.28599417
80.40000000 180.70357733 181.08161737 183.12861616 186.69556704
80.50000000 363.32673565 362.37621442 369.29645970 366.35467030
80.50000000 358.50027778 360.05887501 368.35129766 356.73995301
80.50000000 351.96013993 353.94296347 355.98899153 355.39812986
80.50000000 363.32673565 362.37621442 369.29645970 366.35467030
155.50000000 360.22980083 363.87438604 360.91912276 364.20689871
155.50000000 350.92520381 353.52621532 352.19749075 355.43425896
155.40000000 360.18942519 362.90238677 363.99058645 362.71927634
155.40000000 350.33626349 354.14944866 350.49730694 354.76210640
80.50000000 349.11955247 351.18868441 355.67492170 350.04023511
155.40000000 350.33626349 354.14944866 350.49730694 354.76210640
230.50000000 710.16540659 711.29945465 714.72986645 713.30313905
230.50000000 708.81387944 712.02298567 711.81580630 711.19588161
230.50000000 701.10800457 702.51425981 703.84128830 705.74024433
230.50000000 710.16540659 711.29945465 714.72986645 713.30313905
305.50000000 710.60876114 712.52078840 714.80912782 712.88315928
305.50000000 701.13114707 703.20954650 703.79166839 705.01910404
305.40000000 709.86866839 713.36383995 712.63658729 712.28765148
305.40000000 699.90831380 702.60277332 701.70099918 704.18067257
230.50000000 700.21749051 705.08915376 702.58001288 701.79487653
305.40000000 699.90831380 702.60277332 701.70099918 704.18067257
267.90000000 279.95440632 284.28167534 284.20703214 280.57105317
267.90000000 280.64379260 284.06754918 283.13048955 283.39254321
267.90000000 609.51458757 614.01156849 609.83405950 613.40310274
267.90000000 279.95440632 284.33925996 284.28261095 280.63321889
192.90000000 281.98648263 285.61962269 283.15348725 286.17817311
192.90000000 609.62785534 610.96771358 613.46380606 613.12501604
193.00000000 279.57010998 283.86318792 284.49239007 279.24467794
193.00000000 610.35951855 613.36715261 613.05696914 613.35744643
267.90000000 609.24274278 611.82669009 612.83452162 611.93342815
193.00000000 610.35951855 613.41902745 613.11963170 613.41765247
118.00000000 628.66605729 630.90730921 632.11460473 631.89259700
118.00000000 630.61362276 634.82106057 635.55302962 630.28036920
118.00000000 258.60760095 259.42027017 262.00411211 262.42692741
118.00000000 628.66605729 630.89908340 632.11460473 631.88554442
342.90000000 630.39925264 632.76764035 633.47622862 633.74263169
342.90000000 259.86365246 263.24406158 261.24286052 263.72150292
343.00000000 631.24385862 633.82684264 635.31607934 633.13989860
343.00000000 260.33513708 264.33711566 264.32978546 261.25130275
118.00000000 260.35199663 264.51884482 261.57500898 265.32601125
343.00000000 260.33513708 264.30462162 264.30006963 261.22987351
342.90000000 99.72002199 103.64440576 103.42270822 100.58609675
343.00000000 100.08229360 102.73311769 103.68609006 102.53662794
342.90000000 439.06101726 441.32185181 441.98913133 442.56964911
342.90000000 99.72002199 103.67124553 103.45318281 100.62638724
267.90000000 100.30537562 103.89901416 103.17281716 102.67003741
267.90000000 439.35025044 443.45833900 441.74723601 441.93744209
267.90000000 101.63936893 102.89233037 105.86248377 104.84820136
267.90000000 438.91650954 441.22223006 443.25901196 441.11155313
343.00000000 440.96866899 444.07855051 443.31765290 444.19439344
267.90000000 438.91650954 441.24654964 443.28540863 441.14031855
193.00000000 449.69337653 451.05237792 452.10269592 454.83772648
193.00000000 449.04452164 452.14041191 450.28887908 453.98495320
193.00000000 789.50038879 792.35820855 794.36929742 790.82264691
193.00000000 449.69337653 450.99188783 452.04085261 454.78639019
117.90000000 449.08065011 452.72900677 451.57899682 451.43267185
117.90000000 788.23831234 792.31937863 793.30122815 788.01682965
118.00000000 452.31251666 456.19554513 453.81605532 455.68699467
118.00000000 791.50377812 788.75923847 796.18900107 797.56653011
193.00000000 790.87133230 794.57392874 794.97770973 792.16799996
118.00000000 791.50377812 788.74631659 796.17396747 797.54618409
99.20000000 406.77141270 408.28693610 410.52670800 410.99468638
99.20000000 406.81431057 405.87066302 411.31123788 412.34927431
99.20000000 658.74634289 662.05590667 662.64430660 660.33545801
99.20000000 406.77141270 408.32503074 410.56921306 411.02226604
174.20000000 410.76461152 414.18302523 415.64448750 411.67474168
174.20000000 658.24332058 663.03974367 664.25867514 656.54048240
174.20000000 409.65093032 411.98716550 410.75645095 414.78349223
174.20000000 658.85655259 662.90063839 660.80142218 662.34564355
99.20000000 660.21474972 662.79584900 663.83522365 663.39967009
174.20000000 658.85655259 662.93440712 660.85000637 662.37771774
249.20000000 760.50814292 764.27099341 764.10525046 761.84593437
249.20000000 759.24293321 761.50136955 762.83037367 762.25182588
249.20000000 309.39593463 310.83994568 314.24543411 312.16906080
249.20000000 760.50814292 764.17282252 764.03289931 761.74872331
324.20000000 759.62977688 763.54465264 761.33643470 763.07241465
324.20000000 310.69914293 314.03217843 313.76411002 312.90489361
324.20000000 759.33193165 762.45308251 761.25699652 762.82767574
324.20000000 310.06425780 313.06283468 313.94746605 311.72329868
249.20000000 310.25533040 312.82226707 315.89121930 311.13021188
324.20000000 310.06425780 312.99943933 313.88867767 311.66711438
174.20000000 230.02312706 234.16780211 233.88252938 230.46560978
174.20000000 229.23305144 231.36670002 233.03505702 231.89368859
174.20000000 130.41915642 132.27169143 133.77391889 133.67876408
174.20000000 230.02312706 234.20434368 233.92309884 230.50413627
249.20000000 229.67149589 232.06357341 233.53677018 232.14560082
249.20000000 130.13961478 132.27355808 133.74433942 133.28159464
249.20000000 231.04161086 236.05376364 235.70352698 230.45621199
249.20000000 129.65605404 133.33257633 131.21717607 133.09391629
174.20000000 130.49545863 133.18722184 134.24285114 132.74388426
249.20000000 129.65605404 133.41220727 131.29957081 133.17594572
324.30000000 579.59159775 582.89767392 582.34166663 582.48750849
324.20000000 579.32932200 584.32494017 580.93443936 581.66741532
324.30000000 480.95986393 484.20208245 485.06475779 482.25372210
324.30000000 579.59159775 582.84172460 582.28371515 582.41124629
99.20000000 578.92918000 584.55338310 580.34221283 581.69060923
99.20000000 481.55861783 485.23704360 484.32160676 484.09380272
99.20000000 577.25138769 582.69672478 577.36041488 579.73692373
99.20000000 481.49356561 486.87113310 479.64784419 486.05437487
324.20000000 480.14784245 483.03221435 482.77233413 483.00516306
99.20000000 481.49356561 486.84245643 479.61489131 486.04397820
286.70000000 139.77098243 142.92123986 143.71113497 141.29987416
286.70000000 139.45085087 141.07389889 144.01922266 141.44684986
286.70000000 751.30956042 754.57496158 754.52236133 754.02387150
286.70000000 139.77098243 142.88685734 143.69966678 141.27341037
211.70000000 141.28831182 145.61304256 142.59345205 145.05698688
211.70000000 750.44417401 750.83372032 754.36394044 755.65720867
211.70000000 141.11316079 145.03413262 143.20650729 144.15639638
211.70000000 751.56915252 751.68983132 757.21747359 754.37625188
286.70000000 751.36357424 752.76642082 754.99698028 754.67714677
211.70000000 751.56915252 751.68252981 757.21088368 754.35871847
136.70000000 489.60984408 492.96091970 491.37608233 493.38161683
136.70000000 490.86578573 495.46266228 492.28848350 493.77188145
136.70000000 401.27477975 403.31280496 404.44839179 404.92654069
136.70000000 489.60984408 492.96091970 491.37608233 493.37944291
61.70000000 492.71027339 497.63507919 494.06953937 496.88355064
61.70000000 400.36302456 400.29281910 405.00956260 405.33480850
61.70000000 491.90716552 496.95442559 494.94455833 492.46269965
61.70000000 403.87538558 405.99921861 405.41678800 409.11737060
136.70000000 400.45266694 400.98938293 404.40368061 404.46529893
61.70000000 403.87538558 405.99921861 405.40705949 409.11737060
211.70000000 319.47543078 321.22929158 322.37804518 323.42176185
211.70000000 319.06773922 322.39659853 321.18429402 322.44169898
211.70000000 219.89770962 222.78989833 222.48536424 223.18092697
211.70000000 319.47543078 321.24073922 322.40042518 323.43459865
136.70000000 320.51813444 320.84666808 326.33436717 323.03754209
136.70000000 221.32126629 224.06955823 225.00419015 224.24149765
136.70000000 319.34351013 321.66398918 323.21338549 321.82722342
136.70000000 221.87166822 223.73498294 225.75120912 225.08696213
211.70000000 219.61265514 221.88356921 223.03176361 222.89725751
136.70000000 221.87166822 223.73715685 225.75586029 225.09359326
61.70000000 668.04998615 671.39328136 669.84493810 672.34528289
61.70000000 668.14281639 672.12333266 668.30039910 672.30463112
61.70000000 572.21441036 569.51786847 581.31562192 575.07094675
61.70000000 668.04998615 671.40369802 669.86022632 672.35399501
286.70000000 670.43303947 671.58633226 674.76771024 673.65589452
286.70000000 570.05345831 571.93799555 573.17269149 573.55687796
286.70000000 670.31219972 671.08161167 674.34786424 674.06186731
286.70000000 569.66539455 572.11352184 572.59462748 572.73707566
61.70000000 571.29570354 573.54352800 577.38542271 571.66884311
286.70000000 569.66539455 572.13819561 572.61723734 572.76845381
333.60000000 340.07918623 343.78689678 343.59718502 341.47709699
333.60000000 339.80596610 343.15684334 342.07165393 342.59707688
333.60000000 370.89460646 372.96103378 374.05187815 374.04305258
333.60000000 340.07918623 343.69173533 343.50005741 341.39190693
127.30000000 337.93954578 340.12511292 342.51722475 340.03301457
127.30000000 370.38664792 372.02855521 372.88580476 375.15588478
127.30000000 340.97140911 343.76718972 345.15092858 342.53711719
127.30000000 371.13351555 372.96701239 376.56991918 373.25100589
333.60000000 370.73504472 373.93572182 374.81249786 372.09745668
127.30000000 371.13351555 372.89061471 376.51204371 373.18883931
183.60000000 691.73148306 693.47837157 696.41932460 694.14814878
183.60000000 692.10232407 694.88800373 694.53008356 695.71898846
183.60000000 720.85573447 725.30746560 723.66835896 722.76080747
183.60000000 691.73148306 693.49089975 696.43517831 694.15281983
277.40000000 688.96970735 691.33745738 691.43086201 693.19376909
277.40000000 721.11035012 724.42284669 724.49278199 723.35489699
277.30000000 690.06843458 692.36493146 694.02057685 692.88860599
277.30000000 719.80933477 723.38028008 723.54467753 721.35852974
183.60000000 721.06783432 724.59116479 724.56451355 722.99325860
277.30000000 719.80933477 723.39163603 723.56729034 721.38319725
258.60000000 169.13902844 173.37695855 171.41125163 171.21643153
258.60000000 168.90992353 169.98692655 172.73208866 171.94711651
258.60000000 549.91992455 552.45457372 553.66448186 552.62437656
258.60000000 169.13902844 173.33103307 171.35250092 171.18135103
202.40000000 167.56497042 170.62375662 171.07364747 169.68000911
202.40000000 548.79213286 551.91447908 551.40924251 551.55599759
202.40000000 170.50630056 174.33634840 173.27306015 172.97009933
202.40000000 550.35594165 551.74733329 553.00297131 555.07819308
258.60000000 549.91852762 550.96786110 554.56100769 552.74689173
202.40000000 550.35594165 551.73408928 552.97894669 555.05621373
108.60000000 518.09726807 523.33884698 522.25121719 517.58782653
108.50000000 520.27910311 524.54186725 521.88759495 523.45653011
108.60000000 201.16060266 203.45866029 205.83752596 202.85213584
108.60000000 518.09726807 523.35987413 522.27039748 517.60459557
52.30000000 517.66561513 520.32587554 526.88002070 514.45538730
52.30000000 198.40560346 200.27453208 202.00187361 201.26250000
52.30000000 520.53825735 521.03694606 521.57475350 527.36025707
52.30000000 201.71484675 202.49884005 205.60391001 206.89988625
108.50000000 201.07379153 200.45176284 206.79689706 204.09796982
52.30000000 201.71484675 202.49884005 205.60391001 206.89988625
71.10000000 251.62593875 251.93808964 257.04569371 253.86480164
71.10000000 251.50709102 249.74385744 260.08655827 253.12140523
71.10000000 291.74448804 293.45209778 296.96362588 294.31915348
71.10000000 251.62593875 251.95156367 257.05339742 253.87506619
239.90000000 251.67938197 252.49923780 256.22814571 255.24843418
239.90000000 289.87320680 293.47688514 294.14361027 290.03536719
239.90000000 250.13313304 251.55989973 252.52837675 254.98164067
239.90000000 289.39235387 292.38074244 294.53312502 289.71404737
71.10000000 290.20096021 288.88591321 298.64945906 291.26919195
239.90000000 289.39235387 292.41274629 294.55696208 289.73245888
221.10000000 600.57722895 603.29272633 603.24551704 604.06702357
221.10000000 600.11526698 602.94541236 604.12131994 602.12935727
221.10000000 640.13127999 644.04189729 642.73546459 642.26472272
221.10000000 600.57722895 603.30227834 603.25513289 604.08167506
89.80000000 599.98883099 604.83725556 603.67300602 601.13355109
89.80000000 639.21423495 641.49096792 641.64809874 643.36682225
89.90000000 599.97585436 603.74327885 602.11588317 602.69666888
89.90000000 638.57853068 641.11937696 643.04014924 639.55505603
221.10000000 639.00167258 641.08673325 645.09318967 639.84445781
89.90000000 638.57853068 641.11937696 643.04014924 639.55808633
146.00000000 429.47589439 432.77570603 433.44568292 430.79106655
146.10000000 429.57185554 431.87607017 434.79448256 431.24459560
146.00000000 457.19658341 460.80609592 458.87337087 461.18026120
146.00000000 429.47589439 432.78639528 433.45574039 430.80223910
164.80000000 430.23977348 432.32518689 434.21790483 432.58545297
164.80000000 459.54314973 460.29224040 462.30005487 464.37186533
164.90000000 431.30475979 433.10363575 435.19989855 433.54343807
164.90000000 461.16155091 464.51502474 465.79403873 461.56513782
146.10000000 461.95223181 463.55946159 465.50503200 465.96407352
164.90000000 461.16155091 464.53490300 465.81502730 461.58306664
296.10000000 781.06360888 782.71005894 784.85053550 783.88301448
296.10000000 779.72885084 781.01783384 783.23709032 783.40475872
296.10000000 110.67299376 113.03067956 112.91682258 114.50408275
296.10000000 781.06360888 782.72385268 784.86216193 783.89445257
314.90000000 780.28744577 783.58294713 783.82981327 781.95720826
314.90000000 111.23145993 113.39768242 116.03218659 113.37278305
314.90000000 779.87306723 781.88957653 783.41117781 782.70627101
314.90000000 109.90797277 113.53744201 112.84394029 112.41478886
296.10000000 110.16784248 112.30965887 114.21722152 112.76646561
314.90000000 109.90797277 113.56349653 112.86867251 112.43136499
202.30000000 121.05024225 124.40317072 124.98291151 122.70446243
202.40000000 121.52126447 122.64208931 125.05363578 125.30166675
202.30000000 240.53049116 245.06715979 242.52327360 242.84072785
202.30000000 121.05024225 124.41807824 124.99233897 122.72512724
258.60000000 120.03557404 121.48057573 124.08222827 122.87430396
258.60000000 240.27319898 240.37139864 245.53088061 243.50333039
258.60000000 121.08914046 122.04502180 125.69653376 123.97061690
258.60000000 239.79567103 242.65644726 242.99436701 242.42778715
202.40000000 241.68252787 245.16894954 244.37473627 244.10624330
258.60000000 239.79567103 242.69710822 243.04305845 242.46466849
52.30000000 472.04891147 477.64979510 475.10167420 472.55757978
52.30000000 469.66997259 470.92232193 474.38927022 474.32050205
52.30000000 591.54502903 597.81389609 590.47775090 594.59486976
52.30000000 472.04891147 477.64979510 475.10167420 472.55757978
108.60000000 473.10085456 474.02822234 478.75199600 475.51692067
108.60000000 588.08179233 590.33784634 594.25338096 589.00225673
108.60000000 471.62776295 476.36625357 474.06004560 474.43554483
108.60000000 588.18831785 590.67421668 594.09005266 588.38109819
52.30000000 591.18274195 595.41502684 592.80390254 595.96611561
108.60000000 588.18831785 590.67715785 594.09261676 588.38395533
277.40000000 299.62534557 301.74883497 304.85836742 300.67123005
277.40000000 300.18439438 302.92423355 302.21515946 304.22389436
277.40000000 769.82735143 772.87562279 773.10263040 772.15314427
277.40000000 299.62534557 301.72670871 304.83328914 300.65094521
183.50000000 299.36731024 302.44881339 302.88575459 302.10202133
183.50000000 769.31370927 770.43808640 773.75024487 772.26792270
183.60000000 299.85710502 300.55134288 305.02920285 302.62481743
183.60000000 768.55646860 771.43968172 773.53860779 769.28080014
277.40000000 770.92800989 774.26687977 773.37789288 773.82150347
183.60000000 768.55646860 771.42908859 773.52912935 769.27331081
127.40000000 650.10642420 651.68163831 654.37949387 652.77141217
127.30000000 650.28101405 654.88142226 653.47797094 651.43057046
127.40000000 421.30800514 424.23030803 424.11257374 424.16199150
127.40000000 650.10642420 651.65743850 654.36045041 652.75225879
333.60000000 650.37844260 654.22867839 653.02321025 652.15616356
333.60000000 419.76952630 423.77542345 421.96427142 422.33707204
333.60000000 650.31192853 653.36643151 652.79306235 653.17946856
333.60000000 420.37296699 421.64848612 424.38744246 423.72060799
127.30000000 419.68652385 421.38474266 424.70089884 422.39394166
333.60000000 420.37296699 421.63044955 424.36121407 423.69868767
164.90000000 379.79848764 380.11358932 384.30117338 383.05256500
164.90000000 379.31750801 379.82593694 382.37913843 384.20360125
164.90000000 160.82593589 166.68306525 162.55187199 162.58966805
164.90000000 379.79848764 380.04593415 384.22757182 382.97229986
146.10000000 380.09276538 382.69813359 383.03779616 383.56714142
146.10000000 160.39668288 163.78837731 163.44634445 162.67028612
146.10000000 380.18106938 382.75907793 383.72843520 382.86468349
146.10000000 160.54827526 164.17811892 164.24440473 162.12149392
164.90000000 159.64779373 164.74415442 160.83948759 162.15858220
146.10000000 160.54827526 164.15118020 164.21195889 162.09352848
314.90000000 728.96970004 730.90697612 732.33878149 732.00141745
314.90000000 730.79388337 734.02528667 735.51640761 731.65765255
314.90000000 510.57803731 513.86409094 513.53492408 512.70987205
314.90000000 728.96970004 730.95086044 732.36987307 732.04023404
296.10000000 730.65369815 733.42250085 733.02993901 734.28105729
296.10000000 509.34921676 511.00055459 512.92802014 512.36622114
296.10000000 730.07517912 733.13346407 732.29549203 733.71881108
296.10000000 509.67118949 513.15564329 510.82200789 513.79657726
314.90000000 510.12882905 513.40940872 511.88491325 513.51191261
296.10000000 509.67118949 513.17935267 510.84300212 513.82061508
89.80000000 211.04662538 214.81273419 216.85826980 210.51621949
89.80000000 209.73457922 214.29635566 210.70900753 213.74215235
89.80000000 681.16669726 685.31783571 683.32530135 683.68077835
89.80000000 211.04662538 214.81273419 216.83472155 210.50914753
221.10000000 211.25416936 212.66096945 214.20693096 215.74419520
221.10000000 681.16853567 683.23390014 684.81276239 684.13669833
221.00000000 209.86682546 212.53306207 211.75774803 214.10851602
221.00000000 680.03209001 682.21050779 682.24954729 684.47803346
89.80000000 679.26138884 684.17394619 683.91713598 678.46224507
221.00000000 680.03209001 682.15424747 682.19545612 684.42457564
239.80000000 560.28733923 562.50472081 564.13690367 562.77502189
239.90000000 561.28304234 564.58227421 562.90395934 564.95210369
239.80000000 329.58292138 332.68595652 333.25770033 331.62459459
239.80000000 560.28733923 562.54808502 564.17446555 562.80182336
71.10000000 557.78727866 558.12877184 564.37520619 560.31608209
71.10000000 332.85928385 334.11469242 336.00815605 337.17427183
71.10000000 559.07657587 561.48339623 558.25413494 565.71780691
71.10000000 330.40430080 331.44711490 336.19939409 332.53235514
239.90000000 330.53688740 335.60574446 331.75460801 332.58660874
71.10000000 330.40430080 331.46675094 336.20696552 332.53918385
