100.0000 10.0000 0.0000 10.0000
100.0000 10.0000 0.0000 10.0000
100.0000 10.0000 0.0000 10.0000
100.0000 10.0000 0.0000 10.0000
100.0000 10.0000 0.0000 10.0000
100.0000 10.0000 0.0000 10.0000
400.0000 45.0000 0.5000 45.0000
400.0000 45.0000 0.5000 45.0000
400.0000 45.0000 0.5000 45.0000
400.0000 45.0000 0.5000 45.0000
400.0000 45.0000 0.5000 45.0000
400.0000 45.0000 0.5000 45.0000
550.0000 27.5000 0.2500 27.5000
550.0000 27.5000 0.2500 27.5000
550.0000 62.5000 0.2500 27.5000
550.0000 27.5000 0.2500 27.5000
550.0000 27.5000 0.2500 62.5000
550.0000 62.5000 0.2500 62.5000
250.0000 62.5000 0.7500 62.5000
250.0000 62.5000 0.7500 62.5000
250.0000 27.5000 0.7500 62.5000
250.0000 62.5000 0.7500 62.5000
250.0000 62.5000 0.7500 27.5000
250.0000 27.5000 0.7500 27.5000
325.0000 36.2500 0.6250 71.2500
325.0000 36.2500 0.6250 71.2500
325.0000 18.7500 0.6250 71.2500
325.0000 36.2500 0.3750 71.2500
325.0000 36.2500 0.6250 71.2500
325.0000 18.7500 0.3750 71.2500
625.0000 71.2500 0.1250 36.2500
625.0000 71.2500 0.1250 36.2500
625.0000 53.7500 0.1250 36.2500
625.0000 71.2500 0.8750 36.2500
625.0000 71.2500 0.1250 36.2500
625.0000 53.7500 0.8750 36.2500
475.0000 18.7500 0.8750 53.7500
475.0000 18.7500 0.8750 53.7500
475.0000 71.2500 0.8750 53.7500
475.0000 18.7500 0.1250 53.7500
475.0000 18.7500 0.8750 18.7500
475.0000 71.2500 0.1250 18.7500
175.0000 53.7500 0.3750 18.7500
175.0000 53.7500 0.3750 18.7500
175.0000 36.2500 0.3750 18.7500
175.0000 53.7500 0.6250 18.7500
175.0000 53.7500 0.3750 53.7500
175.0000 36.2500 0.6250 53.7500
212.5000 31.8750 0.9375 40.6250
437.5000 31.8750 0.9375 40.6250
212.5000 31.8750 0.9375 40.6250
212.5000 31.8750 0.4375 40.6250
212.5000 31.8750 0.9375 75.6250
437.5000 31.8750 0.4375 75.6250
512.5000 66.8750 0.4375 75.6250
137.5000 66.8750 0.4375 75.6250
512.5000 66.8750 0.4375 75.6250
512.5000 66.8750 0.9375 75.6250
512.5000 66.8750 0.4375 40.6250
137.5000 66.8750 0.9375 40.6250
662.5000 14.3750 0.6875 23.1250
287.5000 14.3750 0.6875 23.1250
662.5000 49.3750 0.6875 23.1250
662.5000 14.3750 0.1875 23.1250
662.5000 14.3750 0.6875 23.1250
287.5000 49.3750 0.1875 23.1250
362.5000 49.3750 0.1875 58.1250
587.5000 49.3750 0.1875 58.1250
362.5000 14.3750 0.1875 58.1250
362.5000 49.3750 0.6875 58.1250
362.5000 49.3750 0.1875 58.1250
587.5000 14.3750 0.6875 58.1250
287.5000 23.1250 0.3125 49.3750
662.5000 23.1250 0.3125 49.3750
287.5000 40.6250 0.3125 49.3750
287.5000 23.1250 0.0625 49.3750
287.5000 23.1250 0.3125 14.3750
662.5000 40.6250 0.0625 14.3750
587.5000 58.1250 0.8125 14.3750
362.5000 58.1250 0.8125 14.3750
587.5000 75.6250 0.8125 14.3750
587.5000 58.1250 0.5625 14.3750
587.5000 58.1250 0.8125 49.3750
362.5000 75.6250 0.5625 49.3750
437.5000 40.6250 0.0625 66.8750
212.5000 40.6250 0.0625 66.8750
437.5000 58.1250 0.0625 66.8750
437.5000 40.6250 0.3125 66.8750
437.5000 40.6250 0.0625 66.8750
212.5000 58.1250 0.3125 66.8750
137.5000 75.6250 0.5625 31.8750
512.5000 75.6250 0.5625 31.8750
137.5000 23.1250 0.5625 31.8750
137.5000 75.6250 0.8125 31.8750
137.5000 75.6250 0.5625 31.8750
512.5000 23.1250 0.8125 31.8750
156.2500 42.8125 0.4688 55.9375
268.7500 42.8125 0.4688 55.9375
156.2500 77.8125 0.4688 55.9375
156.2500 42.8125 0.5312 55.9375
156.2500 42.8125 0.4688 69.0625
268.7500 77.8125 0.5312 69.0625
456.2500 77.8125 0.9688 20.9375
568.7500 77.8125 0.9688 20.9375
456.2500 42.8125 0.9688 20.9375
456.2500 77.8125 0.0312 20.9375
456.2500 77.8125 0.9688 34.0625
568.7500 42.8125 0.0312 34.0625
606.2500 25.3125 0.2188 73.4375
418.7500 25.3125 0.2188 73.4375
606.2500 25.3125 0.2188 73.4375
606.2500 25.3125 0.7812 73.4375
606.2500 25.3125 0.2188 16.5625
418.7500 25.3125 0.7812 16.5625
306.2500 60.3125 0.7188 38.4375
118.7500 60.3125 0.7188 38.4375
306.2500 60.3125 0.7188 38.4375
306.2500 60.3125 0.2812 38.4375
306.2500 60.3125 0.7188 51.5625
118.7500 60.3125 0.2812 51.5625
381.2500 16.5625 0.8438 29.6875
193.7500 16.5625 0.8438 29.6875
381.2500 69.0625 0.8438 29.6875
381.2500 16.5625 0.9062 29.6875
381.2500 16.5625 0.8438 25.3125
193.7500 69.0625 0.9062 25.3125
681.2500 51.5625 0.3438 64.6875
493.7500 51.5625 0.3438 64.6875
681.2500 34.0625 0.3438 64.6875
681.2500 51.5625 0.4062 64.6875
681.2500 51.5625 0.3438 60.3125
493.7500 34.0625 0.4062 60.3125
531.2500 34.0625 0.5938 12.1875
643.7500 34.0625 0.5938 12.1875
531.2500 16.5625 0.5938 12.1875
531.2500 34.0625 0.6562 12.1875
531.2500 34.0625 0.5938 77.8125
643.7500 16.5625 0.6562 77.8125
231.2500 69.0625 0.0938 47.1875
343.7500 69.0625 0.0938 47.1875
231.2500 51.5625 0.0938 47.1875
231.2500 69.0625 0.1562 47.1875
231.2500 69.0625 0.0938 42.8125
343.7500 51.5625 0.1562 42.8125
193.7500 20.9375 0.5312 69.0625
606.2500 20.9375 0.5312 69.0625
193.7500 55.9375 0.5312 69.0625
193.7500 20.9375 0.9688 69.0625
193.7500 20.9375 0.5312 20.9375
606.2500 55.9375 0.9688 20.9375
493.7500 55.9375 0.0312 34.0625
306.2500 55.9375 0.0312 34.0625
493.7500 20.9375 0.0312 34.0625
493.7500 55.9375 0.4688 34.0625
493.7500 55.9375 0.0312 55.9375
306.2500 20.9375 0.4688 55.9375
643.7500 38.4375 0.7812 51.5625
156.2500 38.4375 0.7812 51.5625
643.7500 38.4375 0.7812 51.5625
643.7500 38.4375 0.7188 51.5625
643.7500 38.4375 0.7812 73.4375
156.2500 38.4375 0.7188 73.4375
343.7500 73.4375 0.2812 16.5625
456.2500 73.4375 0.2812 16.5625
343.7500 73.4375 0.2812 16.5625
343.7500 73.4375 0.2188 16.5625
343.7500 73.4375 0.2812 38.4375
456.2500 73.4375 0.2188 38.4375
268.7500 29.6875 0.1562 25.3125
531.2500 29.6875 0.1562 25.3125
268.7500 47.1875 0.1562 25.3125
268.7500 29.6875 0.5938 25.3125
268.7500 29.6875 0.1562 64.6875
531.2500 47.1875 0.5938 64.6875
568.7500 64.6875 0.6562 60.3125
231.2500 64.6875 0.6562 60.3125
568.7500 12.1875 0.6562 60.3125
568.7500 64.6875 0.0938 60.3125
568.7500 64.6875 0.6562 29.6875
231.2500 12.1875 0.0938 29.6875
418.7500 12.1875 0.4062 42.8125
381.2500 12.1875 0.4062 42.8125
418.7500 29.6875 0.4062 42.8125
418.7500 12.1875 0.8438 42.8125
418.7500 12.1875 0.4062 12.1875
381.2500 29.6875 0.8438 12.1875
118.7500 47.1875 0.9062 77.8125
681.2500 47.1875 0.9062 77.8125
118.7500 64.6875 0.9062 77.8125
118.7500 47.1875 0.3438 77.8125
118.7500 47.1875 0.9062 47.1875
681.2500 64.6875 0.3438 47.1875
128.1250 28.5938 0.7031 48.2812
184.3750 28.5938 0.7031 48.2812
128.1250 74.5312 0.7031 48.2812
128.1250 28.5938 0.7969 48.2812
128.1250 28.5938 0.7031 57.0312
184.3750 74.5312 0.7969 57.0312
428.1250 63.5938 0.2031 13.2812
484.3750 63.5938 0.2031 13.2812
428.1250 39.5312 0.2031 13.2812
428.1250 63.5938 0.2969 13.2812
428.1250 63.5938 0.2031 22.0312
484.3750 39.5312 0.2969 22.0312
578.1250 11.0938 0.9531 65.7812
634.3750 11.0938 0.9531 65.7812
578.1250 22.0312 0.9531 65.7812
578.1250 11.0938 0.5469 65.7812
578.1250 11.0938 0.9531 39.5312
634.3750 22.0312 0.5469 39.5312
278.1250 46.0938 0.4531 30.7812
334.3750 46.0938 0.4531 30.7812
278.1250 57.0312 0.4531 30.7812
278.1250 46.0938 0.0469 30.7812
278.1250 46.0938 0.4531 74.5312
334.3750 57.0312 0.0469 74.5312
353.1250 19.8438 0.0781 39.5312
259.3750 19.8438 0.0781 39.5312
353.1250 65.7812 0.0781 39.5312
353.1250 19.8438 0.6719 39.5312
353.1250 19.8438 0.0781 30.7812
259.3750 65.7812 0.6719 30.7812
653.1250 54.8438 0.5781 74.5312
559.3750 54.8438 0.5781 74.5312
653.1250 30.7812 0.5781 74.5312
653.1250 54.8438 0.1719 74.5312
653.1250 54.8438 0.5781 65.7812
559.3750 30.7812 0.1719 65.7812
503.1250 37.3438 0.3281 22.0312
409.3750 37.3438 0.3281 22.0312
503.1250 13.2812 0.3281 22.0312
503.1250 37.3438 0.9219 22.0312
503.1250 37.3438 0.3281 48.2812
409.3750 13.2812 0.9219 48.2812
203.1250 72.3438 0.8281 57.0312
109.3750 72.3438 0.8281 57.0312
203.1250 48.2812 0.8281 57.0312
203.1250 72.3438 0.4219 57.0312
203.1250 72.3438 0.8281 13.2812
109.3750 48.2812 0.4219 13.2812
240.6250 15.4688 0.2656 78.9062
521.8750 15.4688 0.2656 78.9062
240.6250 61.4062 0.2656 78.9062
240.6250 15.4688 0.7344 78.9062
240.6250 15.4688 0.2656 35.1562
521.8750 61.4062 0.7344 35.1562
540.6250 50.4688 0.7656 43.9062
221.8750 50.4688 0.7656 43.9062
540.6250 26.4062 0.7656 43.9062
540.6250 50.4688 0.2344 43.9062
540.6250 50.4688 0.7656 70.1562
221.8750 26.4062 0.2344 70.1562
690.6250 32.9688 0.0156 61.4062
371.8750 32.9688 0.0156 61.4062
690.6250 43.9062 0.0156 61.4062
690.6250 32.9688 0.9844 61.4062
690.6250 32.9688 0.0156 52.6562
371.8750 43.9062 0.9844 52.6562
390.6250 67.9688 0.5156 26.4062
671.8750 67.9688 0.5156 26.4062
390.6250 78.9062 0.5156 26.4062
390.6250 67.9688 0.4844 26.4062
390.6250 67.9688 0.5156 17.6562
671.8750 78.9062 0.4844 17.6562
315.6250 41.7188 0.8906 17.6562
596.8750 41.7188 0.8906 17.6562
315.6250 52.6562 0.8906 17.6562
315.6250 41.7188 0.8594 17.6562
315.6250 41.7188 0.8906 61.4062
596.8750 52.6562 0.8594 61.4062
615.6250 76.7188 0.3906 52.6562
296.8750 76.7188 0.3906 52.6562
615.6250 17.6562 0.3906 52.6562
615.6250 76.7188 0.3594 52.6562
615.6250 76.7188 0.3906 26.4062
296.8750 17.6562 0.3594 26.4062
465.6250 24.2188 0.6406 35.1562
146.8750 24.2188 0.6406 35.1562
465.6250 35.1562 0.6406 35.1562
465.6250 24.2188 0.6094 35.1562
465.6250 24.2188 0.6406 43.9062
146.8750 35.1562 0.6094 43.9062
165.6250 59.2188 0.1406 70.1562
446.8750 59.2188 0.1406 70.1562
165.6250 70.1562 0.1406 70.1562
165.6250 59.2188 0.1094 70.1562
165.6250 59.2188 0.1406 78.9062
446.8750 70.1562 0.1094 78.9062
146.8750 26.4062 0.7969 19.8438
353.1250 26.4062 0.7969 19.8438
146.8750 15.4688 0.7969 19.8438
146.8750 26.4062 0.2656 19.8438
146.8750 26.4062 0.7969 41.7188
353.1250 15.4688 0.2656 41.7188
446.8750 61.4062 0.2969 54.8438
653.1250 61.4062 0.2969 54.8438
446.8750 50.4688 0.2969 54.8438
446.8750 61.4062 0.7656 54.8438
446.8750 61.4062 0.2969 76.7188
653.1250 50.4688 0.7656 76.7188
596.8750 43.9062 0.5469 37.3438
503.1250 43.9062 0.5469 37.3438
596.8750 67.9688 0.5469 37.3438
596.8750 43.9062 0.0156 37.3438
596.8750 43.9062 0.5469 59.2188
503.1250 67.9688 0.0156 59.2188
296.8750 78.9062 0.0469 72.3438
203.1250 78.9062 0.0469 72.3438
296.8750 32.9688 0.0469 72.3438
296.8750 78.9062 0.5156 72.3438
296.8750 78.9062 0.0469 24.2188
203.1250 32.9688 0.5156 24.2188
371.8750 35.1562 0.4219 63.5938
128.1250 35.1562 0.4219 63.5938
371.8750 24.2188 0.4219 63.5938
371.8750 35.1562 0.1406 63.5938
371.8750 35.1562 0.4219 50.4688
128.1250 24.2188 0.1406 50.4688
671.8750 70.1562 0.9219 28.5938
428.1250 70.1562 0.9219 28.5938
671.8750 59.2188 0.9219 28.5938
671.8750 70.1562 0.6406 28.5938
671.8750 70.1562 0.9219 15.4688
428.1250 59.2188 0.6406 15.4688
521.8750 17.6562 0.1719 46.0938
578.1250 17.6562 0.1719 46.0938
521.8750 76.7188 0.1719 46.0938
521.8750 17.6562 0.3906 46.0938
521.8750 17.6562 0.1719 32.9688
578.1250 76.7188 0.3906 32.9688
221.8750 52.6562 0.6719 11.0938
278.1250 52.6562 0.6719 11.0938
221.8750 41.7188 0.6719 11.0938
221.8750 52.6562 0.8906 11.0938
221.8750 52.6562 0.6719 67.9688
278.1250 41.7188 0.8906 67.9688
184.3750 39.5312 0.2344 32.9688
690.6250 39.5312 0.2344 32.9688
184.3750 28.5938 0.2344 32.9688
184.3750 39.5312 0.2031 32.9688
184.3750 39.5312 0.2344 46.0938
690.6250 28.5938 0.2031 46.0938
484.3750 74.5312 0.7344 67.9688
390.6250 74.5312 0.7344 67.9688
484.3750 63.5938 0.7344 67.9688
484.3750 74.5312 0.7031 67.9688
484.3750 74.5312 0.7344 11.0938
390.6250 63.5938 0.7031 11.0938
634.3750 22.0312 0.4844 15.4688
240.6250 22.0312 0.4844 15.4688
634.3750 46.0938 0.4844 15.4688
634.3750 22.0312 0.4531 15.4688
634.3750 22.0312 0.4844 28.5938
240.6250 46.0938 0.4531 28.5938
334.3750 57.0312 0.9844 50.4688
540.6250 57.0312 0.9844 50.4688
334.3750 11.0938 0.9844 50.4688
334.3750 57.0312 0.9531 50.4688
334.3750 57.0312 0.9844 63.5938
540.6250 11.0938 0.9531 63.5938
259.3750 13.2812 0.6094 59.2188
465.6250 13.2812 0.6094 59.2188
259.3750 37.3438 0.6094 59.2188
259.3750 13.2812 0.3281 59.2188
259.3750 13.2812 0.6094 37.3438
465.6250 37.3438 0.3281 37.3438
559.3750 48.2812 0.1094 24.2188
165.6250 48.2812 0.1094 24.2188
559.3750 72.3438 0.1094 24.2188
559.3750 48.2812 0.8281 24.2188
559.3750 48.2812 0.1094 72.3438
165.6250 72.3438 0.8281 72.3438
409.3750 30.7812 0.8594 76.7188
315.6250 30.7812 0.8594 76.7188
409.3750 54.8438 0.8594 76.7188
409.3750 30.7812 0.0781 76.7188
409.3750 30.7812 0.8594 54.8438
315.6250 54.8438 0.0781 54.8438
109.3750 65.7812 0.3594 41.7188
615.6250 65.7812 0.3594 41.7188
109.3750 19.8438 0.3594 41.7188
109.3750 65.7812 0.5781 41.7188
109.3750 65.7812 0.3594 19.8438
615.6250 19.8438 0.5781 19.8438
114.0625 37.8906 0.8203 68.5156
489.0625 37.8906 0.8203 68.5156
114.0625 41.1719 0.8203 68.5156
114.0625 37.8906 0.6641 68.5156
114.0625 37.8906 0.8203 24.7656
489.0625 41.1719 0.6641 24.7656
414.0625 72.8906 0.3203 33.5156
189.0625 72.8906 0.3203 33.5156
414.0625 76.1719 0.3203 33.5156
414.0625 72.8906 0.1641 33.5156
414.0625 72.8906 0.3203 59.7656
189.0625 76.1719 0.1641 59.7656
564.0625 20.3906 0.5703 51.0156
339.0625 20.3906 0.5703 51.0156
564.0625 58.6719 0.5703 51.0156
564.0625 20.3906 0.9141 51.0156
564.0625 20.3906 0.5703 77.2656
339.0625 58.6719 0.9141 77.2656
264.0625 55.3906 0.0703 16.0156
639.0625 55.3906 0.0703 16.0156
264.0625 23.6719 0.0703 16.0156
264.0625 55.3906 0.4141 16.0156
264.0625 55.3906 0.0703 42.2656
639.0625 23.6719 0.4141 42.2656
339.0625 11.6406 0.4453 24.7656
564.0625 11.6406 0.4453 24.7656
339.0625 32.4219 0.4453 24.7656
339.0625 11.6406 0.7891 24.7656
339.0625 11.6406 0.4453 68.5156
564.0625 32.4219 0.7891 68.5156
639.0625 46.6406 0.9453 59.7656
264.0625 46.6406 0.9453 59.7656
639.0625 67.4219 0.9453 59.7656
639.0625 46.6406 0.2891 59.7656
639.0625 46.6406 0.9453 33.5156
264.0625 67.4219 0.2891 33.5156
489.0625 29.1406 0.1953 42.2656
114.0625 29.1406 0.1953 42.2656
489.0625 49.9219 0.1953 42.2656
489.0625 29.1406 0.5391 42.2656
489.0625 29.1406 0.1953 16.0156
114.0625 49.9219 0.5391 16.0156
189.0625 64.1406 0.6953 77.2656
414.0625 64.1406 0.6953 77.2656
189.0625 14.9219 0.6953 77.2656
189.0625 64.1406 0.0391 77.2656
189.0625 64.1406 0.6953 51.0156
414.0625 14.9219 0.0391 51.0156
226.5625 24.7656 0.1328 55.3906
226.5625 24.7656 0.1328 55.3906
226.5625 19.2969 0.1328 55.3906
226.5625 24.7656 0.8516 55.3906
226.5625 24.7656 0.1328 64.1406
226.5625 19.2969 0.8516 64.1406
526.5625 59.7656 0.6328 20.3906
526.5625 59.7656 0.6328 20.3906
526.5625 54.2969 0.6328 20.3906
526.5625 59.7656 0.3516 20.3906
526.5625 59.7656 0.6328 29.1406
526.5625 54.2969 0.3516 29.1406
676.5625 42.2656 0.3828 72.8906
676.5625 42.2656 0.3828 72.8906
676.5625 71.7969 0.3828 72.8906
676.5625 42.2656 0.6016 72.8906
676.5625 42.2656 0.3828 11.6406
676.5625 71.7969 0.6016 11.6406
376.5625 77.2656 0.8828 37.8906
376.5625 77.2656 0.8828 37.8906
376.5625 36.7969 0.8828 37.8906
376.5625 77.2656 0.1016 37.8906
376.5625 77.2656 0.8828 46.6406
376.5625 36.7969 0.1016 46.6406
301.5625 33.5156 0.5078 29.1406
301.5625 33.5156 0.5078 29.1406
301.5625 10.5469 0.5078 29.1406
301.5625 33.5156 0.7266 29.1406
301.5625 33.5156 0.5078 20.3906
301.5625 10.5469 0.7266 20.3906
601.5625 68.5156 0.0078 64.1406
601.5625 68.5156 0.0078 64.1406
601.5625 45.5469 0.0078 64.1406
601.5625 68.5156 0.2266 64.1406
601.5625 68.5156 0.0078 55.3906
601.5625 45.5469 0.2266 55.3906
451.5625 16.0156 0.7578 11.6406
451.5625 16.0156 0.7578 11.6406
451.5625 63.0469 0.7578 11.6406
451.5625 16.0156 0.9766 11.6406
451.5625 16.0156 0.7578 72.8906
451.5625 63.0469 0.9766 72.8906
151.5625 51.0156 0.2578 46.6406
151.5625 51.0156 0.2578 46.6406
151.5625 28.0469 0.2578 46.6406
151.5625 51.0156 0.4766 46.6406
151.5625 51.0156 0.2578 37.8906
151.5625 28.0469 0.4766 37.8906
170.3125 18.2031 0.6641 44.4531
657.8125 18.2031 0.6641 44.4531
170.3125 47.7344 0.6641 44.4531
170.3125 18.2031 0.1328 44.4531
170.3125 18.2031 0.6641 75.0781
657.8125 47.7344 0.1328 75.0781
470.3125 53.2031 0.1641 79.4531
357.8125 53.2031 0.1641 79.4531
470.3125 12.7344 0.1641 79.4531
470.3125 53.2031 0.6328 79.4531
470.3125 53.2031 0.1641 40.0781
357.8125 12.7344 0.6328 40.0781
620.3125 35.7031 0.9141 26.9531
207.8125 35.7031 0.9141 26.9531
620.3125 30.2344 0.9141 26.9531
620.3125 35.7031 0.3828 26.9531
620.3125 35.7031 0.9141 22.5781
207.8125 30.2344 0.3828 22.5781
320.3125 70.7031 0.4141 61.9531
507.8125 70.7031 0.4141 61.9531
320.3125 65.2344 0.4141 61.9531
320.3125 70.7031 0.8828 61.9531
320.3125 70.7031 0.4141 57.5781
507.8125 65.2344 0.8828 57.5781
395.3125 44.4531 0.0391 53.2031
432.8125 44.4531 0.0391 53.2031
395.3125 56.4844 0.0391 53.2031
395.3125 44.4531 0.2578 53.2031
395.3125 44.4531 0.0391 13.8281
432.8125 56.4844 0.2578 13.8281
695.3125 79.4531 0.5391 18.2031
132.8125 79.4531 0.5391 18.2031
695.3125 21.4844 0.5391 18.2031
695.3125 79.4531 0.7578 18.2031
695.3125 79.4531 0.5391 48.8281
132.8125 21.4844 0.7578 48.8281
545.3125 26.9531 0.2891 70.7031
282.8125 26.9531 0.2891 70.7031
545.3125 38.9844 0.2891 70.7031
545.3125 26.9531 0.0078 70.7031
545.3125 26.9531 0.2891 66.3281
282.8125 38.9844 0.0078 66.3281
245.3125 61.9531 0.7891 35.7031
582.8125 61.9531 0.7891 35.7031
245.3125 73.9844 0.7891 35.7031
245.3125 61.9531 0.5078 35.7031
245.3125 61.9531 0.7891 31.3281
582.8125 73.9844 0.5078 31.3281
207.8125 31.3281 0.3516 13.8281
395.3125 31.3281 0.3516 13.8281
207.8125 69.6094 0.3516 13.8281
207.8125 31.3281 0.3203 13.8281
207.8125 31.3281 0.3516 18.2031
395.3125 69.6094 0.3203 18.2031
507.8125 66.3281 0.8516 48.8281
695.3125 66.3281 0.8516 48.8281
507.8125 34.6094 0.8516 48.8281
507.8125 66.3281 0.8203 48.8281
507.8125 66.3281 0.8516 53.2031
695.3125 34.6094 0.8203 53.2031
657.8125 13.8281 0.1016 31.3281
545.3125 13.8281 0.1016 31.3281
657.8125 17.1094 0.1016 31.3281
657.8125 13.8281 0.0703 31.3281
657.8125 13.8281 0.1016 70.7031
545.3125 17.1094 0.0703 70.7031
357.8125 48.8281 0.6016 66.3281
245.3125 48.8281 0.6016 66.3281
357.8125 52.1094 0.6016 66.3281
357.8125 48.8281 0.5703 66.3281
357.8125 48.8281 0.6016 35.7031
245.3125 52.1094 0.5703 35.7031
282.8125 22.5781 0.9766 75.0781
170.3125 22.5781 0.9766 75.0781
282.8125 78.3594 0.9766 75.0781
282.8125 22.5781 0.1953 75.0781
282.8125 22.5781 0.9766 79.4531
170.3125 78.3594 0.1953 79.4531
582.8125 57.5781 0.4766 40.0781
470.3125 57.5781 0.4766 40.0781
582.8125 43.3594 0.4766 40.0781
582.8125 57.5781 0.6953 40.0781
582.8125 57.5781 0.4766 44.4531
470.3125 43.3594 0.6953 44.4531
432.8125 40.0781 0.7266 57.5781
620.3125 40.0781 0.7266 57.5781
432.8125 25.8594 0.7266 57.5781
432.8125 40.0781 0.4453 57.5781
432.8125 40.0781 0.7266 26.9531
620.3125 25.8594 0.4453 26.9531
132.8125 75.0781 0.2266 22.5781
320.3125 75.0781 0.2266 22.5781
132.8125 60.8594 0.2266 22.5781
132.8125 75.0781 0.9453 22.5781
132.8125 75.0781 0.2266 61.9531
320.3125 60.8594 0.9453 61.9531
123.4375 19.2969 0.3984 34.6094
404.6875 19.2969 0.3984 34.6094
123.4375 53.2031 0.3984 34.6094
123.4375 19.2969 0.3984 34.6094
123.4375 19.2969 0.3984 52.1094
404.6875 53.2031 0.3984 52.1094
423.4375 54.2969 0.8984 69.6094
104.6875 54.2969 0.8984 69.6094
423.4375 18.2031 0.8984 69.6094
423.4375 54.2969 0.8984 69.6094
423.4375 54.2969 0.8984 17.1094
104.6875 18.2031 0.8984 17.1094
573.4375 36.7969 0.1484 17.1094
254.6875 36.7969 0.1484 17.1094
573.4375 35.7031 0.1484 17.1094
573.4375 36.7969 0.1484 17.1094
573.4375 36.7969 0.1484 34.6094
254.6875 35.7031 0.1484 34.6094
273.4375 71.7969 0.6484 52.1094
554.6875 71.7969 0.6484 52.1094
273.4375 70.7031 0.6484 52.1094
273.4375 71.7969 0.6484 52.1094
273.4375 71.7969 0.6484 69.6094
554.6875 70.7031 0.6484 69.6094
348.4375 28.0469 0.7734 60.8594
629.6875 28.0469 0.7734 60.8594
348.4375 61.9531 0.7734 60.8594
348.4375 28.0469 0.0234 60.8594
348.4375 28.0469 0.7734 43.3594
629.6875 61.9531 0.0234 43.3594
648.4375 63.0469 0.2734 25.8594
329.6875 63.0469 0.2734 25.8594
648.4375 26.9531 0.2734 25.8594
648.4375 63.0469 0.5234 25.8594
648.4375 63.0469 0.2734 78.3594
329.6875 26.9531 0.5234 78.3594
498.4375 10.5469 0.5234 78.3594
179.6875 10.5469 0.5234 78.3594
498.4375 44.4531 0.5234 78.3594
498.4375 10.5469 0.2734 78.3594
498.4375 10.5469 0.5234 60.8594
179.6875 44.4531 0.2734 60.8594
198.4375 45.5469 0.0234 43.3594
479.6875 45.5469 0.0234 43.3594
198.4375 79.4531 0.0234 43.3594
198.4375 45.5469 0.7734 43.3594
198.4375 45.5469 0.0234 25.8594
479.6875 79.4531 0.7734 25.8594
235.9375 41.1719 0.5859 21.4844
142.1875 41.1719 0.5859 21.4844
235.9375 66.3281 0.5859 21.4844
235.9375 41.1719 0.0859 21.4844
235.9375 41.1719 0.5859 38.9844
142.1875 66.3281 0.0859 38.9844
535.9375 76.1719 0.0859 56.4844
442.1875 76.1719 0.0859 56.4844
535.9375 31.3281 0.0859 56.4844
535.9375 76.1719 0.5859 56.4844
535.9375 76.1719 0.0859 73.9844
442.1875 31.3281 0.5859 73.9844
685.9375 23.6719 0.8359 38.9844
592.1875 23.6719 0.8359 38.9844
685.9375 13.8281 0.8359 38.9844
685.9375 23.6719 0.3359 38.9844
685.9375 23.6719 0.8359 56.4844
592.1875 13.8281 0.3359 56.4844
385.9375 58.6719 0.3359 73.9844
292.1875 58.6719 0.3359 73.9844
385.9375 48.8281 0.3359 73.9844
385.9375 58.6719 0.8359 73.9844
385.9375 58.6719 0.3359 21.4844
292.1875 48.8281 0.8359 21.4844
310.9375 14.9219 0.2109 65.2344
367.1875 14.9219 0.2109 65.2344
310.9375 75.0781 0.2109 65.2344
310.9375 14.9219 0.4609 65.2344
310.9375 14.9219 0.2109 47.7344
367.1875 75.0781 0.4609 47.7344
610.9375 49.9219 0.7109 30.2344
667.1875 49.9219 0.7109 30.2344
610.9375 40.0781 0.7109 30.2344
610.9375 49.9219 0.9609 30.2344
610.9375 49.9219 0.7109 12.7344
667.1875 40.0781 0.9609 12.7344
460.9375 32.4219 0.4609 47.7344
517.1875 32.4219 0.4609 47.7344
460.9375 22.5781 0.4609 47.7344
460.9375 32.4219 0.2109 47.7344
460.9375 32.4219 0.4609 30.2344
517.1875 22.5781 0.2109 30.2344
160.9375 67.4219 0.9609 12.7344
217.1875 67.4219 0.9609 12.7344
160.9375 57.5781 0.9609 12.7344
160.9375 67.4219 0.7109 12.7344
160.9375 67.4219 0.9609 65.2344
217.1875 57.5781 0.7109 65.2344
142.1875 34.6094 0.1172 76.1719
573.4375 34.6094 0.1172 76.1719
142.1875 37.8906 0.1172 76.1719
142.1875 34.6094 0.9297 76.1719
142.1875 34.6094 0.1172 28.0469
573.4375 37.8906 0.9297 28.0469
442.1875 69.6094 0.6172 41.1719
273.4375 69.6094 0.6172 41.1719
442.1875 72.8906 0.6172 41.1719
442.1875 69.6094 0.4297 41.1719
442.1875 69.6094 0.6172 63.0469
273.4375 72.8906 0.4297 63.0469
592.1875 17.1094 0.3672 58.6719
123.4375 17.1094 0.3672 58.6719
592.1875 55.3906 0.3672 58.6719
592.1875 17.1094 0.6797 58.6719
592.1875 17.1094 0.3672 45.5469
123.4375 55.3906 0.6797 45.5469
292.1875 52.1094 0.8672 23.6719
423.4375 52.1094 0.8672 23.6719
292.1875 20.3906 0.8672 23.6719
292.1875 52.1094 0.1797 23.6719
292.1875 52.1094 0.8672 10.5469
423.4375 20.3906 0.1797 10.5469
367.1875 25.8594 0.7422 14.9219
498.4375 25.8594 0.7422 14.9219
367.1875 29.1406 0.7422 14.9219
367.1875 25.8594 0.5547 14.9219
367.1875 25.8594 0.7422 54.2969
498.4375 29.1406 0.5547 54.2969
667.1875 60.8594 0.2422 49.9219
198.4375 60.8594 0.2422 49.9219
667.1875 64.1406 0.2422 49.9219
667.1875 60.8594 0.0547 49.9219
667.1875 60.8594 0.2422 19.2969
198.4375 64.1406 0.0547 19.2969
517.1875 43.3594 0.9922 32.4219
348.4375 43.3594 0.9922 32.4219
517.1875 46.6406 0.9922 32.4219
517.1875 43.3594 0.8047 32.4219
517.1875 43.3594 0.9922 36.7969
348.4375 46.6406 0.8047 36.7969
217.1875 78.3594 0.4922 67.4219
648.4375 78.3594 0.4922 67.4219
217.1875 11.6406 0.4922 67.4219
217.1875 78.3594 0.3047 67.4219
217.1875 78.3594 0.4922 71.7969
648.4375 11.6406 0.3047 71.7969
179.6875 12.7344 0.9297 45.5469
310.9375 12.7344 0.9297 45.5469
179.6875 24.7656 0.9297 45.5469
179.6875 12.7344 0.6172 45.5469
179.6875 12.7344 0.9297 58.6719
310.9375 24.7656 0.6172 58.6719
479.6875 47.7344 0.4297 10.5469
610.9375 47.7344 0.4297 10.5469
479.6875 59.7656 0.4297 10.5469
479.6875 47.7344 0.1172 10.5469
479.6875 47.7344 0.4297 23.6719
610.9375 59.7656 0.1172 23.6719
629.6875 30.2344 0.6797 63.0469
460.9375 30.2344 0.6797 63.0469
629.6875 77.2656 0.6797 63.0469
629.6875 30.2344 0.8672 63.0469
629.6875 30.2344 0.6797 41.1719
460.9375 77.2656 0.8672 41.1719
329.6875 65.2344 0.1797 28.0469
160.9375 65.2344 0.1797 28.0469
329.6875 42.2656 0.1797 28.0469
329.6875 65.2344 0.3672 28.0469
329.6875 65.2344 0.1797 76.1719
160.9375 42.2656 0.3672 76.1719
254.6875 38.9844 0.3047 36.7969
235.9375 38.9844 0.3047 36.7969
254.6875 16.0156 0.3047 36.7969
254.6875 38.9844 0.9922 36.7969
254.6875 38.9844 0.3047 32.4219
235.9375 16.0156 0.9922 32.4219
554.6875 73.9844 0.8047 71.7969
535.9375 73.9844 0.8047 71.7969
554.6875 51.0156 0.8047 71.7969
554.6875 73.9844 0.4922 71.7969
554.6875 73.9844 0.8047 67.4219
535.9375 51.0156 0.4922 67.4219
404.6875 21.4844 0.0547 19.2969
685.9375 21.4844 0.0547 19.2969
404.6875 68.5156 0.0547 19.2969
404.6875 21.4844 0.7422 19.2969
404.6875 21.4844 0.0547 49.9219
685.9375 68.5156 0.7422 49.9219
104.6875 56.4844 0.5547 54.2969
385.9375 56.4844 0.5547 54.2969
104.6875 33.5156 0.5547 54.2969
104.6875 56.4844 0.2422 54.2969
104.6875 56.4844 0.5547 14.9219
385.9375 33.5156 0.2422 14.9219
107.0312 33.2422 0.2930 23.3984
641.4062 33.2422 0.2930 23.3984
107.0312 57.3047 0.2930 23.3984
107.0312 33.2422 0.8633 23.3984
107.0312 33.2422 0.2930 27.2266
641.4062 57.3047 0.8633 27.2266
407.0312 68.2422 0.7930 58.3984
341.4062 68.2422 0.7930 58.3984
407.0312 22.3047 0.7930 58.3984
407.0312 68.2422 0.3633 58.3984
407.0312 68.2422 0.7930 62.2266
341.4062 22.3047 0.3633 62.2266
557.0312 15.7422 0.0430 40.8984
191.4062 15.7422 0.0430 40.8984
557.0312 39.8047 0.0430 40.8984
557.0312 15.7422 0.6133 40.8984
557.0312 15.7422 0.0430 79.7266
191.4062 39.8047 0.6133 79.7266
257.0312 50.7422 0.5430 75.8984
491.4062 50.7422 0.5430 75.8984
257.0312 74.8047 0.5430 75.8984
257.0312 50.7422 0.1133 75.8984
257.0312 50.7422 0.5430 44.7266
491.4062 74.8047 0.1133 44.7266
332.0312 24.4922 0.9180 67.1484
416.4062 24.4922 0.9180 67.1484
332.0312 48.5547 0.9180 67.1484
332.0312 24.4922 0.7383 67.1484
332.0312 24.4922 0.9180 70.9766
416.4062 48.5547 0.7383 70.9766
632.0312 59.4922 0.4180 32.1484
116.4062 59.4922 0.4180 32.1484
632.0312 13.5547 0.4180 32.1484
632.0312 59.4922 0.2383 32.1484
632.0312 59.4922 0.4180 35.9766
116.4062 13.5547 0.2383 35.9766
482.0312 41.9922 0.6680 49.6484
266.4062 41.9922 0.6680 49.6484
482.0312 31.0547 0.6680 49.6484
482.0312 41.9922 0.9883 49.6484
482.0312 41.9922 0.6680 18.4766
266.4062 31.0547 0.9883 18.4766
182.0312 76.9922 0.1680 14.6484
566.4062 76.9922 0.1680 14.6484
182.0312 66.0547 0.1680 14.6484
182.0312 76.9922 0.4883 14.6484
182.0312 76.9922 0.1680 53.4766
566.4062 66.0547 0.4883 53.4766
219.5312 11.3672 0.7305 27.7734
378.9062 11.3672 0.7305 27.7734
219.5312 79.1797 0.7305 27.7734
219.5312 11.3672 0.6758 27.7734
219.5312 11.3672 0.7305 66.6016
378.9062 79.1797 0.6758 66.6016
519.5312 46.3672 0.2305 62.7734
678.9062 46.3672 0.2305 62.7734
519.5312 44.1797 0.2305 62.7734
519.5312 46.3672 0.1758 62.7734
519.5312 46.3672 0.2305 31.6016
678.9062 44.1797 0.1758 31.6016
669.5312 28.8672 0.9805 10.2734
528.9062 28.8672 0.9805 10.2734
669.5312 26.6797 0.9805 10.2734
669.5312 28.8672 0.9258 10.2734
669.5312 28.8672 0.9805 14.1016
528.9062 26.6797 0.9258 14.1016
369.5312 63.8672 0.4805 45.2734
228.9062 63.8672 0.4805 45.2734
369.5312 61.6797 0.4805 45.2734
369.5312 63.8672 0.4258 45.2734
369.5312 63.8672 0.4805 49.1016
228.9062 61.6797 0.4258 49.1016
294.5312 37.6172 0.1055 54.0234
153.9062 37.6172 0.1055 54.0234
294.5312 70.4297 0.1055 54.0234
294.5312 37.6172 0.8008 54.0234
294.5312 37.6172 0.1055 22.8516
153.9062 70.4297 0.8008 22.8516
594.5312 72.6172 0.6055 19.0234
453.9062 72.6172 0.6055 19.0234
594.5312 35.4297 0.6055 19.0234
594.5312 72.6172 0.3008 19.0234
594.5312 72.6172 0.6055 57.8516
453.9062 35.4297 0.3008 57.8516
444.5312 20.1172 0.3555 71.5234
603.9062 20.1172 0.3555 71.5234
444.5312 17.9297 0.3555 71.5234
444.5312 20.1172 0.5508 71.5234
444.5312 20.1172 0.3555 75.3516
603.9062 17.9297 0.5508 75.3516
144.5312 55.1172 0.8555 36.5234
303.9062 55.1172 0.8555 36.5234
144.5312 52.9297 0.8555 36.5234
144.5312 55.1172 0.0508 36.5234
144.5312 55.1172 0.8555 40.3516
303.9062 52.9297 0.0508 40.3516
163.2812 22.3047 0.1992 51.8359
510.1562 22.3047 0.1992 51.8359
163.2812 33.2422 0.1992 51.8359
163.2812 22.3047 0.3320 51.8359
163.2812 22.3047 0.1992 73.1641
510.1562 33.2422 0.3320 73.1641
463.2812 57.3047 0.6992 16.8359
210.1562 57.3047 0.6992 16.8359
463.2812 68.2422 0.6992 16.8359
463.2812 57.3047 0.8320 16.8359
463.2812 57.3047 0.6992 38.1641
210.1562 68.2422 0.8320 38.1641
613.2812 39.8047 0.4492 69.3359
360.1562 39.8047 0.4492 69.3359
613.2812 50.7422 0.4492 69.3359
613.2812 39.8047 0.0820 69.3359
613.2812 39.8047 0.4492 20.6641
360.1562 50.7422 0.0820 20.6641
313.2812 74.8047 0.9492 34.3359
660.1562 74.8047 0.9492 34.3359
313.2812 15.7422 0.9492 34.3359
313.2812 74.8047 0.5820 34.3359
313.2812 74.8047 0.9492 55.6641
660.1562 15.7422 0.5820 55.6641
388.2812 31.0547 0.5742 43.0859
585.1562 31.0547 0.5742 43.0859
388.2812 41.9922 0.5742 43.0859
388.2812 31.0547 0.2070 43.0859
388.2812 31.0547 0.5742 11.9141
585.1562 41.9922 0.2070 11.9141
688.2812 66.0547 0.0742 78.0859
285.1562 66.0547 0.0742 78.0859
688.2812 76.9922 0.0742 78.0859
688.2812 66.0547 0.7070 78.0859
688.2812 66.0547 0.0742 46.9141
285.1562 76.9922 0.7070 46.9141
538.2812 13.5547 0.8242 25.5859
135.1562 13.5547 0.8242 25.5859
538.2812 59.4922 0.8242 25.5859
538.2812 13.5547 0.4570 25.5859
538.2812 13.5547 0.8242 64.4141
135.1562 59.4922 0.4570 64.4141
238.2812 48.5547 0.3242 60.5859
435.1562 48.5547 0.3242 60.5859
238.2812 24.4922 0.3242 60.5859
238.2812 48.5547 0.9570 60.5859
238.2812 48.5547 0.3242 29.4141
435.1562 24.4922 0.9570 29.4141
200.7812 44.1797 0.7617 73.7109
247.6562 44.1797 0.7617 73.7109
200.7812 11.3672 0.7617 73.7109
200.7812 44.1797 0.1445 73.7109
200.7812 44.1797 0.7617 16.2891
247.6562 11.3672 0.1445 16.2891
500.7812 79.1797 0.2617 38.7109
547.6562 79.1797 0.2617 38.7109
500.7812 46.3672 0.2617 38.7109
500.7812 79.1797 0.6445 38.7109
500.7812 79.1797 0.2617 51.2891
547.6562 46.3672 0.6445 51.2891
650.7812 26.6797 0.5117 56.2109
697.6562 26.6797 0.5117 56.2109
650.7812 63.8672 0.5117 56.2109
650.7812 26.6797 0.3945 56.2109
650.7812 26.6797 0.5117 68.7891
697.6562 63.8672 0.3945 68.7891
350.7812 61.6797 0.0117 21.2109
397.6562 61.6797 0.0117 21.2109
350.7812 28.8672 0.0117 21.2109
350.7812 61.6797 0.8945 21.2109
350.7812 61.6797 0.0117 33.7891
397.6562 28.8672 0.8945 33.7891
275.7812 17.9297 0.3867 12.4609
322.6562 17.9297 0.3867 12.4609
275.7812 20.1172 0.3867 12.4609
275.7812 17.9297 0.2695 12.4609
275.7812 17.9297 0.3867 77.5391
322.6562 20.1172 0.2695 77.5391
575.7812 52.9297 0.8867 47.4609
622.6562 52.9297 0.8867 47.4609
575.7812 55.1172 0.8867 47.4609
575.7812 52.9297 0.7695 47.4609
575.7812 52.9297 0.8867 42.5391
622.6562 55.1172 0.7695 42.5391
425.7812 35.4297 0.1367 29.9609
472.6562 35.4297 0.1367 29.9609
425.7812 72.6172 0.1367 29.9609
425.7812 35.4297 0.0195 29.9609
425.7812 35.4297 0.1367 25.0391
472.6562 72.6172 0.0195 25.0391
125.7812 70.4297 0.6367 64.9609
172.6562 70.4297 0.6367 64.9609
125.7812 37.6172 0.6367 64.9609
125.7812 70.4297 0.5195 64.9609
125.7812 70.4297 0.6367 60.0391
172.6562 37.6172 0.5195 60.0391
135.1562 14.6484 0.9961 61.6797
557.0312 14.6484 0.9961 61.6797
135.1562 27.7734 0.9961 61.6797
135.1562 14.6484 0.0664 61.6797
135.1562 14.6484 0.9961 50.1953
557.0312 27.7734 0.0664 50.1953
435.1562 49.6484 0.4961 26.6797
257.0312 49.6484 0.4961 26.6797
435.1562 62.7734 0.4961 26.6797
435.1562 49.6484 0.5664 26.6797
435.1562 49.6484 0.4961 15.1953
257.0312 62.7734 0.5664 15.1953
585.1562 32.1484 0.7461 79.1797
107.0312 32.1484 0.7461 79.1797
585.1562 45.2734 0.7461 79.1797
585.1562 32.1484 0.3164 79.1797
585.1562 32.1484 0.7461 32.6953
107.0312 45.2734 0.3164 32.6953
285.1562 67.1484 0.2461 44.1797
407.0312 67.1484 0.2461 44.1797
285.1562 10.2734 0.2461 44.1797
285.1562 67.1484 0.8164 44.1797
285.1562 67.1484 0.2461 67.6953
407.0312 10.2734 0.8164 67.6953
360.1562 40.8984 0.3711 35.4297
482.0312 40.8984 0.3711 35.4297
360.1562 36.5234 0.3711 35.4297
360.1562 40.8984 0.4414 35.4297
360.1562 40.8984 0.3711 41.4453
482.0312 36.5234 0.4414 41.4453
660.1562 75.8984 0.8711 70.4297
182.0312 75.8984 0.8711 70.4297
660.1562 71.5234 0.8711 70.4297
660.1562 75.8984 0.9414 70.4297
660.1562 75.8984 0.8711 76.4453
182.0312 71.5234 0.9414 76.4453
510.1562 23.3984 0.1211 17.9297
332.0312 23.3984 0.1211 17.9297
510.1562 54.0234 0.1211 17.9297
510.1562 23.3984 0.1914 17.9297
510.1562 23.3984 0.1211 58.9453
332.0312 54.0234 0.1914 58.9453
210.1562 58.3984 0.6211 52.9297
632.0312 58.3984 0.6211 52.9297
210.1562 19.0234 0.6211 52.9297
210.1562 58.3984 0.6914 52.9297
210.1562 58.3984 0.6211 23.9453
632.0312 19.0234 0.6914 23.9453
247.6562 27.7734 0.0586 66.0547
294.5312 27.7734 0.0586 66.0547
247.6562 14.6484 0.0586 66.0547
247.6562 27.7734 0.3789 66.0547
247.6562 27.7734 0.0586 37.0703
294.5312 14.6484 0.3789 37.0703
547.6562 62.7734 0.5586 31.0547
594.5312 62.7734 0.5586 31.0547
547.6562 49.6484 0.5586 31.0547
547.6562 62.7734 0.8789 31.0547
547.6562 62.7734 0.5586 72.0703
594.5312 49.6484 0.8789 72.0703
697.6562 10.2734 0.3086 48.5547
444.5312 10.2734 0.3086 48.5547
697.6562 67.1484 0.3086 48.5547
697.6562 10.2734 0.1289 48.5547
697.6562 10.2734 0.3086 54.5703
444.5312 67.1484 0.1289 54.5703
397.6562 45.2734 0.8086 13.5547
144.5312 45.2734 0.8086 13.5547
397.6562 32.1484 0.8086 13.5547
397.6562 45.2734 0.6289 13.5547
397.6562 45.2734 0.8086 19.5703
144.5312 32.1484 0.6289 19.5703
322.6562 19.0234 0.6836 22.3047
219.5312 19.0234 0.6836 22.3047
322.6562 23.3984 0.6836 22.3047
322.6562 19.0234 0.0039 22.3047
322.6562 19.0234 0.6836 45.8203
219.5312 23.3984 0.0039 45.8203
622.6562 54.0234 0.1836 57.3047
519.5312 54.0234 0.1836 57.3047
622.6562 58.3984 0.1836 57.3047
622.6562 54.0234 0.5039 57.3047
622.6562 54.0234 0.1836 10.8203
519.5312 58.3984 0.5039 10.8203
472.6562 36.5234 0.9336 39.8047
669.5312 36.5234 0.9336 39.8047
472.6562 75.8984 0.9336 39.8047
472.6562 36.5234 0.2539 39.8047
472.6562 36.5234 0.9336 28.3203
669.5312 75.8984 0.2539 28.3203
172.6562 71.5234 0.4336 74.8047
369.5312 71.5234 0.4336 74.8047
172.6562 40.8984 0.4336 74.8047
172.6562 71.5234 0.7539 74.8047
172.6562 71.5234 0.4336 63.3203
369.5312 40.8984 0.7539 63.3203
153.9062 38.7109 0.5273 15.7422
425.7812 38.7109 0.5273 15.7422
153.9062 60.5859 0.5273 15.7422
153.9062 38.7109 0.5977 15.7422
153.9062 38.7109 0.5273 30.5078
425.7812 60.5859 0.5977 30.5078
453.9062 73.7109 0.0273 50.7422
125.7812 73.7109 0.0273 50.7422
453.9062 25.5859 0.0273 50.7422
453.9062 73.7109 0.0977 50.7422
453.9062 73.7109 0.0273 65.5078
125.7812 25.5859 0.0977 65.5078
603.9062 21.2109 0.7773 33.2422
275.7812 21.2109 0.7773 33.2422
603.9062 43.0859 0.7773 33.2422
603.9062 21.2109 0.8477 33.2422
603.9062 21.2109 0.7773 48.0078
275.7812 43.0859 0.8477 48.0078
303.9062 56.2109 0.2773 68.2422
575.7812 56.2109 0.2773 68.2422
303.9062 78.0859 0.2773 68.2422
303.9062 56.2109 0.3477 68.2422
303.9062 56.2109 0.2773 13.0078
575.7812 78.0859 0.3477 13.0078
378.9062 12.4609 0.1523 76.9922
650.7812 12.4609 0.1523 76.9922
378.9062 51.8359 0.1523 76.9922
378.9062 12.4609 0.9727 76.9922
378.9062 12.4609 0.1523 56.7578
650.7812 51.8359 0.9727 56.7578
678.9062 47.4609 0.6523 41.9922
350.7812 47.4609 0.6523 41.9922
678.9062 16.8359 0.6523 41.9922
678.9062 47.4609 0.4727 41.9922
678.9062 47.4609 0.6523 21.7578
350.7812 16.8359 0.4727 21.7578
528.9062 29.9609 0.4023 59.4922
200.7812 29.9609 0.4023 59.4922
528.9062 34.3359 0.4023 59.4922
528.9062 29.9609 0.7227 59.4922
528.9062 29.9609 0.4023 39.2578
200.7812 34.3359 0.7227 39.2578
228.9062 64.9609 0.9023 24.4922
500.7812 64.9609 0.9023 24.4922
228.9062 69.3359 0.9023 24.4922
228.9062 64.9609 0.2227 24.4922
228.9062 64.9609 0.9023 74.2578
500.7812 69.3359 0.2227 74.2578
191.4062 25.5859 0.4648 37.6172
163.2812 25.5859 0.4648 37.6172
191.4062 73.7109 0.4648 37.6172
191.4062 25.5859 0.9102 37.6172
191.4062 25.5859 0.4648 61.1328
163.2812 73.7109 0.9102 61.1328
491.4062 60.5859 0.9648 72.6172
463.2812 60.5859 0.9648 72.6172
491.4062 38.7109 0.9648 72.6172
491.4062 60.5859 0.4102 72.6172
491.4062 60.5859 0.9648 26.1328
463.2812 38.7109 0.4102 26.1328
641.4062 43.0859 0.2148 20.1172
613.2812 43.0859 0.2148 20.1172
641.4062 21.2109 0.2148 20.1172
641.4062 43.0859 0.6602 20.1172
641.4062 43.0859 0.2148 43.6328
613.2812 21.2109 0.6602 43.6328
341.4062 78.0859 0.7148 55.1172
313.2812 78.0859 0.7148 55.1172
341.4062 56.2109 0.7148 55.1172
341.4062 78.0859 0.1602 55.1172
341.4062 78.0859 0.7148 78.6328
313.2812 56.2109 0.1602 78.6328
266.4062 34.3359 0.8398 46.3672
388.2812 34.3359 0.8398 46.3672
266.4062 64.9609 0.8398 46.3672
266.4062 34.3359 0.5352 46.3672
266.4062 34.3359 0.8398 34.8828
388.2812 64.9609 0.5352 34.8828
566.4062 69.3359 0.3398 11.3672
688.2812 69.3359 0.3398 11.3672
566.4062 29.9609 0.3398 11.3672
566.4062 69.3359 0.0352 11.3672
566.4062 69.3359 0.3398 69.8828
688.2812 29.9609 0.0352 69.8828
416.4062 16.8359 0.5898 63.8672
538.2812 16.8359 0.5898 63.8672
416.4062 12.4609 0.5898 63.8672
416.4062 16.8359 0.7852 63.8672
416.4062 16.8359 0.5898 52.3828
538.2812 12.4609 0.7852 52.3828
116.4062 51.8359 0.0898 28.8672
238.2812 51.8359 0.0898 28.8672
116.4062 47.4609 0.0898 28.8672
116.4062 51.8359 0.2852 28.8672
116.4062 51.8359 0.0898 17.3828
238.2812 47.4609 0.2852 17.3828
111.7188 23.9453 0.5977 73.1641
252.3438 23.9453 0.5977 73.1641
111.7188 70.9766 0.5977 73.1641
111.7188 23.9453 0.4648 73.1641
111.7188 23.9453 0.5977 12.4609
252.3438 70.9766 0.4648 12.4609
411.7188 58.9453 0.0977 38.1641
552.3438 58.9453 0.0977 38.1641
411.7188 35.9766 0.0977 38.1641
411.7188 58.9453 0.9648 38.1641
411.7188 58.9453 0.0977 47.4609
552.3438 35.9766 0.9648 47.4609
561.7188 41.4453 0.8477 55.6641
402.3438 41.4453 0.8477 55.6641
561.7188 18.4766 0.8477 55.6641
561.7188 41.4453 0.2148 55.6641
561.7188 41.4453 0.8477 64.9609
402.3438 18.4766 0.2148 64.9609
261.7188 76.4453 0.3477 20.6641
102.3438 76.4453 0.3477 20.6641
261.7188 53.4766 0.3477 20.6641
261.7188 76.4453 0.7148 20.6641
261.7188 76.4453 0.3477 29.9609
102.3438 53.4766 0.7148 29.9609
336.7188 32.6953 0.2227 11.9141
177.3438 32.6953 0.2227 11.9141
336.7188 79.7266 0.2227 11.9141
336.7188 32.6953 0.0898 11.9141
336.7188 32.6953 0.2227 73.7109
177.3438 79.7266 0.0898 73.7109
636.7188 67.6953 0.7227 46.9141
477.3438 67.6953 0.7227 46.9141
636.7188 44.7266 0.7227 46.9141
636.7188 67.6953 0.5898 46.9141
636.7188 67.6953 0.7227 38.7109
477.3438 44.7266 0.5898 38.7109
486.7188 15.1953 0.4727 29.4141
627.3438 15.1953 0.4727 29.4141
486.7188 27.2266 0.4727 29.4141
486.7188 15.1953 0.3398 29.4141
486.7188 15.1953 0.4727 21.2109
627.3438 27.2266 0.3398 21.2109
186.7188 50.1953 0.9727 64.4141
327.3438 50.1953 0.9727 64.4141
186.7188 62.2266 0.9727 64.4141
186.7188 50.1953 0.8398 64.4141
186.7188 50.1953 0.9727 56.2109
327.3438 62.2266 0.8398 56.2109
224.2188 37.0703 0.4102 51.2891
589.8438 37.0703 0.4102 51.2891
224.2188 49.1016 0.4102 51.2891
224.2188 37.0703 0.0273 51.2891
224.2188 37.0703 0.4102 78.0859
589.8438 49.1016 0.0273 78.0859
524.2188 72.0703 0.9102 16.2891
289.8438 72.0703 0.9102 16.2891
524.2188 14.1016 0.9102 16.2891
524.2188 72.0703 0.5273 16.2891
524.2188 72.0703 0.9102 43.0859
289.8438 14.1016 0.5273 43.0859
674.2188 19.5703 0.1602 68.7891
139.8438 19.5703 0.1602 68.7891
674.2188 31.6016 0.1602 68.7891
674.2188 19.5703 0.2773 68.7891
674.2188 19.5703 0.1602 25.5859
139.8438 31.6016 0.2773 25.5859
374.2188 54.5703 0.6602 33.7891
439.8438 54.5703 0.6602 33.7891
374.2188 66.6016 0.6602 33.7891
374.2188 54.5703 0.7773 33.7891
374.2188 54.5703 0.6602 60.5859
439.8438 66.6016 0.7773 60.5859
299.2188 10.8203 0.7852 42.5391
514.8438 10.8203 0.7852 42.5391
299.2188 57.8516 0.7852 42.5391
299.2188 10.8203 0.4023 42.5391
299.2188 10.8203 0.7852 16.8359
514.8438 57.8516 0.4023 16.8359
599.2188 45.8203 0.2852 77.5391
214.8438 45.8203 0.2852 77.5391
599.2188 22.8516 0.2852 77.5391
599.2188 45.8203 0.9023 77.5391
599.2188 45.8203 0.2852 51.8359
214.8438 22.8516 0.9023 51.8359
449.2188 28.3203 0.5352 25.0391
364.8438 28.3203 0.5352 25.0391
449.2188 40.3516 0.5352 25.0391
449.2188 28.3203 0.1523 25.0391
449.2188 28.3203 0.5352 69.3359
364.8438 40.3516 0.1523 69.3359
149.2188 63.3203 0.0352 60.0391
664.8438 63.3203 0.0352 60.0391
149.2188 75.3516 0.0352 60.0391
149.2188 63.3203 0.6523 60.0391
149.2188 63.3203 0.0352 34.3359
664.8438 75.3516 0.6523 34.3359
167.9688 30.5078 0.8789 31.6016
121.0938 30.5078 0.8789 31.6016
167.9688 20.6641 0.8789 31.6016
167.9688 30.5078 0.9961 31.6016
167.9688 30.5078 0.8789 67.1484
121.0938 20.6641 0.9961 67.1484
467.9688 65.5078 0.3789 66.6016
421.0938 65.5078 0.3789 66.6016
467.9688 55.6641 0.3789 66.6016
467.9688 65.5078 0.4961 66.6016
467.9688 65.5078 0.3789 32.1484
421.0938 55.6641 0.4961 32.1484
617.9688 13.0078 0.6289 14.1016
571.0938 13.0078 0.6289 14.1016
617.9688 73.1641 0.6289 14.1016
617.9688 13.0078 0.7461 14.1016
617.9688 13.0078 0.6289 14.6484
571.0938 73.1641 0.7461 14.6484
317.9688 48.0078 0.1289 49.1016
271.0938 48.0078 0.1289 49.1016
317.9688 38.1641 0.1289 49.1016
317.9688 48.0078 0.2461 49.1016
317.9688 48.0078 0.1289 49.6484
271.0938 38.1641 0.2461 49.6484
392.9688 21.7578 0.2539 57.8516
346.0938 21.7578 0.2539 57.8516
392.9688 11.9141 0.2539 57.8516
392.9688 21.7578 0.6211 57.8516
392.9688 21.7578 0.2539 23.3984
346.0938 11.9141 0.6211 23.3984
692.9688 56.7578 0.7539 22.8516
646.0938 56.7578 0.7539 22.8516
692.9688 46.9141 0.7539 22.8516
692.9688 56.7578 0.1211 22.8516
692.9688 56.7578 0.7539 58.3984
646.0938 46.9141 0.1211 58.3984
542.9688 39.2578 0.0039 75.3516
496.0938 39.2578 0.0039 75.3516
542.9688 64.4141 0.0039 75.3516
542.9688 39.2578 0.8711 75.3516
542.9688 39.2578 0.0039 75.8984
496.0938 64.4141 0.8711 75.8984
242.9688 74.2578 0.5039 40.3516
196.0938 74.2578 0.5039 40.3516
242.9688 29.4141 0.5039 40.3516
242.9688 74.2578 0.3711 40.3516
242.9688 74.2578 0.5039 40.8984
196.0938 29.4141 0.3711 40.8984
205.4688 17.3828 0.0664 27.2266
458.5938 17.3828 0.0664 27.2266
205.4688 42.5391 0.0664 27.2266
205.4688 17.3828 0.5586 27.2266
205.4688 17.3828 0.0664 19.0234
458.5938 42.5391 0.5586 19.0234
505.4688 52.3828 0.5664 62.2266
158.5938 52.3828 0.5664 62.2266
505.4688 77.5391 0.5664 62.2266
505.4688 52.3828 0.0586 62.2266
505.4688 52.3828 0.5664 54.0234
158.5938 77.5391 0.0586 54.0234
655.4688 34.8828 0.3164 44.7266
308.5938 34.8828 0.3164 44.7266
655.4688 60.0391 0.3164 44.7266
655.4688 34.8828 0.8086 44.7266
655.4688 34.8828 0.3164 71.5234
308.5938 60.0391 0.8086 71.5234
355.4688 69.8828 0.8164 79.7266
608.5938 69.8828 0.8164 79.7266
355.4688 25.0391 0.8164 79.7266
355.4688 69.8828 0.3086 79.7266
355.4688 69.8828 0.8164 36.5234
608.5938 25.0391 0.3086 36.5234
280.4688 43.6328 0.6914 70.9766
683.5938 43.6328 0.6914 70.9766
280.4688 33.7891 0.6914 70.9766
280.4688 43.6328 0.9336 70.9766
280.4688 43.6328 0.6914 62.7734
683.5938 33.7891 0.9336 62.7734
580.4688 78.6328 0.1914 35.9766
383.5938 78.6328 0.1914 35.9766
580.4688 68.7891 0.1914 35.9766
580.4688 78.6328 0.4336 35.9766
580.4688 78.6328 0.1914 27.7734
383.5938 68.7891 0.4336 27.7734
430.4688 26.1328 0.9414 53.4766
233.5938 26.1328 0.9414 53.4766
430.4688 51.2891 0.9414 53.4766
430.4688 26.1328 0.6836 53.4766
430.4688 26.1328 0.9414 10.2734
233.5938 51.2891 0.6836 10.2734
130.4688 61.1328 0.4414 18.4766
533.5938 61.1328 0.4414 18.4766
130.4688 16.2891 0.4414 18.4766
130.4688 61.1328 0.1836 18.4766
130.4688 61.1328 0.4414 45.2734
533.5938 16.2891 0.1836 45.2734
121.0938 42.5391 0.1758 39.2578
336.7188 42.5391 0.1758 39.2578
121.0938 23.9453 0.1758 39.2578
121.0938 42.5391 0.7305 39.2578
121.0938 42.5391 0.1758 55.1172
336.7188 23.9453 0.7305 55.1172
421.0938 77.5391 0.6758 74.2578
636.7188 77.5391 0.6758 74.2578
421.0938 58.9453 0.6758 74.2578
421.0938 77.5391 0.2305 74.2578
421.0938 77.5391 0.6758 20.1172
636.7188 58.9453 0.2305 20.1172
571.0938 25.0391 0.4258 21.7578
486.7188 25.0391 0.4258 21.7578
571.0938 76.4453 0.4258 21.7578
571.0938 25.0391 0.9805 21.7578
571.0938 25.0391 0.4258 37.6172
486.7188 76.4453 0.9805 37.6172
271.0938 60.0391 0.9258 56.7578
186.7188 60.0391 0.9258 56.7578
271.0938 41.4453 0.9258 56.7578
271.0938 60.0391 0.4805 56.7578
271.0938 60.0391 0.9258 72.6172
186.7188 41.4453 0.4805 72.6172
346.0938 16.2891 0.5508 48.0078
111.7188 16.2891 0.5508 48.0078
346.0938 15.1953 0.5508 48.0078
346.0938 16.2891 0.8555 48.0078
346.0938 16.2891 0.5508 28.8672
111.7188 15.1953 0.8555 28.8672
646.0938 51.2891 0.0508 13.0078
411.7188 51.2891 0.0508 13.0078
646.0938 50.1953 0.0508 13.0078
646.0938 51.2891 0.3555 13.0078
646.0938 51.2891 0.0508 63.8672
411.7188 50.1953 0.3555 63.8672
496.0938 33.7891 0.8008 65.5078
561.7188 33.7891 0.8008 65.5078
496.0938 67.6953 0.8008 65.5078
496.0938 33.7891 0.6055 65.5078
496.0938 33.7891 0.8008 46.3672
561.7188 67.6953 0.6055 46.3672
196.0938 68.7891 0.3008 30.5078
261.7188 68.7891 0.3008 30.5078
196.0938 32.6953 0.3008 30.5078
196.0938 68.7891 0.1055 30.5078
196.0938 68.7891 0.3008 11.3672
261.7188 32.6953 0.1055 11.3672
233.5938 20.6641 0.8633 17.3828
674.2188 20.6641 0.8633 17.3828
233.5938 37.0703 0.8633 17.3828
233.5938 20.6641 0.7930 17.3828
233.5938 20.6641 0.8633 33.2422
674.2188 37.0703 0.7930 33.2422
533.5938 55.6641 0.3633 52.3828
374.2188 55.6641 0.3633 52.3828
533.5938 72.0703 0.3633 52.3828
533.5938 55.6641 0.2930 52.3828
533.5938 55.6641 0.3633 68.2422
374.2188 72.0703 0.2930 68.2422
683.5938 38.1641 0.6133 34.8828
224.2188 38.1641 0.6133 34.8828
683.5938 54.5703 0.6133 34.8828
683.5938 38.1641 0.5430 34.8828
683.5938 38.1641 0.6133 50.7422
224.2188 54.5703 0.5430 50.7422
383.5938 73.1641 0.1133 69.8828
524.2188 73.1641 0.1133 69.8828
383.5938 19.5703 0.1133 69.8828
383.5938 73.1641 0.0430 69.8828
383.5938 73.1641 0.1133 15.7422
524.2188 19.5703 0.0430 15.7422
308.5938 29.4141 0.4883 78.6328
449.2188 29.4141 0.4883 78.6328
308.5938 28.3203 0.4883 78.6328
308.5938 29.4141 0.6680 78.6328
308.5938 29.4141 0.4883 59.4922
449.2188 28.3203 0.6680 59.4922
608.5938 64.4141 0.9883 43.6328
149.2188 64.4141 0.9883 43.6328
608.5938 63.3203 0.9883 43.6328
608.5938 64.4141 0.1680 43.6328
608.5938 64.4141 0.9883 24.4922
149.2188 63.3203 0.1680 24.4922
458.5938 11.9141 0.2383 61.1328
299.2188 11.9141 0.2383 61.1328
458.5938 45.8203 0.2383 61.1328
458.5938 11.9141 0.9180 61.1328
458.5938 11.9141 0.2383 41.9922
299.2188 45.8203 0.9180 41.9922
158.5938 46.9141 0.7383 26.1328
599.2188 46.9141 0.7383 26.1328
158.5938 10.8203 0.7383 26.1328
158.5938 46.9141 0.4180 26.1328
158.5938 46.9141 0.7383 76.9922
599.2188 10.8203 0.4180 76.9922
139.8438 14.1016 0.3320 63.3203
205.4688 14.1016 0.3320 63.3203
139.8438 65.5078 0.3320 63.3203
139.8438 14.1016 0.1992 63.3203
139.8438 14.1016 0.3320 44.1797
205.4688 65.5078 0.1992 44.1797
439.8438 49.1016 0.8320 28.3203
505.4688 49.1016 0.8320 28.3203
439.8438 30.5078 0.8320 28.3203
439.8438 49.1016 0.6992 28.3203
439.8438 49.1016 0.8320 79.1797
505.4688 30.5078 0.6992 79.1797
589.8438 31.6016 0.0820 45.8203
655.4688 31.6016 0.0820 45.8203
589.8438 13.0078 0.0820 45.8203
589.8438 31.6016 0.4492 45.8203
589.8438 31.6016 0.0820 61.6797
655.4688 13.0078 0.4492 61.6797
289.8438 66.6016 0.5820 10.8203
355.4688 66.6016 0.5820 10.8203
289.8438 48.0078 0.5820 10.8203
289.8438 66.6016 0.9492 10.8203
289.8438 66.6016 0.5820 26.6797
355.4688 48.0078 0.9492 26.6797
364.8438 40.3516 0.9570 19.5703
280.4688 40.3516 0.9570 19.5703
364.8438 74.2578 0.9570 19.5703
364.8438 40.3516 0.3242 19.5703
364.8438 40.3516 0.9570 52.9297
280.4688 74.2578 0.3242 52.9297
664.8438 75.3516 0.4570 54.5703
580.4688 75.3516 0.4570 54.5703
664.8438 39.2578 0.4570 54.5703
664.8438 75.3516 0.8242 54.5703
664.8438 75.3516 0.4570 17.9297
580.4688 39.2578 0.8242 17.9297
514.8438 22.8516 0.7070 37.0703
430.4688 22.8516 0.7070 37.0703
514.8438 21.7578 0.7070 37.0703
514.8438 22.8516 0.0742 37.0703
514.8438 22.8516 0.7070 35.4297
430.4688 21.7578 0.0742 35.4297
214.8438 57.8516 0.2070 72.0703
130.4688 57.8516 0.2070 72.0703
214.8438 56.7578 0.2070 72.0703
214.8438 57.8516 0.5742 72.0703
214.8438 57.8516 0.2070 70.4297
130.4688 56.7578 0.5742 70.4297
177.3438 35.9766 0.6445 58.9453
542.9688 35.9766 0.6445 58.9453
177.3438 52.3828 0.6445 58.9453
177.3438 35.9766 0.2617 58.9453
177.3438 35.9766 0.6445 48.5547
542.9688 52.3828 0.2617 48.5547
477.3438 70.9766 0.1445 23.9453
242.9688 70.9766 0.1445 23.9453
477.3438 17.3828 0.1445 23.9453
477.3438 70.9766 0.7617 23.9453
477.3438 70.9766 0.1445 13.5547
242.9688 17.3828 0.7617 13.5547
627.3438 18.4766 0.8945 76.4453
392.9688 18.4766 0.8945 76.4453
627.3438 34.8828 0.8945 76.4453
627.3438 18.4766 0.0117 76.4453
627.3438 18.4766 0.8945 31.0547
392.9688 34.8828 0.0117 31.0547
327.3438 53.4766 0.3945 41.4453
692.9688 53.4766 0.3945 41.4453
327.3438 69.8828 0.3945 41.4453
327.3438 53.4766 0.5117 41.4453
327.3438 53.4766 0.3945 66.0547
692.9688 69.8828 0.5117 66.0547
252.3438 27.2266 0.0195 32.6953
617.9688 27.2266 0.0195 32.6953
252.3438 61.1328 0.0195 32.6953
252.3438 27.2266 0.1367 32.6953
252.3438 27.2266 0.0195 39.8047
617.9688 61.1328 0.1367 39.8047
552.3438 62.2266 0.5195 67.6953
317.9688 62.2266 0.5195 67.6953
552.3438 26.1328 0.5195 67.6953
552.3438 62.2266 0.6367 67.6953
552.3438 62.2266 0.5195 74.8047
317.9688 26.1328 0.6367 74.8047
402.3438 44.7266 0.2695 15.1953
167.9688 44.7266 0.2695 15.1953
402.3438 43.6328 0.2695 15.1953
402.3438 44.7266 0.3867 15.1953
402.3438 44.7266 0.2695 57.3047
167.9688 43.6328 0.3867 57.3047
102.3438 79.7266 0.7695 50.1953
467.9688 79.7266 0.7695 50.1953
102.3438 78.6328 0.7695 50.1953
102.3438 79.7266 0.8867 50.1953
102.3438 79.7266 0.7695 22.3047
467.9688 78.6328 0.8867 22.3047
103.5156 44.8633 0.6777 30.6445
567.5781 44.8633 0.6777 30.6445
103.5156 17.5195 0.6777 30.6445
103.5156 44.8633 0.3652 30.6445
103.5156 44.8633 0.6777 35.0195
567.5781 17.5195 0.3652 35.0195
403.5156 79.8633 0.1777 65.6445
267.5781 79.8633 0.1777 65.6445
403.5156 52.5195 0.1777 65.6445
403.5156 79.8633 0.8652 65.6445
403.5156 79.8633 0.1777 70.0195
267.5781 52.5195 0.8652 70.0195
553.5156 27.3633 0.9277 13.1445
117.5781 27.3633 0.9277 13.1445
553.5156 70.0195 0.9277 13.1445
553.5156 27.3633 0.1152 13.1445
553.5156 27.3633 0.9277 52.5195
117.5781 70.0195 0.1152 52.5195
253.5156 62.3633 0.4277 48.1445
417.5781 62.3633 0.4277 48.1445
253.5156 35.0195 0.4277 48.1445
253.5156 62.3633 0.6152 48.1445
253.5156 62.3633 0.4277 17.5195
417.5781 35.0195 0.6152 17.5195
328.5156 18.6133 0.0527 56.8945
492.5781 18.6133 0.0527 56.8945
328.5156 26.2695 0.0527 56.8945
328.5156 18.6133 0.2402 56.8945
328.5156 18.6133 0.0527 61.2695
492.5781 26.2695 0.2402 61.2695
628.5156 53.6133 0.5527 21.8945
192.5781 53.6133 0.5527 21.8945
628.5156 61.2695 0.5527 21.8945
628.5156 53.6133 0.7402 21.8945
628.5156 53.6133 0.5527 26.2695
192.5781 61.2695 0.7402 26.2695
478.5156 36.1133 0.3027 74.3945
342.5781 36.1133 0.3027 74.3945
478.5156 78.7695 0.3027 74.3945
478.5156 36.1133 0.4902 74.3945
478.5156 36.1133 0.3027 43.7695
342.5781 78.7695 0.4902 43.7695
178.5156 71.1133 0.8027 39.3945
642.5781 71.1133 0.8027 39.3945
178.5156 43.7695 0.8027 39.3945
178.5156 71.1133 0.9902 39.3945
178.5156 71.1133 0.8027 78.7695
642.5781 43.7695 0.9902 78.7695
216.0156 22.9883 0.3652 26.2695
305.0781 22.9883 0.3652 26.2695
216.0156 30.6445 0.3652 26.2695
216.0156 22.9883 0.1777 26.2695
216.0156 22.9883 0.3652 56.8945
305.0781 30.6445 0.1777 56.8945
516.0156 57.9883 0.8652 61.2695
605.0781 57.9883 0.8652 61.2695
516.0156 65.6445 0.8652 61.2695
516.0156 57.9883 0.6777 61.2695
516.0156 57.9883 0.8652 21.8945
605.0781 65.6445 0.6777 21.8945
666.0156 40.4883 0.1152 43.7695
455.0781 40.4883 0.1152 43.7695
666.0156 48.1445 0.1152 43.7695
666.0156 40.4883 0.4277 43.7695
666.0156 40.4883 0.1152 39.3945
455.0781 48.1445 0.4277 39.3945
366.0156 75.4883 0.6152 78.7695
155.0781 75.4883 0.6152 78.7695
366.0156 13.1445 0.6152 78.7695
366.0156 75.4883 0.9277 78.7695
366.0156 75.4883 0.6152 74.3945
155.0781 13.1445 0.9277 74.3945
291.0156 31.7383 0.9902 70.0195
230.0781 31.7383 0.9902 70.0195
291.0156 39.3945 0.9902 70.0195
291.0156 31.7383 0.3027 70.0195
291.0156 31.7383 0.9902 30.6445
230.0781 39.3945 0.3027 30.6445
591.0156 66.7383 0.4902 35.0195
530.0781 66.7383 0.4902 35.0195
591.0156 74.3945 0.4902 35.0195
591.0156 66.7383 0.8027 35.0195
591.0156 66.7383 0.4902 65.6445
530.0781 74.3945 0.8027 65.6445
441.0156 14.2383 0.7402 52.5195
680.0781 14.2383 0.7402 52.5195
441.0156 56.8945 0.7402 52.5195
441.0156 14.2383 0.0527 52.5195
441.0156 14.2383 0.7402 48.1445
680.0781 56.8945 0.0527 48.1445
141.0156 49.2383 0.2402 17.5195
380.0781 49.2383 0.2402 17.5195
141.0156 21.8945 0.2402 17.5195
141.0156 49.2383 0.5527 17.5195
141.0156 49.2383 0.2402 13.1445
380.0781 21.8945 0.5527 13.1445
159.7656 12.0508 0.8340 72.2070
436.3281 12.0508 0.8340 72.2070
159.7656 72.2070 0.8340 72.2070
159.7656 12.0508 0.8340 72.2070
159.7656 12.0508 0.8340 45.9570
436.3281 72.2070 0.8340 45.9570
459.7656 47.0508 0.3340 37.2070
136.3281 47.0508 0.3340 37.2070
459.7656 37.2070 0.3340 37.2070
459.7656 47.0508 0.3340 37.2070
459.7656 47.0508 0.3340 10.9570
136.3281 37.2070 0.3340 10.9570
609.7656 29.5508 0.5840 54.7070
286.3281 29.5508 0.5840 54.7070
609.7656 19.7070 0.5840 54.7070
609.7656 29.5508 0.5840 54.7070
609.7656 29.5508 0.5840 28.4570
286.3281 19.7070 0.5840 28.4570
309.7656 64.5508 0.0840 19.7070
586.3281 64.5508 0.0840 19.7070
309.7656 54.7070 0.0840 19.7070
309.7656 64.5508 0.0840 19.7070
309.7656 64.5508 0.0840 63.4570
586.3281 54.7070 0.0840 63.4570
384.7656 38.3008 0.4590 10.9570
661.3281 38.3008 0.4590 10.9570
384.7656 63.4570 0.4590 10.9570
384.7656 38.3008 0.7090 10.9570
384.7656 38.3008 0.4590 37.2070
661.3281 63.4570 0.7090 37.2070
684.7656 73.3008 0.9590 45.9570
361.3281 73.3008 0.9590 45.9570
684.7656 28.4570 0.9590 45.9570
684.7656 73.3008 0.2090 45.9570
684.7656 73.3008 0.9590 72.2070
361.3281 28.4570 0.2090 72.2070
534.7656 20.8008 0.2090 28.4570
211.3281 20.8008 0.2090 28.4570
534.7656 10.9570 0.2090 28.4570
534.7656 20.8008 0.9590 28.4570
534.7656 20.8008 0.2090 54.7070
211.3281 10.9570 0.9590 54.7070
234.7656 55.8008 0.7090 63.4570
511.3281 55.8008 0.7090 63.4570
234.7656 45.9570 0.7090 63.4570
234.7656 55.8008 0.4590 63.4570
234.7656 55.8008 0.7090 19.7070
511.3281 45.9570 0.4590 19.7070
197.2656 33.9258 0.1465 50.3320
173.8281 33.9258 0.1465 50.3320
197.2656 59.0820 0.1465 50.3320
197.2656 33.9258 0.6465 50.3320
197.2656 33.9258 0.1465 41.5820
173.8281 59.0820 0.6465 41.5820
497.2656 68.9258 0.6465 15.3320
473.8281 68.9258 0.6465 15.3320
497.2656 24.0820 0.6465 15.3320
497.2656 68.9258 0.1465 15.3320
497.2656 68.9258 0.6465 76.5820
473.8281 24.0820 0.1465 76.5820
647.2656 16.4258 0.3965 67.8320
623.8281 16.4258 0.3965 67.8320
647.2656 41.5820 0.3965 67.8320
647.2656 16.4258 0.8965 67.8320
647.2656 16.4258 0.3965 59.0820
623.8281 41.5820 0.8965 59.0820
347.2656 51.4258 0.8965 32.8320
323.8281 51.4258 0.8965 32.8320
347.2656 76.5820 0.8965 32.8320
347.2656 51.4258 0.3965 32.8320
347.2656 51.4258 0.8965 24.0820
323.8281 76.5820 0.3965 24.0820
272.2656 25.1758 0.5215 41.5820
398.8281 25.1758 0.5215 41.5820
272.2656 50.3320 0.5215 41.5820
272.2656 25.1758 0.7715 41.5820
272.2656 25.1758 0.5215 50.3320
398.8281 50.3320 0.7715 50.3320
572.2656 60.1758 0.0215 76.5820
698.8281 60.1758 0.0215 76.5820
572.2656 15.3320 0.0215 76.5820
572.2656 60.1758 0.2715 76.5820
572.2656 60.1758 0.0215 15.3320
698.8281 15.3320 0.2715 15.3320
422.2656 42.6758 0.7715 24.0820
548.8281 42.6758 0.7715 24.0820
422.2656 32.8320 0.7715 24.0820
422.2656 42.6758 0.5215 24.0820
422.2656 42.6758 0.7715 32.8320
548.8281 32.8320 0.5215 32.8320
122.2656 77.6758 0.2715 59.0820
248.8281 77.6758 0.2715 59.0820
122.2656 67.8320 0.2715 59.0820
122.2656 77.6758 0.0215 59.0820
122.2656 77.6758 0.2715 67.8320
248.8281 67.8320 0.0215 67.8320
131.6406 26.2695 0.0996 64.5508
633.2031 26.2695 0.0996 64.5508
131.6406 77.6758 0.0996 64.5508
131.6406 26.2695 0.5684 64.5508
131.6406 26.2695 0.0996 77.6758
633.2031 77.6758 0.5684 77.6758
431.6406 61.2695 0.5996 29.5508
333.2031 61.2695 0.5996 29.5508
431.6406 42.6758 0.5996 29.5508
431.6406 61.2695 0.0684 29.5508
431.6406 61.2695 0.5996 42.6758
333.2031 42.6758 0.0684 42.6758
581.6406 43.7695 0.3496 47.0508
183.2031 43.7695 0.3496 47.0508
581.6406 25.1758 0.3496 47.0508
581.6406 43.7695 0.8184 47.0508
581.6406 43.7695 0.3496 25.1758
183.2031 25.1758 0.8184 25.1758
281.6406 78.7695 0.8496 12.0508
483.2031 78.7695 0.8496 12.0508
281.6406 60.1758 0.8496 12.0508
281.6406 78.7695 0.3184 12.0508
281.6406 78.7695 0.8496 60.1758
483.2031 60.1758 0.3184 60.1758
356.6406 35.0195 0.7246 20.8008
408.2031 35.0195 0.7246 20.8008
356.6406 68.9258 0.7246 20.8008
356.6406 35.0195 0.9434 20.8008
356.6406 35.0195 0.7246 16.4258
408.2031 68.9258 0.9434 16.4258
656.6406 70.0195 0.2246 55.8008
108.2031 70.0195 0.2246 55.8008
656.6406 33.9258 0.2246 55.8008
656.6406 70.0195 0.4434 55.8008
656.6406 70.0195 0.2246 51.4258
108.2031 33.9258 0.4434 51.4258
506.6406 17.5195 0.9746 38.3008
258.2031 17.5195 0.9746 38.3008
506.6406 16.4258 0.9746 38.3008
506.6406 17.5195 0.6934 38.3008
506.6406 17.5195 0.9746 68.9258
258.2031 16.4258 0.6934 68.9258
206.6406 52.5195 0.4746 73.3008
558.2031 52.5195 0.4746 73.3008
206.6406 51.4258 0.4746 73.3008
206.6406 52.5195 0.1934 73.3008
206.6406 52.5195 0.4746 33.9258
558.2031 51.4258 0.1934 33.9258
244.1406 39.3945 0.9121 60.1758
370.7031 39.3945 0.9121 60.1758
244.1406 55.8008 0.9121 60.1758
244.1406 39.3945 0.8809 60.1758
244.1406 39.3945 0.9121 12.0508
370.7031 55.8008 0.8809 12.0508
544.1406 74.3945 0.4121 25.1758
670.7031 74.3945 0.4121 25.1758
544.1406 20.8008 0.4121 25.1758
544.1406 74.3945 0.3809 25.1758
544.1406 74.3945 0.4121 47.0508
670.7031 20.8008 0.3809 47.0508
694.1406 21.8945 0.6621 77.6758
520.7031 21.8945 0.6621 77.6758
694.1406 38.3008 0.6621 77.6758
694.1406 21.8945 0.6309 77.6758
694.1406 21.8945 0.6621 64.5508
520.7031 38.3008 0.6309 64.5508
394.1406 56.8945 0.1621 42.6758
220.7031 56.8945 0.1621 42.6758
394.1406 73.3008 0.1621 42.6758
394.1406 56.8945 0.1309 42.6758
394.1406 56.8945 0.1621 29.5508
220.7031 73.3008 0.1309 29.5508
319.1406 13.1445 0.2871 33.9258
145.7031 13.1445 0.2871 33.9258
319.1406 47.0508 0.2871 33.9258
319.1406 13.1445 0.5059 33.9258
319.1406 13.1445 0.2871 73.3008
145.7031 47.0508 0.5059 73.3008
619.1406 48.1445 0.7871 68.9258
445.7031 48.1445 0.7871 68.9258
619.1406 12.0508 0.7871 68.9258
619.1406 48.1445 0.0059 68.9258
619.1406 48.1445 0.7871 38.3008
445.7031 12.0508 0.0059 38.3008
469.1406 30.6445 0.0371 16.4258
595.7031 30.6445 0.0371 16.4258
469.1406 29.5508 0.0371 16.4258
469.1406 30.6445 0.7559 16.4258
469.1406 30.6445 0.0371 20.8008
595.7031 29.5508 0.7559 20.8008
169.1406 65.6445 0.5371 51.4258
295.7031 65.6445 0.5371 51.4258
169.1406 64.5508 0.5371 51.4258
169.1406 65.6445 0.2559 51.4258
169.1406 65.6445 0.5371 55.8008
295.7031 64.5508 0.2559 55.8008
150.3906 28.4570 0.3809 40.4883
501.9531 28.4570 0.3809 40.4883
150.3906 14.2383 0.3809 40.4883
150.3906 28.4570 0.0996 40.4883
150.3906 28.4570 0.3809 22.9883
501.9531 14.2383 0.0996 22.9883
450.3906 63.4570 0.8809 75.4883
201.9531 63.4570 0.8809 75.4883
450.3906 49.2383 0.8809 75.4883
450.3906 63.4570 0.5996 75.4883
450.3906 63.4570 0.8809 57.9883
201.9531 49.2383 0.5996 57.9883
600.3906 10.9570 0.1309 22.9883
351.9531 10.9570 0.1309 22.9883
600.3906 66.7383 0.1309 22.9883
600.3906 10.9570 0.3496 22.9883
600.3906 10.9570 0.1309 75.4883
351.9531 66.7383 0.3496 75.4883
300.3906 45.9570 0.6309 57.9883
651.9531 45.9570 0.6309 57.9883
300.3906 31.7383 0.6309 57.9883
300.3906 45.9570 0.8496 57.9883
300.3906 45.9570 0.6309 40.4883
651.9531 31.7383 0.8496 40.4883
375.3906 19.7070 0.7559 49.2383
576.9531 19.7070 0.7559 49.2383
375.3906 22.9883 0.7559 49.2383
375.3906 19.7070 0.4746 49.2383
375.3906 19.7070 0.7559 66.7383
576.9531 22.9883 0.4746 66.7383
675.3906 54.7070 0.2559 14.2383
276.9531 54.7070 0.2559 14.2383
675.3906 57.9883 0.2559 14.2383
675.3906 54.7070 0.9746 14.2383
675.3906 54.7070 0.2559 31.7383
276.9531 57.9883 0.9746 31.7383
525.3906 37.2070 0.5059 66.7383
126.9531 37.2070 0.5059 66.7383
525.3906 75.4883 0.5059 66.7383
525.3906 37.2070 0.2246 66.7383
525.3906 37.2070 0.5059 14.2383
126.9531 75.4883 0.2246 14.2383
225.3906 72.2070 0.0059 31.7383
426.9531 72.2070 0.0059 31.7383
225.3906 40.4883 0.0059 31.7383
225.3906 72.2070 0.7246 31.7383
225.3906 72.2070 0.0059 49.2383
426.9531 40.4883 0.7246 49.2383
187.8906 15.3320 0.5684 18.6133
239.4531 15.3320 0.5684 18.6133
187.8906 36.1133 0.5684 18.6133
187.8906 15.3320 0.4121 18.6133
187.8906 15.3320 0.5684 71.1133
239.4531 36.1133 0.4121 71.1133
487.8906 50.3320 0.0684 53.6133
539.4531 50.3320 0.0684 53.6133
487.8906 71.1133 0.0684 53.6133
487.8906 50.3320 0.9121 53.6133
487.8906 50.3320 0.0684 36.1133
539.4531 71.1133 0.9121 36.1133
637.8906 32.8320 0.8184 36.1133
689.4531 32.8320 0.8184 36.1133
637.8906 53.6133 0.8184 36.1133
637.8906 32.8320 0.1621 36.1133
637.8906 32.8320 0.8184 18.6133
689.4531 53.6133 0.1621 18.6133
337.8906 67.8320 0.3184 71.1133
389.4531 67.8320 0.3184 71.1133
337.8906 18.6133 0.3184 71.1133
337.8906 67.8320 0.6621 71.1133
337.8906 67.8320 0.3184 53.6133
389.4531 18.6133 0.6621 53.6133
262.8906 41.5820 0.1934 79.8633
314.4531 41.5820 0.1934 79.8633
262.8906 44.8633 0.1934 79.8633
262.8906 41.5820 0.0371 79.8633
262.8906 41.5820 0.1934 27.3633
314.4531 44.8633 0.0371 27.3633
562.8906 76.5820 0.6934 44.8633
614.4531 76.5820 0.6934 44.8633
562.8906 79.8633 0.6934 44.8633
562.8906 76.5820 0.5371 44.8633
562.8906 76.5820 0.6934 62.3633
614.4531 79.8633 0.5371 62.3633
412.8906 24.0820 0.4434 62.3633
464.4531 24.0820 0.4434 62.3633
412.8906 62.3633 0.4434 62.3633
412.8906 24.0820 0.2871 62.3633
412.8906 24.0820 0.4434 79.8633
464.4531 62.3633 0.2871 79.8633
112.8906 59.0820 0.9434 27.3633
164.4531 59.0820 0.9434 27.3633
112.8906 27.3633 0.9434 27.3633
112.8906 59.0820 0.7871 27.3633
112.8906 59.0820 0.9434 44.8633
164.4531 27.3633 0.7871 44.8633
117.5781 16.9727 0.4980 53.0664
328.5156 16.9727 0.4980 53.0664
117.5781 38.8477 0.4980 53.0664
117.5781 16.9727 0.9668 53.0664
117.5781 16.9727 0.4980 39.9414
328.5156 38.8477 0.9668 39.9414
417.5781 51.9727 0.9980 18.0664
628.5156 51.9727 0.9980 18.0664
417.5781 73.8477 0.9980 18.0664
417.5781 51.9727 0.4668 18.0664
417.5781 51.9727 0.9980 74.9414
628.5156 73.8477 0.4668 74.9414
567.5781 34.4727 0.2480 70.5664
478.5156 34.4727 0.2480 70.5664
567.5781 56.3477 0.2480 70.5664
567.5781 34.4727 0.7168 70.5664
567.5781 34.4727 0.2480 57.4414
478.5156 56.3477 0.7168 57.4414
267.5781 69.4727 0.7480 35.5664
178.5156 69.4727 0.7480 35.5664
267.5781 21.3477 0.7480 35.5664
267.5781 69.4727 0.2168 35.5664
267.5781 69.4727 0.7480 22.4414
178.5156 21.3477 0.2168 22.4414
342.5781 43.2227 0.8730 44.3164
103.5156 43.2227 0.8730 44.3164
342.5781 30.0977 0.8730 44.3164
342.5781 43.2227 0.5918 44.3164
342.5781 43.2227 0.8730 48.6914
103.5156 30.0977 0.5918 48.6914
642.5781 78.2227 0.3730 79.3164
403.5156 78.2227 0.3730 79.3164
642.5781 65.0977 0.3730 79.3164
642.5781 78.2227 0.0918 79.3164
642.5781 78.2227 0.3730 13.6914
403.5156 65.0977 0.0918 13.6914
492.5781 25.7227 0.6230 26.8164
553.5156 25.7227 0.6230 26.8164
492.5781 47.5977 0.6230 26.8164
492.5781 25.7227 0.8418 26.8164
492.5781 25.7227 0.6230 31.1914
553.5156 47.5977 0.8418 31.1914
192.5781 60.7227 0.1230 61.8164
253.5156 60.7227 0.1230 61.8164
192.5781 12.5977 0.1230 61.8164
192.5781 60.7227 0.3418 61.8164
192.5781 60.7227 0.1230 66.1914
253.5156 12.5977 0.3418 66.1914
230.0781 30.0977 0.5605 74.9414
666.0156 30.0977 0.5605 74.9414
230.0781 25.7227 0.5605 74.9414
230.0781 30.0977 0.5293 74.9414
230.0781 30.0977 0.5605 53.0664
666.0156 25.7227 0.5293 53.0664
530.0781 65.0977 0.0605 39.9414
366.0156 65.0977 0.0605 39.9414
530.0781 60.7227 0.0605 39.9414
530.0781 65.0977 0.0293 39.9414
530.0781 65.0977 0.0605 18.0664
366.0156 60.7227 0.0293 18.0664
680.0781 12.5977 0.8105 57.4414
216.0156 12.5977 0.8105 57.4414
680.0781 78.2227 0.8105 57.4414
680.0781 12.5977 0.7793 57.4414
680.0781 12.5977 0.8105 35.5664
216.0156 78.2227 0.7793 35.5664
380.0781 47.5977 0.3105 22.4414
516.0156 47.5977 0.3105 22.4414
380.0781 43.2227 0.3105 22.4414
380.0781 47.5977 0.2793 22.4414
380.0781 47.5977 0.3105 70.5664
516.0156 43.2227 0.2793 70.5664
305.0781 21.3477 0.1855 13.6914
441.0156 21.3477 0.1855 13.6914
305.0781 16.9727 0.1855 13.6914
305.0781 21.3477 0.9043 13.6914
305.0781 21.3477 0.1855 44.3164
441.0156 16.9727 0.9043 44.3164
605.0781 56.3477 0.6855 48.6914
141.0156 56.3477 0.6855 48.6914
605.0781 51.9727 0.6855 48.6914
605.0781 56.3477 0.4043 48.6914
605.0781 56.3477 0.6855 79.3164
141.0156 51.9727 0.4043 79.3164
455.0781 38.8477 0.4355 31.1914
291.0156 38.8477 0.4355 31.1914
455.0781 69.4727 0.4355 31.1914
455.0781 38.8477 0.6543 31.1914
455.0781 38.8477 0.4355 61.8164
291.0156 69.4727 0.6543 61.8164
155.0781 73.8477 0.9355 66.1914
591.0156 73.8477 0.9355 66.1914
155.0781 34.4727 0.9355 66.1914
155.0781 73.8477 0.1543 66.1914
155.0781 73.8477 0.9355 26.8164
591.0156 34.4727 0.1543 26.8164
173.8281 36.6602 0.0293 24.6289
197.2656 36.6602 0.0293 24.6289
173.8281 49.7852 0.0293 24.6289
173.8281 36.6602 0.4980 24.6289
173.8281 36.6602 0.0293 59.6289
197.2656 49.7852 0.4980 59.6289
473.8281 71.6602 0.5293 59.6289
497.2656 71.6602 0.5293 59.6289
473.8281 14.7852 0.5293 59.6289
473.8281 71.6602 0.9980 59.6289
473.8281 71.6602 0.5293 24.6289
497.2656 14.7852 0.9980 24.6289
623.8281 19.1602 0.2793 42.1289
647.2656 19.1602 0.2793 42.1289
623.8281 32.2852 0.2793 42.1289
623.8281 19.1602 0.2480 42.1289
623.8281 19.1602 0.2793 42.1289
647.2656 32.2852 0.2480 42.1289
323.8281 54.1602 0.7793 77.1289
347.2656 54.1602 0.7793 77.1289
323.8281 67.2852 0.7793 77.1289
323.8281 54.1602 0.7480 77.1289
323.8281 54.1602 0.7793 77.1289
347.2656 67.2852 0.7480 77.1289
398.8281 10.4102 0.6543 68.3789
272.2656 10.4102 0.6543 68.3789
398.8281 58.5352 0.6543 68.3789
398.8281 10.4102 0.1230 68.3789
398.8281 10.4102 0.6543 33.3789
272.2656 58.5352 0.1230 33.3789
698.8281 45.4102 0.1543 33.3789
572.2656 45.4102 0.1543 33.3789
698.8281 23.5352 0.1543 33.3789
698.8281 45.4102 0.6230 33.3789
698.8281 45.4102 0.1543 68.3789
572.2656 23.5352 0.6230 68.3789
548.8281 27.9102 0.9043 50.8789
422.2656 27.9102 0.9043 50.8789
548.8281 41.0352 0.9043 50.8789
548.8281 27.9102 0.3730 50.8789
548.8281 27.9102 0.9043 50.8789
422.2656 41.0352 0.3730 50.8789
248.8281 62.9102 0.4043 15.8789
122.2656 62.9102 0.4043 15.8789
248.8281 76.0352 0.4043 15.8789
248.8281 62.9102 0.8730 15.8789
248.8281 62.9102 0.4043 15.8789
122.2656 76.0352 0.8730 15.8789
211.3281 23.5352 0.9668 29.0039
534.7656 23.5352 0.9668 29.0039
211.3281 62.9102 0.9668 29.0039
211.3281 23.5352 0.0605 29.0039
211.3281 23.5352 0.9668 29.0039
534.7656 62.9102 0.0605 29.0039
511.3281 58.5352 0.4668 64.0039
234.7656 58.5352 0.4668 64.0039
511.3281 27.9102 0.4668 64.0039
511.3281 58.5352 0.5605 64.0039
511.3281 58.5352 0.4668 64.0039
234.7656 27.9102 0.5605 64.0039
661.3281 41.0352 0.7168 11.5039
384.7656 41.0352 0.7168 11.5039
661.3281 10.4102 0.7168 11.5039
661.3281 41.0352 0.3105 11.5039
661.3281 41.0352 0.7168 46.5039
384.7656 10.4102 0.3105 46.5039
361.3281 76.0352 0.2168 46.5039
684.7656 76.0352 0.2168 46.5039
361.3281 45.4102 0.2168 46.5039
361.3281 76.0352 0.8105 46.5039
361.3281 76.0352 0.2168 11.5039
684.7656 45.4102 0.8105 11.5039
286.3281 32.2852 0.3418 55.2539
609.7656 32.2852 0.3418 55.2539
286.3281 71.6602 0.3418 55.2539
286.3281 32.2852 0.4355 55.2539
286.3281 32.2852 0.3418 55.2539
609.7656 71.6602 0.4355 55.2539
586.3281 67.2852 0.8418 20.2539
309.7656 67.2852 0.8418 20.2539
586.3281 36.6602 0.8418 20.2539
586.3281 67.2852 0.9355 20.2539
586.3281 67.2852 0.8418 20.2539
309.7656 36.6602 0.9355 20.2539
436.3281 14.7852 0.0918 72.7539
159.7656 14.7852 0.0918 72.7539
436.3281 19.1602 0.0918 72.7539
436.3281 14.7852 0.1855 72.7539
436.3281 14.7852 0.0918 37.7539
159.7656 19.1602 0.1855 37.7539
136.3281 49.7852 0.5918 37.7539
459.7656 49.7852 0.5918 37.7539
136.3281 54.1602 0.5918 37.7539
136.3281 49.7852 0.6855 37.7539
136.3281 49.7852 0.5918 72.7539
459.7656 54.1602 0.6855 72.7539
126.9531 35.5664 0.7949 14.7852
262.8906 35.5664 0.7949 14.7852
126.9531 46.5039 0.7949 14.7852
126.9531 35.5664 0.2324 14.7852
126.9531 35.5664 0.7949 62.9102
262.8906 46.5039 0.2324 62.9102
426.9531 70.5664 0.2949 49.7852
562.8906 70.5664 0.2949 49.7852
426.9531 11.5039 0.2949 49.7852
426.9531 70.5664 0.7324 49.7852
426.9531 70.5664 0.2949 27.9102
562.8906 11.5039 0.7324 27.9102
576.9531 18.0664 0.5449 32.2852
412.8906 18.0664 0.5449 32.2852
576.9531 29.0039 0.5449 32.2852
576.9531 18.0664 0.4824 32.2852
576.9531 18.0664 0.5449 10.4102
412.8906 29.0039 0.4824 10.4102
276.9531 53.0664 0.0449 67.2852
112.8906 53.0664 0.0449 67.2852
276.9531 64.0039 0.0449 67.2852
276.9531 53.0664 0.9824 67.2852
276.9531 53.0664 0.0449 45.4102
112.8906 64.0039 0.9824 45.4102
351.9531 26.8164 0.4199 76.0352
187.8906 26.8164 0.4199 76.0352
351.9531 55.2539 0.4199 76.0352
351.9531 26.8164 0.3574 76.0352
351.9531 26.8164 0.4199 19.1602
187.8906 55.2539 0.3574 19.1602
651.9531 61.8164 0.9199 41.0352
487.8906 61.8164 0.9199 41.0352
651.9531 20.2539 0.9199 41.0352
651.9531 61.8164 0.8574 41.0352
651.9531 61.8164 0.9199 54.1602
487.8906 20.2539 0.8574 54.1602
501.9531 44.3164 0.1699 58.5352
637.8906 44.3164 0.1699 58.5352
501.9531 37.7539 0.1699 58.5352
501.9531 44.3164 0.1074 58.5352
501.9531 44.3164 0.1699 71.6602
637.8906 37.7539 0.1074 71.6602
201.9531 79.3164 0.6699 23.5352
337.8906 79.3164 0.6699 23.5352
201.9531 72.7539 0.6699 23.5352
201.9531 79.3164 0.6074 23.5352
201.9531 79.3164 0.6699 36.6602
337.8906 72.7539 0.6074 36.6602
239.4531 13.6914 0.2324 36.6602
600.3906 13.6914 0.2324 36.6602
239.4531 68.3789 0.2324 36.6602
239.4531 13.6914 0.2949 36.6602
239.4531 13.6914 0.2324 23.5352
600.3906 68.3789 0.2949 23.5352
539.4531 48.6914 0.7324 71.6602
300.3906 48.6914 0.7324 71.6602
539.4531 33.3789 0.7324 71.6602
539.4531 48.6914 0.7949 71.6602
539.4531 48.6914 0.7324 58.5352
300.3906 33.3789 0.7949 58.5352
689.4531 31.1914 0.4824 19.1602
150.3906 31.1914 0.4824 19.1602
689.4531 15.8789 0.4824 19.1602
689.4531 31.1914 0.0449 19.1602
689.4531 31.1914 0.4824 76.0352
150.3906 15.8789 0.0449 76.0352
389.4531 66.1914 0.9824 54.1602
450.3906 66.1914 0.9824 54.1602
389.4531 50.8789 0.9824 54.1602
389.4531 66.1914 0.5449 54.1602
389.4531 66.1914 0.9824 41.0352
450.3906 50.8789 0.5449 41.0352
314.4531 39.9414 0.6074 45.4102
525.3906 39.9414 0.6074 45.4102
314.4531 77.1289 0.6074 45.4102
314.4531 39.9414 0.1699 45.4102
314.4531 39.9414 0.6074 67.2852
525.3906 77.1289 0.1699 67.2852
614.4531 74.9414 0.1074 10.4102
225.3906 74.9414 0.1074 10.4102
614.4531 42.1289 0.1074 10.4102
614.4531 74.9414 0.6699 10.4102
614.4531 74.9414 0.1074 32.2852
225.3906 42.1289 0.6699 32.2852
464.4531 22.4414 0.8574 62.9102
375.3906 22.4414 0.8574 62.9102
464.4531 24.6289 0.8574 62.9102
464.4531 22.4414 0.4199 62.9102
464.4531 22.4414 0.8574 14.7852
375.3906 24.6289 0.4199 14.7852
164.4531 57.4414 0.3574 27.9102
675.3906 57.4414 0.3574 27.9102
164.4531 59.6289 0.3574 27.9102
164.4531 57.4414 0.9199 27.9102
164.4531 57.4414 0.3574 49.7852
675.3906 59.6289 0.9199 49.7852
145.7031 20.2539 0.7012 60.7227
131.6406 20.2539 0.7012 60.7227
145.7031 44.3164 0.7012 60.7227
145.7031 20.2539 0.7012 60.7227
145.7031 20.2539 0.7012 16.9727
131.6406 44.3164 0.7012 16.9727
445.7031 55.2539 0.2012 25.7227
431.6406 55.2539 0.2012 25.7227
445.7031 79.3164 0.2012 25.7227
445.7031 55.2539 0.2012 25.7227
445.7031 55.2539 0.2012 51.9727
431.6406 79.3164 0.2012 51.9727
595.7031 37.7539 0.9512 78.2227
581.6406 37.7539 0.9512 78.2227
595.7031 61.8164 0.9512 78.2227
595.7031 37.7539 0.9512 78.2227
595.7031 37.7539 0.9512 69.4727
581.6406 61.8164 0.9512 69.4727
295.7031 72.7539 0.4512 43.2227
281.6406 72.7539 0.4512 43.2227
295.7031 26.8164 0.4512 43.2227
295.7031 72.7539 0.4512 43.2227
295.7031 72.7539 0.4512 34.4727
281.6406 26.8164 0.4512 34.4727
370.7031 29.0039 0.0762 34.4727
356.6406 29.0039 0.0762 34.4727
370.7031 35.5664 0.0762 34.4727
370.7031 29.0039 0.8262 34.4727
370.7031 29.0039 0.0762 78.2227
356.6406 35.5664 0.8262 78.2227
670.7031 64.0039 0.5762 69.4727
656.6406 64.0039 0.5762 69.4727
670.7031 70.5664 0.5762 69.4727
670.7031 64.0039 0.3262 69.4727
670.7031 64.0039 0.5762 43.2227
656.6406 70.5664 0.3262 43.2227
520.7031 11.5039 0.3262 16.9727
506.6406 11.5039 0.3262 16.9727
520.7031 53.0664 0.3262 16.9727
520.7031 11.5039 0.5762 16.9727
520.7031 11.5039 0.3262 25.7227
506.6406 53.0664 0.5762 25.7227
220.7031 46.5039 0.8262 51.9727
206.6406 46.5039 0.8262 51.9727
220.7031 18.0664 0.8262 51.9727
220.7031 46.5039 0.0762 51.9727
220.7031 46.5039 0.8262 60.7227
206.6406 18.0664 0.0762 60.7227
183.2031 42.1289 0.2637 65.0977
469.1406 42.1289 0.2637 65.0977
183.2031 22.4414 0.2637 65.0977
183.2031 42.1289 0.7637 65.0977
183.2031 42.1289 0.2637 73.8477
469.1406 22.4414 0.7637 73.8477
483.2031 77.1289 0.7637 30.0977
169.1406 77.1289 0.7637 30.0977
483.2031 57.4414 0.7637 30.0977
483.2031 77.1289 0.2637 30.0977
483.2031 77.1289 0.7637 38.8477
169.1406 57.4414 0.2637 38.8477
633.2031 24.6289 0.0137 47.5977
319.1406 24.6289 0.0137 47.5977
633.2031 74.9414 0.0137 47.5977
633.2031 24.6289 0.5137 47.5977
633.2031 24.6289 0.0137 21.3477
319.1406 74.9414 0.5137 21.3477
333.2031 59.6289 0.5137 12.5977
619.1406 59.6289 0.5137 12.5977
333.2031 39.9414 0.5137 12.5977
333.2031 59.6289 0.0137 12.5977
333.2031 59.6289 0.5137 56.3477
619.1406 39.9414 0.0137 56.3477
258.2031 15.8789 0.8887 21.3477
694.1406 15.8789 0.8887 21.3477
258.2031 13.6914 0.8887 21.3477
258.2031 15.8789 0.6387 21.3477
258.2031 15.8789 0.8887 12.5977
694.1406 13.6914 0.6387 12.5977
558.2031 50.8789 0.3887 56.3477
394.1406 50.8789 0.3887 56.3477
558.2031 48.6914 0.3887 56.3477
558.2031 50.8789 0.1387 56.3477
558.2031 50.8789 0.3887 47.5977
394.1406 48.6914 0.1387 47.5977
408.2031 33.3789 0.6387 38.8477
244.1406 33.3789 0.6387 38.8477
408.2031 66.1914 0.6387 38.8477
408.2031 33.3789 0.8887 38.8477
408.2031 33.3789 0.6387 65.0977
244.1406 66.1914 0.8887 65.0977
108.2031 68.3789 0.1387 73.8477
544.1406 68.3789 0.1387 73.8477
108.2031 31.1914 0.1387 73.8477
108.2031 68.3789 0.3887 73.8477
108.2031 68.3789 0.1387 30.0977
544.1406 31.1914 0.3887 30.0977
105.8594 21.6211 0.9004 43.4961
176.1719 21.6211 0.9004 43.4961
105.8594 59.9023 0.9004 43.4961
105.8594 21.6211 0.5020 43.4961
105.8594 21.6211 0.9004 37.4805
176.1719 59.9023 0.5020 37.4805
405.8594 56.6211 0.4004 78.4961
476.1719 56.6211 0.4004 78.4961
405.8594 24.9023 0.4004 78.4961
405.8594 56.6211 0.0020 78.4961
405.8594 56.6211 0.4004 72.4805
476.1719 24.9023 0.0020 72.4805
555.8594 39.1211 0.6504 25.9961
626.1719 39.1211 0.6504 25.9961
555.8594 42.4023 0.6504 25.9961
555.8594 39.1211 0.7520 25.9961
555.8594 39.1211 0.6504 54.9805
626.1719 42.4023 0.7520 54.9805
255.8594 74.1211 0.1504 60.9961
326.1719 74.1211 0.1504 60.9961
255.8594 77.4023 0.1504 60.9961
255.8594 74.1211 0.2520 60.9961
255.8594 74.1211 0.1504 19.9805
326.1719 77.4023 0.2520 19.9805
330.8594 30.3711 0.2754 52.2461
251.1719 30.3711 0.2754 52.2461
330.8594 51.1523 0.2754 52.2461
330.8594 30.3711 0.8770 52.2461
330.8594 30.3711 0.2754 46.2305
251.1719 51.1523 0.8770 46.2305
630.8594 65.3711 0.7754 17.2461
551.1719 65.3711 0.7754 17.2461
630.8594 16.1523 0.7754 17.2461
630.8594 65.3711 0.3770 17.2461
630.8594 65.3711 0.7754 11.2305
551.1719 16.1523 0.3770 11.2305
480.8594 12.8711 0.0254 69.7461
401.1719 12.8711 0.0254 69.7461
480.8594 33.6523 0.0254 69.7461
480.8594 12.8711 0.6270 69.7461
480.8594 12.8711 0.0254 28.7305
401.1719 33.6523 0.6270 28.7305
180.8594 47.8711 0.5254 34.7461
101.1719 47.8711 0.5254 34.7461
180.8594 68.6523 0.5254 34.7461
180.8594 47.8711 0.1270 34.7461
180.8594 47.8711 0.5254 63.7305
101.1719 68.6523 0.1270 63.7305
218.3594 43.4961 0.0879 12.8711
513.6719 43.4961 0.0879 12.8711
218.3594 73.0273 0.0879 12.8711
218.3594 43.4961 0.9395 12.8711
218.3594 43.4961 0.0879 50.6055
513.6719 73.0273 0.9395 50.6055
518.3594 78.4961 0.5879 47.8711
213.6719 78.4961 0.5879 47.8711
518.3594 38.0273 0.5879 47.8711
518.3594 78.4961 0.4395 47.8711
518.3594 78.4961 0.5879 15.6055
213.6719 38.0273 0.4395 15.6055
668.3594 25.9961 0.3379 30.3711
363.6719 25.9961 0.3379 30.3711
668.3594 20.5273 0.3379 30.3711
668.3594 25.9961 0.6895 30.3711
668.3594 25.9961 0.3379 33.1055
363.6719 20.5273 0.6895 33.1055
368.3594 60.9961 0.8379 65.3711
663.6719 60.9961 0.8379 65.3711
368.3594 55.5273 0.8379 65.3711
368.3594 60.9961 0.1895 65.3711
368.3594 60.9961 0.8379 68.1055
663.6719 55.5273 0.1895 68.1055
293.3594 17.2461 0.7129 74.1211
588.6719 17.2461 0.7129 74.1211
293.3594 64.2773 0.7129 74.1211
293.3594 17.2461 0.5645 74.1211
293.3594 17.2461 0.7129 41.8555
588.6719 64.2773 0.5645 41.8555
593.3594 52.2461 0.2129 39.1211
288.6719 52.2461 0.2129 39.1211
593.3594 29.2773 0.2129 39.1211
593.3594 52.2461 0.0645 39.1211
593.3594 52.2461 0.2129 76.8555
288.6719 29.2773 0.0645 76.8555
443.3594 34.7461 0.9629 56.6211
138.6719 34.7461 0.9629 56.6211
443.3594 11.7773 0.9629 56.6211
443.3594 34.7461 0.8145 56.6211
443.3594 34.7461 0.9629 59.3555
138.6719 11.7773 0.8145 59.3555
143.3594 69.7461 0.4629 21.6211
438.6719 69.7461 0.4629 21.6211
143.3594 46.7773 0.4629 21.6211
143.3594 69.7461 0.3145 21.6211
143.3594 69.7461 0.4629 24.3555
438.6719 46.7773 0.3145 24.3555
162.1094 32.5586 0.6191 67.5586
344.9219 32.5586 0.6191 67.5586
162.1094 31.4648 0.6191 67.5586
162.1094 32.5586 0.0332 67.5586
162.1094 32.5586 0.6191 61.5430
344.9219 31.4648 0.0332 61.5430
462.1094 67.5586 0.1191 32.5586
644.9219 67.5586 0.1191 32.5586
462.1094 66.4648 0.1191 32.5586
462.1094 67.5586 0.5332 32.5586
462.1094 67.5586 0.1191 26.5430
644.9219 66.4648 0.5332 26.5430
612.1094 15.0586 0.8691 50.0586
494.9219 15.0586 0.8691 50.0586
612.1094 48.9648 0.8691 50.0586
612.1094 15.0586 0.2832 50.0586
612.1094 15.0586 0.8691 44.0430
494.9219 48.9648 0.2832 44.0430
312.1094 50.0586 0.3691 15.0586
194.9219 50.0586 0.3691 15.0586
312.1094 13.9648 0.3691 15.0586
312.1094 50.0586 0.7832 15.0586
312.1094 50.0586 0.3691 79.0430
194.9219 13.9648 0.7832 79.0430
387.1094 23.8086 0.2441 23.8086
119.9219 23.8086 0.2441 23.8086
387.1094 40.2148 0.2441 23.8086
387.1094 23.8086 0.4082 23.8086
387.1094 23.8086 0.2441 35.2930
119.9219 40.2148 0.4082 35.2930
687.1094 58.8086 0.7441 58.8086
419.9219 58.8086 0.7441 58.8086
687.1094 75.2148 0.7441 58.8086
687.1094 58.8086 0.9082 58.8086
687.1094 58.8086 0.7441 70.2930
419.9219 75.2148 0.9082 70.2930
537.1094 41.3086 0.4941 41.3086
569.9219 41.3086 0.4941 41.3086
537.1094 57.7148 0.4941 41.3086
537.1094 41.3086 0.1582 41.3086
537.1094 41.3086 0.4941 52.7930
569.9219 57.7148 0.1582 52.7930
237.1094 76.3086 0.9941 76.3086
269.9219 76.3086 0.9941 76.3086
237.1094 22.7148 0.9941 76.3086
237.1094 76.3086 0.6582 76.3086
237.1094 76.3086 0.9941 17.7930
269.9219 22.7148 0.6582 17.7930
199.6094 10.6836 0.4316 54.4336
682.4219 10.6836 0.4316 54.4336
199.6094 18.3398 0.4316 54.4336
199.6094 10.6836 0.4707 54.4336
199.6094 10.6836 0.4316 30.9180
682.4219 18.3398 0.4707 30.9180
499.6094 45.6836 0.9316 19.4336
382.4219 45.6836 0.9316 19.4336
499.6094 53.3398 0.9316 19.4336
499.6094 45.6836 0.9707 19.4336
499.6094 45.6836 0.9316 65.9180
382.4219 53.3398 0.9707 65.9180
649.6094 28.1836 0.1816 71.9336
232.4219 28.1836 0.1816 71.9336
649.6094 70.8398 0.1816 71.9336
649.6094 28.1836 0.2207 71.9336
649.6094 28.1836 0.1816 48.4180
232.4219 70.8398 0.2207 48.4180
349.6094 63.1836 0.6816 36.9336
532.4219 63.1836 0.6816 36.9336
349.6094 35.8398 0.6816 36.9336
349.6094 63.1836 0.7207 36.9336
349.6094 63.1836 0.6816 13.4180
532.4219 35.8398 0.7207 13.4180
274.6094 36.9336 0.8066 28.1836
457.4219 36.9336 0.8066 28.1836
274.6094 27.0898 0.8066 28.1836
274.6094 36.9336 0.0957 28.1836
274.6094 36.9336 0.8066 57.1680
457.4219 27.0898 0.0957 57.1680
574.6094 71.9336 0.3066 63.1836
157.4219 71.9336 0.3066 63.1836
574.6094 62.0898 0.3066 63.1836
574.6094 71.9336 0.5957 63.1836
574.6094 71.9336 0.3066 22.1680
157.4219 62.0898 0.5957 22.1680
424.6094 19.4336 0.5566 10.6836
307.4219 19.4336 0.5566 10.6836
424.6094 79.5898 0.5566 10.6836
424.6094 19.4336 0.3457 10.6836
424.6094 19.4336 0.5566 39.6680
307.4219 79.5898 0.3457 39.6680
124.6094 54.4336 0.0566 45.6836
607.4219 54.4336 0.0566 45.6836
124.6094 44.5898 0.0566 45.6836
124.6094 54.4336 0.8457 45.6836
124.6094 54.4336 0.0566 74.6680
607.4219 44.5898 0.8457 74.6680
133.9844 40.2148 0.3223 77.4023
110.5469 40.2148 0.3223 77.4023
133.9844 34.7461 0.3223 77.4023
133.9844 40.2148 0.2988 77.4023
133.9844 40.2148 0.3223 64.8242
110.5469 34.7461 0.2988 64.8242
433.9844 75.2148 0.8223 42.4023
410.5469 75.2148 0.8223 42.4023
433.9844 69.7461 0.8223 42.4023
433.9844 75.2148 0.7988 42.4023
433.9844 75.2148 0.8223 29.8242
410.5469 69.7461 0.7988 29.8242
583.9844 22.7148 0.0723 59.9023
560.5469 22.7148 0.0723 59.9023
583.9844 52.2461 0.0723 59.9023
583.9844 22.7148 0.0488 59.9023
583.9844 22.7148 0.0723 12.3242
560.5469 52.2461 0.0488 12.3242
283.9844 57.7148 0.5723 24.9023
260.5469 57.7148 0.5723 24.9023
283.9844 17.2461 0.5723 24.9023
283.9844 57.7148 0.5488 24.9023
283.9844 57.7148 0.5723 47.3242
260.5469 17.2461 0.5488 47.3242
358.9844 13.9648 0.9473 16.1523
335.5469 13.9648 0.9473 16.1523
358.9844 43.4961 0.9473 16.1523
358.9844 13.9648 0.1738 16.1523
358.9844 13.9648 0.9473 21.0742
335.5469 43.4961 0.1738 21.0742
658.9844 48.9648 0.4473 51.1523
635.5469 48.9648 0.4473 51.1523
658.9844 78.4961 0.4473 51.1523
658.9844 48.9648 0.6738 51.1523
658.9844 48.9648 0.4473 56.0742
635.5469 78.4961 0.6738 56.0742
508.9844 31.4648 0.6973 33.6523
485.5469 31.4648 0.6973 33.6523
508.9844 60.9961 0.6973 33.6523
508.9844 31.4648 0.4238 33.6523
508.9844 31.4648 0.6973 73.5742
485.5469 60.9961 0.4238 73.5742
208.9844 66.4648 0.1973 68.6523
185.5469 66.4648 0.1973 68.6523
208.9844 25.9961 0.1973 68.6523
208.9844 66.4648 0.9238 68.6523
208.9844 66.4648 0.1973 38.5742
185.5469 25.9961 0.9238 38.5742
246.4844 27.0898 0.6348 46.7773
448.0469 27.0898 0.6348 46.7773
246.4844 12.8711 0.6348 46.7773
246.4844 27.0898 0.2363 46.7773
246.4844 27.0898 0.6348 25.4492
448.0469 12.8711 0.2363 25.4492
546.4844 62.0898 0.1348 11.7773
148.0469 62.0898 0.1348 11.7773
546.4844 47.8711 0.1348 11.7773
546.4844 62.0898 0.7363 11.7773
546.4844 62.0898 0.1348 60.4492
148.0469 47.8711 0.7363 60.4492
696.4844 44.5898 0.8848 64.2773
298.0469 44.5898 0.8848 64.2773
696.4844 65.3711 0.8848 64.2773
696.4844 44.5898 0.4863 64.2773
696.4844 44.5898 0.8848 77.9492
298.0469 65.3711 0.4863 77.9492
396.4844 79.5898 0.3848 29.2773
598.0469 79.5898 0.3848 29.2773
396.4844 30.3711 0.3848 29.2773
396.4844 79.5898 0.9863 29.2773
396.4844 79.5898 0.3848 42.9492
598.0469 30.3711 0.9863 42.9492
321.4844 35.8398 0.0098 38.0273
673.0469 35.8398 0.0098 38.0273
321.4844 21.6211 0.0098 38.0273
321.4844 35.8398 0.3613 38.0273
321.4844 35.8398 0.0098 69.1992
673.0469 21.6211 0.3613 69.1992
621.4844 70.8398 0.5098 73.0273
373.0469 70.8398 0.5098 73.0273
621.4844 56.6211 0.5098 73.0273
621.4844 70.8398 0.8613 73.0273
621.4844 70.8398 0.5098 34.1992
373.0469 56.6211 0.8613 34.1992
471.4844 18.3398 0.2598 20.5273
223.0469 18.3398 0.2598 20.5273
471.4844 74.1211 0.2598 20.5273
471.4844 18.3398 0.1113 20.5273
471.4844 18.3398 0.2598 16.6992
223.0469 74.1211 0.1113 16.6992
171.4844 53.3398 0.7598 55.5273
523.0469 53.3398 0.7598 55.5273
171.4844 39.1211 0.7598 55.5273
171.4844 53.3398 0.6113 55.5273
171.4844 53.3398 0.7598 51.6992
523.0469 39.1211 0.6113 51.6992
152.7344 16.1523 0.1660 35.8398
279.2969 16.1523 0.1660 35.8398
152.7344 54.4336 0.1660 35.8398
152.7344 16.1523 0.7676 35.8398
152.7344 16.1523 0.1660 14.5117
279.2969 54.4336 0.7676 14.5117
452.7344 51.1523 0.6660 70.8398
579.2969 51.1523 0.6660 70.8398
452.7344 19.4336 0.6660 70.8398
452.7344 51.1523 0.2676 70.8398
452.7344 51.1523 0.6660 49.5117
579.2969 19.4336 0.2676 49.5117
602.7344 33.6523 0.4160 18.3398
429.2969 33.6523 0.4160 18.3398
602.7344 36.9336 0.4160 18.3398
602.7344 33.6523 0.5176 18.3398
602.7344 33.6523 0.4160 67.0117
429.2969 36.9336 0.5176 67.0117
302.7344 68.6523 0.9160 53.3398
129.2969 68.6523 0.9160 53.3398
302.7344 71.9336 0.9160 53.3398
302.7344 68.6523 0.0176 53.3398
302.7344 68.6523 0.9160 32.0117
129.2969 71.9336 0.0176 32.0117
377.7344 42.4023 0.5410 62.0898
204.2969 42.4023 0.5410 62.0898
377.7344 45.6836 0.5410 62.0898
377.7344 42.4023 0.6426 62.0898
377.7344 42.4023 0.5410 75.7617
204.2969 45.6836 0.6426 75.7617
677.7344 77.4023 0.0410 27.0898
504.2969 77.4023 0.0410 27.0898
677.7344 10.6836 0.0410 27.0898
677.7344 77.4023 0.1426 27.0898
677.7344 77.4023 0.0410 40.7617
504.2969 10.6836 0.1426 40.7617
527.7344 24.9023 0.7910 79.5898
654.2969 24.9023 0.7910 79.5898
527.7344 28.1836 0.7910 79.5898
527.7344 24.9023 0.8926 79.5898
527.7344 24.9023 0.7910 23.2617
654.2969 28.1836 0.8926 23.2617
227.7344 59.9023 0.2910 44.5898
354.2969 59.9023 0.2910 44.5898
227.7344 63.1836 0.2910 44.5898
227.7344 59.9023 0.3926 44.5898
227.7344 59.9023 0.2910 58.2617
354.2969 63.1836 0.3926 58.2617
190.2344 29.2773 0.8535 22.7148
616.7969 29.2773 0.8535 22.7148
190.2344 76.3086 0.8535 22.7148
190.2344 29.2773 0.7051 22.7148
190.2344 29.2773 0.8535 71.3867
616.7969 76.3086 0.7051 71.3867
490.2344 64.2773 0.3535 57.7148
316.7969 64.2773 0.3535 57.7148
490.2344 41.3086 0.3535 57.7148
490.2344 64.2773 0.2051 57.7148
490.2344 64.2773 0.3535 36.3867
316.7969 41.3086 0.2051 36.3867
640.2344 11.7773 0.6035 40.2148
166.7969 11.7773 0.6035 40.2148
640.2344 23.8086 0.6035 40.2148
640.2344 11.7773 0.9551 40.2148
640.2344 11.7773 0.6035 18.8867
166.7969 23.8086 0.9551 18.8867
340.2344 46.7773 0.1035 75.2148
466.7969 46.7773 0.1035 75.2148
340.2344 58.8086 0.1035 75.2148
340.2344 46.7773 0.4551 75.2148
340.2344 46.7773 0.1035 53.8867
466.7969 58.8086 0.4551 53.8867
265.2344 20.5273 0.4785 66.4648
541.7969 20.5273 0.4785 66.4648
265.2344 67.5586 0.4785 66.4648
265.2344 20.5273 0.8301 66.4648
265.2344 20.5273 0.4785 10.1367
541.7969 67.5586 0.8301 10.1367
565.2344 55.5273 0.9785 31.4648
241.7969 55.5273 0.9785 31.4648
565.2344 32.5586 0.9785 31.4648
565.2344 55.5273 0.3301 31.4648
565.2344 55.5273 0.9785 45.1367
241.7969 32.5586 0.3301 45.1367
415.2344 38.0273 0.2285 48.9648
391.7969 38.0273 0.2285 48.9648
415.2344 15.0586 0.2285 48.9648
415.2344 38.0273 0.5801 48.9648
415.2344 38.0273 0.2285 62.6367
391.7969 15.0586 0.5801 62.6367
115.2344 73.0273 0.7285 13.9648
691.7969 73.0273 0.7285 13.9648
115.2344 50.0586 0.7285 13.9648
115.2344 73.0273 0.0801 13.9648
115.2344 73.0273 0.7285 27.6367
691.7969 50.0586 0.0801 27.6367
110.5469 30.9180 0.2051 57.1680
415.2344 30.9180 0.2051 57.1680
110.5469 63.7305 0.2051 57.1680
110.5469 30.9180 0.1660 57.1680
110.5469 30.9180 0.2051 32.5586
415.2344 63.7305 0.1660 32.5586
410.5469 65.9180 0.7051 22.1680
115.2344 65.9180 0.7051 22.1680
410.5469 28.7305 0.7051 22.1680
410.5469 65.9180 0.6660 22.1680
410.5469 65.9180 0.7051 67.5586
115.2344 28.7305 0.6660 67.5586
560.5469 13.4180 0.4551 74.6680
265.2344 13.4180 0.4551 74.6680
560.5469 11.2305 0.4551 74.6680
560.5469 13.4180 0.4160 74.6680
560.5469 13.4180 0.4551 50.0586
265.2344 11.2305 0.4160 50.0586
260.5469 48.4180 0.9551 39.6680
565.2344 48.4180 0.9551 39.6680
260.5469 46.2305 0.9551 39.6680
260.5469 48.4180 0.9160 39.6680
260.5469 48.4180 0.9551 15.0586
565.2344 46.2305 0.9160 15.0586
335.5469 22.1680 0.5801 30.9180
640.2344 22.1680 0.5801 30.9180
335.5469 72.4805 0.5801 30.9180
335.5469 22.1680 0.2910 30.9180
335.5469 22.1680 0.5801 58.8086
640.2344 72.4805 0.2910 58.8086
635.5469 57.1680 0.0801 65.9180
340.2344 57.1680 0.0801 65.9180
635.5469 37.4805 0.0801 65.9180
635.5469 57.1680 0.7910 65.9180
635.5469 57.1680 0.0801 23.8086
340.2344 37.4805 0.7910 23.8086
485.5469 39.6680 0.8301 13.4180
190.2344 39.6680 0.8301 13.4180
485.5469 19.9805 0.8301 13.4180
485.5469 39.6680 0.0410 13.4180
485.5469 39.6680 0.8301 41.3086
190.2344 19.9805 0.0410 41.3086
185.5469 74.6680 0.3301 48.4180
490.2344 74.6680 0.3301 48.4180
185.5469 54.9805 0.3301 48.4180
185.5469 74.6680 0.5410 48.4180
185.5469 74.6680 0.3301 76.3086
490.2344 54.9805 0.5410 76.3086
223.0469 17.7930 0.7676 70.2930
152.7344 17.7930 0.7676 70.2930
223.0469 50.6055 0.7676 70.2930
223.0469 17.7930 0.3535 70.2930
223.0469 17.7930 0.7676 54.4336
152.7344 50.6055 0.3535 54.4336
523.0469 52.7930 0.2676 35.2930
452.7344 52.7930 0.2676 35.2930
523.0469 15.6055 0.2676 35.2930
523.0469 52.7930 0.8535 35.2930
523.0469 52.7930 0.2676 19.4336
452.7344 15.6055 0.8535 19.4336
673.0469 35.2930 0.5176 52.7930
602.7344 35.2930 0.5176 52.7930
673.0469 33.1055 0.5176 52.7930
673.0469 35.2930 0.1035 52.7930
673.0469 35.2930 0.5176 36.9336
602.7344 33.1055 0.1035 36.9336
373.0469 70.2930 0.0176 17.7930
302.7344 70.2930 0.0176 17.7930
373.0469 68.1055 0.0176 17.7930
373.0469 70.2930 0.6035 17.7930
373.0469 70.2930 0.0176 71.9336
302.7344 68.1055 0.6035 71.9336
298.0469 44.0430 0.3926 26.5430
377.7344 44.0430 0.3926 26.5430
298.0469 59.3555 0.3926 26.5430
298.0469 44.0430 0.2285 26.5430
298.0469 44.0430 0.3926 28.1836
377.7344 59.3555 0.2285 28.1836
598.0469 79.0430 0.8926 61.5430
677.7344 79.0430 0.8926 61.5430
598.0469 24.3555 0.8926 61.5430
598.0469 79.0430 0.7285 61.5430
598.0469 79.0430 0.8926 63.1836
677.7344 24.3555 0.7285 63.1836
448.0469 26.5430 0.1426 44.0430
527.7344 26.5430 0.1426 44.0430
448.0469 41.8555 0.1426 44.0430
448.0469 26.5430 0.4785 44.0430
448.0469 26.5430 0.1426 45.6836
527.7344 41.8555 0.4785 45.6836
148.0469 61.5430 0.6426 79.0430
227.7344 61.5430 0.6426 79.0430
148.0469 76.8555 0.6426 79.0430
148.0469 61.5430 0.9785 79.0430
148.0469 61.5430 0.6426 10.6836
227.7344 76.8555 0.9785 10.6836
166.7969 24.3555 0.2988 11.2305
583.9844 24.3555 0.2988 11.2305
166.7969 26.5430 0.2988 11.2305
166.7969 24.3555 0.6348 11.2305
166.7969 24.3555 0.2988 47.8711
583.9844 26.5430 0.6348 47.8711
466.7969 59.3555 0.7988 46.2305
283.9844 59.3555 0.7988 46.2305
466.7969 61.5430 0.7988 46.2305
466.7969 59.3555 0.1348 46.2305
466.7969 59.3555 0.7988 12.8711
283.9844 61.5430 0.1348 12.8711
616.7969 41.8555 0.0488 28.7305
133.9844 41.8555 0.0488 28.7305
616.7969 79.0430 0.0488 28.7305
616.7969 41.8555 0.8848 28.7305
616.7969 41.8555 0.0488 30.3711
133.9844 79.0430 0.8848 30.3711
316.7969 76.8555 0.5488 63.7305
433.9844 76.8555 0.5488 63.7305
316.7969 44.0430 0.5488 63.7305
316.7969 76.8555 0.3848 63.7305
316.7969 76.8555 0.5488 65.3711
433.9844 44.0430 0.3848 65.3711
391.7969 33.1055 0.9238 72.4805
508.9844 33.1055 0.9238 72.4805
391.7969 17.7930 0.9238 72.4805
391.7969 33.1055 0.7598 72.4805
391.7969 33.1055 0.9238 39.1211
508.9844 17.7930 0.7598 39.1211
691.7969 68.1055 0.4238 37.4805
208.9844 68.1055 0.4238 37.4805
691.7969 52.7930 0.4238 37.4805
691.7969 68.1055 0.2598 37.4805
691.7969 68.1055 0.4238 74.1211
208.9844 52.7930 0.2598 74.1211
541.7969 15.6055 0.6738 54.9805
358.9844 15.6055 0.6738 54.9805
541.7969 70.2930 0.6738 54.9805
541.7969 15.6055 0.5098 54.9805
541.7969 15.6055 0.6738 56.6211
358.9844 70.2930 0.5098 56.6211
241.7969 50.6055 0.1738 19.9805
658.9844 50.6055 0.1738 19.9805
241.7969 35.2930 0.1738 19.9805
241.7969 50.6055 0.0098 19.9805
241.7969 50.6055 0.1738 21.6211
658.9844 35.2930 0.0098 21.6211
204.2969 37.4805 0.7363 41.8555
321.4844 37.4805 0.7363 41.8555
204.2969 39.6680 0.7363 41.8555
204.2969 37.4805 0.8223 41.8555
204.2969 37.4805 0.7363 43.4961
321.4844 39.6680 0.8223 43.4961
504.2969 72.4805 0.2363 76.8555
621.4844 72.4805 0.2363 76.8555
504.2969 74.6680 0.2363 76.8555
504.2969 72.4805 0.3223 76.8555
504.2969 72.4805 0.2363 78.4961
621.4844 74.6680 0.3223 78.4961
654.2969 19.9805 0.9863 24.3555
471.4844 19.9805 0.9863 24.3555
654.2969 57.1680 0.9863 24.3555
654.2969 19.9805 0.5723 24.3555
654.2969 19.9805 0.9863 60.9961
471.4844 57.1680 0.5723 60.9961
354.2969 54.9805 0.4863 59.3555
171.4844 54.9805 0.4863 59.3555
354.2969 22.1680 0.4863 59.3555
354.2969 54.9805 0.0723 59.3555
354.2969 54.9805 0.4863 25.9961
171.4844 22.1680 0.0723 25.9961
279.2969 11.2305 0.1113 50.6055
246.4844 11.2305 0.1113 50.6055
279.2969 30.9180 0.1113 50.6055
279.2969 11.2305 0.6973 50.6055
279.2969 11.2305 0.1113 52.2461
246.4844 30.9180 0.6973 52.2461
579.2969 46.2305 0.6113 15.6055
546.4844 46.2305 0.6113 15.6055
579.2969 65.9180 0.6113 15.6055
579.2969 46.2305 0.1973 15.6055
579.2969 46.2305 0.6113 17.2461
546.4844 65.9180 0.1973 17.2461
429.2969 28.7305 0.3613 68.1055
696.4844 28.7305 0.3613 68.1055
429.2969 48.4180 0.3613 68.1055
429.2969 28.7305 0.9473 68.1055
429.2969 28.7305 0.3613 34.7461
696.4844 48.4180 0.9473 34.7461
129.2969 63.7305 0.8613 33.1055
396.4844 63.7305 0.8613 33.1055
129.2969 13.4180 0.8613 33.1055
129.2969 63.7305 0.4473 33.1055
129.2969 63.7305 0.8613 69.7461
396.4844 13.4180 0.4473 69.7461
119.9219 12.3242 0.5020 18.8867
480.8594 12.3242 0.5020 18.8867
119.9219 21.0742 0.5020 18.8867
119.9219 12.3242 0.9004 18.8867
119.9219 12.3242 0.5020 79.5898
480.8594 21.0742 0.9004 79.5898
419.9219 47.3242 0.0020 53.8867
180.8594 47.3242 0.0020 53.8867
419.9219 56.0742 0.0020 53.8867
419.9219 47.3242 0.4004 53.8867
419.9219 47.3242 0.0020 44.5898
180.8594 56.0742 0.4004 44.5898
569.9219 29.8242 0.7520 36.3867
330.8594 29.8242 0.7520 36.3867
569.9219 73.5742 0.7520 36.3867
569.9219 29.8242 0.6504 36.3867
569.9219 29.8242 0.7520 27.0898
330.8594 73.5742 0.6504 27.0898
269.9219 64.8242 0.2520 71.3867
630.8594 64.8242 0.2520 71.3867
269.9219 38.5742 0.2520 71.3867
269.9219 64.8242 0.1504 71.3867
269.9219 64.8242 0.2520 62.0898
630.8594 38.5742 0.1504 62.0898
344.9219 38.5742 0.1270 62.6367
555.8594 38.5742 0.1270 62.6367
344.9219 12.3242 0.1270 62.6367
344.9219 38.5742 0.5254 62.6367
344.9219 38.5742 0.1270 18.3398
555.8594 12.3242 0.5254 18.3398
644.9219 73.5742 0.6270 27.6367
255.8594 73.5742 0.6270 27.6367
644.9219 47.3242 0.6270 27.6367
644.9219 73.5742 0.0254 27.6367
644.9219 73.5742 0.6270 53.3398
255.8594 47.3242 0.0254 53.3398
494.9219 21.0742 0.3770 45.1367
105.8594 21.0742 0.3770 45.1367
494.9219 64.8242 0.3770 45.1367
494.9219 21.0742 0.7754 45.1367
494.9219 21.0742 0.3770 70.8398
105.8594 64.8242 0.7754 70.8398
194.9219 56.0742 0.8770 10.1367
405.8594 56.0742 0.8770 10.1367
194.9219 29.8242 0.8770 10.1367
194.9219 56.0742 0.2754 10.1367
194.9219 56.0742 0.8770 35.8398
405.8594 29.8242 0.2754 35.8398
232.4219 34.1992 0.4395 32.0117
218.3594 34.1992 0.4395 32.0117
232.4219 42.9492 0.4395 32.0117
232.4219 34.1992 0.5879 32.0117
232.4219 34.1992 0.4395 13.9648
218.3594 42.9492 0.5879 13.9648
532.4219 69.1992 0.9395 67.0117
518.3594 69.1992 0.9395 67.0117
532.4219 77.9492 0.9395 67.0117
532.4219 69.1992 0.0879 67.0117
532.4219 69.1992 0.9395 48.9648
518.3594 77.9492 0.0879 48.9648
682.4219 16.6992 0.1895 14.5117
668.3594 16.6992 0.1895 14.5117
682.4219 60.4492 0.1895 14.5117
682.4219 16.6992 0.8379 14.5117
682.4219 16.6992 0.1895 66.4648
668.3594 60.4492 0.8379 66.4648
382.4219 51.6992 0.6895 49.5117
368.3594 51.6992 0.6895 49.5117
382.4219 25.4492 0.6895 49.5117
382.4219 51.6992 0.3379 49.5117
382.4219 51.6992 0.6895 31.4648
368.3594 25.4492 0.3379 31.4648
307.4219 25.4492 0.8145 58.2617
293.3594 25.4492 0.8145 58.2617
307.4219 34.1992 0.8145 58.2617
307.4219 25.4492 0.9629 58.2617
307.4219 25.4492 0.8145 75.2148
293.3594 34.1992 0.9629 75.2148
607.4219 60.4492 0.3145 23.2617
593.3594 60.4492 0.3145 23.2617
607.4219 69.1992 0.3145 23.2617
607.4219 60.4492 0.4629 23.2617
607.4219 60.4492 0.3145 40.2148
593.3594 69.1992 0.4629 40.2148
457.4219 42.9492 0.5645 75.7617
443.3594 42.9492 0.5645 75.7617
457.4219 51.6992 0.5645 75.7617
457.4219 42.9492 0.7129 75.7617
457.4219 42.9492 0.5645 22.7148
443.3594 51.6992 0.7129 22.7148
157.4219 77.9492 0.0645 40.7617
143.3594 77.9492 0.0645 40.7617
157.4219 16.6992 0.0645 40.7617
157.4219 77.9492 0.2129 40.7617
157.4219 77.9492 0.0645 57.7148
143.3594 16.6992 0.2129 57.7148
138.6719 40.7617 0.9707 47.3242
649.6094 40.7617 0.9707 47.3242
138.6719 67.0117 0.9707 47.3242
138.6719 40.7617 0.4316 47.3242
138.6719 40.7617 0.9707 20.5273
649.6094 67.0117 0.4316 20.5273
438.6719 75.7617 0.4707 12.3242
349.6094 75.7617 0.4707 12.3242
438.6719 32.0117 0.4707 12.3242
438.6719 75.7617 0.9316 12.3242
438.6719 75.7617 0.4707 55.5273
349.6094 32.0117 0.9316 55.5273
588.6719 23.2617 0.7207 64.8242
199.6094 23.2617 0.7207 64.8242
588.6719 14.5117 0.7207 64.8242
588.6719 23.2617 0.1816 64.8242
588.6719 23.2617 0.7207 73.0273
199.6094 14.5117 0.1816 73.0273
288.6719 58.2617 0.2207 29.8242
499.6094 58.2617 0.2207 29.8242
288.6719 49.5117 0.2207 29.8242
288.6719 58.2617 0.6816 29.8242
288.6719 58.2617 0.2207 38.0273
499.6094 49.5117 0.6816 38.0273
363.6719 14.5117 0.3457 38.5742
424.6094 14.5117 0.3457 38.5742
363.6719 75.7617 0.3457 38.5742
363.6719 14.5117 0.0566 38.5742
363.6719 14.5117 0.3457 64.2773
424.6094 75.7617 0.0566 64.2773
663.6719 49.5117 0.8457 73.5742
124.6094 49.5117 0.8457 73.5742
663.6719 40.7617 0.8457 73.5742
663.6719 49.5117 0.5566 73.5742
663.6719 49.5117 0.8457 29.2773
124.6094 40.7617 0.5566 29.2773
513.6719 32.0117 0.0957 21.0742
274.6094 32.0117 0.0957 21.0742
513.6719 23.2617 0.0957 21.0742
513.6719 32.0117 0.3066 21.0742
513.6719 32.0117 0.0957 11.7773
274.6094 23.2617 0.3066 11.7773
213.6719 67.0117 0.5957 56.0742
574.6094 67.0117 0.5957 56.0742
213.6719 58.2617 0.5957 56.0742
213.6719 67.0117 0.8066 56.0742
213.6719 67.0117 0.5957 46.7773
574.6094 58.2617 0.8066 46.7773
176.1719 18.8867 0.0332 77.9492
387.1094 18.8867 0.0332 77.9492
176.1719 45.1367 0.0332 77.9492
176.1719 18.8867 0.1191 77.9492
176.1719 18.8867 0.0332 68.6523
387.1094 45.1367 0.1191 68.6523
476.1719 53.8867 0.5332 42.9492
687.1094 53.8867 0.5332 42.9492
476.1719 10.1367 0.5332 42.9492
476.1719 53.8867 0.6191 42.9492
476.1719 53.8867 0.5332 33.6523
687.1094 10.1367 0.6191 33.6523
626.1719 36.3867 0.2832 60.4492
537.1094 36.3867 0.2832 60.4492
626.1719 27.6367 0.2832 60.4492
626.1719 36.3867 0.3691 60.4492
626.1719 36.3867 0.2832 16.1523
537.1094 27.6367 0.3691 16.1523
326.1719 71.3867 0.7832 25.4492
237.1094 71.3867 0.7832 25.4492
326.1719 62.6367 0.7832 25.4492
326.1719 71.3867 0.8691 25.4492
326.1719 71.3867 0.7832 51.1523
237.1094 62.6367 0.8691 51.1523
251.1719 27.6367 0.6582 16.6992
162.1094 27.6367 0.6582 16.6992
251.1719 53.8867 0.6582 16.6992
251.1719 27.6367 0.4941 16.6992
251.1719 27.6367 0.6582 24.9023
162.1094 53.8867 0.4941 24.9023
551.1719 62.6367 0.1582 51.6992
462.1094 62.6367 0.1582 51.6992
551.1719 18.8867 0.1582 51.6992
551.1719 62.6367 0.9941 51.6992
551.1719 62.6367 0.1582 59.9023
462.1094 18.8867 0.9941 59.9023
401.1719 10.1367 0.9082 34.1992
612.1094 10.1367 0.9082 34.1992
401.1719 36.3867 0.9082 34.1992
401.1719 10.1367 0.2441 34.1992
401.1719 10.1367 0.9082 77.4023
612.1094 36.3867 0.2441 77.4023
101.1719 45.1367 0.4082 69.1992
312.1094 45.1367 0.4082 69.1992
101.1719 71.3867 0.4082 69.1992
101.1719 45.1367 0.7441 69.1992
101.1719 45.1367 0.4082 42.4023
312.1094 71.3867 0.7441 42.4023
