nan
nan
nan
nan
nan
nan
nan
nan
nan
nan
nan
nan
nan
nan
nan
nan
nan
nan
nan
nan
nan
nan
nan
nan
nan
nan
nan
nan
nan
nan
nan
nan
nan
nan
nan
nan
nan
nan
nan
nan
nan
nan
nan
nan
nan
nan
nan
nan
1.00000000
1.00000000
1.00000000
1.00000000
1.00000000
1.00000000
1.00000000
1.00000000
1.00000000
1.00000000
1.00000000
1.00000000
1.00000000
1.00000000
1.00000000
1.00000000
1.00000000
1.00000000
1.00000000
1.00000000
1.00000000
1.00000000
1.00000000
1.00000000
1.00000000
1.00000000
1.00000000
1.00000000
1.00000000
1.00000000
1.00000000
1.00000000
1.00000000
1.00000000
1.00000000
1.00000000
1.00000000
1.00000000
1.00000000
1.00000000
1.00000000
1.00000000
1.00000000
1.00000000
1.00000000
1.00000000
1.00000000
1.00000000
1.00000000
1.00000000
1.00000000
1.00000000
1.00000000
1.00000000
1.00000000
1.00000000
1.00000000
1.00000000
1.00000000
1.00000000
1.00000000
1.00000000
1.00000000
1.00000000
1.00000000
1.00000000
1.00000000
1.00000000
1.00000000
1.00000000
1.00000000
1.00000000
-0.36363636
1.00000000
-0.36363636
-0.36363636
-0.36363636
-0.36363636
-0.36363636
1.00000000
1.00000000
1.00000000
1.00000000
1.00000000
1.00000000
1.00000000
1.00000000
1.00000000
1.00000000
1.00000000
1.00000000
1.00000000
1.00000000
1.00000000
1.00000000
1.00000000
1.00000000
1.00000000
1.00000000
1.00000000
1.00000000
1.00000000
1.00000000
1.00000000
1.00000000
1.00000000
1.00000000
1.00000000
1.00000000
-0.36363636
1.00000000
1.00000000
1.00000000
1.00000000
1.00000000
-0.36363636
-0.36363636
-0.36363636
-0.36363636
-0.36363636
1.00000000
1.00000000
1.00000000
1.00000000
1.00000000
1.00000000
1.00000000
1.00000000
1.00000000
1.00000000
1.00000000
1.00000000
1.00000000
1.00000000
1.00000000
1.00000000
1.00000000
1.00000000
1.00000000
1.00000000
1.00000000
1.00000000
1.00000000
1.00000000
1.00000000
0.41414141
1.00000000
1.00000000
1.00000000
1.00000000
1.00000000
0.41414141
0.41414141
0.41414141
0.70707071
0.41414141
-0.16216216
0.50239234
-0.16216216
-0.16216216
-0.16216216
-0.16216216
-0.16216216
0.50239234
0.50239234
0.50239234
0.50239234
0.50239234
0.69158879
1.00000000
0.69158879
0.69158879
0.69158879
0.69158879
0.69158879
1.00000000
1.00000000
1.00000000
1.00000000
1.00000000
1.00000000
0.47639996
1.00000000
1.00000000
1.00000000
1.00000000
1.00000000
0.47639996
0.47639996
0.47639996
0.47639996
0.47639996
0.50239234
0.69158879
0.50239234
0.50239234
0.50239234
0.50239234
0.50239234
0.69158879
0.69158879
0.69158879
0.69158879
0.69158879
0.56060606
1.00000000
0.41414141
0.41414141
0.41414141
0.41414141
0.56060606
1.00000000
1.00000000
1.00000000
1.00000000
1.00000000
0.47639996
1.00000000
0.47639996
0.47639996
0.47639996
0.47639996
0.47639996
1.00000000
1.00000000
1.00000000
1.00000000
1.00000000
1.00000000
-0.16216216
1.00000000
1.00000000
1.00000000
1.00000000
1.00000000
-0.16216216
-0.16216216
-0.16216216
-0.16216216
-0.16216216
1.00000000
-0.14285714
1.00000000
1.00000000
1.00000000
1.00000000
1.00000000
-0.14285714
-0.14285714
-0.14285714
-0.14285714
-0.14285714
-0.14285714
1.00000000
-0.14285714
-0.14285714
-0.14285714
-0.14285714
-0.14285714
1.00000000
1.00000000
1.00000000
1.00000000
1.00000000
-0.14814815
-0.13725490
-0.14814815
-0.14814815
-0.14814815
-0.14814815
-0.14814815
-0.13725490
-0.13725490
-0.13725490
-0.13725490
-0.13725490
0.02521008
-0.14814815
-0.13725490
-0.13725490
0.02521008
0.02521008
-0.13725490
-0.14814815
-0.14814815
-0.14814815
-0.14814815
-0.14814815
1.00000000
0.45977011
1.00000000
1.00000000
1.00000000
1.00000000
1.00000000
0.45977011
0.45977011
0.45977011
0.45977011
0.45977011
0.45866432
1.00000000
0.45866432
0.45866432
0.45866432
0.45866432
0.45866432
1.00000000
1.00000000
1.00000000
1.00000000
1.00000000
0.45977011
1.00000000
0.45977011
0.45977011
0.45977011
0.45977011
0.45977011
1.00000000
1.00000000
1.00000000
1.00000000
1.00000000
1.00000000
0.45866432
1.00000000
1.00000000
1.00000000
1.00000000
1.00000000
0.45866432
0.45866432
0.45866432
0.45866432
0.45866432
1.00000000
0.59276018
1.00000000
1.00000000
1.00000000
1.00000000
1.00000000
0.45701357
0.45701357
0.45701357
0.45701357
0.45701357
-0.06976744
0.70833333
-0.06976744
-0.06976744
-0.06976744
-0.06976744
-0.06976744
0.70833333
0.70833333
0.70833333
0.70833333
0.70833333
-0.07777138
0.75000000
-0.07777138
-0.07777138
-0.07777138
-0.07777138
-0.07777138
0.75000000
0.75000000
0.75000000
0.75000000
0.75000000
-0.07575758
0.47860963
-0.07575758
-0.07575758
-0.07575758
-0.07575758
-0.07575758
0.47860963
0.47860963
0.47860963
0.47860963
0.47860963
0.70833333
-0.07777138
0.70833333
0.70833333
0.70833333
0.70833333
0.70833333
-0.07777138
-0.07777138
-0.07777138
-0.07777138
-0.07777138
0.45701357
0.97111682
0.45701357
0.45701357
0.59276018
0.45701357
0.45701357
-0.07575758
-0.07575758
-0.07575758
0.97111682
-0.07575758
0.47860963
1.00000000
0.47860963
0.47860963
0.47860963
0.47860963
0.47860963
1.00000000
1.00000000
1.00000000
1.00000000
1.00000000
0.75000000
-0.06976744
0.75000000
0.75000000
0.75000000
0.75000000
0.75000000
-0.06976744
-0.06976744
-0.06976744
-0.06976744
-0.06976744
0.71997301
0.69918699
0.71997301
0.71997301
0.71997301
0.71997301
0.71997301
0.69918699
0.69918699
0.69918699
0.69918699
0.77439024
0.69918699
0.71997301
0.69918699
0.69918699
0.69918699
0.69918699
0.69918699
0.71997301
0.71997301
0.71997301
0.71997301
0.71997301
0.98530405
0.72678571
0.98040541
0.98040541
0.98040541
0.98040541
0.98040541
0.72678571
0.72678571
0.72678571
0.72678571
0.72678571
0.72678571
0.98040541
0.72678571
0.72678571
0.72678571
0.72678571
0.72678571
0.98040541
0.34502924
0.34502924
0.98040541
0.34502924
0.55944056
0.98063593
0.55944056
0.55944056
0.55944056
0.55944056
0.55944056
0.98063593
0.98063593
0.98063593
0.98063593
0.98063593
0.17948718
0.55473098
0.17948718
0.17948718
0.17948718
0.17948718
0.17948718
0.55473098
0.55473098
0.55473098
0.55473098
0.55473098
0.59655876
0.55944056
0.59655876
0.59655876
0.59655876
0.98063593
0.59655876
0.55944056
0.55944056
0.55944056
0.55944056
0.55944056
0.55473098
0.17948718
0.55473098
0.55473098
0.55473098
0.55473098
0.55473098
0.17948718
0.17948718
0.17948718
0.17948718
0.17948718
1.00000000
1.00000000
1.00000000
1.00000000
1.00000000
1.00000000
1.00000000
1.00000000
1.00000000
1.00000000
1.00000000
1.00000000
0.81666667
0.81666667
0.81666667
0.81666667
0.81666667
0.81666667
0.81666667
0.81666667
0.81666667
0.81666667
0.81666667
0.81666667
0.51111111
0.51111111
0.51111111
0.51111111
0.51111111
0.51111111
0.51111111
0.51111111
0.51111111
0.51111111
0.51111111
0.51111111
0.75855856
0.75855856
0.75855856
0.75855856
0.75855856
0.75855856
0.75855856
0.75855856
0.75855856
0.75855856
0.75855856
0.75855856
-0.06000000
-0.05882353
-0.06000000
-0.06000000
-0.06000000
-0.06000000
-0.06000000
-0.05882353
-0.05882353
-0.05882353
-0.05882353
-0.05882353
-0.05143445
-0.05555556
-0.05143445
-0.05143445
-0.05143445
-0.05143445
-0.05143445
-0.05555556
-0.05555556
-0.05555556
-0.05555556
-0.05555556
-0.05555556
-0.05143445
-0.05555556
-0.05555556
-0.05555556
-0.05555556
-0.05555556
-0.05143445
-0.05143445
-0.05143445
-0.05143445
-0.05143445
-0.05882353
-0.06000000
-0.05882353
-0.05882353
-0.05882353
-0.05882353
-0.05882353
-0.06000000
-0.06000000
-0.06000000
-0.06000000
-0.06000000
0.58620690
0.69732704
0.58620690
0.58620690
0.58620690
0.58620690
0.58620690
0.69732704
0.69732704
0.69732704
0.69732704
0.69732704
0.06818182
0.46969697
0.22348485
0.22348485
0.06818182
0.06818182
0.06818182
0.46969697
0.46969697
0.46969697
0.46969697
0.46969697
0.17333333
0.80606061
0.17333333
0.17333333
0.17333333
0.17333333
0.17333333
0.70909091
0.80606061
0.70909091
0.70909091
0.80606061
0.55303030
1.00000000
0.55303030
0.55303030
0.55303030
0.55303030
0.55303030
1.00000000
1.00000000
1.00000000
1.00000000
1.00000000
0.69732704
0.55303030
0.69732704
0.69732704
0.69732704
0.69732704
0.69732704
0.55303030
0.55303030
0.55303030
0.55303030
0.55303030
0.46969697
0.17333333
0.46969697
0.46969697
0.46969697
0.60227273
0.46969697
0.17333333
0.17333333
0.17333333
0.17333333
0.17333333
0.70909091
0.06818182
0.70909091
0.80606061
0.70909091
0.80606061
0.80606061
0.06818182
0.06818182
0.06818182
0.06818182
0.06818182
1.00000000
0.58620690
1.00000000
1.00000000
1.00000000
1.00000000
1.00000000
0.58620690
0.58620690
0.58620690
0.58620690
0.58620690
-0.03550296
0.69318182
-0.03550296
-0.03550296
-0.03550296
-0.03550296
-0.03550296
0.69318182
0.69318182
0.69318182
0.69318182
0.69318182
-0.04347826
0.94950022
-0.04347826
-0.04347826
-0.04347826
-0.04347826
-0.04347826
0.94950022
0.94950022
0.94950022
0.94950022
0.94950022
-0.02941176
0.55942029
-0.02941176
-0.02941176
-0.02941176
-0.02941176
-0.02941176
0.55942029
0.66956522
0.55942029
0.55942029
0.55942029
-0.04166667
0.86437346
-0.04166667
-0.04166667
-0.04166667
-0.04166667
-0.04166667
0.86437346
0.86437346
0.86437346
0.86437346
0.86437346
0.85539216
0.20374707
0.80718954
0.80718954
0.80718954
0.85539216
0.80718954
0.20374707
0.20374707
0.20374707
0.20374707
0.20374707
0.47899160
-0.10000000
0.60924370
0.47899160
0.47899160
0.47899160
0.47899160
-0.10000000
-0.10000000
-0.10000000
-0.10000000
-0.10000000
0.49494949
-0.12500000
0.49494949
0.49494949
0.59595960
0.49494949
0.49494949
-0.12500000
-0.12500000
-0.12500000
-0.12500000
-0.12500000
0.84693878
0.60317460
0.84693878
0.84693878
0.84693878
0.84693878
0.84693878
0.60317460
0.60317460
0.60317460
0.60317460
0.60317460
0.83238095
0.72215269
0.83238095
0.83238095
0.83238095
0.83238095
0.83238095
0.72215269
0.72215269
0.72215269
0.72215269
0.72215269
0.88588589
0.41428571
0.88588589
0.88588589
0.88588589
0.88588589
0.88588589
0.41428571
0.41428571
0.41428571
0.41428571
0.41428571
0.41978988
0.09283444
0.41978988
0.58655573
0.41978988
0.41978988
0.41978988
0.09283444
0.09283444
0.09283444
0.09283444
0.09283444
0.62807018
0.47712418
0.62807018
0.62807018
0.72105263
0.72105263
0.62807018
0.47712418
0.47712418
0.47712418
0.47712418
0.47712418
0.63736264
0.86109091
0.63736264
0.63736264
0.63736264
0.63736264
0.63736264
0.86109091
0.86109091
0.86109091
0.86109091
0.86109091
0.27472527
0.45955882
0.27472527
0.27472527
0.27472527
0.27472527
0.27472527
0.45955882
0.45955882
0.45955882
0.45955882
0.45955882
0.44126984
0.51839465
0.44126984
0.44126984
0.44126984
0.44126984
0.44126984
0.51839465
0.51839465
0.51839465
0.51839465
0.51839465
0.81830791
0.66013072
0.81830791
0.81830791
0.81830791
0.88963211
0.88963211
0.66013072
0.66013072
0.66013072
0.66013072
0.66013072
0.81149302
0.57466063
0.81149302
0.81149302
0.81149302
0.81149302
0.81149302
0.57466063
0.57466063
0.57466063
0.57466063
0.57466063
0.31428571
0.84615385
0.31428571
0.48571429
0.31428571
0.31428571
0.31428571
0.84615385
0.84615385
0.84615385
0.84615385
0.84615385
0.28888889
0.72452830
0.05185185
0.05185185
0.05185185
0.05185185
0.05185185
0.72452830
0.72452830
0.72452830
0.72452830
0.72452830
0.52307692
0.99679267
0.52307692
0.52307692
0.52307692
0.52307692
0.52307692
0.39555556
0.39555556
0.39555556
0.39555556
0.39555556
0.64349376
0.56989247
0.64349376
0.64349376
0.64349376
0.64349376
0.64349376
0.56989247
0.56989247
0.56989247
0.56989247
0.56989247
0.34502924
0.82517483
0.34502924
0.34502924
0.34502924
0.34502924
0.34502924
0.82517483
0.82517483
0.82517483
0.82517483
0.82517483
0.62500000
0.70104895
0.62500000
0.62500000
0.62500000
0.62500000
0.62500000
0.70104895
0.70104895
0.70104895
0.70104895
0.70104895
0.77777778
0.25465839
0.77777778
0.77777778
0.77777778
0.77777778
0.77777778
0.25465839
0.25465839
0.25465839
0.25465839
0.25465839
0.63218391
0.49803922
0.63218391
0.63218391
0.63218391
0.63218391
0.63218391
0.49803922
0.49803922
0.49803922
0.49803922
0.49803922
-0.08333333
0.74901961
-0.08333333
-0.08333333
-0.08333333
-0.08333333
-0.08333333
0.74901961
0.74901961
0.74901961
0.74901961
0.74901961
-0.08908708
0.90299870
-0.08908708
-0.08908708
-0.08908708
-0.08908708
-0.08908708
0.90299870
0.90299870
0.90299870
0.90299870
0.90299870
0.34000000
0.67462198
0.34000000
0.34000000
0.34000000
0.34000000
0.34000000
0.67462198
0.67462198
0.67462198
0.67462198
0.67462198
0.76450799
-0.03571429
0.76450799
0.76450799
0.76450799
0.76450799
0.76450799
-0.03571429
-0.03571429
-0.03571429
-0.03571429
-0.03571429
0.51428571
-0.02000000
0.51428571
0.51428571
0.51428571
0.51428571
0.51428571
-0.02000000
-0.02000000
-0.02000000
-0.02000000
-0.02000000
0.73099415
-0.02439024
0.73099415
0.73099415
0.73099415
0.73099415
0.73099415
-0.02439024
-0.02439024
-0.02439024
-0.02439024
-0.02439024
0.86185301
-0.02777778
0.86185301
0.86185301
0.86185301
0.86185301
0.86185301
-0.02777778
-0.02777778
-0.02777778
-0.02777778
-0.02777778
0.84615385
0.31428571
0.84615385
0.84615385
0.84615385
0.84615385
0.84615385
0.31428571
0.31428571
0.31428571
0.31428571
0.31428571
0.57466063
0.81149302
0.57466063
0.57466063
0.57466063
0.57466063
0.57466063
0.81149302
0.81149302
0.81149302
0.81149302
0.81149302
0.39555556
0.52307692
0.39555556
0.39555556
0.54666667
0.99679267
0.39555556
0.52307692
0.52307692
0.52307692
0.52307692
0.52307692
0.72452830
0.05185185
0.72452830
0.72452830
0.72452830
0.72452830
0.72452830
0.05185185
0.28888889
0.05185185
0.05185185
0.05185185
