6.00000000
6.00000000
6.00000000
6.00000000
6.00000000
6.00000000
6.00000000
6.00000000
6.00000000
6.00000000
6.00000000
6.00000000
452.67801711
451.44412525
452.31781208
452.21256681
451.58215545
451.73823930
451.62341281
450.60727551
451.42256260
450.93294798
451.83061774
451.39569932
594.25429734
594.63409524
595.77963821
594.34106825
595.14958313
594.87894779
594.26303542
595.37944903
594.81633905
594.27725240
594.45750972
595.80579028
276.35818283
278.07830277
276.55582462
275.93041386
276.23878074
276.40949318
276.87338189
275.65343875
277.46390678
276.31198637
276.53060722
277.99177307
364.42328260
363.59930493
364.76218242
363.86186663
364.10407419
537.85374428
536.52179154
535.51914531
537.15760306
537.14438089
364.26933509
536.26028446
609.85865475
608.97820786
610.84409240
609.82163370
609.89720883
188.52995216
188.61164438
188.45383161
189.66629569
189.81089695
610.46321005
190.68769858
537.23155849
535.59472779
536.16770160
536.14544874
537.63319400
366.08614251
363.76931461
363.03760581
363.64932738
363.32090068
536.09214281
363.74875257
189.34607402
188.70558208
188.66963979
190.61748666
189.44435547
607.80137770
609.21155392
610.15594324
611.12840328
610.48517685
190.60608953
611.32499213
494.16660069
495.60076591
495.48578738
495.31173028
494.74616400
320.60797587
318.37867747
319.97626783
319.08287563
319.87824074
494.86871985
321.15941405
145.69832804
145.62385915
145.40227435
145.83319433
146.07880049
606.86696561
607.87646673
606.97693326
606.66460960
606.21142310
146.26496166
606.71070430
320.61886100
322.06724031
319.60732945
320.98765786
319.16237964
470.52061087
494.81561126
495.56116526
494.81208381
495.82133422
320.37249684
495.33501551
606.32973783
604.75089274
607.18721881
606.95838531
606.19933202
145.54287914
144.99032525
146.31506313
143.11795168
144.78491837
607.21156985
147.62476603
611.54618868
610.37235459
611.29334658
610.67888600
612.02362542
611.64748835
610.84922766
611.81295308
611.43859614
611.45972428
610.41623604
611.46564592
409.15537566
408.38728807
406.70995112
407.57734878
407.08227190
408.18044322
407.23389765
407.77469728
408.16822998
407.22111290
407.13833681
407.29163790
232.47022663
232.46067346
233.35020949
233.33864097
232.49318352
233.53685201
234.20584818
232.63209171
233.08723944
232.13768520
232.68546132
232.53114072
572.46095847
570.11861928
571.88286120
569.33335591
570.51007781
572.96705030
570.40287054
571.24946069
569.59671976
571.10345408
569.61865992
571.86029303
298.89037186
297.91913589
300.02601556
299.31802642
297.99475279
211.74808370
212.47992050
211.07517776
210.85891720
210.63054981
298.30776311
211.11318499
601.23449109
601.58749821
330.33524116
602.21904091
602.11927478
555.56433818
356.01071813
556.16033926
418.71817306
419.53276949
394.12711578
420.03878155
472.45574404
473.81814284
473.05473709
472.76326671
473.34116028
610.85867550
610.72578683
611.12326019
609.39541597
609.80952979
473.42156595
610.02371215
124.59590528
124.22091407
125.76666239
124.07714961
123.67882430
386.31592846
386.37042049
385.71505580
386.32525895
385.03764229
124.61479577
386.07972243
211.39090274
210.78106421
210.93373860
212.54550770
210.77227718
473.46950236
472.52090924
473.12369017
473.00476161
473.77562103
211.82801280
473.30825999
554.68786508
556.01478596
555.57799984
554.76540492
554.23500496
122.46629434
123.61663498
124.26679872
123.95227118
125.26300756
553.28688887
124.32360970
610.77152703
611.70586710
611.22718936
610.32666100
609.25580764
297.88926714
299.55150846
299.27701936
299.22522850
298.05577784
612.11968032
298.39923389
386.32496105
387.19110522
387.34317268
387.59086863
386.15093379
601.23888998
602.54294010
602.51117478
602.06374408
602.09660881
385.80938512
602.34338509
609.24984829
608.88603275
609.70343017
608.45016458
609.95057986
429.85965020
430.51507929
430.13696957
430.25171346
428.94973382
609.75523144
429.52494513
342.22702220
340.64449358
342.62006137
343.54403059
342.58952481
610.16578239
610.62508425
610.68581829
611.88928969
612.04453400
341.88074980
610.41821354
166.90555666
167.45037536
166.37400433
166.60442845
167.24891302
585.04598425
584.13578156
584.56891626
585.43048622
584.72682550
166.69947480
585.54925558
516.88157827
517.12519615
515.39846017
517.41673817
516.63148965
254.09988768
254.97376154
253.52902886
254.16079366
254.83740099
516.20606072
253.85140633
583.99417700
585.01780244
583.13363696
584.71050352
584.68861842
608.22281803
610.04112819
608.60205309
609.18705885
608.82350492
585.52073665
609.91057459
255.29815107
256.33290604
255.21247382
255.55128293
254.81545860
341.71479417
343.38186951
342.89937853
342.91680905
343.84371388
254.22089486
343.18793623
380.98098371
430.49792149
430.39788436
379.32827488
381.70510661
167.48221363
167.47952132
166.77125128
167.86131880
168.39127451
428.75072510
168.47675743
611.66023278
610.76150310
612.09650616
611.11003961
610.49814923
514.71001623
514.32134100
516.02222499
514.87845216
516.82021606
610.71489965
515.86314491
198.76295508
199.16529567
201.04554360
201.30545495
200.65126984
134.05671872
135.62129921
135.18455547
134.19798362
135.24744107
199.70928644
133.58829480
545.62934249
545.63067891
545.98628254
546.34639602
546.97608807
483.92528333
483.75626416
485.12336443
485.22049809
484.66287435
545.69197562
485.13848520
121.69850721
334.98036725
610.70908647
121.97786073
121.28206333
132.77619869
604.25819085
364.35038290
604.48981428
604.17507580
611.73096259
603.83057173
375.67433186
376.87506387
375.10069132
375.23158225
376.24440115
308.63460617
308.93091349
308.23416576
310.19947610
309.78867697
375.35993860
310.38233593
286.77772120
286.83542088
286.25636901
287.41119029
286.88042137
563.44689968
563.58893717
564.33694437
563.38378320
562.83359895
287.40083084
564.32649346
599.01996721
598.50921971
597.90402824
598.54527831
598.68540902
222.23308845
222.64474196
221.95960623
223.72784846
221.37179727
599.24278151
221.80127778
464.18550445
462.67476165
462.57327876
463.22532602
462.75706813
396.13306493
395.50028459
397.48287953
399.25657585
395.23148365
462.05056675
398.57600809
113.21377574
112.21177647
111.54010688
113.14073153
112.46751926
611.22096875
612.33725316
612.25452484
611.66645439
611.69478432
112.98947623
611.58334749
577.66225234
578.81330453
578.34922174
577.67769980
578.95484810
353.45445602
352.88844034
353.66223104
353.01344396
352.61645559
578.93084948
353.86070146
243.12656747
243.67517312
244.88201156
242.73228733
243.49595526
610.67070003
610.72352539
610.43127767
609.32854891
610.75439220
244.03218251
610.51282896
417.76523098
417.55328533
418.22992606
418.85196136
418.73197759
526.64337116
526.93600084
525.75356270
526.97392720
526.25066186
420.26463916
525.46664858
609.83846659
610.32059282
610.91164917
610.77262279
612.77147468
178.03102495
177.28057643
178.46960692
177.99401617
177.83373681
611.16190797
178.20882990
607.71150880
608.39160669
607.65226558
608.17866541
607.64855074
609.73291921
611.69252250
610.71380893
610.78348336
610.87547753
608.67130260
611.57801811
331.09812230
331.07558335
331.41550711
331.13856883
330.73104030
440.69717644
440.59763395
440.60898670
441.07591605
441.21145042
331.16460429
440.89183962
156.68683982
156.40888032
156.44947957
156.16420681
156.89492635
265.38633040
266.14914978
265.31874067
264.59816941
265.95240521
156.42948861
265.51861640
506.59915245
506.19921884
505.67823396
504.57122497
505.24819697
590.86510922
590.97789276
589.85543069
589.75447809
589.97187192
506.50918663
589.78128707
397.31054135
398.22213747
395.85405931
396.53463023
397.62627397
200.40055483
199.89379526
201.50149362
201.52864720
200.62419234
396.58357579
200.14516639
610.46047906
611.16594754
612.01217122
611.37729953
611.48413436
544.96861308
545.94294811
545.18572772
545.77602983
545.99406977
611.20693765
546.65299811
562.95184077
563.52627697
143.58607745
563.88367351
564.02249852
610.11882993
118.67805648
610.42164629
118.13758090
118.45032475
143.43334533
118.13667047
222.32291498
222.46608550
221.41872967
222.66026231
222.54265962
375.85516885
374.02158438
374.43909168
374.76096848
374.26158764
221.81347649
372.73251576
133.99153178
132.80689435
135.11251099
135.65645232
134.20042018
464.17124315
463.42199952
462.45341483
464.18758489
464.94619897
136.23909481
463.23063281
483.22567450
483.47176359
484.35344089
483.41334496
484.58521762
112.85670108
112.97328125
112.43367643
114.19653674
113.58197367
484.08511957
112.41044467
604.85825269
604.77746005
605.15486680
604.48605736
605.35163273
287.67087629
287.32553340
286.86897355
287.74099532
286.90464941
604.71759430
287.02519781
308.69334588
309.54815526
310.57949806
309.81221130
310.84953218
599.98881870
599.11985906
598.96988766
599.35226422
598.70566434
308.46258408
599.26007321
610.52395731
612.59604944
610.61357246
611.32869944
610.87067011
419.20616523
418.45597631
418.80467547
419.27639147
418.99455047
609.98849217
419.11500484
440.27157799
440.78819118
441.30642863
440.55205724
440.44052333
611.98230260
611.24153576
610.98080642
610.46259148
611.48087441
440.58798445
610.52546466
265.71031212
265.23121917
266.88061438
266.07972879
266.02242926
578.32785269
578.98614068
578.19597996
578.19986758
577.56364884
266.62508140
578.09002694
589.90155111
587.70640131
589.30686264
589.70092226
589.91293770
244.31598438
244.55467942
242.83925814
246.32118771
243.60571910
590.74070948
243.36431949
527.51540847
526.90146803
526.23863074
526.94077464
527.26860461
608.19563713
607.80959790
607.63811896
608.54138989
608.23042535
526.32000600
608.02733707
177.18180318
178.45266386
179.16397261
178.17525831
178.31131255
331.39553336
330.94029867
331.30954466
331.72686910
331.07309941
178.75737308
330.56298845
353.40702039
353.72908449
352.89892749
353.14009546
351.95237377
156.94295522
155.47992538
156.14118042
155.90290987
156.00279978
351.94145293
156.28496049
611.68172534
611.89298121
611.98170114
611.64948438
608.92374725
505.70542330
507.50464165
505.77529802
504.52977337
506.68778716
611.01782576
507.81832178
551.04955636
549.49779442
551.39415277
548.49009449
553.06585141
183.28443307
183.81280576
184.55809196
184.04172569
183.62422613
550.87011172
183.78051594
206.31807629
206.06503467
205.28746348
205.08119070
205.47850197
531.95441324
533.08860126
530.82213466
531.98223164
532.11538801
205.36748392
531.35852585
380.30434825
380.76271371
380.61370108
381.85118738
380.67868817
610.19436101
610.84837013
610.38245923
610.92207687
609.54513849
380.28284773
610.63493454
609.83292271
611.38734466
610.96161020
610.08034220
610.97250611
358.90719643
360.49197248
360.78425259
358.76150701
359.66877103
610.57484334
360.14342491
335.83487830
387.78822690
600.66122189
336.29538479
336.93220592
343.88700590
591.95843234
397.04875759
592.69869277
591.62666459
599.62831434
592.32785817
292.42677905
293.25757982
292.19198504
292.44697393
293.06318555
271.47070115
270.87754790
270.73625203
270.89008635
271.75510553
293.33095407
271.24540701
118.84427389
119.59754017
118.50875321
119.24308852
117.98258604
446.93426096
447.63608608
446.24739993
447.28914485
445.85760243
119.42700428
446.48055869
469.43881032
470.28433937
470.02604407
468.76272208
469.56916814
610.76096206
612.89339570
609.85664379
611.77165139
610.87107012
466.93404091
614.24585141
250.11925941
249.31950107
248.51205541
248.92128352
248.17400140
314.07958218
313.47535173
314.20562643
314.77989587
312.18673391
248.04323314
315.79654800
581.39881094
581.34271448
580.98910381
581.29295121
580.90986529
606.79195272
605.79589150
606.05579361
604.82545744
607.15810316
582.38136025
605.56144755
610.88422506
610.63909731
612.57985559
611.54594859
610.70843924
490.24203737
489.62376505
489.57800283
489.38513144
489.39385640
612.16594964
489.36275706
425.33680584
422.71256643
424.54193226
424.27635302
424.09284439
139.16384606
140.24845603
138.43453242
139.88922176
139.10300312
424.32064530
138.13423206
335.09487237
336.31117562
336.98033077
335.44753091
336.64731960
611.36908846
612.65229857
610.64281567
611.77312530
611.58096749
338.21057372
612.37611438
609.82161105
609.72148184
609.42193875
609.16011370
609.35224347
402.39236464
402.01764125
402.44206830
402.83000483
402.04481953
609.30426135
403.39093115
510.51283430
509.91253563
510.99605316
511.67417436
511.79773006
227.26778069
225.41506443
228.35013853
227.89071367
226.10771715
510.68993124
226.49376774
161.72406442
162.65815739
161.06610101
162.27919399
163.85338559
565.90334837
568.16846534
566.06342179
567.28444152
567.09324890
160.71703481
567.80277672
610.55538262
612.89346763
611.55419451
610.29156858
611.46001563
247.59278223
248.98432235
249.72498400
250.32583491
249.59472028
611.13926346
250.26843092
402.46447219
403.19939983
402.50598948
403.46125284
401.54678337
580.80464989
582.04721671
581.52699868
581.19142807
582.84764871
402.65148529
584.24056699
227.27926182
226.56342963
227.39054184
226.79537980
228.15032832
610.15665961
612.07083319
610.10808604
610.98025755
611.17549126
226.20651449
611.08947131
567.38752787
567.04984504
566.58685343
567.50794133
566.77964300
424.86539290
424.14854601
423.21950143
423.95296968
424.63813097
566.52962783
424.21821660
490.39392469
490.17447586
489.16584290
489.41360796
489.18257088
510.51553263
510.25301860
511.27134588
510.76627901
510.45827378
489.52939849
510.95446020
140.11737023
140.03171291
139.57002447
140.33680458
139.55528419
161.76786342
162.54301983
160.90822497
162.23361300
161.81933674
140.70804117
162.50889329
315.84476019
314.04476097
94.03887755
314.14930384
315.75092284
336.29619722
94.36733912
337.84938058
141.91124322
141.67352254
141.37536559
141.86392800
606.37895700
605.48435909
605.59740497
606.36787828
604.58637754
609.25185045
608.76038662
607.73801154
609.09417916
607.56015158
606.42945867
608.34580075
447.71267823
445.06572152
447.22180364
446.66216019
445.20224114
380.65132850
379.62070488
381.84692996
379.69222636
380.16077939
446.66228237
381.56473541
611.59918738
610.52658550
610.76390323
611.21832037
612.05449437
610.70619667
609.54281563
611.81190824
612.00312793
610.70079419
611.34896217
611.97495438
409.36016092
593.40837895
516.31087941
409.03170286
409.82312622
423.17534124
527.54860153
549.78771605
548.61282284
548.66191383
591.76970176
549.57300886
271.78947761
269.93177800
272.60415513
272.22693018
271.19981462
205.52673841
205.28041959
204.98230350
204.82850576
206.18629582
271.16003646
205.11824190
184.47574199
184.07353267
185.14548230
186.30046995
184.65514702
600.38287319
600.77107016
600.87406636
600.84224292
599.80811460
184.21343777
600.71340195
532.19156881
531.39195166
530.68119619
532.35735313
531.95985042
293.46681561
292.97356994
292.68313944
293.54763407
294.16521784
531.18393949
293.15986597
611.14814305
609.85563452
610.27062468
610.35389644
610.46661260
118.53020349
118.20555834
118.74753354
117.29385461
117.78007377
610.79243323
117.67994320
360.26548629
357.81083049
357.52155957
357.48854865
357.89666463
469.01704763
468.84084426
466.75023793
467.21329570
467.51573910
358.91100086
467.76508112
457.11456495
456.99667408
457.88823892
458.05425701
456.91328683
150.80885313
149.41694577
150.86506706
151.58095983
150.40076727
456.44098335
149.62432736
107.18435538
109.71238207
106.67223843
107.82723639
107.98428059
500.69876817
500.44681220
499.20408267
499.48883786
500.55052700
107.24812368
500.04656722
282.44977549
281.23335731
282.12169998
280.28840180
281.24711008
607.16864351
607.27880898
607.31890147
607.60126081
607.72295411
282.13699912
608.13176858
596.62793121
597.52212446
597.08255722
598.13352339
596.75842904
325.81221640
326.36318574
325.89689404
325.87875716
326.79452452
597.38266836
325.91721334
