0.00000000
0.00000000
0.00000000
0.00000000
0.00000000
0.00000000
0.00000000
0.00000000
0.00000000
0.00000000
0.00000000
0.00000000
-0.70766667
-0.37005377
-0.02097119
0.28881889
-0.00466667
-0.32475312
0.26558249
-0.13467169
0.30014307
-0.08305598
0.01788545
-0.04000000
-0.06809978
0.11903030
-0.13954401
0.00445835
-0.05099792
-0.29082126
-0.16535965
0.05944260
0.05709701
-0.01776156
0.19671879
0.26772661
-0.24467486
-0.49838710
0.09504086
-0.03161905
0.00207696
-0.17636969
0.09259259
-0.26933333
-0.90293333
0.31552258
0.02912258
-0.18080000
0.25754601
-0.11039707
-0.49519794
0.20487749
-0.08845181
-0.07125710
-0.46344913
0.47714505
-0.13571672
-0.42998591
-0.07500000
-0.17451442
-0.13474967
0.17806688
-0.21363152
-0.33635221
0.10451151
0.10396215
0.30636379
-0.14181978
-0.36228045
0.19887955
0.00629932
-0.02150659
-0.18095087
0.06353458
0.26614276
-0.00962755
0.11764706
0.03001301
-0.10074495
-0.05341329
-0.33190584
-0.07512939
-0.34613720
0.14547391
0.31242072
-0.31705274
-0.23524904
0.02036747
0.21175856
-0.09924242
-0.00076628
-0.16255365
-0.08980331
-0.30996688
-0.02249489
0.25521472
0.28813627
0.08929835
-0.17593605
-0.08236055
-0.21000314
-0.08467586
0.27106918
-0.27610198
-0.33564815
0.08780433
-0.25445804
0.25051724
-0.03829231
0.10282147
-0.21822293
0.03203125
-0.27317708
0.00479065
0.08004885
-0.32143049
-0.05293740
0.16114442
-0.02174488
-0.12612422
-0.21806702
-0.19352884
-0.33132952
-0.26385486
0.15324499
-0.05404131
-0.31699857
0.61570106
-0.04239062
0.12280827
-0.17154882
-0.20917330
-0.09472934
0.04836686
0.51038251
-0.16361038
0.59421526
-0.01028826
-0.18534799
-0.01062802
0.47000690
-0.55421444
0.12450980
-0.55858879
0.30050209
-0.09293606
-0.26136042
0.11791014
0.18973612
0.10621105
0.12505747
-0.01842025
0.38748474
-0.32319623
0.13406593
-0.34280110
-0.02675737
0.22008032
-0.15056689
-0.26547619
-0.36088858
0.02348912
0.05403407
-0.11160949
-0.00207458
0.26686747
0.01364380
0.16004016
-0.29597443
-0.08690522
-0.34328808
0.01807251
-0.03076648
-0.56351273
0.26817767
-0.00078018
0.11468612
-0.26652075
-0.01923046
-0.21078145
0.71936630
0.18742138
-0.21106970
-0.52450980
-0.59613527
-0.01808752
0.51719807
0.48102725
0.10031153
-0.38499884
0.12955975
-0.06603175
0.19493671
0.38420030
-0.03835335
-0.39476136
0.50427350
-0.19914530
-0.31886679
-0.14582535
-0.31352941
0.17137255
-0.33882358
-0.20118855
-0.06327581
-0.28745092
-0.07918486
-0.05526316
-0.13786328
0.00734858
0.03749968
-0.07454421
0.14930556
0.01600582
-0.18599666
0.98379078
0.04391856
-0.26032454
0.06754675
-0.17166059
-0.36493830
0.11118421
0.35149502
0.07657671
0.02393658
-0.60604628
0.66423674
-0.18519240
-0.10963416
-0.08612565
0.50350877
-0.66407496
0.39911421
0.14994802
-0.29760349
-0.00529998
0.35089366
0.07674430
0.07247475
0.00603774
-0.15604666
-0.02746747
0.22083992
0.35399030
0.40975292
-0.04201389
-0.03951951
-0.25699140
0.05412281
0.03179609
-0.31789705
-0.11142564
-0.05008798
-0.06018154
0.17419141
0.02326493
-0.12973329
-0.19120235
0.51341455
0.45087719
0.09264069
-0.11590414
0.09649953
0.19106829
-0.32534332
0.23291139
0.29273750
0.07965326
0.26409650
-0.00976044
-0.37031447
0.27756410
-0.04017094
-0.18871578
-0.58953367
-0.32591150
-0.09747933
0.25274026
-0.71871671
0.26787504
0.69982009
0.06737892
0.30931174
0.14352256
0.11840817
0.03125372
0.29913505
0.16257310
0.69467875
-0.30725698
0.01867526
0.35139210
0.28813776
0.08231293
-0.13333333
-0.07156463
0.15968411
0.03714684
-0.05793683
0.01049559
0.06629195
0.12380952
-0.13317973
0.03513978
0.01044890
-0.07704237
0.02807018
-0.03612573
-0.13855109
0.26565722
-0.67079038
0.24327814
-0.09310833
0.36821705
-0.35953371
-0.16677051
0.12371605
-0.11850232
-0.19263349
-0.23217054
0.30282744
0.17842900
-0.07587891
0.10839353
0.48612493
-0.04872604
0.09720069
0.48357754
-0.29325626
-0.71632923
-0.18239854
-0.04927664
-0.19303389
0.15708268
0.00889730
-0.26946897
0.07013083
-0.09200813
0.07512438
-0.43930348
-0.27162683
0.49121333
0.21198893
-0.33969165
-0.06869456
0.24588656
-0.08032649
-0.19684044
0.07776848
1.29039548
0.26909398
-0.15602339
0.44870634
0.27771353
0.51307635
0.14915254
-0.21219145
-0.38169492
0.28555556
-0.89847458
-0.01920502
-0.11221337
-0.25223592
-0.23820797
-0.29609525
0.21931951
-0.21343240
0.01031096
-0.43132854
0.44925373
-0.07171918
0.63073521
0.78531073
-0.38542467
-0.12068966
0.17231638
0.94444444
-0.03448211
-0.82602637
0.15066693
0.21516787
0.00608105
0.20079400
0.20792294
0.01979167
-0.18246687
-0.50312500
0.20889423
0.60312500
0.30429293
-0.18595328
0.15435693
-0.04186618
-0.17727182
0.21943700
0.29424230
0.13364486
0.06699623
-0.09003115
0.63166993
0.21805839
-0.04691358
-0.49968847
-0.32429379
-0.04364407
-0.28499567
0.31471740
0.32530100
0.12144470
0.11597411
0.10544022
0.25131301
0.21334240
-0.18860422
-0.04651897
0.73567320
0.42706271
-0.05129748
-0.56760500
-0.41466667
-0.07149709
-0.19056367
-0.09860981
-0.41111111
-0.17697842
0.10843097
0.05410628
-0.22901165
-0.11295873
0.14912985
0.16430655
0.01335685
-0.05180952
0.22298957
-0.30520369
-0.59020716
0.32289177
0.43223593
0.12647052
-0.10171742
0.28350997
0.11963557
-0.36216283
-0.11280770
0.18083588
-0.33445360
-0.17071819
0.33144999
0.01610601
0.10698903
-0.18261759
-0.12135683
-0.20736370
-0.01842412
0.30424803
0.43439877
0.03920000
-0.43294872
-0.07698413
-0.14664177
0.29061199
-0.35534207
-0.25241208
0.27354167
0.03286859
0.36858199
-0.14791667
0.32995192
0.46068725
-0.32035848
0.13369861
-0.44444444
0.16339869
-0.06256209
-0.55206734
-0.14858271
0.32443237
0.35576373
-0.58976744
-0.24201050
0.36730487
0.03375427
0.30853994
-0.28907104
-0.05841943
0.65808999
0.20881543
-0.17465468
0.13659949
-0.24907385
0.04482208
-0.18949777
0.15221994
0.06953168
0.19946805
0.37769517
-0.01730673
-0.16014760
-0.08001628
-0.19979925
-0.35142390
-0.32661064
-0.57134986
0.02691919
0.41234773
-0.02380952
-0.03952263
-0.27944064
-0.02601380
0.16420765
-0.13758398
-0.05196581
-0.33284491
-0.03058243
-0.26591039
0.07229548
0.39672137
0.29140869
-0.31887215
0.10236626
-0.00744091
0.02041847
-0.04994039
-0.27787954
0.09009506
0.03129259
0.14961240
-0.15903382
0.20822257
0.18463495
0.43652342
-0.44221093
0.23975533
0.14819969
-0.06400943
0.23355533
-0.31225071
-0.37218864
0.08721617
-0.00948187
0.23349832
-0.38664904
-0.16774892
0.06167635
-0.19930508
-0.23878136
0.30923101
-0.37062396
0.07560976
-0.38865940
-0.07425474
-0.86497208
-0.20316092
0.38481013
0.18637681
0.65807791
0.30265146
0.07310504
0.20249969
0.61264231
-0.10497346
0.07454114
-0.26295789
-0.34239207
-0.21710328
0.06404124
-0.63780978
-0.14217964
-0.08674022
0.11887550
-0.18162989
-0.20979560
0.06405796
-0.07712983
0.52146523
-0.12287082
0.06036036
-0.55399543
-0.01589089
-0.04566210
-0.11490806
0.13503504
0.15444897
0.28288288
0.06639878
0.04208318
0.24566210
0.00234481
0.12467388
-0.03553144
0.20509170
-0.34642857
0.20497805
-0.26801323
-0.13450092
0.31061286
0.40806631
0.22675769
0.11981982
-0.03643514
0.05533333
0.13595544
0.13862491
0.10713489
0.23672985
0.26880898
0.20549164
-0.60906306
0.08487176
-0.25419261
0.01882735
-0.16879910
0.02533406
-0.07443920
0.22957253
0.22585941
-0.43534676
0.09104541
0.06156463
0.17225951
0.01170554
0.84379648
-0.06866765
-0.16153637
0.08227244
0.13545212
0.05341077
-0.28401240
0.01250455
0.15861606
0.06702509
0.07118726
0.24450450
-0.08588589
0.02976190
0.21826372
0.00151468
-0.12926992
0.11394659
-0.02315073
-0.25359675
0.31326336
0.10476242
0.21496151
0.23191362
-0.10564103
0.01029208
-0.00536398
0.04057046
-0.22292756
-0.07442699
-0.34616564
0.39178193
0.03544642
0.26804736
0.32534930
0.24378464
-0.20165956
-0.11433937
0.09648306
0.21775594
0.56360360
0.13153153
-0.24655191
0.39486795
-0.21301665
0.06634974
-0.27682726
0.35367527
0.29064405
0.51968808
-0.25147535
0.29097786
-0.56273243
-0.57826087
0.07467013
0.28840580
-0.12688172
-0.21739130
-0.14698401
-0.00104167
0.36020672
0.12860266
0.01554946
0.03959191
-0.24619048
-0.15020747
0.11654176
0.11070858
0.03983402
0.02542598
0.15126589
-0.27629325
-0.09540055
0.16428571
-0.33863073
-0.18631596
-0.08441708
0.01495258
-0.19279625
0.13698905
0.05790908
-0.21009464
0.32065041
0.03529731
0.15483216
-0.35198422
-0.12262713
-0.16846307
0.01629630
0.25935112
-0.07225549
0.09841270
0.22771084
0.09943246
0.87086420
0.97910053
0.00606061
-0.32425044
-0.33818182
0.26847915
-0.23907606
0.02218750
-0.47086810
0.23816794
-0.40767641
0.37415315
-0.22379764
-0.10774527
0.10917629
-0.22354577
-0.01724022
-0.13736911
0.26668254
0.17603796
-0.02925670
-0.30275015
-0.22676834
0.28386243
0.23125573
0.18484283
-0.28734177
-0.59321500
0.36627657
-0.05697845
0.02887007
-0.30641221
0.23545044
-0.12113421
-0.24035390
0.49391325
0.33657007
0.16496119
-0.23963269
-0.35656985
0.06509642
-0.16689128
-0.02351566
0.70338945
-1.42437229
0.77050505
-0.13165785
-0.10255411
0.41521131
-0.13906810
0.15501201
-0.62434913
0.42491639
-0.33246622
0.30183150
0.44482759
-0.03976608
-0.69448622
0.53809524
0.99177322
-0.16802578
-0.26231884
0.06689509
-0.33003702
-0.01676168
-0.34864896
0.48666726
-0.14905678
-0.28426545
-0.16684937
-0.00146341
-0.02200647
0.11937191
-0.04586946
0.30503203
0.16674878
0.29599899
0.07817445
-0.32687128
0.21906385
-0.04304501
0.04660578
-0.03905084
0.14553991
-0.10913981
-0.20360360
-0.00481692
-0.06762007
-0.10697674
-0.20751497
0.82332654
0.17044431
0.10687646
0.05955799
0.24119769
0.16907447
-0.16065240
-0.35864198
0.77507211
0.12600396
-0.04405935
-0.76433502
-0.58185003
0.15900723
0.04304323
-0.34494257
0.43492063
-0.29349112
0.10045662
0.42747543
0.22047961
0.30455235
-0.31154464
0.02683438
0.29932432
0.27238707
0.05266262
-0.17687455
0.15701736
-0.02162095
-0.15346028
0.46918434
-0.40696973
-0.18419556
0.52905472
-0.16310259
0.14822004
0.43190279
-0.03319389
0.41731784
0.34158394
0.23850772
-0.20792678
-0.07396026
-0.00987013
0.66528041
-0.27308559
-0.48985474
0.46760563
-0.16592790
0.64373538
-0.69065813
-0.07017544
-0.14641958
0.71377832
0.18631977
-0.51589947
0.00143453
-0.83648931
-0.17857476
0.08320013
0.03918129
-0.19329710
-0.21459401
0.25581949
-0.31391698
-0.45931624
-0.24638369
-0.47249745
0.78955472
-0.01897628
0.22929101
0.13948853
0.35106442
0.01216748
-0.13629481
-0.25095563
-0.10002287
-0.25991701
-0.13050674
0.03361111
-0.05305556
0.37931139
-0.11899524
0.01389986
-0.07263811
0.23727752
-0.15608309
0.23668204
-0.23834808
0.22700367
0.30833132
0.00681214
-0.16877106
-0.01832801
-0.13545536
0.28282828
0.16617742
-0.24105636
0.03038763
-0.00615303
-0.09029982
-0.16676768
0.34291417
0.14257028
-0.02194874
-0.09410021
-0.43002208
0.40251572
0.03156733
-0.09588815
0.23483738
0.05843108
-0.41825259
-0.25897436
-0.19859700
-1.36867441
0.10449927
0.64484666
-0.30922385
-0.37447691
0.06568252
-0.09258621
-0.09695681
0.04208195
-0.12933333
-0.49540148
-0.41055556
0.01279178
-0.17292429
-0.13797678
-0.14889868
0.24484848
-0.29380531
-0.00588155
-0.02916798
0.44800000
-0.16307417
-0.02893863
0.17054807
-0.46235680
0.14328838
0.37980205
0.08684211
-0.13702358
-0.12667836
0.39828070
-0.03911111
-0.37894737
0.33195322
-0.11534392
0.30476190
0.01935285
0.34584987
-0.05786991
0.43303455
-0.11185385
-0.62341997
-0.01853408
-0.90697479
-0.09832193
0.39975376
-0.23414760
0.15880538
-0.33583725
-0.33902054
-0.11460317
-0.04106929
-0.91165168
-0.04639740
-0.10142450
0.04134660
-0.29437553
-0.05038586
-0.17049180
-0.61480698
-0.22985515
0.48921147
-0.35850520
-0.16026122
-0.27250608
0.07977023
0.25505376
0.04469795
0.04197583
0.36999035
-0.53872549
0.11747830
-0.26813725
-0.26618005
-0.41083607
-0.19261690
-0.22217297
-0.22444342
-0.20833333
0.12405136
-0.03139918
0.01179865
-0.04676543
0.30175934
-0.04650912
-0.14798033
-0.26593451
0.27272727
-0.30868486
-0.25320549
-0.16498316
0.32094657
0.21668041
0.05721123
-0.02016129
0.31049247
0.01943240
0.10816600
-0.18018633
-0.05306513
0.12466667
0.32198304
0.40919540
-0.08098289
-0.13320341
0.22590422
0.96797279
0.19259259
0.30101010
0.10437710
-0.02244224
-0.12648311
0.16398467
0.02710623
-0.13324502
0.01155610
-0.03687956
0.00683761
0.18659004
0.12796935
0.06019048
0.22105090
0.33486590
-0.27158470
0.03434369
-0.28021680
0.15068199
0.27338574
-0.04838710
0.54641951
0.12224530
0.14240005
-0.04572319
0.04735161
0.35903640
0.08802589
-0.08548475
-0.18115509
-0.48478964
0.07770452
-0.19230769
-0.18170276
-0.07821351
0.13552632
-0.32001780
0.33796692
-0.29706204
0.05645689
0.53070220
0.63306878
-0.23420521
0.26233233
0.26337914
-0.45311278
-0.00235442
0.05597463
0.11404150
-0.19269362
0.00585608
-0.04329659
-0.05679012
-0.32978383
0.13315355
0.23703457
0.05032767
-0.34397303
0.64037037
-0.47750000
0.42804527
0.08585366
0.08062757
-0.14735557
-0.12717360
-0.55550562
0.00862672
0.36438202
0.25273208
0.20374532
0.01842614
0.22041234
-0.22428036
-0.20771916
0.48015189
0.19575134
-0.05107099
-0.37276995
0.51384808
0.66139089
-0.34655155
0.38203310
0.14859903
-0.09716520
0.03647059
-0.01666286
-0.31678000
0.12810245
-0.01788644
-0.17785467
-0.04141854
0.16766966
-0.04902635
-0.01397480
0.12560761
-0.14326879
0.06465879
-0.07024978
-0.10103093
0.33971674
0.08603989
0.33104567
-0.20940084
-0.51522538
-0.17517494
-0.10954697
0.09243697
-0.06409818
-0.24067797
0.40284434
0.07909605
-0.05608392
0.25742821
0.28208955
-0.05982210
-0.40202020
-1.05155760
0.09552239
-0.28068273
0.17401376
-0.16905640
0.07388060
0.25708675
0.09950503
-0.44345631
-0.00176274
-1.02767495
-0.84946237
0.19521207
-0.01277983
-0.08676846
0.12033898
-0.00596706
0.04005914
-0.30279830
0.21706161
0.82983998
-0.49092771
0.33710692
0.31785150
-0.33463253
-0.24200274
0.34196078
-0.09851345
0.30141923
0.15996352
0.28273576
0.33884712
0.65590062
0.06314235
0.46433236
-0.03103505
-0.08623591
-0.40791392
-0.00717300
-0.40109801
0.12215321
0.08721273
-0.30229560
0.30735294
-0.09701062
0.35085158
-0.17274939
0.33719807
0.17086530
-0.32149349
0.16645299
0.24181313
-0.11598664
-0.05935430
0.14156582
