nan
nan
nan
nan
nan
nan
nan
nan
nan
nan
nan
nan
nan
nan
nan
nan
nan
nan
nan
nan
nan
nan
nan
nan
nan
nan
nan
nan
nan
nan
nan
nan
nan
nan
nan
nan
nan
nan
nan
nan
nan
nan
nan
nan
nan
nan
nan
nan
-1.00000000
-1.00000000
-1.00000000
-1.00000000
-1.00000000
-1.00000000
-1.00000000
-1.00000000
-1.00000000
-1.00000000
-1.00000000
-1.00000000
-1.00000000
-1.00000000
-1.00000000
-1.00000000
-1.00000000
-1.00000000
-1.00000000
-1.00000000
-1.00000000
-1.00000000
-1.00000000
-1.00000000
-1.00000000
-1.00000000
-1.00000000
-1.00000000
-1.00000000
-1.00000000
-1.00000000
-1.00000000
-1.00000000
-1.00000000
-1.00000000
-1.00000000
-1.00000000
-1.00000000
-1.00000000
-1.00000000
-1.00000000
-1.00000000
-1.00000000
-1.00000000
-1.00000000
-1.00000000
-1.00000000
-1.00000000
1.00000000
1.00000000
1.00000000
1.00000000
1.00000000
1.00000000
1.00000000
1.00000000
1.00000000
1.00000000
1.00000000
1.00000000
1.00000000
1.00000000
1.00000000
1.00000000
1.00000000
1.00000000
1.00000000
1.00000000
1.00000000
1.00000000
1.00000000
1.00000000
1.00000000
1.00000000
1.00000000
1.00000000
1.00000000
1.00000000
1.00000000
1.00000000
1.00000000
1.00000000
1.00000000
1.00000000
1.00000000
1.00000000
1.00000000
1.00000000
1.00000000
1.00000000
1.00000000
1.00000000
1.00000000
1.00000000
1.00000000
1.00000000
1.00000000
1.00000000
1.00000000
1.00000000
1.00000000
1.00000000
1.00000000
1.00000000
1.00000000
1.00000000
1.00000000
1.00000000
1.00000000
1.00000000
1.00000000
1.00000000
1.00000000
1.00000000
1.00000000
1.00000000
1.00000000
1.00000000
1.00000000
1.00000000
1.00000000
1.00000000
1.00000000
1.00000000
1.00000000
1.00000000
1.00000000
1.00000000
1.00000000
1.00000000
1.00000000
1.00000000
1.00000000
1.00000000
1.00000000
1.00000000
1.00000000
1.00000000
1.00000000
1.00000000
1.00000000
1.00000000
1.00000000
1.00000000
1.00000000
1.00000000
1.00000000
1.00000000
1.00000000
1.00000000
1.00000000
1.00000000
1.00000000
1.00000000
0.70707071
1.00000000
1.00000000
1.00000000
1.00000000
1.00000000
1.00000000
1.00000000
1.00000000
1.00000000
1.00000000
1.00000000
1.00000000
1.00000000
0.69158879
1.00000000
0.69158879
0.69158879
0.69158879
0.69158879
0.69158879
1.00000000
1.00000000
1.00000000
1.00000000
1.00000000
1.00000000
1.00000000
1.00000000
1.00000000
1.00000000
1.00000000
1.00000000
1.00000000
1.00000000
1.00000000
1.00000000
1.00000000
1.00000000
0.69158879
1.00000000
1.00000000
1.00000000
1.00000000
1.00000000
0.69158879
0.69158879
0.69158879
0.69158879
0.69158879
1.00000000
1.00000000
1.00000000
1.00000000
1.00000000
1.00000000
0.82222222
1.00000000
1.00000000
1.00000000
1.00000000
1.00000000
1.00000000
1.00000000
1.00000000
1.00000000
1.00000000
1.00000000
1.00000000
1.00000000
1.00000000
1.00000000
1.00000000
1.00000000
1.00000000
1.00000000
1.00000000
1.00000000
1.00000000
1.00000000
1.00000000
1.00000000
1.00000000
1.00000000
1.00000000
1.00000000
1.00000000
-0.15161961
1.00000000
1.00000000
1.00000000
1.00000000
1.00000000
-0.15161961
-0.15161961
-0.15161961
-0.15161961
-0.15161961
-0.15161961
1.00000000
-0.15161961
-0.15161961
-0.15161961
-0.15161961
-0.15161961
1.00000000
1.00000000
1.00000000
1.00000000
1.00000000
-0.15399810
-0.14285714
-0.15399810
-0.15399810
-0.15399810
-0.15399810
-0.15399810
-0.14285714
-0.14285714
-0.14285714
-0.14285714
-0.14285714
-0.14285714
-0.15399810
-0.14285714
-0.14285714
-0.14285714
-0.14285714
-0.14285714
-0.15399810
-0.15399810
-0.15399810
-0.15399810
-0.15399810
1.00000000
1.00000000
1.00000000
1.00000000
1.00000000
1.00000000
1.00000000
1.00000000
1.00000000
1.00000000
1.00000000
1.00000000
1.00000000
1.00000000
1.00000000
1.00000000
1.00000000
1.00000000
1.00000000
1.00000000
1.00000000
1.00000000
1.00000000
1.00000000
1.00000000
1.00000000
1.00000000
1.00000000
1.00000000
1.00000000
1.00000000
1.00000000
1.00000000
1.00000000
1.00000000
1.00000000
1.00000000
1.00000000
1.00000000
1.00000000
1.00000000
1.00000000
1.00000000
1.00000000
1.00000000
1.00000000
1.00000000
1.00000000
1.00000000
0.85416667
1.00000000
1.00000000
1.00000000
1.00000000
1.00000000
1.00000000
1.00000000
1.00000000
1.00000000
1.00000000
1.00000000
-0.77419355
1.00000000
1.00000000
1.00000000
1.00000000
1.00000000
-0.77419355
-0.77419355
-0.77419355
-0.77419355
-0.77419355
1.00000000
-0.76363636
1.00000000
1.00000000
1.00000000
1.00000000
1.00000000
-0.76363636
-0.76363636
-0.76363636
-0.76363636
-0.76363636
1.00000000
1.00000000
1.00000000
1.00000000
1.00000000
1.00000000
1.00000000
1.00000000
1.00000000
1.00000000
1.00000000
1.00000000
-0.77419355
1.00000000
-0.77419355
-0.77419355
-0.77419355
-0.77419355
-0.77419355
1.00000000
1.00000000
1.00000000
1.00000000
1.00000000
1.00000000
0.97111682
1.00000000
1.00000000
0.85416667
1.00000000
1.00000000
1.00000000
1.00000000
1.00000000
0.97111682
1.00000000
1.00000000
1.00000000
1.00000000
1.00000000
1.00000000
1.00000000
1.00000000
1.00000000
1.00000000
1.00000000
1.00000000
1.00000000
-0.76363636
1.00000000
-0.76363636
-0.76363636
-0.76363636
-0.76363636
-0.76363636
1.00000000
1.00000000
1.00000000
1.00000000
1.00000000
0.71997301
0.69918699
0.71997301
0.71997301
0.71997301
0.71997301
0.71997301
0.69918699
0.69918699
0.69918699
0.69918699
0.77439024
0.69918699
0.71997301
0.69918699
0.69918699
0.69918699
0.69918699
0.69918699
0.71997301
0.71997301
0.71997301
0.71997301
0.71997301
0.98530405
0.72678571
0.98040541
0.98040541
0.98040541
0.98040541
0.98040541
0.72678571
0.72678571
0.72678571
0.72678571
0.72678571
0.72678571
0.98040541
0.72678571
0.72678571
0.72678571
0.72678571
0.72678571
0.98040541
0.62500000
0.62500000
0.98040541
0.62500000
1.00000000
0.98063593
1.00000000
1.00000000
1.00000000
1.00000000
1.00000000
0.98063593
0.98063593
0.98063593
0.98063593
0.98063593
0.50909091
1.00000000
0.50909091
0.50909091
0.50909091
0.50909091
0.50909091
1.00000000
1.00000000
1.00000000
1.00000000
1.00000000
1.00000000
1.00000000
1.00000000
1.00000000
1.00000000
0.98063593
1.00000000
1.00000000
1.00000000
1.00000000
1.00000000
1.00000000
1.00000000
0.50909091
1.00000000
1.00000000
1.00000000
1.00000000
1.00000000
0.50909091
0.50909091
0.50909091
0.50909091
0.50909091
1.00000000
1.00000000
1.00000000
1.00000000
1.00000000
1.00000000
1.00000000
1.00000000
1.00000000
1.00000000
1.00000000
1.00000000
0.81666667
0.81666667
0.81666667
0.81666667
0.81666667
0.81666667
0.81666667
0.81666667
0.81666667
0.81666667
0.81666667
0.81666667
-0.80000000
-0.80000000
-0.80000000
-0.80000000
-0.80000000
-0.80000000
-0.80000000
-0.80000000
-0.80000000
-0.80000000
-0.80000000
-0.80000000
-0.79411765
-0.79411765
-0.79411765
-0.79411765
-0.79411765
-0.79411765
-0.79411765
-0.79411765
-0.79411765
-0.79411765
-0.79411765
-0.79411765
-0.06818182
-0.06329114
-0.06818182
-0.06818182
-0.06818182
-0.06818182
-0.06818182
-0.06329114
-0.06329114
-0.06329114
-0.06329114
-0.06329114
-0.06579517
-0.06666667
-0.06579517
-0.06579517
-0.06579517
-0.06579517
-0.06579517
-0.06666667
-0.06666667
-0.06666667
-0.06666667
-0.06666667
-0.06666667
-0.06579517
-0.06666667
-0.06666667
-0.06666667
-0.06666667
-0.06666667
-0.06579517
-0.06579517
-0.06579517
-0.06579517
-0.06579517
-0.06329114
-0.06818182
-0.06329114
-0.06329114
-0.06329114
-0.06329114
-0.06329114
-0.06818182
-0.06818182
-0.06818182
-0.06818182
-0.06818182
0.58823839
1.00000000
0.58823839
0.58823839
0.58823839
0.58823839
0.58823839
1.00000000
1.00000000
1.00000000
1.00000000
1.00000000
1.00000000
1.00000000
0.82142857
0.82142857
1.00000000
1.00000000
1.00000000
1.00000000
1.00000000
1.00000000
1.00000000
1.00000000
1.00000000
0.89631336
1.00000000
1.00000000
1.00000000
1.00000000
1.00000000
1.00000000
0.89631336
1.00000000
1.00000000
0.89631336
0.63023256
1.00000000
0.63023256
0.63023256
0.63023256
0.63023256
0.63023256
1.00000000
1.00000000
1.00000000
1.00000000
1.00000000
1.00000000
0.63023256
1.00000000
1.00000000
1.00000000
1.00000000
1.00000000
0.63023256
0.63023256
0.63023256
0.63023256
0.63023256
1.00000000
1.00000000
1.00000000
1.00000000
1.00000000
0.85454545
1.00000000
1.00000000
1.00000000
1.00000000
1.00000000
1.00000000
1.00000000
1.00000000
1.00000000
0.89631336
1.00000000
0.89631336
0.89631336
1.00000000
1.00000000
1.00000000
1.00000000
1.00000000
1.00000000
0.58823839
1.00000000
1.00000000
1.00000000
1.00000000
1.00000000
0.58823839
0.58823839
0.58823839
0.58823839
0.58823839
1.00000000
0.69318182
1.00000000
1.00000000
1.00000000
1.00000000
1.00000000
0.69318182
0.69318182
0.69318182
0.69318182
0.69318182
1.00000000
0.94950022
1.00000000
1.00000000
1.00000000
1.00000000
1.00000000
0.94950022
0.94950022
0.94950022
0.94950022
0.94950022
1.00000000
-0.68421053
1.00000000
1.00000000
1.00000000
1.00000000
1.00000000
-0.68421053
-0.68421053
-0.68421053
-0.68421053
-0.68421053
1.00000000
0.86437346
1.00000000
1.00000000
1.00000000
1.00000000
1.00000000
0.86437346
0.86437346
0.86437346
0.86437346
0.86437346
0.85539216
0.68095238
0.80718954
0.80718954
0.80718954
0.85539216
0.80718954
0.68095238
0.68095238
0.68095238
0.68095238
0.68095238
1.00000000
0.63218391
-0.86666667
1.00000000
1.00000000
1.00000000
1.00000000
0.63218391
0.63218391
0.63218391
0.63218391
0.63218391
0.88750000
1.00000000
0.88750000
0.88750000
0.89355742
0.88750000
0.88750000
1.00000000
1.00000000
1.00000000
1.00000000
1.00000000
0.88295455
0.60317460
0.88295455
0.88295455
0.88295455
0.88295455
0.88295455
0.60317460
0.60317460
0.60317460
0.60317460
0.60317460
0.83238095
0.77879213
0.83238095
0.83238095
0.83238095
0.83238095
0.83238095
0.77879213
0.77879213
0.77879213
0.77879213
0.77879213
0.88588589
0.76666667
0.88588589
0.88588589
0.88588589
0.88588589
0.88588589
0.76666667
0.76666667
0.76666667
0.76666667
0.76666667
1.00000000
0.70238095
1.00000000
0.80158730
1.00000000
1.00000000
1.00000000
0.70238095
0.70238095
0.70238095
0.70238095
0.70238095
0.80000000
1.00000000
0.80000000
0.80000000
0.74549932
0.74549932
0.80000000
1.00000000
1.00000000
1.00000000
1.00000000
1.00000000
0.66945248
1.00000000
0.66945248
0.66945248
0.66945248
0.66945248
0.66945248
1.00000000
1.00000000
1.00000000
1.00000000
1.00000000
1.00000000
0.79523810
1.00000000
1.00000000
1.00000000
1.00000000
1.00000000
0.79523810
0.79523810
0.79523810
0.79523810
0.79523810
0.84375000
0.71291866
0.84375000
0.84375000
0.84375000
0.84375000
0.84375000
0.71291866
0.71291866
0.71291866
0.71291866
0.71291866
0.81830791
1.00000000
0.81830791
0.81830791
0.81830791
0.88963211
0.88963211
1.00000000
1.00000000
1.00000000
1.00000000
1.00000000
0.81149302
0.65625000
0.81149302
0.81149302
0.81149302
0.81149302
0.81149302
0.65625000
0.65625000
0.65625000
0.65625000
0.65625000
0.48319328
0.84615385
0.48319328
0.48571429
0.48319328
0.48319328
0.48319328
0.84615385
0.84615385
0.84615385
0.84615385
0.84615385
0.52307692
0.72452830
0.76153846
0.76153846
0.76153846
0.76153846
0.76153846
0.72452830
0.72452830
0.72452830
0.72452830
0.72452830
0.52307692
0.99679267
0.52307692
0.52307692
0.52307692
0.52307692
0.52307692
0.83152174
0.83152174
0.83152174
0.83152174
0.83152174
0.64349376
1.00000000
0.64349376
0.64349376
0.64349376
0.64349376
0.64349376
1.00000000
1.00000000
1.00000000
1.00000000
1.00000000
0.61666667
0.82517483
0.61666667
0.61666667
0.61666667
0.61666667
0.61666667
0.82517483
0.82517483
0.82517483
0.82517483
0.82517483
0.62500000
0.78333333
0.62500000
0.62500000
0.62500000
0.62500000
0.62500000
0.78333333
0.78333333
0.78333333
0.78333333
0.78333333
0.77777778
0.78070175
0.77777778
0.77777778
0.77777778
0.77777778
0.77777778
0.78070175
0.78070175
0.78070175
0.78070175
0.78070175
0.63218391
0.49803922
0.63218391
0.63218391
0.63218391
0.63218391
0.63218391
0.49803922
0.49803922
0.49803922
0.49803922
0.49803922
-0.10000000
0.74901961
-0.10000000
-0.10000000
-0.10000000
-0.10000000
-0.10000000
0.74901961
0.74901961
0.74901961
0.74901961
0.74901961
-0.11396058
0.90299870
-0.11396058
-0.11396058
-0.11396058
-0.11396058
-0.11396058
0.90299870
0.90299870
0.90299870
0.90299870
0.90299870
0.34000000
0.67462198
0.34000000
0.34000000
0.34000000
0.34000000
0.34000000
0.67462198
0.67462198
0.67462198
0.67462198
0.67462198
0.87329435
nan
0.87329435
0.87329435
0.87329435
0.87329435
0.87329435
nan
nan
nan
nan
nan
0.71568627
-0.02272727
0.71568627
0.71568627
0.71568627
0.71568627
0.71568627
-0.02272727
-0.02272727
-0.02272727
-0.02272727
-0.02272727
0.79901961
-0.02631579
0.79901961
0.79901961
0.79901961
0.79901961
0.79901961
-0.02631579
-0.02631579
-0.02631579
-0.02631579
-0.02631579
1.00000000
-0.03333333
1.00000000
1.00000000
1.00000000
1.00000000
1.00000000
-0.03333333
-0.03333333
-0.03333333
-0.03333333
-0.03333333
0.84615385
0.48319328
0.84615385
0.84615385
0.84615385
0.84615385
0.84615385
0.48319328
0.48319328
0.48319328
0.48319328
0.48319328
0.65625000
0.81149302
0.65625000
0.65625000
0.65625000
0.65625000
0.65625000
0.81149302
0.81149302
0.81149302
0.81149302
0.81149302
0.83152174
0.52307692
0.83152174
0.83152174
0.66304348
0.99679267
0.83152174
0.52307692
0.52307692
0.52307692
0.52307692
0.52307692
0.72452830
0.76153846
0.72452830
0.72452830
0.72452830
0.72452830
0.72452830
0.76153846
0.52307692
0.76153846
0.76153846
0.76153846
