50.00000000
50.00000000
50.00000000
50.00000000
50.00000000
50.00000000
50.00000000
50.00000000
50.00000000
50.00000000
50.00000000
50.00000000
200.00000000
200.00000000
200.00000000
200.00000000
200.00000000
200.00000000
200.00000000
200.00000000
200.00000000
200.00000000
200.00000000
200.00000000
275.00000000
275.00000000
275.00000000
275.00000000
275.00000000
275.00000000
275.00000000
275.00000000
275.00000000
275.00000000
275.00000000
275.00000000
125.00000000
125.00000000
125.00000000
125.00000000
125.00000000
125.00000000
125.00000000
125.00000000
125.00000000
125.00000000
125.00000000
125.00000000
162.53333333
87.46666667
162.53333333
162.53333333
162.53333333
162.53333333
162.53333333
87.46666667
87.46666667
87.46666667
87.46666667
87.46666667
312.46666667
237.46666667
312.46666667
312.46666667
312.46666667
312.46666667
312.46666667
237.46666667
237.46666667
237.46666667
237.46666667
237.46666667
237.46666667
312.46666667
237.46666667
237.46666667
237.46666667
237.46666667
237.46666667
312.46666667
312.46666667
312.46666667
312.46666667
312.46666667
87.46666667
162.53333333
87.46666667
87.46666667
87.46666667
87.46666667
87.46666667
162.53333333
162.53333333
162.53333333
162.53333333
162.53333333
106.26666667
143.73333333
106.26666667
106.26666667
106.26666667
106.26666667
106.26666667
143.73333333
143.73333333
143.73333333
143.73333333
143.73333333
256.26666667
293.73333333
256.26666667
256.26666667
256.26666667
256.26666667
256.26666667
293.73333333
293.73333333
293.73333333
293.73333333
293.73333333
331.26666667
218.73333333
331.26666667
331.26666667
331.26666667
331.26666667
331.26666667
218.73333333
218.73333333
218.73333333
218.73333333
218.73333333
181.26666667
68.73333333
181.26666667
181.26666667
181.26666667
181.26666667
181.26666667
68.73333333
68.73333333
68.73333333
68.73333333
68.73333333
143.73333333
181.26666667
143.73333333
143.73333333
143.73333333
143.73333333
143.73333333
181.26666667
181.26666667
181.26666667
181.26666667
181.26666667
293.73333333
331.26666667
293.73333333
293.73333333
293.73333333
293.73333333
293.73333333
331.26666667
331.26666667
331.26666667
331.26666667
331.26666667
218.73333333
256.26666667
218.73333333
218.73333333
218.73333333
218.73333333
218.73333333
256.26666667
256.26666667
256.26666667
256.26666667
256.26666667
68.73333333
106.26666667
68.73333333
68.73333333
68.73333333
68.73333333
68.73333333
106.26666667
106.26666667
106.26666667
106.26666667
106.26666667
78.06666667
340.60000000
78.06666667
78.06666667
78.06666667
78.06666667
78.06666667
340.60000000
340.60000000
340.60000000
340.60000000
340.60000000
228.13333333
190.66666667
228.13333333
228.13333333
228.13333333
228.13333333
228.13333333
190.66666667
190.66666667
190.66666667
190.66666667
190.66666667
302.86666667
115.60000000
302.86666667
302.86666667
302.86666667
302.86666667
302.86666667
115.60000000
115.60000000
115.60000000
115.60000000
115.60000000
153.13333333
265.60000000
153.13333333
153.13333333
153.13333333
153.13333333
153.13333333
265.60000000
265.60000000
265.60000000
265.60000000
265.60000000
190.66666667
302.86666667
190.66666667
190.66666667
190.66666667
190.66666667
190.66666667
302.86666667
302.86666667
302.86666667
302.86666667
302.86666667
340.60000000
153.13333333
340.60000000
340.60000000
340.60000000
340.60000000
340.60000000
153.13333333
153.13333333
153.13333333
153.13333333
153.13333333
265.60000000
78.06666667
265.60000000
265.60000000
265.60000000
265.60000000
265.60000000
78.06666667
78.06666667
78.06666667
78.06666667
78.06666667
115.60000000
228.13333333
115.60000000
115.60000000
115.60000000
115.60000000
115.60000000
228.13333333
228.13333333
228.13333333
228.13333333
228.13333333
96.93333333
246.86666667
96.93333333
96.93333333
96.93333333
96.93333333
96.93333333
246.86666667
246.86666667
246.86666667
246.86666667
246.86666667
246.86666667
96.93333333
246.86666667
246.86666667
246.86666667
246.86666667
246.86666667
96.93333333
96.93333333
96.93333333
96.93333333
96.93333333
321.86666667
171.86666667
321.86666667
321.86666667
321.86666667
321.86666667
321.86666667
171.86666667
171.86666667
171.86666667
171.86666667
171.86666667
171.86666667
321.86666667
171.86666667
171.86666667
171.86666667
171.86666667
171.86666667
321.86666667
321.86666667
321.86666667
321.86666667
321.86666667
134.33333333
209.40000000
134.33333333
134.33333333
134.33333333
134.33333333
134.33333333
209.40000000
209.40000000
209.40000000
209.40000000
209.40000000
284.33333333
59.33333333
284.33333333
284.33333333
284.33333333
284.33333333
284.33333333
59.33333333
59.33333333
59.33333333
59.33333333
59.33333333
209.40000000
134.33333333
209.40000000
209.40000000
209.40000000
209.40000000
209.40000000
134.33333333
134.33333333
134.33333333
134.33333333
134.33333333
59.33333333
284.33333333
59.33333333
59.33333333
59.33333333
59.33333333
59.33333333
284.33333333
284.33333333
284.33333333
284.33333333
284.33333333
64.06666667
326.53333333
64.06666667
64.06666667
64.06666667
64.06666667
64.06666667
326.53333333
326.53333333
326.53333333
326.53333333
326.53333333
214.06666667
176.60000000
214.06666667
214.06666667
214.06666667
214.06666667
214.06666667
176.60000000
176.60000000
176.60000000
176.60000000
176.60000000
289.06666667
101.60000000
289.06666667
289.06666667
289.06666667
289.06666667
289.06666667
101.60000000
101.60000000
101.60000000
101.60000000
101.60000000
139.06666667
251.53333333
139.06666667
139.06666667
139.06666667
139.06666667
139.06666667
251.53333333
251.53333333
251.53333333
251.53333333
251.53333333
176.60000000
289.06666667
176.60000000
176.60000000
176.60000000
176.60000000
176.60000000
289.06666667
289.06666667
289.06666667
289.06666667
289.06666667
326.53333333
138.20000000
326.53333333
326.53333333
326.53333333
326.53333333
326.53333333
139.06666667
139.06666667
139.06666667
138.20000000
139.06666667
251.53333333
64.06666667
251.53333333
251.53333333
251.53333333
251.53333333
251.53333333
64.06666667
64.06666667
64.06666667
64.06666667
64.06666667
101.60000000
214.06666667
101.60000000
101.60000000
101.60000000
101.60000000
101.60000000
214.06666667
214.06666667
214.06666667
214.06666667
214.06666667
120.26666667
270.20000000
120.26666667
120.26666667
120.26666667
120.26666667
120.26666667
270.20000000
270.20000000
270.20000000
270.20000000
270.20000000
270.20000000
120.26666667
270.20000000
270.20000000
270.20000000
270.20000000
270.20000000
120.26666667
120.26666667
120.26666667
120.26666667
120.26666667
344.33333333
195.26666667
344.33333333
344.33333333
344.33333333
344.33333333
344.33333333
195.26666667
195.26666667
195.26666667
195.26666667
195.26666667
195.26666667
344.33333333
195.26666667
195.26666667
195.26666667
195.26666667
195.26666667
344.33333333
345.33333333
345.33333333
344.33333333
345.33333333
157.86666667
232.06666667
157.86666667
157.86666667
157.86666667
157.86666667
157.86666667
232.06666667
232.06666667
232.06666667
232.06666667
232.06666667
307.80000000
82.80000000
307.80000000
307.80000000
307.80000000
307.80000000
307.80000000
82.80000000
82.80000000
82.80000000
82.80000000
82.80000000
232.80000000
157.86666667
232.80000000
232.80000000
232.80000000
232.06666667
232.80000000
157.86666667
157.86666667
157.86666667
157.86666667
157.86666667
82.80000000
307.80000000
82.80000000
82.80000000
82.80000000
82.80000000
82.80000000
307.80000000
307.80000000
307.80000000
307.80000000
307.80000000
73.46666667
73.46666667
73.46666667
73.46666667
73.46666667
73.46666667
73.46666667
73.46666667
73.46666667
73.46666667
73.46666667
73.46666667
223.46666667
223.46666667
223.46666667
223.46666667
223.46666667
223.46666667
223.46666667
223.46666667
223.46666667
223.46666667
223.46666667
223.46666667
298.46666667
298.46666667
298.46666667
298.46666667
298.46666667
298.46666667
298.46666667
298.46666667
298.46666667
298.46666667
298.46666667
298.46666667
148.46666667
148.46666667
148.46666667
148.46666667
148.46666667
148.46666667
148.46666667
148.46666667
148.46666667
148.46666667
148.46666667
148.46666667
185.93333333
110.93333333
185.93333333
185.93333333
185.93333333
185.93333333
185.93333333
110.93333333
110.93333333
110.93333333
110.93333333
110.93333333
335.93333333
260.93333333
335.93333333
335.93333333
335.93333333
335.93333333
335.93333333
260.93333333
260.93333333
260.93333333
260.93333333
260.93333333
260.93333333
335.93333333
260.93333333
260.93333333
260.93333333
260.93333333
260.93333333
335.93333333
335.93333333
335.93333333
335.93333333
335.93333333
110.93333333
185.93333333
110.93333333
110.93333333
110.93333333
110.93333333
110.93333333
185.93333333
185.93333333
185.93333333
185.93333333
185.93333333
92.20000000
129.66666667
92.20000000
92.20000000
92.20000000
92.20000000
92.20000000
129.66666667
129.66666667
129.66666667
129.66666667
129.66666667
242.20000000
279.66666667
242.20000000
242.20000000
242.20000000
242.20000000
242.20000000
279.66666667
279.66666667
279.66666667
279.66666667
279.66666667
317.20000000
204.66666667
317.20000000
317.20000000
317.20000000
317.20000000
317.20000000
204.66666667
204.66666667
204.66666667
204.66666667
204.66666667
167.13333333
54.73333333
167.13333333
167.13333333
167.13333333
167.13333333
167.13333333
54.73333333
54.73333333
54.73333333
54.73333333
54.73333333
129.66666667
167.13333333
129.66666667
129.66666667
129.66666667
129.66666667
129.66666667
167.13333333
167.13333333
167.13333333
167.13333333
167.13333333
279.66666667
317.20000000
279.66666667
279.66666667
279.66666667
279.66666667
279.66666667
317.20000000
317.20000000
317.20000000
317.20000000
317.20000000
204.66666667
242.20000000
204.66666667
204.66666667
204.66666667
204.66666667
204.66666667
242.20000000
242.20000000
242.20000000
242.20000000
242.20000000
54.73333333
92.20000000
54.73333333
54.73333333
54.73333333
54.73333333
54.73333333
92.20000000
92.20000000
92.20000000
92.20000000
92.20000000
57.06666667
183.53333333
57.06666667
57.06666667
57.06666667
57.06666667
57.06666667
183.53333333
183.53333333
183.53333333
183.53333333
183.53333333
207.06666667
333.06666667
207.06666667
207.06666667
207.06666667
207.06666667
207.06666667
333.06666667
333.06666667
333.06666667
333.06666667
333.06666667
282.00000000
258.60000000
282.00000000
282.00000000
282.00000000
282.00000000
282.00000000
258.60000000
258.60000000
258.60000000
258.60000000
258.60000000
132.06666667
108.60000000
132.06666667
132.06666667
132.06666667
132.06666667
132.06666667
108.60000000
108.60000000
108.60000000
108.60000000
108.60000000
169.33333333
146.13333333
169.33333333
169.33333333
169.33333333
169.33333333
169.33333333
146.13333333
146.13333333
146.13333333
146.13333333
146.13333333
319.53333333
296.06666667
319.53333333
319.53333333
319.53333333
319.53333333
319.53333333
296.06666667
296.06666667
296.06666667
296.06666667
296.06666667
244.53333333
221.13333333
244.53333333
244.53333333
244.53333333
244.53333333
244.53333333
221.13333333
221.13333333
221.13333333
221.13333333
221.13333333
94.53333333
71.13333333
94.53333333
94.53333333
94.53333333
94.53333333
94.53333333
71.13333333
71.13333333
71.13333333
71.13333333
71.13333333
113.26666667
89.86666667
113.26666667
113.26666667
113.26666667
113.26666667
113.26666667
89.86666667
89.86666667
89.86666667
89.86666667
89.86666667
262.93333333
239.86666667
262.93333333
262.93333333
262.93333333
262.93333333
262.93333333
239.86666667
239.86666667
239.86666667
239.86666667
239.86666667
338.26666667
314.80000000
338.26666667
338.26666667
338.26666667
338.26666667
338.26666667
314.80000000
314.80000000
314.80000000
314.80000000
314.80000000
188.26666667
164.86666667
188.26666667
188.26666667
188.26666667
188.26666667
188.26666667
164.86666667
164.86666667
164.86666667
164.86666667
164.86666667
150.80000000
52.33333333
150.80000000
150.80000000
150.80000000
150.80000000
150.80000000
52.33333333
52.33333333
52.33333333
52.33333333
52.33333333
300.80000000
202.33333333
300.80000000
300.80000000
300.80000000
300.80000000
300.80000000
202.33333333
202.33333333
202.33333333
202.33333333
202.33333333
225.80000000
277.40000000
225.80000000
225.80000000
225.80000000
225.80000000
225.80000000
277.40000000
277.40000000
277.40000000
277.40000000
277.40000000
75.80000000
127.33333333
75.80000000
75.80000000
75.80000000
75.53333333
75.53333333
127.33333333
127.33333333
127.33333333
127.33333333
127.33333333
85.20000000
211.73333333
85.20000000
85.20000000
85.20000000
85.20000000
85.20000000
211.73333333
211.73333333
211.73333333
211.73333333
211.73333333
235.13333333
61.73333333
235.13333333
235.13333333
235.13333333
235.13333333
235.13333333
61.73333333
61.73333333
61.73333333
61.73333333
61.73333333
310.13333333
136.73333333
310.13333333
310.13333333
310.13333333
310.13333333
310.13333333
136.73333333
136.73333333
136.73333333
136.73333333
136.73333333
160.13333333
284.33333333
160.13333333
160.13333333
160.13333333
160.13333333
160.13333333
286.73333333
286.73333333
286.73333333
286.73333333
286.73333333
197.66666667
249.20000000
197.66666667
197.66666667
197.66666667
197.66666667
197.66666667
249.20000000
249.20000000
249.20000000
249.20000000
249.20000000
347.66666667
99.20000000
347.66666667
347.66666667
347.66666667
347.66666667
347.66666667
99.20000000
99.20000000
99.20000000
99.20000000
99.20000000
272.66666667
174.20000000
272.66666667
272.66666667
272.66666667
272.66666667
272.66666667
174.20000000
174.20000000
174.20000000
174.20000000
174.20000000
122.66666667
324.20000000
122.66666667
122.66666667
122.66666667
122.66666667
122.66666667
324.20000000
324.20000000
324.20000000
324.20000000
324.20000000
103.86666667
305.46666667
103.86666667
103.86666667
103.86666667
103.86666667
103.86666667
305.46666667
305.46666667
305.46666667
305.46666667
305.46666667
253.93333333
155.46666667
253.93333333
253.93333333
253.93333333
253.93333333
253.93333333
155.46666667
155.46666667
155.46666667
155.46666667
155.46666667
328.86666667
80.46666667
328.86666667
328.86666667
328.86666667
328.86666667
328.86666667
80.46666667
80.46666667
80.46666667
80.46666667
80.46666667
178.86666667
230.46666667
178.86666667
178.86666667
178.86666667
178.86666667
178.86666667
230.46666667
230.46666667
230.46666667
230.46666667
230.46666667
141.40000000
342.93333333
141.40000000
141.40000000
141.40000000
141.40000000
141.40000000
342.93333333
342.93333333
342.93333333
342.93333333
342.93333333
291.40000000
193.00000000
291.40000000
291.40000000
291.40000000
291.40000000
291.40000000
193.00000000
193.00000000
193.00000000
193.00000000
193.00000000
216.40000000
118.00000000
216.40000000
216.40000000
216.40000000
216.40000000
216.40000000
118.00000000
118.00000000
118.00000000
118.00000000
118.00000000
66.40000000
267.93333333
66.40000000
66.40000000
66.40000000
66.40000000
66.40000000
267.93333333
267.93333333
267.93333333
267.93333333
267.93333333
61.73333333
235.13333333
61.73333333
61.73333333
61.73333333
61.73333333
61.73333333
235.13333333
235.13333333
235.13333333
235.13333333
235.13333333
211.73333333
85.20000000
211.73333333
211.73333333
211.73333333
211.73333333
211.73333333
85.20000000
85.20000000
85.20000000
85.20000000
85.20000000
286.73333333
160.13333333
286.73333333
286.73333333
286.73333333
284.33333333
286.73333333
160.13333333
160.13333333
160.13333333
160.13333333
160.13333333
136.73333333
310.13333333
136.73333333
136.73333333
136.73333333
136.73333333
136.73333333
310.13333333
310.13333333
310.13333333
310.13333333
310.13333333
