nan
nan
nan
nan
nan
nan
nan
nan
nan
nan
nan
nan
nan
nan
nan
nan
nan
nan
nan
nan
nan
nan
nan
nan
nan
nan
nan
nan
nan
nan
nan
nan
nan
nan
nan
nan
nan
nan
nan
nan
nan
nan
nan
nan
nan
nan
nan
nan
-0.00094616
0.00571028
0.00576704
0.00763981
-0.00851999
-0.10770116
0.02770903
-0.00343450
0.00361569
-0.01407461
0.02121075
-0.01912422
-0.00418884
-0.00182769
-0.00396571
-0.00714176
-0.00012547
0.32650282
-0.00065742
0.01464007
-0.09398920
0.00860322
-0.00615714
-0.00039532
0.02282739
0.01348126
-0.01265251
-0.00732734
0.02281900
0.01683856
0.00297191
-0.01064669
0.01512199
0.00148973
-0.00375023
0.00044495
0.00593550
0.00256941
0.01767094
0.01846141
-0.01136712
0.00011373
0.02341508
0.01439437
0.01113104
-0.02922458
-0.00008401
-0.00131305
0.00287904
0.01069244
0.01467347
-0.00757661
0.00572676
0.01551845
0.00818618
0.00469243
0.00026710
0.00221766
-0.02661913
0.00863477
-0.00383826
-0.00950311
0.00818034
0.00595965
-0.00038744
-0.00924673
-0.01396758
0.01325259
0.00956768
0.00379730
-0.00562371
0.00909150
-0.01254662
0.00169814
0.01146916
0.01129918
0.01849028
0.07936286
0.00647399
0.00011302
0.00255043
0.00564503
0.00513209
0.00470718
-0.00480388
0.01440328
-0.00441217
0.03299607
-0.01055429
-0.01814071
0.01020008
0.00469582
0.02672201
-0.00368399
0.00210994
0.00436210
-0.00109606
-0.00686882
0.00236735
0.00621056
0.01268926
-0.00974774
-0.00783739
-0.00235121
-0.00838643
-0.00140298
-0.00682748
-0.00043044
-0.01695743
0.01068784
-0.01177713
-0.01132306
-0.00912080
-0.01277082
-0.01364573
-0.00052220
0.00185766
-0.01720734
0.01794964
-0.00558139
0.00943542
0.00413087
0.00430182
0.00443392
-0.01274731
-0.00476340
0.00196834
0.01796861
0.00837716
0.01414226
0.01842773
0.01321261
0.01617754
-0.01630576
-0.03118165
0.00691836
-0.03424889
-0.00232144
-0.00246019
0.00248833
-0.02871137
0.00385139
0.01007311
0.00217225
0.06899430
0.09120526
0.06616015
0.05433872
0.04502354
0.06686692
0.06966857
0.09547224
0.10384288
0.09547842
0.09778633
0.09642620
0.04579571
-0.02600832
-0.18082146
-0.09879028
0.04636541
0.09113173
-0.17658059
-0.07216924
-0.08756644
-0.06659970
-0.09757149
-0.07184402
-0.12797602
-0.06364687
-0.12404270
-0.12512894
-0.12913940
-0.12855572
-0.13019117
-0.06067362
-0.05603166
-0.05808004
-0.06667274
-0.06293229
0.07857389
0.08091883
0.08756997
0.07933880
0.08198903
0.07903213
0.06865449
0.06395630
0.08203040
0.08525370
0.08053203
0.06816370
0.07198560
0.13372036
0.07269475
0.09074756
0.07513991
0.05278231
-0.07047068
-0.12876545
0.14140296
-0.12773253
0.10916528
-0.12885076
-0.09715553
-0.08972806
-0.10786768
0.05329526
-0.08954731
0.10533702
0.09252209
0.07965110
0.07521161
0.07970733
0.00193102
0.08238669
-0.10884375
-0.06659496
-0.04204728
0.22940648
-0.07413103
0.07922086
0.07909596
0.07691489
0.05609734
0.06296124
0.04326684
0.06827385
-0.05604031
-0.09656558
-0.04237537
0.04594821
-0.04560006
-0.05655090
-0.05892482
-0.08933329
-0.10195018
-0.10555569
0.06379787
-0.10162727
-0.07424759
-0.12751252
-0.07053858
-0.07121000
-0.03616641
0.11479036
-0.07676302
-0.12205097
0.11171108
-0.12697991
-0.13167069
-0.12789251
-0.12506765
-0.06926239
-0.13087262
0.13603646
-0.12727265
-0.12627383
-0.16895708
-0.09489252
-0.06891582
-0.10396293
0.06454843
-0.12228123
0.15560387
0.09930441
0.15344908
0.15272702
0.15188723
0.09843919
0.14304030
0.11628563
0.11206296
0.15425123
0.10585864
0.06889578
-0.10511557
-0.14742403
-0.10539047
-0.08844140
-0.10999299
0.01553607
0.09864321
0.14963480
0.15488932
0.14374116
-0.16907513
0.14802493
-0.05996524
-0.06965772
-0.05937152
-0.01078617
-0.06555608
-0.05828158
0.05902106
-0.15059434
-0.06344848
0.03816353
0.15692767
0.06871951
0.06772218
0.04627190
0.06411936
0.05567997
0.06626719
0.05479485
-0.05146348
0.00098047
0.02565077
-0.04578257
0.05447721
-0.02287925
0.10001908
-0.07580792
-0.11600946
-0.07299906
0.10935118
0.06106178
-0.06958145
-0.01257866
0.05662870
-0.04436954
-0.05737497
-0.04916316
0.14966873
0.07959555
0.00475334
-0.01856334
0.08934101
0.01173830
-0.00108466
-0.06062771
0.06916418
-0.02410198
-0.06223524
-0.06718566
0.11899580
0.13233484
0.12141033
0.12064123
0.11855850
0.12258072
0.11869521
0.13324866
0.13558367
0.13265081
0.13378832
0.13433831
-0.22626568
-0.09523962
-0.23270211
-0.23009810
-0.23192744
-0.21269136
-0.22929130
-0.09719226
-0.09611943
-0.09579982
-0.09950052
-0.09212448
0.14419498
-0.05293387
-0.04141748
0.23156385
0.13288992
-0.15449937
-0.21026101
-0.10471641
0.06816133
-0.07421393
-0.05697745
-0.06733581
0.09730401
0.12832987
0.17672645
0.17218674
0.10996866
0.15152074
0.16628781
0.12334836
0.10749266
0.10376983
-0.12653720
0.11752796
-0.08449351
-0.19076487
-0.09500479
0.09069327
-0.09163553
-0.09449528
-0.08904610
-0.20260866
-0.20538689
-0.20754947
0.12369929
-0.20541336
-0.12319015
-0.04287952
-0.13455937
0.22931717
-0.14600385
0.14444960
0.13320091
0.17071237
0.16298987
0.16829667
-0.18062227
0.16396825
-0.13512117
-0.07605614
-0.12337879
0.17706687
-0.12984472
-0.10829470
0.12735331
0.12000673
-0.10741026
0.15946512
0.01267269
0.12850797
0.06244901
0.22521857
0.06281352
0.12590486
0.06972286
-0.14254556
-0.07662621
-0.22453648
-0.20044569
-0.22900214
0.23665569
-0.23097862
-0.08079317
-0.13422566
-0.08970619
-0.07580524
-0.09634730
-0.15986481
-0.17554676
0.19889606
-0.14587488
0.12044904
-0.12519457
-0.00754133
0.12929454
0.07877847
0.12679709
0.12652146
0.12951905
-0.11142270
0.20151219
-0.08059958
-0.02966427
-0.05637413
0.08700861
0.07040684
-0.10407642
-0.11163844
-0.10755961
0.10952538
-0.10580869
-0.10394793
0.07703849
0.10301506
-0.11830316
0.06754473
0.08048683
-0.14713662
-0.11893613
-0.11003012
-0.09901963
-0.11063722
-0.09749174
0.10688021
0.18335269
0.19399494
0.15379019
0.29702977
-0.10131648
0.24331826
0.19273395
-0.04049662
-0.03362771
-0.06605686
0.17529619
0.20396438
-0.07787722
-0.14082452
0.13375304
0.08803575
-0.01279381
-0.11282176
0.14796497
0.11961371
0.21280590
-0.17271879
0.20368367
-0.17689492
-0.18314479
-0.07064778
-0.05585391
-0.09009845
-0.11528995
-0.09465377
0.12573780
0.10553490
0.12123290
0.12777821
0.12787942
0.07633141
0.12754269
0.09966797
0.10801763
0.10235066
0.11132518
0.10956250
-0.07842929
-0.18128614
-0.09183795
0.08247733
-0.08549304
-0.08877219
0.11364148
0.25094481
-0.17603399
0.21811921
0.15772800
0.13447143
0.00727203
0.02372649
0.02642776
-0.00552010
0.01959709
0.03645688
0.03969943
0.02155187
0.02427056
0.02410857
0.14478843
0.01884769
-0.03677215
-0.03376240
-0.03508924
-0.11963125
-0.03518445
-0.03103589
0.06340811
0.04660160
-0.02529687
0.04324448
-0.15850425
0.02152712
-0.05743010
-0.04665028
-0.29354817
0.10871019
-0.06068598
-0.03718581
0.06985004
-0.04639393
0.04923011
0.18404769
-0.11996756
0.06315114
-0.00306538
0.01254598
-0.01412712
-0.02527397
-0.02904823
-0.02496708
-0.03322536
-0.05617508
-0.02113832
-0.02686368
0.11596011
-0.02683184
0.07673545
0.05787575
0.07604731
0.06874899
0.06914694
-0.02253086
0.11978325
0.04767605
-0.07117723
0.05593024
0.05492576
0.10934647
0.08341405
0.08488775
0.08458555
-0.07352658
0.08968476
0.07256215
0.04321010
0.07724646
0.08128021
0.07331511
-0.09077182
0.06805068
-0.08443949
-0.07670825
-0.08078320
-0.08583439
-0.08284779
-0.07814746
0.06649685
0.06956077
-0.06271094
0.05215106
-0.07927443
0.03558168
0.06192682
0.07226807
0.05924090
0.04770987
0.05692670
0.02830285
0.05390432
0.01342648
-0.07151646
-0.11384183
0.07042945
0.08479077
-0.02194878
-0.03524375
-0.02865327
-0.03239240
-0.03621248
-0.03397164
0.07542655
0.08225767
-0.01685110
0.00982304
-0.04899324
0.02763496
0.03367231
0.06973107
0.03536647
-0.04719496
0.04463392
0.03526976
-0.04703016
-0.05151116
0.05558900
-0.05097617
-0.04561595
-0.04960316
0.05009137
0.06258220
0.05014817
0.05286531
0.04711227
-0.04916777
-0.04959372
-0.05263228
-0.03484682
-0.04531460
0.07548961
-0.05431639
0.03887808
-0.00873023
0.13946438
0.03219534
0.03401875
0.03706154
0.03884102
0.02851386
0.01660036
0.03103697
0.07165805
0.01530918
0.07726698
0.14218898
-0.10940556
-0.03407231
-0.20312885
-0.03558274
-0.03941931
-0.03552027
-0.05948359
-0.05399216
-0.05269856
-0.04350872
0.13132967
-0.12615026
-0.22022332
0.05674187
0.23368564
-0.04688779
0.05384260
0.05098136
-0.05270054
0.05599400
0.05333653
0.04770709
0.04222178
0.03454935
0.05093183
0.01605511
0.05199510
0.04528366
0.04453469
0.04249302
0.03908867
0.04039044
0.03973019
0.03321468
-0.04401410
-0.01649742
-0.03182096
-0.02174536
-0.03081701
-0.01459475
-0.01495551
-0.02172560
-0.00562164
-0.02442435
-0.02614774
-0.02529591
0.11776622
0.08040855
0.13746556
-0.17455269
0.12838486
0.18814814
0.13410533
0.07212987
0.07630758
0.10716381
-0.08184549
0.09439212
0.31063120
0.07972792
0.32021302
0.31727623
0.31216697
-0.30713509
0.32159617
0.06203383
-0.10472050
0.07276557
0.09622343
0.09897420
0.48107627
0.08222799
0.47348551
0.46578038
0.47106773
-0.48293841
-0.10976529
-0.18708637
-0.09338664
-0.04800215
0.08281411
0.13316055
-0.25806026
-0.06579923
-0.25722387
-0.25059850
-0.25647200
-0.26246840
0.24046869
0.10761055
-0.07553400
0.03004412
-0.08110475
0.06838331
0.07048745
-0.09712996
-0.11715431
-0.15573974
0.17768404
0.15327953
0.06085917
-0.12875238
-0.12864635
0.06750752
0.09621549
0.06894205
-0.02694121
0.20219221
-0.02247498
-0.02133927
-0.03572010
-0.03089319
-0.06626047
0.18901245
0.20161643
0.16797847
0.20192935
0.23641037
0.12104142
0.11708599
0.13931815
0.16701434
0.13793894
-0.12789525
-0.12583350
-0.13907200
-0.13310037
-0.13564523
0.17375541
-0.13043979
0.07696362
0.08895756
0.11365671
0.01664694
0.08141582
-0.09413117
-0.06856600
-0.07923459
0.00455105
-0.11797036
0.06917398
-0.06454193
-0.12288709
-0.04457689
-0.15851287
0.10058105
-0.10042095
-0.09714803
0.09890536
0.08172145
-0.08693902
0.09083170
0.08658786
0.07883301
-0.16133834
-0.13053543
-0.13955106
-0.11887472
-0.10108371
-0.12059310
-0.12056410
-0.14060772
-0.16192039
-0.13768699
-0.14232776
-0.13055361
0.03493969
-0.15509741
0.04032827
0.04714623
0.03990607
0.04413027
0.04967112
-0.14404783
-0.16034139
-0.14582939
-0.15047980
-0.14436514
0.13834797
0.12338199
0.12160625
0.15786983
0.13943350
0.12701101
0.13884967
0.12051976
0.11399380
0.12611566
0.14427444
0.11033904
0.11049728
0.04372520
0.11497943
-0.12006275
0.10712454
-0.10675563
-0.13137599
-0.03313885
-0.03491527
-0.05367050
-0.04222056
-0.05034018
-0.19243386
-0.09488626
-0.19240914
-0.16639034
-0.19195150
-0.18798593
0.17779632
0.09907503
-0.09507160
0.09456153
-0.11405571
0.09345785
0.15215273
0.09441882
0.15241802
0.14860475
0.13543670
0.14041920
0.14226063
0.10170396
0.09979090
0.09142886
0.08612267
0.09941124
0.05363266
0.06012956
0.08506707
0.08026795
0.08364549
-0.06829918
-0.07648848
-0.07025880
-0.06682308
-0.08103160
0.06744758
-0.06548747
-0.02498331
-0.03861703
0.01173991
0.08029038
-0.00728783
0.03821900
0.03667397
0.02142363
0.01878284
0.02046852
0.03444570
0.02812262
-0.06414863
-0.00210406
-0.06317885
-0.20872321
-0.07395214
-0.06612275
-0.06172082
0.00099510
-0.01561883
0.01243363
-0.10498117
-0.00358827
0.09041437
0.01709601
0.09048171
0.34684353
0.08733387
0.00288539
-0.09759444
-0.00725244
-0.15051618
-0.01467512
0.09761885
-0.00491936
-0.06582607
-0.06251722
-0.05809910
-0.22477168
-0.06377972
-0.09647221
0.06867039
0.02936394
0.04791586
0.01625877
-0.05407905
0.00587655
-0.05577644
-0.01661441
-0.05148797
-0.05739904
-0.06380812
-0.06381779
-0.05620330
-0.01960453
-0.02381785
-0.02036652
-0.00997199
-0.01496145
0.07015076
0.02180935
0.06298879
0.07515901
0.07427040
0.06908347
0.06624538
0.02258657
0.02234326
0.02967510
0.02787037
0.02085306
-0.02139771
-0.02918771
0.05401497
0.07350921
-0.08475253
-0.02435400
-0.11467518
0.03166158
-0.35786129
-0.03308145
-0.06042616
-0.05605376
0.03078024
0.05207782
-0.07011900
-0.03940810
-0.11625391
-0.16972065
-0.04426412
-0.01560463
0.25363200
-0.00974286
-0.00712872
-0.01066724
-0.04115721
-0.03114132
-0.05208652
-0.06543260
-0.07582741
-0.07501589
-0.05697028
-0.02586280
-0.04376625
-0.01743649
-0.02847932
-0.02040806
0.26552974
-0.21822976
-0.06066708
-0.09046888
0.11190977
-0.00787609
-0.06771117
-0.01367306
-0.18481155
-0.04493360
-0.08006551
0.00484196
-0.11310463
-0.01023529
-0.10532390
-0.08775855
-0.11995413
-0.11492049
-0.14342727
0.05131773
-0.01702370
-0.00067829
-0.08271530
-0.01275716
0.08875629
0.02057916
0.08485143
0.08412092
0.08600233
0.09175795
0.08679908
0.03299284
0.01313236
0.00665123
0.02688959
0.03237089
0.03300327
0.08228242
0.03029576
0.04627128
0.04541035
0.02133195
0.14051395
0.08818472
0.16522613
0.09153091
0.08019778
0.10602108
-0.08003330
-0.04608916
-0.04537965
-0.06071550
-0.06645029
0.05626357
0.06356939
0.04221930
0.05242072
0.04501968
-0.05845288
0.04324693
-0.10134817
-0.01967499
-0.01636330
-0.05568982
-0.05405559
0.05074719
0.05069164
0.04410813
0.04277464
0.02478907
-0.02551209
0.03453093
-0.04573447
-0.05134427
0.00185698
0.04131364
-0.02604729
-0.03131239
0.05940345
0.07298684
-0.06437986
0.06042531
0.07168236
0.06684469
-0.03384392
-0.05430386
0.00770370
-0.00353777
-0.03793919
0.01605491
0.01270657
0.07365038
0.07069045
0.06696214
0.09398632
0.06278957
0.02284758
0.03812499
0.02310530
-0.01267609
0.02245023
0.05120709
-0.01850219
-0.05068625
0.02115406
-0.04369093
0.04821014
-0.04169461
-0.02816952
-0.06210226
-0.02542918
0.00649081
-0.03440703
-0.06257177
-0.02245991
-0.06152708
-0.06146554
-0.05850449
0.07078372
-0.05800284
-0.02293630
-0.11482490
-0.01144593
-0.04391801
-0.02816692
0.02217999
0.00900240
0.09621219
0.10649343
0.09241103
0.10335399
0.08800641
