100.0000 0.0000 10.0000 0.0000 10.0000
100.0000 0.0000 10.0000 0.0000 10.0000
100.0000 0.0000 10.0000 0.0000 10.0000
100.0000 0.0000 10.0000 0.0000 10.0000
100.0000 0.0000 10.0000 0.0000 10.0000
100.0000 0.0000 10.0000 0.0000 10.0000
100.0000 0.0000 10.0000 0.0000 10.0000
100.0000 0.0000 10.0000 0.0000 10.0000
100.0000 0.0000 10.0000 0.0000 10.0000
100.0000 0.0000 10.0000 0.0000 10.0000
100.0000 0.0000 10.0000 0.0000 10.0000
100.0000 0.0000 10.0000 0.0000 10.0000
400.0000 250.0000 45.0000 0.5000 45.0000
400.0000 250.0000 45.0000 0.5000 45.0000
400.0000 250.0000 45.0000 0.5000 45.0000
400.0000 250.0000 45.0000 0.5000 45.0000
400.0000 250.0000 45.0000 0.5000 45.0000
400.0000 250.0000 45.0000 0.5000 45.0000
400.0000 250.0000 45.0000 0.5000 45.0000
400.0000 250.0000 45.0000 0.5000 45.0000
400.0000 250.0000 45.0000 0.5000 45.0000
400.0000 250.0000 45.0000 0.5000 45.0000
400.0000 250.0000 45.0000 0.5000 45.0000
400.0000 250.0000 45.0000 0.5000 45.0000
550.0000 125.0000 27.5000 0.2500 62.5000
550.0000 125.0000 27.5000 0.2500 62.5000
550.0000 125.0000 27.5000 0.2500 62.5000
550.0000 125.0000 62.5000 0.2500 62.5000
550.0000 125.0000 27.5000 0.7500 62.5000
550.0000 125.0000 27.5000 0.2500 62.5000
550.0000 125.0000 62.5000 0.7500 62.5000
550.0000 125.0000 62.5000 0.7500 62.5000
550.0000 125.0000 27.5000 0.7500 62.5000
550.0000 125.0000 62.5000 0.2500 62.5000
550.0000 125.0000 62.5000 0.7500 62.5000
550.0000 125.0000 62.5000 0.7500 62.5000
250.0000 375.0000 62.5000 0.7500 27.5000
250.0000 375.0000 62.5000 0.7500 27.5000
250.0000 375.0000 62.5000 0.7500 27.5000
250.0000 375.0000 27.5000 0.7500 27.5000
250.0000 375.0000 62.5000 0.2500 27.5000
250.0000 375.0000 62.5000 0.7500 27.5000
250.0000 375.0000 27.5000 0.2500 27.5000
250.0000 375.0000 27.5000 0.2500 27.5000
250.0000 375.0000 62.5000 0.2500 27.5000
250.0000 375.0000 27.5000 0.7500 27.5000
250.0000 375.0000 27.5000 0.2500 27.5000
250.0000 375.0000 27.5000 0.2500 27.5000
325.0000 187.5000 53.7500 0.8750 36.2500
175.0000 187.5000 53.7500 0.8750 36.2500
325.0000 187.5000 53.7500 0.8750 36.2500
325.0000 187.5000 71.2500 0.8750 36.2500
325.0000 187.5000 53.7500 0.8750 36.2500
325.0000 187.5000 53.7500 0.8750 53.7500
325.0000 187.5000 71.2500 0.8750 53.7500
175.0000 187.5000 71.2500 0.8750 53.7500
175.0000 187.5000 53.7500 0.8750 53.7500
175.0000 187.5000 71.2500 0.8750 53.7500
175.0000 187.5000 71.2500 0.8750 36.2500
175.0000 187.5000 71.2500 0.8750 53.7500
625.0000 437.5000 18.7500 0.3750 71.2500
475.0000 437.5000 18.7500 0.3750 71.2500
625.0000 437.5000 18.7500 0.3750 71.2500
625.0000 437.5000 36.2500 0.3750 71.2500
625.0000 437.5000 18.7500 0.3750 71.2500
625.0000 437.5000 18.7500 0.3750 18.7500
625.0000 437.5000 36.2500 0.3750 18.7500
475.0000 437.5000 36.2500 0.3750 18.7500
475.0000 437.5000 18.7500 0.3750 18.7500
475.0000 437.5000 36.2500 0.3750 18.7500
475.0000 437.5000 36.2500 0.3750 71.2500
475.0000 437.5000 36.2500 0.3750 18.7500
475.0000 62.5000 71.2500 0.6250 53.7500
625.0000 62.5000 71.2500 0.6250 53.7500
475.0000 62.5000 71.2500 0.6250 53.7500
475.0000 62.5000 18.7500 0.6250 53.7500
475.0000 62.5000 71.2500 0.1250 53.7500
475.0000 62.5000 71.2500 0.6250 36.2500
475.0000 62.5000 18.7500 0.1250 36.2500
625.0000 62.5000 18.7500 0.1250 36.2500
625.0000 62.5000 71.2500 0.1250 36.2500
625.0000 62.5000 18.7500 0.6250 36.2500
625.0000 62.5000 18.7500 0.1250 53.7500
625.0000 62.5000 18.7500 0.1250 36.2500
175.0000 312.5000 36.2500 0.1250 18.7500
325.0000 312.5000 36.2500 0.1250 18.7500
175.0000 312.5000 36.2500 0.1250 18.7500
175.0000 312.5000 53.7500 0.1250 18.7500
175.0000 312.5000 36.2500 0.6250 18.7500
175.0000 312.5000 36.2500 0.1250 71.2500
175.0000 312.5000 53.7500 0.6250 71.2500
325.0000 312.5000 53.7500 0.6250 71.2500
325.0000 312.5000 36.2500 0.6250 71.2500
325.0000 312.5000 53.7500 0.1250 71.2500
325.0000 312.5000 53.7500 0.6250 18.7500
325.0000 312.5000 53.7500 0.6250 71.2500
212.5000 156.2500 75.6250 0.4375 49.3750
287.5000 156.2500 75.6250 0.4375 49.3750
212.5000 218.7500 75.6250 0.4375 49.3750
212.5000 156.2500 75.6250 0.4375 49.3750
212.5000 156.2500 75.6250 0.9375 49.3750
212.5000 156.2500 75.6250 0.4375 31.8750
212.5000 218.7500 75.6250 0.9375 31.8750
287.5000 156.2500 75.6250 0.9375 31.8750
287.5000 218.7500 75.6250 0.9375 31.8750
287.5000 218.7500 75.6250 0.4375 31.8750
287.5000 218.7500 75.6250 0.9375 49.3750
287.5000 218.7500 75.6250 0.9375 31.8750
512.5000 406.2500 40.6250 0.9375 14.3750
587.5000 406.2500 40.6250 0.9375 14.3750
512.5000 468.7500 40.6250 0.9375 14.3750
512.5000 406.2500 40.6250 0.9375 14.3750
512.5000 406.2500 40.6250 0.4375 14.3750
512.5000 406.2500 40.6250 0.9375 66.8750
512.5000 468.7500 40.6250 0.4375 66.8750
587.5000 406.2500 40.6250 0.4375 66.8750
587.5000 468.7500 40.6250 0.4375 66.8750
587.5000 468.7500 40.6250 0.9375 66.8750
587.5000 468.7500 40.6250 0.4375 14.3750
587.5000 468.7500 40.6250 0.4375 66.8750
662.5000 31.2500 58.1250 0.1875 31.8750
437.5000 31.2500 58.1250 0.1875 31.8750
662.5000 93.7500 58.1250 0.1875 31.8750
662.5000 31.2500 23.1250 0.1875 31.8750
662.5000 31.2500 58.1250 0.1875 31.8750
662.5000 31.2500 58.1250 0.1875 49.3750
662.5000 93.7500 23.1250 0.1875 49.3750
437.5000 31.2500 23.1250 0.1875 49.3750
437.5000 93.7500 58.1250 0.1875 49.3750
437.5000 93.7500 23.1250 0.1875 49.3750
437.5000 93.7500 23.1250 0.1875 31.8750
437.5000 93.7500 23.1250 0.1875 49.3750
362.5000 281.2500 23.1250 0.6875 66.8750
137.5000 281.2500 23.1250 0.6875 66.8750
362.5000 343.7500 23.1250 0.6875 66.8750
362.5000 281.2500 58.1250 0.6875 66.8750
362.5000 281.2500 23.1250 0.6875 66.8750
362.5000 281.2500 23.1250 0.6875 14.3750
362.5000 343.7500 58.1250 0.6875 14.3750
137.5000 281.2500 58.1250 0.6875 14.3750
137.5000 343.7500 23.1250 0.6875 14.3750
137.5000 343.7500 58.1250 0.6875 14.3750
137.5000 343.7500 58.1250 0.6875 66.8750
137.5000 343.7500 58.1250 0.6875 14.3750
287.5000 93.7500 31.8750 0.5625 75.6250
362.5000 93.7500 31.8750 0.5625 75.6250
287.5000 31.2500 31.8750 0.5625 75.6250
287.5000 93.7500 14.3750 0.5625 75.6250
287.5000 93.7500 31.8750 0.0625 75.6250
287.5000 93.7500 31.8750 0.5625 75.6250
287.5000 31.2500 14.3750 0.0625 75.6250
362.5000 93.7500 14.3750 0.0625 75.6250
362.5000 31.2500 31.8750 0.0625 75.6250
362.5000 31.2500 14.3750 0.5625 75.6250
362.5000 31.2500 14.3750 0.0625 75.6250
362.5000 31.2500 14.3750 0.0625 75.6250
587.5000 343.7500 66.8750 0.0625 40.6250
662.5000 343.7500 66.8750 0.0625 40.6250
587.5000 281.2500 66.8750 0.0625 40.6250
587.5000 343.7500 49.3750 0.0625 40.6250
587.5000 343.7500 66.8750 0.5625 40.6250
587.5000 343.7500 66.8750 0.0625 40.6250
587.5000 281.2500 49.3750 0.5625 40.6250
662.5000 343.7500 49.3750 0.5625 40.6250
662.5000 281.2500 66.8750 0.5625 40.6250
662.5000 281.2500 49.3750 0.0625 40.6250
662.5000 281.2500 49.3750 0.5625 40.6250
662.5000 281.2500 49.3750 0.5625 40.6250
437.5000 218.7500 14.3750 0.8125 23.1250
512.5000 218.7500 14.3750 0.8125 23.1250
437.5000 156.2500 14.3750 0.8125 23.1250
437.5000 218.7500 66.8750 0.8125 23.1250
437.5000 218.7500 14.3750 0.8125 23.1250
437.5000 218.7500 14.3750 0.8125 23.1250
437.5000 156.2500 66.8750 0.8125 23.1250
512.5000 218.7500 66.8750 0.8125 23.1250
512.5000 156.2500 14.3750 0.8125 23.1250
512.5000 156.2500 66.8750 0.8125 23.1250
512.5000 156.2500 66.8750 0.8125 23.1250
512.5000 156.2500 66.8750 0.8125 23.1250
137.5000 468.7500 49.3750 0.3125 58.1250
212.5000 468.7500 49.3750 0.3125 58.1250
137.5000 406.2500 49.3750 0.3125 58.1250
137.5000 468.7500 31.8750 0.3125 58.1250
137.5000 468.7500 49.3750 0.3125 58.1250
137.5000 468.7500 49.3750 0.3125 58.1250
137.5000 406.2500 31.8750 0.3125 58.1250
212.5000 468.7500 31.8750 0.3125 58.1250
212.5000 406.2500 49.3750 0.3125 58.1250
212.5000 406.2500 31.8750 0.3125 58.1250
212.5000 406.2500 31.8750 0.3125 58.1250
212.5000 406.2500 31.8750 0.3125 58.1250
156.2500 234.3750 42.8125 0.6562 29.6875
681.2500 234.3750 42.8125 0.6562 29.6875
156.2500 265.6250 42.8125 0.6562 29.6875
156.2500 234.3750 69.0625 0.6562 29.6875
156.2500 234.3750 42.8125 0.4688 29.6875
156.2500 234.3750 42.8125 0.6562 20.9375
156.2500 265.6250 69.0625 0.4688 20.9375
681.2500 234.3750 69.0625 0.4688 20.9375
681.2500 265.6250 42.8125 0.4688 20.9375
681.2500 265.6250 69.0625 0.6562 20.9375
681.2500 265.6250 69.0625 0.4688 29.6875
681.2500 265.6250 69.0625 0.4688 20.9375
456.2500 484.3750 77.8125 0.1562 64.6875
381.2500 484.3750 77.8125 0.1562 64.6875
456.2500 15.6250 77.8125 0.1562 64.6875
456.2500 484.3750 34.0625 0.1562 64.6875
456.2500 484.3750 77.8125 0.9688 64.6875
456.2500 484.3750 77.8125 0.1562 55.9375
456.2500 15.6250 34.0625 0.9688 55.9375
381.2500 484.3750 34.0625 0.9688 55.9375
381.2500 15.6250 77.8125 0.9688 55.9375
381.2500 15.6250 34.0625 0.1562 55.9375
381.2500 15.6250 34.0625 0.9688 64.6875
381.2500 15.6250 34.0625 0.9688 55.9375
606.2500 109.3750 25.3125 0.9062 47.1875
231.2500 109.3750 25.3125 0.9062 47.1875
606.2500 390.6250 25.3125 0.9062 47.1875
606.2500 109.3750 16.5625 0.9062 47.1875
606.2500 109.3750 25.3125 0.7188 47.1875
606.2500 109.3750 25.3125 0.9062 73.4375
606.2500 390.6250 16.5625 0.7188 73.4375
231.2500 109.3750 16.5625 0.7188 73.4375
231.2500 390.6250 25.3125 0.7188 73.4375
231.2500 390.6250 16.5625 0.9062 73.4375
231.2500 390.6250 16.5625 0.7188 47.1875
231.2500 390.6250 16.5625 0.7188 73.4375
306.2500 359.3750 60.3125 0.4062 12.1875
531.2500 359.3750 60.3125 0.4062 12.1875
306.2500 140.6250 60.3125 0.4062 12.1875
306.2500 359.3750 51.5625 0.4062 12.1875
306.2500 359.3750 60.3125 0.2188 12.1875
306.2500 359.3750 60.3125 0.4062 38.4375
306.2500 140.6250 51.5625 0.2188 38.4375
531.2500 359.3750 51.5625 0.2188 38.4375
531.2500 140.6250 60.3125 0.2188 38.4375
531.2500 140.6250 51.5625 0.4062 38.4375
531.2500 140.6250 51.5625 0.2188 12.1875
531.2500 140.6250 51.5625 0.2188 38.4375
381.2500 46.8750 69.0625 0.2812 20.9375
606.2500 46.8750 69.0625 0.2812 20.9375
381.2500 453.1250 69.0625 0.2812 20.9375
381.2500 46.8750 25.3125 0.2812 20.9375
381.2500 46.8750 69.0625 0.5938 20.9375
381.2500 46.8750 69.0625 0.2812 47.1875
381.2500 453.1250 25.3125 0.5938 47.1875
606.2500 46.8750 25.3125 0.5938 47.1875
606.2500 453.1250 69.0625 0.5938 47.1875
606.2500 453.1250 25.3125 0.2812 47.1875
606.2500 453.1250 25.3125 0.5938 20.9375
606.2500 453.1250 25.3125 0.5938 47.1875
681.2500 296.8750 34.0625 0.7812 55.9375
306.2500 296.8750 34.0625 0.7812 55.9375
681.2500 203.1250 34.0625 0.7812 55.9375
681.2500 296.8750 60.3125 0.7812 55.9375
681.2500 296.8750 34.0625 0.0938 55.9375
681.2500 296.8750 34.0625 0.7812 12.1875
681.2500 203.1250 60.3125 0.0938 12.1875
306.2500 296.8750 60.3125 0.0938 12.1875
306.2500 203.1250 34.0625 0.0938 12.1875
306.2500 203.1250 60.3125 0.7812 12.1875
306.2500 203.1250 60.3125 0.0938 55.9375
306.2500 203.1250 60.3125 0.0938 12.1875
531.2500 171.8750 51.5625 0.0312 73.4375
156.2500 171.8750 51.5625 0.0312 73.4375
531.2500 328.1250 51.5625 0.0312 73.4375
531.2500 171.8750 77.8125 0.0312 73.4375
531.2500 171.8750 51.5625 0.3438 73.4375
531.2500 171.8750 51.5625 0.0312 29.6875
531.2500 328.1250 77.8125 0.3438 29.6875
156.2500 171.8750 77.8125 0.3438 29.6875
156.2500 328.1250 51.5625 0.3438 29.6875
156.2500 328.1250 77.8125 0.0312 29.6875
156.2500 328.1250 77.8125 0.3438 73.4375
156.2500 328.1250 77.8125 0.3438 29.6875
231.2500 421.8750 16.5625 0.5312 38.4375
456.2500 421.8750 16.5625 0.5312 38.4375
231.2500 78.1250 16.5625 0.5312 38.4375
231.2500 421.8750 42.8125 0.5312 38.4375
231.2500 421.8750 16.5625 0.8438 38.4375
231.2500 421.8750 16.5625 0.5312 64.6875
231.2500 78.1250 42.8125 0.8438 64.6875
456.2500 421.8750 42.8125 0.8438 64.6875
456.2500 78.1250 16.5625 0.8438 64.6875
456.2500 78.1250 42.8125 0.5312 64.6875
456.2500 78.1250 42.8125 0.8438 38.4375
456.2500 78.1250 42.8125 0.8438 64.6875
193.7500 78.1250 47.1875 0.8438 69.0625
493.7500 78.1250 47.1875 0.8438 69.0625
193.7500 484.3750 47.1875 0.8438 69.0625
193.7500 78.1250 20.9375 0.8438 69.0625
193.7500 78.1250 47.1875 0.5312 69.0625
193.7500 78.1250 47.1875 0.8438 42.8125
193.7500 484.3750 20.9375 0.5312 42.8125
493.7500 78.1250 20.9375 0.5312 42.8125
493.7500 484.3750 47.1875 0.5312 42.8125
493.7500 484.3750 20.9375 0.8438 42.8125
493.7500 484.3750 20.9375 0.5312 69.0625
493.7500 484.3750 20.9375 0.5312 42.8125
493.7500 328.1250 12.1875 0.3438 34.0625
193.7500 328.1250 12.1875 0.3438 34.0625
493.7500 234.3750 12.1875 0.3438 34.0625
493.7500 328.1250 55.9375 0.3438 34.0625
493.7500 328.1250 12.1875 0.0312 34.0625
493.7500 328.1250 12.1875 0.3438 77.8125
493.7500 234.3750 55.9375 0.0312 77.8125
193.7500 328.1250 55.9375 0.0312 77.8125
193.7500 234.3750 12.1875 0.0312 77.8125
193.7500 234.3750 55.9375 0.3438 77.8125
193.7500 234.3750 55.9375 0.0312 34.0625
193.7500 234.3750 55.9375 0.0312 77.8125
643.7500 203.1250 64.6875 0.5938 16.5625
343.7500 203.1250 64.6875 0.5938 16.5625
643.7500 359.3750 64.6875 0.5938 16.5625
643.7500 203.1250 73.4375 0.5938 16.5625
643.7500 203.1250 64.6875 0.2812 16.5625
643.7500 203.1250 64.6875 0.5938 60.3125
643.7500 359.3750 73.4375 0.2812 60.3125
343.7500 203.1250 73.4375 0.2812 60.3125
343.7500 359.3750 64.6875 0.2812 60.3125
343.7500 359.3750 73.4375 0.5938 60.3125
343.7500 359.3750 73.4375 0.2812 16.5625
343.7500 359.3750 73.4375 0.2812 60.3125
343.7500 453.1250 29.6875 0.0938 51.5625
643.7500 453.1250 29.6875 0.0938 51.5625
343.7500 109.3750 29.6875 0.0938 51.5625
343.7500 453.1250 38.4375 0.0938 51.5625
343.7500 453.1250 29.6875 0.7812 51.5625
343.7500 453.1250 29.6875 0.0938 25.3125
343.7500 109.3750 38.4375 0.7812 25.3125
643.7500 453.1250 38.4375 0.7812 25.3125
643.7500 109.3750 29.6875 0.7812 25.3125
643.7500 109.3750 38.4375 0.0938 25.3125
643.7500 109.3750 38.4375 0.7812 51.5625
643.7500 109.3750 38.4375 0.7812 25.3125
268.7500 140.6250 20.9375 0.2188 60.3125
418.7500 140.6250 20.9375 0.2188 60.3125
268.7500 296.8750 20.9375 0.2188 60.3125
268.7500 140.6250 64.6875 0.2188 60.3125
268.7500 140.6250 20.9375 0.4062 60.3125
268.7500 140.6250 20.9375 0.2188 69.0625
268.7500 296.8750 64.6875 0.4062 69.0625
418.7500 140.6250 64.6875 0.4062 69.0625
418.7500 296.8750 20.9375 0.4062 69.0625
418.7500 296.8750 64.6875 0.2188 69.0625
418.7500 296.8750 64.6875 0.4062 60.3125
418.7500 296.8750 64.6875 0.4062 69.0625
568.7500 390.6250 55.9375 0.7188 25.3125
118.7500 390.6250 55.9375 0.7188 25.3125
568.7500 46.8750 55.9375 0.7188 25.3125
568.7500 390.6250 29.6875 0.7188 25.3125
568.7500 390.6250 55.9375 0.9062 25.3125
568.7500 390.6250 55.9375 0.7188 34.0625
568.7500 46.8750 29.6875 0.9062 34.0625
118.7500 390.6250 29.6875 0.9062 34.0625
118.7500 46.8750 55.9375 0.9062 34.0625
118.7500 46.8750 29.6875 0.7188 34.0625
118.7500 46.8750 29.6875 0.9062 25.3125
118.7500 46.8750 29.6875 0.9062 34.0625
418.7500 15.6250 38.4375 0.4688 42.8125
268.7500 15.6250 38.4375 0.4688 42.8125
418.7500 421.8750 38.4375 0.4688 42.8125
418.7500 15.6250 12.1875 0.4688 42.8125
418.7500 15.6250 38.4375 0.6562 42.8125
418.7500 15.6250 38.4375 0.4688 16.5625
418.7500 421.8750 12.1875 0.6562 16.5625
268.7500 15.6250 12.1875 0.6562 16.5625
268.7500 421.8750 38.4375 0.6562 16.5625
268.7500 421.8750 12.1875 0.4688 16.5625
268.7500 421.8750 12.1875 0.6562 42.8125
268.7500 421.8750 12.1875 0.6562 16.5625
118.7500 265.6250 73.4375 0.9688 77.8125
568.7500 265.6250 73.4375 0.9688 77.8125
118.7500 171.8750 73.4375 0.9688 77.8125
118.7500 265.6250 47.1875 0.9688 77.8125
118.7500 265.6250 73.4375 0.1562 77.8125
118.7500 265.6250 73.4375 0.9688 51.5625
118.7500 171.8750 47.1875 0.1562 51.5625
568.7500 265.6250 47.1875 0.1562 51.5625
568.7500 171.8750 73.4375 0.1562 51.5625
568.7500 171.8750 47.1875 0.9688 51.5625
568.7500 171.8750 47.1875 0.1562 77.8125
568.7500 171.8750 47.1875 0.1562 51.5625
128.1250 132.8125 59.2188 0.5469 19.8438
653.1250 132.8125 59.2188 0.5469 19.8438
128.1250 398.4375 59.2188 0.5469 19.8438
128.1250 132.8125 57.0312 0.5469 19.8438
128.1250 132.8125 59.2188 0.9844 19.8438
128.1250 132.8125 59.2188 0.5469 13.2812
128.1250 398.4375 57.0312 0.9844 13.2812
653.1250 132.8125 57.0312 0.9844 13.2812
653.1250 398.4375 59.2188 0.9844 13.2812
653.1250 398.4375 57.0312 0.5469 13.2812
653.1250 398.4375 57.0312 0.9844 19.8438
653.1250 398.4375 57.0312 0.9844 13.2812
428.1250 382.8125 24.2188 0.0469 54.8438
353.1250 382.8125 24.2188 0.0469 54.8438
428.1250 148.4375 24.2188 0.0469 54.8438
428.1250 382.8125 22.0312 0.0469 54.8438
428.1250 382.8125 24.2188 0.4844 54.8438
428.1250 382.8125 24.2188 0.0469 48.2812
428.1250 148.4375 22.0312 0.4844 48.2812
353.1250 382.8125 22.0312 0.4844 48.2812
353.1250 148.4375 24.2188 0.4844 48.2812
353.1250 148.4375 22.0312 0.0469 48.2812
353.1250 148.4375 22.0312 0.4844 54.8438
353.1250 148.4375 22.0312 0.4844 48.2812
578.1250 7.8125 76.7188 0.7969 72.3438
203.1250 7.8125 76.7188 0.7969 72.3438
578.1250 273.4375 76.7188 0.7969 72.3438
578.1250 7.8125 39.5312 0.7969 72.3438
578.1250 7.8125 76.7188 0.2344 72.3438
578.1250 7.8125 76.7188 0.7969 65.7812
578.1250 273.4375 39.5312 0.2344 65.7812
203.1250 7.8125 39.5312 0.2344 65.7812
203.1250 273.4375 76.7188 0.2344 65.7812
203.1250 273.4375 39.5312 0.7969 65.7812
203.1250 273.4375 39.5312 0.2344 72.3438
203.1250 273.4375 39.5312 0.2344 65.7812
278.1250 257.8125 41.7188 0.2969 37.3438
503.1250 257.8125 41.7188 0.2969 37.3438
278.1250 23.4375 41.7188 0.2969 37.3438
278.1250 257.8125 74.5312 0.2969 37.3438
278.1250 257.8125 41.7188 0.7344 37.3438
278.1250 257.8125 41.7188 0.2969 30.7812
278.1250 23.4375 74.5312 0.7344 30.7812
503.1250 257.8125 74.5312 0.7344 30.7812
503.1250 23.4375 41.7188 0.7344 30.7812
503.1250 23.4375 74.5312 0.2969 30.7812
503.1250 23.4375 74.5312 0.7344 37.3438
503.1250 23.4375 74.5312 0.7344 30.7812
353.1250 70.3125 15.4688 0.4219 28.5938
578.1250 70.3125 15.4688 0.4219 28.5938
353.1250 335.9375 15.4688 0.4219 28.5938
353.1250 70.3125 30.7812 0.4219 28.5938
353.1250 70.3125 15.4688 0.1094 28.5938
353.1250 70.3125 15.4688 0.4219 57.0312
353.1250 335.9375 30.7812 0.1094 57.0312
578.1250 70.3125 30.7812 0.1094 57.0312
578.1250 335.9375 15.4688 0.1094 57.0312
578.1250 335.9375 30.7812 0.4219 57.0312
578.1250 335.9375 30.7812 0.1094 28.5938
578.1250 335.9375 30.7812 0.1094 57.0312
653.1250 320.3125 50.4688 0.9219 63.5938
278.1250 320.3125 50.4688 0.9219 63.5938
653.1250 85.9375 50.4688 0.9219 63.5938
653.1250 320.3125 65.7812 0.9219 63.5938
653.1250 320.3125 50.4688 0.6094 63.5938
653.1250 320.3125 50.4688 0.9219 22.0312
653.1250 85.9375 65.7812 0.6094 22.0312
278.1250 320.3125 65.7812 0.6094 22.0312
278.1250 85.9375 50.4688 0.6094 22.0312
278.1250 85.9375 65.7812 0.9219 22.0312
278.1250 85.9375 65.7812 0.6094 63.5938
278.1250 85.9375 65.7812 0.6094 22.0312
503.1250 195.3125 32.9688 0.1719 46.0938
128.1250 195.3125 32.9688 0.1719 46.0938
503.1250 460.9375 32.9688 0.1719 46.0938
503.1250 195.3125 48.2812 0.1719 46.0938
503.1250 195.3125 32.9688 0.8594 46.0938
503.1250 195.3125 32.9688 0.1719 39.5312
503.1250 460.9375 48.2812 0.8594 39.5312
128.1250 195.3125 48.2812 0.8594 39.5312
128.1250 460.9375 32.9688 0.8594 39.5312
128.1250 460.9375 48.2812 0.1719 39.5312
128.1250 460.9375 48.2812 0.8594 46.0938
128.1250 460.9375 48.2812 0.8594 39.5312
203.1250 445.3125 67.9688 0.6719 11.0938
428.1250 445.3125 67.9688 0.6719 11.0938
203.1250 210.9375 67.9688 0.6719 11.0938
203.1250 445.3125 13.2812 0.6719 11.0938
203.1250 445.3125 67.9688 0.3594 11.0938
203.1250 445.3125 67.9688 0.6719 74.5312
203.1250 210.9375 13.2812 0.3594 74.5312
428.1250 445.3125 13.2812 0.3594 74.5312
428.1250 210.9375 67.9688 0.3594 74.5312
428.1250 210.9375 13.2812 0.6719 74.5312
428.1250 210.9375 13.2812 0.3594 11.0938
428.1250 210.9375 13.2812 0.3594 74.5312
240.6250 39.0625 28.5938 0.9844 59.2188
540.6250 39.0625 28.5938 0.9844 59.2188
240.6250 367.1875 28.5938 0.9844 59.2188
240.6250 39.0625 35.1562 0.9844 59.2188
240.6250 39.0625 28.5938 0.0469 59.2188
240.6250 39.0625 28.5938 0.9844 35.1562
240.6250 367.1875 35.1562 0.0469 35.1562
540.6250 39.0625 35.1562 0.0469 35.1562
540.6250 367.1875 28.5938 0.0469 35.1562
540.6250 367.1875 35.1562 0.9844 35.1562
540.6250 367.1875 35.1562 0.0469 59.2188
540.6250 367.1875 35.1562 0.0469 35.1562
540.6250 289.0625 63.5938 0.4844 24.2188
240.6250 289.0625 63.5938 0.4844 24.2188
540.6250 117.1875 63.5938 0.4844 24.2188
540.6250 289.0625 70.1562 0.4844 24.2188
540.6250 289.0625 63.5938 0.5469 24.2188
540.6250 289.0625 63.5938 0.4844 70.1562
540.6250 117.1875 70.1562 0.5469 70.1562
240.6250 289.0625 70.1562 0.5469 70.1562
240.6250 117.1875 63.5938 0.5469 70.1562
240.6250 117.1875 70.1562 0.4844 70.1562
240.6250 117.1875 70.1562 0.5469 24.2188
240.6250 117.1875 70.1562 0.5469 70.1562
690.6250 164.0625 11.0938 0.7344 41.7188
390.6250 164.0625 11.0938 0.7344 41.7188
690.6250 492.1875 11.0938 0.7344 41.7188
690.6250 164.0625 52.6562 0.7344 41.7188
690.6250 164.0625 11.0938 0.7969 41.7188
690.6250 164.0625 11.0938 0.7344 52.6562
690.6250 492.1875 52.6562 0.7969 52.6562
390.6250 164.0625 52.6562 0.7969 52.6562
390.6250 492.1875 11.0938 0.7969 52.6562
390.6250 492.1875 52.6562 0.7344 52.6562
390.6250 492.1875 52.6562 0.7969 41.7188
390.6250 492.1875 52.6562 0.7969 52.6562
390.6250 414.0625 46.0938 0.2344 76.7188
690.6250 414.0625 46.0938 0.2344 76.7188
390.6250 242.1875 46.0938 0.2344 76.7188
390.6250 414.0625 17.6562 0.2344 76.7188
390.6250 414.0625 46.0938 0.2969 76.7188
390.6250 414.0625 46.0938 0.2344 17.6562
390.6250 242.1875 17.6562 0.2969 17.6562
690.6250 414.0625 17.6562 0.2969 17.6562
690.6250 242.1875 46.0938 0.2969 17.6562
690.6250 242.1875 17.6562 0.2344 17.6562
690.6250 242.1875 17.6562 0.2969 76.7188
690.6250 242.1875 17.6562 0.2969 17.6562
315.6250 226.5625 72.3438 0.1094 67.9688
465.6250 226.5625 72.3438 0.1094 67.9688
315.6250 429.6875 72.3438 0.1094 67.9688
315.6250 226.5625 61.4062 0.1094 67.9688
315.6250 226.5625 72.3438 0.9219 67.9688
315.6250 226.5625 72.3438 0.1094 78.9062
315.6250 429.6875 61.4062 0.9219 78.9062
465.6250 226.5625 61.4062 0.9219 78.9062
465.6250 429.6875 72.3438 0.9219 78.9062
465.6250 429.6875 61.4062 0.1094 78.9062
465.6250 429.6875 61.4062 0.9219 67.9688
465.6250 429.6875 61.4062 0.9219 78.9062
615.6250 476.5625 37.3438 0.6094 32.9688
165.6250 476.5625 37.3438 0.6094 32.9688
615.6250 179.6875 37.3438 0.6094 32.9688
615.6250 476.5625 26.4062 0.6094 32.9688
615.6250 476.5625 37.3438 0.4219 32.9688
615.6250 476.5625 37.3438 0.6094 43.9062
615.6250 179.6875 26.4062 0.4219 43.9062
165.6250 476.5625 26.4062 0.4219 43.9062
165.6250 179.6875 37.3438 0.4219 43.9062
165.6250 179.6875 26.4062 0.6094 43.9062
165.6250 179.6875 26.4062 0.4219 32.9688
165.6250 179.6875 26.4062 0.4219 43.9062
465.6250 101.5625 54.8438 0.3594 15.4688
315.6250 101.5625 54.8438 0.3594 15.4688
465.6250 304.6875 54.8438 0.3594 15.4688
465.6250 101.5625 43.9062 0.3594 15.4688
465.6250 101.5625 54.8438 0.1719 15.4688
465.6250 101.5625 54.8438 0.3594 26.4062
465.6250 304.6875 43.9062 0.1719 26.4062
315.6250 101.5625 43.9062 0.1719 26.4062
315.6250 304.6875 54.8438 0.1719 26.4062
315.6250 304.6875 43.9062 0.3594 26.4062
315.6250 304.6875 43.9062 0.1719 15.4688
315.6250 304.6875 43.9062 0.1719 26.4062
165.6250 351.5625 19.8438 0.8594 50.4688
615.6250 351.5625 19.8438 0.8594 50.4688
165.6250 54.6875 19.8438 0.8594 50.4688
165.6250 351.5625 78.9062 0.8594 50.4688
165.6250 351.5625 19.8438 0.6719 50.4688
165.6250 351.5625 19.8438 0.8594 61.4062
165.6250 54.6875 78.9062 0.6719 61.4062
615.6250 351.5625 78.9062 0.6719 61.4062
615.6250 54.6875 19.8438 0.6719 61.4062
615.6250 54.6875 78.9062 0.8594 61.4062
615.6250 54.6875 78.9062 0.6719 50.4688
615.6250 54.6875 78.9062 0.6719 61.4062
146.8750 117.1875 65.7812 0.1406 39.5312
146.8750 117.1875 65.7812 0.1406 39.5312
146.8750 132.8125 65.7812 0.1406 39.5312
146.8750 117.1875 41.7188 0.1406 39.5312
146.8750 117.1875 65.7812 0.5156 39.5312
146.8750 117.1875 65.7812 0.1406 19.8438
146.8750 132.8125 41.7188 0.5156 19.8438
146.8750 117.1875 41.7188 0.5156 19.8438
146.8750 132.8125 65.7812 0.5156 19.8438
146.8750 132.8125 41.7188 0.1406 19.8438
146.8750 132.8125 41.7188 0.5156 39.5312
146.8750 132.8125 41.7188 0.5156 19.8438
446.8750 367.1875 30.7812 0.6406 74.5312
446.8750 367.1875 30.7812 0.6406 74.5312
446.8750 382.8125 30.7812 0.6406 74.5312
446.8750 367.1875 76.7188 0.6406 74.5312
446.8750 367.1875 30.7812 0.0156 74.5312
446.8750 367.1875 30.7812 0.6406 54.8438
446.8750 382.8125 76.7188 0.0156 54.8438
446.8750 367.1875 76.7188 0.0156 54.8438
446.8750 382.8125 30.7812 0.0156 54.8438
446.8750 382.8125 76.7188 0.6406 54.8438
446.8750 382.8125 76.7188 0.0156 74.5312
446.8750 382.8125 76.7188 0.0156 54.8438
596.8750 242.1875 48.2812 0.3906 57.0312
596.8750 242.1875 48.2812 0.3906 57.0312
596.8750 7.8125 48.2812 0.3906 57.0312
596.8750 242.1875 59.2188 0.3906 57.0312
596.8750 242.1875 48.2812 0.2656 57.0312
596.8750 242.1875 48.2812 0.3906 72.3438
596.8750 7.8125 59.2188 0.2656 72.3438
596.8750 242.1875 59.2188 0.2656 72.3438
596.8750 7.8125 48.2812 0.2656 72.3438
596.8750 7.8125 59.2188 0.3906 72.3438
596.8750 7.8125 59.2188 0.2656 57.0312
596.8750 7.8125 59.2188 0.2656 72.3438
296.8750 492.1875 13.2812 0.8906 22.0312
296.8750 492.1875 13.2812 0.8906 22.0312
296.8750 257.8125 13.2812 0.8906 22.0312
296.8750 492.1875 24.2188 0.8906 22.0312
296.8750 492.1875 13.2812 0.7656 22.0312
296.8750 492.1875 13.2812 0.8906 37.3438
296.8750 257.8125 24.2188 0.7656 37.3438
296.8750 492.1875 24.2188 0.7656 37.3438
296.8750 257.8125 13.2812 0.7656 37.3438
296.8750 257.8125 24.2188 0.8906 37.3438
296.8750 257.8125 24.2188 0.7656 22.0312
296.8750 257.8125 24.2188 0.7656 37.3438
371.8750 179.6875 39.5312 0.7656 13.2812
221.8750 179.6875 39.5312 0.7656 13.2812
371.8750 70.3125 39.5312 0.7656 13.2812
371.8750 179.6875 50.4688 0.7656 13.2812
371.8750 179.6875 39.5312 0.3906 13.2812
371.8750 179.6875 39.5312 0.7656 46.0938
371.8750 70.3125 50.4688 0.3906 46.0938
221.8750 179.6875 50.4688 0.3906 46.0938
221.8750 70.3125 39.5312 0.3906 46.0938
221.8750 70.3125 50.4688 0.7656 46.0938
221.8750 70.3125 50.4688 0.3906 13.2812
221.8750 70.3125 50.4688 0.3906 46.0938
671.8750 429.6875 74.5312 0.2656 48.2812
521.8750 429.6875 74.5312 0.2656 48.2812
671.8750 320.3125 74.5312 0.2656 48.2812
671.8750 429.6875 15.4688 0.2656 48.2812
671.8750 429.6875 74.5312 0.8906 48.2812
671.8750 429.6875 74.5312 0.2656 11.0938
671.8750 320.3125 15.4688 0.8906 11.0938
521.8750 429.6875 15.4688 0.8906 11.0938
521.8750 320.3125 74.5312 0.8906 11.0938
521.8750 320.3125 15.4688 0.2656 11.0938
521.8750 320.3125 15.4688 0.8906 48.2812
521.8750 320.3125 15.4688 0.8906 11.0938
521.8750 54.6875 22.0312 0.5156 65.7812
671.8750 54.6875 22.0312 0.5156 65.7812
521.8750 195.3125 22.0312 0.5156 65.7812
521.8750 54.6875 32.9688 0.5156 65.7812
521.8750 54.6875 22.0312 0.6406 65.7812
521.8750 54.6875 22.0312 0.5156 28.5938
521.8750 195.3125 32.9688 0.6406 28.5938
671.8750 54.6875 32.9688 0.6406 28.5938
671.8750 195.3125 22.0312 0.6406 28.5938
671.8750 195.3125 32.9688 0.5156 28.5938
671.8750 195.3125 32.9688 0.6406 65.7812
671.8750 195.3125 32.9688 0.6406 28.5938
221.8750 304.6875 57.0312 0.0156 30.7812
371.8750 304.6875 57.0312 0.0156 30.7812
221.8750 445.3125 57.0312 0.0156 30.7812
221.8750 304.6875 67.9688 0.0156 30.7812
221.8750 304.6875 57.0312 0.1406 30.7812
221.8750 304.6875 57.0312 0.0156 63.5938
221.8750 445.3125 67.9688 0.1406 63.5938
371.8750 304.6875 67.9688 0.1406 63.5938
371.8750 445.3125 57.0312 0.1406 63.5938
371.8750 445.3125 67.9688 0.0156 63.5938
371.8750 445.3125 67.9688 0.1406 30.7812
371.8750 445.3125 67.9688 0.1406 63.5938
184.3750 210.9375 26.4062 0.3281 78.9062
259.3750 210.9375 26.4062 0.3281 78.9062
184.3750 101.5625 26.4062 0.3281 78.9062
184.3750 210.9375 46.0938 0.3281 78.9062
184.3750 210.9375 26.4062 0.4531 78.9062
184.3750 210.9375 26.4062 0.3281 41.7188
184.3750 101.5625 46.0938 0.4531 41.7188
259.3750 210.9375 46.0938 0.4531 41.7188
259.3750 101.5625 26.4062 0.4531 41.7188
259.3750 101.5625 46.0938 0.3281 41.7188
259.3750 101.5625 46.0938 0.4531 78.9062
259.3750 101.5625 46.0938 0.4531 41.7188
484.3750 460.9375 61.4062 0.8281 43.9062
559.3750 460.9375 61.4062 0.8281 43.9062
484.3750 351.5625 61.4062 0.8281 43.9062
484.3750 460.9375 11.0938 0.8281 43.9062
484.3750 460.9375 61.4062 0.9531 43.9062
484.3750 460.9375 61.4062 0.8281 76.7188
484.3750 351.5625 11.0938 0.9531 76.7188
559.3750 460.9375 11.0938 0.9531 76.7188
559.3750 351.5625 61.4062 0.9531 76.7188
559.3750 351.5625 11.0938 0.8281 76.7188
559.3750 351.5625 11.0938 0.9531 43.9062
559.3750 351.5625 11.0938 0.9531 76.7188
634.3750 85.9375 43.9062 0.0781 26.4062
409.3750 85.9375 43.9062 0.0781 26.4062
634.3750 226.5625 43.9062 0.0781 26.4062
634.3750 85.9375 28.5938 0.0781 26.4062
634.3750 85.9375 43.9062 0.7031 26.4062
634.3750 85.9375 43.9062 0.0781 59.2188
634.3750 226.5625 28.5938 0.7031 59.2188
409.3750 85.9375 28.5938 0.7031 59.2188
409.3750 226.5625 43.9062 0.7031 59.2188
409.3750 226.5625 28.5938 0.0781 59.2188
409.3750 226.5625 28.5938 0.7031 26.4062
409.3750 226.5625 28.5938 0.7031 59.2188
334.3750 335.9375 78.9062 0.5781 61.4062
109.3750 335.9375 78.9062 0.5781 61.4062
334.3750 476.5625 78.9062 0.5781 61.4062
334.3750 335.9375 63.5938 0.5781 61.4062
334.3750 335.9375 78.9062 0.2031 61.4062
334.3750 335.9375 78.9062 0.5781 24.2188
334.3750 476.5625 63.5938 0.2031 24.2188
109.3750 335.9375 63.5938 0.2031 24.2188
109.3750 476.5625 78.9062 0.2031 24.2188
109.3750 476.5625 63.5938 0.5781 24.2188
109.3750 476.5625 63.5938 0.2031 61.4062
109.3750 476.5625 63.5938 0.2031 24.2188
259.3750 23.4375 52.6562 0.7031 52.6562
334.3750 23.4375 52.6562 0.7031 52.6562
259.3750 164.0625 52.6562 0.7031 52.6562
259.3750 23.4375 37.3438 0.7031 52.6562
259.3750 23.4375 52.6562 0.5781 52.6562
259.3750 23.4375 52.6562 0.7031 67.9688
259.3750 164.0625 37.3438 0.5781 67.9688
334.3750 23.4375 37.3438 0.5781 67.9688
334.3750 164.0625 52.6562 0.5781 67.9688
334.3750 164.0625 37.3438 0.7031 67.9688
334.3750 164.0625 37.3438 0.5781 52.6562
334.3750 164.0625 37.3438 0.5781 67.9688
559.3750 273.4375 17.6562 0.2031 17.6562
634.3750 273.4375 17.6562 0.2031 17.6562
559.3750 414.0625 17.6562 0.2031 17.6562
559.3750 273.4375 72.3438 0.2031 17.6562
559.3750 273.4375 17.6562 0.0781 17.6562
559.3750 273.4375 17.6562 0.2031 32.9688
559.3750 414.0625 72.3438 0.0781 32.9688
634.3750 273.4375 72.3438 0.0781 32.9688
634.3750 414.0625 17.6562 0.0781 32.9688
634.3750 414.0625 72.3438 0.2031 32.9688
634.3750 414.0625 72.3438 0.0781 17.6562
634.3750 414.0625 72.3438 0.0781 32.9688
409.3750 148.4375 70.1562 0.9531 35.1562
484.3750 148.4375 70.1562 0.9531 35.1562
409.3750 39.0625 70.1562 0.9531 35.1562
409.3750 148.4375 54.8438 0.9531 35.1562
409.3750 148.4375 70.1562 0.3281 35.1562
409.3750 148.4375 70.1562 0.9531 15.4688
409.3750 39.0625 54.8438 0.3281 15.4688
484.3750 148.4375 54.8438 0.3281 15.4688
484.3750 39.0625 70.1562 0.3281 15.4688
484.3750 39.0625 54.8438 0.9531 15.4688
484.3750 39.0625 54.8438 0.3281 35.1562
484.3750 39.0625 54.8438 0.3281 15.4688
109.3750 398.4375 35.1562 0.4531 70.1562
184.3750 398.4375 35.1562 0.4531 70.1562
109.3750 289.0625 35.1562 0.4531 70.1562
109.3750 398.4375 19.8438 0.4531 70.1562
109.3750 398.4375 35.1562 0.8281 70.1562
109.3750 398.4375 35.1562 0.4531 50.4688
109.3750 289.0625 19.8438 0.8281 50.4688
184.3750 398.4375 19.8438 0.8281 50.4688
184.3750 289.0625 35.1562 0.8281 50.4688
184.3750 289.0625 19.8438 0.4531 50.4688
184.3750 289.0625 19.8438 0.8281 70.1562
184.3750 289.0625 19.8438 0.8281 50.4688
114.0625 199.2188 67.4219 0.8359 55.3906
367.1875 199.2188 67.4219 0.8359 55.3906
114.0625 332.0312 67.4219 0.8359 55.3906
114.0625 199.2188 24.7656 0.8359 55.3906
114.0625 199.2188 67.4219 0.7422 55.3906
114.0625 199.2188 67.4219 0.8359 18.2031
114.0625 332.0312 24.7656 0.7422 18.2031
367.1875 199.2188 24.7656 0.7422 18.2031
367.1875 332.0312 67.4219 0.7422 18.2031
367.1875 332.0312 24.7656 0.8359 18.2031
367.1875 332.0312 24.7656 0.7422 55.3906
367.1875 332.0312 24.7656 0.7422 18.2031
414.0625 449.2188 32.4219 0.3359 20.3906
667.1875 449.2188 32.4219 0.3359 20.3906
414.0625 82.0312 32.4219 0.3359 20.3906
414.0625 449.2188 59.7656 0.3359 20.3906
414.0625 449.2188 32.4219 0.2422 20.3906
414.0625 449.2188 32.4219 0.3359 53.2031
414.0625 82.0312 59.7656 0.2422 53.2031
667.1875 449.2188 59.7656 0.2422 53.2031
667.1875 82.0312 32.4219 0.2422 53.2031
667.1875 82.0312 59.7656 0.3359 53.2031
667.1875 82.0312 59.7656 0.2422 20.3906
667.1875 82.0312 59.7656 0.2422 53.2031
564.0625 74.2188 49.9219 0.5859 37.8906
517.1875 74.2188 49.9219 0.5859 37.8906
564.0625 457.0312 49.9219 0.5859 37.8906
564.0625 74.2188 77.2656 0.5859 37.8906
564.0625 74.2188 49.9219 0.4922 37.8906
564.0625 74.2188 49.9219 0.5859 70.7031
564.0625 457.0312 77.2656 0.4922 70.7031
517.1875 74.2188 77.2656 0.4922 70.7031
517.1875 457.0312 49.9219 0.4922 70.7031
517.1875 457.0312 77.2656 0.5859 70.7031
517.1875 457.0312 77.2656 0.4922 37.8906
517.1875 457.0312 77.2656 0.4922 70.7031
264.0625 324.2188 14.9219 0.0859 72.8906
217.1875 324.2188 14.9219 0.0859 72.8906
264.0625 207.0312 14.9219 0.0859 72.8906
264.0625 324.2188 42.2656 0.0859 72.8906
264.0625 324.2188 14.9219 0.9922 72.8906
264.0625 324.2188 14.9219 0.0859 35.7031
264.0625 207.0312 42.2656 0.9922 35.7031
217.1875 324.2188 42.2656 0.9922 35.7031
217.1875 207.0312 14.9219 0.9922 35.7031
217.1875 207.0312 42.2656 0.0859 35.7031
217.1875 207.0312 42.2656 0.9922 72.8906
217.1875 207.0312 42.2656 0.9922 35.7031
339.0625 11.7188 41.1719 0.2109 64.1406
292.1875 11.7188 41.1719 0.2109 64.1406
339.0625 394.5312 41.1719 0.2109 64.1406
339.0625 11.7188 68.5156 0.2109 64.1406
339.0625 11.7188 41.1719 0.3672 64.1406
339.0625 11.7188 41.1719 0.2109 61.9531
339.0625 394.5312 68.5156 0.3672 61.9531
292.1875 11.7188 68.5156 0.3672 61.9531
292.1875 394.5312 41.1719 0.3672 61.9531
292.1875 394.5312 68.5156 0.2109 61.9531
292.1875 394.5312 68.5156 0.3672 64.1406
292.1875 394.5312 68.5156 0.3672 61.9531
639.0625 261.7188 76.1719 0.7109 29.1406
592.1875 261.7188 76.1719 0.7109 29.1406
639.0625 144.5312 76.1719 0.7109 29.1406
639.0625 261.7188 33.5156 0.7109 29.1406
639.0625 261.7188 76.1719 0.8672 29.1406
639.0625 261.7188 76.1719 0.7109 26.9531
639.0625 144.5312 33.5156 0.8672 26.9531
592.1875 261.7188 33.5156 0.8672 26.9531
592.1875 144.5312 76.1719 0.8672 26.9531
592.1875 144.5312 33.5156 0.7109 26.9531
592.1875 144.5312 33.5156 0.8672 29.1406
592.1875 144.5312 33.5156 0.8672 26.9531
489.0625 136.7188 23.6719 0.4609 11.6406
442.1875 136.7188 23.6719 0.4609 11.6406
489.0625 269.5312 23.6719 0.4609 11.6406
489.0625 136.7188 16.0156 0.4609 11.6406
489.0625 136.7188 23.6719 0.6172 11.6406
489.0625 136.7188 23.6719 0.4609 44.4531
489.0625 269.5312 16.0156 0.6172 44.4531
442.1875 136.7188 16.0156 0.6172 44.4531
442.1875 269.5312 23.6719 0.6172 44.4531
442.1875 269.5312 16.0156 0.4609 44.4531
442.1875 269.5312 16.0156 0.6172 11.6406
442.1875 269.5312 16.0156 0.6172 44.4531
189.0625 386.7188 58.6719 0.9609 46.6406
142.1875 386.7188 58.6719 0.9609 46.6406
189.0625 19.5312 58.6719 0.9609 46.6406
189.0625 386.7188 51.0156 0.9609 46.6406
189.0625 386.7188 58.6719 0.1172 46.6406
189.0625 386.7188 58.6719 0.9609 79.4531
189.0625 19.5312 51.0156 0.1172 79.4531
142.1875 386.7188 51.0156 0.1172 79.4531
142.1875 19.5312 58.6719 0.1172 79.4531
142.1875 19.5312 51.0156 0.9609 79.4531
142.1875 19.5312 51.0156 0.1172 46.6406
142.1875 19.5312 51.0156 0.1172 79.4531
226.5625 105.4688 19.2969 0.6484 24.7656
179.6875 105.4688 19.2969 0.6484 24.7656
226.5625 425.7812 19.2969 0.6484 24.7656
226.5625 105.4688 64.1406 0.6484 24.7656
226.5625 105.4688 19.2969 0.3047 24.7656
226.5625 105.4688 19.2969 0.6484 31.3281
226.5625 425.7812 64.1406 0.3047 31.3281
179.6875 105.4688 64.1406 0.3047 31.3281
179.6875 425.7812 19.2969 0.3047 31.3281
179.6875 425.7812 64.1406 0.6484 31.3281
179.6875 425.7812 64.1406 0.3047 24.7656
179.6875 425.7812 64.1406 0.3047 31.3281
526.5625 355.4688 54.2969 0.1484 59.7656
479.6875 355.4688 54.2969 0.1484 59.7656
526.5625 175.7812 54.2969 0.1484 59.7656
526.5625 355.4688 29.1406 0.1484 59.7656
526.5625 355.4688 54.2969 0.8047 59.7656
526.5625 355.4688 54.2969 0.1484 66.3281
526.5625 175.7812 29.1406 0.8047 66.3281
479.6875 355.4688 29.1406 0.8047 66.3281
479.6875 175.7812 54.2969 0.8047 66.3281
479.6875 175.7812 29.1406 0.1484 66.3281
479.6875 175.7812 29.1406 0.8047 59.7656
479.6875 175.7812 29.1406 0.8047 66.3281
676.5625 230.4688 36.7969 0.8984 77.2656
629.6875 230.4688 36.7969 0.8984 77.2656
676.5625 300.7812 36.7969 0.8984 77.2656
676.5625 230.4688 11.6406 0.8984 77.2656
676.5625 230.4688 36.7969 0.5547 77.2656
676.5625 230.4688 36.7969 0.8984 48.8281
676.5625 300.7812 11.6406 0.5547 48.8281
629.6875 230.4688 11.6406 0.5547 48.8281
629.6875 300.7812 36.7969 0.5547 48.8281
629.6875 300.7812 11.6406 0.8984 48.8281
629.6875 300.7812 11.6406 0.5547 77.2656
629.6875 300.7812 11.6406 0.5547 48.8281
376.5625 480.4688 71.7969 0.3984 42.2656
329.6875 480.4688 71.7969 0.3984 42.2656
376.5625 50.7812 71.7969 0.3984 42.2656
376.5625 480.4688 46.6406 0.3984 42.2656
376.5625 480.4688 71.7969 0.0547 42.2656
376.5625 480.4688 71.7969 0.3984 13.8281
376.5625 50.7812 46.6406 0.0547 13.8281
329.6875 480.4688 46.6406 0.0547 13.8281
329.6875 50.7812 71.7969 0.0547 13.8281
329.6875 50.7812 46.6406 0.3984 13.8281
329.6875 50.7812 46.6406 0.0547 42.2656
329.6875 50.7812 46.6406 0.0547 13.8281
301.5625 167.9688 45.5469 0.2734 33.5156
104.6875 167.9688 45.5469 0.2734 33.5156
301.5625 363.2812 45.5469 0.2734 33.5156
301.5625 167.9688 20.3906 0.2734 33.5156
301.5625 167.9688 45.5469 0.6797 33.5156
301.5625 167.9688 45.5469 0.2734 75.0781
301.5625 363.2812 20.3906 0.6797 75.0781
104.6875 167.9688 20.3906 0.6797 75.0781
104.6875 363.2812 45.5469 0.6797 75.0781
104.6875 363.2812 20.3906 0.2734 75.0781
104.6875 363.2812 20.3906 0.6797 33.5156
104.6875 363.2812 20.3906 0.6797 75.0781
601.5625 417.9688 10.5469 0.7734 68.5156
404.6875 417.9688 10.5469 0.7734 68.5156
601.5625 113.2812 10.5469 0.7734 68.5156
601.5625 417.9688 55.3906 0.7734 68.5156
601.5625 417.9688 10.5469 0.1797 68.5156
601.5625 417.9688 10.5469 0.7734 40.0781
601.5625 113.2812 55.3906 0.1797 40.0781
404.6875 417.9688 55.3906 0.1797 40.0781
404.6875 113.2812 10.5469 0.1797 40.0781
404.6875 113.2812 55.3906 0.7734 40.0781
404.6875 113.2812 55.3906 0.1797 68.5156
404.6875 113.2812 55.3906 0.1797 40.0781
451.5625 42.9688 63.0469 0.0234 51.0156
554.6875 42.9688 63.0469 0.0234 51.0156
451.5625 488.2812 63.0469 0.0234 51.0156
451.5625 42.9688 72.8906 0.0234 51.0156
451.5625 42.9688 63.0469 0.4297 51.0156
451.5625 42.9688 63.0469 0.0234 22.5781
451.5625 488.2812 72.8906 0.4297 22.5781
554.6875 42.9688 72.8906 0.4297 22.5781
554.6875 488.2812 63.0469 0.4297 22.5781
554.6875 488.2812 72.8906 0.0234 22.5781
554.6875 488.2812 72.8906 0.4297 51.0156
554.6875 488.2812 72.8906 0.4297 22.5781
151.5625 292.9688 28.0469 0.5234 16.0156
254.6875 292.9688 28.0469 0.5234 16.0156
151.5625 238.2812 28.0469 0.5234 16.0156
151.5625 292.9688 37.8906 0.5234 16.0156
151.5625 292.9688 28.0469 0.9297 16.0156
151.5625 292.9688 28.0469 0.5234 57.5781
151.5625 238.2812 37.8906 0.9297 57.5781
254.6875 292.9688 37.8906 0.9297 57.5781
254.6875 238.2812 28.0469 0.9297 57.5781
254.6875 238.2812 37.8906 0.5234 57.5781
254.6875 238.2812 37.8906 0.9297 16.0156
254.6875 238.2812 37.8906 0.9297 57.5781
170.3125 58.5938 56.4844 0.4922 75.0781
423.4375 58.5938 56.4844 0.4922 75.0781
170.3125 66.4062 56.4844 0.4922 75.0781
170.3125 58.5938 75.0781 0.4922 75.0781
170.3125 58.5938 56.4844 0.7734 75.0781
170.3125 58.5938 56.4844 0.4922 24.7656
170.3125 66.4062 75.0781 0.7734 24.7656
423.4375 58.5938 75.0781 0.7734 24.7656
423.4375 66.4062 56.4844 0.7734 24.7656
423.4375 66.4062 75.0781 0.4922 24.7656
423.4375 66.4062 75.0781 0.7734 75.0781
423.4375 66.4062 75.0781 0.7734 24.7656
470.3125 308.5938 21.4844 0.9922 40.0781
123.4375 308.5938 21.4844 0.9922 40.0781
470.3125 316.4062 21.4844 0.9922 40.0781
470.3125 308.5938 40.0781 0.9922 40.0781
470.3125 308.5938 21.4844 0.2734 40.0781
470.3125 308.5938 21.4844 0.9922 59.7656
470.3125 316.4062 40.0781 0.2734 59.7656
123.4375 308.5938 40.0781 0.2734 59.7656
123.4375 316.4062 21.4844 0.2734 59.7656
123.4375 316.4062 40.0781 0.9922 59.7656
123.4375 316.4062 40.0781 0.2734 40.0781
123.4375 316.4062 40.0781 0.2734 59.7656
620.3125 183.5938 73.9844 0.2422 22.5781
273.4375 183.5938 73.9844 0.2422 22.5781
620.3125 191.4062 73.9844 0.2422 22.5781
620.3125 183.5938 22.5781 0.2422 22.5781
620.3125 183.5938 73.9844 0.0234 22.5781
620.3125 183.5938 73.9844 0.2422 77.2656
620.3125 191.4062 22.5781 0.0234 77.2656
273.4375 183.5938 22.5781 0.0234 77.2656
273.4375 191.4062 73.9844 0.0234 77.2656
273.4375 191.4062 22.5781 0.2422 77.2656
273.4375 191.4062 22.5781 0.0234 22.5781
273.4375 191.4062 22.5781 0.0234 77.2656
320.3125 433.5938 38.9844 0.7422 57.5781
573.4375 433.5938 38.9844 0.7422 57.5781
320.3125 441.4062 38.9844 0.7422 57.5781
320.3125 433.5938 57.5781 0.7422 57.5781
320.3125 433.5938 38.9844 0.5234 57.5781
320.3125 433.5938 38.9844 0.7422 42.2656
320.3125 441.4062 57.5781 0.5234 42.2656
573.4375 433.5938 57.5781 0.5234 42.2656
573.4375 441.4062 38.9844 0.5234 42.2656
573.4375 441.4062 57.5781 0.7422 42.2656
573.4375 441.4062 57.5781 0.5234 57.5781
573.4375 441.4062 57.5781 0.5234 42.2656
395.3125 246.0938 12.7344 0.6172 48.8281
498.4375 246.0938 12.7344 0.6172 48.8281
395.3125 128.9062 12.7344 0.6172 48.8281
395.3125 246.0938 13.8281 0.6172 48.8281
395.3125 246.0938 12.7344 0.1484 48.8281
395.3125 246.0938 12.7344 0.6172 51.0156
395.3125 128.9062 13.8281 0.1484 51.0156
498.4375 246.0938 13.8281 0.1484 51.0156
498.4375 128.9062 12.7344 0.1484 51.0156
498.4375 128.9062 13.8281 0.6172 51.0156
498.4375 128.9062 13.8281 0.1484 48.8281
498.4375 128.9062 13.8281 0.1484 51.0156
695.3125 496.0938 47.7344 0.1172 13.8281
198.4375 496.0938 47.7344 0.1172 13.8281
695.3125 378.9062 47.7344 0.1172 13.8281
695.3125 496.0938 48.8281 0.1172 13.8281
695.3125 496.0938 47.7344 0.6484 13.8281
695.3125 496.0938 47.7344 0.1172 16.0156
695.3125 378.9062 48.8281 0.6484 16.0156
198.4375 496.0938 48.8281 0.6484 16.0156
198.4375 378.9062 47.7344 0.6484 16.0156
198.4375 378.9062 48.8281 0.1172 16.0156
198.4375 378.9062 48.8281 0.6484 13.8281
198.4375 378.9062 48.8281 0.6484 16.0156
545.3125 121.0938 30.2344 0.8672 31.3281
348.4375 121.0938 30.2344 0.8672 31.3281
545.3125 3.9062 30.2344 0.8672 31.3281
545.3125 121.0938 66.3281 0.8672 31.3281
545.3125 121.0938 30.2344 0.8984 31.3281
545.3125 121.0938 30.2344 0.8672 33.5156
545.3125 3.9062 66.3281 0.8984 33.5156
348.4375 121.0938 66.3281 0.8984 33.5156
348.4375 3.9062 30.2344 0.8984 33.5156
348.4375 3.9062 66.3281 0.8672 33.5156
348.4375 3.9062 66.3281 0.8984 31.3281
348.4375 3.9062 66.3281 0.8984 33.5156
245.3125 371.0938 65.2344 0.3672 66.3281
648.4375 371.0938 65.2344 0.3672 66.3281
245.3125 253.9062 65.2344 0.3672 66.3281
245.3125 371.0938 31.3281 0.3672 66.3281
245.3125 371.0938 65.2344 0.3984 66.3281
245.3125 371.0938 65.2344 0.3672 68.5156
245.3125 253.9062 31.3281 0.3984 68.5156
648.4375 371.0938 31.3281 0.3984 68.5156
648.4375 253.9062 65.2344 0.3984 68.5156
648.4375 253.9062 31.3281 0.3672 68.5156
648.4375 253.9062 31.3281 0.3984 66.3281
648.4375 253.9062 31.3281 0.3984 68.5156
207.8125 152.3438 34.6094 0.0547 44.4531
610.9375 152.3438 34.6094 0.0547 44.4531
207.8125 160.1562 34.6094 0.0547 44.4531
207.8125 152.3438 18.2031 0.0547 44.4531
207.8125 152.3438 34.6094 0.2109 44.4531
207.8125 152.3438 34.6094 0.0547 37.8906
207.8125 160.1562 18.2031 0.2109 37.8906
610.9375 152.3438 18.2031 0.2109 37.8906
610.9375 160.1562 34.6094 0.2109 37.8906
610.9375 160.1562 18.2031 0.0547 37.8906
610.9375 160.1562 18.2031 0.2109 44.4531
610.9375 160.1562 18.2031 0.2109 37.8906
507.8125 402.3438 69.6094 0.5547 79.4531
310.9375 402.3438 69.6094 0.5547 79.4531
507.8125 410.1562 69.6094 0.5547 79.4531
507.8125 402.3438 53.2031 0.5547 79.4531
507.8125 402.3438 69.6094 0.7109 79.4531
507.8125 402.3438 69.6094 0.5547 72.8906
507.8125 410.1562 53.2031 0.7109 72.8906
310.9375 402.3438 53.2031 0.7109 72.8906
310.9375 410.1562 69.6094 0.7109 72.8906
310.9375 410.1562 53.2031 0.5547 72.8906
310.9375 410.1562 53.2031 0.7109 79.4531
310.9375 410.1562 53.2031 0.7109 72.8906
657.8125 27.3438 17.1094 0.3047 61.9531
160.9375 27.3438 17.1094 0.3047 61.9531
657.8125 35.1562 17.1094 0.3047 61.9531
657.8125 27.3438 70.7031 0.3047 61.9531
657.8125 27.3438 17.1094 0.9609 61.9531
657.8125 27.3438 17.1094 0.3047 55.3906
657.8125 35.1562 70.7031 0.9609 55.3906
160.9375 27.3438 70.7031 0.9609 55.3906
160.9375 35.1562 17.1094 0.9609 55.3906
160.9375 35.1562 70.7031 0.3047 55.3906
160.9375 35.1562 70.7031 0.9609 61.9531
160.9375 35.1562 70.7031 0.9609 55.3906
357.8125 277.3438 52.1094 0.8047 26.9531
460.9375 277.3438 52.1094 0.8047 26.9531
357.8125 285.1562 52.1094 0.8047 26.9531
357.8125 277.3438 35.7031 0.8047 26.9531
357.8125 277.3438 52.1094 0.4609 26.9531
357.8125 277.3438 52.1094 0.8047 20.3906
357.8125 285.1562 35.7031 0.4609 20.3906
460.9375 277.3438 35.7031 0.4609 20.3906
460.9375 285.1562 52.1094 0.4609 20.3906
460.9375 285.1562 35.7031 0.8047 20.3906
460.9375 285.1562 35.7031 0.4609 26.9531
460.9375 285.1562 35.7031 0.4609 20.3906
282.8125 89.8438 78.3594 0.9297 18.2031
685.9375 89.8438 78.3594 0.9297 18.2031
282.8125 97.6562 78.3594 0.9297 18.2031
282.8125 89.8438 79.4531 0.9297 18.2031
282.8125 89.8438 78.3594 0.8359 18.2031
282.8125 89.8438 78.3594 0.9297 64.1406
282.8125 97.6562 79.4531 0.8359 64.1406
685.9375 89.8438 79.4531 0.8359 64.1406
685.9375 97.6562 78.3594 0.8359 64.1406
685.9375 97.6562 79.4531 0.9297 64.1406
685.9375 97.6562 79.4531 0.8359 18.2031
685.9375 97.6562 79.4531 0.8359 64.1406
582.8125 339.8438 43.3594 0.4297 53.2031
385.9375 339.8438 43.3594 0.4297 53.2031
582.8125 347.6562 43.3594 0.4297 53.2031
582.8125 339.8438 44.4531 0.4297 53.2031
582.8125 339.8438 43.3594 0.3359 53.2031
582.8125 339.8438 43.3594 0.4297 29.1406
582.8125 347.6562 44.4531 0.3359 29.1406
385.9375 339.8438 44.4531 0.3359 29.1406
385.9375 347.6562 43.3594 0.3359 29.1406
385.9375 347.6562 44.4531 0.4297 29.1406
385.9375 347.6562 44.4531 0.3359 53.2031
385.9375 347.6562 44.4531 0.3359 29.1406
432.8125 214.8438 60.8594 0.6797 70.7031
235.9375 214.8438 60.8594 0.6797 70.7031
432.8125 222.6562 60.8594 0.6797 70.7031
432.8125 214.8438 26.9531 0.6797 70.7031
432.8125 214.8438 60.8594 0.0859 70.7031
432.8125 214.8438 60.8594 0.6797 11.6406
432.8125 222.6562 26.9531 0.0859 11.6406
235.9375 214.8438 26.9531 0.0859 11.6406
235.9375 222.6562 60.8594 0.0859 11.6406
235.9375 222.6562 26.9531 0.6797 11.6406
235.9375 222.6562 26.9531 0.0859 70.7031
235.9375 222.6562 26.9531 0.0859 11.6406
132.8125 464.8438 25.8594 0.1797 35.7031
535.9375 464.8438 25.8594 0.1797 35.7031
132.8125 472.6562 25.8594 0.1797 35.7031
132.8125 464.8438 61.9531 0.1797 35.7031
132.8125 464.8438 25.8594 0.5859 35.7031
132.8125 464.8438 25.8594 0.1797 46.6406
132.8125 472.6562 61.9531 0.5859 46.6406
535.9375 464.8438 61.9531 0.5859 46.6406
535.9375 472.6562 25.8594 0.5859 46.6406
535.9375 472.6562 61.9531 0.1797 46.6406
535.9375 472.6562 61.9531 0.5859 35.7031
535.9375 472.6562 61.9531 0.5859 46.6406
123.4375 66.4062 37.8906 0.3516 45.5469
470.3125 66.4062 37.8906 0.3516 45.5469
123.4375 199.2188 37.8906 0.3516 45.5469
123.4375 66.4062 52.1094 0.3516 45.5469
123.4375 66.4062 37.8906 0.2578 45.5469
123.4375 66.4062 37.8906 0.3516 14.9219
123.4375 199.2188 52.1094 0.2578 14.9219
470.3125 66.4062 52.1094 0.2578 14.9219
470.3125 199.2188 37.8906 0.2578 14.9219
470.3125 199.2188 52.1094 0.3516 14.9219
470.3125 199.2188 52.1094 0.2578 45.5469
470.3125 199.2188 52.1094 0.2578 14.9219
423.4375 316.4062 72.8906 0.8516 10.5469
170.3125 316.4062 72.8906 0.8516 10.5469
423.4375 449.2188 72.8906 0.8516 10.5469
423.4375 316.4062 17.1094 0.8516 10.5469
423.4375 316.4062 72.8906 0.7578 10.5469
423.4375 316.4062 72.8906 0.8516 49.9219
423.4375 449.2188 17.1094 0.7578 49.9219
170.3125 316.4062 17.1094 0.7578 49.9219
170.3125 449.2188 72.8906 0.7578 49.9219
170.3125 449.2188 17.1094 0.8516 49.9219
170.3125 449.2188 17.1094 0.7578 10.5469
170.3125 449.2188 17.1094 0.7578 49.9219
573.4375 191.4062 20.3906 0.1016 28.0469
320.3125 191.4062 20.3906 0.1016 28.0469
573.4375 74.2188 20.3906 0.1016 28.0469
573.4375 191.4062 34.6094 0.1016 28.0469
573.4375 191.4062 20.3906 0.5078 28.0469
573.4375 191.4062 20.3906 0.1016 67.4219
573.4375 74.2188 34.6094 0.5078 67.4219
320.3125 191.4062 34.6094 0.5078 67.4219
320.3125 74.2188 20.3906 0.5078 67.4219
320.3125 74.2188 34.6094 0.1016 67.4219
320.3125 74.2188 34.6094 0.5078 28.0469
320.3125 74.2188 34.6094 0.5078 67.4219
273.4375 441.4062 55.3906 0.6016 63.0469
620.3125 441.4062 55.3906 0.6016 63.0469
273.4375 324.2188 55.3906 0.6016 63.0469
273.4375 441.4062 69.6094 0.6016 63.0469
273.4375 441.4062 55.3906 0.0078 63.0469
273.4375 441.4062 55.3906 0.6016 32.4219
273.4375 324.2188 69.6094 0.0078 32.4219
620.3125 441.4062 69.6094 0.0078 32.4219
620.3125 324.2188 55.3906 0.0078 32.4219
620.3125 324.2188 69.6094 0.6016 32.4219
620.3125 324.2188 69.6094 0.0078 63.0469
620.3125 324.2188 69.6094 0.0078 32.4219
