nan nan -6.00000000 8.00000000 0.00000000 -0.73733333 8.69125000 8.00000000 8.00000000 8.00000000 8.00000000 8.00000000 -0.69125000 0.00000000 0.00000000 0.00000000 0.00000000 0.00000000 nan nan -6.00000000 0.00000000 0.00000000 0.00000000 0.00000000 0.00000000 0.00000000 0.00000000 0.00000000 0.00000000 0.00000000 0.00000000 0.00000000 0.00000000 0.00000000 0.00000000
nan nan -6.00000000 8.00000000 0.00000000 -0.79733333 8.74750000 8.00000000 8.00000000 8.00000000 8.00000000 8.00000000 -0.74750000 0.00000000 0.00000000 0.00000000 0.00000000 0.00000000 nan nan -6.00000000 0.00000000 0.00000000 0.00000000 0.00000000 0.00000000 0.00000000 0.00000000 0.00000000 0.00000000 0.00000000 0.00000000 0.00000000 0.00000000 0.00000000 0.00000000
nan nan -6.00000000 8.00000000 0.00000000 -0.79733333 8.74750000 8.00000000 8.00000000 8.00000000 8.00000000 8.00000000 -0.74750000 0.00000000 0.00000000 0.00000000 0.00000000 0.00000000 nan nan -6.00000000 0.00000000 0.00000000 0.00000000 0.00000000 0.00000000 0.00000000 0.00000000 0.00000000 0.00000000 0.00000000 0.00000000 0.00000000 0.00000000 0.00000000 0.00000000
nan nan -6.00000000 8.00000000 0.00000000 -0.79733333 8.74750000 8.00000000 8.00000000 8.00000000 8.00000000 8.00000000 -0.74750000 0.00000000 0.00000000 0.00000000 0.00000000 0.00000000 nan nan -6.00000000 0.00000000 0.00000000 0.00000000 0.00000000 0.00000000 0.00000000 0.00000000 0.00000000 0.00000000 0.00000000 0.00000000 0.00000000 0.00000000 0.00000000 0.00000000
nan nan -6.00000000 8.00000000 0.00000000 -0.79733333 8.74750000 8.00000000 8.00000000 8.00000000 8.00000000 8.00000000 -0.74750000 0.00000000 0.00000000 0.00000000 0.00000000 0.00000000 nan nan -6.00000000 0.00000000 0.00000000 0.00000000 0.00000000 0.00000000 0.00000000 0.00000000 0.00000000 0.00000000 0.00000000 0.00000000 0.00000000 0.00000000 0.00000000 0.00000000
nan nan -6.00000000 8.00000000 0.00000000 -0.73733333 8.69125000 8.00000000 8.00000000 8.00000000 8.00000000 8.00000000 -0.69125000 0.00000000 0.00000000 0.00000000 0.00000000 0.00000000 nan nan -6.00000000 0.00000000 0.00000000 0.00000000 0.00000000 0.00000000 0.00000000 0.00000000 0.00000000 0.00000000 0.00000000 0.00000000 0.00000000 0.00000000 0.00000000 0.00000000
nan nan -6.00000000 8.00000000 0.00000000 -0.73733333 8.69125000 8.00000000 8.00000000 8.00000000 8.00000000 8.00000000 -0.69125000 0.00000000 0.00000000 0.00000000 0.00000000 0.00000000 nan nan -6.00000000 0.00000000 0.00000000 0.00000000 0.00000000 0.00000000 0.00000000 0.00000000 0.00000000 0.00000000 0.00000000 0.00000000 0.00000000 0.00000000 0.00000000 0.00000000
nan nan -6.00000000 8.00000000 0.00000000 -0.79733333 8.74750000 8.00000000 8.00000000 8.00000000 8.00000000 8.00000000 -0.74750000 0.00000000 0.00000000 0.00000000 0.00000000 0.00000000 nan nan -6.00000000 0.00000000 0.00000000 0.00000000 0.00000000 0.00000000 0.00000000 0.00000000 0.00000000 0.00000000 0.00000000 0.00000000 0.00000000 0.00000000 0.00000000 0.00000000
nan nan -6.00000000 8.00000000 0.00000000 -0.73733333 8.69125000 8.00000000 8.00000000 8.00000000 8.00000000 8.00000000 -0.69125000 0.00000000 0.00000000 0.00000000 0.00000000 0.00000000 nan nan -6.00000000 0.00000000 0.00000000 0.00000000 0.00000000 0.00000000 0.00000000 0.00000000 0.00000000 0.00000000 0.00000000 0.00000000 0.00000000 0.00000000 0.00000000 0.00000000
nan nan -6.00000000 8.00000000 0.00000000 -0.79733333 8.74750000 8.00000000 8.00000000 8.00000000 8.00000000 8.00000000 -0.74750000 0.00000000 0.00000000 0.00000000 0.00000000 0.00000000 nan nan -6.00000000 0.00000000 0.00000000 0.00000000 0.00000000 0.00000000 0.00000000 0.00000000 0.00000000 0.00000000 0.00000000 0.00000000 0.00000000 0.00000000 0.00000000 0.00000000
nan nan -6.00000000 8.00000000 0.00000000 -0.79733333 8.74750000 8.00000000 8.00000000 8.00000000 8.00000000 8.00000000 -0.74750000 0.00000000 0.00000000 0.00000000 0.00000000 0.00000000 nan nan -6.00000000 0.00000000 0.00000000 0.00000000 0.00000000 0.00000000 0.00000000 0.00000000 0.00000000 0.00000000 0.00000000 0.00000000 0.00000000 0.00000000 0.00000000 0.00000000
nan nan -6.00000000 8.00000000 0.00000000 -0.79733333 8.74750000 8.00000000 8.00000000 8.00000000 8.00000000 8.00000000 -0.74750000 0.00000000 0.00000000 0.00000000 0.00000000 0.00000000 nan nan -6.00000000 0.00000000 0.00000000 0.00000000 0.00000000 0.00000000 0.00000000 0.00000000 0.00000000 0.00000000 0.00000000 0.00000000 0.00000000 0.00000000 0.00000000 0.00000000
0.25824565 0.25824565 0.00000000 221.56166257 0.40527946 -13.60645082 310.78087855 226.28065146 223.51654949 nan nan nan -14.54037949 0.92108865 -0.71185952 nan nan nan -0.25244380 -0.25244380 0.00000000 0.77119443 0.00253535 0.00851130 0.66243415 0.74977590 0.76283290 nan nan nan 0.01258856 -0.00078283 0.00232728 nan nan nan
0.08815746 0.34799564 -6.00000000 230.09989623 -0.71367398 -13.29137642 306.24057972 226.70849165 232.49563859 nan nan nan -14.43016304 2.01812500 -0.80875000 nan nan nan 0.01090230 -0.23374769 -6.00000000 0.75465689 0.00040407 0.01992257 0.65752002 0.75324366 0.75128384 nan nan nan 0.01740489 0.00218750 -0.00059896 nan nan nan
0.27526745 0.27526745 0.00000000 223.32049420 1.24591613 -15.89842100 308.88524123 222.62783085 222.40837133 nan nan nan -15.64221002 2.00219849 -0.73784326 nan nan nan -0.29202969 -0.29202969 0.00000000 0.75964716 -0.00430437 0.02757812 0.65547963 0.75716754 0.75752043 nan nan nan 0.02072692 0.00000000 -0.00039655 nan nan nan
0.07138019 0.22574872 -5.00000000 226.10905601 0.02921088 -16.29044898 300.33732275 223.67920489 228.88618337 nan nan nan -14.01866071 1.63343750 -1.48778775 nan nan nan -0.09529111 -0.25336859 -4.00000000 0.74942985 0.00065986 0.02277237 0.68460862 0.75476611 0.74425728 nan nan nan 0.01540522 0.00000000 0.00140470 nan nan nan
0.09943136 0.09943136 0.00000000 232.60064474 -2.85435566 -12.32467355 310.72109062 218.38263895 232.80512265 nan nan nan -16.34560370 2.58043390 -0.45304569 nan nan nan -0.03005672 -0.13432741 -1.00000000 0.73870470 0.00234171 0.01407734 0.65815353 0.76206150 0.73685492 nan nan nan 0.01507879 0.00017377 0.00158629 nan nan nan
0.10001899 0.18620678 -1.00000000 228.47004959 -2.89108656 -12.33985154 312.29651711 223.85505384 230.08371647 nan nan nan -15.84680879 3.58247653 -1.02583714 nan nan nan -0.07348955 -0.19326690 -3.00000000 0.74689250 0.00089068 0.01470866 0.64838019 0.74715214 0.75225241 nan nan nan 0.01570431 -0.00205140 -0.00199246 nan nan nan
0.09350308 0.11758098 -5.00000000 227.02055203 -2.73591120 -12.15095219 303.60960346 223.51659394 225.42364568 nan nan nan -14.39872391 0.39945910 2.78682998 nan nan nan 0.06485300 0.21620026 -6.00000000 0.74699568 0.00090472 0.01031793 0.66595497 0.75551983 0.75068496 nan nan nan 0.01476452 -0.00354935 -0.00092054 nan nan nan
-0.12613277 -0.19832453 -4.00000000 224.21418719 0.85684581 -14.14793424 311.53639907 219.72858458 224.37009065 nan nan nan -14.09477612 1.18665112 -0.64406250 nan nan nan 0.12707349 0.17887780 -6.00000000 0.75807692 0.00064196 0.01164155 0.65362369 0.75875784 0.75891570 nan nan nan 0.01443963 -0.00132307 -0.00031250 nan nan nan
-0.04842418 -0.17549802 -5.00000000 231.86853381 1.67242088 -16.19620013 306.22950620 230.60003375 235.11947589 nan nan nan -14.26770638 1.73699594 -2.43749099 nan nan nan 0.00314437 0.21165286 -5.00000000 0.75021793 -0.00116835 0.01891112 0.66772286 0.75159440 0.74527566 nan nan nan 0.02056128 -0.00586369 0.00493548 nan nan nan
0.23410234 0.29457371 -5.00000000 223.50716032 -0.54486461 -15.16169464 310.93193857 229.19191383 226.11675824 nan nan nan -15.24810149 0.97671569 0.64275132 nan nan nan -0.14496675 -0.20082306 -4.00000000 0.76578840 -0.00036681 0.02098913 0.65148535 0.74943133 0.76086598 nan nan nan 0.01914075 -0.00398284 0.00406972 nan nan nan
0.15959288 0.27376385 -3.00000000 215.73866817 -0.01309614 -15.31705467 307.04771547 222.06080303 218.41200308 nan nan nan -16.40028837 3.42516285 -0.86967640 nan nan nan -0.15527312 -0.31265337 -3.00000000 0.76190384 -0.00290467 0.01830322 0.65920859 0.76251172 0.76206286 nan nan nan 0.01425173 -0.00171914 -0.00006504 nan nan nan
0.13207816 0.13207816 0.00000000 232.19226842 0.66200704 -15.10210778 313.63304074 222.01418470 232.45048942 nan nan nan -14.83715241 3.27074849 0.51588944 nan nan nan -0.09707195 -0.18045070 -5.00000000 0.74197697 -0.00099017 0.01842261 0.66119775 0.75934238 0.74038195 nan nan nan 0.01435267 -0.00100595 0.00100595 nan nan nan
0.87574426 0.88504818 -4.00000000 436.69520851 9.94853852 -17.31684850 214.41885187 388.90237687 nan nan nan nan 2.00385572 9.57975612 nan nan nan nan -0.35808282 -0.88354419 -6.00000000 0.29107508 -0.01848654 0.03831095 0.41922530 0.37147779 nan nan nan nan 0.01498898 -0.01467664 nan nan nan nan
0.88919321 0.88931830 -1.00000000 435.68449824 11.68935142 -18.86343567 213.01638624 391.94169979 nan nan nan nan 2.67447188 8.53692922 nan nan nan nan -0.41399402 -0.85075099 -6.00000000 0.29795320 -0.02021076 0.03792139 0.42749448 0.36699814 nan nan nan nan 0.01204473 -0.01242247 nan nan nan nan
0.87912690 0.89475513 -4.00000000 446.25767089 8.61706287 -16.34143196 215.28129392 396.24558159 nan nan nan nan 2.29935533 10.56770053 nan nan nan nan -0.40577269 -0.88055115 -6.00000000 0.27554588 -0.01526083 0.03436662 0.41380496 0.35507897 nan nan nan nan 0.01276952 -0.01607767 nan nan nan nan
0.01875506 -0.14425078 -6.00000000 491.90420784 1.66627638 -7.18677701 548.61551692 486.59593701 nan nan nan nan -5.66065746 1.21853677 nan nan nan nan -0.09419114 0.24132456 -6.00000000 0.20653752 -0.00343290 0.01112261 0.10983074 0.21127204 nan nan nan nan 0.00827577 -0.00031075 nan nan nan nan
0.86793037 0.87724654 -2.00000000 332.75751877 11.20670409 -19.90341684 157.11947645 299.08233136 nan nan nan nan 1.34059493 5.30982217 nan nan nan nan -0.93984835 -0.93984835 0.00000000 0.52130430 -0.01315519 0.02026830 0.85896885 0.56509057 nan nan nan nan -0.01163409 -0.00649809 nan nan nan nan
0.85266355 0.88515740 -5.00000000 436.52170068 11.88431200 -20.19127377 211.83762193 380.70476511 nan nan nan nan 2.08291930 10.98512699 nan nan nan nan -0.36257652 -0.86873369 -6.00000000 0.29190907 -0.02117318 0.04663172 0.43249506 0.38216754 nan nan nan nan 0.01401410 -0.01660186 nan nan nan nan
-0.06614065 -0.06614065 0.00000000 373.05976103 5.97537863 -21.00734071 461.90453277 356.98241280 nan nan nan nan -15.11795359 3.01173975 nan nan nan nan -0.05285334 0.08618199 -2.00000000 0.46077873 -0.00718427 0.03031373 0.33689426 0.48362243 nan nan nan nan 0.02291759 -0.00539750 nan nan nan nan
0.06450990 -0.08906953 -6.00000000 376.82742252 1.63189475 -16.65265879 460.62434992 363.39500638 nan nan nan nan -12.79767358 2.47071954 nan nan nan nan -0.16800993 0.17575752 -6.00000000 0.44958247 0.00065512 0.02204517 0.33035739 0.46997480 nan nan nan nan 0.01658555 -0.00390625 nan nan nan nan
0.87802041 0.88540197 -1.00000000 330.15429747 8.81270251 -17.87565749 159.11942338 299.33776034 nan nan nan nan -0.28186450 5.96754426 nan nan nan nan -0.93303258 -0.93303258 0.00000000 0.51820655 -0.01346280 0.02598882 0.86087238 0.56673705 nan nan nan nan -0.00595969 -0.00833763 nan nan nan nan
0.10694707 0.13856973 -2.00000000 491.99622067 1.31521322 -6.30405859 538.84771694 490.48425274 nan nan nan nan -4.67808019 -1.42030719 nan nan nan nan -0.10415963 -0.18021491 -2.00000000 0.20128343 -0.00105392 0.00704169 0.12887608 0.20178167 nan nan nan nan 0.00602827 0.00260157 nan nan nan nan
-0.11233523 -0.15263887 -3.00000000 381.28782798 3.18875709 -16.64353836 458.28067386 367.78875337 nan nan nan nan -12.86538033 0.83649500 nan nan nan nan 0.06037455 0.14231221 -3.00000000 0.44297539 -0.00517965 0.02533953 0.33793731 0.46255415 nan nan nan nan 0.01879870 -0.00068827 nan nan nan nan
0.18544808 0.18544808 0.00000000 372.22222804 1.94721174 -15.15805694 469.18940712 363.90274139 nan nan nan nan -11.47451475 0.68323787 nan nan nan nan -0.24708747 -0.24708747 0.00000000 0.46032752 -0.00185884 0.02046001 0.31238275 0.47353537 nan nan nan nan 0.01724187 -0.00203636 nan nan nan nan
0.99011874 0.99011874 0.00000000 147.70041418 0.54932690 -5.98226923 532.26678334 170.92392526 143.67546978 143.63882200 148.49913830 nan -22.22587413 -4.74200527 -0.29755242 0.82100000 nan nan -0.98921578 -0.98921578 0.00000000 0.87044965 0.00121497 0.00407340 0.21571923 0.85001876 0.87914239 0.86997227 0.86754655 nan 0.03745629 0.00782413 -0.00343952 0.00000000 nan nan
0.98241086 0.98241086 0.00000000 143.14644010 1.30053763 -9.85087977 520.76654865 176.51918701 140.09452307 145.67131237 143.38183124 nan -20.22348485 -6.57510606 -0.53150000 0.29054365 nan nan -0.98580558 -0.98580558 0.00000000 0.87521891 -0.00053763 0.01409580 0.23508607 0.83344751 0.87708434 0.86184858 0.87408916 nan 0.03892045 0.00662500 0.00000000 0.00007143 nan nan
0.98851289 0.98851289 0.00000000 148.51518857 -1.62869094 -3.84058148 535.22767192 175.94529952 143.74331269 144.29111727 147.91847316 nan -19.91179105 -6.33768708 -2.50624047 0.95696825 nan nan -0.98875197 -0.98875197 0.00000000 0.88190647 0.00161991 0.00264104 0.21656968 0.83558219 0.87287824 0.86954723 0.88323893 nan 0.03750768 0.00509285 -0.00063913 0.00322896 nan nan
0.11780572 0.11780572 0.00000000 140.31015978 1.92896669 -11.00454779 188.99451642 140.80065247 145.43568020 147.55951374 141.07427480 nan -8.18802903 0.60749597 -0.48655691 0.84955691 nan nan -0.05369961 -0.13073008 -2.00000000 0.87067467 -0.00535012 0.01467777 0.82757769 0.87425448 0.86559600 0.87569859 0.87375750 nan 0.00898094 -0.00043548 0.00138618 0.00211382 nan nan
0.99326413 0.99326413 0.00000000 209.71493987 -0.44492982 -2.45055138 569.25410599 235.25834583 204.30933831 210.47595246 210.15190296 nan -18.40960672 -4.26892060 -0.26840742 0.01416715 nan nan -0.93719000 -0.93719000 0.00000000 0.44330277 0.00155232 -0.00000792 0.07238637 0.37117173 0.45423060 0.43851176 0.44486222 nan 0.01136088 0.00933623 0.00274554 0.00131872 nan nan
0.98796568 0.98796568 0.00000000 149.60116108 -0.16719577 -7.36352455 522.57644645 172.41327686 143.07585187 138.37375352 149.74616725 nan -20.07655930 -6.94007904 -0.12795276 0.54478346 nan nan -0.98892810 -0.98892810 0.00000000 0.87116975 0.00052910 0.00793588 0.24129742 0.83972285 0.86597780 0.88388342 0.86987125 nan 0.03439422 0.00863996 0.00000000 -0.00295276 nan nan
0.23824297 0.23824297 0.00000000 212.72487048 1.37778631 -5.11186362 247.27365158 204.37057704 215.44147674 209.42805994 212.96204639 nan -4.07073236 -0.48300449 0.70785683 -0.24033715 nan nan 0.02831790 -0.09556076 -2.00000000 0.41747221 0.00269671 0.00724391 0.33967652 0.43885901 0.40661522 0.43361030 0.41500224 nan 0.00955964 0.00086599 0.00069132 -0.00167557 nan nan
0.19516291 0.19516291 0.00000000 211.77239739 0.97062083 -4.14301424 247.07016056 204.91790802 209.52454838 212.44022644 212.23512255 nan -5.01059315 1.33161322 -1.09376953 1.07103937 nan nan -0.02033346 0.15749550 -5.00000000 0.43582311 0.00392500 0.00519420 0.33627541 0.44072372 0.44132643 0.42691034 0.43508416 nan 0.01750983 -0.00747248 0.00274966 -0.00204331 nan nan
0.99296947 0.99296947 0.00000000 209.71381095 0.38364301 -4.70891108 565.30203904 232.72537634 205.11739903 211.85232061 209.40729301 nan -19.06263112 -4.76715261 0.76779864 -0.67889695 nan nan -0.92975303 -0.92975303 0.00000000 0.44016855 0.00079140 0.00815965 0.07874616 0.37092143 0.45446529 0.42250647 0.44043580 nan 0.01512238 0.01039082 -0.00280368 0.00336372 nan nan
0.02936814 -0.10801440 -1.00000000 143.39453634 -1.61039027 -6.79360444 192.53528294 135.04759154 144.27026253 144.75856906 142.77759267 nan -8.57083333 -0.36042077 1.15568366 -1.17661055 nan nan -0.05559893 0.11960070 -1.00000000 0.87859487 0.00337006 0.00755586 0.83494106 0.86966058 0.87728513 0.87366269 0.88129988 nan 0.01035156 0.00191468 -0.00499938 0.00503782 nan nan
-0.07292989 -0.21885052 -6.00000000 210.14564396 -0.65727650 -2.90533638 247.84960181 205.80259063 205.72124059 211.39782926 209.23077949 nan -2.67107260 -1.13537698 0.02850000 -0.75176172 nan nan 0.15272618 0.19592705 -6.00000000 0.44572446 0.00423607 0.00399699 0.32472942 0.45650139 0.45260080 0.42892328 0.45155809 nan 0.00603992 0.00667857 -0.00100000 0.00569141 nan nan
-0.01604368 -0.15786047 -4.00000000 208.99747061 -0.31524068 -4.52686554 241.62292149 206.91037277 219.01911316 203.66888277 208.25518918 nan -4.29150303 0.30752846 -0.98562205 -0.09381747 nan nan 0.10328171 0.25448138 -6.00000000 0.45766982 0.00187121 0.01211297 0.36739206 0.43867350 0.42493508 0.46060739 0.45678723 nan 0.01256545 0.00004472 0.00250394 -0.00328216 nan nan
0.82823961 0.82823961 0.00000000 173.20840965 -1.68008182 -14.02754506 339.11839142 181.66152581 177.95898821 nan nan nan -19.06242877 -1.56411622 -1.24948096 nan nan nan -0.78202932 -0.78202932 0.00000000 0.93686726 0.00353962 0.00304367 0.84865994 0.93707092 0.94153320 nan nan nan 0.00941774 0.00070710 -0.00079025 nan nan nan
0.90131039 0.90131039 0.00000000 201.18526012 -1.16634954 -13.65281041 408.40337774 192.85626521 209.43753953 209.99818699 205.44753532 203.67660109 -18.81986368 -0.23568496 -1.81109551 0.42429612 -1.79789163 2.44990086 -0.78155686 -0.78155686 0.00000000 0.92988117 0.00086328 0.00962770 0.80622733 0.93815201 0.92438760 0.93666845 0.92344424 0.93591484 0.01291035 0.00125015 0.00280899 -0.00082473 0.00082473 -0.00160278
0.81612266 0.81612266 0.00000000 176.70543672 1.47628215 -18.57030369 333.23645346 174.53708208 181.97922767 nan nan nan -22.18321516 -1.66237462 1.81588196 nan nan nan -0.76011393 -0.76011393 0.00000000 0.94342674 -0.00072353 0.01044521 0.86981959 0.94547139 0.93692369 nan nan nan 0.01163538 -0.00046002 0.00005477 nan nan nan
0.97891065 0.97891065 0.00000000 181.65717857 1.03366921 -1.13281103 590.22237158 225.98225247 170.18712178 nan nan nan -13.38934576 -13.43262297 1.21372220 nan nan nan -0.99860184 -0.99860184 0.00000000 0.93964676 -0.00116750 0.00111104 0.00350630 0.91159807 0.93960864 nan nan nan 0.04708059 0.01153446 0.00110717 nan nan nan
0.82632554 0.82632554 0.00000000 178.21265753 0.82633745 -18.83458140 340.16645316 178.27479897 179.30697296 nan nan nan -19.37217842 -0.67424242 0.09699413 nan nan nan -0.82455892 -0.82455892 0.00000000 0.93676986 0.00127035 0.00275007 0.84188448 0.94111973 0.93354474 nan nan nan 0.00840291 -0.00151515 -0.00107527 nan nan nan
0.00552341 -0.07095777 -5.00000000 254.97630132 -0.01014874 -18.17211471 338.50723756 250.80485276 276.64281502 nan nan nan -15.34351149 -0.64326959 -0.78473413 nan nan nan -0.22181166 -0.22181166 0.00000000 0.87890850 -0.00380800 0.01634150 0.85374521 0.89190634 0.87175826 nan nan nan 0.01171551 -0.00034414 0.00055746 nan nan nan
0.92779665 0.96544874 -3.00000000 263.22678278 0.13972814 -0.05159476 590.34811311 337.62183729 251.03295506 nan nan nan -3.82880366 -19.04258589 2.49998578 nan nan nan -0.99660886 -0.99660886 0.00000000 0.88609100 0.00624826 -0.00717419 0.00394027 0.84628931 0.88117042 nan nan nan 0.04269255 0.01137570 0.00086727 nan nan nan
0.88246535 0.90275569 -2.00000000 304.47659035 0.68812261 -0.62582657 591.54522306 405.89118528 288.06516853 318.43345822 281.71025939 310.57693400 -3.49392286 -15.74974977 5.10157562 -5.24246611 6.22350543 -3.67916667 -0.99073851 -0.99073851 0.00000000 0.85212089 -0.00383142 0.00458899 0.00215536 0.80509488 0.86587859 0.87868757 0.87885437 0.85960608 0.03862360 0.01381893 0.00303500 -0.00045035 -0.00473982 0.00387931
0.04055970 0.06874516 -3.00000000 312.25245333 3.49459604 -17.63361756 409.04456752 285.99766535 321.96853659 313.73423331 304.90945878 307.02490408 -12.39393366 -0.29862855 -3.00661765 1.16388703 -2.80167298 4.74640293 -0.33179623 -0.33179623 0.00000000 0.85988663 -0.00454789 0.00749513 0.81215562 0.87246766 0.84678164 0.85134027 0.86918238 0.86575767 0.00228680 0.00244547 -0.00220588 0.00035094 0.00647096 -0.00916823
0.88959926 0.91554690 -3.00000000 297.61427621 -1.14022199 0.97407390 591.37999267 405.69048144 298.84642956 325.73048328 305.10717088 309.88676764 -3.80785621 -16.38547381 1.66588145 -0.03903899 -0.69378342 2.67613636 -0.99120945 -0.99120945 0.00000000 0.86473497 0.00433404 -0.00433404 0.00285724 0.79870550 0.87677545 0.84489073 0.86334308 0.86528030 0.04048295 0.01770670 -0.00586407 0.00502736 -0.00124499 -0.00014865
0.97086240 0.97086240 0.00000000 207.65524756 -0.15373225 0.05762836 591.39628017 269.36253686 198.63269400 208.35378117 206.63900927 208.31340626 -13.68310630 -11.41939968 1.96420677 -1.78940391 2.02419139 -2.02628180 -0.99584736 -0.99584736 0.00000000 0.92766772 0.00061841 -0.00061841 0.00214701 0.89536187 0.93989282 0.93717960 0.91881336 0.92564529 0.04483696 0.01407109 0.00015789 -0.00019965 -0.00139501 0.00151750
0.89928626 0.91966272 -4.00000000 310.67050701 -0.40753413 0.27095405 590.29537991 402.84504156 285.40430503 308.99938935 308.06949589 309.62209191 -3.30702110 -16.41432005 3.79036172 -0.70416667 -2.13008721 0.26858153 -0.99317201 -0.99317201 0.00000000 0.85495726 -0.00487013 0.00487013 0.00357563 0.81538690 0.87869620 0.86028585 0.86080467 0.87701478 0.04119318 0.01100462 0.00196886 0.00106589 0.00000000 -0.00054506
0.88546142 0.88898721 -2.00000000 379.52923350 17.15773197 -23.05705981 125.28270588 371.55844807 nan nan nan nan 4.36320226 nan nan nan nan nan -0.66113236 -0.88558586 -6.00000000 0.36021918 -0.02918583 0.05231794 0.60020420 0.37333048 nan nan nan nan 0.01223924 nan nan nan nan nan
0.86340718 0.89509600 -6.00000000 553.39943169 8.87058824 -15.10881725 136.15582017 391.46565882 nan nan nan nan 3.75443655 19.24786648 nan nan nan nan -0.69939329 -0.89664564 -6.00000000 0.06509554 -0.01540616 0.03564755 0.55368389 0.34041539 nan nan nan nan 0.01259667 -0.03234488 nan nan nan nan
0.88230317 0.88853562 -1.00000000 389.94457732 16.36736996 -22.75397586 123.89585288 380.75889107 nan nan nan nan 4.09892931 nan nan nan nan nan -0.65519971 -0.88524823 -6.00000000 0.34262357 -0.02781973 0.05284049 0.59392015 0.35751323 nan nan nan nan 0.01353873 nan nan nan nan nan
0.66185645 0.89781586 -6.00000000 376.24185295 15.40146674 -27.73071395 230.89971095 367.69226871 nan nan nan nan -7.28103201 nan nan nan nan nan -0.66779295 -0.89633603 -6.00000000 0.36685667 -0.02626931 0.04596498 0.61736400 0.38151118 nan nan nan nan 0.01030642 nan nan nan nan nan
0.88405217 0.89845031 -1.00000000 385.10931472 16.96449746 -23.00897226 123.19312259 374.89227421 nan nan nan nan 2.61750548 nan nan nan nan nan -0.64779529 -0.89063899 -6.00000000 0.35139888 -0.02905231 0.05155595 0.59154830 0.36860312 nan nan nan nan 0.01593476 nan nan nan nan nan
0.30214915 0.30214915 0.00000000 94.19530736 0.53312102 -7.08453271 122.38971863 93.86660704 nan nan nan nan -5.95341795 nan nan nan nan nan -0.25944126 -0.29682251 -2.00000000 0.69693154 -0.00305494 0.02627658 0.61205681 0.69910015 nan nan nan nan 0.02187815 nan nan nan nan nan
0.85835697 0.85835697 0.00000000 94.54357321 0.32802475 -12.57424689 235.73738974 94.21655743 nan nan nan nan -16.01125551 nan nan nan nan nan -0.59467686 -0.59467686 0.00000000 0.69592293 -0.00308025 0.02096289 0.59490017 0.69822177 nan nan nan nan 0.01808784 nan nan nan nan nan
0.91966779 0.91966779 0.00000000 105.00241210 -0.18165680 -11.78132711 259.74135673 99.76233052 nan nan nan nan -15.14437980 -0.24127806 nan nan nan nan -0.64983546 -0.64983546 0.00000000 0.66151835 0.00271011 0.01840225 0.55934993 0.67916228 nan nan nan nan 0.01571154 -0.00409404 nan nan nan nan
0.02949454 -0.08604274 -5.00000000 103.96249330 -0.76840984 -5.60383380 133.56290589 100.81073941 nan nan nan nan -5.32536782 0.44866974 nan nan nan nan 0.09618097 -0.15020608 -4.00000000 0.67021293 0.00128250 0.02073671 0.57841078 0.67760503 nan nan nan nan 0.01971284 -0.00090038 nan nan nan nan
0.90974307 0.90974307 0.00000000 106.03448131 0.29010971 -11.32095623 256.90467161 99.38393746 nan nan nan nan -16.38745640 1.26453389 nan nan nan nan -0.58577903 -0.58577903 0.00000000 0.65927346 0.00019374 0.02107572 0.56980887 0.67698792 nan nan nan nan 0.02290370 -0.00759164 nan nan nan nan
0.71100386 0.89336103 -6.00000000 547.29209711 10.26506942 -23.48081410 256.16257599 382.63423571 nan nan nan nan -4.59640957 16.43930121 nan nan nan nan -0.70591258 -0.89096687 -6.00000000 0.07519747 -0.01715076 0.04340479 0.57089903 0.35639798 nan nan nan nan 0.00918762 -0.02789129 nan nan nan nan
0.89887415 0.89887415 0.00000000 101.48990512 1.17975575 -13.35541664 255.07608182 98.53521780 nan nan nan nan -15.72312067 -0.43698450 nan nan nan nan -0.63466492 -0.63466492 0.00000000 0.67487657 -0.00278979 0.02375105 0.56572011 0.69819096 nan nan nan nan 0.02175292 -0.00374310 nan nan nan nan
0.91795828 0.95037648 -2.00000000 243.09443162 0.18499715 -0.06553870 590.82755751 331.68073244 nan nan nan nan -4.31561949 -18.54838878 nan nan nan nan -0.99109424 -0.99109424 0.00000000 0.78914686 -0.00075549 0.00103560 0.00105486 0.71580321 nan nan nan nan 0.03137860 0.02105784 nan nan nan nan
0.92060690 0.95844043 -2.00000000 300.67550043 -18.29338162 18.21580277 589.87421388 314.36891830 nan nan nan nan -4.45890881 nan nan nan nan nan -0.99201268 -0.99201268 0.00000000 0.74196543 0.01222389 -0.01222389 0.00140098 0.72897769 nan nan nan nan 0.03338509 nan nan nan nan nan
0.91655883 0.96057276 -3.00000000 244.54966177 1.28295060 -1.20200884 590.42021886 331.64353320 nan nan nan nan -3.68106420 -19.08730196 nan nan nan nan -0.98647480 -0.98647480 0.00000000 0.79978375 -0.00134018 0.00190041 0.00052521 0.70961884 nan nan nan nan 0.03125000 0.02295124 nan nan nan nan
0.94406870 0.94406870 0.00000000 265.98717905 0.14810592 -5.44318523 119.43314612 257.50302326 nan nan nan nan 5.38209607 0.84179673 nan nan nan nan -0.04353324 -0.51447495 -5.00000000 0.77616223 0.00026735 0.01057567 0.77905629 0.77446924 nan nan nan nan 0.00736900 -0.00064646 nan nan nan nan
0.90656928 0.91398501 -1.00000000 426.20344018 -3.58993366 3.46987310 590.88935779 479.96956435 nan nan nan nan -3.27343858 -6.85720362 nan nan nan nan -0.90780998 -0.90780998 0.00000000 0.28980121 0.00571301 -0.00571301 0.00105042 0.19609456 nan nan nan nan 0.00720165 0.01042656 nan nan nan nan
0.97742497 0.97742497 0.00000000 169.10946591 0.01322402 -0.17707977 588.95785734 223.26717061 nan nan nan nan -13.90992799 -12.10292042 nan nan nan nan -0.99298156 -0.99298156 0.00000000 0.83305845 0.00118973 -0.00090844 0.00448095 0.76687134 nan nan nan nan 0.03639558 0.01518739 nan nan nan nan
0.97410143 0.97410143 0.00000000 280.66788788 -0.08485501 -2.81575033 169.40671224 273.50619275 nan nan nan nan 4.13434106 1.58305030 nan nan nan nan 0.71946569 0.71946569 0.00000000 0.33410255 0.00064518 0.01425968 0.23293411 0.34966662 nan nan nan nan 0.01602731 -0.00047173 nan nan nan nan
0.97371744 0.97371744 0.00000000 262.34129205 0.12947629 -3.31726849 162.67368616 262.19970552 nan nan nan nan 4.44909638 nan nan nan nan nan 0.76704243 0.76704243 0.00000000 0.37685916 -0.00133105 0.01568788 0.25013044 0.37475761 nan nan nan nan 0.01314650 nan nan nan nan nan
0.99156342 0.99156342 0.00000000 308.04545563 -6.23677419 6.00619325 590.61175685 313.13598122 nan nan nan nan -12.65504829 nan nan nan nan nan -0.94624901 -0.94624901 0.00000000 0.26140066 0.01311828 -0.01311828 0.00060097 0.25292354 nan nan nan nan 0.00786043 nan nan nan nan nan
0.82731672 0.87672735 -2.00000000 176.92185625 1.11942672 -7.83642024 111.33721040 174.93319185 nan nan nan nan -2.17339110 nan nan nan nan nan 0.30857317 0.30857317 0.00000000 0.81678810 -0.00232599 0.01273687 0.79132297 0.82017433 nan nan nan nan 0.01076827 nan nan nan nan nan
0.98613691 0.98613691 0.00000000 376.18749296 0.25959407 -3.77387380 161.86538419 377.90549873 nan nan nan nan 13.44826575 nan nan nan nan nan 0.68555466 0.68841140 -1.00000000 0.37600472 0.00099219 0.01571494 0.25524797 0.37194423 nan nan nan nan 0.01193980 nan nan nan nan nan
0.96013556 0.96013556 0.00000000 252.44350366 -1.25475351 -1.66199119 164.13309632 252.75422422 nan nan nan nan 4.48496272 nan nan nan nan nan 0.79843865 0.79843865 0.00000000 0.39744207 0.00346285 0.01233558 0.24518848 0.39772449 nan nan nan nan 0.01684440 nan nan nan nan nan
0.99492459 0.99492459 0.00000000 173.57047006 -0.04242424 -2.56044706 353.29582720 169.66880699 170.05038558 170.02450176 171.26767343 169.88445851 -12.04256832 -0.11976140 -0.06408373 0.73440692 -1.20140613 -0.06615005 -0.45336072 -0.45544318 -2.00000000 0.21296282 -0.00227273 0.00432099 0.16137736 0.23454758 0.21238554 0.21659681 0.23176801 0.21668056 0.00387536 -0.00323679 -0.00013878 0.00126883 0.00264568 0.00227005
0.99085721 0.99085721 0.00000000 156.14601038 -0.84197531 -3.17545389 336.15820827 154.95002722 154.71644160 nan nan nan -11.99864409 -0.83601876 0.29591732 nan nan nan -0.72241070 -0.72241070 0.00000000 0.29251288 0.00946502 0.00176831 0.20425921 0.30577573 0.29624724 nan nan nan 0.00918133 0.00401996 -0.00248789 nan nan nan
0.99361598 0.99361598 0.00000000 168.83380578 -1.00313601 -0.39215954 349.37293363 172.99554622 174.35213053 170.36528670 170.01762824 173.37931108 -10.53086420 -0.86709770 -0.64237200 -0.47017045 0.92216889 -0.27155172 -0.34535339 -0.34535339 0.00000000 0.23692899 0.00958421 -0.00480494 0.16734934 0.20246168 0.20381757 0.22989051 0.21776894 0.20525232 0.00354938 0.00033525 0.00556753 -0.00355114 0.00013878 -0.00215517
0.99826611 0.99826611 0.00000000 168.47230476 -0.23798450 -2.66650028 520.83914955 173.22061560 171.36372343 171.75191910 173.19632515 170.04209041 -21.23376758 -2.27258545 0.48938041 -0.38997063 0.43613541 -0.28084999 -0.62313657 -0.62313657 0.00000000 0.21147004 0.00000000 0.00846058 0.13258025 0.21740615 0.21965030 0.21359814 0.22374323 0.22923239 0.01212262 -0.00124808 -0.00067641 0.00124489 -0.00408580 0.00515935
0.95019876 0.95019876 0.00000000 123.93065215 1.81994949 -11.41731917 287.37833140 119.49212633 125.60892565 120.42095265 124.05873035 126.22722302 -13.51867378 -0.38846983 -0.92887931 -0.01795977 1.83548851 -2.10884437 -0.42236073 -0.42236073 0.00000000 0.74944082 0.00331650 0.00858211 0.70032472 0.77035695 0.76287260 0.76847165 0.74934282 0.77174904 0.00808590 0.00121814 0.00359195 -0.00215517 0.00000000 0.00015511
0.97895212 0.97895212 0.00000000 590.78852933 0.02474493 -1.77164148 348.13127706 545.13074346 589.52871348 591.41997234 590.18022970 590.69963927 9.91829268 3.28923573 0.98090550 -0.40035251 0.18578224 0.05823864 -0.85539488 -0.87395462 -3.00000000 0.00075758 0.00000000 0.00476054 0.16498050 0.07388320 0.00357563 0.00211472 0.00284926 0.00071023 -0.00093369 -0.00467711 -0.00142045 0.00000000 0.00000000 0.00000000
0.64214338 0.86383566 -6.00000000 590.09479132 -0.03030303 -11.97598513 430.59167158 447.29844405 585.21563293 589.12379332 591.21924513 591.60418925 -7.52697650 10.94444444 0.77470930 -0.08505413 0.04187892 -0.21917944 -0.91161879 -0.91443273 -1.00000000 0.00153257 0.00000000 0.01862027 0.63099473 0.24592165 0.01143787 0.00142862 0.00000000 0.00000000 -0.00422009 -0.02076873 -0.00145349 0.00000000 0.00000000 0.00000000
0.52319953 0.87343475 -6.00000000 590.01813992 -0.14764826 -19.64920862 371.84466565 387.79188577 583.66030912 nan nan nan -15.27174658 16.24177019 2.33353656 nan nan nan -0.81993341 -0.91304565 -6.00000000 0.00081800 0.00000000 0.02046390 0.67230538 0.34906385 0.01196736 nan nan nan 0.00112858 -0.02904433 -0.00466315 nan nan nan
0.76395571 0.90903397 -6.00000000 590.76186621 -0.11152263 -13.63588477 245.97360477 383.41035899 582.75596059 nan nan nan -4.00900157 15.95754717 2.10191737 nan nan nan -0.85145436 -0.91189725 -6.00000000 0.00286554 0.00000000 0.01548971 0.73933892 0.35472655 0.01465415 nan nan nan -0.00767296 -0.02672956 -0.00354502 nan nan nan
0.69708699 0.86960551 -6.00000000 591.31451881 0.20327198 -5.73532534 501.31262296 530.50723370 587.80730408 nan nan nan -3.56052842 5.22492284 1.80847156 nan nan nan -0.73157971 -0.87041075 -6.00000000 0.00041152 0.00000000 0.00992763 0.16651376 0.10393994 0.00462025 nan nan nan 0.00583493 -0.00964506 -0.00308642 nan nan nan
0.93597686 0.93597686 0.00000000 95.28024426 -0.05007924 -18.87680589 371.64450785 94.48327245 101.71131507 nan nan nan -27.14383905 -0.21533696 0.32696598 nan nan nan -0.72027493 -0.72027493 0.00000000 0.82501495 0.00018661 0.01791863 0.68723130 0.82189237 0.79668124 nan nan nan 0.02006762 -0.00446576 0.00358570 nan nan nan
0.52317738 0.87176135 -6.00000000 589.95971583 0.64147900 -17.77519988 368.26244353 384.91421061 580.82105637 nan nan nan -17.98076105 18.75520833 3.72916667 nan nan nan -0.81927052 -0.91611132 -6.00000000 0.00286551 -0.00040900 0.01841766 0.67988784 0.35257020 0.01773073 nan nan nan 0.00710565 -0.03289931 -0.00694444 nan nan nan
0.91438857 0.91907883 -1.00000000 339.20074930 -1.16852927 1.25798291 590.90325516 411.45061315 334.33296457 331.02953018 328.08119430 nan -5.57238721 -10.48148148 3.49479167 -1.93608054 -1.32402244 nan -0.96477728 -0.96477728 0.00000000 0.61869780 0.00488631 -0.00488631 0.00000000 0.52334230 0.60355764 0.62663116 0.62274109 nan 0.02662037 0.00925926 0.00057870 0.00304638 -0.00270565 nan
0.93223939 0.94101296 -1.00000000 313.21260726 -1.57575115 1.43211852 590.50928818 380.25271665 295.67849082 312.51860208 nan nan -5.37748459 -12.21866497 -0.53241995 2.26680735 nan nan -0.97632393 -0.97632393 0.00000000 0.65181533 0.00448517 -0.00448517 0.00000000 0.56453037 0.65829561 0.64445876 nan nan 0.02636054 0.01247874 0.00512623 -0.00403496 nan nan
0.92209484 0.93062565 -3.00000000 322.58164461 0.83450755 -0.97223539 591.81618343 403.70306517 329.28183792 327.20511196 334.75237721 nan -6.37851967 -10.98132449 5.55140187 -4.26424044 -2.37615741 nan -0.96479281 -0.96479281 0.00000000 0.64563311 -0.00497843 0.00497843 0.00000000 0.53243796 0.61521274 0.62230222 0.62238985 nan 0.02121560 0.01908814 -0.00467290 0.00487842 0.00694444 nan
0.92224766 0.92736492 -2.00000000 344.93295527 -1.86324383 2.19986747 590.86670997 414.04095936 325.74778227 336.73357643 331.00362405 nan -5.76588605 -9.46469069 0.76078403 -2.40389151 1.42757009 nan -0.96897322 -0.96897322 0.00000000 0.60792621 0.00752298 -0.00752298 0.00000000 0.52561387 0.63377100 0.61681687 0.60305900 nan 0.02522936 0.01565849 -0.00610011 0.00726834 -0.00233645 nan
0.93149721 0.94698512 -2.00000000 251.10341140 -1.59822801 1.73624750 590.68001451 332.52402633 249.07909457 249.51211304 252.49714365 nan -5.94910819 -14.87614679 0.36768785 -3.91574405 3.26824519 nan -0.99672312 -0.99672312 0.00000000 0.95877300 0.00065735 -0.00065735 0.00000000 0.94297330 0.95916807 0.96177585 0.95694047 nan 0.05103211 0.00745413 0.00222805 -0.00258929 0.00076923 nan
0.98433801 0.98433801 0.00000000 210.83151582 0.77152547 -0.85191897 591.46581030 264.67327379 217.55752906 213.50187174 225.72563903 nan -15.30429394 -7.53721669 -0.94154075 1.32625723 -1.96615552 nan -0.96708115 -0.96708115 0.00000000 0.62434645 -0.00732519 0.00732519 0.00000000 0.52766653 0.64011370 0.62908393 0.62356704 nan 0.02566964 0.01339286 0.00200893 -0.00777704 0.00432697 nan
0.97829599 0.97829599 0.00000000 159.49534238 -1.39111111 1.35847291 591.47130723 223.84804551 156.24352017 162.12397199 168.43561312 nan -16.54660088 -12.58095760 3.16889413 -1.36968778 0.52947552 nan -0.99790562 -0.99790562 0.00000000 0.97048391 0.00255732 -0.00255732 0.00117925 0.94045387 0.97657846 0.96242207 0.96629597 nan 0.04989035 0.01145224 -0.00120108 0.00176325 0.00000562 nan
0.98444610 0.98444610 0.00000000 161.77541053 0.54530352 -0.77244444 590.98387942 204.61346981 157.33903374 154.48211648 nan nan -15.62960283 -12.00418709 -0.21679226 2.01930962 nan nan -0.99923702 -0.99923702 0.00000000 0.96472118 -0.00139204 0.00139204 0.00000000 0.95295153 0.96558222 0.97045306 nan nan 0.05147059 0.00799122 0.00215167 -0.00215167 nan nan
0.98395886 0.98395886 0.00000000 155.21173266 1.07616630 -0.98822195 590.84961708 200.98186709 155.60538088 150.31303299 nan nan -15.65914088 -12.03057490 1.38060345 0.41476584 nan nan -0.99893944 -0.99893944 0.00000000 0.97690098 -0.00089408 0.00089408 0.00000000 0.95407809 0.97083474 0.97864301 nan nan 0.05339404 0.00781286 -0.00086207 -0.00037861 nan nan
0.98281894 0.98281894 0.00000000 194.82266027 -0.04979354 -0.08618649 590.66095955 245.02540982 187.47039663 199.51297831 nan nan -15.47345110 -9.57317354 0.09930908 -0.96678796 nan nan -0.97949529 -0.97949529 0.00000000 0.67070469 -0.00146520 0.00146520 0.00000000 0.58327542 0.66584886 0.66035938 nan nan 0.03083882 0.00849685 0.00261639 0.00448892 nan nan
0.94345486 0.95561265 -2.00000000 239.08597406 -0.46002026 0.62720776 591.30371092 302.77483468 238.89661112 241.33653698 nan nan -5.80805304 -16.65597233 2.03722377 -0.67498786 nan nan -0.99860987 -0.99860987 0.00000000 0.95775105 -0.00144208 0.00144208 0.00000000 0.94758282 0.96084536 0.95956949 nan nan 0.04949664 0.00948223 0.00136595 0.00039461 nan nan
0.98405841 0.98405841 0.00000000 161.17977174 -1.25532029 1.48410725 591.23840387 204.90296359 159.09372220 161.82405620 nan nan -15.24164984 -12.08459850 0.80069512 -0.35261635 nan nan -0.99921945 -0.99921945 0.00000000 0.96760222 0.00241359 -0.00241359 0.00000000 0.95392330 0.96864059 0.96653743 nan nan 0.05154221 0.00963737 -0.00126578 0.00127502 nan nan
0.89434878 0.89434878 0.00000000 72.69023114 0.32722566 -11.45593047 232.98855662 74.08098523 nan nan nan nan -18.42938822 -0.63193225 nan nan nan nan -0.24577301 -0.24577301 0.00000000 0.97165550 0.00079652 0.00067269 0.96588508 0.96904572 nan nan nan nan 0.00291900 -0.00075907 nan nan nan nan
0.90474643 0.90474643 0.00000000 70.68817742 -0.18912997 -12.21410834 229.45596702 72.36699635 nan nan nan nan -19.32383589 -0.81846526 nan nan nan nan -0.33012423 -0.41289377 -1.00000000 0.97482816 0.00087187 -0.00047903 0.96574123 0.97216590 nan nan nan nan -0.00111463 0.00209579 nan nan nan nan
0.89953423 0.89953423 0.00000000 72.38899690 0.06572051 -13.35497933 234.14644268 71.80773059 nan nan nan nan -19.81811093 -0.77747312 nan nan nan nan -0.22879536 -0.22879536 0.00000000 0.96895640 0.00050420 0.00304353 0.96171869 0.96781369 nan nan nan nan 0.00451240 -0.00226194 nan nan nan nan
0.90859277 0.90859277 0.00000000 69.67477959 -0.23569634 -11.45123702 231.98452570 70.29708228 nan nan nan nan -18.19220041 -1.02450980 nan nan nan nan -0.34324463 -0.37647112 -1.00000000 0.96930883 0.00130715 0.00400740 0.95799679 0.96838788 nan nan nan nan 0.00289646 0.00207640 nan nan nan nan
0.91169767 0.91169767 0.00000000 74.94374583 -0.16078533 -14.38270397 270.00911342 72.15077163 nan nan nan nan -19.81182276 -0.08786212 nan nan nan nan -0.59195036 -0.59195036 0.00000000 0.72384345 -0.00006740 0.02391616 0.62988816 0.74016013 nan nan nan nan 0.02023441 -0.00214968 nan nan nan nan
0.66237841 0.82380183 -6.00000000 442.09853973 14.70185534 -28.85768860 226.75559595 326.35058485 nan nan nan nan -7.31355713 11.04383557 nan nan nan nan -0.91255667 -0.91255667 0.00000000 0.26882421 -0.02371616 0.02598384 0.96716846 0.46370259 nan nan nan nan -0.02350272 -0.01997662 nan nan nan nan
0.62021391 0.89155146 -6.00000000 493.50293409 11.74121513 -24.17146798 269.58419632 366.28423252 nan nan nan nan -6.98517628 15.53202457 nan nan nan nan -0.73032170 -0.89960926 -6.00000000 0.17271884 -0.01833931 0.03564923 0.63668064 0.38925192 nan nan nan nan 0.00381563 -0.02675900 nan nan nan nan
0.57258341 0.87081594 -6.00000000 397.33018630 18.72728393 -32.50372623 262.94317675 356.48789077 nan nan nan nan -8.63068934 16.82303331 nan nan nan nan -0.71355848 -0.87720475 -6.00000000 0.33910264 -0.03167298 0.05087220 0.63833288 0.40729420 nan nan nan nan 0.00737284 -0.02816668 nan nan nan nan
0.62203355 0.88277342 -6.00000000 405.06863112 15.14746096 -29.43794298 255.06666137 363.69811534 nan nan nan nan -7.91592558 16.11809695 nan nan nan nan -0.76156750 -0.88038769 -6.00000000 0.32474493 -0.02543675 0.04691006 0.65837849 0.39423582 nan nan nan nan 0.00552092 -0.02717116 nan nan nan nan
0.66590073 0.80209520 -5.00000000 337.13154637 12.93826943 -26.57530647 227.07076749 312.72402402 nan nan nan nan -7.37485532 9.45235438 nan nan nan nan -0.96717254 -0.96717254 0.00000000 0.44718554 -0.02128629 0.02254331 0.96645866 0.48888154 nan nan nan nan -0.02320602 -0.01645762 nan nan nan nan
0.88497038 0.88497038 0.00000000 72.56217186 0.89274313 -14.82707667 259.13742523 72.53409171 nan nan nan nan -19.47441746 -0.62291854 nan nan nan nan -0.50563859 -0.50563859 0.00000000 0.72816446 -0.00362748 0.02317968 0.64213971 0.73535012 nan nan nan nan 0.01703305 -0.00294014 nan nan nan nan
0.63825186 0.89453742 -6.00000000 417.32719357 18.06258718 -33.07994889 259.84863675 374.21286422 nan nan nan nan -8.62244395 16.98823070 nan nan nan nan -0.75985538 -0.89263887 -5.00000000 0.30322301 -0.03062537 0.05163077 0.64356925 0.37502462 nan nan nan nan 0.00593247 -0.02776387 nan nan nan nan
