100.0000 0.0000 10.0000 0.0000 10.0000
100.0000 0.0000 10.0000 0.0000 10.0000
100.0000 0.0000 10.0000 0.0000 10.0000
100.0000 0.0000 10.0000 0.0000 10.0000
100.0000 0.0000 10.0000 0.0000 10.0000
100.0000 0.0000 10.0000 0.0000 10.0000
100.0000 0.0000 10.0000 0.0000 10.0000
100.0000 0.0000 10.0000 0.0000 10.0000
100.0000 0.0000 10.0000 0.0000 10.0000
100.0000 0.0000 10.0000 0.0000 10.0000
100.0000 0.0000 10.0000 0.0000 10.0000
100.0000 0.0000 10.0000 0.0000 10.0000
400.0000 250.0000 45.0000 0.5000 45.0000
400.0000 250.0000 45.0000 0.5000 45.0000
400.0000 250.0000 45.0000 0.5000 45.0000
400.0000 250.0000 45.0000 0.5000 45.0000
400.0000 250.0000 45.0000 0.5000 45.0000
400.0000 250.0000 45.0000 0.5000 45.0000
400.0000 250.0000 45.0000 0.5000 45.0000
400.0000 250.0000 45.0000 0.5000 45.0000
400.0000 250.0000 45.0000 0.5000 45.0000
400.0000 250.0000 45.0000 0.5000 45.0000
400.0000 250.0000 45.0000 0.5000 45.0000
400.0000 250.0000 45.0000 0.5000 45.0000
550.0000 125.0000 27.5000 0.2500 62.5000
550.0000 125.0000 27.5000 0.2500 62.5000
550.0000 125.0000 27.5000 0.2500 62.5000
550.0000 125.0000 62.5000 0.2500 62.5000
550.0000 125.0000 27.5000 0.7500 62.5000
550.0000 125.0000 27.5000 0.2500 62.5000
550.0000 125.0000 62.5000 0.7500 62.5000
550.0000 125.0000 62.5000 0.7500 62.5000
550.0000 125.0000 27.5000 0.7500 62.5000
550.0000 125.0000 62.5000 0.2500 62.5000
550.0000 125.0000 62.5000 0.7500 62.5000
550.0000 125.0000 62.5000 0.7500 62.5000
250.0000 375.0000 62.5000 0.7500 27.5000
250.0000 375.0000 62.5000 0.7500 27.5000
250.0000 375.0000 62.5000 0.7500 27.5000
250.0000 375.0000 27.5000 0.7500 27.5000
250.0000 375.0000 62.5000 0.2500 27.5000
250.0000 375.0000 62.5000 0.7500 27.5000
250.0000 375.0000 27.5000 0.2500 27.5000
250.0000 375.0000 27.5000 0.2500 27.5000
250.0000 375.0000 62.5000 0.2500 27.5000
250.0000 375.0000 27.5000 0.7500 27.5000
250.0000 375.0000 27.5000 0.2500 27.5000
250.0000 375.0000 27.5000 0.2500 27.5000
325.0000 187.5000 53.7500 0.8750 36.2500
175.0000 187.5000 53.7500 0.8750 36.2500
325.0000 187.5000 53.7500 0.8750 36.2500
325.0000 187.5000 71.2500 0.8750 36.2500
325.0000 187.5000 53.7500 0.8750 36.2500
325.0000 187.5000 53.7500 0.8750 53.7500
325.0000 187.5000 71.2500 0.8750 53.7500
175.0000 187.5000 71.2500 0.8750 53.7500
175.0000 187.5000 53.7500 0.8750 53.7500
175.0000 187.5000 71.2500 0.8750 53.7500
175.0000 187.5000 71.2500 0.8750 36.2500
175.0000 187.5000 71.2500 0.8750 53.7500
625.0000 437.5000 18.7500 0.3750 71.2500
475.0000 437.5000 18.7500 0.3750 71.2500
625.0000 437.5000 18.7500 0.3750 71.2500
625.0000 437.5000 36.2500 0.3750 71.2500
625.0000 437.5000 18.7500 0.3750 71.2500
625.0000 437.5000 18.7500 0.3750 18.7500
625.0000 437.5000 36.2500 0.3750 18.7500
475.0000 437.5000 36.2500 0.3750 18.7500
475.0000 437.5000 18.7500 0.3750 18.7500
475.0000 437.5000 36.2500 0.3750 18.7500
475.0000 437.5000 36.2500 0.3750 71.2500
475.0000 437.5000 36.2500 0.3750 18.7500
475.0000 62.5000 71.2500 0.6250 53.7500
625.0000 62.5000 71.2500 0.6250 53.7500
475.0000 62.5000 71.2500 0.6250 53.7500
475.0000 62.5000 18.7500 0.6250 53.7500
475.0000 62.5000 71.2500 0.1250 53.7500
475.0000 62.5000 71.2500 0.6250 36.2500
475.0000 62.5000 18.7500 0.1250 36.2500
625.0000 62.5000 18.7500 0.1250 36.2500
625.0000 62.5000 71.2500 0.1250 36.2500
625.0000 62.5000 18.7500 0.6250 36.2500
625.0000 62.5000 18.7500 0.1250 53.7500
625.0000 62.5000 18.7500 0.1250 36.2500
175.0000 312.5000 36.2500 0.1250 18.7500
325.0000 312.5000 36.2500 0.1250 18.7500
175.0000 312.5000 36.2500 0.1250 18.7500
175.0000 312.5000 53.7500 0.1250 18.7500
175.0000 312.5000 36.2500 0.6250 18.7500
175.0000 312.5000 36.2500 0.1250 71.2500
175.0000 312.5000 53.7500 0.6250 71.2500
325.0000 312.5000 53.7500 0.6250 71.2500
325.0000 312.5000 36.2500 0.6250 71.2500
325.0000 312.5000 53.7500 0.1250 71.2500
325.0000 312.5000 53.7500 0.6250 18.7500
325.0000 312.5000 53.7500 0.6250 71.2500
212.5000 156.2500 75.6250 0.4375 49.3750
287.5000 156.2500 75.6250 0.4375 49.3750
212.5000 218.7500 75.6250 0.4375 49.3750
212.5000 156.2500 75.6250 0.4375 49.3750
212.5000 156.2500 75.6250 0.9375 49.3750
212.5000 156.2500 75.6250 0.4375 31.8750
212.5000 218.7500 75.6250 0.9375 31.8750
287.5000 156.2500 75.6250 0.9375 31.8750
287.5000 218.7500 75.6250 0.9375 31.8750
287.5000 218.7500 75.6250 0.4375 31.8750
287.5000 218.7500 75.6250 0.9375 49.3750
287.5000 218.7500 75.6250 0.9375 31.8750
512.5000 406.2500 40.6250 0.9375 14.3750
587.5000 406.2500 40.6250 0.9375 14.3750
512.5000 468.7500 40.6250 0.9375 14.3750
512.5000 406.2500 40.6250 0.9375 14.3750
512.5000 406.2500 40.6250 0.4375 14.3750
512.5000 406.2500 40.6250 0.9375 66.8750
512.5000 468.7500 40.6250 0.4375 66.8750
587.5000 406.2500 40.6250 0.4375 66.8750
587.5000 468.7500 40.6250 0.4375 66.8750
587.5000 468.7500 40.6250 0.9375 66.8750
587.5000 468.7500 40.6250 0.4375 14.3750
587.5000 468.7500 40.6250 0.4375 66.8750
