1.00000000 55.30000000 1.00000000 1.00000000 1.00000000
1.00000000 55.30000000 1.00000000 1.00000000 1.00000000
1.00000000 55.30000000 1.00000000 1.00000000 1.00000000
1.00000000 55.30000000 1.00000000 1.00000000 1.00000000
1.00000000 55.30000000 1.00000000 1.00000000 1.00000000
1.00000000 55.30000000 1.00000000 1.00000000 1.00000000
1.00000000 211.30000000 1.00000000 1.00000000 1.00000000
1.00000000 211.30000000 1.00000000 1.00000000 1.00000000
1.00000000 211.30000000 1.00000000 1.00000000 1.00000000
1.00000000 211.30000000 1.00000000 1.00000000 1.00000000
1.00000000 211.30000000 1.00000000 1.00000000 1.00000000
1.00000000 211.30000000 1.00000000 1.00000000 1.00000000
0.99891171 294.40000000 1.00000000 0.99697048 1.00000000
0.99891171 294.40000000 1.00000000 0.99697048 1.00000000
0.99963636 295.70000000 0.99898990 1.00000000 1.00000000
0.99891171 294.40000000 1.00000000 0.99697048 1.00000000
1.00000000 282.40000000 1.00000000 1.00000000 1.00000000
1.00000000 282.00000000 1.00000000 1.00000000 1.00000000
1.00000000 128.30000000 1.00000000 1.00000000 1.00000000
1.00000000 128.30000000 1.00000000 1.00000000 1.00000000
1.00000000 129.00000000 1.00000000 1.00000000 1.00000000
1.00000000 128.30000000 1.00000000 1.00000000 1.00000000
0.99918033 134.90000000 0.99777778 1.00000000 1.00000000
0.99842510 134.80000000 0.99489664 1.00000000 1.00000000
1.00000000 164.70000000 1.00000000 1.00000000 1.00000000
1.00000000 164.70000000 1.00000000 1.00000000 1.00000000
1.00000000 164.30000000 1.00000000 1.00000000 1.00000000
1.00000000 164.70000000 1.00000000 1.00000000 1.00000000
1.00000000 164.70000000 1.00000000 1.00000000 1.00000000
1.00000000 164.40000000 1.00000000 1.00000000 1.00000000
1.00000000 332.50000000 1.00000000 1.00000000 1.00000000
1.00000000 332.50000000 1.00000000 1.00000000 1.00000000
0.99968254 332.10000000 1.00000000 0.99911504 1.00000000
0.99967532 332.10000000 1.00000000 0.99916667 1.00000000
1.00000000 332.50000000 1.00000000 1.00000000 1.00000000
0.99968051 332.80000000 1.00000000 0.99913043 1.00000000
1.00000000 246.60000000 1.00000000 1.00000000 1.00000000
1.00000000 246.60000000 1.00000000 1.00000000 1.00000000
1.00000000 246.70000000 1.00000000 1.00000000 1.00000000
1.00000000 246.70000000 1.00000000 1.00000000 1.00000000
1.00000000 263.90000000 1.00000000 1.00000000 1.00000000
0.99915254 259.70000000 1.00000000 0.99894737 0.99838710
1.00000000 95.30000000 1.00000000 1.00000000 1.00000000
1.00000000 95.30000000 1.00000000 1.00000000 1.00000000
0.99887640 95.40000000 0.99696970 1.00000000 1.00000000
1.00000000 95.40000000 1.00000000 1.00000000 1.00000000
1.00000000 91.30000000 1.00000000 1.00000000 1.00000000
1.00000000 91.00000000 1.00000000 1.00000000 1.00000000
0.99908257 112.70000000 1.00000000 1.00000000 0.99677419
0.99953917 231.40000000 1.00000000 0.99827586 1.00000000
0.99908257 112.70000000 1.00000000 1.00000000 0.99677419
0.99904762 112.10000000 1.00000000 1.00000000 0.99714286
1.00000000 107.70000000 1.00000000 1.00000000 1.00000000
1.00000000 221.10000000 1.00000000 1.00000000 1.00000000
1.00000000 257.70000000 1.00000000 1.00000000 1.00000000
1.00000000 69.20000000 1.00000000 1.00000000 1.00000000
1.00000000 257.70000000 1.00000000 1.00000000 1.00000000
1.00000000 257.80000000 1.00000000 1.00000000 1.00000000
0.99961089 270.70000000 1.00000000 0.99870130 1.00000000
1.00000000 72.20000000 1.00000000 1.00000000 1.00000000
0.99969880 359.70000000 0.99913793 1.00000000 1.00000000
1.00000000 154.40000000 1.00000000 1.00000000 1.00000000
0.99909879 358.60000000 0.99910714 0.99820513 1.00000000
0.99969697 358.80000000 0.99905660 1.00000000 1.00000000
0.99969880 359.70000000 0.99913793 1.00000000 1.00000000
1.00000000 156.60000000 1.00000000 1.00000000 1.00000000
1.00000000 187.20000000 1.00000000 1.00000000 1.00000000
1.00000000 303.40000000 1.00000000 1.00000000 1.00000000
1.00000000 188.70000000 1.00000000 1.00000000 1.00000000
1.00000000 187.30000000 1.00000000 1.00000000 1.00000000
1.00000000 187.20000000 1.00000000 1.00000000 1.00000000
1.00000000 302.80000000 1.00000000 1.00000000 1.00000000
1.00000000 150.40000000 1.00000000 1.00000000 1.00000000
0.99970060 346.00000000 0.99915966 1.00000000 1.00000000
0.99930556 150.20000000 1.00000000 1.00000000 0.99767442
1.00000000 150.60000000 1.00000000 1.00000000 1.00000000
0.99861111 158.00000000 0.99787234 0.99811321 1.00000000
0.99819186 365.00000000 0.99919355 0.99715045 0.99811704
0.99897141 321.80000000 1.00000000 0.99788360 0.99888889
1.00000000 197.90000000 1.00000000 1.00000000 1.00000000
0.99965517 321.20000000 1.00000000 1.00000000 0.99910714
0.99966443 324.60000000 1.00000000 0.99909091 1.00000000
1.00000000 306.00000000 1.00000000 1.00000000 1.00000000
1.00000000 190.30000000 1.00000000 1.00000000 1.00000000
1.00000000 224.20000000 1.00000000 1.00000000 1.00000000
1.00000000 108.70000000 1.00000000 1.00000000 1.00000000
1.00000000 223.10000000 1.00000000 1.00000000 1.00000000
1.00000000 224.20000000 1.00000000 1.00000000 1.00000000
1.00000000 224.20000000 1.00000000 1.00000000 1.00000000
1.00000000 108.90000000 1.00000000 1.00000000 1.00000000
0.99848485 74.10000000 0.99444444 1.00000000 1.00000000
1.00000000 272.30000000 1.00000000 1.00000000 1.00000000
1.00000000 73.60000000 1.00000000 1.00000000 1.00000000
0.99857143 74.20000000 0.99500000 1.00000000 1.00000000
0.99848485 74.10000000 0.99444444 1.00000000 1.00000000
0.99960938 273.40000000 1.00000000 1.00000000 0.99873418
1.00000000 80.40000000 1.00000000 1.00000000 1.00000000
1.00000000 138.90000000 1.00000000 1.00000000 1.00000000
0.99873418 81.40000000 0.99545455 1.00000000 1.00000000
1.00000000 80.50000000 1.00000000 1.00000000 1.00000000
1.00000000 79.10000000 1.00000000 1.00000000 1.00000000
1.00000000 136.70000000 1.00000000 1.00000000 1.00000000
0.99957082 251.10000000 1.00000000 1.00000000 0.99882353
0.99964413 308.00000000 1.00000000 0.99888889 1.00000000
0.99957082 247.70000000 0.99859155 1.00000000 1.00000000
0.99956897 250.40000000 1.00000000 1.00000000 0.99883721
1.00000000 243.40000000 1.00000000 1.00000000 1.00000000
0.99928825 301.90000000 0.99778508 1.00000000 1.00000000
1.00000000 306.30000000 1.00000000 1.00000000 1.00000000
1.00000000 212.00000000 1.00000000 1.00000000 1.00000000
1.00000000 306.30000000 1.00000000 1.00000000 1.00000000
1.00000000 306.70000000 1.00000000 1.00000000 1.00000000
0.99900987 333.30000000 0.99913043 0.99900990 0.99900000
0.99951923 228.40000000 0.99850746 1.00000000 1.00000000
1.00000000 163.50000000 1.00000000 1.00000000 1.00000000
1.00000000 62.90000000 1.00000000 1.00000000 1.00000000
1.00000000 163.50000000 1.00000000 1.00000000 1.00000000
1.00000000 163.60000000 1.00000000 1.00000000 1.00000000
1.00000000 159.40000000 1.00000000 1.00000000 1.00000000
1.00000000 62.20000000 1.00000000 1.00000000 1.00000000
1.00000000 203.50000000 1.00000000 1.00000000 1.00000000
1.00000000 103.80000000 1.00000000 1.00000000 1.00000000
1.00000000 207.20000000 1.00000000 1.00000000 1.00000000
1.00000000 203.60000000 1.00000000 1.00000000 1.00000000
1.00000000 206.00000000 1.00000000 1.00000000 1.00000000
0.99898990 104.30000000 1.00000000 0.99677419 1.00000000
1.00000000 349.70000000 1.00000000 1.00000000 1.00000000
1.00000000 252.70000000 1.00000000 1.00000000 1.00000000
1.00000000 346.80000000 1.00000000 1.00000000 1.00000000
1.00000000 349.70000000 1.00000000 1.00000000 1.00000000
1.00000000 351.90000000 1.00000000 1.00000000 1.00000000
1.00000000 254.50000000 1.00000000 1.00000000 1.00000000
0.99886933 290.60000000 0.99895833 1.00000000 0.99784591
0.99969136 353.60000000 1.00000000 0.99905660 1.00000000
0.99924812 296.10000000 0.99885057 1.00000000 0.99883721
0.99886507 290.50000000 0.99896907 1.00000000 0.99783865
1.00000000 266.40000000 1.00000000 1.00000000 1.00000000
1.00000000 322.90000000 1.00000000 1.00000000 1.00000000
1.00000000 121.80000000 1.00000000 1.00000000 1.00000000
1.00000000 181.40000000 1.00000000 1.00000000 1.00000000
1.00000000 122.00000000 1.00000000 1.00000000 1.00000000
1.00000000 121.40000000 1.00000000 1.00000000 1.00000000
0.99911504 123.30000000 0.99767442 1.00000000 1.00000000
1.00000000 180.00000000 1.00000000 1.00000000 1.00000000
1.00000000 98.60000000 1.00000000 1.00000000 1.00000000
1.00000000 308.40000000 1.00000000 1.00000000 1.00000000
1.00000000 98.70000000 1.00000000 1.00000000 1.00000000
1.00000000 98.60000000 1.00000000 1.00000000 1.00000000
0.99895833 105.30000000 1.00000000 1.00000000 0.99687500
0.99901955 330.60000000 0.99908257 1.00000000 0.99805743
0.99960000 263.20000000 0.99864865 1.00000000 1.00000000
1.00000000 163.30000000 1.00000000 1.00000000 1.00000000
0.99959677 263.70000000 1.00000000 1.00000000 0.99861111
0.99959514 262.80000000 0.99885057 1.00000000 1.00000000
1.00000000 256.40000000 1.00000000 1.00000000 1.00000000
1.00000000 159.60000000 1.00000000 1.00000000 1.00000000
1.00000000 334.10000000 1.00000000 1.00000000 1.00000000
1.00000000 81.70000000 1.00000000 1.00000000 1.00000000
1.00000000 334.10000000 1.00000000 1.00000000 1.00000000
1.00000000 333.80000000 1.00000000 1.00000000 1.00000000
1.00000000 324.70000000 1.00000000 1.00000000 1.00000000
1.00000000 78.80000000 1.00000000 1.00000000 1.00000000
0.99822809 187.90000000 0.99622507 0.99814815 1.00000000
0.99825114 248.50000000 0.99725564 0.99888889 0.99880952
0.99822809 187.90000000 0.99622507 0.99814815 1.00000000
0.99881980 187.90000000 0.99811321 0.99818182 1.00000000
1.00000000 181.30000000 1.00000000 1.00000000 1.00000000
1.00000000 242.80000000 1.00000000 1.00000000 1.00000000
1.00000000 145.70000000 1.00000000 1.00000000 1.00000000
0.99850597 290.30000000 0.99876543 0.99774826 0.99892473
0.99852941 145.30000000 0.99787234 0.99782609 1.00000000
1.00000000 144.40000000 1.00000000 1.00000000 1.00000000
1.00000000 137.10000000 1.00000000 1.00000000 1.00000000
1.00000000 272.60000000 1.00000000 1.00000000 1.00000000
1.00000000 294.20000000 1.00000000 1.00000000 1.00000000
1.00000000 119.40000000 1.00000000 1.00000000 1.00000000
1.00000000 291.20000000 1.00000000 1.00000000 1.00000000
1.00000000 294.20000000 1.00000000 1.00000000 1.00000000
0.99965157 305.70000000 1.00000000 0.99887640 1.00000000
0.99828323 125.30000000 0.99803922 0.99687500 1.00000000
1.00000000 222.20000000 1.00000000 1.00000000 1.00000000
1.00000000 201.40000000 1.00000000 1.00000000 1.00000000
1.00000000 220.90000000 1.00000000 1.00000000 1.00000000
1.00000000 222.20000000 1.00000000 1.00000000 1.00000000
1.00000000 229.90000000 1.00000000 1.00000000 1.00000000
0.99946809 207.90000000 0.99859155 1.00000000 1.00000000
1.00000000 59.40000000 1.00000000 1.00000000 1.00000000
1.00000000 341.70000000 1.00000000 1.00000000 1.00000000
1.00000000 59.50000000 1.00000000 1.00000000 1.00000000
1.00000000 59.40000000 1.00000000 1.00000000 1.00000000
1.00000000 62.80000000 1.00000000 1.00000000 1.00000000
1.00000000 356.80000000 1.00000000 1.00000000 1.00000000
1.00000000 67.30000000 1.00000000 1.00000000 1.00000000
1.00000000 96.80000000 1.00000000 1.00000000 1.00000000
1.00000000 67.30000000 1.00000000 1.00000000 1.00000000
1.00000000 67.30000000 1.00000000 1.00000000 1.00000000
1.00000000 66.30000000 1.00000000 1.00000000 1.00000000
1.00000000 96.30000000 1.00000000 1.00000000 1.00000000
0.99953271 236.60000000 1.00000000 0.99836066 1.00000000
0.99876033 267.30000000 0.99873418 1.00000000 0.99745213
1.00000000 237.60000000 1.00000000 1.00000000 1.00000000
0.99953488 235.20000000 0.99857143 1.00000000 1.00000000
0.99953917 235.30000000 1.00000000 0.99863014 1.00000000
0.99958678 263.40000000 1.00000000 0.99852941 1.00000000
1.00000000 294.60000000 1.00000000 1.00000000 1.00000000
1.00000000 323.00000000 1.00000000 1.00000000 1.00000000
1.00000000 296.10000000 1.00000000 1.00000000 1.00000000
1.00000000 294.40000000 1.00000000 1.00000000 1.00000000
0.99930314 305.80000000 1.00000000 0.99883721 0.99882353
1.00000000 337.20000000 1.00000000 1.00000000 1.00000000
0.99928571 148.30000000 1.00000000 0.99756098 1.00000000
1.00000000 178.40000000 1.00000000 1.00000000 1.00000000
1.00000000 149.10000000 1.00000000 1.00000000 1.00000000
0.99929078 147.90000000 1.00000000 0.99750000 1.00000000
1.00000000 140.00000000 1.00000000 1.00000000 1.00000000
1.00000000 168.80000000 1.00000000 1.00000000 1.00000000
1.00000000 188.00000000 1.00000000 1.00000000 1.00000000
1.00000000 137.30000000 1.00000000 1.00000000 1.00000000
1.00000000 187.50000000 1.00000000 1.00000000 1.00000000
1.00000000 187.90000000 1.00000000 1.00000000 1.00000000
1.00000000 188.60000000 1.00000000 1.00000000 1.00000000
1.00000000 139.40000000 1.00000000 1.00000000 1.00000000
1.00000000 329.30000000 1.00000000 1.00000000 1.00000000
1.00000000 283.10000000 1.00000000 1.00000000 1.00000000
1.00000000 329.60000000 1.00000000 1.00000000 1.00000000
1.00000000 329.40000000 1.00000000 1.00000000 1.00000000
1.00000000 333.70000000 1.00000000 1.00000000 1.00000000
1.00000000 285.90000000 1.00000000 1.00000000 1.00000000
0.99921260 275.00000000 1.00000000 0.99885057 0.99885057
0.99951220 224.10000000 0.99879518 1.00000000 1.00000000
1.00000000 273.30000000 1.00000000 1.00000000 1.00000000
0.99920477 274.70000000 1.00000000 0.99892473 0.99866667
1.00000000 263.90000000 1.00000000 1.00000000 1.00000000
1.00000000 214.80000000 1.00000000 1.00000000 1.00000000
1.00000000 105.80000000 1.00000000 1.00000000 1.00000000
1.00000000 57.30000000 1.00000000 1.00000000 1.00000000
1.00000000 105.80000000 1.00000000 1.00000000 1.00000000
1.00000000 105.60000000 1.00000000 1.00000000 1.00000000
0.99902913 112.80000000 0.99666667 1.00000000 1.00000000
1.00000000 59.80000000 1.00000000 1.00000000 1.00000000
1.00000000 120.30000000 1.00000000 1.00000000 1.00000000
1.00000000 261.40000000 1.00000000 1.00000000 1.00000000
1.00000000 120.30000000 1.00000000 1.00000000 1.00000000
1.00000000 120.30000000 1.00000000 1.00000000 1.00000000
1.00000000 127.90000000 1.00000000 1.00000000 1.00000000
0.99961240 277.30000000 1.00000000 1.00000000 0.99904762
1.00000000 285.00000000 1.00000000 1.00000000 1.00000000
1.00000000 115.90000000 1.00000000 1.00000000 1.00000000
0.99888886 284.50000000 0.99886364 0.99796066 1.00000000
1.00000000 284.90000000 1.00000000 1.00000000 1.00000000
1.00000000 274.30000000 1.00000000 1.00000000 1.00000000
1.00000000 113.20000000 1.00000000 1.00000000 1.00000000
1.00000000 354.40000000 1.00000000 1.00000000 1.00000000
1.00000000 190.80000000 1.00000000 1.00000000 1.00000000
1.00000000 355.70000000 1.00000000 1.00000000 1.00000000
1.00000000 353.80000000 1.00000000 1.00000000 1.00000000
1.00000000 359.40000000 1.00000000 1.00000000 1.00000000
1.00000000 193.30000000 1.00000000 1.00000000 1.00000000
1.00000000 211.70000000 1.00000000 1.00000000 1.00000000
0.99969325 360.90000000 1.00000000 1.00000000 0.99909910
0.99950249 210.10000000 0.99838710 1.00000000 1.00000000
1.00000000 211.70000000 1.00000000 1.00000000 1.00000000
0.99949749 214.20000000 0.99841270 1.00000000 1.00000000
0.99940826 368.20000000 1.00000000 0.99824440 1.00000000
0.99871795 172.30000000 1.00000000 0.99782609 0.99833333
0.99933220 326.50000000 1.00000000 1.00000000 0.99795151
1.00000000 171.90000000 1.00000000 1.00000000 1.00000000
0.99872611 172.30000000 1.00000000 0.99787234 0.99830508
1.00000000 161.60000000 1.00000000 1.00000000 1.00000000
1.00000000 305.40000000 1.00000000 1.00000000 1.00000000
0.99967213 319.50000000 1.00000000 1.00000000 0.99896907
1.00000000 154.00000000 1.00000000 1.00000000 1.00000000
1.00000000 318.50000000 1.00000000 1.00000000 1.00000000
1.00000000 319.70000000 1.00000000 1.00000000 1.00000000
0.99934853 332.60000000 0.99904762 0.99896907 1.00000000
1.00000000 160.70000000 1.00000000 1.00000000 1.00000000
0.99956897 250.40000000 0.99890110 1.00000000 1.00000000
1.00000000 78.40000000 1.00000000 1.00000000 1.00000000
1.00000000 250.20000000 1.00000000 1.00000000 1.00000000
0.99914162 251.50000000 0.99883721 1.00000000 0.99876543
0.99956522 246.20000000 1.00000000 0.99859155 1.00000000
1.00000000 77.80000000 1.00000000 1.00000000 1.00000000
1.00000000 83.90000000 1.00000000 1.00000000 1.00000000
1.00000000 227.40000000 1.00000000 1.00000000 1.00000000
1.00000000 83.90000000 1.00000000 1.00000000 1.00000000
1.00000000 83.90000000 1.00000000 1.00000000 1.00000000
1.00000000 82.80000000 1.00000000 1.00000000 1.00000000
1.00000000 223.70000000 1.00000000 1.00000000 1.00000000
0.99863014 80.60000000 1.00000000 1.00000000 0.99473684
0.99830822 194.70000000 0.99694639 1.00000000 0.99814815
1.00000000 79.90000000 1.00000000 1.00000000 1.00000000
0.99864865 79.60000000 1.00000000 1.00000000 0.99615385
1.00000000 77.40000000 1.00000000 1.00000000 1.00000000
1.00000000 187.50000000 1.00000000 1.00000000 1.00000000
1.00000000 231.70000000 1.00000000 1.00000000 1.00000000
1.00000000 338.00000000 1.00000000 1.00000000 1.00000000
1.00000000 231.30000000 1.00000000 1.00000000 1.00000000
1.00000000 231.80000000 1.00000000 1.00000000 1.00000000
1.00000000 224.60000000 1.00000000 1.00000000 1.00000000
1.00000000 328.90000000 1.00000000 1.00000000 1.00000000
1.00000000 317.40000000 1.00000000 1.00000000 1.00000000
0.99960474 266.50000000 1.00000000 1.00000000 0.99868421
1.00000000 319.80000000 1.00000000 1.00000000 1.00000000
1.00000000 315.90000000 1.00000000 1.00000000 1.00000000
1.00000000 307.60000000 1.00000000 1.00000000 1.00000000
1.00000000 259.90000000 1.00000000 1.00000000 1.00000000
1.00000000 149.70000000 1.00000000 1.00000000 1.00000000
1.00000000 102.50000000 1.00000000 1.00000000 1.00000000
1.00000000 150.30000000 1.00000000 1.00000000 1.00000000
1.00000000 149.90000000 1.00000000 1.00000000 1.00000000
1.00000000 162.00000000 1.00000000 1.00000000 1.00000000
1.00000000 108.20000000 1.00000000 1.00000000 1.00000000
1.00000000 190.70000000 1.00000000 1.00000000 1.00000000
1.00000000 65.20000000 1.00000000 1.00000000 1.00000000
1.00000000 190.20000000 1.00000000 1.00000000 1.00000000
1.00000000 190.90000000 1.00000000 1.00000000 1.00000000
1.00000000 194.60000000 1.00000000 1.00000000 1.00000000
1.00000000 67.20000000 1.00000000 1.00000000 1.00000000
1.00000000 362.90000000 1.00000000 1.00000000 1.00000000
0.99952830 229.20000000 1.00000000 0.99859155 1.00000000
1.00000000 361.60000000 1.00000000 1.00000000 1.00000000
1.00000000 363.40000000 1.00000000 1.00000000 1.00000000
0.99910526 368.10000000 0.99897959 0.99908257 0.99905660
0.99953271 234.30000000 1.00000000 0.99876543 1.00000000
1.00000000 273.80000000 1.00000000 1.00000000 1.00000000
1.00000000 303.10000000 1.00000000 1.00000000 1.00000000
1.00000000 272.70000000 1.00000000 1.00000000 1.00000000
1.00000000 274.00000000 1.00000000 1.00000000 1.00000000
1.00000000 278.70000000 1.00000000 1.00000000 1.00000000
0.99931128 308.00000000 0.99893617 1.00000000 0.99892473
1.00000000 122.40000000 1.00000000 1.00000000 1.00000000
0.99857136 155.50000000 0.99565217 1.00000000 1.00000000
0.99820595 124.10000000 1.00000000 0.99492940 1.00000000
1.00000000 122.30000000 1.00000000 1.00000000 1.00000000
1.00000000 112.90000000 1.00000000 1.00000000 1.00000000
1.00000000 141.20000000 1.00000000 1.00000000 1.00000000
1.00000000 98.40000000 1.00000000 1.00000000 1.00000000
0.99942112 367.10000000 0.99825057 1.00000000 1.00000000
1.00000000 97.80000000 1.00000000 1.00000000 1.00000000
1.00000000 98.40000000 1.00000000 1.00000000 1.00000000
1.00000000 97.20000000 1.00000000 1.00000000 1.00000000
1.00000000 361.10000000 1.00000000 1.00000000 1.00000000
0.99958678 246.80000000 1.00000000 1.00000000 0.99871795
1.00000000 199.30000000 1.00000000 1.00000000 1.00000000
1.00000000 246.40000000 1.00000000 1.00000000 1.00000000
0.99958678 246.80000000 1.00000000 1.00000000 0.99871795
0.99835385 268.50000000 0.99870130 0.99764706 0.99859155
0.99846931 217.90000000 1.00000000 0.99843750 0.99724020
0.99842760 349.30000000 0.99716141 0.99802568 1.00000000
1.00000000 130.30000000 1.00000000 1.00000000 1.00000000
0.99936796 347.50000000 1.00000000 0.99805743 1.00000000
0.99842760 349.30000000 0.99716141 0.99802568 1.00000000
0.99968254 342.90000000 1.00000000 1.00000000 0.99894737
1.00000000 130.00000000 1.00000000 1.00000000 1.00000000
1.00000000 175.10000000 1.00000000 1.00000000 1.00000000
1.00000000 282.00000000 1.00000000 1.00000000 1.00000000
1.00000000 175.00000000 1.00000000 1.00000000 1.00000000
1.00000000 175.00000000 1.00000000 1.00000000 1.00000000
1.00000000 171.10000000 1.00000000 1.00000000 1.00000000
1.00000000 276.20000000 1.00000000 1.00000000 1.00000000
1.00000000 134.10000000 1.00000000 1.00000000 1.00000000
1.00000000 239.60000000 1.00000000 1.00000000 1.00000000
1.00000000 134.00000000 1.00000000 1.00000000 1.00000000
1.00000000 134.20000000 1.00000000 1.00000000 1.00000000
0.99844961 138.70000000 1.00000000 1.00000000 0.99523810
1.00000000 249.00000000 1.00000000 1.00000000 1.00000000
0.99964286 302.80000000 1.00000000 1.00000000 0.99894737
0.99760470 89.10000000 1.00000000 0.99337607 1.00000000
0.99928563 301.40000000 1.00000000 0.99789474 1.00000000
0.99964158 302.30000000 1.00000000 1.00000000 0.99900000
1.00000000 283.10000000 1.00000000 1.00000000 1.00000000
1.00000000 83.30000000 1.00000000 1.00000000 1.00000000
1.00000000 206.50000000 1.00000000 1.00000000 1.00000000
1.00000000 158.60000000 1.00000000 1.00000000 1.00000000
1.00000000 206.00000000 1.00000000 1.00000000 1.00000000
1.00000000 206.60000000 1.00000000 1.00000000 1.00000000
1.00000000 212.80000000 1.00000000 1.00000000 1.00000000
1.00000000 164.30000000 1.00000000 1.00000000 1.00000000
1.00000000 58.20000000 1.00000000 1.00000000 1.00000000
1.00000000 323.90000000 1.00000000 1.00000000 1.00000000
1.00000000 57.70000000 1.00000000 1.00000000 1.00000000
1.00000000 58.30000000 1.00000000 1.00000000 1.00000000
1.00000000 60.80000000 1.00000000 1.00000000 1.00000000
0.99967320 336.00000000 0.99909910 1.00000000 1.00000000
1.00000000 57.70000000 1.00000000 1.00000000 1.00000000
1.00000000 248.90000000 1.00000000 1.00000000 1.00000000
1.00000000 57.70000000 1.00000000 1.00000000 1.00000000
1.00000000 57.70000000 1.00000000 1.00000000 1.00000000
1.00000000 62.40000000 1.00000000 1.00000000 1.00000000
0.99958848 266.40000000 1.00000000 0.99890110 1.00000000
1.00000000 222.70000000 1.00000000 1.00000000 1.00000000
1.00000000 101.70000000 1.00000000 1.00000000 1.00000000
0.99951923 223.90000000 1.00000000 0.99836066 1.00000000
1.00000000 221.60000000 1.00000000 1.00000000 1.00000000
1.00000000 214.50000000 1.00000000 1.00000000 1.00000000
1.00000000 97.10000000 1.00000000 1.00000000 1.00000000
1.00000000 293.20000000 1.00000000 1.00000000 1.00000000
1.00000000 176.70000000 1.00000000 1.00000000 1.00000000
1.00000000 293.20000000 1.00000000 1.00000000 1.00000000
1.00000000 293.00000000 1.00000000 1.00000000 1.00000000
1.00000000 283.10000000 1.00000000 1.00000000 1.00000000
1.00000000 170.30000000 1.00000000 1.00000000 1.00000000
0.99921875 145.60000000 0.99750000 1.00000000 1.00000000
0.99875383 351.80000000 0.99919355 0.99801614 0.99902913
1.00000000 145.30000000 1.00000000 1.00000000 1.00000000
1.00000000 146.40000000 1.00000000 1.00000000 1.00000000
1.00000000 138.90000000 1.00000000 1.00000000 1.00000000
1.00000000 335.50000000 1.00000000 1.00000000 1.00000000
1.00000000 182.90000000 1.00000000 1.00000000 1.00000000
0.99928946 304.90000000 1.00000000 0.99778837 1.00000000
0.99941176 183.20000000 1.00000000 0.99846154 1.00000000
1.00000000 182.50000000 1.00000000 1.00000000 1.00000000
1.00000000 173.10000000 1.00000000 1.00000000 1.00000000
1.00000000 286.70000000 1.00000000 1.00000000 1.00000000
1.00000000 327.70000000 1.00000000 1.00000000 1.00000000
1.00000000 136.30000000 1.00000000 1.00000000 1.00000000
1.00000000 330.50000000 1.00000000 1.00000000 1.00000000
1.00000000 327.90000000 1.00000000 1.00000000 1.00000000
0.99968454 339.90000000 1.00000000 0.99903846 1.00000000
0.99924242 141.10000000 1.00000000 1.00000000 0.99791667
0.99958678 259.50000000 1.00000000 0.99896907 1.00000000
1.00000000 60.30000000 1.00000000 1.00000000 1.00000000
1.00000000 256.50000000 1.00000000 1.00000000 1.00000000
0.99959184 259.90000000 1.00000000 0.99887640 1.00000000
1.00000000 266.40000000 1.00000000 1.00000000 1.00000000
1.00000000 63.20000000 1.00000000 1.00000000 1.00000000
1.00000000 94.70000000 1.00000000 1.00000000 1.00000000
1.00000000 207.90000000 1.00000000 1.00000000 1.00000000
1.00000000 94.70000000 1.00000000 1.00000000 1.00000000
1.00000000 94.90000000 1.00000000 1.00000000 1.00000000
1.00000000 99.20000000 1.00000000 1.00000000 1.00000000
0.99951220 216.80000000 1.00000000 0.99873418 1.00000000
1.00000000 118.10000000 1.00000000 1.00000000 1.00000000
1.00000000 118.10000000 1.00000000 1.00000000 1.00000000
1.00000000 118.00000000 1.00000000 1.00000000 1.00000000
1.00000000 118.30000000 1.00000000 1.00000000 1.00000000
1.00000000 116.60000000 1.00000000 1.00000000 1.00000000
1.00000000 116.20000000 1.00000000 1.00000000 1.00000000
0.99923927 287.90000000 0.99887640 1.00000000 0.99878049
0.99923927 287.90000000 0.99887640 1.00000000 0.99878049
0.99848162 287.00000000 0.99767037 0.99873418 0.99882353
1.00000000 287.80000000 1.00000000 1.00000000 1.00000000
0.99962264 282.30000000 1.00000000 1.00000000 0.99897959
1.00000000 281.40000000 1.00000000 1.00000000 1.00000000
1.00000000 341.20000000 1.00000000 1.00000000 1.00000000
1.00000000 341.20000000 1.00000000 1.00000000 1.00000000
1.00000000 341.40000000 1.00000000 1.00000000 1.00000000
1.00000000 341.30000000 1.00000000 1.00000000 1.00000000
0.99911678 372.90000000 0.99838054 0.99918033 1.00000000
0.99911583 376.30000000 1.00000000 0.99898990 0.99821627
0.99947368 200.90000000 1.00000000 1.00000000 0.99814815
0.99947368 200.90000000 1.00000000 1.00000000 0.99814815
0.99947368 199.90000000 1.00000000 0.99814815 1.00000000
1.00000000 200.70000000 1.00000000 1.00000000 1.00000000
1.00000000 197.50000000 1.00000000 1.00000000 1.00000000
1.00000000 197.80000000 1.00000000 1.00000000 1.00000000
1.00000000 160.90000000 1.00000000 1.00000000 1.00000000
1.00000000 160.90000000 1.00000000 1.00000000 1.00000000
1.00000000 163.40000000 1.00000000 1.00000000 1.00000000
1.00000000 160.70000000 1.00000000 1.00000000 1.00000000
0.99934211 163.50000000 1.00000000 0.99811321 1.00000000
0.99932886 165.40000000 1.00000000 0.99787234 1.00000000
1.00000000 309.10000000 1.00000000 1.00000000 1.00000000
1.00000000 309.10000000 1.00000000 1.00000000 1.00000000
1.00000000 308.40000000 1.00000000 1.00000000 1.00000000
1.00000000 309.50000000 1.00000000 1.00000000 1.00000000
1.00000000 311.40000000 1.00000000 1.00000000 1.00000000
1.00000000 311.30000000 1.00000000 1.00000000 1.00000000
0.99734506 248.60000000 0.99313451 0.99871795 1.00000000
0.99734506 248.60000000 0.99313451 0.99871795 1.00000000
0.99910713 250.00000000 0.99868421 0.99864865 1.00000000
0.99734503 248.20000000 0.99347011 0.99866667 1.00000000
1.00000000 229.00000000 1.00000000 1.00000000 1.00000000
1.00000000 229.00000000 1.00000000 1.00000000 1.00000000
1.00000000 79.40000000 1.00000000 1.00000000 1.00000000
1.00000000 79.40000000 1.00000000 1.00000000 1.00000000
1.00000000 80.00000000 1.00000000 1.00000000 1.00000000
1.00000000 79.40000000 1.00000000 1.00000000 1.00000000
1.00000000 79.60000000 1.00000000 1.00000000 1.00000000
1.00000000 80.00000000 1.00000000 1.00000000 1.00000000
