300.0000 10.0000 0.9000 65.0000
300.0000 10.0000 0.9000 65.0000
300.0000 10.0000 0.9000 65.0000
300.0000 10.0000 0.9000 65.0000
300.0000 10.0000 0.9000 65.0000
300.0000 10.0000 0.9000 65.0000
500.0000 32.5000 0.9500 92.5000
500.0000 32.5000 0.9500 92.5000
500.0000 32.5000 0.9500 92.5000
500.0000 32.5000 0.9500 92.5000
500.0000 32.5000 0.9500 92.5000
500.0000 32.5000 0.9500 92.5000
600.0000 21.2500 0.9250 78.7500
600.0000 21.2500 0.9250 78.7500
600.0000 43.7500 0.9250 78.7500
600.0000 21.2500 0.9250 78.7500
600.0000 21.2500 0.9250 106.2500
600.0000 43.7500 0.9250 106.2500
400.0000 43.7500 0.9750 106.2500
400.0000 43.7500 0.9750 106.2500
400.0000 21.2500 0.9750 106.2500
400.0000 43.7500 0.9750 106.2500
400.0000 43.7500 0.9750 78.7500
400.0000 21.2500 0.9750 78.7500
450.0000 26.8750 0.9625 113.1250
450.0000 26.8750 0.9625 113.1250
450.0000 15.6250 0.9625 113.1250
450.0000 26.8750 0.9375 113.1250
450.0000 26.8750 0.9625 113.1250
450.0000 15.6250 0.9375 113.1250
650.0000 49.3750 0.9125 85.6250
650.0000 49.3750 0.9125 85.6250
650.0000 38.1250 0.9125 85.6250
650.0000 49.3750 0.9875 85.6250
650.0000 49.3750 0.9125 85.6250
650.0000 38.1250 0.9875 85.6250
550.0000 15.6250 0.9875 99.3750
550.0000 15.6250 0.9875 99.3750
550.0000 49.3750 0.9875 99.3750
550.0000 15.6250 0.9125 99.3750
550.0000 15.6250 0.9875 71.8750
550.0000 49.3750 0.9125 71.8750
350.0000 38.1250 0.9375 71.8750
350.0000 38.1250 0.9375 71.8750
350.0000 26.8750 0.9375 71.8750
350.0000 38.1250 0.9625 71.8750
350.0000 38.1250 0.9375 99.3750
350.0000 26.8750 0.9625 99.3750
375.0000 24.0625 0.9938 89.0625
525.0000 24.0625 0.9938 89.0625
375.0000 24.0625 0.9938 89.0625
375.0000 24.0625 0.9437 89.0625
375.0000 24.0625 0.9938 116.5625
525.0000 24.0625 0.9437 116.5625
575.0000 46.5625 0.9437 116.5625
325.0000 46.5625 0.9437 116.5625
575.0000 46.5625 0.9437 116.5625
575.0000 46.5625 0.9938 116.5625
575.0000 46.5625 0.9437 89.0625
325.0000 46.5625 0.9938 89.0625
675.0000 12.8125 0.9688 75.3125
425.0000 12.8125 0.9688 75.3125
675.0000 35.3125 0.9688 75.3125
675.0000 12.8125 0.9188 75.3125
675.0000 12.8125 0.9688 75.3125
425.0000 35.3125 0.9188 75.3125
475.0000 35.3125 0.9188 102.8125
625.0000 35.3125 0.9188 102.8125
475.0000 12.8125 0.9188 102.8125
475.0000 35.3125 0.9688 102.8125
475.0000 35.3125 0.9188 102.8125
625.0000 12.8125 0.9688 102.8125
425.0000 18.4375 0.9313 95.9375
675.0000 18.4375 0.9313 95.9375
425.0000 29.6875 0.9313 95.9375
425.0000 18.4375 0.9062 95.9375
425.0000 18.4375 0.9313 68.4375
675.0000 29.6875 0.9062 68.4375
625.0000 40.9375 0.9812 68.4375
475.0000 40.9375 0.9812 68.4375
625.0000 52.1875 0.9812 68.4375
625.0000 40.9375 0.9563 68.4375
625.0000 40.9375 0.9812 95.9375
475.0000 52.1875 0.9563 95.9375
525.0000 29.6875 0.9062 109.6875
375.0000 29.6875 0.9062 109.6875
525.0000 40.9375 0.9062 109.6875
525.0000 29.6875 0.9313 109.6875
525.0000 29.6875 0.9062 109.6875
375.0000 40.9375 0.9313 109.6875
325.0000 52.1875 0.9563 82.1875
575.0000 52.1875 0.9563 82.1875
325.0000 18.4375 0.9563 82.1875
325.0000 52.1875 0.9812 82.1875
325.0000 52.1875 0.9563 82.1875
575.0000 18.4375 0.9812 82.1875
337.5000 31.0938 0.9469 101.0938
412.5000 31.0938 0.9469 101.0938
337.5000 53.5938 0.9469 101.0938
337.5000 31.0938 0.9531 101.0938
337.5000 31.0938 0.9469 111.4062
412.5000 53.5938 0.9531 111.4062
537.5000 53.5938 0.9969 73.5938
612.5000 53.5938 0.9969 73.5938
537.5000 31.0938 0.9969 73.5938
537.5000 53.5938 0.9031 73.5938
537.5000 53.5938 0.9969 83.9062
612.5000 31.0938 0.9031 83.9062
637.5000 19.8438 0.9219 114.8438
512.5000 19.8438 0.9219 114.8438
637.5000 19.8438 0.9219 114.8438
637.5000 19.8438 0.9781 114.8438
637.5000 19.8438 0.9219 70.1562
512.5000 19.8438 0.9781 70.1562
437.5000 42.3438 0.9719 87.3438
312.5000 42.3438 0.9719 87.3438
437.5000 42.3438 0.9719 87.3438
437.5000 42.3438 0.9281 87.3438
437.5000 42.3438 0.9719 97.6562
312.5000 42.3438 0.9281 97.6562
487.5000 14.2188 0.9844 80.4688
362.5000 14.2188 0.9844 80.4688
487.5000 47.9688 0.9844 80.4688
487.5000 14.2188 0.9906 80.4688
487.5000 14.2188 0.9844 77.0312
362.5000 47.9688 0.9906 77.0312
687.5000 36.7188 0.9344 107.9688
562.5000 36.7188 0.9344 107.9688
687.5000 25.4688 0.9344 107.9688
687.5000 36.7188 0.9406 107.9688
687.5000 36.7188 0.9344 104.5312
562.5000 25.4688 0.9406 104.5312
587.5000 25.4688 0.9594 66.7188
662.5000 25.4688 0.9594 66.7188
587.5000 14.2188 0.9594 66.7188
587.5000 25.4688 0.9656 66.7188
587.5000 25.4688 0.9594 118.2812
662.5000 14.2188 0.9656 118.2812
387.5000 47.9688 0.9094 94.2188
462.5000 47.9688 0.9094 94.2188
387.5000 36.7188 0.9094 94.2188
387.5000 47.9688 0.9156 94.2188
387.5000 47.9688 0.9094 90.7812
462.5000 36.7188 0.9156 90.7812
362.5000 17.0312 0.9531 111.4062
637.5000 17.0312 0.9531 111.4062
362.5000 39.5312 0.9531 111.4062
362.5000 17.0312 0.9969 111.4062
362.5000 17.0312 0.9531 73.5938
637.5000 39.5312 0.9969 73.5938
562.5000 39.5312 0.9031 83.9062
437.5000 39.5312 0.9031 83.9062
562.5000 17.0312 0.9031 83.9062
562.5000 39.5312 0.9469 83.9062
562.5000 39.5312 0.9031 101.0938
437.5000 17.0312 0.9469 101.0938
662.5000 28.2812 0.9781 97.6562
337.5000 28.2812 0.9781 97.6562
662.5000 28.2812 0.9781 97.6562
662.5000 28.2812 0.9719 97.6562
662.5000 28.2812 0.9781 114.8438
337.5000 28.2812 0.9719 114.8438
462.5000 50.7812 0.9281 70.1562
537.5000 50.7812 0.9281 70.1562
462.5000 50.7812 0.9281 70.1562
462.5000 50.7812 0.9219 70.1562
462.5000 50.7812 0.9281 87.3438
537.5000 50.7812 0.9219 87.3438
412.5000 22.6562 0.9156 77.0312
587.5000 22.6562 0.9156 77.0312
412.5000 33.9062 0.9156 77.0312
412.5000 22.6562 0.9594 77.0312
412.5000 22.6562 0.9156 107.9688
587.5000 33.9062 0.9594 107.9688
612.5000 45.1562 0.9656 104.5312
387.5000 45.1562 0.9656 104.5312
612.5000 11.4062 0.9656 104.5312
612.5000 45.1562 0.9094 104.5312
612.5000 45.1562 0.9656 80.4688
387.5000 11.4062 0.9094 80.4688
512.5000 11.4062 0.9406 90.7812
487.5000 11.4062 0.9406 90.7812
512.5000 22.6562 0.9406 90.7812
512.5000 11.4062 0.9844 90.7812
512.5000 11.4062 0.9406 66.7188
487.5000 22.6562 0.9844 66.7188
312.5000 33.9062 0.9906 118.2812
687.5000 33.9062 0.9906 118.2812
312.5000 45.1562 0.9906 118.2812
312.5000 33.9062 0.9344 118.2812
312.5000 33.9062 0.9906 94.2188
687.5000 45.1562 0.9344 94.2188
318.7500 21.9531 0.9703 95.0781
356.2500 21.9531 0.9703 95.0781
318.7500 51.4844 0.9703 95.0781
318.7500 21.9531 0.9797 95.0781
318.7500 21.9531 0.9703 101.9531
356.2500 51.4844 0.9797 101.9531
518.7500 44.4531 0.9203 67.5781
556.2500 44.4531 0.9203 67.5781
518.7500 28.9844 0.9203 67.5781
518.7500 44.4531 0.9297 67.5781
518.7500 44.4531 0.9203 74.4531
556.2500 28.9844 0.9297 74.4531
618.7500 10.7031 0.9953 108.8281
656.2500 10.7031 0.9953 108.8281
618.7500 17.7344 0.9953 108.8281
618.7500 10.7031 0.9547 108.8281
618.7500 10.7031 0.9953 88.2031
656.2500 17.7344 0.9547 88.2031
418.7500 33.2031 0.9453 81.3281
456.2500 33.2031 0.9453 81.3281
418.7500 40.2344 0.9453 81.3281
418.7500 33.2031 0.9047 81.3281
418.7500 33.2031 0.9453 115.7031
456.2500 40.2344 0.9047 115.7031
468.7500 16.3281 0.9078 88.2031
406.2500 16.3281 0.9078 88.2031
468.7500 45.8594 0.9078 88.2031
468.7500 16.3281 0.9672 88.2031
468.7500 16.3281 0.9078 81.3281
406.2500 45.8594 0.9672 81.3281
668.7500 38.8281 0.9578 115.7031
606.2500 38.8281 0.9578 115.7031
668.7500 23.3594 0.9578 115.7031
668.7500 38.8281 0.9172 115.7031
668.7500 38.8281 0.9578 108.8281
606.2500 23.3594 0.9172 108.8281
568.7500 27.5781 0.9328 74.4531
506.2500 27.5781 0.9328 74.4531
568.7500 12.1094 0.9328 74.4531
568.7500 27.5781 0.9922 74.4531
568.7500 27.5781 0.9328 95.0781
506.2500 12.1094 0.9922 95.0781
368.7500 50.0781 0.9828 101.9531
306.2500 50.0781 0.9828 101.9531
368.7500 34.6094 0.9828 101.9531
368.7500 50.0781 0.9422 101.9531
368.7500 50.0781 0.9828 67.5781
306.2500 34.6094 0.9422 67.5781
393.7500 13.5156 0.9266 119.1406
581.2500 13.5156 0.9266 119.1406
393.7500 43.0469 0.9266 119.1406
393.7500 13.5156 0.9734 119.1406
393.7500 13.5156 0.9266 84.7656
581.2500 43.0469 0.9734 84.7656
593.7500 36.0156 0.9766 91.6406
381.2500 36.0156 0.9766 91.6406
593.7500 20.5469 0.9766 91.6406
593.7500 36.0156 0.9234 91.6406
593.7500 36.0156 0.9766 112.2656
381.2500 20.5469 0.9234 112.2656
693.7500 24.7656 0.9016 105.3906
481.2500 24.7656 0.9016 105.3906
693.7500 31.7969 0.9016 105.3906
693.7500 24.7656 0.9984 105.3906
693.7500 24.7656 0.9016 98.5156
481.2500 31.7969 0.9984 98.5156
493.7500 47.2656 0.9516 77.8906
681.2500 47.2656 0.9516 77.8906
493.7500 54.2969 0.9516 77.8906
493.7500 47.2656 0.9484 77.8906
493.7500 47.2656 0.9516 71.0156
681.2500 54.2969 0.9484 71.0156
443.7500 30.3906 0.9891 71.0156
631.2500 30.3906 0.9891 71.0156
443.7500 37.4219 0.9891 71.0156
443.7500 30.3906 0.9859 71.0156
443.7500 30.3906 0.9891 105.3906
631.2500 37.4219 0.9859 105.3906
643.7500 52.8906 0.9391 98.5156
431.2500 52.8906 0.9391 98.5156
643.7500 14.9219 0.9391 98.5156
643.7500 52.8906 0.9359 98.5156
643.7500 52.8906 0.9391 77.8906
431.2500 14.9219 0.9359 77.8906
543.7500 19.1406 0.9641 84.7656
331.2500 19.1406 0.9641 84.7656
543.7500 26.1719 0.9641 84.7656
543.7500 19.1406 0.9609 84.7656
543.7500 19.1406 0.9641 91.6406
331.2500 26.1719 0.9609 91.6406
343.7500 41.6406 0.9141 112.2656
531.2500 41.6406 0.9141 112.2656
343.7500 48.6719 0.9141 112.2656
343.7500 41.6406 0.9109 112.2656
343.7500 41.6406 0.9141 119.1406
531.2500 48.6719 0.9109 119.1406
331.2500 20.5469 0.9797 72.7344
468.7500 20.5469 0.9797 72.7344
331.2500 13.5156 0.9797 72.7344
331.2500 20.5469 0.9266 72.7344
331.2500 20.5469 0.9797 89.9219
468.7500 13.5156 0.9266 89.9219
531.2500 43.0469 0.9297 100.2344
668.7500 43.0469 0.9297 100.2344
531.2500 36.0156 0.9297 100.2344
531.2500 43.0469 0.9766 100.2344
531.2500 43.0469 0.9297 117.4219
668.7500 36.0156 0.9766 117.4219
631.2500 31.7969 0.9547 86.4844
568.7500 31.7969 0.9547 86.4844
631.2500 47.2656 0.9547 86.4844
631.2500 31.7969 0.9016 86.4844
631.2500 31.7969 0.9547 103.6719
568.7500 47.2656 0.9016 103.6719
431.2500 54.2969 0.9047 113.9844
368.7500 54.2969 0.9047 113.9844
431.2500 24.7656 0.9047 113.9844
431.2500 54.2969 0.9516 113.9844
431.2500 54.2969 0.9047 76.1719
368.7500 24.7656 0.9516 76.1719
481.2500 26.1719 0.9422 107.1094
318.7500 26.1719 0.9422 107.1094
481.2500 19.1406 0.9422 107.1094
481.2500 26.1719 0.9141 107.1094
481.2500 26.1719 0.9422 96.7969
318.7500 19.1406 0.9141 96.7969
681.2500 48.6719 0.9922 79.6094
518.7500 48.6719 0.9922 79.6094
681.2500 41.6406 0.9922 79.6094
681.2500 48.6719 0.9641 79.6094
681.2500 48.6719 0.9922 69.2969
518.7500 41.6406 0.9641 69.2969
581.2500 14.9219 0.9172 93.3594
618.7500 14.9219 0.9172 93.3594
581.2500 52.8906 0.9172 93.3594
581.2500 14.9219 0.9391 93.3594
581.2500 14.9219 0.9172 83.0469
618.7500 52.8906 0.9391 83.0469
381.2500 37.4219 0.9672 65.8594
418.7500 37.4219 0.9672 65.8594
381.2500 30.3906 0.9672 65.8594
381.2500 37.4219 0.9891 65.8594
381.2500 37.4219 0.9672 110.5469
418.7500 30.3906 0.9891 110.5469
356.2500 28.9844 0.9234 83.0469
693.7500 28.9844 0.9234 83.0469
356.2500 21.9531 0.9234 83.0469
356.2500 28.9844 0.9203 83.0469
356.2500 28.9844 0.9234 93.3594
693.7500 21.9531 0.9203 93.3594
556.2500 51.4844 0.9734 110.5469
493.7500 51.4844 0.9734 110.5469
556.2500 44.4531 0.9734 110.5469
556.2500 51.4844 0.9703 110.5469
556.2500 51.4844 0.9734 65.8594
493.7500 44.4531 0.9703 65.8594
656.2500 17.7344 0.9484 69.2969
393.7500 17.7344 0.9484 69.2969
656.2500 33.2031 0.9484 69.2969
656.2500 17.7344 0.9453 69.2969
656.2500 17.7344 0.9484 79.6094
393.7500 33.2031 0.9453 79.6094
456.2500 40.2344 0.9984 96.7969
593.7500 40.2344 0.9984 96.7969
456.2500 10.7031 0.9984 96.7969
456.2500 40.2344 0.9953 96.7969
456.2500 40.2344 0.9984 107.1094
593.7500 10.7031 0.9953 107.1094
406.2500 12.1094 0.9609 103.6719
543.7500 12.1094 0.9609 103.6719
406.2500 27.5781 0.9609 103.6719
406.2500 12.1094 0.9328 103.6719
406.2500 12.1094 0.9609 86.4844
543.7500 27.5781 0.9328 86.4844
606.2500 34.6094 0.9109 76.1719
343.7500 34.6094 0.9109 76.1719
606.2500 50.0781 0.9109 76.1719
606.2500 34.6094 0.9828 76.1719
606.2500 34.6094 0.9109 113.9844
343.7500 50.0781 0.9828 113.9844
506.2500 23.3594 0.9859 117.4219
443.7500 23.3594 0.9859 117.4219
506.2500 38.8281 0.9859 117.4219
506.2500 23.3594 0.9078 117.4219
506.2500 23.3594 0.9859 100.2344
443.7500 38.8281 0.9078 100.2344
306.2500 45.8594 0.9359 89.9219
643.7500 45.8594 0.9359 89.9219
306.2500 16.3281 0.9359 89.9219
306.2500 45.8594 0.9578 89.9219
306.2500 45.8594 0.9359 72.7344
643.7500 16.3281 0.9578 72.7344
309.3750 27.9297 0.9820 110.9766
559.3750 27.9297 0.9820 110.9766
309.3750 30.0391 0.9820 110.9766
309.3750 27.9297 0.9664 110.9766
309.3750 27.9297 0.9820 76.6016
559.3750 30.0391 0.9664 76.6016
509.3750 50.4297 0.9320 83.4766
359.3750 50.4297 0.9320 83.4766
509.3750 52.5391 0.9320 83.4766
509.3750 50.4297 0.9164 83.4766
509.3750 50.4297 0.9320 104.1016
359.3750 52.5391 0.9164 104.1016
609.3750 16.6797 0.9570 97.2266
459.3750 16.6797 0.9570 97.2266
609.3750 41.2891 0.9570 97.2266
609.3750 16.6797 0.9914 97.2266
609.3750 16.6797 0.9570 117.8516
459.3750 41.2891 0.9914 117.8516
409.3750 39.1797 0.9070 69.7266
659.3750 39.1797 0.9070 69.7266
409.3750 18.7891 0.9070 69.7266
409.3750 39.1797 0.9414 69.7266
409.3750 39.1797 0.9070 90.3516
659.3750 18.7891 0.9414 90.3516
459.3750 11.0547 0.9445 76.6016
609.3750 11.0547 0.9445 76.6016
459.3750 24.4141 0.9445 76.6016
459.3750 11.0547 0.9789 76.6016
459.3750 11.0547 0.9445 110.9766
609.3750 24.4141 0.9789 110.9766
659.3750 33.5547 0.9945 104.1016
409.3750 33.5547 0.9945 104.1016
659.3750 46.9141 0.9945 104.1016
659.3750 33.5547 0.9289 104.1016
659.3750 33.5547 0.9945 83.4766
409.3750 46.9141 0.9289 83.4766
559.3750 22.3047 0.9195 90.3516
309.3750 22.3047 0.9195 90.3516
559.3750 35.6641 0.9195 90.3516
559.3750 22.3047 0.9539 90.3516
559.3750 22.3047 0.9195 69.7266
309.3750 35.6641 0.9539 69.7266
359.3750 44.8047 0.9695 117.8516
509.3750 44.8047 0.9695 117.8516
359.3750 13.1641 0.9695 117.8516
359.3750 44.8047 0.9039 117.8516
359.3750 44.8047 0.9695 97.2266
509.3750 13.1641 0.9039 97.2266
384.3750 19.4922 0.9133 100.6641
384.3750 19.4922 0.9133 100.6641
384.3750 15.9766 0.9133 100.6641
384.3750 19.4922 0.9852 100.6641
384.3750 19.4922 0.9133 107.5391
384.3750 15.9766 0.9852 107.5391
584.3750 41.9922 0.9633 73.1641
584.3750 41.9922 0.9633 73.1641
584.3750 38.4766 0.9633 73.1641
584.3750 41.9922 0.9352 73.1641
584.3750 41.9922 0.9633 80.0391
584.3750 38.4766 0.9352 80.0391
684.3750 30.7422 0.9383 114.4141
684.3750 30.7422 0.9383 114.4141
684.3750 49.7266 0.9383 114.4141
684.3750 30.7422 0.9602 114.4141
684.3750 30.7422 0.9383 66.2891
684.3750 49.7266 0.9602 66.2891
484.3750 53.2422 0.9883 86.9141
484.3750 53.2422 0.9883 86.9141
484.3750 27.2266 0.9883 86.9141
484.3750 53.2422 0.9102 86.9141
484.3750 53.2422 0.9883 93.7891
484.3750 27.2266 0.9102 93.7891
434.3750 25.1172 0.9508 80.0391
434.3750 25.1172 0.9508 80.0391
434.3750 10.3516 0.9508 80.0391
434.3750 25.1172 0.9727 80.0391
434.3750 25.1172 0.9508 73.1641
434.3750 10.3516 0.9727 73.1641
634.3750 47.6172 0.9008 107.5391
634.3750 47.6172 0.9008 107.5391
634.3750 32.8516 0.9008 107.5391
634.3750 47.6172 0.9227 107.5391
634.3750 47.6172 0.9008 100.6641
634.3750 32.8516 0.9227 100.6641
534.3750 13.8672 0.9758 66.2891
534.3750 13.8672 0.9758 66.2891
534.3750 44.1016 0.9758 66.2891
534.3750 13.8672 0.9977 66.2891
534.3750 13.8672 0.9758 114.4141
534.3750 44.1016 0.9977 114.4141
334.3750 36.3672 0.9258 93.7891
334.3750 36.3672 0.9258 93.7891
334.3750 21.6016 0.9258 93.7891
334.3750 36.3672 0.9477 93.7891
334.3750 36.3672 0.9258 86.9141
334.3750 21.6016 0.9477 86.9141
346.8750 15.2734 0.9664 92.0703
671.8750 15.2734 0.9664 92.0703
346.8750 34.2578 0.9664 92.0703
346.8750 15.2734 0.9133 92.0703
346.8750 15.2734 0.9664 116.1328
671.8750 34.2578 0.9133 116.1328
546.8750 37.7734 0.9164 119.5703
471.8750 37.7734 0.9164 119.5703
546.8750 11.7578 0.9164 119.5703
546.8750 37.7734 0.9633 119.5703
546.8750 37.7734 0.9164 88.6328
471.8750 11.7578 0.9633 88.6328
646.8750 26.5234 0.9914 78.3203
371.8750 26.5234 0.9914 78.3203
646.8750 23.0078 0.9914 78.3203
646.8750 26.5234 0.9383 78.3203
646.8750 26.5234 0.9914 74.8828
371.8750 23.0078 0.9383 74.8828
446.8750 49.0234 0.9414 105.8203
571.8750 49.0234 0.9414 105.8203
446.8750 45.5078 0.9414 105.8203
446.8750 49.0234 0.9883 105.8203
446.8750 49.0234 0.9414 102.3828
571.8750 45.5078 0.9883 102.3828
496.8750 32.1484 0.9039 98.9453
521.8750 32.1484 0.9039 98.9453
496.8750 39.8828 0.9039 98.9453
496.8750 32.1484 0.9258 98.9453
496.8750 32.1484 0.9039 68.0078
521.8750 39.8828 0.9258 68.0078
696.8750 54.6484 0.9539 71.4453
321.8750 54.6484 0.9539 71.4453
696.8750 17.3828 0.9539 71.4453
696.8750 54.6484 0.9758 71.4453
696.8750 54.6484 0.9539 95.5078
321.8750 17.3828 0.9758 95.5078
596.8750 20.8984 0.9289 112.6953
421.8750 20.8984 0.9289 112.6953
596.8750 28.6328 0.9289 112.6953
596.8750 20.8984 0.9008 112.6953
596.8750 20.8984 0.9289 109.2578
421.8750 28.6328 0.9008 109.2578
396.8750 43.3984 0.9789 85.1953
621.8750 43.3984 0.9789 85.1953
396.8750 51.1328 0.9789 85.1953
396.8750 43.3984 0.9508 85.1953
396.8750 43.3984 0.9789 81.7578
621.8750 51.1328 0.9508 81.7578
371.8750 23.7109 0.9352 68.0078
496.8750 23.7109 0.9352 68.0078
371.8750 48.3203 0.9352 68.0078
371.8750 23.7109 0.9320 68.0078
371.8750 23.7109 0.9352 71.4453
496.8750 48.3203 0.9320 71.4453
571.8750 46.2109 0.9852 95.5078
696.8750 46.2109 0.9852 95.5078
571.8750 25.8203 0.9852 95.5078
571.8750 46.2109 0.9820 95.5078
571.8750 46.2109 0.9852 98.9453
696.8750 25.8203 0.9820 98.9453
671.8750 12.4609 0.9102 81.7578
596.8750 12.4609 0.9102 81.7578
671.8750 14.5703 0.9102 81.7578
671.8750 12.4609 0.9070 81.7578
671.8750 12.4609 0.9102 112.6953
596.8750 14.5703 0.9070 112.6953
471.8750 34.9609 0.9602 109.2578
396.8750 34.9609 0.9602 109.2578
471.8750 37.0703 0.9602 109.2578
471.8750 34.9609 0.9570 109.2578
471.8750 34.9609 0.9602 85.1953
396.8750 37.0703 0.9570 85.1953
421.8750 18.0859 0.9977 116.1328
346.8750 18.0859 0.9977 116.1328
421.8750 53.9453 0.9977 116.1328
421.8750 18.0859 0.9195 116.1328
421.8750 18.0859 0.9977 119.5703
346.8750 53.9453 0.9195 119.5703
621.8750 40.5859 0.9477 88.6328
546.8750 40.5859 0.9477 88.6328
621.8750 31.4453 0.9477 88.6328
621.8750 40.5859 0.9695 88.6328
621.8750 40.5859 0.9477 92.0703
546.8750 31.4453 0.9695 92.0703
521.8750 29.3359 0.9727 102.3828
646.8750 29.3359 0.9727 102.3828
521.8750 20.1953 0.9727 102.3828
521.8750 29.3359 0.9445 102.3828
521.8750 29.3359 0.9727 78.3203
646.8750 20.1953 0.9445 78.3203
321.8750 51.8359 0.9227 74.8828
446.8750 51.8359 0.9227 74.8828
321.8750 42.6953 0.9227 74.8828
321.8750 51.8359 0.9945 74.8828
321.8750 51.8359 0.9227 105.8203
446.8750 42.6953 0.9945 105.8203
315.6250 15.9766 0.9398 84.3359
503.1250 15.9766 0.9398 84.3359
315.6250 37.7734 0.9398 84.3359
315.6250 15.9766 0.9398 84.3359
315.6250 15.9766 0.9398 98.0859
503.1250 37.7734 0.9398 98.0859
515.6250 38.4766 0.9898 111.8359
303.1250 38.4766 0.9898 111.8359
515.6250 15.2734 0.9898 111.8359
515.6250 38.4766 0.9898 111.8359
515.6250 38.4766 0.9898 70.5859
303.1250 15.2734 0.9898 70.5859
615.6250 27.2266 0.9148 70.5859
403.1250 27.2266 0.9148 70.5859
615.6250 26.5234 0.9148 70.5859
615.6250 27.2266 0.9148 70.5859
615.6250 27.2266 0.9148 84.3359
403.1250 26.5234 0.9148 84.3359
415.6250 49.7266 0.9648 98.0859
603.1250 49.7266 0.9648 98.0859
415.6250 49.0234 0.9648 98.0859
415.6250 49.7266 0.9648 98.0859
415.6250 49.7266 0.9648 111.8359
603.1250 49.0234 0.9648 111.8359
465.6250 21.6016 0.9773 104.9609
653.1250 21.6016 0.9773 104.9609
465.6250 43.3984 0.9773 104.9609
465.6250 21.6016 0.9023 104.9609
465.6250 21.6016 0.9773 91.2109
653.1250 43.3984 0.9023 91.2109
665.6250 44.1016 0.9273 77.4609
453.1250 44.1016 0.9273 77.4609
665.6250 20.8984 0.9273 77.4609
665.6250 44.1016 0.9523 77.4609
665.6250 44.1016 0.9273 118.7109
453.1250 20.8984 0.9523 118.7109
565.6250 10.3516 0.9523 118.7109
353.1250 10.3516 0.9523 118.7109
565.6250 32.1484 0.9523 118.7109
565.6250 10.3516 0.9273 118.7109
565.6250 10.3516 0.9523 104.9609
353.1250 32.1484 0.9273 104.9609
365.6250 32.8516 0.9023 91.2109
553.1250 32.8516 0.9023 91.2109
365.6250 54.6484 0.9023 91.2109
365.6250 32.8516 0.9773 91.2109
365.6250 32.8516 0.9023 77.4609
553.1250 54.6484 0.9773 77.4609
390.6250 30.0391 0.9586 74.0234
328.1250 30.0391 0.9586 74.0234
390.6250 46.2109 0.9586 74.0234
390.6250 30.0391 0.9086 74.0234
390.6250 30.0391 0.9586 87.7734
328.1250 46.2109 0.9086 87.7734
590.6250 52.5391 0.9086 101.5234
528.1250 52.5391 0.9086 101.5234
590.6250 23.7109 0.9086 101.5234
590.6250 52.5391 0.9586 101.5234
590.6250 52.5391 0.9086 115.2734
528.1250 23.7109 0.9586 115.2734
690.6250 18.7891 0.9836 87.7734
628.1250 18.7891 0.9836 87.7734
690.6250 12.4609 0.9836 87.7734
690.6250 18.7891 0.9336 87.7734
690.6250 18.7891 0.9836 101.5234
628.1250 12.4609 0.9336 101.5234
490.6250 41.2891 0.9336 115.2734
428.1250 41.2891 0.9336 115.2734
490.6250 34.9609 0.9336 115.2734
490.6250 41.2891 0.9836 115.2734
490.6250 41.2891 0.9336 74.0234
428.1250 34.9609 0.9836 74.0234
440.6250 13.1641 0.9211 108.3984
478.1250 13.1641 0.9211 108.3984
440.6250 51.8359 0.9211 108.3984
440.6250 13.1641 0.9461 108.3984
440.6250 13.1641 0.9211 94.6484
478.1250 51.8359 0.9461 94.6484
640.6250 35.6641 0.9711 80.8984
678.1250 35.6641 0.9711 80.8984
640.6250 29.3359 0.9711 80.8984
640.6250 35.6641 0.9961 80.8984
640.6250 35.6641 0.9711 67.1484
678.1250 29.3359 0.9961 67.1484
540.6250 24.4141 0.9461 94.6484
578.1250 24.4141 0.9461 94.6484
540.6250 18.0859 0.9461 94.6484
540.6250 24.4141 0.9211 94.6484
540.6250 24.4141 0.9461 80.8984
578.1250 18.0859 0.9211 80.8984
340.6250 46.9141 0.9961 67.1484
378.1250 46.9141 0.9961 67.1484
340.6250 40.5859 0.9961 67.1484
340.6250 46.9141 0.9711 67.1484
340.6250 46.9141 0.9961 108.3984
378.1250 40.5859 0.9711 108.3984
328.1250 25.8203 0.9117 116.9922
615.6250 25.8203 0.9117 116.9922
328.1250 27.9297 0.9117 116.9922
328.1250 25.8203 0.9930 116.9922
328.1250 25.8203 0.9117 79.1797
615.6250 27.9297 0.9930 79.1797
528.1250 48.3203 0.9617 89.4922
415.6250 48.3203 0.9617 89.4922
528.1250 50.4297 0.9617 89.4922
528.1250 48.3203 0.9430 89.4922
528.1250 48.3203 0.9617 106.6797
415.6250 50.4297 0.9430 106.6797
628.1250 14.5703 0.9367 103.2422
315.6250 14.5703 0.9367 103.2422
628.1250 39.1797 0.9367 103.2422
628.1250 14.5703 0.9680 103.2422
628.1250 14.5703 0.9367 92.9297
315.6250 39.1797 0.9680 92.9297
428.1250 37.0703 0.9867 75.7422
515.6250 37.0703 0.9867 75.7422
428.1250 16.6797 0.9867 75.7422
428.1250 37.0703 0.9180 75.7422
428.1250 37.0703 0.9867 65.4297
515.6250 16.6797 0.9180 65.4297
478.1250 20.1953 0.9742 68.8672
565.6250 20.1953 0.9742 68.8672
478.1250 22.3047 0.9742 68.8672
478.1250 20.1953 0.9555 68.8672
478.1250 20.1953 0.9742 99.8047
565.6250 22.3047 0.9555 99.8047
678.1250 42.6953 0.9242 96.3672
365.6250 42.6953 0.9242 96.3672
678.1250 44.8047 0.9242 96.3672
678.1250 42.6953 0.9055 96.3672
678.1250 42.6953 0.9242 72.3047
365.6250 44.8047 0.9055 72.3047
578.1250 31.4453 0.9992 82.6172
465.6250 31.4453 0.9992 82.6172
578.1250 33.5547 0.9992 82.6172
578.1250 31.4453 0.9805 82.6172
578.1250 31.4453 0.9992 86.0547
465.6250 33.5547 0.9805 86.0547
378.1250 53.9453 0.9492 110.1172
665.6250 53.9453 0.9492 110.1172
378.1250 11.0547 0.9492 110.1172
378.1250 53.9453 0.9305 110.1172
378.1250 53.9453 0.9492 113.5547
665.6250 11.0547 0.9305 113.5547
353.1250 11.7578 0.9930 92.9297
440.6250 11.7578 0.9930 92.9297
353.1250 19.4922 0.9930 92.9297
353.1250 11.7578 0.9617 92.9297
353.1250 11.7578 0.9930 103.2422
440.6250 19.4922 0.9617 103.2422
553.1250 34.2578 0.9430 65.4297
640.6250 34.2578 0.9430 65.4297
553.1250 41.9922 0.9430 65.4297
553.1250 34.2578 0.9117 65.4297
553.1250 34.2578 0.9430 75.7422
640.6250 41.9922 0.9117 75.7422
653.1250 23.0078 0.9680 106.6797
540.6250 23.0078 0.9680 106.6797
653.1250 53.2422 0.9680 106.6797
653.1250 23.0078 0.9867 106.6797
653.1250 23.0078 0.9680 89.4922
540.6250 53.2422 0.9867 89.4922
453.1250 45.5078 0.9180 79.1797
340.6250 45.5078 0.9180 79.1797
453.1250 30.7422 0.9180 79.1797
453.1250 45.5078 0.9367 79.1797
453.1250 45.5078 0.9180 116.9922
340.6250 30.7422 0.9367 116.9922
403.1250 28.6328 0.9305 86.0547
390.6250 28.6328 0.9305 86.0547
403.1250 13.8672 0.9305 86.0547
403.1250 28.6328 0.9992 86.0547
403.1250 28.6328 0.9305 82.6172
390.6250 13.8672 0.9992 82.6172
603.1250 51.1328 0.9805 113.5547
590.6250 51.1328 0.9805 113.5547
603.1250 36.3672 0.9805 113.5547
603.1250 51.1328 0.9492 113.5547
603.1250 51.1328 0.9805 110.1172
590.6250 36.3672 0.9492 110.1172
503.1250 17.3828 0.9055 72.3047
690.6250 17.3828 0.9055 72.3047
503.1250 47.6172 0.9055 72.3047
503.1250 17.3828 0.9742 72.3047
503.1250 17.3828 0.9055 96.3672
690.6250 47.6172 0.9742 96.3672
303.1250 39.8828 0.9555 99.8047
490.6250 39.8828 0.9555 99.8047
303.1250 25.1172 0.9555 99.8047
303.1250 39.8828 0.9242 99.8047
303.1250 39.8828 0.9555 68.8672
490.6250 25.1172 0.9242 68.8672
304.6875 24.9414 0.9293 75.5273
660.9375 24.9414 0.9293 75.5273
304.6875 40.4102 0.9293 75.5273
304.6875 24.9414 0.9863 75.5273
304.6875 24.9414 0.9293 78.5352
660.9375 40.4102 0.9863 78.5352
504.6875 47.4414 0.9793 103.0273
460.9375 47.4414 0.9793 103.0273
504.6875 17.9102 0.9793 103.0273
504.6875 47.4414 0.9363 103.0273
504.6875 47.4414 0.9793 106.0352
460.9375 17.9102 0.9363 106.0352
604.6875 13.6914 0.9043 89.2773
360.9375 13.6914 0.9043 89.2773
604.6875 29.1602 0.9043 89.2773
604.6875 13.6914 0.9613 89.2773
604.6875 13.6914 0.9043 119.7852
360.9375 29.1602 0.9613 119.7852
404.6875 36.1914 0.9543 116.7773
560.9375 36.1914 0.9543 116.7773
404.6875 51.6602 0.9543 116.7773
404.6875 36.1914 0.9113 116.7773
404.6875 36.1914 0.9543 92.2852
560.9375 51.6602 0.9113 92.2852
454.6875 19.3164 0.9918 109.9023
510.9375 19.3164 0.9918 109.9023
454.6875 34.7852 0.9918 109.9023
454.6875 19.3164 0.9738 109.9023
454.6875 19.3164 0.9918 112.9102
510.9375 34.7852 0.9738 112.9102
654.6875 41.8164 0.9418 82.4023
310.9375 41.8164 0.9418 82.4023
654.6875 12.2852 0.9418 82.4023
654.6875 41.8164 0.9238 82.4023
654.6875 41.8164 0.9418 85.4102
310.9375 12.2852 0.9238 85.4102
554.6875 30.5664 0.9668 96.1523
410.9375 30.5664 0.9668 96.1523
554.6875 23.5352 0.9668 96.1523
554.6875 30.5664 0.9988 96.1523
554.6875 30.5664 0.9668 71.6602
410.9375 23.5352 0.9988 71.6602
354.6875 53.0664 0.9168 68.6523
610.9375 53.0664 0.9168 68.6523
354.6875 46.0352 0.9168 68.6523
354.6875 53.0664 0.9488 68.6523
354.6875 53.0664 0.9168 99.1602
610.9375 46.0352 0.9488 99.1602
379.6875 10.8789 0.9730 78.9648
485.9375 10.8789 0.9730 78.9648
379.6875 54.4727 0.9730 78.9648
379.6875 10.8789 0.9676 78.9648
379.6875 10.8789 0.9730 109.4727
485.9375 54.4727 0.9676 109.4727
579.6875 33.3789 0.9230 106.4648
685.9375 33.3789 0.9230 106.4648
579.6875 31.9727 0.9230 106.4648
579.6875 33.3789 0.9176 106.4648
579.6875 33.3789 0.9230 81.9727
685.9375 31.9727 0.9176 81.9727
679.6875 22.1289 0.9980 65.2148
585.9375 22.1289 0.9980 65.2148
679.6875 20.7227 0.9980 65.2148
679.6875 22.1289 0.9926 65.2148
679.6875 22.1289 0.9980 68.2227
585.9375 20.7227 0.9926 68.2227
479.6875 44.6289 0.9480 92.7148
385.9375 44.6289 0.9480 92.7148
479.6875 43.2227 0.9480 92.7148
479.6875 44.6289 0.9426 92.7148
479.6875 44.6289 0.9480 95.7227
385.9375 43.2227 0.9426 95.7227
429.6875 27.7539 0.9105 99.5898
335.9375 27.7539 0.9105 99.5898
429.6875 48.8477 0.9105 99.5898
429.6875 27.7539 0.9801 99.5898
429.6875 27.7539 0.9105 75.0977
335.9375 48.8477 0.9801 75.0977
629.6875 50.2539 0.9605 72.0898
535.9375 50.2539 0.9605 72.0898
629.6875 26.3477 0.9605 72.0898
629.6875 50.2539 0.9301 72.0898
629.6875 50.2539 0.9605 102.5977
535.9375 26.3477 0.9301 102.5977
529.6875 16.5039 0.9355 113.3398
635.9375 16.5039 0.9355 113.3398
529.6875 15.0977 0.9355 113.3398
529.6875 16.5039 0.9551 113.3398
529.6875 16.5039 0.9355 116.3477
635.9375 15.0977 0.9551 116.3477
329.6875 39.0039 0.9855 85.8398
435.9375 39.0039 0.9855 85.8398
329.6875 37.5977 0.9855 85.8398
329.6875 39.0039 0.9051 85.8398
329.6875 39.0039 0.9855 88.8477
435.9375 37.5977 0.9051 88.8477
342.1875 17.9102 0.9199 97.8711
573.4375 17.9102 0.9199 97.8711
342.1875 24.9414 0.9199 97.8711
342.1875 17.9102 0.9332 97.8711
342.1875 17.9102 0.9199 114.6289
573.4375 24.9414 0.9332 114.6289
542.1875 40.4102 0.9699 70.3711
373.4375 40.4102 0.9699 70.3711
542.1875 47.4414 0.9699 70.3711
542.1875 40.4102 0.9832 70.3711
542.1875 40.4102 0.9699 87.1289
373.4375 47.4414 0.9832 87.1289
642.1875 29.1602 0.9449 111.6211
473.4375 29.1602 0.9449 111.6211
642.1875 36.1914 0.9449 111.6211
642.1875 29.1602 0.9082 111.6211
642.1875 29.1602 0.9449 73.3789
473.4375 36.1914 0.9082 73.3789
442.1875 51.6602 0.9949 84.1211
673.4375 51.6602 0.9949 84.1211
442.1875 13.6914 0.9949 84.1211
442.1875 51.6602 0.9582 84.1211
442.1875 51.6602 0.9949 100.8789
673.4375 13.6914 0.9582 100.8789
492.1875 23.5352 0.9574 90.9961
623.4375 23.5352 0.9574 90.9961
492.1875 30.5664 0.9574 90.9961
492.1875 23.5352 0.9207 90.9961
492.1875 23.5352 0.9574 66.5039
623.4375 30.5664 0.9207 66.5039
692.1875 46.0352 0.9074 118.4961
423.4375 46.0352 0.9074 118.4961
692.1875 53.0664 0.9074 118.4961
692.1875 46.0352 0.9707 118.4961
692.1875 46.0352 0.9074 94.0039
423.4375 53.0664 0.9707 94.0039
592.1875 12.2852 0.9824 77.2461
323.4375 12.2852 0.9824 77.2461
592.1875 41.8164 0.9824 77.2461
592.1875 12.2852 0.9457 77.2461
592.1875 12.2852 0.9824 107.7539
323.4375 41.8164 0.9457 107.7539
392.1875 34.7852 0.9324 104.7461
523.4375 34.7852 0.9324 104.7461
392.1875 19.3164 0.9324 104.7461
392.1875 34.7852 0.9957 104.7461
392.1875 34.7852 0.9324 80.2539
523.4375 19.3164 0.9957 80.2539
367.1875 31.9727 0.9762 115.0586
398.4375 31.9727 0.9762 115.0586
367.1875 10.8789 0.9762 115.0586
367.1875 31.9727 0.9145 115.0586
367.1875 31.9727 0.9762 69.9414
398.4375 10.8789 0.9145 69.9414
567.1875 54.4727 0.9262 87.5586
598.4375 54.4727 0.9262 87.5586
567.1875 33.3789 0.9262 87.5586
567.1875 54.4727 0.9645 87.5586
567.1875 54.4727 0.9262 97.4414
598.4375 33.3789 0.9645 97.4414
667.1875 20.7227 0.9512 101.3086
698.4375 20.7227 0.9512 101.3086
667.1875 44.6289 0.9512 101.3086
667.1875 20.7227 0.9395 101.3086
667.1875 20.7227 0.9512 111.1914
698.4375 44.6289 0.9395 111.1914
467.1875 43.2227 0.9012 73.8086
498.4375 43.2227 0.9012 73.8086
467.1875 22.1289 0.9012 73.8086
467.1875 43.2227 0.9895 73.8086
467.1875 43.2227 0.9012 83.6914
498.4375 22.1289 0.9895 83.6914
417.1875 15.0977 0.9387 66.9336
448.4375 15.0977 0.9387 66.9336
417.1875 16.5039 0.9387 66.9336
417.1875 15.0977 0.9270 66.9336
417.1875 15.0977 0.9387 118.0664
448.4375 16.5039 0.9270 118.0664
617.1875 37.5977 0.9887 94.4336
648.4375 37.5977 0.9887 94.4336
617.1875 39.0039 0.9887 94.4336
617.1875 37.5977 0.9770 94.4336
617.1875 37.5977 0.9887 90.5664
648.4375 39.0039 0.9770 90.5664
517.1875 26.3477 0.9137 80.6836
548.4375 26.3477 0.9137 80.6836
517.1875 50.2539 0.9137 80.6836
517.1875 26.3477 0.9020 80.6836
517.1875 26.3477 0.9137 76.8164
548.4375 50.2539 0.9020 76.8164
317.1875 48.8477 0.9637 108.1836
348.4375 48.8477 0.9637 108.1836
317.1875 27.7539 0.9637 108.1836
317.1875 48.8477 0.9520 108.1836
317.1875 48.8477 0.9637 104.3164
348.4375 27.7539 0.9520 104.3164
323.4375 12.9883 0.9996 105.6055
604.6875 12.9883 0.9996 105.6055
323.4375 21.4258 0.9996 105.6055
323.4375 12.9883 0.9066 105.6055
323.4375 12.9883 0.9996 96.5820
604.6875 21.4258 0.9066 96.5820
523.4375 35.4883 0.9496 78.1055
404.6875 35.4883 0.9496 78.1055
523.4375 43.9258 0.9496 78.1055
523.4375 35.4883 0.9566 78.1055
523.4375 35.4883 0.9496 69.0820
404.6875 43.9258 0.9566 69.0820
623.4375 24.2383 0.9746 119.3555
304.6875 24.2383 0.9746 119.3555
623.4375 32.6758 0.9746 119.3555
623.4375 24.2383 0.9316 119.3555
623.4375 24.2383 0.9746 82.8320
304.6875 32.6758 0.9316 82.8320
423.4375 46.7383 0.9246 91.8555
504.6875 46.7383 0.9246 91.8555
423.4375 10.1758 0.9246 91.8555
423.4375 46.7383 0.9816 91.8555
423.4375 46.7383 0.9246 110.3320
504.6875 10.1758 0.9816 110.3320
473.4375 29.8633 0.9371 84.9805
554.6875 29.8633 0.9371 84.9805
473.4375 27.0508 0.9371 84.9805
473.4375 29.8633 0.9441 84.9805
473.4375 29.8633 0.9371 89.7070
554.6875 27.0508 0.9441 89.7070
673.4375 52.3633 0.9871 112.4805
354.6875 52.3633 0.9871 112.4805
673.4375 49.5508 0.9871 112.4805
673.4375 52.3633 0.9941 112.4805
673.4375 52.3633 0.9871 117.2070
354.6875 49.5508 0.9941 117.2070
573.4375 18.6133 0.9121 71.2305
454.6875 18.6133 0.9121 71.2305
573.4375 38.3008 0.9121 71.2305
573.4375 18.6133 0.9191 71.2305
573.4375 18.6133 0.9121 103.4570
454.6875 38.3008 0.9191 103.4570
373.4375 41.1133 0.9621 98.7305
654.6875 41.1133 0.9621 98.7305
373.4375 15.8008 0.9621 98.7305
373.4375 41.1133 0.9691 98.7305
373.4375 41.1133 0.9621 75.9570
654.6875 15.8008 0.9691 75.9570
398.4375 21.4258 0.9059 109.0430
429.6875 21.4258 0.9059 109.0430
398.4375 12.9883 0.9059 109.0430
398.4375 21.4258 0.9379 109.0430
398.4375 21.4258 0.9059 86.2695
429.6875 12.9883 0.9379 86.2695
598.4375 43.9258 0.9559 81.5430
629.6875 43.9258 0.9559 81.5430
598.4375 35.4883 0.9559 81.5430
598.4375 43.9258 0.9879 81.5430
598.4375 43.9258 0.9559 113.7695
629.6875 35.4883 0.9879 113.7695
698.4375 10.1758 0.9309 95.2930
529.6875 10.1758 0.9309 95.2930
698.4375 46.7383 0.9309 95.2930
698.4375 10.1758 0.9129 95.2930
698.4375 10.1758 0.9309 100.0195
529.6875 46.7383 0.9129 100.0195
498.4375 32.6758 0.9809 67.7930
329.6875 32.6758 0.9809 67.7930
498.4375 24.2383 0.9809 67.7930
498.4375 32.6758 0.9629 67.7930
498.4375 32.6758 0.9809 72.5195
329.6875 24.2383 0.9629 72.5195
448.4375 15.8008 0.9684 74.6680
379.6875 15.8008 0.9684 74.6680
448.4375 18.6133 0.9684 74.6680
448.4375 15.8008 0.9004 74.6680
448.4375 15.8008 0.9684 93.1445
379.6875 18.6133 0.9004 93.1445
648.4375 38.3008 0.9184 102.1680
579.6875 38.3008 0.9184 102.1680
648.4375 41.1133 0.9184 102.1680
648.4375 38.3008 0.9504 102.1680
648.4375 38.3008 0.9184 65.6445
579.6875 41.1133 0.9504 65.6445
548.4375 27.0508 0.9934 88.4180
679.6875 27.0508 0.9934 88.4180
548.4375 52.3633 0.9934 88.4180
548.4375 27.0508 0.9254 88.4180
548.4375 27.0508 0.9934 79.3945
679.6875 52.3633 0.9254 79.3945
348.4375 49.5508 0.9434 115.9180
479.6875 49.5508 0.9434 115.9180
348.4375 29.8633 0.9434 115.9180
348.4375 49.5508 0.9754 115.9180
348.4375 49.5508 0.9434 106.8945
479.6875 29.8633 0.9754 106.8945
335.9375 28.4570 0.9527 69.5117
517.1875 28.4570 0.9527 69.5117
335.9375 42.5195 0.9527 69.5117
335.9375 28.4570 0.9598 69.5117
335.9375 28.4570 0.9527 81.1133
517.1875 42.5195 0.9598 81.1133
535.9375 50.9570 0.9027 97.0117
317.1875 50.9570 0.9027 97.0117
535.9375 20.0195 0.9027 97.0117
535.9375 50.9570 0.9098 97.0117
535.9375 50.9570 0.9027 108.6133
317.1875 20.0195 0.9098 108.6133
635.9375 17.2070 0.9777 83.2617
417.1875 17.2070 0.9777 83.2617
635.9375 31.2695 0.9777 83.2617
635.9375 17.2070 0.9848 83.2617
635.9375 17.2070 0.9777 94.8633
417.1875 31.2695 0.9848 94.8633
435.9375 39.7070 0.9277 110.7617
617.1875 39.7070 0.9277 110.7617
435.9375 53.7695 0.9277 110.7617
435.9375 39.7070 0.9348 110.7617
435.9375 39.7070 0.9277 67.3633
617.1875 53.7695 0.9348 67.3633
485.9375 11.5820 0.9152 117.6367
667.1875 11.5820 0.9152 117.6367
485.9375 36.8945 0.9152 117.6367
485.9375 11.5820 0.9973 117.6367
485.9375 11.5820 0.9152 101.7383
667.1875 36.8945 0.9973 101.7383
685.9375 34.0820 0.9652 90.1367
467.1875 34.0820 0.9652 90.1367
685.9375 14.3945 0.9652 90.1367
685.9375 34.0820 0.9473 90.1367
685.9375 34.0820 0.9652 74.2383
467.1875 14.3945 0.9473 74.2383
585.9375 22.8320 0.9402 103.8867
367.1875 22.8320 0.9402 103.8867
585.9375 25.6445 0.9402 103.8867
585.9375 22.8320 0.9723 103.8867
585.9375 22.8320 0.9402 87.9883
367.1875 25.6445 0.9723 87.9883
385.9375 45.3320 0.9902 76.3867
567.1875 45.3320 0.9902 76.3867
385.9375 48.1445 0.9902 76.3867
385.9375 45.3320 0.9223 76.3867
385.9375 45.3320 0.9902 115.4883
567.1875 48.1445 0.9223 115.4883
360.9375 20.0195 0.9465 86.6992
342.1875 20.0195 0.9465 86.6992
360.9375 50.9570 0.9465 86.6992
360.9375 20.0195 0.9910 86.6992
360.9375 20.0195 0.9465 105.1758
342.1875 50.9570 0.9910 105.1758
560.9375 42.5195 0.9965 114.1992
542.1875 42.5195 0.9965 114.1992
560.9375 28.4570 0.9965 114.1992
560.9375 42.5195 0.9410 114.1992
560.9375 42.5195 0.9965 77.6758
542.1875 28.4570 0.9410 77.6758
660.9375 31.2695 0.9215 72.9492
642.1875 31.2695 0.9215 72.9492
660.9375 17.2070 0.9215 72.9492
660.9375 31.2695 0.9660 72.9492
660.9375 31.2695 0.9215 91.4258
642.1875 17.2070 0.9660 91.4258
460.9375 53.7695 0.9715 100.4492
442.1875 53.7695 0.9715 100.4492
460.9375 39.7070 0.9715 100.4492
460.9375 53.7695 0.9160 100.4492
460.9375 53.7695 0.9715 118.9258
442.1875 39.7070 0.9160 118.9258
410.9375 25.6445 0.9840 93.5742
492.1875 25.6445 0.9840 93.5742
410.9375 45.3320 0.9840 93.5742
410.9375 25.6445 0.9535 93.5742
410.9375 25.6445 0.9840 84.5508
492.1875 45.3320 0.9535 84.5508
610.9375 48.1445 0.9340 66.0742
692.1875 48.1445 0.9340 66.0742
610.9375 22.8320 0.9340 66.0742
610.9375 48.1445 0.9035 66.0742
610.9375 48.1445 0.9340 112.0508
692.1875 22.8320 0.9035 112.0508
510.9375 14.3945 0.9590 107.3242
592.1875 14.3945 0.9590 107.3242
510.9375 11.5820 0.9590 107.3242
510.9375 14.3945 0.9785 107.3242
510.9375 14.3945 0.9590 98.3008
592.1875 11.5820 0.9785 98.3008
310.9375 36.8945 0.9090 79.8242
392.1875 36.8945 0.9090 79.8242
310.9375 34.0820 0.9090 79.8242
310.9375 36.8945 0.9285 79.8242
310.9375 36.8945 0.9090 70.8008
392.1875 34.0820 0.9285 70.8008
307.8125 18.9648 0.9598 114.6289
401.5625 18.9648 0.9598 114.6289
307.8125 49.1992 0.9598 114.6289
307.8125 18.9648 0.9465 114.6289
307.8125 18.9648 0.9598 66.9336
401.5625 49.1992 0.9465 66.9336
507.8125 41.4648 0.9098 87.1289
601.5625 41.4648 0.9098 87.1289
507.8125 26.6992 0.9098 87.1289
507.8125 41.4648 0.9965 87.1289
507.8125 41.4648 0.9098 94.4336
601.5625 26.6992 0.9965 94.4336
607.8125 30.2148 0.9848 100.8789
501.5625 30.2148 0.9848 100.8789
607.8125 15.4492 0.9848 100.8789
607.8125 30.2148 0.9215 100.8789
607.8125 30.2148 0.9848 108.1836
501.5625 15.4492 0.9215 108.1836
407.8125 52.7148 0.9348 73.3789
301.5625 52.7148 0.9348 73.3789
407.8125 37.9492 0.9348 73.3789
407.8125 52.7148 0.9715 73.3789
407.8125 52.7148 0.9348 80.6836
301.5625 37.9492 0.9715 80.6836
457.8125 24.5898 0.9223 66.5039
351.5625 24.5898 0.9223 66.5039
457.8125 54.8242 0.9223 66.5039
457.8125 24.5898 0.9090 66.5039
457.8125 24.5898 0.9223 115.0586
351.5625 54.8242 0.9090 115.0586
657.8125 47.0898 0.9723 94.0039
551.5625 47.0898 0.9723 94.0039
657.8125 32.3242 0.9723 94.0039
657.8125 47.0898 0.9590 94.0039
657.8125 47.0898 0.9723 87.5586
551.5625 32.3242 0.9590 87.5586
557.8125 13.3398 0.9473 80.2539
651.5625 13.3398 0.9473 80.2539
557.8125 21.0742 0.9473 80.2539
557.8125 13.3398 0.9340 80.2539
557.8125 13.3398 0.9473 73.8086
651.5625 21.0742 0.9340 73.8086
357.8125 35.8398 0.9973 107.7539
451.5625 35.8398 0.9973 107.7539
357.8125 43.5742 0.9973 107.7539
357.8125 35.8398 0.9840 107.7539
357.8125 35.8398 0.9973 101.3086
451.5625 43.5742 0.9840 101.3086
382.8125 27.4023 0.9410 97.4414
626.5625 27.4023 0.9410 97.4414
382.8125 35.1367 0.9410 97.4414
382.8125 27.4023 0.9027 97.4414
382.8125 27.4023 0.9410 118.4961
626.5625 35.1367 0.9027 118.4961
582.8125 49.9023 0.9910 69.9414
426.5625 49.9023 0.9910 69.9414
582.8125 12.6367 0.9910 69.9414
582.8125 49.9023 0.9527 69.9414
582.8125 49.9023 0.9910 90.9961
426.5625 12.6367 0.9527 90.9961
682.8125 16.1523 0.9160 111.1914
326.5625 16.1523 0.9160 111.1914
682.8125 23.8867 0.9160 111.1914
682.8125 16.1523 0.9277 111.1914
682.8125 16.1523 0.9160 77.2461
326.5625 23.8867 0.9277 77.2461
482.8125 38.6523 0.9660 83.6914
526.5625 38.6523 0.9660 83.6914
482.8125 46.3867 0.9660 83.6914
482.8125 38.6523 0.9777 83.6914
482.8125 38.6523 0.9660 104.7461
526.5625 46.3867 0.9777 104.7461
432.8125 10.5273 0.9785 90.5664
576.5625 10.5273 0.9785 90.5664
432.8125 40.7617 0.9785 90.5664
432.8125 10.5273 0.9402 90.5664
432.8125 10.5273 0.9785 70.3711
576.5625 40.7617 0.9402 70.3711
632.8125 33.0273 0.9285 118.0664
376.5625 33.0273 0.9285 118.0664
632.8125 18.2617 0.9285 118.0664
632.8125 33.0273 0.9902 118.0664
632.8125 33.0273 0.9285 97.8711
376.5625 18.2617 0.9902 97.8711
532.8125 21.7773 0.9535 76.8164
476.5625 21.7773 0.9535 76.8164
532.8125 29.5117 0.9535 76.8164
532.8125 21.7773 0.9152 76.8164
532.8125 21.7773 0.9535 111.6211
476.5625 29.5117 0.9152 111.6211
332.8125 44.2773 0.9035 104.3164
676.5625 44.2773 0.9035 104.3164
332.8125 52.0117 0.9035 104.3164
332.8125 44.2773 0.9652 104.3164
332.8125 44.2773 0.9035 84.1211
676.5625 52.0117 0.9652 84.1211
345.3125 23.1836 0.9879 81.9727
314.0625 23.1836 0.9879 81.9727
345.3125 16.8555 0.9879 81.9727
345.3125 23.1836 0.9996 81.9727
345.3125 23.1836 0.9879 109.9023
314.0625 16.8555 0.9996 109.9023
545.3125 45.6836 0.9379 109.4727
514.0625 45.6836 0.9379 109.4727
545.3125 39.3555 0.9379 109.4727
545.3125 45.6836 0.9496 109.4727
545.3125 45.6836 0.9379 82.4023
514.0625 39.3555 0.9496 82.4023
645.3125 11.9336 0.9629 68.2227
614.0625 11.9336 0.9629 68.2227
645.3125 50.6055 0.9629 68.2227
645.3125 11.9336 0.9746 68.2227
645.3125 11.9336 0.9629 68.6523
614.0625 50.6055 0.9746 68.6523
445.3125 34.4336 0.9129 95.7227
414.0625 34.4336 0.9129 95.7227
445.3125 28.1055 0.9129 95.7227
445.3125 34.4336 0.9246 95.7227
445.3125 34.4336 0.9129 96.1523
414.0625 28.1055 0.9246 96.1523
495.3125 17.5586 0.9254 102.5977
464.0625 17.5586 0.9254 102.5977
495.3125 11.2305 0.9254 102.5977
495.3125 17.5586 0.9621 102.5977
495.3125 17.5586 0.9254 75.5273
464.0625 11.2305 0.9621 75.5273
695.3125 40.0586 0.9754 75.0977
664.0625 40.0586 0.9754 75.0977
695.3125 33.7305 0.9754 75.0977
695.3125 40.0586 0.9121 75.0977
695.3125 40.0586 0.9754 103.0273
664.0625 33.7305 0.9121 103.0273
595.3125 28.8086 0.9004 116.3477
564.0625 28.8086 0.9004 116.3477
595.3125 44.9805 0.9004 116.3477
595.3125 28.8086 0.9871 116.3477
595.3125 28.8086 0.9004 116.7773
564.0625 44.9805 0.9871 116.7773
395.3125 51.3086 0.9504 88.8477
364.0625 51.3086 0.9504 88.8477
395.3125 22.4805 0.9504 88.8477
395.3125 51.3086 0.9371 88.8477
395.3125 51.3086 0.9504 89.2773
364.0625 22.4805 0.9371 89.2773
370.3125 14.7461 0.9066 78.5352
539.0625 14.7461 0.9066 78.5352
370.3125 30.9180 0.9066 78.5352
370.3125 14.7461 0.9559 78.5352
370.3125 14.7461 0.9066 72.0898
539.0625 30.9180 0.9559 72.0898
570.3125 37.2461 0.9566 106.0352
339.0625 37.2461 0.9566 106.0352
570.3125 53.4180 0.9566 106.0352
570.3125 37.2461 0.9059 106.0352
570.3125 37.2461 0.9566 99.5898
339.0625 53.4180 0.9059 99.5898
670.3125 25.9961 0.9316 92.2852
439.0625 25.9961 0.9316 92.2852
670.3125 42.1680 0.9316 92.2852
670.3125 25.9961 0.9809 92.2852
670.3125 25.9961 0.9316 113.3398
439.0625 42.1680 0.9809 113.3398
470.3125 48.4961 0.9816 119.7852
639.0625 48.4961 0.9816 119.7852
470.3125 19.6680 0.9816 119.7852
470.3125 48.4961 0.9309 119.7852
470.3125 48.4961 0.9816 85.8398
639.0625 19.6680 0.9309 85.8398
420.3125 31.6211 0.9691 112.9102
689.0625 31.6211 0.9691 112.9102
420.3125 25.2930 0.9691 112.9102
420.3125 31.6211 0.9934 112.9102
420.3125 31.6211 0.9691 106.4648
689.0625 25.2930 0.9934 106.4648
620.3125 54.1211 0.9191 85.4102
489.0625 54.1211 0.9191 85.4102
620.3125 47.7930 0.9191 85.4102
620.3125 54.1211 0.9434 85.4102
620.3125 54.1211 0.9191 78.9648
489.0625 47.7930 0.9434 78.9648
520.3125 20.3711 0.9941 99.1602
389.0625 20.3711 0.9941 99.1602
520.3125 36.5430 0.9941 99.1602
520.3125 20.3711 0.9684 99.1602
520.3125 20.3711 0.9941 65.2148
389.0625 36.5430 0.9684 65.2148
320.3125 42.8711 0.9441 71.6602
589.0625 42.8711 0.9441 71.6602
320.3125 14.0430 0.9441 71.6602
320.3125 42.8711 0.9184 71.6602
320.3125 42.8711 0.9441 92.7148
589.0625 14.0430 0.9184 92.7148
314.0625 30.9180 0.9176 87.9883
457.8125 30.9180 0.9176 87.9883
314.0625 18.9648 0.9176 87.9883
314.0625 30.9180 0.9730 87.9883
314.0625 30.9180 0.9176 100.4492
457.8125 18.9648 0.9730 100.4492
514.0625 53.4180 0.9676 115.4883
657.8125 53.4180 0.9676 115.4883
514.0625 41.4648 0.9676 115.4883
514.0625 53.4180 0.9230 115.4883
514.0625 53.4180 0.9676 72.9492
657.8125 41.4648 0.9230 72.9492
614.0625 19.6680 0.9426 74.2383
557.8125 19.6680 0.9426 74.2383
614.0625 52.7148 0.9426 74.2383
614.0625 19.6680 0.9980 74.2383
614.0625 19.6680 0.9426 86.6992
557.8125 52.7148 0.9980 86.6992
414.0625 42.1680 0.9926 101.7383
357.8125 42.1680 0.9926 101.7383
414.0625 30.2148 0.9926 101.7383
414.0625 42.1680 0.9480 101.7383
414.0625 42.1680 0.9926 114.1992
357.8125 30.2148 0.9480 114.1992
464.0625 14.0430 0.9551 94.8633
307.8125 14.0430 0.9551 94.8633
464.0625 13.3398 0.9551 94.8633
464.0625 14.0430 0.9855 94.8633
464.0625 14.0430 0.9551 79.8242
307.8125 13.3398 0.9855 79.8242
664.0625 36.5430 0.9051 67.3633
507.8125 36.5430 0.9051 67.3633
664.0625 35.8398 0.9051 67.3633
664.0625 36.5430 0.9355 67.3633
664.0625 36.5430 0.9051 107.3242
507.8125 35.8398 0.9355 107.3242
564.0625 25.2930 0.9801 108.6133
607.8125 25.2930 0.9801 108.6133
564.0625 47.0898 0.9801 108.6133
564.0625 25.2930 0.9605 108.6133
564.0625 25.2930 0.9801 93.5742
607.8125 47.0898 0.9605 93.5742
364.0625 47.7930 0.9301 81.1133
407.8125 47.7930 0.9301 81.1133
364.0625 24.5898 0.9301 81.1133
364.0625 47.7930 0.9105 81.1133
364.0625 47.7930 0.9301 66.0742
407.8125 24.5898 0.9105 66.0742
389.0625 16.8555 0.9863 70.8008
682.8125 16.8555 0.9863 70.8008
389.0625 27.4023 0.9863 70.8008
389.0625 16.8555 0.9793 70.8008
389.0625 16.8555 0.9863 83.2617
682.8125 27.4023 0.9793 83.2617
589.0625 39.3555 0.9363 98.3008
482.8125 39.3555 0.9363 98.3008
589.0625 49.9023 0.9363 98.3008
589.0625 39.3555 0.9293 98.3008
589.0625 39.3555 0.9363 110.7617
482.8125 49.9023 0.9293 110.7617
689.0625 28.1055 0.9613 84.5508
382.8125 28.1055 0.9613 84.5508
689.0625 38.6523 0.9613 84.5508
689.0625 28.1055 0.9543 84.5508
689.0625 28.1055 0.9613 97.0117
382.8125 38.6523 0.9543 97.0117
489.0625 50.6055 0.9113 112.0508
582.8125 50.6055 0.9113 112.0508
489.0625 16.1523 0.9113 112.0508
489.0625 50.6055 0.9043 112.0508
489.0625 50.6055 0.9113 69.5117
582.8125 16.1523 0.9043 69.5117
439.0625 22.4805 0.9488 118.9258
532.8125 22.4805 0.9488 118.9258
439.0625 21.7773 0.9488 118.9258
439.0625 22.4805 0.9668 118.9258
439.0625 22.4805 0.9488 103.8867
532.8125 21.7773 0.9668 103.8867
639.0625 44.9805 0.9988 91.4258
332.8125 44.9805 0.9988 91.4258
639.0625 44.2773 0.9988 91.4258
639.0625 44.9805 0.9168 91.4258
639.0625 44.9805 0.9988 76.3867
332.8125 44.2773 0.9168 76.3867
539.0625 11.2305 0.9238 105.1758
432.8125 11.2305 0.9238 105.1758
539.0625 33.0273 0.9238 105.1758
539.0625 11.2305 0.9918 105.1758
539.0625 11.2305 0.9238 90.1367
432.8125 33.0273 0.9918 90.1367
339.0625 33.7305 0.9738 77.6758
632.8125 33.7305 0.9738 77.6758
339.0625 10.5273 0.9738 77.6758
339.0625 33.7305 0.9418 77.6758
339.0625 33.7305 0.9738 117.6367
632.8125 10.5273 0.9418 117.6367
326.5625 12.6367 0.9332 106.8945
370.3125 12.6367 0.9332 106.8945
326.5625 45.6836 0.9332 106.8945
326.5625 12.6367 0.9199 106.8945
326.5625 12.6367 0.9332 91.8555
370.3125 45.6836 0.9199 91.8555
526.5625 35.1367 0.9832 79.3945
570.3125 35.1367 0.9832 79.3945
526.5625 23.1836 0.9832 79.3945
526.5625 35.1367 0.9699 79.3945
526.5625 35.1367 0.9832 119.3555
570.3125 23.1836 0.9699 119.3555
626.5625 23.8867 0.9082 93.1445
670.3125 23.8867 0.9082 93.1445
626.5625 11.9336 0.9082 93.1445
626.5625 23.8867 0.9449 93.1445
626.5625 23.8867 0.9082 105.6055
670.3125 11.9336 0.9449 105.6055
426.5625 46.3867 0.9582 65.6445
470.3125 46.3867 0.9582 65.6445
426.5625 34.4336 0.9582 65.6445
426.5625 46.3867 0.9949 65.6445
426.5625 46.3867 0.9582 78.1055
470.3125 34.4336 0.9949 78.1055
476.5625 29.5117 0.9957 72.5195
420.3125 29.5117 0.9957 72.5195
476.5625 51.3086 0.9957 72.5195
476.5625 29.5117 0.9324 72.5195
476.5625 29.5117 0.9957 98.7305
420.3125 51.3086 0.9324 98.7305
676.5625 52.0117 0.9457 100.0195
620.3125 52.0117 0.9457 100.0195
676.5625 28.8086 0.9457 100.0195
676.5625 52.0117 0.9824 100.0195
676.5625 52.0117 0.9457 71.2305
620.3125 28.8086 0.9824 71.2305
576.5625 18.2617 0.9707 86.2695
520.3125 18.2617 0.9707 86.2695
576.5625 17.5586 0.9707 86.2695
576.5625 18.2617 0.9074 86.2695
576.5625 18.2617 0.9707 84.9805
520.3125 17.5586 0.9074 84.9805
376.5625 40.7617 0.9207 113.7695
320.3125 40.7617 0.9207 113.7695
376.5625 40.0586 0.9207 113.7695
376.5625 40.7617 0.9574 113.7695
376.5625 40.7617 0.9207 112.4805
320.3125 40.0586 0.9574 112.4805
351.5625 26.6992 0.9645 103.4570
595.3125 26.6992 0.9645 103.4570
351.5625 37.2461 0.9645 103.4570
351.5625 26.6992 0.9262 103.4570
351.5625 26.6992 0.9645 95.2930
595.3125 37.2461 0.9262 95.2930
551.5625 49.1992 0.9145 75.9570
395.3125 49.1992 0.9145 75.9570
551.5625 14.7461 0.9145 75.9570
551.5625 49.1992 0.9762 75.9570
551.5625 49.1992 0.9145 67.7930
395.3125 14.7461 0.9762 67.7930
651.5625 15.4492 0.9895 117.2070
495.3125 15.4492 0.9895 117.2070
651.5625 25.9961 0.9895 117.2070
651.5625 15.4492 0.9012 117.2070
651.5625 15.4492 0.9895 81.5430
495.3125 25.9961 0.9012 81.5430
451.5625 37.9492 0.9395 89.7070
695.3125 37.9492 0.9395 89.7070
451.5625 48.4961 0.9395 89.7070
451.5625 37.9492 0.9512 89.7070
451.5625 37.9492 0.9395 109.0430
695.3125 48.4961 0.9512 109.0430
401.5625 21.0742 0.9020 82.8320
645.3125 21.0742 0.9020 82.8320
401.5625 42.8711 0.9020 82.8320
401.5625 21.0742 0.9137 82.8320
401.5625 21.0742 0.9020 88.4180
645.3125 42.8711 0.9137 88.4180
601.5625 43.5742 0.9520 110.3320
445.3125 43.5742 0.9520 110.3320
601.5625 20.3711 0.9520 110.3320
601.5625 43.5742 0.9637 110.3320
601.5625 43.5742 0.9520 115.9180
445.3125 20.3711 0.9637 115.9180
501.5625 32.3242 0.9270 69.0820
345.3125 32.3242 0.9270 69.0820
501.5625 31.6211 0.9270 69.0820
501.5625 32.3242 0.9387 69.0820
501.5625 32.3242 0.9270 102.1680
345.3125 31.6211 0.9387 102.1680
301.5625 54.8242 0.9770 96.5820
545.3125 54.8242 0.9770 96.5820
301.5625 54.1211 0.9770 96.5820
301.5625 54.8242 0.9887 96.5820
301.5625 54.8242 0.9770 74.6680
545.3125 54.1211 0.9887 74.6680
302.3438 32.4121 0.9678 81.2207
611.7188 32.4121 0.9678 81.2207
302.3438 14.8340 0.9678 81.2207
302.3438 32.4121 0.9365 81.2207
302.3438 32.4121 0.9678 84.6582
611.7188 14.8340 0.9365 84.6582
502.3438 54.9121 0.9178 108.7207
411.7188 54.9121 0.9178 108.7207
502.3438 37.3340 0.9178 108.7207
502.3438 54.9121 0.9865 108.7207
502.3438 54.9121 0.9178 112.1582
411.7188 37.3340 0.9865 112.1582
602.3438 21.1621 0.9928 67.4707
311.7188 21.1621 0.9928 67.4707
602.3438 48.5840 0.9928 67.4707
602.3438 21.1621 0.9115 67.4707
602.3438 21.1621 0.9928 98.4082
311.7188 48.5840 0.9115 98.4082
402.3438 43.6621 0.9428 94.9707
511.7188 43.6621 0.9428 94.9707
402.3438 26.0840 0.9428 94.9707
402.3438 43.6621 0.9615 94.9707
402.3438 43.6621 0.9428 70.9082
511.7188 26.0840 0.9615 70.9082
452.3438 15.5371 0.9053 101.8457
561.7188 15.5371 0.9053 101.8457
452.3438 20.4590 0.9053 101.8457
452.3438 15.5371 0.9240 101.8457
452.3438 15.5371 0.9053 105.2832
561.7188 20.4590 0.9240 105.2832
652.3438 38.0371 0.9553 74.3457
361.7188 38.0371 0.9553 74.3457
652.3438 42.9590 0.9553 74.3457
652.3438 38.0371 0.9740 74.3457
652.3438 38.0371 0.9553 77.7832
361.7188 42.9590 0.9740 77.7832
552.3438 26.7871 0.9303 115.5957
461.7188 26.7871 0.9303 115.5957
552.3438 54.2090 0.9303 115.5957
552.3438 26.7871 0.9490 115.5957
552.3438 26.7871 0.9303 91.5332
461.7188 54.2090 0.9490 91.5332
352.3438 49.2871 0.9803 88.0957
661.7188 49.2871 0.9803 88.0957
352.3438 31.7090 0.9803 88.0957
352.3438 49.2871 0.9990 88.0957
352.3438 49.2871 0.9803 119.0332
661.7188 31.7090 0.9990 119.0332
377.3438 18.3496 0.9365 77.7832
436.7188 18.3496 0.9365 77.7832
377.3438 23.2715 0.9365 77.7832
377.3438 18.3496 0.9178 77.7832
377.3438 18.3496 0.9365 101.8457
436.7188 23.2715 0.9178 101.8457
577.3438 40.8496 0.9865 105.2832
636.7188 40.8496 0.9865 105.2832
577.3438 45.7715 0.9865 105.2832
577.3438 40.8496 0.9678 105.2832
577.3438 40.8496 0.9865 74.3457
636.7188 45.7715 0.9678 74.3457
677.3438 29.5996 0.9115 91.5332
536.7188 29.5996 0.9115 91.5332
677.3438 34.5215 0.9115 91.5332
677.3438 29.5996 0.9428 91.5332
677.3438 29.5996 0.9115 88.0957
536.7188 34.5215 0.9428 88.0957
477.3438 52.0996 0.9615 119.0332
336.7188 52.0996 0.9615 119.0332
477.3438 12.0215 0.9615 119.0332
477.3438 52.0996 0.9928 119.0332
477.3438 52.0996 0.9615 115.5957
336.7188 12.0215 0.9928 115.5957
427.3438 23.9746 0.9990 112.1582
386.7188 23.9746 0.9990 112.1582
427.3438 28.8965 0.9990 112.1582
427.3438 23.9746 0.9303 112.1582
427.3438 23.9746 0.9990 81.2207
386.7188 28.8965 0.9303 81.2207
627.3438 46.4746 0.9490 84.6582
586.7188 46.4746 0.9490 84.6582
627.3438 51.3965 0.9490 84.6582
627.3438 46.4746 0.9803 84.6582
627.3438 46.4746 0.9490 108.7207
586.7188 51.3965 0.9803 108.7207
527.3438 12.7246 0.9740 98.4082
686.7188 12.7246 0.9740 98.4082
527.3438 40.1465 0.9740 98.4082
527.3438 12.7246 0.9053 98.4082
527.3438 12.7246 0.9740 94.9707
686.7188 40.1465 0.9053 94.9707
327.3438 35.2246 0.9240 70.9082
486.7188 35.2246 0.9240 70.9082
327.3438 17.6465 0.9240 70.9082
327.3438 35.2246 0.9553 70.9082
327.3438 35.2246 0.9240 67.4707
486.7188 17.6465 0.9553 67.4707
339.8438 11.3184 0.9834 113.8770
524.2188 11.3184 0.9834 113.8770
339.8438 49.9902 0.9834 113.8770
339.8438 11.3184 0.9834 113.8770
339.8438 11.3184 0.9834 93.2520
524.2188 49.9902 0.9834 93.2520
539.8438 33.8184 0.9334 86.3770
324.2188 33.8184 0.9334 86.3770
539.8438 27.4902 0.9334 86.3770
539.8438 33.8184 0.9334 86.3770
539.8438 33.8184 0.9334 65.7520
324.2188 27.4902 0.9334 65.7520
639.8438 22.5684 0.9584 100.1270
424.2188 22.5684 0.9584 100.1270
639.8438 16.2402 0.9584 100.1270
639.8438 22.5684 0.9584 100.1270
639.8438 22.5684 0.9584 79.5020
424.2188 16.2402 0.9584 79.5020
439.8438 45.0684 0.9084 72.6270
624.2188 45.0684 0.9084 72.6270
439.8438 38.7402 0.9084 72.6270
439.8438 45.0684 0.9084 72.6270
439.8438 45.0684 0.9084 107.0020
624.2188 38.7402 0.9084 107.0020
489.8438 28.1934 0.9459 65.7520
674.2188 28.1934 0.9459 65.7520
489.8438 44.3652 0.9459 65.7520
489.8438 28.1934 0.9709 65.7520
489.8438 28.1934 0.9459 86.3770
674.2188 44.3652 0.9709 86.3770
689.8438 50.6934 0.9959 93.2520
474.2188 50.6934 0.9959 93.2520
689.8438 21.8652 0.9959 93.2520
689.8438 50.6934 0.9209 93.2520
689.8438 50.6934 0.9959 113.8770
474.2188 21.8652 0.9209 113.8770
589.8438 16.9434 0.9209 79.5020
374.2188 16.9434 0.9209 79.5020
589.8438 10.6152 0.9209 79.5020
589.8438 16.9434 0.9959 79.5020
589.8438 16.9434 0.9209 100.1270
374.2188 10.6152 0.9959 100.1270
389.8438 39.4434 0.9709 107.0020
574.2188 39.4434 0.9709 107.0020
389.8438 33.1152 0.9709 107.0020
389.8438 39.4434 0.9459 107.0020
389.8438 39.4434 0.9709 72.6270
574.2188 33.1152 0.9459 72.6270
364.8438 25.3809 0.9146 96.6895
349.2188 25.3809 0.9146 96.6895
364.8438 41.5527 0.9146 96.6895
364.8438 25.3809 0.9646 96.6895
364.8438 25.3809 0.9146 89.8145
349.2188 41.5527 0.9646 89.8145
564.8438 47.8809 0.9646 69.1895
549.2188 47.8809 0.9646 69.1895
564.8438 19.0527 0.9646 69.1895
564.8438 47.8809 0.9146 69.1895
564.8438 47.8809 0.9646 117.3145
549.2188 19.0527 0.9146 117.3145
664.8438 14.1309 0.9396 110.4395
649.2188 14.1309 0.9396 110.4395
664.8438 30.3027 0.9396 110.4395
664.8438 14.1309 0.9896 110.4395
664.8438 14.1309 0.9396 103.5645
649.2188 30.3027 0.9896 103.5645
464.8438 36.6309 0.9896 82.9395
449.2188 36.6309 0.9896 82.9395
464.8438 52.8027 0.9896 82.9395
464.8438 36.6309 0.9396 82.9395
464.8438 36.6309 0.9896 76.0645
449.2188 52.8027 0.9396 76.0645
414.8438 19.7559 0.9521 89.8145
499.2188 19.7559 0.9521 89.8145
414.8438 35.9277 0.9521 89.8145
414.8438 19.7559 0.9771 89.8145
414.8438 19.7559 0.9521 96.6895
499.2188 35.9277 0.9771 96.6895
614.8438 42.2559 0.9021 117.3145
699.2188 42.2559 0.9021 117.3145
614.8438 13.4277 0.9021 117.3145
614.8438 42.2559 0.9271 117.3145
614.8438 42.2559 0.9021 69.1895
699.2188 13.4277 0.9271 69.1895
514.8438 31.0059 0.9771 76.0645
599.2188 31.0059 0.9771 76.0645
514.8438 24.6777 0.9771 76.0645
514.8438 31.0059 0.9521 76.0645
514.8438 31.0059 0.9771 82.9395
599.2188 24.6777 0.9521 82.9395
314.8438 53.5059 0.9271 103.5645
399.2188 53.5059 0.9271 103.5645
314.8438 47.1777 0.9271 103.5645
314.8438 53.5059 0.9021 103.5645
314.8438 53.5059 0.9271 110.4395
399.2188 47.1777 0.9021 110.4395
321.0938 20.4590 0.9100 107.8613
655.4688 20.4590 0.9100 107.8613
321.0938 53.5059 0.9100 107.8613
321.0938 20.4590 0.9568 107.8613
321.0938 20.4590 0.9100 118.1738
655.4688 53.5059 0.9568 118.1738
521.0938 42.9590 0.9600 80.3613
455.4688 42.9590 0.9600 80.3613
521.0938 31.0059 0.9600 80.3613
521.0938 42.9590 0.9068 80.3613
521.0938 42.9590 0.9600 90.6738
455.4688 31.0059 0.9068 90.6738
621.0938 31.7090 0.9350 94.1113
355.4688 31.7090 0.9350 94.1113
621.0938 19.7559 0.9350 94.1113
621.0938 31.7090 0.9818 94.1113
621.0938 31.7090 0.9350 76.9238
355.4688 19.7559 0.9818 76.9238
421.0938 54.2090 0.9850 66.6113
555.4688 54.2090 0.9850 66.6113
421.0938 42.2559 0.9850 66.6113
421.0938 54.2090 0.9318 66.6113
421.0938 54.2090 0.9850 104.4238
555.4688 42.2559 0.9318 104.4238
471.0938 26.0840 0.9725 73.4863
505.4688 26.0840 0.9725 73.4863
471.0938 47.8809 0.9725 73.4863
471.0938 26.0840 0.9943 73.4863
471.0938 26.0840 0.9725 70.0488
505.4688 47.8809 0.9943 70.0488
671.0938 48.5840 0.9225 100.9863
305.4688 48.5840 0.9225 100.9863
671.0938 25.3809 0.9225 100.9863
671.0938 48.5840 0.9443 100.9863
671.0938 48.5840 0.9225 97.5488
305.4688 25.3809 0.9443 97.5488
571.0938 14.8340 0.9975 87.2363
405.4688 14.8340 0.9975 87.2363
571.0938 14.1309 0.9975 87.2363
571.0938 14.8340 0.9693 87.2363
571.0938 14.8340 0.9975 111.2988
405.4688 14.1309 0.9693 111.2988
371.0938 37.3340 0.9475 114.7363
605.4688 37.3340 0.9475 114.7363
371.0938 36.6309 0.9475 114.7363
371.0938 37.3340 0.9193 114.7363
371.0938 37.3340 0.9475 83.7988
605.4688 36.6309 0.9193 83.7988
396.0938 28.8965 0.9912 104.4238
480.4688 28.8965 0.9912 104.4238
396.0938 39.4434 0.9912 104.4238
396.0938 28.8965 0.9881 104.4238
396.0938 28.8965 0.9912 66.6113
480.4688 39.4434 0.9881 66.6113
596.0938 51.3965 0.9412 76.9238
680.4688 51.3965 0.9412 76.9238
596.0938 16.9434 0.9412 76.9238
596.0938 51.3965 0.9381 76.9238
596.0938 51.3965 0.9412 94.1113
680.4688 16.9434 0.9381 94.1113
696.0938 17.6465 0.9662 118.1738
580.4688 17.6465 0.9662 118.1738
696.0938 28.1934 0.9662 118.1738
696.0938 17.6465 0.9631 118.1738
696.0938 17.6465 0.9662 107.8613
580.4688 28.1934 0.9631 107.8613
496.0938 40.1465 0.9162 90.6738
380.4688 40.1465 0.9162 90.6738
496.0938 50.6934 0.9162 90.6738
496.0938 40.1465 0.9131 90.6738
496.0938 40.1465 0.9162 80.3613
380.4688 50.6934 0.9131 80.3613
446.0938 12.0215 0.9287 83.7988
330.4688 12.0215 0.9287 83.7988
446.0938 33.8184 0.9287 83.7988
446.0938 12.0215 0.9506 83.7988
446.0938 12.0215 0.9287 114.7363
330.4688 33.8184 0.9506 114.7363
646.0938 34.5215 0.9787 111.2988
530.4688 34.5215 0.9787 111.2988
646.0938 11.3184 0.9787 111.2988
646.0938 34.5215 0.9006 111.2988
646.0938 34.5215 0.9787 87.2363
530.4688 11.3184 0.9006 87.2363
546.0938 23.2715 0.9037 70.0488
630.4688 23.2715 0.9037 70.0488
546.0938 22.5684 0.9037 70.0488
546.0938 23.2715 0.9756 70.0488
546.0938 23.2715 0.9037 73.4863
630.4688 22.5684 0.9756 73.4863
346.0938 45.7715 0.9537 97.5488
430.4688 45.7715 0.9537 97.5488
346.0938 45.0684 0.9537 97.5488
346.0938 45.7715 0.9256 97.5488
346.0938 45.7715 0.9537 100.9863
430.4688 45.0684 0.9256 100.9863
333.5938 21.8652 0.9381 88.9551
567.9688 21.8652 0.9381 88.9551
333.5938 12.7246 0.9381 88.9551
333.5938 21.8652 0.9100 88.9551
333.5938 21.8652 0.9381 75.2051
567.9688 12.7246 0.9100 75.2051
533.5938 44.3652 0.9881 116.4551
367.9688 44.3652 0.9881 116.4551
533.5938 35.2246 0.9881 116.4551
533.5938 44.3652 0.9600 116.4551
533.5938 44.3652 0.9881 102.7051
367.9688 35.2246 0.9600 102.7051
633.5938 10.6152 0.9131 75.2051
467.9688 10.6152 0.9131 75.2051
633.5938 46.4746 0.9131 75.2051
633.5938 10.6152 0.9350 75.2051
633.5938 10.6152 0.9131 116.4551
467.9688 46.4746 0.9350 116.4551
433.5938 33.1152 0.9631 102.7051
667.9688 33.1152 0.9631 102.7051
433.5938 23.9746 0.9631 102.7051
433.5938 33.1152 0.9850 102.7051
433.5938 33.1152 0.9631 88.9551
667.9688 23.9746 0.9850 88.9551
483.5938 16.2402 0.9756 95.8301
617.9688 16.2402 0.9756 95.8301
483.5938 18.3496 0.9756 95.8301
483.5938 16.2402 0.9475 95.8301
483.5938 16.2402 0.9756 109.5801
617.9688 18.3496 0.9475 109.5801
683.5938 38.7402 0.9256 68.3301
417.9688 38.7402 0.9256 68.3301
683.5938 40.8496 0.9256 68.3301
683.5938 38.7402 0.9975 68.3301
683.5938 38.7402 0.9256 82.0801
417.9688 40.8496 0.9975 82.0801
583.5938 27.4902 0.9506 109.5801
317.9688 27.4902 0.9506 109.5801
583.5938 52.0996 0.9506 109.5801
583.5938 27.4902 0.9225 109.5801
583.5938 27.4902 0.9506 68.3301
317.9688 52.0996 0.9225 68.3301
383.5938 49.9902 0.9006 82.0801
517.9688 49.9902 0.9006 82.0801
383.5938 29.5996 0.9006 82.0801
383.5938 49.9902 0.9725 82.0801
383.5938 49.9902 0.9006 95.8301
517.9688 29.5996 0.9725 95.8301
358.5938 13.4277 0.9568 71.7676
392.9688 13.4277 0.9568 71.7676
358.5938 26.7871 0.9568 71.7676
358.5938 13.4277 0.9412 71.7676
358.5938 13.4277 0.9568 113.0176
392.9688 26.7871 0.9412 113.0176
558.5938 35.9277 0.9068 99.2676
592.9688 35.9277 0.9068 99.2676
558.5938 49.2871 0.9068 99.2676
558.5938 35.9277 0.9912 99.2676
558.5938 35.9277 0.9068 85.5176
592.9688 49.2871 0.9912 85.5176
658.5938 24.6777 0.9818 85.5176
692.9688 24.6777 0.9818 85.5176
658.5938 38.0371 0.9818 85.5176
658.5938 24.6777 0.9162 85.5176
658.5938 24.6777 0.9818 71.7676
692.9688 38.0371 0.9162 71.7676
458.5938 47.1777 0.9318 113.0176
492.9688 47.1777 0.9318 113.0176
458.5938 15.5371 0.9318 113.0176
458.5938 47.1777 0.9662 113.0176
458.5938 47.1777 0.9318 99.2676
492.9688 15.5371 0.9662 99.2676
408.5938 30.3027 0.9193 119.8926
442.9688 30.3027 0.9193 119.8926
408.5938 32.4121 0.9193 119.8926
408.5938 30.3027 0.9037 119.8926
408.5938 30.3027 0.9193 78.6426
442.9688 32.4121 0.9037 78.6426
608.5938 52.8027 0.9693 92.3926
642.9688 52.8027 0.9693 92.3926
608.5938 54.9121 0.9693 92.3926
608.5938 52.8027 0.9537 92.3926
608.5938 52.8027 0.9693 106.1426
642.9688 54.9121 0.9537 106.1426
508.5938 19.0527 0.9443 106.1426
542.9688 19.0527 0.9443 106.1426
508.5938 43.6621 0.9443 106.1426
508.5938 19.0527 0.9287 106.1426
508.5938 19.0527 0.9443 119.8926
542.9688 43.6621 0.9287 119.8926
308.5938 41.5527 0.9943 78.6426
342.9688 41.5527 0.9943 78.6426
308.5938 21.1621 0.9943 78.6426
308.5938 41.5527 0.9787 78.6426
308.5938 41.5527 0.9943 92.3926
342.9688 21.1621 0.9787 92.3926
311.7188 14.4824 0.9498 98.8379
452.3438 14.4824 0.9498 98.8379
311.7188 28.5449 0.9498 98.8379
311.7188 14.4824 0.9967 98.8379
311.7188 14.4824 0.9498 88.5254
452.3438 28.5449 0.9967 88.5254
511.7188 36.9824 0.9998 71.3379
652.3438 36.9824 0.9998 71.3379
511.7188 51.0449 0.9998 71.3379
511.7188 36.9824 0.9467 71.3379
511.7188 36.9824 0.9998 116.0254
652.3438 51.0449 0.9467 116.0254
611.7188 25.7324 0.9248 112.5879
552.3438 25.7324 0.9248 112.5879
611.7188 39.7949 0.9248 112.5879
611.7188 25.7324 0.9717 112.5879
611.7188 25.7324 0.9248 102.2754
552.3438 39.7949 0.9717 102.2754
411.7188 48.2324 0.9748 85.0879
352.3438 48.2324 0.9748 85.0879
411.7188 17.2949 0.9748 85.0879
411.7188 48.2324 0.9217 85.0879
411.7188 48.2324 0.9748 74.7754
352.3438 17.2949 0.9217 74.7754
461.7188 31.3574 0.9873 91.9629
302.3438 31.3574 0.9873 91.9629
461.7188 22.9199 0.9873 91.9629
461.7188 31.3574 0.9592 91.9629
461.7188 31.3574 0.9873 95.4004
302.3438 22.9199 0.9592 95.4004
661.7188 53.8574 0.9373 119.4629
502.3438 53.8574 0.9373 119.4629
661.7188 45.4199 0.9373 119.4629
661.7188 53.8574 0.9092 119.4629
661.7188 53.8574 0.9373 67.9004
502.3438 45.4199 0.9092 67.9004
561.7188 20.1074 0.9623 78.2129
602.3438 20.1074 0.9623 78.2129
561.7188 34.1699 0.9623 78.2129
561.7188 20.1074 0.9842 78.2129
561.7188 20.1074 0.9623 81.6504
602.3438 34.1699 0.9842 81.6504
361.7188 42.6074 0.9123 105.7129
402.3438 42.6074 0.9123 105.7129
361.7188 11.6699 0.9123 105.7129
361.7188 42.6074 0.9342 105.7129
361.7188 42.6074 0.9123 109.1504
402.3438 11.6699 0.9342 109.1504
386.7188 22.9199 0.9561 116.0254
677.3438 22.9199 0.9561 116.0254
386.7188 20.1074 0.9561 116.0254
386.7188 22.9199 0.9529 116.0254
386.7188 22.9199 0.9561 98.8379
677.3438 20.1074 0.9529 98.8379
586.7188 45.4199 0.9061 88.5254
477.3438 45.4199 0.9061 88.5254
586.7188 42.6074 0.9061 88.5254
586.7188 45.4199 0.9029 88.5254
586.7188 45.4199 0.9061 71.3379
477.3438 42.6074 0.9029 71.3379
686.7188 11.6699 0.9811 102.2754
377.3438 11.6699 0.9811 102.2754
686.7188 53.8574 0.9811 102.2754
686.7188 11.6699 0.9779 102.2754
686.7188 11.6699 0.9811 85.0879
377.3438 53.8574 0.9779 85.0879
486.7188 34.1699 0.9311 74.7754
577.3438 34.1699 0.9311 74.7754
486.7188 31.3574 0.9311 74.7754
486.7188 34.1699 0.9279 74.7754
486.7188 34.1699 0.9311 112.5879
577.3438 31.3574 0.9279 112.5879
436.7188 17.2949 0.9186 67.9004
527.3438 17.2949 0.9186 67.9004
436.7188 14.4824 0.9186 67.9004
436.7188 17.2949 0.9904 67.9004
436.7188 17.2949 0.9186 91.9629
527.3438 14.4824 0.9904 91.9629
636.7188 39.7949 0.9686 95.4004
327.3438 39.7949 0.9686 95.4004
636.7188 36.9824 0.9686 95.4004
636.7188 39.7949 0.9404 95.4004
636.7188 39.7949 0.9686 119.4629
327.3438 36.9824 0.9404 119.4629
536.7188 28.5449 0.9436 81.6504
427.3438 28.5449 0.9436 81.6504
536.7188 48.2324 0.9436 81.6504
536.7188 28.5449 0.9654 81.6504
536.7188 28.5449 0.9436 105.7129
427.3438 48.2324 0.9654 105.7129
336.7188 51.0449 0.9936 109.1504
627.3438 51.0449 0.9936 109.1504
336.7188 25.7324 0.9936 109.1504
336.7188 51.0449 0.9154 109.1504
336.7188 51.0449 0.9936 78.2129
627.3438 25.7324 0.9154 78.2129
349.2188 27.1387 0.9029 76.4941
364.8438 27.1387 0.9029 76.4941
349.2188 35.5762 0.9029 76.4941
349.2188 27.1387 0.9498 76.4941
349.2188 27.1387 0.9029 103.9941
364.8438 35.5762 0.9498 103.9941
549.2188 49.6387 0.9529 103.9941
564.8438 49.6387 0.9529 103.9941
549.2188 13.0762 0.9529 103.9941
549.2188 49.6387 0.9998 103.9941
549.2188 49.6387 0.9529 76.4941
564.8438 13.0762 0.9998 76.4941
649.2188 15.8887 0.9279 90.2441
664.8438 15.8887 0.9279 90.2441
649.2188 24.3262 0.9279 90.2441
649.2188 15.8887 0.9248 90.2441
649.2188 15.8887 0.9279 90.2441
664.8438 24.3262 0.9248 90.2441
449.2188 38.3887 0.9779 117.7441
464.8438 38.3887 0.9779 117.7441
449.2188 46.8262 0.9779 117.7441
449.2188 38.3887 0.9748 117.7441
449.2188 38.3887 0.9779 117.7441
464.8438 46.8262 0.9748 117.7441
499.2188 10.2637 0.9654 110.8691
414.8438 10.2637 0.9654 110.8691
499.2188 41.2012 0.9654 110.8691
499.2188 10.2637 0.9123 110.8691
499.2188 10.2637 0.9654 83.3691
414.8438 41.2012 0.9123 83.3691
699.2188 32.7637 0.9154 83.3691
614.8438 32.7637 0.9154 83.3691
699.2188 18.7012 0.9154 83.3691
699.2188 32.7637 0.9623 83.3691
699.2188 32.7637 0.9154 110.8691
614.8438 18.7012 0.9623 110.8691
599.2188 21.5137 0.9904 97.1191
514.8438 21.5137 0.9904 97.1191
599.2188 29.9512 0.9904 97.1191
599.2188 21.5137 0.9373 97.1191
599.2188 21.5137 0.9904 97.1191
514.8438 29.9512 0.9373 97.1191
399.2188 44.0137 0.9404 69.6191
314.8438 44.0137 0.9404 69.6191
399.2188 52.4512 0.9404 69.6191
399.2188 44.0137 0.9873 69.6191
399.2188 44.0137 0.9404 69.6191
314.8438 52.4512 0.9873 69.6191
374.2188 18.7012 0.9967 79.9316
589.8438 18.7012 0.9967 79.9316
374.2188 44.0137 0.9967 79.9316
374.2188 18.7012 0.9061 79.9316
374.2188 18.7012 0.9967 79.9316
589.8438 44.0137 0.9061 79.9316
574.2188 41.2012 0.9467 107.4316
389.8438 41.2012 0.9467 107.4316
574.2188 21.5137 0.9467 107.4316
574.2188 41.2012 0.9561 107.4316
574.2188 41.2012 0.9467 107.4316
389.8438 21.5137 0.9561 107.4316
674.2188 29.9512 0.9717 66.1816
489.8438 29.9512 0.9717 66.1816
674.2188 10.2637 0.9717 66.1816
674.2188 29.9512 0.9311 66.1816
674.2188 29.9512 0.9717 93.6816
489.8438 10.2637 0.9311 93.6816
474.2188 52.4512 0.9217 93.6816
689.8438 52.4512 0.9217 93.6816
474.2188 32.7637 0.9217 93.6816
474.2188 52.4512 0.9811 93.6816
474.2188 52.4512 0.9217 66.1816
689.8438 32.7637 0.9811 66.1816
424.2188 24.3262 0.9342 100.5566
639.8438 24.3262 0.9342 100.5566
424.2188 49.6387 0.9342 100.5566
424.2188 24.3262 0.9436 100.5566
424.2188 24.3262 0.9342 100.5566
639.8438 49.6387 0.9436 100.5566
624.2188 46.8262 0.9842 73.0566
439.8438 46.8262 0.9842 73.0566
624.2188 27.1387 0.9842 73.0566
624.2188 46.8262 0.9936 73.0566
624.2188 46.8262 0.9842 73.0566
439.8438 27.1387 0.9936 73.0566
524.2188 13.0762 0.9092 114.3066
339.8438 13.0762 0.9092 114.3066
524.2188 15.8887 0.9092 114.3066
524.2188 13.0762 0.9186 114.3066
524.2188 13.0762 0.9092 86.8066
339.8438 15.8887 0.9186 86.8066
324.2188 35.5762 0.9592 86.8066
539.8438 35.5762 0.9592 86.8066
324.2188 38.3887 0.9592 86.8066
324.2188 35.5762 0.9686 86.8066
324.2188 35.5762 0.9592 114.3066
539.8438 38.3887 0.9686 114.3066
317.9688 26.4355 0.9795 68.7598
408.5938 26.4355 0.9795 68.7598
317.9688 33.4668 0.9795 68.7598
317.9688 26.4355 0.9232 68.7598
317.9688 26.4355 0.9795 106.5723
408.5938 33.4668 0.9232 106.5723
517.9688 48.9355 0.9295 96.2598
608.5938 48.9355 0.9295 96.2598
517.9688 10.9668 0.9295 96.2598
517.9688 48.9355 0.9732 96.2598
517.9688 48.9355 0.9295 79.0723
608.5938 10.9668 0.9732 79.0723
617.9688 15.1855 0.9545 82.5098
508.5938 15.1855 0.9545 82.5098
617.9688 22.2168 0.9545 82.5098
617.9688 15.1855 0.9482 82.5098
617.9688 15.1855 0.9545 65.3223
508.5938 22.2168 0.9482 65.3223
417.9688 37.6855 0.9045 110.0098
308.5938 37.6855 0.9045 110.0098
417.9688 44.7168 0.9045 110.0098
417.9688 37.6855 0.9982 110.0098
417.9688 37.6855 0.9045 92.8223
308.5938 44.7168 0.9982 92.8223
467.9688 20.8105 0.9420 116.8848
358.5938 20.8105 0.9420 116.8848
467.9688 39.0918 0.9420 116.8848
467.9688 20.8105 0.9357 116.8848
467.9688 20.8105 0.9420 72.1973
358.5938 39.0918 0.9357 72.1973
667.9688 43.3105 0.9920 89.3848
558.5938 43.3105 0.9920 89.3848
667.9688 16.5918 0.9920 89.3848
667.9688 43.3105 0.9857 89.3848
667.9688 43.3105 0.9920 99.6973
558.5938 16.5918 0.9857 99.6973
567.9688 32.0605 0.9170 103.1348
658.5938 32.0605 0.9170 103.1348
567.9688 27.8418 0.9170 103.1348
567.9688 32.0605 0.9107 103.1348
567.9688 32.0605 0.9170 113.4473
658.5938 27.8418 0.9107 113.4473
367.9688 54.5605 0.9670 75.6348
458.5938 54.5605 0.9670 75.6348
367.9688 50.3418 0.9670 75.6348
367.9688 54.5605 0.9607 75.6348
367.9688 54.5605 0.9670 85.9473
458.5938 50.3418 0.9607 85.9473
392.9688 12.3730 0.9232 85.9473
633.5938 12.3730 0.9232 85.9473
392.9688 47.5293 0.9232 85.9473
392.9688 12.3730 0.9295 85.9473
392.9688 12.3730 0.9232 75.6348
633.5938 47.5293 0.9295 75.6348
592.9688 34.8730 0.9732 113.4473
433.5938 34.8730 0.9732 113.4473
592.9688 25.0293 0.9732 113.4473
592.9688 34.8730 0.9795 113.4473
592.9688 34.8730 0.9732 103.1348
433.5938 25.0293 0.9795 103.1348
692.9688 23.6230 0.9482 72.1973
333.5938 23.6230 0.9482 72.1973
692.9688 13.7793 0.9482 72.1973
692.9688 23.6230 0.9045 72.1973
692.9688 23.6230 0.9482 116.8848
333.5938 13.7793 0.9045 116.8848
492.9688 46.1230 0.9982 99.6973
533.5938 46.1230 0.9982 99.6973
492.9688 36.2793 0.9982 99.6973
492.9688 46.1230 0.9545 99.6973
492.9688 46.1230 0.9982 89.3848
533.5938 36.2793 0.9545 89.3848
442.9688 29.2480 0.9607 92.8223
583.5938 29.2480 0.9607 92.8223
442.9688 53.1543 0.9607 92.8223
442.9688 29.2480 0.9170 92.8223
442.9688 29.2480 0.9607 110.0098
583.5938 53.1543 0.9170 110.0098
642.9688 51.7480 0.9107 65.3223
383.5938 51.7480 0.9107 65.3223
642.9688 30.6543 0.9107 65.3223
642.9688 51.7480 0.9670 65.3223
642.9688 51.7480 0.9107 82.5098
383.5938 30.6543 0.9670 82.5098
542.9688 17.9980 0.9857 106.5723
483.5938 17.9980 0.9857 106.5723
542.9688 19.4043 0.9857 106.5723
542.9688 17.9980 0.9420 106.5723
542.9688 17.9980 0.9857 68.7598
483.5938 19.4043 0.9420 68.7598
342.9688 40.4980 0.9357 79.0723
683.5938 40.4980 0.9357 79.0723
342.9688 41.9043 0.9357 79.0723
342.9688 40.4980 0.9920 79.0723
342.9688 40.4980 0.9357 96.2598
683.5938 41.9043 0.9920 96.2598
330.4688 16.5918 0.9701 104.8535
321.0938 16.5918 0.9701 104.8535
330.4688 32.0605 0.9701 104.8535
330.4688 16.5918 0.9701 104.8535
330.4688 16.5918 0.9701 70.4785
321.0938 32.0605 0.9701 70.4785
530.4688 39.0918 0.9201 77.3535
521.0938 39.0918 0.9201 77.3535
530.4688 54.5605 0.9201 77.3535
530.4688 39.0918 0.9201 77.3535
530.4688 39.0918 0.9201 97.9785
521.0938 54.5605 0.9201 97.9785
630.4688 27.8418 0.9951 118.6035
621.0938 27.8418 0.9951 118.6035
630.4688 43.3105 0.9951 118.6035
630.4688 27.8418 0.9951 118.6035
630.4688 27.8418 0.9951 111.7285
621.0938 43.3105 0.9951 111.7285
430.4688 50.3418 0.9451 91.1035
421.0938 50.3418 0.9451 91.1035
430.4688 20.8105 0.9451 91.1035
430.4688 50.3418 0.9451 91.1035
430.4688 50.3418 0.9451 84.2285
421.0938 20.8105 0.9451 84.2285
480.4688 22.2168 0.9076 84.2285
471.0938 22.2168 0.9076 84.2285
480.4688 26.4355 0.9076 84.2285
480.4688 22.2168 0.9826 84.2285
480.4688 22.2168 0.9076 118.6035
471.0938 26.4355 0.9826 118.6035
680.4688 44.7168 0.9576 111.7285
671.0938 44.7168 0.9576 111.7285
680.4688 48.9355 0.9576 111.7285
680.4688 44.7168 0.9326 111.7285
680.4688 44.7168 0.9576 91.1035
671.0938 48.9355 0.9326 91.1035
580.4688 10.9668 0.9326 70.4785
571.0938 10.9668 0.9326 70.4785
580.4688 37.6855 0.9326 70.4785
580.4688 10.9668 0.9576 70.4785
580.4688 10.9668 0.9326 77.3535
571.0938 37.6855 0.9576 77.3535
380.4688 33.4668 0.9826 97.9785
371.0938 33.4668 0.9826 97.9785
380.4688 15.1855 0.9826 97.9785
380.4688 33.4668 0.9076 97.9785
380.4688 33.4668 0.9826 104.8535
371.0938 15.1855 0.9076 104.8535
355.4688 30.6543 0.9264 108.2910
546.0938 30.6543 0.9264 108.2910
355.4688 17.9980 0.9264 108.2910
355.4688 30.6543 0.9764 108.2910
355.4688 30.6543 0.9264 115.1660
546.0938 17.9980 0.9764 115.1660
555.4688 53.1543 0.9764 80.7910
346.0938 53.1543 0.9764 80.7910
555.4688 40.4980 0.9764 80.7910
555.4688 53.1543 0.9264 80.7910
555.4688 53.1543 0.9764 87.6660
346.0938 40.4980 0.9264 87.6660
655.4688 19.4043 0.9014 94.5410
446.0938 19.4043 0.9014 94.5410
655.4688 51.7480 0.9014 94.5410
655.4688 19.4043 0.9514 94.5410
655.4688 19.4043 0.9014 73.9160
446.0938 51.7480 0.9514 73.9160
455.4688 41.9043 0.9514 67.0410
646.0938 41.9043 0.9514 67.0410
455.4688 29.2480 0.9514 67.0410
455.4688 41.9043 0.9014 67.0410
455.4688 41.9043 0.9514 101.4160
646.0938 29.2480 0.9014 101.4160
405.4688 13.7793 0.9889 73.9160
696.0938 13.7793 0.9889 73.9160
405.4688 12.3730 0.9889 73.9160
405.4688 13.7793 0.9639 73.9160
405.4688 13.7793 0.9889 67.0410
696.0938 12.3730 0.9639 67.0410
605.4688 36.2793 0.9389 101.4160
496.0938 36.2793 0.9389 101.4160
605.4688 34.8730 0.9389 101.4160
605.4688 36.2793 0.9139 101.4160
605.4688 36.2793 0.9389 94.5410
496.0938 34.8730 0.9139 94.5410
505.4688 25.0293 0.9639 87.6660
396.0938 25.0293 0.9639 87.6660
505.4688 46.1230 0.9639 87.6660
505.4688 25.0293 0.9889 87.6660
505.4688 25.0293 0.9639 108.2910
396.0938 46.1230 0.9889 108.2910
305.4688 47.5293 0.9139 115.1660
596.0938 47.5293 0.9139 115.1660
305.4688 23.6230 0.9139 115.1660
305.4688 47.5293 0.9389 115.1660
305.4688 47.5293 0.9139 80.7910
596.0938 23.6230 0.9389 80.7910
303.9062 17.4707 0.9900 91.3184
350.7812 17.4707 0.9900 91.3184
303.9062 42.0801 0.9900 91.3184
303.9062 17.4707 0.9502 91.3184
303.9062 17.4707 0.9900 86.5918
350.7812 42.0801 0.9502 86.5918
503.9062 39.9707 0.9400 118.8184
550.7812 39.9707 0.9400 118.8184
503.9062 19.5801 0.9400 118.8184
503.9062 39.9707 0.9002 118.8184
503.9062 39.9707 0.9400 114.0918
550.7812 19.5801 0.9002 114.0918
603.9062 28.7207 0.9650 77.5684
650.7812 28.7207 0.9650 77.5684
603.9062 30.8301 0.9650 77.5684
603.9062 28.7207 0.9752 77.5684
603.9062 28.7207 0.9650 100.3418
650.7812 30.8301 0.9752 100.3418
403.9062 51.2207 0.9150 105.0684
450.7812 51.2207 0.9150 105.0684
403.9062 53.3301 0.9150 105.0684
403.9062 51.2207 0.9252 105.0684
403.9062 51.2207 0.9150 72.8418
450.7812 53.3301 0.9252 72.8418
453.9062 23.0957 0.9275 98.1934
400.7812 23.0957 0.9275 98.1934
453.9062 36.4551 0.9275 98.1934
453.9062 23.0957 0.9877 98.1934
453.9062 23.0957 0.9275 93.4668
400.7812 36.4551 0.9877 93.4668
653.9062 45.5957 0.9775 70.6934
600.7812 45.5957 0.9775 70.6934
653.9062 13.9551 0.9775 70.6934
653.9062 45.5957 0.9377 70.6934
653.9062 45.5957 0.9775 65.9668
600.7812 13.9551 0.9377 65.9668
553.9062 11.8457 0.9025 111.9434
500.7812 11.8457 0.9025 111.9434
553.9062 25.2051 0.9025 111.9434
553.9062 11.8457 0.9627 111.9434
553.9062 11.8457 0.9025 79.7168
500.7812 25.2051 0.9627 79.7168
353.9062 34.3457 0.9525 84.4434
300.7812 34.3457 0.9525 84.4434
353.9062 47.7051 0.9525 84.4434
353.9062 34.3457 0.9127 84.4434
353.9062 34.3457 0.9525 107.2168
300.7812 47.7051 0.9127 107.2168
378.9062 31.5332 0.9088 67.2559
575.7812 31.5332 0.9088 67.2559
378.9062 50.5176 0.9088 67.2559
378.9062 31.5332 0.9939 67.2559
378.9062 31.5332 0.9088 96.9043
575.7812 50.5176 0.9939 96.9043
578.9062 54.0332 0.9588 94.7559
375.7812 54.0332 0.9588 94.7559
578.9062 28.0176 0.9588 94.7559
578.9062 54.0332 0.9439 94.7559
578.9062 54.0332 0.9588 69.4043
375.7812 28.0176 0.9439 69.4043
678.9062 20.2832 0.9338 81.0059
475.7812 20.2832 0.9338 81.0059
678.9062 16.7676 0.9338 81.0059
678.9062 20.2832 0.9689 81.0059
678.9062 20.2832 0.9338 83.1543
475.7812 16.7676 0.9689 83.1543
478.9062 42.7832 0.9838 108.5059
675.7812 42.7832 0.9838 108.5059
478.9062 39.2676 0.9838 108.5059
478.9062 42.7832 0.9189 108.5059
478.9062 42.7832 0.9838 110.6543
675.7812 39.2676 0.9189 110.6543
428.9062 14.6582 0.9713 115.3809
625.7812 14.6582 0.9713 115.3809
428.9062 44.8926 0.9713 115.3809
428.9062 14.6582 0.9564 115.3809
428.9062 14.6582 0.9713 90.0293
625.7812 44.8926 0.9564 90.0293
628.9062 37.1582 0.9213 87.8809
425.7812 37.1582 0.9213 87.8809
628.9062 22.3926 0.9213 87.8809
628.9062 37.1582 0.9064 87.8809
628.9062 37.1582 0.9213 117.5293
425.7812 22.3926 0.9064 117.5293
528.9062 25.9082 0.9963 101.6309
325.7812 25.9082 0.9963 101.6309
528.9062 11.1426 0.9963 101.6309
528.9062 25.9082 0.9814 101.6309
528.9062 25.9082 0.9963 103.7793
325.7812 11.1426 0.9814 103.7793
328.9062 48.4082 0.9463 74.1309
525.7812 48.4082 0.9463 74.1309
328.9062 33.6426 0.9463 74.1309
328.9062 48.4082 0.9314 74.1309
328.9062 48.4082 0.9463 76.2793
525.7812 33.6426 0.9314 76.2793
341.4062 24.5020 0.9619 110.2246
463.2812 24.5020 0.9619 110.2246
341.4062 23.7988 0.9619 110.2246
341.4062 24.5020 0.9033 110.2246
341.4062 24.5020 0.9619 105.4980
463.2812 23.7988 0.9033 105.4980
541.4062 47.0020 0.9119 82.7246
663.2812 47.0020 0.9119 82.7246
541.4062 46.2988 0.9119 82.7246
541.4062 47.0020 0.9533 82.7246
541.4062 47.0020 0.9119 77.9980
663.2812 46.2988 0.9533 77.9980
641.4062 13.2520 0.9869 96.4746
563.2812 13.2520 0.9869 96.4746
641.4062 35.0488 0.9869 96.4746
641.4062 13.2520 0.9283 96.4746
641.4062 13.2520 0.9869 91.7480
563.2812 35.0488 0.9283 91.7480
441.4062 35.7520 0.9369 68.9746
363.2812 35.7520 0.9369 68.9746
441.4062 12.5488 0.9369 68.9746
441.4062 35.7520 0.9783 68.9746
441.4062 35.7520 0.9369 119.2480
363.2812 12.5488 0.9783 119.2480
491.4062 18.8770 0.9244 75.8496
313.2812 18.8770 0.9244 75.8496
491.4062 29.4238 0.9244 75.8496
491.4062 18.8770 0.9408 75.8496
491.4062 18.8770 0.9244 84.8730
313.2812 29.4238 0.9408 84.8730
691.4062 41.3770 0.9744 103.3496
513.2812 41.3770 0.9744 103.3496
691.4062 51.9238 0.9744 103.3496
691.4062 41.3770 0.9908 103.3496
691.4062 41.3770 0.9744 112.3730
513.2812 51.9238 0.9908 112.3730
591.4062 30.1270 0.9494 89.5996
613.2812 30.1270 0.9494 89.5996
591.4062 40.6738 0.9494 89.5996
591.4062 30.1270 0.9158 89.5996
591.4062 30.1270 0.9494 98.6230
613.2812 40.6738 0.9158 98.6230
391.4062 52.6270 0.9994 117.0996
413.2812 52.6270 0.9994 117.0996
391.4062 18.1738 0.9994 117.0996
391.4062 52.6270 0.9658 117.0996
391.4062 52.6270 0.9994 71.1230
413.2812 18.1738 0.9658 71.1230
366.4062 10.4395 0.9432 99.9121
688.2812 10.4395 0.9432 99.9121
366.4062 15.3613 0.9432 99.9121
366.4062 10.4395 0.9471 99.9121
366.4062 10.4395 0.9432 81.4355
688.2812 15.3613 0.9471 81.4355
566.4062 32.9395 0.9932 72.4121
488.2812 32.9395 0.9932 72.4121
566.4062 37.8613 0.9932 72.4121
566.4062 32.9395 0.9971 72.4121
566.4062 32.9395 0.9932 108.9355
488.2812 37.8613 0.9971 108.9355
666.4062 21.6895 0.9182 113.6621
388.2812 21.6895 0.9182 113.6621
666.4062 49.1113 0.9182 113.6621
666.4062 21.6895 0.9221 113.6621
666.4062 21.6895 0.9182 95.1855
388.2812 49.1113 0.9221 95.1855
466.4062 44.1895 0.9682 86.1621
588.2812 44.1895 0.9682 86.1621
466.4062 26.6113 0.9682 86.1621
466.4062 44.1895 0.9721 86.1621
466.4062 44.1895 0.9682 67.6855
588.2812 26.6113 0.9721 67.6855
416.4062 27.3145 0.9807 79.2871
538.2812 27.3145 0.9807 79.2871
416.4062 20.9863 0.9807 79.2871
416.4062 27.3145 0.9096 79.2871
416.4062 27.3145 0.9807 102.0605
538.2812 20.9863 0.9096 102.0605
616.4062 49.8145 0.9307 106.7871
338.2812 49.8145 0.9307 106.7871
616.4062 43.4863 0.9307 106.7871
616.4062 49.8145 0.9596 106.7871
616.4062 49.8145 0.9307 74.5605
338.2812 43.4863 0.9596 74.5605
516.4062 16.0645 0.9557 65.5371
438.2812 16.0645 0.9557 65.5371
516.4062 54.7363 0.9557 65.5371
516.4062 16.0645 0.9346 65.5371
516.4062 16.0645 0.9557 88.3105
438.2812 54.7363 0.9346 88.3105
316.4062 38.5645 0.9057 93.0371
638.2812 38.5645 0.9057 93.0371
316.4062 32.2363 0.9057 93.0371
316.4062 38.5645 0.9846 93.0371
316.4062 38.5645 0.9057 115.8105
638.2812 32.2363 0.9846 115.8105
322.6562 29.4238 0.9322 117.9590
307.0312 29.4238 0.9322 117.9590
322.6562 25.9082 0.9322 117.9590
322.6562 29.4238 0.9299 117.9590
322.6562 29.4238 0.9322 108.0762
307.0312 25.9082 0.9299 108.0762
522.6562 51.9238 0.9822 90.4590
507.0312 51.9238 0.9822 90.4590
522.6562 48.4082 0.9822 90.4590
522.6562 51.9238 0.9799 90.4590
522.6562 51.9238 0.9822 80.5762
507.0312 48.4082 0.9799 80.5762
622.6562 18.1738 0.9072 104.2090
607.0312 18.1738 0.9072 104.2090
622.6562 37.1582 0.9072 104.2090
622.6562 18.1738 0.9049 104.2090
622.6562 18.1738 0.9072 66.8262
607.0312 37.1582 0.9049 66.8262
422.6562 40.6738 0.9572 76.7090
407.0312 40.6738 0.9572 76.7090
422.6562 14.6582 0.9572 76.7090
422.6562 40.6738 0.9549 76.7090
422.6562 40.6738 0.9572 94.3262
407.0312 14.6582 0.9549 94.3262
472.6562 12.5488 0.9947 69.8340
457.0312 12.5488 0.9947 69.8340
472.6562 31.5332 0.9947 69.8340
472.6562 12.5488 0.9174 69.8340
472.6562 12.5488 0.9947 73.7012
457.0312 31.5332 0.9174 73.7012
672.6562 35.0488 0.9447 97.3340
657.0312 35.0488 0.9447 97.3340
672.6562 54.0332 0.9447 97.3340
672.6562 35.0488 0.9674 97.3340
672.6562 35.0488 0.9447 101.2012
657.0312 54.0332 0.9674 101.2012
572.6562 23.7988 0.9697 83.5840
557.0312 23.7988 0.9697 83.5840
572.6562 42.7832 0.9697 83.5840
572.6562 23.7988 0.9424 83.5840
572.6562 23.7988 0.9697 114.9512
557.0312 42.7832 0.9424 114.9512
372.6562 46.2988 0.9197 111.0840
357.0312 46.2988 0.9197 111.0840
372.6562 20.2832 0.9197 111.0840
372.6562 46.2988 0.9924 111.0840
372.6562 46.2988 0.9197 87.4512
357.0312 20.2832 0.9924 87.4512
397.6562 20.9863 0.9635 93.8965
532.0312 20.9863 0.9635 93.8965
397.6562 11.8457 0.9635 93.8965
397.6562 20.9863 0.9236 93.8965
397.6562 20.9863 0.9635 77.1387
532.0312 11.8457 0.9236 77.1387
597.6562 43.4863 0.9135 66.3965
332.0312 43.4863 0.9135 66.3965
597.6562 34.3457 0.9135 66.3965
597.6562 43.4863 0.9736 66.3965
597.6562 43.4863 0.9135 104.6387
332.0312 34.3457 0.9736 104.6387
697.6562 32.2363 0.9885 107.6465
432.0312 32.2363 0.9885 107.6465
697.6562 45.5957 0.9885 107.6465
697.6562 32.2363 0.9486 107.6465
697.6562 32.2363 0.9885 118.3887
432.0312 45.5957 0.9486 118.3887
497.6562 54.7363 0.9385 80.1465
632.0312 54.7363 0.9385 80.1465
497.6562 23.0957 0.9385 80.1465
497.6562 54.7363 0.9986 80.1465
497.6562 54.7363 0.9385 90.8887
632.0312 23.0957 0.9986 90.8887
447.6562 26.6113 0.9010 87.0215
682.0312 26.6113 0.9010 87.0215
447.6562 17.4707 0.9010 87.0215
447.6562 26.6113 0.9361 87.0215
447.6562 26.6113 0.9010 111.5137
682.0312 17.4707 0.9361 111.5137
647.6562 49.1113 0.9510 114.5215
482.0312 49.1113 0.9510 114.5215
647.6562 39.9707 0.9510 114.5215
647.6562 49.1113 0.9861 114.5215
647.6562 49.1113 0.9510 84.0137
482.0312 39.9707 0.9861 84.0137
547.6562 15.3613 0.9260 73.2715
382.0312 15.3613 0.9260 73.2715
547.6562 51.2207 0.9260 73.2715
547.6562 15.3613 0.9111 73.2715
547.6562 15.3613 0.9260 70.2637
382.0312 51.2207 0.9111 70.2637
347.6562 37.8613 0.9760 100.7715
582.0312 37.8613 0.9760 100.7715
347.6562 28.7207 0.9760 100.7715
347.6562 37.8613 0.9611 100.7715
347.6562 37.8613 0.9760 97.7637
582.0312 28.7207 0.9611 97.7637
335.1562 13.9551 0.9166 85.3027
419.5312 13.9551 0.9166 85.3027
335.1562 38.5645 0.9166 85.3027
335.1562 13.9551 0.9768 85.3027
335.1562 13.9551 0.9166 68.5449
419.5312 38.5645 0.9768 68.5449
535.1562 36.4551 0.9666 112.8027
619.5312 36.4551 0.9666 112.8027
535.1562 16.0645 0.9666 112.8027
535.1562 36.4551 0.9268 112.8027
535.1562 36.4551 0.9666 96.0449
619.5312 16.0645 0.9268 96.0449
635.1562 25.2051 0.9416 71.5527
519.5312 25.2051 0.9416 71.5527
635.1562 27.3145 0.9416 71.5527
635.1562 25.2051 0.9518 71.5527
635.1562 25.2051 0.9416 109.7949
519.5312 27.3145 0.9518 109.7949
435.1562 47.7051 0.9916 99.0527
319.5312 47.7051 0.9916 99.0527
435.1562 49.8145 0.9916 99.0527
435.1562 47.7051 0.9018 99.0527
435.1562 47.7051 0.9916 82.2949
319.5312 49.8145 0.9018 82.2949
485.1562 30.8301 0.9541 105.9277
369.5312 30.8301 0.9541 105.9277
485.1562 32.9395 0.9541 105.9277
485.1562 30.8301 0.9643 105.9277
485.1562 30.8301 0.9541 116.6699
369.5312 32.9395 0.9643 116.6699
685.1562 53.3301 0.9041 78.4277
569.5312 53.3301 0.9041 78.4277
685.1562 10.4395 0.9041 78.4277
685.1562 53.3301 0.9143 78.4277
685.1562 53.3301 0.9041 89.1699
569.5312 10.4395 0.9143 89.1699
585.1562 19.5801 0.9791 119.6777
669.5312 19.5801 0.9791 119.6777
585.1562 21.6895 0.9791 119.6777
585.1562 19.5801 0.9893 119.6777
585.1562 19.5801 0.9791 75.4199
669.5312 21.6895 0.9893 75.4199
385.1562 42.0801 0.9291 92.1777
469.5312 42.0801 0.9291 92.1777
385.1562 44.1895 0.9291 92.1777
385.1562 42.0801 0.9393 92.1777
385.1562 42.0801 0.9291 102.9199
469.5312 44.1895 0.9393 102.9199
360.1562 22.3926 0.9854 74.9902
644.5312 22.3926 0.9854 74.9902
360.1562 52.6270 0.9854 74.9902
360.1562 22.3926 0.9705 74.9902
360.1562 22.3926 0.9854 113.2324
644.5312 52.6270 0.9705 113.2324
560.1562 44.8926 0.9354 102.4902
444.5312 44.8926 0.9354 102.4902
560.1562 30.1270 0.9354 102.4902
560.1562 44.8926 0.9205 102.4902
560.1562 44.8926 0.9354 85.7324
444.5312 30.1270 0.9205 85.7324
660.1562 11.1426 0.9604 88.7402
344.5312 11.1426 0.9604 88.7402
660.1562 18.8770 0.9604 88.7402
660.1562 11.1426 0.9955 88.7402
660.1562 11.1426 0.9604 71.9824
344.5312 18.8770 0.9955 71.9824
460.1562 33.6426 0.9104 116.2402
544.5312 33.6426 0.9104 116.2402
460.1562 41.3770 0.9104 116.2402
460.1562 33.6426 0.9455 116.2402
460.1562 33.6426 0.9104 99.4824
544.5312 41.3770 0.9455 99.4824
410.1562 16.7676 0.9479 109.3652
594.5312 16.7676 0.9479 109.3652
410.1562 47.0020 0.9479 109.3652
410.1562 16.7676 0.9830 109.3652
410.1562 16.7676 0.9479 65.1074
594.5312 47.0020 0.9830 65.1074
610.1562 39.2676 0.9979 81.8652
394.5312 39.2676 0.9979 81.8652
610.1562 24.5020 0.9979 81.8652
610.1562 39.2676 0.9330 81.8652
610.1562 39.2676 0.9979 92.6074
394.5312 24.5020 0.9330 92.6074
510.1562 28.0176 0.9229 95.6152
494.5312 28.0176 0.9229 95.6152
510.1562 13.2520 0.9229 95.6152
510.1562 28.0176 0.9580 95.6152
510.1562 28.0176 0.9229 106.3574
494.5312 13.2520 0.9580 106.3574
310.1562 50.5176 0.9729 68.1152
694.5312 50.5176 0.9729 68.1152
310.1562 35.7520 0.9729 68.1152
310.1562 50.5176 0.9080 68.1152
310.1562 50.5176 0.9729 78.8574
694.5312 35.7520 0.9080 78.8574
307.0312 23.4473 0.9205 102.0605
510.1562 23.4473 0.9205 102.0605
307.0312 44.5410 0.9205 102.0605
307.0312 23.4473 0.9166 102.0605
307.0312 23.4473 0.9205 82.7246
510.1562 44.5410 0.9166 82.7246
507.0312 45.9473 0.9705 74.5605
310.1562 45.9473 0.9705 74.5605
507.0312 22.0410 0.9705 74.5605
507.0312 45.9473 0.9666 74.5605
507.0312 45.9473 0.9705 110.2246
310.1562 22.0410 0.9666 110.2246
607.0312 12.1973 0.9455 115.8105
410.1562 12.1973 0.9455 115.8105
607.0312 10.7910 0.9455 115.8105
607.0312 12.1973 0.9416 115.8105
607.0312 12.1973 0.9455 96.4746
410.1562 10.7910 0.9416 96.4746
407.0312 34.6973 0.9955 88.3105
610.1562 34.6973 0.9955 88.3105
407.0312 33.2910 0.9955 88.3105
407.0312 34.6973 0.9916 88.3105
407.0312 34.6973 0.9955 68.9746
610.1562 33.2910 0.9916 68.9746
457.0312 17.8223 0.9580 81.4355
660.1562 17.8223 0.9580 81.4355
457.0312 50.1660 0.9580 81.4355
457.0312 17.8223 0.9291 81.4355
457.0312 17.8223 0.9580 103.3496
660.1562 50.1660 0.9291 103.3496
657.0312 40.3223 0.9080 108.9355
460.1562 40.3223 0.9080 108.9355
657.0312 27.6660 0.9080 108.9355
657.0312 40.3223 0.9791 108.9355
657.0312 40.3223 0.9080 75.8496
460.1562 27.6660 0.9791 75.8496
557.0312 29.0723 0.9830 67.6855
360.1562 29.0723 0.9830 67.6855
557.0312 16.4160 0.9830 67.6855
557.0312 29.0723 0.9041 67.6855
557.0312 29.0723 0.9830 89.5996
360.1562 16.4160 0.9041 89.5996
357.0312 51.5723 0.9330 95.1855
560.1562 51.5723 0.9330 95.1855
357.0312 38.9160 0.9330 95.1855
357.0312 51.5723 0.9541 95.1855
357.0312 51.5723 0.9330 117.0996
560.1562 38.9160 0.9541 117.0996
382.0312 15.0098 0.9768 112.3730
335.1562 15.0098 0.9768 112.3730
382.0312 36.1035 0.9768 112.3730
382.0312 15.0098 0.9354 112.3730
382.0312 15.0098 0.9768 99.9121
335.1562 36.1035 0.9354 99.9121
582.0312 37.5098 0.9268 84.8730
535.1562 37.5098 0.9268 84.8730
582.0312 13.6035 0.9268 84.8730
582.0312 37.5098 0.9854 84.8730
582.0312 37.5098 0.9268 72.4121
535.1562 13.6035 0.9854 72.4121
682.0312 26.2598 0.9518 98.6230
635.1562 26.2598 0.9518 98.6230
682.0312 24.8535 0.9518 98.6230
682.0312 26.2598 0.9104 98.6230
682.0312 26.2598 0.9518 86.1621
635.1562 24.8535 0.9104 86.1621
482.0312 48.7598 0.9018 71.1230
435.1562 48.7598 0.9018 71.1230
482.0312 47.3535 0.9018 71.1230
482.0312 48.7598 0.9604 71.1230
482.0312 48.7598 0.9018 113.6621
435.1562 47.3535 0.9604 113.6621
432.0312 31.8848 0.9393 77.9980
485.1562 31.8848 0.9393 77.9980
432.0312 41.7285 0.9393 77.9980
432.0312 31.8848 0.9229 77.9980
432.0312 31.8848 0.9393 79.2871
485.1562 41.7285 0.9229 79.2871
632.0312 54.3848 0.9893 105.4980
685.1562 54.3848 0.9893 105.4980
632.0312 19.2285 0.9893 105.4980
632.0312 54.3848 0.9729 105.4980
632.0312 54.3848 0.9893 106.7871
685.1562 19.2285 0.9729 106.7871
532.0312 20.6348 0.9143 91.7480
585.1562 20.6348 0.9143 91.7480
532.0312 30.4785 0.9143 91.7480
532.0312 20.6348 0.9479 91.7480
532.0312 20.6348 0.9143 93.0371
585.1562 30.4785 0.9479 93.0371
332.0312 43.1348 0.9643 119.2480
385.1562 43.1348 0.9643 119.2480
332.0312 52.9785 0.9643 119.2480
332.0312 43.1348 0.9979 119.2480
332.0312 43.1348 0.9643 65.5371
385.1562 52.9785 0.9979 65.5371
344.5312 19.2285 0.9299 65.9668
622.6562 19.2285 0.9299 65.9668
344.5312 20.6348 0.9299 65.9668
344.5312 19.2285 0.9635 65.9668
344.5312 19.2285 0.9299 94.7559
622.6562 20.6348 0.9635 94.7559
544.5312 41.7285 0.9799 93.4668
422.6562 41.7285 0.9799 93.4668
544.5312 43.1348 0.9799 93.4668
544.5312 41.7285 0.9135 93.4668
544.5312 41.7285 0.9799 67.2559
422.6562 43.1348 0.9135 67.2559
644.5312 30.4785 0.9049 79.7168
322.6562 30.4785 0.9049 79.7168
644.5312 54.3848 0.9049 79.7168
644.5312 30.4785 0.9885 79.7168
644.5312 30.4785 0.9049 81.0059
322.6562 54.3848 0.9885 81.0059
444.5312 52.9785 0.9549 107.2168
522.6562 52.9785 0.9549 107.2168
444.5312 31.8848 0.9549 107.2168
444.5312 52.9785 0.9385 107.2168
444.5312 52.9785 0.9549 108.5059
522.6562 31.8848 0.9385 108.5059
494.5312 24.8535 0.9924 114.0918
572.6562 24.8535 0.9924 114.0918
494.5312 15.0098 0.9924 114.0918
494.5312 24.8535 0.9760 114.0918
494.5312 24.8535 0.9924 87.8809
572.6562 15.0098 0.9760 87.8809
694.5312 47.3535 0.9424 86.5918
372.6562 47.3535 0.9424 86.5918
694.5312 37.5098 0.9424 86.5918
694.5312 47.3535 0.9260 86.5918
694.5312 47.3535 0.9424 115.3809
372.6562 37.5098 0.9260 115.3809
594.5312 13.6035 0.9674 100.3418
472.6562 13.6035 0.9674 100.3418
594.5312 48.7598 0.9674 100.3418
594.5312 13.6035 0.9510 100.3418
594.5312 13.6035 0.9674 101.6309
472.6562 48.7598 0.9510 101.6309
394.5312 36.1035 0.9174 72.8418
672.6562 36.1035 0.9174 72.8418
394.5312 26.2598 0.9174 72.8418
394.5312 36.1035 0.9010 72.8418
394.5312 36.1035 0.9174 74.1309
672.6562 26.2598 0.9010 74.1309
369.5312 27.6660 0.9736 90.0293
447.6562 27.6660 0.9736 90.0293
369.5312 29.0723 0.9736 90.0293
369.5312 27.6660 0.9822 90.0293
369.5312 27.6660 0.9736 91.3184
447.6562 29.0723 0.9822 91.3184
569.5312 50.1660 0.9236 117.5293
647.6562 50.1660 0.9236 117.5293
569.5312 51.5723 0.9236 117.5293
569.5312 50.1660 0.9322 117.5293
569.5312 50.1660 0.9236 118.8184
647.6562 51.5723 0.9322 118.8184
669.5312 16.4160 0.9986 76.2793
547.6562 16.4160 0.9986 76.2793
669.5312 40.3223 0.9986 76.2793
669.5312 16.4160 0.9572 76.2793
669.5312 16.4160 0.9986 105.0684
547.6562 40.3223 0.9572 105.0684
469.5312 38.9160 0.9486 103.7793
347.6562 38.9160 0.9486 103.7793
469.5312 17.8223 0.9486 103.7793
469.5312 38.9160 0.9072 103.7793
469.5312 38.9160 0.9486 77.5684
347.6562 17.8223 0.9072 77.5684
419.5312 10.7910 0.9111 96.9043
397.6562 10.7910 0.9111 96.9043
419.5312 23.4473 0.9111 96.9043
419.5312 10.7910 0.9697 96.9043
419.5312 10.7910 0.9111 98.1934
397.6562 23.4473 0.9697 98.1934
619.5312 33.2910 0.9611 69.4043
597.6562 33.2910 0.9611 69.4043
619.5312 45.9473 0.9611 69.4043
619.5312 33.2910 0.9197 69.4043
619.5312 33.2910 0.9611 70.6934
597.6562 45.9473 0.9197 70.6934
519.5312 22.0410 0.9361 110.6543
697.6562 22.0410 0.9361 110.6543
519.5312 34.6973 0.9361 110.6543
519.5312 22.0410 0.9947 110.6543
519.5312 22.0410 0.9361 84.4434
697.6562 34.6973 0.9947 84.4434
319.5312 44.5410 0.9861 83.1543
497.6562 44.5410 0.9861 83.1543
319.5312 12.1973 0.9861 83.1543
319.5312 44.5410 0.9447 83.1543
319.5312 44.5410 0.9861 111.9434
497.6562 12.1973 0.9447 111.9434
313.2812 11.4941 0.9502 71.9824
553.9062 11.4941 0.9502 71.9824
313.2812 17.1191 0.9502 71.9824
313.2812 11.4941 0.9900 71.9824
313.2812 11.4941 0.9502 119.6777
553.9062 17.1191 0.9900 119.6777
513.2812 33.9941 0.9002 99.4824
353.9062 33.9941 0.9002 99.4824
513.2812 39.6191 0.9002 99.4824
513.2812 33.9941 0.9400 99.4824
513.2812 33.9941 0.9002 92.1777
353.9062 39.6191 0.9400 92.1777
613.2812 22.7441 0.9752 85.7324
453.9062 22.7441 0.9752 85.7324
613.2812 50.8691 0.9752 85.7324
613.2812 22.7441 0.9650 85.7324
613.2812 22.7441 0.9752 78.4277
453.9062 50.8691 0.9650 78.4277
413.2812 45.2441 0.9252 113.2324
653.9062 45.2441 0.9252 113.2324
413.2812 28.3691 0.9252 113.2324
413.2812 45.2441 0.9150 113.2324
413.2812 45.2441 0.9252 105.9277
653.9062 28.3691 0.9150 105.9277
463.2812 28.3691 0.9127 106.3574
603.9062 28.3691 0.9127 106.3574
463.2812 11.4941 0.9127 106.3574
463.2812 28.3691 0.9525 106.3574
463.2812 28.3691 0.9127 71.5527
603.9062 11.4941 0.9525 71.5527
663.2812 50.8691 0.9627 78.8574
403.9062 50.8691 0.9627 78.8574
663.2812 33.9941 0.9627 78.8574
663.2812 50.8691 0.9025 78.8574
663.2812 50.8691 0.9627 99.0527
403.9062 33.9941 0.9025 99.0527
563.2812 17.1191 0.9377 92.6074
303.9062 17.1191 0.9377 92.6074
563.2812 45.2441 0.9377 92.6074
563.2812 17.1191 0.9775 92.6074
563.2812 17.1191 0.9377 112.8027
303.9062 45.2441 0.9775 112.8027
363.2812 39.6191 0.9877 65.1074
503.9062 39.6191 0.9877 65.1074
363.2812 22.7441 0.9877 65.1074
363.2812 39.6191 0.9275 65.1074
363.2812 39.6191 0.9877 85.3027
503.9062 22.7441 0.9275 85.3027
388.2812 25.5566 0.9439 82.2949
378.9062 25.5566 0.9439 82.2949
388.2812 31.1816 0.9439 82.2949
388.2812 25.5566 0.9588 82.2949
388.2812 25.5566 0.9439 68.1152
378.9062 31.1816 0.9588 68.1152
588.2812 48.0566 0.9939 109.7949
578.9062 48.0566 0.9939 109.7949
588.2812 53.6816 0.9939 109.7949
588.2812 48.0566 0.9088 109.7949
588.2812 48.0566 0.9939 95.6152
578.9062 53.6816 0.9088 95.6152
688.2812 14.3066 0.9189 68.5449
678.9062 14.3066 0.9189 68.5449
688.2812 42.4316 0.9189 68.5449
688.2812 14.3066 0.9838 68.5449
688.2812 14.3066 0.9189 109.3652
678.9062 42.4316 0.9838 109.3652
488.2812 36.8066 0.9689 96.0449
478.9062 36.8066 0.9689 96.0449
488.2812 19.9316 0.9689 96.0449
488.2812 36.8066 0.9338 96.0449
488.2812 36.8066 0.9689 81.8652
478.9062 19.9316 0.9338 81.8652
438.2812 19.9316 0.9814 102.9199
428.9062 19.9316 0.9814 102.9199
438.2812 25.5566 0.9814 102.9199
438.2812 19.9316 0.9963 102.9199
438.2812 19.9316 0.9814 116.2402
428.9062 25.5566 0.9963 116.2402
638.2812 42.4316 0.9314 75.4199
628.9062 42.4316 0.9314 75.4199
638.2812 48.0566 0.9314 75.4199
638.2812 42.4316 0.9463 75.4199
638.2812 42.4316 0.9314 88.7402
628.9062 48.0566 0.9463 88.7402
538.2812 31.1816 0.9564 116.6699
528.9062 31.1816 0.9564 116.6699
538.2812 36.8066 0.9564 116.6699
538.2812 31.1816 0.9713 116.6699
538.2812 31.1816 0.9564 74.9902
528.9062 36.8066 0.9713 74.9902
338.2812 53.6816 0.9064 89.1699
328.9062 53.6816 0.9064 89.1699
338.2812 14.3066 0.9064 89.1699
338.2812 53.6816 0.9213 89.1699
338.2812 53.6816 0.9064 102.4902
328.9062 14.3066 0.9213 102.4902
325.7812 29.7754 0.9971 94.3262
666.4062 29.7754 0.9971 94.3262
325.7812 46.6504 0.9971 94.3262
325.7812 29.7754 0.9432 94.3262
325.7812 29.7754 0.9971 73.2715
666.4062 46.6504 0.9432 73.2715
525.7812 52.2754 0.9471 66.8262
466.4062 52.2754 0.9471 66.8262
525.7812 24.1504 0.9471 66.8262
525.7812 52.2754 0.9932 66.8262
525.7812 52.2754 0.9471 100.7715
466.4062 24.1504 0.9932 100.7715
625.7812 18.5254 0.9721 108.0762
366.4062 18.5254 0.9721 108.0762
625.7812 12.9004 0.9721 108.0762
625.7812 18.5254 0.9182 108.0762
625.7812 18.5254 0.9721 114.5215
366.4062 12.9004 0.9182 114.5215
425.7812 41.0254 0.9221 80.5762
566.4062 41.0254 0.9221 80.5762
425.7812 35.4004 0.9221 80.5762
425.7812 41.0254 0.9682 80.5762
425.7812 41.0254 0.9221 87.0215
566.4062 35.4004 0.9682 87.0215
475.7812 12.9004 0.9346 87.4512
516.4062 12.9004 0.9346 87.4512
475.7812 52.2754 0.9346 87.4512
475.7812 12.9004 0.9057 87.4512
475.7812 12.9004 0.9346 107.6465
516.4062 52.2754 0.9057 107.6465
675.7812 35.4004 0.9846 114.9512
316.4062 35.4004 0.9846 114.9512
675.7812 29.7754 0.9846 114.9512
675.7812 35.4004 0.9557 114.9512
675.7812 35.4004 0.9846 80.1465
316.4062 29.7754 0.9557 80.1465
575.7812 24.1504 0.9096 73.7012
416.4062 24.1504 0.9096 73.7012
575.7812 18.5254 0.9096 73.7012
575.7812 24.1504 0.9307 73.7012
575.7812 24.1504 0.9096 66.3965
416.4062 18.5254 0.9307 66.3965
375.7812 46.6504 0.9596 101.2012
616.4062 46.6504 0.9596 101.2012
375.7812 41.0254 0.9596 101.2012
375.7812 46.6504 0.9807 101.2012
375.7812 46.6504 0.9596 93.8965
616.4062 41.0254 0.9807 93.8965
350.7812 15.7129 0.9033 118.3887
491.4062 15.7129 0.9033 118.3887
350.7812 32.5879 0.9033 118.3887
350.7812 15.7129 0.9119 118.3887
350.7812 15.7129 0.9033 111.0840
491.4062 32.5879 0.9119 111.0840
550.7812 38.2129 0.9533 90.8887
691.4062 38.2129 0.9533 90.8887
550.7812 10.0879 0.9533 90.8887
550.7812 38.2129 0.9619 90.8887
550.7812 38.2129 0.9533 83.5840
691.4062 10.0879 0.9619 83.5840
650.7812 26.9629 0.9283 104.6387
591.4062 26.9629 0.9283 104.6387
650.7812 21.3379 0.9283 104.6387
650.7812 26.9629 0.9369 104.6387
650.7812 26.9629 0.9283 69.8340
591.4062 21.3379 0.9369 69.8340
450.7812 49.4629 0.9783 77.1387
391.4062 49.4629 0.9783 77.1387
450.7812 43.8379 0.9783 77.1387
450.7812 49.4629 0.9869 77.1387
450.7812 49.4629 0.9783 97.3340
391.4062 43.8379 0.9869 97.3340
400.7812 21.3379 0.9658 70.2637
341.4062 21.3379 0.9658 70.2637
400.7812 38.2129 0.9658 70.2637
400.7812 21.3379 0.9494 70.2637
400.7812 21.3379 0.9658 76.7090
341.4062 38.2129 0.9494 76.7090
600.7812 43.8379 0.9158 97.7637
541.4062 43.8379 0.9158 97.7637
600.7812 15.7129 0.9158 97.7637
600.7812 43.8379 0.9994 97.7637
600.7812 43.8379 0.9158 104.2090
541.4062 15.7129 0.9994 104.2090
500.7812 10.0879 0.9908 84.0137
641.4062 10.0879 0.9908 84.0137
500.7812 26.9629 0.9908 84.0137
500.7812 10.0879 0.9244 84.0137
500.7812 10.0879 0.9908 117.9590
641.4062 26.9629 0.9244 117.9590
300.7812 32.5879 0.9408 111.5137
441.4062 32.5879 0.9408 111.5137
300.7812 49.4629 0.9408 111.5137
300.7812 32.5879 0.9744 111.5137
300.7812 32.5879 0.9408 90.4590
441.4062 49.4629 0.9744 90.4590
