50.00000000 128.63857543 129.78873918 132.93831186 134.43426906
50.00000000 119.34665950 121.03526316 127.56284079 121.32950403
50.00000000 131.02155262 141.75642857 127.44820767 129.96064394
50.00000000 125.21166547 131.62195935 126.47787469 130.06271807
50.00000000 124.92528371 134.55692232 124.36693475 123.22632564
50.00000000 129.93889365 133.50295330 135.82785068 129.96677600
50.00000000 126.44741977 133.10379467 124.79688873 127.69836601
50.00000000 125.21703911 118.11715389 137.85084235 129.76500636
50.00000000 129.32025370 130.21438121 135.13894623 130.72143556
50.00000000 124.95050980 125.38720267 126.70669173 131.81999406
50.00000000 120.82187301 123.58779125 119.94923420 128.58735128
50.00000000 119.93240896 114.02007706 122.66790255 131.92674950
200.00000000 453.37528469 456.68492942 454.46125909 457.29576859
200.00000000 451.15265421 454.73747337 453.75894824 453.25888888
200.00000000 449.43981665 449.85723324 452.05734525 454.94755437
200.00000000 450.43962758 455.29371463 453.30144951 451.29208747
200.00000000 449.25802391 451.07320795 453.60666961 451.89240158
200.00000000 450.93803988 453.05108083 454.59487424 453.61519126
200.00000000 450.52469789 451.01062612 456.02113093 453.48487487
200.00000000 451.57077965 453.53042587 454.66394167 454.82050293
200.00000000 450.11407960 453.03368578 452.86853212 452.59251242
200.00000000 450.60775544 453.99914176 453.45020368 452.89334281
200.00000000 451.79057473 454.41657482 453.65098504 455.67902101
200.00000000 450.60356466 452.10001799 453.25514443 454.86260586
275.00000000 269.86179790 272.40965281 273.22648651 272.87672540
275.00000000 270.81521417 273.04173614 274.82111580 273.15684302
275.00000000 270.73373651 274.16179885 273.20198697 273.28931758
226.10000000 4198.63734435 11379.45532341 702.31689032 650.79787623
275.00000000 270.25456645 273.74773010 273.17531158 272.19182128
275.00000000 271.63643494 274.30063386 274.35120454 274.82616605
226.90000000 4124.46520839 11187.69868899 700.57553225 650.54120942
225.60000000 3920.97499702 10538.33165473 708.94134365 655.85630556
275.00000000 270.27787422 274.63994854 272.98799140 271.68954895
225.70000000 4135.70058416 10966.91519692 698.08593020 652.98720822
226.60000000 4127.87939640 10977.40780769 696.91382367 652.80493391
226.00000000 4226.54099551 10783.35300064 687.75872145 651.31535942
125.00000000 620.95608737 621.97645823 624.08099978 626.48368330
125.00000000 619.94058465 624.47223165 620.98784776 622.79766179
125.00000000 620.79369657 623.81467230 624.36999832 623.24027943
125.00000000 269.76105908 271.52835791 273.38169858 273.39984407
125.00000000 620.93407555 621.93756921 626.21673546 623.74086506
125.00000000 621.00728530 620.93657079 625.35828436 625.18090299
125.00000000 270.54668872 273.80839272 273.56551540 274.38984019
125.00000000 269.67883472 274.53595453 270.69495230 272.74629159
125.00000000 619.11108654 620.60226036 622.37265484 623.33082040
125.00000000 272.46362975 275.30047123 277.22166851 273.51895163
125.00000000 271.49924093 274.99988135 275.25390970 272.91790417
125.00000000 270.68346677 273.74079316 273.71737219 273.61418343
162.50000000 529.27488563 532.69655345 532.58231304 531.24886061
162.50000000 530.22049919 534.80059545 531.01934346 533.27517699
162.50000000 529.88313924 531.54719546 533.79906394 532.99240801
162.50000000 711.57089380 713.85855338 715.01403306 714.41276306
162.50000000 531.23335154 533.93725072 534.52214397 534.24066867
237.50000000 530.39443884 534.66533202 532.87261310 532.14388137
197.70000000 3983.41143250 10657.47820118 790.70697005 746.99696408
197.30000000 4153.76871853 10619.38770888 803.61814841 751.32994120
237.50000000 530.44530125 531.05181377 531.81341341 536.93365310
197.40000000 4056.57199954 10975.79097142 801.57018500 747.31066158
162.50000000 712.57680858 715.82746616 716.37810312 714.45812723
197.50000000 3976.74314552 10681.07165957 783.77790898 745.29586161
312.50000000 181.01355902 183.81450040 183.67731302 184.07680013
312.50000000 181.34591828 183.74329161 183.54244879 185.45869884
312.50000000 179.69453323 183.19646953 182.28519800 182.24654613
312.50000000 360.56066152 364.17732119 363.76567692 362.39453439
312.50000000 180.38245006 182.65300909 183.59210579 183.53660356
87.50000000 180.66739760 183.79754350 184.81085668 181.36717066
87.50000000 360.30058610 364.15110701 365.76375768 361.39144913
87.50000000 361.64729955 363.83437773 369.05566287 361.52919962
87.50000000 180.01597440 180.81242121 184.17988978 183.16013527
87.50000000 361.80828109 367.61712460 365.60549596 361.84651735
312.50000000 360.04230340 362.71055836 362.49301686 363.72842017
87.50000000 362.17767309 363.76704392 365.97173181 364.49198477
197.80000000 4986.96233476 13806.90692750 794.98732363 743.70742612
197.30000000 5068.15296014 14451.68986772 854.85417799 750.41494121
197.60000000 4853.21676714 12669.09718101 796.11378286 743.69254593
237.50000000 180.48727364 184.54341872 182.91541569 182.89173591
197.50000000 5156.08148871 13229.68259507 782.13262782 745.39780778
168.40000000 949.36538931 1237.67335127 722.84367344 718.92676801
162.50000000 181.59248951 186.70577696 181.56682765 185.72956407
162.50000000 182.26663893 184.52914162 186.10776608 185.09343143
168.50000000 964.72261373 1243.31663308 718.46629923 718.25191050
162.50000000 182.35523555 183.47116475 186.40354618 185.97340114
237.50000000 180.65683307 183.39353745 184.71688004 182.74291909
162.50000000 181.98698455 186.06170206 184.80160454 183.91511972
87.50000000 361.30101049 365.36865325 365.29375154 361.89918931
87.50000000 361.76115917 370.12316643 361.59020104 362.68361968
87.50000000 358.16032592 359.12480180 361.22693027 362.20961975
87.50000000 531.44380121 534.42055195 531.49514867 538.09560982
87.50000000 362.41965597 363.18744856 366.89056577 366.63817062
312.50000000 360.24718611 365.90432304 361.49725451 362.00433674
265.10000000 3241.89432161 8939.39628225 587.31143765 556.80480609
264.80000000 3364.23344941 8970.50307570 587.24877457 557.22622330
312.50000000 360.24367917 362.64118938 362.89254032 364.10585691
263.60000000 3301.92328192 8400.35833812 584.61782784 556.88617456
87.50000000 531.36202978 534.90741129 535.63786780 531.86788166
264.50000000 3348.32552477 8619.62809553 594.76219523 556.44585874
187.00000000 4184.51434508 12029.40376769 833.42655774 785.71234431
187.10000000 4290.96508168 12074.57178560 840.70688219 786.96808666
187.20000000 4287.66473336 11833.06671673 837.98486150 785.58065922
186.90000000 4276.24150843 11700.87474637 850.31568124 791.03968454
186.70000000 4149.70649585 11395.68941219 855.18870462 799.08545824
143.80000000 749.77131354 753.04393314 750.27679769 754.09951693
143.80000000 751.24100116 753.22917248 753.92456958 754.91894624
143.80000000 748.20216103 748.67255936 752.39949190 751.03544930
143.80000000 751.75926712 753.47924225 752.40639274 757.97925519
143.80000000 750.85470007 753.97349632 753.59033668 753.42981324
187.20000000 4092.85231305 11679.63872434 841.61981905 786.42676569
143.80000000 750.84975629 753.89968144 753.47919604 754.07630388
68.80000000 397.92372123 403.98442408 395.56935601 402.77214819
68.80000000 399.03891731 401.34398262 403.19096189 402.04110841
68.80000000 401.16533895 403.58297376 406.57143281 401.67720772
68.80000000 403.34582329 406.99257291 405.92712049 405.51010431
68.80000000 404.51347643 406.14644085 408.28990500 408.27137146
293.80000000 400.37443957 403.12812619 403.64469601 402.64317732
293.80000000 400.99058225 404.61433637 403.21906938 403.75973500
293.80000000 401.67995481 403.38753744 405.58831345 404.77181793
293.80000000 401.14431429 403.46421675 402.86261406 405.72141432
293.80000000 399.98950434 403.53938564 401.30008172 403.84150622
68.80000000 400.44903605 404.27156634 404.16107254 401.99258478
293.80000000 400.26335064 401.75711463 404.08443127 403.91978053
143.80000000 581.30973683 585.08315756 585.24403096 582.15074222
143.80000000 583.69534808 589.77783932 586.28416543 583.99484284
143.80000000 582.04161944 584.26817358 586.34448875 585.07567662
143.80000000 231.63843338 232.46952301 236.11718620 235.38525918
143.80000000 580.51571082 583.37152673 584.46846462 582.70640617
229.20000000 1248.01439713 2336.67053504 599.70368585 591.93144850
218.80000000 229.28913612 229.30639660 233.37361228 233.50860891
218.80000000 231.50681956 234.28403774 233.56959884 235.22089612
218.80000000 579.96268615 581.74275916 582.76694514 584.69241901
218.80000000 229.76357143 233.54479213 232.60286381 232.18428749
143.80000000 230.93760858 234.70699211 232.46432514 234.50568991
218.80000000 230.17846990 231.19142849 233.66966358 234.71652988
293.80000000 230.87731719 232.92278387 233.46277355 234.83180243
293.80000000 230.18161895 233.06595884 232.71342538 233.19699086
293.80000000 232.05920242 233.80439230 236.31140609 234.58403499
242.60000000 3364.63079818 8803.87414208 650.84291289 608.75062459
293.80000000 230.93674960 233.69974250 233.55418093 234.48338803
68.80000000 230.48123128 233.04519633 231.14374386 236.28937812
68.80000000 583.54176471 587.35379331 586.40899918 585.77635869
68.80000000 578.80177567 584.26995900 581.32122850 578.99498412
68.80000000 230.60454269 232.15521849 237.22582089 231.97254978
68.80000000 581.10751675 581.21364377 585.29798218 586.77389584
242.30000000 3464.82741569 9459.23853340 663.67857027 611.50673659
68.80000000 580.37679698 584.35010717 584.82265349 580.91860958
331.30000000 311.12227926 313.95591712 314.04828631 314.16339846
331.30000000 310.07368927 313.70632869 312.69016054 312.54769726
331.30000000 309.94909086 313.35808312 312.37017866 312.95939619
331.30000000 139.14864142 139.80826359 144.44838490 141.87462362
331.30000000 311.20982597 313.41205064 314.71476754 314.37129022
331.30000000 310.53771617 315.27761715 312.15513024 312.83823650
331.30000000 141.44482810 143.89491659 144.71812572 144.57872949
331.30000000 141.73554689 144.84521708 144.54982220 144.95155305
331.30000000 310.80929459 312.47203571 313.22139161 315.86694414
331.30000000 141.33908754 143.77642361 144.57526672 144.59537396
331.30000000 140.08423478 142.85764875 141.04333885 145.42899514
331.30000000 140.58009789 144.51822819 144.49708447 141.61148618
188.70000000 1009.45156495 1492.20630270 672.53176909 669.06536203
188.40000000 998.59759234 1447.67951930 676.44744626 671.43401287
188.00000000 959.16812326 1340.53582410 667.43333995 669.96521822
181.30000000 491.97379452 494.57711453 495.16862502 494.67740447
188.50000000 1010.32645071 1491.07729046 676.04186962 670.05742147
188.80000000 974.84388952 1359.82751308 672.07893569 670.28007611
181.30000000 492.12830680 495.05685904 495.04565015 495.79656994
181.30000000 490.66941820 493.41003551 493.97791412 493.38992247
188.30000000 981.70211051 1388.35264605 674.32709420 670.52140749
181.30000000 491.58065538 495.77094085 493.25324730 494.40341879
181.30000000 490.63634854 492.26233007 493.41691681 495.50765066
181.30000000 490.57267843 491.82745933 490.84899103 497.62577332
106.30000000 140.49640712 141.14758669 143.45522816 145.41281885
106.30000000 140.04814675 142.86230944 142.94071511 142.55964319
106.30000000 143.29361663 146.06117482 144.54129621 149.05395029
106.30000000 662.86280260 665.75147191 669.58162575 662.63677301
106.30000000 140.25783418 143.96851608 141.16154856 144.14838332
106.30000000 140.27729493 144.78789088 141.35748186 143.87825004
106.30000000 660.56762728 664.43421032 663.66510865 662.75691202
106.30000000 658.35217231 661.92827107 660.78397540 661.09157526
106.30000000 141.27297394 143.65920696 144.38061544 144.65731364
106.30000000 660.87421460 659.83322009 664.68350638 667.46049836
106.30000000 661.58226611 665.62971740 662.69937482 665.07769705
106.30000000 660.38342521 663.00490074 664.15659178 663.53484850
256.30000000 490.76109008 492.59977734 494.67834184 493.81537490
256.30000000 491.80641789 495.08648731 494.42148651 494.76016576
256.30000000 491.27740297 495.35596732 494.59826590 492.80990446
256.30000000 311.11445355 313.71987954 313.49655962 314.93679878
256.30000000 492.18188566 493.42245609 496.09314937 496.03123629
256.30000000 491.13773681 494.14516348 493.51764377 494.27998773
256.30000000 310.12175351 314.01714109 313.32446189 311.49730969
256.30000000 310.56631132 313.65723902 314.57299799 312.38754294
256.30000000 492.63358107 496.31767631 497.07237892 493.24146417
256.30000000 311.99934830 314.06164425 315.50402216 314.80740200
256.30000000 309.36547923 314.00434071 312.07256862 310.75389712
256.30000000 309.61776666 312.69841059 311.21931960 313.39556360
134.40000000 421.96814654 426.98110324 423.37077048 423.95431901
134.40000000 421.03963501 424.41442061 422.74742647 424.96942022
134.40000000 420.62368644 422.80889630 424.92603601 422.64597557
134.40000000 692.68617483 692.86765202 696.72613904 696.79302505
134.40000000 423.20758351 427.44929414 424.86494258 426.56653737
96.90000000 421.91428427 422.93315865 427.05130607 424.03265118
96.90000000 688.92519743 689.58048782 694.69140809 691.20801585
96.90000000 692.63742412 695.85971085 694.22549667 696.50974338
96.90000000 420.52860298 425.40276643 422.38923005 422.77516928
96.90000000 692.18438727 694.34198486 695.67210549 695.51572185
134.40000000 690.95009938 694.88979768 692.09736466 695.76357193
96.90000000 690.83191800 692.36164896 695.15314386 693.65693703
181.90000000 3066.33992614 4341.24218094 4102.53096277 812.38085094
182.30000000 3139.30480801 3900.58376745 4739.57746972 819.10852964
284.40000000 298.51258950 294.29039342 291.32442900 318.26784410
284.40000000 341.10168955 343.04682723 346.38986571 342.59118253
182.10000000 3145.37818880 4176.06313641 4554.63181243 816.75643740
182.40000000 3150.58334778 7812.66533538 935.17315478 807.29834395
246.90000000 319.23139762 322.36437504 317.86382676 324.84291265
246.90000000 340.89645872 342.39360788 344.24524542 343.95729961
246.90000000 341.43406215 357.70464531 343.87370358 336.39725622
246.90000000 317.74426966 320.59539703 318.61961504 322.76378830
284.40000000 282.29925880 283.34411678 286.04534322 286.31502326
246.90000000 317.80933523 319.43517244 320.55051352 321.59124671
209.40000000 250.84163705 252.87226674 253.55677109 255.01599463
209.40000000 251.25989717 253.48822280 254.87642824 254.39606204
209.40000000 251.67238050 254.04791369 254.52891703 255.20261404
209.40000000 160.38916983 163.52412560 161.29023051 164.94818730
209.40000000 251.47198986 252.33204504 253.80674758 256.92532806
321.80000000 251.01803267 254.66045531 253.35662523 253.39423758
321.80000000 160.57288928 161.69392062 162.75707328 165.62253805
321.80000000 161.76769522 164.29540020 165.18135336 164.21338000
321.80000000 250.36793326 251.63258352 252.79309998 255.32593225
321.80000000 162.08015575 163.21402452 164.85193596 166.76605699
209.40000000 160.96787173 161.35198069 163.93748317 165.65590460
321.80000000 161.78631312 165.08372768 164.14214583 164.59850298
59.40000000 597.81714105 600.55817505 605.00935759 599.00220151
59.40000000 601.50563707 608.56878323 601.20952573 604.24365210
59.40000000 601.86812585 606.22457669 603.61630213 604.41627525
59.40000000 511.01913014 518.52505492 512.14189515 511.31821570
59.40000000 600.99814436 602.28724160 604.56967432 605.85749529
171.90000000 600.77162078 604.13431405 603.46252009 603.38673975
171.90000000 510.26836673 513.75570932 512.39518321 513.08916448
171.90000000 510.76230698 512.60268449 513.18908315 514.98048619
171.90000000 600.52559335 603.00289575 602.11780014 604.82626660
171.90000000 510.78157852 512.44712287 515.10126390 513.48356419
59.40000000 512.07616014 514.01414838 518.04882543 512.60204725
171.90000000 511.11333715 515.67022956 513.11461022 513.16162833
96.90000000 693.16157580 694.78711426 699.52787235 694.35977167
96.90000000 692.07794376 693.02450410 695.88188676 696.39738476
96.90000000 690.69494450 690.31762383 698.02362035 692.96207009
96.90000000 248.47098322 250.34211381 250.56086055 252.65413706
96.90000000 692.22538813 696.22937068 694.06425439 695.09580495
202.70000000 1906.56398345 4603.47063260 758.59054908 729.63630389
209.40000000 251.66602270 256.05229198 252.95188238 254.38927020
209.40000000 250.21517883 250.55618946 254.47377581 254.15274677
202.90000000 5398.92087729 14983.33971429 750.11900265 724.06972751
209.40000000 250.22252272 251.90621104 254.38609427 252.88895687
96.90000000 253.41286085 256.63059451 258.30466304 255.04819738
209.40000000 250.28087356 252.19399363 253.25156386 253.91680454
246.90000000 340.83278938 344.98761039 342.19731995 343.31885913
246.90000000 340.03178767 342.80647042 342.32498642 343.04949485
246.90000000 339.66756713 342.14791986 341.33894349 343.63890512
233.30000000 4533.92530376 13020.43111197 656.54016163 629.60790082
246.90000000 340.64137641 345.20090161 341.54767982 343.64779034
59.40000000 338.84949153 342.30706263 347.50612045 336.41851838
59.40000000 599.06810734 600.22207526 605.99007165 600.42111933
59.40000000 601.80508819 607.34842122 602.06903992 603.97169592
59.40000000 342.01197740 340.49033030 346.80952980 346.41104966
59.40000000 599.98569232 601.10635197 602.22212111 605.19268462
234.00000000 2695.31487317 7359.93239848 648.99450717 626.87194457
59.40000000 601.59132768 604.28017859 602.34200843 607.11326412
275.10000000 3263.67250472 8588.44361033 564.53875351 537.47826110
275.00000000 3232.97625253 8588.44991648 565.10431550 537.58703006
275.70000000 3312.79016232 9056.94305011 565.54740587 534.06080943
182.70000000 4836.96173997 3944.02236841 9137.25710560 820.08237045
275.20000000 3207.16662184 8516.72221348 566.72307112 534.08184335
134.40000000 512.44445937 514.79763032 516.78316399 514.49276609
135.10000000 784.77337094 804.23085886 775.36730689 774.82533439
134.40000000 770.24545541 772.46754594 772.04479634 775.09802639
134.40000000 511.30000707 513.75990012 515.72826767 513.08237804
134.40000000 769.98658757 772.05972066 772.89370873 773.92591191
182.30000000 3637.08952067 1258.58026946 9183.16246379 818.12325776
134.40000000 769.78044897 774.02942420 771.62142213 772.52176667
171.90000000 161.96906822 167.48603418 165.05031997 162.35172717
171.90000000 161.09901820 164.41038284 163.45941515 164.38232241
171.90000000 160.56205634 165.39586251 163.43059963 161.78891834
171.90000000 420.16891208 422.64224801 422.75151451 423.23849803
171.90000000 160.87436423 163.83813148 163.95693088 163.19099854
284.40000000 161.39213216 163.94062890 164.45769629 164.62700943
284.40000000 420.18408466 423.25832583 423.14720909 422.60731512
284.40000000 421.40087353 423.62342428 424.74042889 424.20544025
284.40000000 159.99661793 162.83304080 162.01391744 163.65350725
284.40000000 420.47979797 423.33165727 424.96283832 421.89659399
171.90000000 419.69650401 421.91042236 424.64359584 421.34579828
284.40000000 419.97926770 423.57835673 420.93825000 423.93583596
298.00000000 1114.90739214 2396.67020915 506.82508324 493.54754749
298.30000000 1096.11929441 2381.59507030 508.53702260 496.10393390
299.70000000 1096.37379848 2380.16430303 510.07810160 492.29477073
303.10000000 200.64390970 201.76048832 203.78345550 204.70219591
298.20000000 1221.37321804 2864.91216349 515.69908166 497.71041127
190.60000000 468.54480565 470.60567362 469.36654800 473.85325500
190.60000000 201.07384055 204.39929839 203.44373553 204.42260852
190.60000000 201.38894930 202.57006344 203.69207542 206.46608385
190.60000000 470.11391627 476.31580338 473.46571583 469.34140006
190.60000000 200.35616974 204.46889394 203.46649723 202.00498964
303.10000000 200.02686081 201.43585822 204.75949781 202.56007543
190.60000000 199.85982134 202.36986148 204.41158394 201.34677487
153.10000000 120.56125350 123.93045756 124.98763069 121.64477962
153.10000000 120.77408888 124.25228629 123.99115302 123.03155809
153.10000000 122.21791343 123.09423890 123.62919489 129.19149878
153.10000000 550.92649362 554.73600266 554.03198473 552.39311430
153.10000000 121.47870406 126.27387379 122.51728266 124.38540751
340.60000000 120.66842576 122.04596711 122.49056526 126.28723254
254.70000000 2778.81031890 7141.45864858 649.25736646 581.25143677
255.40000000 2397.71494994 6211.34192064 668.44694464 580.81415936
340.60000000 120.80145240 122.96838804 124.98767149 123.50722816
254.70000000 2845.04157885 6921.54450683 638.44608531 580.16972188
153.10000000 550.35799548 554.64050163 551.56748431 553.26375358
254.30000000 2776.04304528 6945.88896991 648.00053477 583.91623819
78.10000000 640.46361571 645.06522471 646.30885425 640.15211840
78.10000000 641.70932548 649.12251901 644.49689922 640.57357230
78.10000000 639.31697690 643.34915817 639.77438644 643.68147457
78.10000000 729.21940991 732.64521714 732.98000940 731.37404836
78.10000000 640.19451140 639.90496446 644.33424360 644.23419028
219.50000000 4401.92887038 12047.15256101 718.28270738 676.29685101
192.10000000 2277.80518902 1057.58117396 4504.56128559 772.58090040
191.70000000 2981.77251078 7013.04105070 863.24595999 772.20219756
219.00000000 3667.52100757 9999.81043259 718.91727544 675.02677530
192.60000000 3196.27744170 7418.81393787 893.80899086 773.35245000
78.10000000 731.83110057 734.86428659 733.52441766 735.21790679
192.10000000 2145.61300471 4767.14105436 926.86376992 767.51888689
228.10000000 291.15319999 294.56862467 294.65382397 292.99215305
228.10000000 291.98090872 296.24306844 294.33937465 293.53133018
228.10000000 291.14362983 293.33615762 294.88432807 293.96015275
228.10000000 381.37681560 382.56847274 383.86628611 386.85390220
228.10000000 291.42591934 293.40057040 295.12251866 294.86575936
115.60000000 287.02113170 290.38253157 292.54103251 287.18051698
115.60000000 380.94728724 380.36655038 386.45020475 384.88893355
115.60000000 382.17684287 384.66854230 385.51060168 385.99641954
115.60000000 289.97686295 295.32795642 290.31727064 292.15954113
115.60000000 380.98864159 382.63502150 381.28878827 387.90380680
228.10000000 381.54769467 383.18871679 385.25625889 384.83732844
115.60000000 379.80981715 382.83287396 383.50255000 382.86007940
265.60000000 201.70549184 205.46245825 205.42005857 203.17532362
265.60000000 201.35031160 202.97215041 204.62435579 204.67474243
265.60000000 201.25218400 204.86244872 203.97495156 203.78690473
219.00000000 3562.79755113 9508.40731835 723.42193829 675.77598668
265.60000000 200.39267189 202.35871088 203.68159657 203.58234928
303.10000000 200.59946701 203.20791539 203.70360581 203.65755707
218.90000000 1864.10003892 4101.47007003 826.64396742 676.84442947
218.80000000 2785.97041394 6670.71047137 780.23862846 673.32332177
303.10000000 200.53868880 203.84613302 203.80153124 202.73867100
218.80000000 2441.78270338 5734.24052185 763.62070849 670.91661013
219.20000000 3749.94072438 9825.45526769 713.57592424 671.38268076
219.30000000 2112.21320038 4914.52514274 785.53414813 673.25187062
115.60000000 552.41252961 556.98153471 554.53723307 555.43392530
115.60000000 551.35317886 553.55687357 558.04149232 550.86605966
115.60000000 553.72835690 555.84514644 556.63626932 557.60966898
115.60000000 291.56899374 295.53649109 293.00022457 295.49308001
115.60000000 548.64375957 553.27103035 549.59603222 551.63563933
153.10000000 550.79252568 554.56165377 552.27705739 554.25434025
153.10000000 289.84547650 292.99482403 292.74991034 292.56972310
153.10000000 290.95416296 292.83404969 294.71059988 293.77970467
153.10000000 549.31321433 552.03313101 551.30280775 553.50787341
153.10000000 291.07776201 294.93471453 294.34120083 292.68222617
115.60000000 290.83829809 293.53046133 293.79182379 293.74900787
153.10000000 290.40499053 292.70860924 294.49834309 292.59369598
190.60000000 379.75100787 381.97775556 383.19699378 382.87745729
190.60000000 380.96935855 385.17495518 384.17987905 382.80555456
190.60000000 380.46061907 383.89173590 382.14752426 384.03180873
190.60000000 119.84992046 119.18061204 124.77006132 123.81357282
190.60000000 381.90360988 386.32497900 384.64477905 383.70898905
78.10000000 381.82702003 381.42835516 387.73414499 385.17603887
78.10000000 119.95332199 118.81976280 126.69574170 122.25106028
78.10000000 118.77741520 123.92589948 120.16298051 121.69494477
78.10000000 380.29878691 383.65822181 381.75911026 383.00680216
78.10000000 121.18280791 128.22956820 123.40119012 120.26500149
190.60000000 120.98055711 124.45199881 124.08835661 123.28719369
78.10000000 122.45407762 125.62393758 124.65962403 125.45635102
191.50000000 3289.71660326 584.27247898 8818.38682317 794.44683408
191.60000000 3897.37139255 1915.79598383 8552.64899369 784.41429894
192.00000000 3409.05660746 1233.38673893 8283.15240260 783.96877124
298.50000000 3137.89841404 8158.70634314 511.42339926 492.69728927
191.80000000 3457.72174556 1324.64089996 8163.21050979 777.60989033
191.80000000 4074.45463969 11025.87804372 808.20938273 765.82800816
228.10000000 470.31612948 473.43752860 471.79052647 474.51162309
228.10000000 470.57062878 471.55741158 473.47230894 475.41717389
191.90000000 5918.99178723 15300.25681628 813.20090118 767.46067415
228.10000000 471.49206140 474.19902908 473.71481667 475.19330659
299.90000000 3121.96314872 8397.20130742 516.73961400 494.38950833
228.10000000 469.83847555 472.17522960 472.90835112 472.98849716
92.20000000 589.84555291 595.63987898 589.97061059 593.37946583
92.20000000 590.49459193 595.15109215 592.82258479 592.60690456
92.20000000 591.99977881 594.55101473 594.91131992 595.79103543
92.20000000 569.21674103 572.41930264 570.12141483 573.90983789
92.20000000 591.05555513 596.97177361 589.76445876 594.43704076
64.00000000 592.55445780 596.20270807 593.95988789 595.72500478
64.00000000 569.26764423 568.83144805 573.05996753 573.96675218
64.00000000 573.10169528 577.48288710 577.16461616 573.83010501
64.00000000 589.74017855 590.94118983 593.05958418 593.66486688
64.00000000 570.12718091 573.56626093 572.98377347 572.93719511
92.20000000 572.50648706 576.51903427 576.34010431 574.01346764
64.00000000 572.03490385 580.15441355 572.78876468 570.82451850
242.20000000 241.11410247 243.29601328 244.70441211 244.18809242
242.20000000 241.05032562 244.76556961 244.74158797 241.96739357
242.20000000 239.90002191 240.36678665 242.38396556 245.89617663
242.20000000 221.97444306 224.62977964 225.65061121 224.85700995
242.20000000 241.05571680 242.27209756 243.20321684 246.03488817
214.00000000 240.76264703 244.56070548 243.50267558 242.77044761
214.00000000 221.52696681 224.67452061 223.71738611 225.24232296
214.00000000 219.73629852 222.79790004 222.31908265 222.75346410
214.00000000 243.21353902 245.81054643 248.10275869 244.78052442
214.00000000 220.77492367 223.03094146 223.66151748 224.66338040
242.20000000 221.52603998 223.12575429 224.88937598 225.10165131
214.00000000 220.88058623 226.02117385 222.89384314 222.54697523
317.20000000 144.98909207 160.57299540 142.00414225 139.50733264
317.20000000 144.98637808 147.82636388 146.63946789 149.24043154
184.20000000 3552.83931463 110.56248494 9859.10812706 812.59328705
317.20000000 142.67512231 145.69365217 142.32534802 147.51885637
317.20000000 144.81427522 146.70691115 135.93018555 161.76705765
289.00000000 158.15873661 158.26975632 170.79913694 156.40067811
289.00000000 392.26595305 395.68865278 393.27012361 396.40579086
289.00000000 155.53725899 161.32396480 163.41956735 151.02027690
184.60000000 2542.66065755 2992.17565931 3906.87000457 808.14471592
289.00000000 390.66192744 393.36620913 394.94199382 392.08369682
317.20000000 391.11660329 394.38176485 394.50726228 393.38631211
289.00000000 390.21727483 394.07569501 392.64173013 392.70986136
167.20000000 410.28007936 413.86014689 413.18386541 412.67332421
167.20000000 412.31210018 414.81597109 414.92156741 415.90767757
167.20000000 411.11961787 413.06537510 413.67688213 415.83213473
167.20000000 741.40394392 743.83714551 743.77913709 745.43932471
167.20000000 411.42829110 415.38894353 412.38044812 415.12242877
139.00000000 412.02532627 414.84585049 414.41600228 415.82853506
139.00000000 739.21484011 743.33426500 743.10638393 740.03112930
139.00000000 739.34125748 745.50901876 741.07940155 741.05867405
139.00000000 408.82631960 409.68538990 413.16342606 412.99178704
139.00000000 741.50088486 743.66191981 744.37741352 745.47756631
167.20000000 705.25221820 708.23474062 711.93096850 705.61950622
139.00000000 740.98296834 741.04727261 745.01731697 745.42215516
129.70000000 150.76889657 154.12628739 153.13072679 153.65142095
129.70000000 149.82429604 154.49293163 151.65096287 151.81628462
129.70000000 150.67628274 153.81839792 152.03071913 155.02742957
129.70000000 300.59625110 302.22081321 304.19532997 304.25163663
129.70000000 149.29277439 151.60935685 149.15925411 155.68788494
251.50000000 150.60416876 152.92159795 153.43326722 154.57348403
251.50000000 300.35573501 304.82700464 301.45151819 303.64567858
251.50000000 301.39092868 303.30581081 305.19276802 304.54264441
251.50000000 149.84200540 152.54739019 152.97132180 153.26801126
251.50000000 301.55606568 304.93808844 305.66019334 303.00044110
129.70000000 300.51664530 304.06319619 301.91387650 304.76931446
251.50000000 300.95724933 305.87413256 303.59889004 302.46415280
280.50000000 3865.97128584 9955.06176732 547.95277637 525.65867912
280.00000000 526.14337843 547.05542259 523.70949104 516.33136718
281.00000000 3833.93888499 10506.27603267 539.56476740 525.16321358
215.60000000 5989.46843723 17130.82393404 745.20980771 685.21754931
280.70000000 3827.23562411 9808.45283592 536.60626892 522.49770405
101.50000000 499.67488837 503.03011919 502.60549405 501.37319737
101.50000000 651.17224887 652.58561360 656.78610943 652.81558168
101.50000000 650.34261525 651.91715342 654.40468841 653.68024657
101.50000000 499.55092700 502.20627859 500.97810004 504.85601624
101.50000000 649.81394701 653.85173922 651.51811790 652.98805820
216.00000000 3337.79080451 8718.28003922 754.42631610 684.38604423
101.50000000 650.43534426 654.69464899 652.70737367 651.97202525
204.70000000 321.75667832 323.12820011 325.48013176 325.85238479
204.70000000 322.08550823 324.58148020 323.04122020 327.47149237
204.70000000 321.27493259 321.81083905 325.72598269 325.44441522
204.70000000 481.90170326 487.48208237 483.65537226 483.31597497
204.70000000 320.70086029 323.68296642 324.31771045 322.65311201
176.50000000 322.22428655 325.47013220 326.61571388 323.84355567
176.50000000 480.69581682 482.67781673 483.60427223 484.54090884
176.50000000 481.53535990 484.46624302 485.59271008 483.25631728
176.50000000 319.84740328 324.86712170 321.72847034 321.62915447
176.50000000 480.39398385 481.67986820 485.13533445 482.93867806
204.70000000 480.18733949 483.64621528 482.53886353 483.27738544
176.50000000 480.59082072 485.14287375 483.55893654 481.20464791
54.70000000 670.42646465 672.99844185 673.63914578 673.41086586
54.70000000 667.30882155 670.96193818 669.80431901 670.35891990
54.70000000 668.07235254 673.98445442 668.44915191 670.29064824
54.70000000 131.99013468 137.66999269 136.64759480 131.40972159
54.70000000 671.27542925 675.52335348 676.43690096 672.12964699
209.20000000 2330.46350062 2520.92647143 3999.64243778 706.37231316
326.50000000 129.67091152 132.38564646 133.98161060 131.50148925
326.50000000 131.21255222 134.47693950 134.13287024 133.70364947
209.70000000 2509.11116469 2771.18160390 4187.73881752 721.38408974
326.50000000 131.78465910 132.58181261 135.13711390 136.25832570
54.70000000 129.81666673 135.87295102 132.62548913 130.33955016
326.50000000 129.65121063 133.10060215 132.35916909 132.20296912
260.90000000 281.00322353 283.50424701 283.62277069 284.30986443
260.90000000 281.57911310 282.78823624 285.49699147 285.26397400
260.90000000 279.42872541 282.41521763 282.38645076 282.21239023
260.90000000 350.80130270 352.58690196 354.33234675 353.54650214
260.90000000 282.11295900 285.71244025 284.77398771 284.67977456
157.80000000 281.00376321 282.66903515 285.01474985 283.69668187
157.80000000 351.23267592 352.58954235 356.19966901 353.78489555
157.80000000 352.03326732 352.49423392 355.19917468 357.39030929
157.80000000 281.99683127 284.21468200 284.71636487 285.91287298
157.80000000 351.49630417 354.80592906 353.14871766 354.53094735
260.90000000 351.46287047 355.32532642 352.70189856 354.88468372
157.80000000 350.74819099 352.11708302 355.22621813 354.05476239
111.00000000 629.76565919 629.54541168 631.80987695 636.09480682
111.00000000 629.22555822 631.96108239 631.79326058 633.13876209
111.00000000 629.87047644 632.98540528 631.74110745 633.30726892
111.00000000 701.13777627 703.67538566 703.21335617 705.73589117
111.00000000 631.82204604 634.30902268 634.96727894 635.97956763
222.70000000 3178.11557541 7965.98372153 755.50497235 666.61770714
200.20000000 2145.33342154 2950.56130837 2824.62543159 739.99078161
199.80000000 1419.97618002 1837.86585334 1657.96790172 743.02084546
222.30000000 2728.68671527 6568.75480618 767.80085851 670.68630036
200.00000000 1936.54885261 1611.61978214 3598.58240027 744.36941797
111.00000000 702.53351563 706.59207761 704.68609144 705.78631107
200.50000000 1725.96281273 885.81568870 3563.83432865 740.55365107
185.90000000 112.77745439 113.14924190 118.61256363 115.87205074
185.90000000 111.36265316 114.25203783 113.58748566 114.97578011
185.90000000 110.22541217 113.98899853 115.56155457 110.57833706
185.90000000 519.33503935 522.75911463 521.86053663 521.89514883
185.90000000 110.53122204 111.37413867 116.64066350 112.14560276
232.80000000 110.45616172 112.96780196 113.34314737 113.76781702
236.90000000 607.26440881 716.77516631 526.88014330 525.62208534
232.80000000 521.57093485 526.43448293 522.69313335 524.63353566
232.80000000 112.79364608 116.49740808 115.19837029 115.69892341
232.80000000 519.90175239 520.90148801 521.33456986 525.82883161
185.90000000 521.10041354 523.30364641 524.84754050 523.47030402
232.80000000 521.18592413 524.09147395 523.82718840 524.15163931
304.50000000 2986.15060329 8250.52102522 509.59487326 483.83226380
305.00000000 3673.68485665 9042.22012664 498.46072996 481.12701971
304.80000000 3028.73868565 8059.07049641 508.08715889 484.25861128
335.90000000 170.12188924 173.44915981 172.98079226 172.44307034
304.90000000 3001.11341597 8229.35001354 502.50949018 482.46950777
82.80000000 461.16777213 469.34723611 460.49238066 463.60300731
82.80000000 171.86396001 173.81154814 176.65951257 173.24206770
82.80000000 170.04799687 171.08876447 172.78685498 174.41735215
82.80000000 459.28331584 462.10314480 460.46036705 464.06882204
82.80000000 170.38173103 171.61839786 172.59883030 175.45947358
337.13333333 170.48219320 174.98175922 172.67323846 172.31621599
82.80000000 169.71831227 171.08201172 170.83758741 175.34906528
195.20000000 994.62245757 763.90885493 1474.79566059 761.38356252
194.00000000 1297.49104659 1355.97177658 1769.00709129 763.22018949
194.90000000 2552.10111092 3261.05911165 3800.54111776 762.82588513
230.30000000 3368.09022645 8689.39914550 698.54587220 640.04305653
194.80000000 1472.95857258 1108.78510801 2631.97258547 761.01787621
194.80000000 3290.50606200 845.11814923 8468.55593742 760.58631605
229.80000000 1043.74060109 1335.03735564 1110.86423562 644.95571971
230.00000000 1120.44327400 1141.86466571 1580.56166154 647.06792491
194.50000000 3668.75488602 1659.44823594 8515.68207950 777.21779074
230.10000000 1052.15145808 1161.28566067 1359.40289984 643.46606302
230.70000000 3572.32866104 9385.29273097 693.94630477 637.04786060
229.90000000 1063.66921222 1349.20844666 1082.45007371 645.42782278
148.50000000 370.05351644 372.64597386 372.37428626 374.52556263
148.50000000 370.77054683 374.21954264 373.13648960 374.13171597
148.50000000 371.98652722 374.34828586 374.87838864 376.02584682
148.50000000 260.96570355 264.46786111 264.29922723 262.83169977
148.50000000 370.44958369 373.28655738 372.66565792 374.58741852
195.30000000 370.35218421 371.98200910 374.14015693 373.66723764
195.30000000 260.70618721 264.20580443 263.53394435 263.64813954
195.30000000 261.56983898 264.80820139 268.04319616 260.66465932
195.30000000 369.52894025 373.26749205 369.43031601 374.33714183
195.30000000 262.27322951 263.44079677 265.32813319 267.01638036
148.50000000 261.09614801 263.78729732 264.37696515 263.74000048
195.30000000 260.77379308 263.29347998 262.17177127 265.76016278
73.50000000 539.98744498 540.62739525 545.58162621 543.27927508
73.50000000 541.20096363 542.36951433 547.46604108 542.87589627
73.50000000 540.48130322 542.98655543 542.93373085 544.03856821
73.50000000 431.41616685 440.56799047 432.32077749 431.31200870
73.50000000 540.17786803 547.65583771 543.20196364 538.62005068
120.30000000 541.65676191 541.93847558 544.63967895 546.63832233
120.30000000 431.95427874 434.06337929 432.85924486 437.83760026
120.30000000 430.19195954 434.81479042 432.03224551 433.02891211
120.30000000 542.52015909 545.20924302 549.96928010 541.45651057
120.30000000 431.35258073 436.70899453 433.99459688 432.19770465
73.50000000 430.22779218 438.50514790 432.18904472 429.48587596
120.30000000 429.97969361 434.52126352 429.99853335 434.30218819
223.40000000 190.70343824 192.71256743 195.09388539 193.24617510
223.40000000 191.15559858 193.09245333 192.87700242 196.24557145
223.40000000 191.29185566 194.38267463 193.65487743 194.47989587
180.10000000 4162.14186404 11029.01190026 880.88738071 817.98360842
223.40000000 189.58671700 192.97557683 193.03397902 191.56909848
270.30000000 190.85303576 193.39922930 192.98334896 194.89471311
179.40000000 1103.16676830 864.73239775 1672.37272004 820.62367682
179.60000000 4086.57053838 1452.01712275 10255.56773245 825.05881723
270.30000000 191.04421286 192.05725920 195.16935889 194.46595867
179.90000000 4160.62407976 331.98943442 11357.05191530 821.99988457
180.10000000 4233.29251342 9677.18071610 1592.19016089 820.31201960
179.40000000 4241.16783395 370.16200297 11438.22320128 826.53533134
176.50000000 649.50856939 652.34136923 653.24194220 651.86915342
176.50000000 651.01560133 654.79486684 653.39841785 653.69851373
176.50000000 652.90702241 656.94122584 653.63862080 657.46379465
176.50000000 410.13165815 412.18418284 414.16201173 412.60111592
176.50000000 651.69196180 656.69246990 652.98072252 654.50761219
92.20000000 651.82927005 655.20399455 651.73164390 657.12228149
92.20000000 409.92756121 411.68750858 412.80072536 414.54837358
92.20000000 409.74171265 408.84670868 414.74205047 414.56310008
92.20000000 650.37655374 652.39010892 655.72213340 652.48173823
92.20000000 410.14088693 414.24013714 414.70003665 410.65802844
176.50000000 410.94945565 416.54614670 412.45288484 412.50163120
92.20000000 410.59234483 414.76426507 413.75972587 412.08806142
326.50000000 301.28655056 302.35932015 303.99968429 306.03498823
326.50000000 301.48332519 305.63674840 303.63395959 303.48033555
326.50000000 301.65349567 304.38626376 302.77829109 306.20514383
183.80000000 4013.43669420 2341.25322686 8739.05634371 810.37000130
326.50000000 300.24674253 301.92532465 303.50054593 304.10745479
242.20000000 300.88433847 304.29133433 303.07113457 304.34639048
184.60000000 4561.97050915 11620.19776693 870.89375101 800.76996208
184.20000000 4446.56554149 11468.40759934 872.99006652 795.99535808
242.20000000 300.49383472 301.08469063 305.36634087 303.85879489
184.70000000 4899.73574287 12666.02693295 857.63506078 797.46425353
184.00000000 3903.05707024 1862.15712926 8904.27311974 811.38800922
184.10000000 4414.39143794 11379.55324480 893.54899259 801.07281724
251.50000000 480.67476594 482.85782746 483.50886172 484.53865520
251.50000000 481.41530316 484.52815624 484.96477344 483.40241848
251.50000000 178.74637798 180.37755407 184.37881266 179.28608839
237.00000000 4535.37414178 11904.99493452 648.72336846 618.72297095
251.50000000 480.69715785 484.29503171 481.39211605 485.20898768
292.30000000 3414.18187601 9092.87219609 524.67308374 503.50895150
317.20000000 144.32112176 148.66085011 141.72058315 151.80001163
236.90000000 3747.82640182 9586.04210679 690.16823693 623.03013852
317.20000000 143.17924143 130.43986770 160.61463190 147.20279788
317.20000000 144.43730334 136.94150409 146.30999941 158.09475342
251.50000000 179.33815765 180.92119867 194.85761525 172.29017908
317.20000000 144.72903325 148.85014963 140.53992594 154.12970848
101.50000000 133.72702696 139.11321175 135.29355968 136.46228472
101.50000000 129.80814301 133.03774884 132.78539205 131.88189998
101.50000000 131.56735541 133.60297473 134.51392070 135.27150844
101.50000000 241.06819064 245.01321398 241.30672721 245.71755026
101.50000000 131.27301533 132.81841942 133.73331277 137.00953792
167.20000000 132.17356134 133.84422101 136.22579761 135.17718590
167.20000000 241.09383913 246.19742490 242.75877794 242.45776017
167.20000000 240.45426053 244.07066708 241.83095887 244.39714367
167.20000000 131.07496200 133.97663609 134.30954185 133.39015375
167.20000000 240.18799179 243.24100089 243.36390607 242.71612633
101.50000000 238.72656071 238.69367733 239.03749084 247.05292298
167.20000000 240.02001426 242.39512359 242.95771213 243.21492469
64.00000000 388.56021787 391.45906351 389.46990607 395.00562120
64.00000000 388.41840697 391.75794340 389.07828477 392.54348942
64.00000000 390.03207265 390.56655572 394.52949646 394.09445756
64.00000000 499.93404609 496.11868539 505.96857540 506.39063169
64.00000000 389.80028204 394.89884319 394.67375129 390.06593249
204.70000000 389.24403788 394.56318747 391.45880084 390.65039366
204.70000000 501.65124405 505.66577638 502.55258538 505.93683892
204.70000000 499.79060170 502.64433183 504.09605251 501.07356766
204.70000000 389.97463272 394.27207953 391.97636681 392.55193011
204.70000000 499.54054874 502.72021255 503.50732807 501.16711352
64.00000000 500.44414683 502.48011387 501.52052010 506.10104126
204.70000000 500.06461350 500.45661549 505.49695588 503.21799906
189.20000000 5213.03325395 14136.33076108 869.30411861 777.64649328
189.90000000 5298.29080257 13711.16360549 800.41394439 772.06419432
189.40000000 5100.64802363 13751.42450622 913.19566738 781.92975896
214.00000000 151.29437977 153.38979371 155.84492841 153.34688900
190.10000000 5319.20175304 14250.65632418 880.27090246 777.67205271
54.70000000 740.20454139 744.37445201 743.59021167 742.38932749
54.70000000 151.52536769 157.37066893 152.13301503 155.96844156
54.70000000 148.68730640 149.26121284 154.81287583 151.54042640
54.70000000 741.50485690 742.67357843 746.08867521 746.03176863
54.70000000 148.13175084 150.49694690 150.32551599 152.35274799
214.00000000 150.92753349 152.87072134 154.93727350 153.60978981
54.70000000 150.80979798 153.90325324 158.09598850 149.87463814
289.00000000 221.34000901 223.03680039 225.53644211 224.19662572
289.00000000 221.43676661 225.26718242 222.80645138 224.89898444
289.00000000 220.24566225 223.15827299 222.87683121 223.46443365
289.00000000 321.34761115 322.91760050 325.41311456 324.25629074
289.00000000 221.31792005 223.93017013 223.42103866 225.06680678
129.70000000 221.66141032 225.84432551 223.41027420 224.74523110
129.70000000 320.02457120 322.95882152 324.29259471 322.16227750
129.70000000 320.13159154 323.49327004 325.08977291 321.17661641
129.70000000 222.78816440 222.24764033 227.59871361 226.93447221
129.70000000 320.67476446 321.69017770 323.25101257 325.60669042
289.00000000 319.33658737 320.16125004 323.10896382 323.67996178
129.70000000 321.74067147 328.16470844 323.79689216 321.35575789
139.00000000 571.18888421 571.34082532 576.82662262 574.14589892
139.00000000 571.21381049 574.57106553 573.04221071 574.18648443
139.00000000 573.10871370 574.49246963 576.56468556 576.17746882
139.00000000 671.70939756 674.14226833 675.41836106 674.58453249
139.00000000 571.51204566 573.52274384 577.48553982 572.49773772
246.60000000 3552.95311331 10288.00096206 631.12082866 598.40696845
209.20000000 3090.31661999 7703.94026691 772.75335056 703.61979189
209.20000000 3338.24129770 8163.40459136 805.22153094 715.49383696
245.60000000 3584.20259724 9558.03787091 623.91269379 598.25758523
209.50000000 3359.67807170 8047.81377768 781.03205410 706.98672449
139.00000000 672.33554158 675.05385653 675.57960844 675.23742909
209.40000000 3301.87575251 8152.97928705 783.27222505 704.35879440
345.30000000 261.32859585 264.38741724 262.44139515 265.68370847
345.30000000 260.22849200 263.93035276 262.35825983 263.10050407
345.30000000 260.99597352 264.88144886 263.14266561 263.61054615
304.80000000 3043.14466274 8511.80011189 509.85322841 485.34009925
345.30000000 260.18407419 261.48798070 262.83323264 264.85762161
185.90000000 260.89241455 263.74464101 263.02895848 265.08114868
185.90000000 459.41374215 461.52789069 462.03943994 463.41307866
185.90000000 461.36669676 465.96803722 463.94814795 463.19631869
185.90000000 263.73279997 265.69555479 268.49729250 266.64623036
185.90000000 461.05262099 462.07192643 464.47160459 465.08134414
304.80000000 3084.24435311 8300.88304755 506.60346603 482.10394450
185.90000000 461.18391486 463.69049323 465.59838930 463.33396512
201.10000000 791.92994201 1037.86281336 618.81794669 618.26350748
201.10000000 790.72393524 1041.30349543 619.59965681 614.56934979
199.90000000 738.13642553 910.24717019 616.50946698 617.23486464
195.30000000 111.94836640 115.28247179 116.63157903 112.72796397
201.30000000 809.85970138 1058.49108159 621.50288761 618.41153794
229.90000000 1076.55530350 1568.16170778 979.33667292 646.54931071
335.90000000 110.98954103 115.37102132 112.57076908 113.16845973
335.90000000 111.65935797 113.88366344 114.00083146 115.36683737
229.80000000 1967.95224943 4247.84869252 861.18934801 646.96579070
335.90000000 110.64233016 112.45266461 113.50682490 114.43904629
195.30000000 109.40761792 114.75351625 111.22140025 111.91164631
335.90000000 111.23505691 114.89660045 113.48937151 113.63905100
120.30000000 429.87654969 432.02641419 432.35618200 433.79984113
120.30000000 432.74672479 438.78118029 432.86038118 435.82123114
120.30000000 428.82990730 430.00921492 430.74378804 434.72390946
120.30000000 279.97630657 285.35281910 279.39527034 284.21154664
120.30000000 430.44850126 432.01490299 434.37758850 433.47728806
260.90000000 429.60340850 431.42049165 433.77816119 432.75945955
260.90000000 280.36221317 283.14787566 282.84925616 283.57025846
260.90000000 279.29678416 282.24931726 280.95574852 282.94469691
260.90000000 430.12648270 431.56765537 435.22895652 431.94090006
260.90000000 280.95339454 284.50715444 283.25837187 283.83281212
120.30000000 280.49585479 286.03161199 282.57896044 282.62680308
260.90000000 282.82889446 283.77290604 287.08432472 286.25537074
179.60000000 1332.55837451 1631.52169406 1510.31254503 824.14353004
179.80000000 1189.03320539 800.08230492 1884.81986020 830.71506807
179.80000000 1415.00816851 1821.50907931 1524.71431236 821.74228434
223.20000000 3734.88039348 9526.17312250 701.48673019 659.62099784
179.60000000 1155.31523348 1189.62262610 1449.18719543 826.21719376
111.00000000 779.37438356 781.32692312 782.67936645 783.49747941
111.00000000 631.46472132 635.94083497 634.79384855 632.63111094
111.00000000 628.98562094 632.06662934 629.41917672 633.80598925
111.00000000 782.08174975 787.30796344 783.81668611 784.10036303
111.00000000 630.49131537 635.25313296 634.13721124 631.58268746
222.80000000 3730.15423067 9979.10145777 709.68700099 660.78808468
111.00000000 629.10068809 630.16360653 631.69079643 634.54725007
232.80000000 499.73479819 513.07716744 501.35261205 494.43695780
232.80000000 500.72779365 503.74964328 504.21731989 503.93268533
232.80000000 519.50281615 521.88460373 521.06150912 524.36300485
232.80000000 370.72787447 371.41307827 377.25055213 372.56558920
232.80000000 499.03682125 504.11690871 501.12900496 500.06736138
298.40000000 404.80351561 392.07609063 411.92204179 419.09078259
298.40000000 369.32119030 374.29861159 370.82800597 371.35578567
298.40000000 370.71291207 372.09514606 374.80038428 373.86133680
268.80000000 3340.19751507 9409.79042363 576.85437326 548.15601644
298.40000000 370.23003329 372.11189477 372.82794717 374.29792423
232.80000000 371.75786839 375.65167750 373.51207066 374.89750719
298.40000000 371.53997515 373.47936275 373.73672963 376.06204370
82.80000000 169.18620965 172.74925551 174.65766992 169.47780871
82.80000000 170.02426535 167.76528393 176.34828038 175.54025352
82.80000000 172.81439543 173.75078129 178.71112477 175.05675369
82.80000000 722.25203812 725.66999175 726.15532943 723.44842669
82.80000000 173.65936046 175.92158770 176.75171477 176.63890457
148.50000000 169.75764389 172.21696077 171.48986704 173.35147230
149.90000000 747.52419787 786.98466311 726.89238137 723.84011860
150.00000000 752.32746623 798.41006614 727.39861205 724.06676046
148.50000000 171.91764381 176.77552715 174.81046938 173.61096733
149.60000000 736.72557979 761.30939101 722.97334806 723.99210752
82.80000000 719.87563914 722.96671945 721.88129284 723.43458268
150.00000000 743.93125927 788.94279724 725.30446523 724.44826434
157.80000000 701.48137383 707.16669941 703.13804937 703.27470045
160.70000000 762.17523775 836.99212506 710.91409290 704.29030795
157.80000000 701.30442383 703.98283082 704.40664964 704.43615332
157.80000000 540.32358199 540.77785781 546.09868334 543.18810816
157.80000000 700.28001221 702.34812537 704.63803837 703.38985824
73.50000000 699.45063402 705.64847851 700.48595987 701.96044432
73.50000000 542.09581735 548.38317271 543.52516081 543.20202810
73.50000000 540.44086545 544.83412149 541.68637741 542.12612815
73.50000000 701.28895676 704.16459075 706.74303001 700.95451558
73.50000000 542.06829312 546.64071485 545.36887832 542.61252404
157.80000000 541.66663748 543.10109274 543.26854377 547.77454521
73.50000000 542.48189958 542.86071411 545.86214413 548.72974790
307.80000000 350.51083805 351.48263035 354.82064032 353.69402866
307.80000000 351.01645572 353.35470094 354.07967826 354.12273871
307.80000000 351.21806689 353.45821768 356.13309968 353.15538021
307.80000000 191.17367672 193.55107892 194.43501516 194.19436818
307.80000000 349.41344680 353.19957103 350.53220053 352.98896718
223.40000000 351.07945713 354.13017818 352.71024907 354.88693929
223.40000000 191.06723800 193.28874091 196.35714152 192.17234101
223.40000000 191.33257394 195.34799715 192.88193614 194.48321871
223.40000000 353.00489140 354.81703383 356.59766636 356.24023664
223.40000000 191.45363946 193.96836442 193.30913093 195.62850398
307.80000000 191.08414705 194.52759303 193.41431569 193.95646827
223.40000000 190.32087378 193.97407750 193.47273309 192.42465811
209.10000000 3876.36759021 11065.33146101 756.71356437 706.36232797
209.20000000 3912.07970096 10899.27114081 740.37091436 704.54141608
209.30000000 4004.71763010 10990.07428020 753.60298090 705.80851412
244.60000000 239.99289871 245.25626503 242.42202605 240.54924168
209.60000000 3878.15573936 10567.25596815 747.57432585 700.51920062
85.20000000 669.84529705 674.95091968 672.55065755 672.17868199
85.20000000 240.06764250 242.16867623 241.59914933 245.66064543
85.10000000 240.26793096 241.45549625 244.56762880 244.99378013
85.10000000 672.20594113 675.52221709 672.30927853 676.77448403
85.10000000 239.83251881 242.52294489 246.61811414 239.85902135
244.50000000 240.63707723 240.94336174 244.45737023 244.76943951
85.10000000 239.77866035 246.00305407 240.90872621 241.33660919
94.60000000 320.23687570 325.38166113 321.65950432 321.89227547
94.60000000 322.64456393 327.38641764 325.50063549 323.37231574
94.60000000 321.19340099 327.29436702 322.24661793 323.18085613
94.60000000 591.63339884 594.51407381 592.03158304 596.77396103
94.60000000 323.51006234 326.63362920 327.38485479 325.53115148
235.10000000 321.11447911 321.40346110 326.28411430 324.19404198
235.10000000 602.22177062 609.84198599 603.62043488 601.42760051
237.30000000 4358.13253479 11560.98125380 638.90774628 619.71170268
235.10000000 322.08084767 323.83583444 326.01886330 325.63601320
237.70000000 4395.35186800 11410.73875297 634.26970787 616.86114704
94.60000000 592.38401931 594.50113344 594.24616768 595.94794742
237.90000000 4285.80653083 11055.22790778 635.56605974 617.47696246
169.60000000 491.00133448 492.61452325 494.52463499 494.95320259
169.50000000 490.68905318 494.78208622 492.87539054 493.04714968
169.60000000 491.51336517 492.34678674 496.81548073 494.35223061
182.20000000 3493.05538332 7903.18614970 825.49090719 803.49147708
169.60000000 489.80576781 489.47607331 493.94404447 495.00140882
287.20000000 2982.16159279 8313.77268413 528.80233367 512.27602541
181.40000000 3653.04696314 106.23592533 10072.87763083 822.27296247
181.60000000 5667.22999793 6647.26260041 8620.44614991 817.36133885
285.70000000 2977.18653647 8712.81820203 542.81789240 517.79900670
182.30000000 6000.41306133 7459.63675235 8713.48848674 822.23835908
182.40000000 3636.14767496 8679.09193356 824.62589957 808.29017019
181.90000000 5522.03927706 6169.60892910 8970.25254276 819.07025626
319.50000000 140.27132176 144.42632063 142.60968927 142.64063203
319.50000000 142.32462280 145.64986260 143.95002858 145.99616964
319.50000000 140.06445821 142.66007082 142.28589416 144.07806340
319.50000000 423.16358351 426.13219389 425.55547522 426.67473900
319.50000000 141.57614004 145.26548488 145.42064831 142.62835183
160.20000000 140.43048710 144.16483035 140.36635362 145.75843376
160.20000000 418.97055807 423.24088547 420.31354798 421.58684105
160.20000000 420.07564394 422.38733776 422.22515395 423.88083576
160.20000000 138.58491848 141.35430373 141.71830621 140.42928541
160.20000000 420.86694653 423.77700104 423.12871633 424.22238003
319.30000000 422.19045930 426.94485408 425.00410960 422.77929577
160.20000000 422.02637553 423.88604778 426.72133271 424.02430027
282.00000000 226.20748404 218.85968850 231.62586505 237.00088092
282.00000000 226.44449147 230.86813486 223.27327024 234.49876970
282.00000000 411.93608792 414.77586061 414.74147320 415.02875276
282.00000000 230.02175420 215.66079144 251.69738554 230.52195236
282.00000000 226.05815603 226.73490730 229.70483209 230.37592148
272.70000000 233.28321517 224.66556883 244.34346857 240.48878900
205.90000000 3356.62498240 8081.19857772 799.72201824 717.19029502
272.70000000 238.47932257 237.79874081 244.25327889 243.42038295
272.70000000 409.22822428 409.00767568 412.13983838 415.18809765
206.80000000 3379.55125226 8659.18616188 799.89349091 716.06908147
206.20000000 2342.89202895 5670.23023949 817.44641147 718.01396740
206.40000000 3293.03583573 8276.65670623 794.39155116 712.93018739
132.10000000 761.37056023 761.99607234 763.19213321 767.08634963
132.10000000 760.03800554 760.21372949 763.49679342 765.79062326
132.10000000 761.22038154 763.45791346 766.62439512 762.15289788
132.10000000 331.04322263 332.98532619 334.48165591 334.44945388
132.10000000 762.27812376 764.26691376 765.75755488 765.27830453
122.60000000 760.45070287 764.69443594 763.73530090 761.52224731
122.60000000 330.46818307 332.84188896 335.79315271 331.31406922
122.60000000 331.18443524 333.67539361 331.51527058 336.84023140
122.60000000 760.40435686 762.83310109 763.04179616 764.13350655
122.60000000 328.65688391 330.03996526 332.38698711 332.11170506
132.10000000 332.90113203 338.79484153 334.19622072 334.75425003
122.60000000 329.98759626 333.11123438 331.74200337 334.14531124
57.10000000 231.99245852 234.92945071 231.85918015 237.03936610
57.10000000 232.59206637 236.72998681 233.96739127 235.04380641
57.10000000 230.06268041 232.05018462 234.60568985 233.46328026
57.10000000 159.72095973 163.69901404 161.26843484 163.63463008
57.10000000 228.67042174 233.23510929 230.13654595 230.88231665
197.60000000 230.10114974 231.35308514 234.88420014 233.61059507
197.60000000 159.95648675 162.17130802 162.98194889 163.60408773
197.60000000 160.16312051 162.78114261 165.19198468 161.24389534
197.60000000 231.36622867 233.90563264 233.14703359 235.60667205
197.60000000 159.64292350 162.30551878 164.52859243 160.95589905
57.10000000 161.34228567 164.11388203 163.00150420 164.55041601
197.60000000 161.68505715 165.76467596 164.41392030 163.79493707
207.10000000 581.51512808 583.80395785 585.97191543 583.45898861
207.00000000 580.39765012 581.80223915 584.27501848 583.42137933
207.10000000 483.96324234 495.03576808 481.52165315 482.73969567
207.10000000 512.19444992 515.55174863 512.39760833 517.09886141
207.10000000 580.42730101 583.06541544 583.99586471 583.50550450
242.00000000 1711.98007927 3609.29444046 803.13920612 611.26005139
347.70000000 297.12627846 297.15595589 307.23891180 296.39949736
274.30000000 2811.34125252 7585.56635983 591.60724559 535.69624904
347.60000000 299.53197847 304.02653563 308.75666024 292.50651562
347.60000000 297.21621356 294.76135428 302.09560889 302.97868769
207.00000000 473.61445256 477.05349117 471.60161699 481.17682503
347.60000000 297.32805698 300.22167277 292.28763042 307.66864140
113.30000000 192.36848755 195.77970830 192.96330864 196.82091107
113.30000000 192.01344047 194.51107300 195.48735087 194.71195264
113.30000000 191.32427877 194.17933569 193.54321051 195.25814304
113.30000000 641.05987599 645.20852981 643.48483290 643.31706516
113.30000000 191.71537060 195.77454681 192.87764573 195.36336840
141.40000000 189.55691835 192.01541610 197.12013804 188.96161680
141.40000000 641.38565996 643.75885174 645.34132305 643.85366825
141.40000000 640.59803716 641.38297597 641.86233385 647.51274442
141.40000000 190.14929042 190.36190653 195.50409479 193.82292370
141.40000000 642.76201196 645.46870824 646.69621404 645.36057045
113.30000000 640.21372765 643.73337609 642.49010662 643.13329568
141.40000000 641.20784109 643.52627043 644.35207547 644.35429279
260.10000000 2152.50197735 5458.01582962 581.37843246 564.68129079
260.80000000 983.20503375 1854.60397285 586.38072674 565.44199653
259.90000000 2086.46296230 5305.26979874 579.74785863 563.52089890
263.30000000 291.10436547 294.27434383 295.39548762 292.50884254
259.60000000 2095.48143515 5147.89426351 585.92834286 565.07450741
259.50000000 3591.86560056 9758.72820153 595.14272444 569.44846994
291.30000000 290.65251903 292.96203086 294.12131944 293.38605127
291.40000000 292.48665591 294.98673937 295.72480209 295.65809677
259.20000000 3395.81984356 9546.46922280 592.98909143 568.03699347
291.40000000 291.02359810 294.92166609 295.08750479 291.83240712
263.30000000 290.00219713 291.72302819 292.02852747 294.66043654
291.40000000 291.02573686 295.26628959 293.26056645 292.93759572
338.26666667 360.76796057 363.30338867 363.43098366 363.76559660
338.30000000 361.94887702 362.87872490 364.46645729 366.28972436
338.26666667 361.12576326 364.21260177 363.51223357 363.87609277
338.26666667 110.15107717 112.64967831 112.66181239 113.79362624
338.26666667 360.48500572 362.83504497 363.09065673 363.92372376
216.40000000 360.66581055 363.61051325 362.79488785 364.30523286
216.40000000 110.98844116 113.27054504 114.06450211 114.18737762
216.40000000 111.08273728 113.68379024 114.54309446 113.47393614
216.40000000 362.08131439 366.97989465 363.99701262 364.11531578
216.40000000 112.28721350 118.66560199 114.60650945 112.35825842
338.30000000 111.14173153 114.99462364 112.48868921 114.75574330
216.40000000 111.09819125 111.20651533 113.15536380 117.09934835
188.30000000 712.35580534 715.63451314 715.39787008 715.16622758
188.40000000 711.08140179 714.20123997 713.80136486 714.31541025
188.30000000 709.54946723 712.98288988 712.59979183 712.12861425
188.30000000 461.40390266 464.79215875 462.20721464 466.01127232
188.30000000 713.19123413 714.51951881 717.50681871 716.76034697
66.40000000 710.01099243 710.49764104 715.38630514 713.91004631
66.40000000 459.10465971 464.58961703 460.91709842 460.58181912
66.40000000 459.52066822 461.92906394 465.20299576 460.36007990
66.40000000 711.94554500 714.86672834 717.97140142 710.49587626
66.40000000 464.21728674 460.40328331 472.69612240 466.85552545
188.30000000 461.44773328 461.72827410 465.01255121 465.94246759
66.40000000 460.08106252 462.48963736 463.61929092 462.76874741
150.80000000 450.68014326 454.30816073 451.38608324 455.19724041
150.80000000 452.71837590 455.86826934 451.92775815 459.22023480
150.80000000 450.30487074 453.79005190 452.57364858 453.37192746
150.80000000 201.22832147 204.89542476 203.34746992 204.71842096
150.80000000 450.67031134 452.99058553 454.19212169 453.01217096
312.90000000 2341.95587028 6712.02347843 490.77919480 470.83686989
328.90000000 200.23418489 201.73369239 204.76716198 202.57598087
328.90000000 200.88012132 204.37553031 203.63700610 203.43430827
311.10000000 2485.59424811 7025.61713339 497.83630699 472.19336804
328.90000000 199.34650503 202.79906483 202.42250127 201.78991400
150.80000000 200.38518253 204.30053818 202.14283231 203.55614918
328.90000000 201.26361940 205.57304609 204.47304879 202.64124101
300.80000000 100.62005792 102.82051117 103.50446180 104.38454504
300.70000000 100.49421244 102.32343074 102.37121187 105.67649644
300.80000000 100.13416794 104.15057988 104.32723841 100.83863647
254.60000000 3728.54583421 9897.78752384 614.15378064 578.84027772
300.80000000 100.87920732 103.44538030 104.03706547 103.89609299
178.90000000 99.80214957 101.16461860 103.97500687 102.73277600
178.90000000 551.25265255 554.77924611 553.35642378 555.00477617
178.90000000 550.61170332 554.49809719 552.23745652 553.79225857
178.90000000 99.33241123 103.17181068 101.05333627 102.66199677
178.90000000 550.85157031 556.37524809 551.89209272 553.67481570
255.70000000 3464.27903186 9215.15592730 606.15811941 577.75116335
178.90000000 551.27851007 553.35614501 554.16050433 555.18367682
222.90000000 2368.70476764 5667.30227487 676.86513449 657.46824963
223.40000000 5000.88661578 13976.55675085 676.27870608 657.52039325
221.90000000 2417.08773138 6104.31547207 683.37662979 659.32984386
195.30000000 5043.54011162 13485.50167787 799.50986849 754.02950864
222.30000000 2443.20841310 6346.45121450 688.62593916 658.09803813
103.90000000 631.31210312 634.99187598 633.40787370 633.79183451
103.90000000 722.28787946 728.16327877 722.05416016 725.60314061
103.90000000 722.10015750 724.40515960 724.79824335 725.36605192
103.90000000 630.64654135 632.15795199 635.95935459 633.28601249
103.90000000 722.00592144 725.76901350 725.12050897 724.54507378
194.40000000 5083.42079496 13298.49145283 800.62256618 757.55423095
103.90000000 722.25825981 726.91463988 723.46916365 725.60455763
75.80000000 280.85366781 285.65348220 281.81339389 282.52743008
75.80000000 282.07694851 284.83927224 284.04040821 286.16759086
75.80000000 280.02314890 279.98740224 288.64171386 281.13362567
75.80000000 369.96124571 374.30244151 373.12917015 372.02578654
75.80000000 282.28007838 289.56162834 281.19104279 284.03859655
253.90000000 280.46120818 283.77103039 283.42225757 282.39620386
253.90000000 368.81769526 370.20036102 371.92053640 372.50010964
253.90000000 371.30143358 373.02403457 375.03329105 373.92869533
253.90000000 280.82710134 283.16569954 283.22155472 284.21311861
253.90000000 371.33412181 374.79216703 371.83296454 375.80084727
75.80000000 371.40888692 378.42071191 370.61548582 375.14324521
253.90000000 371.17488599 373.62836469 373.77053793 373.60702402
250.10000000 2867.84281456 7346.16996490 658.44857267 592.35214586
250.70000000 2936.40265203 7638.26650548 656.83455495 589.45505749
251.10000000 2909.59689108 7653.52950389 656.39042650 587.04174029
187.40000000 3692.18626827 1897.15818342 8564.45178030 799.21764303
251.20000000 3021.25625969 7757.00233300 643.64527740 588.98694496
113.30000000 562.92600020 564.70613735 567.15141650 565.98637096
113.30000000 750.62847818 750.86663351 754.40816533 755.48870574
113.30000000 750.24544440 749.37923584 753.80218200 756.40150332
113.30000000 560.62004758 564.86047535 560.97881024 564.90098639
113.30000000 752.11554493 756.03299761 756.56913857 753.59857139
186.70000000 3699.42301478 1622.40127838 8888.72862384 807.66598273
113.30000000 749.69934599 757.02243416 752.16848839 749.46892591
178.90000000 210.36181950 215.23550548 212.23959136 212.41070241
178.90000000 211.01569524 215.43658286 213.51784019 212.82186787
178.90000000 210.93405616 211.64367922 215.07238680 215.05649362
178.90000000 400.18978562 405.33463825 401.02549254 402.72081169
178.90000000 211.39585761 214.99293846 212.84711187 214.90395871
263.30000000 211.35191507 214.62796236 214.39568612 213.30391582
263.30000000 401.36934347 406.02107955 403.25784832 403.64702076
263.30000000 400.14427246 405.03597934 403.39922180 401.08248355
263.30000000 211.15206169 212.99121378 214.29817226 214.55096609
263.30000000 400.45589510 403.43253501 404.55795211 401.78472476
178.90000000 399.93475878 401.47514144 404.80963159 402.78056800
263.30000000 399.56841725 403.43944177 401.36616264 403.00248564
103.90000000 730.51099746 734.17412577 733.19422833 733.03411358
103.90000000 728.19896621 729.62526644 732.92752325 730.33336668
103.90000000 730.34205653 732.34762170 733.12714569 734.78805176
103.90000000 222.67286452 224.34758261 228.80301132 223.19370031
103.90000000 730.36203145 729.86421681 736.58638077 733.96765991
192.00000000 3305.85914463 78.28220583 9134.04532903 773.09767977
338.30000000 219.48672870 219.88242357 223.13167528 224.43783074
338.30000000 221.24545208 223.37614596 227.03149611 222.02132969
191.90000000 3364.65967953 929.57340967 8753.14497036 778.62091683
338.30000000 221.07679509 223.10037331 222.28817073 226.85366619
103.90000000 223.49642982 227.26973245 227.10573537 225.74459802
338.30000000 220.78745058 224.83827047 223.82618717 222.57370530
253.90000000 380.66448591 381.19525618 385.16381457 383.90116897
253.90000000 380.62900311 382.72012392 383.58442642 383.70317486
253.90000000 380.62316082 382.55897842 381.19430775 386.22376403
246.00000000 1868.81104318 4696.86873950 626.66761723 598.18376552
253.90000000 381.39324201 385.26724260 382.35164969 384.80713438
188.30000000 381.42217437 383.70442706 383.44526199 385.68273254
188.30000000 570.58569745 575.38842674 572.23371219 573.14112055
188.30000000 569.18563884 572.07055856 572.73202419 571.69458896
188.30000000 383.04373911 384.94084563 384.90191733 387.68555528
188.30000000 571.22411334 572.68258668 574.25544215 575.53362566
246.70000000 4440.55077998 11595.15703093 611.85649220 596.03541804
188.30000000 570.63683457 572.55594463 574.30404361 573.67157848
216.30000000 120.68169622 122.67389485 124.10725110 123.71419658
216.40000000 122.35657810 123.50788043 126.05421757 125.98789139
216.30000000 121.22936083 123.88459660 125.86781353 122.74586721
216.30000000 131.36855287 134.19433457 134.33509918 134.06157889
216.30000000 121.68319953 123.59938939 124.46204581 125.46723110
225.80000000 119.98568353 120.38635230 123.91075455 124.36465863
225.80000000 130.39558011 133.33834013 131.44900275 135.27764869
225.80000000 131.52331940 136.06122327 132.83353391 134.54692906
225.80000000 121.16657318 124.85403115 124.30256601 122.70853688
225.80000000 130.96692928 131.51550102 135.40000334 134.53981677
216.40000000 130.38165778 132.64217754 133.63629549 133.77594477
225.80000000 130.65478347 135.15215191 131.96469221 133.41959407
66.40000000 471.40049751 474.24923166 472.89892760 476.03170277
66.40000000 468.77007248 472.07968404 471.38283695 472.57640464
66.40000000 471.09958437 476.60923793 468.88583908 478.33235424
66.40000000 482.95429440 485.10773802 485.49573664 487.78279891
66.40000000 471.37939308 474.58134402 475.53842523 473.29379542
75.70000000 473.64010504 474.39429451 477.44436720 478.16313967
75.70000000 480.50845614 484.91935007 483.71935359 481.41955008
75.80000000 482.79947149 486.09332470 485.49603757 485.40365812
75.80000000 472.10970175 475.44921796 477.77426732 471.98385877
75.80000000 481.59638596 484.63363840 482.35876161 486.42826420
66.40000000 480.13013673 482.78998260 483.85373121 482.20009578
75.80000000 481.74443153 482.27260387 485.66744060 485.31226717
141.40000000 302.04987014 306.37208829 302.18650670 306.29230537
141.40000000 299.82641794 303.90694206 299.47567594 304.77906037
141.40000000 169.03836666 168.97187874 182.49224499 163.05766816
141.40000000 659.58022176 664.17629682 662.55626407 661.52733405
141.40000000 301.17278609 301.72809143 308.21423695 302.19875287
150.80000000 301.02947235 306.45835660 304.05557303 301.37972559
150.80000000 166.86977077 175.39738930 175.45673479 157.13344936
150.80000000 660.22541030 660.86303259 662.55168578 666.78343249
150.80000000 159.97455304 162.27590096 164.58794682 162.11081921
150.80000000 166.08643683 129.01430361 178.62048567 204.05340360
141.40000000 176.98609323 163.12102901 179.97395566 192.63098815
150.80000000 166.65909638 152.23431995 177.02941369 180.17893314
215.90000000 3195.10622092 7890.51898146 761.91886289 685.15915536
215.60000000 5641.29530044 14675.35878883 783.07071148 692.39666094
215.90000000 2776.46433369 6966.51305232 764.29690563 684.88265655
291.40000000 310.25825355 313.19519306 312.51413983 313.65172767
216.30000000 3047.11743503 7575.49264529 755.33517983 683.98434642
216.30000000 2857.99450035 6909.90317686 774.50882156 683.56436927
300.80000000 311.30643848 312.94025288 315.07754357 314.92990125
300.80000000 310.24811587 313.32287784 313.07691131 313.14913748
215.80000000 4793.66319149 12728.83284623 786.10510178 686.25876772
300.80000000 310.20408011 313.18564451 313.60773847 312.84902048
291.40000000 310.93435263 314.23085087 312.52336175 314.89037389
300.80000000 311.65540848 314.71495228 313.72070666 315.40506931
197.70000000 342.04918192 341.38654342 346.50977941 347.00065042
197.60000000 342.53021317 345.81351344 346.60691378 344.17381928
197.70000000 338.98688134 339.24812683 343.05652076 344.05122199
197.70000000 180.80597226 185.22140876 183.12920965 182.92903195
197.70000000 341.54139392 345.69710531 344.48443197 343.64854798
169.50000000 340.44588353 346.25496049 343.57648921 340.21738795
169.50000000 180.98162858 184.28943148 183.28651593 184.13552670
169.60000000 181.16902939 185.39371576 182.36169225 184.36023619
169.60000000 339.80946555 344.11823407 342.81285289 341.35181345
169.60000000 180.59540017 184.57685751 184.10806696 181.56851536
197.60000000 180.37610107 183.97575507 183.87536194 181.95019463
169.60000000 180.60849553 183.38033978 182.87201283 184.45971554
203.80000000 3924.07005935 2589.01199113 8697.64993103 733.84490252
203.80000000 3394.54687317 1189.56590870 8172.46746441 739.07094258
203.50000000 3863.80435468 2463.66980316 8676.09569040 733.81038078
264.60000000 2860.19260436 7219.24678635 631.78488603 561.82726766
202.90000000 3706.90407100 1805.88918367 8514.28399550 742.81337741
203.10000000 3118.91383755 4402.39458771 4132.77950398 727.30423990
264.60000000 3208.02314748 8948.28220503 603.15788774 560.38616055
265.40000000 3295.62413305 8479.31542475 600.33737030 559.08468526
202.90000000 3535.77797792 4912.18992630 5143.46317667 730.49667519
264.70000000 3339.85209854 8923.13872592 592.91738034 558.79690913
265.00000000 2943.77588890 7567.06504837 609.37207807 556.62800061
264.70000000 3354.16341729 8653.75504078 590.71244662 557.75995886
272.60000000 172.10458834 175.85789709 175.35617947 173.42546079
272.70000000 171.06339017 174.42258756 172.44448913 174.94168293
272.60000000 171.27093810 175.04353576 175.03051688 172.22043852
200.10000000 2286.87570451 3653.12849308 2333.99552118 743.16069613
272.60000000 171.70650632 173.98716143 174.30572531 175.21278763
244.50000000 169.99131349 171.52549257 173.74203116 172.54150832
200.70000000 4193.20441700 10453.95649136 1046.17835470 731.53280104
200.70000000 3924.50895222 10328.53407979 788.09380187 738.58762259
244.50000000 169.91788297 172.60880472 172.23242046 172.60552181
200.80000000 3838.13060761 10563.00549003 775.08906754 732.07489404
200.40000000 3448.90820492 8240.42972795 850.45322694 733.41920409
200.40000000 3933.02137987 10388.33397738 773.56001004 731.90060449
122.60000000 521.32740302 523.41609351 523.12850393 526.68299591
122.60000000 520.53494908 525.20662393 521.28762693 523.14498998
122.60000000 522.76806024 523.31631742 527.31219908 526.92281754
122.60000000 351.51680758 352.86407859 353.94683351 356.11549264
122.60000000 519.28334673 522.28274050 522.09231163 522.62357656
94.60000000 521.95862360 522.09866202 525.11864177 528.04986426
94.60000000 350.52064950 351.76114957 353.80723314 355.52550735
94.60000000 349.10514412 349.41528925 352.85955740 353.82934678
94.60000000 519.81337148 522.87736939 523.67222908 522.03928761
94.60000000 350.72492805 355.84649119 353.42586789 351.87056641
122.60000000 349.89034187 352.36519295 354.00471054 352.35212881
94.60000000 350.95471655 353.46339302 354.27550419 353.94005974
85.10000000 782.26300310 784.03675451 787.94904563 784.51188059
85.10000000 782.34584457 785.25466204 789.26926500 781.63440348
85.10000000 778.92980424 779.80197242 782.30484851 782.44427335
85.10000000 790.87054014 795.38999187 795.78962161 789.87536816
85.10000000 780.67106093 783.56960196 784.26374951 782.39647375
180.50000000 2128.48637123 2400.72156690 3245.29029945 823.27780105
176.90000000 3968.65739727 5131.43585641 6297.65373051 844.22785606
177.70000000 3926.08263796 232.91103973 10976.79901427 846.72327598
180.30000000 4150.30215178 216.15617737 11353.44241585 828.05004577
177.70000000 4037.36396690 172.96071612 11084.03681170 841.75054091
85.10000000 790.60222331 793.68783867 797.31859804 789.30665047
176.90000000 4101.32157307 194.58393798 11359.70559864 832.33848423
235.10000000 431.62194910 434.54710739 433.91507596 435.01925307
235.20000000 430.06594241 434.31242598 430.23078116 434.25105477
235.10000000 430.28700718 432.31482083 432.64038033 434.75656468
235.10000000 440.70480190 443.52673452 443.95527629 443.34919934
235.10000000 430.29373952 433.49146354 432.89174376 433.18342589
132.10000000 432.80817307 436.04582522 437.88109652 433.94774362
132.10000000 442.29203028 444.55094106 445.64531088 445.29647450
132.00000000 438.80045300 442.08820516 441.06914126 441.99697241
132.00000000 430.25151230 432.66544897 434.97403158 431.60995237
132.00000000 440.93214379 441.18717086 445.04404325 444.93639407
235.20000000 442.84934542 447.30569101 443.80744958 446.04944534
132.00000000 440.40772817 443.39396598 444.68574941 441.68630095
233.40000000 3097.34133755 7867.30202976 701.64209045 635.54518026
233.10000000 3099.36030762 7814.34992594 711.20161813 630.50983895
233.70000000 3017.01456610 7620.38305255 694.69850856 633.23118196
310.20000000 259.19557937 262.93655210 262.72766420 260.71038159
233.70000000 3235.03839948 8188.59819797 692.37081617 632.68918230
57.10000000 600.30887456 600.22762595 605.82026537 603.88804487
57.10000000 260.13902428 263.69640254 261.83227743 261.42859401
57.10000000 261.06177405 264.81194852 264.24204709 262.98001210
57.10000000 597.28192140 599.94109726 597.99389362 602.40754681
57.10000000 259.78990256 262.82371829 262.94561765 262.11109602
310.10000000 261.36594240 264.31086404 264.41639563 264.41723551
57.10000000 260.81132033 265.84780789 261.14943627 264.63816786
160.10000000 250.12110100 251.99491440 252.94788818 254.40444792
160.10000000 251.53650835 253.16401532 253.97461605 256.31473409
160.10000000 251.91741201 253.47251403 255.38622013 255.89091427
160.10000000 611.25159556 613.89157573 613.90775658 614.78567530
160.10000000 251.79462925 251.49748133 257.41730178 254.87531921
207.00000000 249.82465610 251.80028830 252.60458799 253.98529342
207.00000000 610.74091083 616.76282627 612.08834790 612.45724854
217.30000000 1318.63457467 2401.20252962 634.67790596 624.65520962
207.00000000 251.40502316 253.81079579 255.39934417 253.63712845
217.60000000 1343.34916277 2458.02565767 626.92296976 626.89412761
160.10000000 613.08602563 615.63792936 614.75069666 617.43106571
217.70000000 1355.64130415 2537.79110540 640.08470316 630.92006736
202.40000000 371.28938000 374.17074818 372.70391115 376.02813190
202.40000000 371.16924232 372.47770727 374.62534071 375.09664928
202.40000000 370.44265142 370.32658739 374.73293161 375.31747328
202.40000000 520.98051607 524.50527873 522.78968417 524.36559615
202.40000000 369.47879797 371.20868270 372.28390136 374.08061398
71.10000000 371.98309133 375.99429490 373.88857298 374.36894121
71.10000000 521.54045728 528.46916203 523.14077137 521.94102947
71.10000000 518.67447358 521.59119180 519.43652995 522.87362573
71.10000000 371.36500727 373.67336693 373.91285514 374.61302158
71.10000000 519.89969428 524.49001398 523.74563165 521.08782817
202.40000000 520.15347641 522.51963669 522.22934818 524.31932847
71.10000000 520.58343953 522.69548461 525.95709517 522.15326991
52.30000000 721.43064615 726.77662539 719.89402675 725.17434503
52.30000000 722.46564643 725.16816114 728.19861256 725.21713763
52.30000000 719.72091337 721.76178841 719.41839326 726.24588201
52.30000000 170.14390421 171.26873892 176.89236419 171.05167845
52.30000000 719.68735522 720.00740291 724.88975561 725.14257288
194.90000000 5098.26585981 13891.73171269 784.23298610 751.74936621
221.10000000 172.99145697 174.26333557 175.87852324 177.30138206
221.00000000 170.41292365 172.77047206 174.11593808 172.79148218
194.10000000 4049.13768028 11164.41377272 794.01391587 755.92128315
221.00000000 169.64468643 172.45022561 172.36312721 173.18775918
52.30000000 169.78675617 173.62523036 169.31366724 174.44809007
221.00000000 170.67612644 173.37139603 173.45227847 174.33399625
127.30000000 199.84324399 200.74921660 203.14459578 204.62004430
127.40000000 202.75429265 206.13544006 206.02513444 204.84645445
127.30000000 203.80349419 205.86819035 209.00965669 204.50896473
127.30000000 340.70799058 345.19463922 342.34421695 343.75251919
127.30000000 201.28870968 205.50082666 202.91729338 204.46860858
296.10000000 200.09416498 201.78872168 203.81755009 203.23815838
296.10000000 341.65086914 342.21049576 347.01505417 344.69151420
296.10000000 341.37383401 344.92926776 344.08787840 343.57858118
296.10000000 200.86770084 203.15558661 202.66356439 205.44126419
296.10000000 340.47578359 343.29962501 342.47417671 344.16587339
127.40000000 340.27916651 340.45432215 345.67190959 343.63956782
296.10000000 341.27313670 344.30817049 344.64051338 343.40644344
254.80000000 3227.00763861 9336.30167224 603.98460649 580.02860010
254.60000000 4066.66441223 10519.51669555 599.73518903 577.71202529
255.20000000 3346.77463029 8849.66601054 604.33870770 578.05818115
203.10000000 2896.91989666 7128.92477484 813.18335980 725.80263105
254.40000000 3259.46865757 9096.38434741 608.52169108 581.27151240
146.10000000 549.53687245 556.09989693 551.52637084 549.67213220
146.10000000 689.43304313 693.43650711 694.34311498 688.96825013
146.00000000 691.72110769 694.02480324 694.49582793 695.54901488
146.00000000 551.84357895 554.10620474 554.78684993 555.03821750
146.00000000 689.53568713 693.20666423 692.46775847 692.09502327
203.60000000 6266.31699949 16805.57255719 816.38184239 726.08098063
146.00000000 691.41366578 693.03405887 696.93905535 692.63953474
