4.00000000 0.00000000
4.00000000 0.00000000
4.00000000 0.00000000
4.00000000 0.00000000
4.00000000 0.00000000
4.00000000 0.00000000
4.00000000 0.00000000
4.00000000 0.00000000
4.00000000 0.00000000
4.00000000 0.00000000
4.17700000 0.53550000
4.17700000 0.55800000
4.17700000 0.54150000
4.17700000 0.54400000
4.17700000 0.54650000
4.17700000 0.56050000
4.17700000 0.54500000
4.17700000 0.54900000
4.17700000 0.55350000
4.17700000 0.53150000
4.02327273 0.51818182
4.02327273 0.52327273
4.02363636 0.52981818
4.02327273 0.52400000
4.02654545 0.50581818
4.02290909 0.53890909
4.02654545 0.50872727
4.02290909 0.53527273
4.02363636 0.52472727
4.02290909 0.51927273
4.00000000 0.53920000
4.00000000 0.55040000
4.00000000 0.54240000
4.00000000 0.55120000
4.00000000 0.53440000
4.00000000 0.53520000
4.00000000 0.53040000
4.00000000 0.55200000
4.00000000 0.51440000
4.00000000 0.54240000
4.00369234 0.52801257
4.00369234 0.55569946
4.00307127 0.54823146
4.00369234 0.48616224
4.00369234 0.50218132
4.00307127 0.44433462
4.00369234 0.50334394
4.00307127 0.52864879
4.00307127 0.46341362
4.00307127 0.48181474
3.78750819 0.34143217
3.78015585 0.38018965
3.78238101 0.33373884
3.78240763 0.54336958
3.79167383 0.35360449
3.77342304 0.53470857
3.77182969 0.53119829
3.77566355 0.34944294
3.79805849 0.53568137
3.78112251 0.53184239
4.17430238 0.51584583
4.17052796 0.53137078
4.18566465 0.52422792
4.17470482 0.27919016
4.15999184 0.53937702
4.16925682 0.26272737
4.16716307 0.27410027
4.13178385 0.51454278
4.18691806 0.26230897
4.14691168 0.27790838
4.00684431 0.31772466
4.00684431 0.32114681
4.00684431 0.30518548
4.00684431 0.45479363
4.01946186 0.31320533
4.01946186 0.44461860
4.01946186 0.47537879
4.01946186 0.29730930
4.00684431 0.44004702
4.01946186 0.44002090
4.03014460 0.52763181
4.01644673 0.54936743
4.01132957 0.51928231
4.01883266 0.36976724
4.01696350 0.52871628
4.01320755 0.38858226
4.02240794 0.54343555
4.02240794 0.53425495
4.01644673 0.53563738
4.02240794 0.54939257
3.93797270 0.53569279
4.00436914 0.29936061
3.93797270 0.54816999
3.93797270 0.53529912
3.98947592 0.54429110
3.98947592 0.53142175
4.00000000 0.50841858
4.00000000 0.28194800
4.00436914 0.47787724
4.00000000 0.50869565
3.88048994 0.54543188
4.17657828 0.53466395
3.87445674 0.54481218
3.86568176 0.47359043
3.88258199 0.54874422
3.87232101 0.48596531
4.18701923 0.25454545
4.16901224 0.54173951
4.17667055 0.29618784
4.16896368 0.26562743
3.96088276 0.29455103
4.10279771 0.42545564
3.96414911 0.30394937
3.96580960 0.53010443
3.96360877 0.29732864
3.95864853 0.53556554
4.10449490 0.52959764
4.11708922 0.45609691
4.11504725 0.54083606
4.11572288 0.52384319
4.15444833 0.37477176
3.88558676 0.55657646
4.19059343 0.41233974
4.17531080 0.10223388
4.17104701 0.37900641
4.18425602 0.09529915
3.92394624 0.21613766
3.92393532 0.54932934
3.88380046 0.21642340
3.93029247 0.20676482
4.09018597 0.53433633
4.00001214 0.52841965
4.08169070 0.52791437
4.09699334 0.51667944
4.08168605 0.54460658
4.08748230 0.54321469
3.95532451 0.53504645
3.95199138 0.54605974
3.98896545 0.53230830
3.95809301 0.53174367
4.01372377 0.14030623
4.03576971 0.08087639
4.01644883 0.11515018
4.01372377 0.53108793
4.01372377 0.15127561
4.01644883 0.51278539
4.03673074 0.30102275
4.04139482 0.06400106
4.03099101 0.31596720
4.04040734 0.30665667
3.99420290 0.33007246
3.92978174 0.54194583
3.99420290 0.34008951
3.99420290 0.41432225
3.99420290 0.35166240
3.99420290 0.43011509
3.92978174 0.54115698
3.92977262 0.53725073
3.92977262 0.52789245
3.92977262 0.55677286
4.00000000 0.32783187
3.97694306 0.48142620
4.00000000 0.33158066
4.00000000 0.37007465
4.00000000 0.33683869
4.00000000 0.35968841
3.98586512 0.53653400
3.98069652 0.47623549
3.98442233 0.51937535
3.98067441 0.51790492
3.98947943 0.51905692
3.99086237 0.53180875
3.98552632 0.55151881
3.98685168 0.07671800
3.97239140 0.53441929
3.97632920 0.07890715
3.99014579 0.09249938
3.99155794 0.55011737
3.98980109 0.09638374
3.99155794 0.08265876
4.00331336 0.48499435
4.00573935 0.36528594
4.00661803 0.50048745
4.01748415 0.53976463
4.01882165 0.49455988
4.01551915 0.54470427
4.03103213 0.52489177
4.03103213 0.38824561
4.00573935 0.52913648
4.03103213 0.51863295
4.01502419 0.53816739
4.00000000 0.35175141
4.01502419 0.53430948
4.01502419 0.36906460
4.03853663 0.53169935
4.03853663 0.35988032
4.07412429 0.17858757
4.07412429 0.38209040
4.00000000 0.15471751
4.07412429 0.15322034
4.04671535 0.53722238
4.00000000 0.53251718
4.04671535 0.51834114
4.04671535 0.52154588
4.01364839 0.54359879
4.01364839 0.55090383
4.00721649 0.52320662
4.00721649 0.53047680
4.00000000 0.52123067
4.00721649 0.56346649
3.97339141 0.56077109
3.99838057 0.54356012
3.99430798 0.55666149
3.98276350 0.54726468
3.93931861 0.55743603
3.95145420 0.55373354
3.99838057 0.54475824
3.99838057 0.53867713
3.99838057 0.54151937
3.99838057 0.55366512
3.90363740 0.53239041
3.95398793 0.54908961
3.89835154 0.55719960
3.90775287 0.54367144
3.90736417 0.52748191
3.91831891 0.55572138
3.94126565 0.53947195
3.93908787 0.54411196
3.95587450 0.55562489
3.93348813 0.53884503
4.02853823 0.11948276
4.30189718 0.16929485
4.02853823 0.11336582
4.02853823 0.18086207
4.01209895 0.11587706
4.01209895 0.18077961
4.31702366 0.24433225
4.31295390 0.17102543
4.30308378 0.25536856
4.29320005 0.27983476
3.98966924 0.43760739
3.98944112 0.53877128
3.98966924 0.45514390
3.98966924 0.53044459
4.05779639 0.41178050
4.05779639 0.54078608
3.98944546 0.53448194
3.99570523 0.54603743
3.99836503 0.51798246
3.98614079 0.52755450
3.95989599 0.08424673
3.99609541 0.05355233
3.96395445 0.08829038
3.96194332 0.53586617
4.00202429 0.09355847
4.00161943 0.54151279
4.09145658 0.53103302
4.09145658 0.05422290
3.99609541 0.54339615
4.09145658 0.50292844
3.92324839 0.53541630
4.00000000 0.49561831
3.92169463 0.52982527
3.92698284 0.53448946
3.97793870 0.54317834
3.96240398 0.54568023
4.00000000 0.45334307
4.00000000 0.47234664
4.00000000 0.44946446
4.00000000 0.45580980
4.29668843 0.38160955
3.97458822 0.46255075
4.28910989 0.39673943
4.29085747 0.34319665
4.29375765 0.41359989
4.29378145 0.33451312
3.96230752 0.41472267
3.96361373 0.50854593
3.97414579 0.39764230
3.96799969 0.42480847
3.97248203 0.21283029
3.95784367 0.34636260
3.95388612 0.21350470
3.95836374 0.53648977
3.99773355 0.22766169
3.98884467 0.53873411
3.93824514 0.53991772
3.93975741 0.35654987
3.97100440 0.54741807
3.93901263 0.54929210
4.06894613 0.54134173
4.04929535 0.54934783
4.07878305 0.53782061
4.06894613 0.25818508
3.97644552 0.55856066
3.97432790 0.23391401
4.00000750 0.14013493
4.00000750 0.53202399
4.04929535 0.10979760
4.00000750 0.12113193
3.99712919 0.53582137
3.99844310 0.54401212
4.00048758 0.54059467
3.99712919 0.53152882
4.03341536 0.53816359
4.03341536 0.52625883
4.05195095 0.52147699
4.05195095 0.53097823
4.00473409 0.54875999
4.05195095 0.55349683
4.00000000 0.44963277
3.95674659 0.53141165
4.00000000 0.42612994
4.00000000 0.22559322
4.06064972 0.44276836
4.06064972 0.20062147
4.01567650 0.54922719
4.01449140 0.52827957
3.95087344 0.54179978
4.01761486 0.55470703
4.00000000 0.38750000
3.99676251 0.47072230
4.00000000 0.39218750
4.00000000 0.39687500
4.02343750 0.38593750
4.02343750 0.43593750
3.99784946 0.52932445
3.99784946 0.46316036
3.99676251 0.53456054
3.99784946 0.55977092
4.01074766 0.38317757
3.99051967 0.41617692
3.99065421 0.37383178
4.01168224 0.49719626
4.00981308 0.38037383
4.00514019 0.49532710
4.12014930 0.54459749
4.11600517 0.38066864
4.01774479 0.53795871
4.10404381 0.51653063
3.97785467 0.51903114
4.03153086 0.53087713
3.97128028 0.52283737
3.97024221 0.51972318
3.97335640 0.52006920
3.97058824 0.54498270
4.00851140 0.55108029
4.00914330 0.54538619
4.03279071 0.54665595
4.00914330 0.54255401
4.22230216 0.49856115
3.99821429 0.54244725
4.23597122 0.48705036
4.23453237 0.06978417
4.28776978 0.45899281
4.29136691 0.07769784
3.99821429 0.09152409
3.99821429 0.54487454
3.99821429 0.09388723
3.99821429 0.08074565
4.03851759 0.14903056
4.04550388 0.12257007
4.03851759 0.15017655
4.03851759 0.52803993
4.02324088 0.15299820
4.02324088 0.53037044
4.00308289 0.51968992
4.00308289 0.09872987
4.04550388 0.53976744
4.00308289 0.53125224
4.01776327 0.55373351
4.06045443 0.54059396
4.01990019 0.55498959
4.01745277 0.44226469
3.90382826 0.54303672
3.90168383 0.43826851
4.05113287 0.40436124
4.04041603 0.56344598
4.05472222 0.39863927
4.05219790 0.40117384
3.99880952 0.52603396
4.11531086 0.49584648
3.99880952 0.54074654
3.99880952 0.53519573
3.99880952 0.54674319
3.99880952 0.54154809
4.08299139 0.52959589
4.09425634 0.49097083
4.10165949 0.51538020
4.07087518 0.54372549
3.99014754 0.51918074
4.00000000 0.40228956
3.99014754 0.53603184
3.99014754 0.38530382
3.99803922 0.52017084
3.99803922 0.37338381
3.99814815 0.20488215
3.99814815 0.38784512
4.00000000 0.25232323
3.99814815 0.22673401
3.99918044 0.31165289
4.07435161 0.50901120
3.99918044 0.30499311
3.99918044 0.55270661
3.99004132 0.29920110
3.99004132 0.54613636
4.07742558 0.54540967
4.07051872 0.53468612
4.07857795 0.55422193
4.07051872 0.54733569
4.09139128 0.53976630
4.03963964 0.54234234
4.07770534 0.53495148
4.09175345 0.48057537
4.06696324 0.53422304
4.07658740 0.48169468
3.99549550 0.25675676
3.99549550 0.52342342
4.03963964 0.26846847
3.99549550 0.24594595
3.93436933 0.06505320
4.05810811 0.03765766
3.93243640 0.05695513
3.92820530 0.53570132
3.94189160 0.05848985
3.94016475 0.53204993
4.02527172 0.53309794
4.02527172 0.03929090
4.06241790 0.52338274
4.02527172 0.51855565
4.02355835 0.53760073
3.98292881 0.54058576
4.02355835 0.52531136
4.02355835 0.54581633
4.03739142 0.55199110
4.03739142 0.54787546
3.98351990 0.55110341
3.96487385 0.54336887
3.95336058 0.54513919
3.96110933 0.54851990
4.01013868 0.53228251
4.00135238 0.52513524
4.01013868 0.52786020
4.01013868 0.53994195
4.01203741 0.54180440
4.01203741 0.51838668
3.98659738 0.52478396
3.98760409 0.53784202
4.00134565 0.52747301
3.98760409 0.54589908
4.01332544 0.54287195
4.05726465 0.45282514
4.01137104 0.54972609
4.01332544 0.55231080
4.02014256 0.55102267
4.01527243 0.54678603
4.00604934 0.41037094
4.00605841 0.45008163
4.05659351 0.44409577
4.01010339 0.43462724
3.96477357 0.55415125
3.99592743 0.38780081
3.98069225 0.55280820
3.97336651 0.54683476
3.95488567 0.54683291
3.95919047 0.52237309
3.99866716 0.41616068
3.99866716 0.38215476
3.99592743 0.36856720
3.99866716 0.37271381
4.05555392 0.11110785
3.91496437 0.28021701
4.05555392 0.11598589
4.05555392 0.09419630
4.11835145 0.11586835
4.11835145 0.09180135
3.95210202 0.24444467
3.96286235 0.29453876
3.92257968 0.24260090
3.95076473 0.24753964
4.02039985 0.44498334
4.02661145 0.52807845
4.02039985 0.44218808
4.02039985 0.18646797
3.99729730 0.47769345
3.99729730 0.20420215
4.06687211 0.37395031
4.06687211 0.52693246
4.02661145 0.39547381
4.06687211 0.41753017
3.97670364 0.49953555
3.95590327 0.54059961
3.98478940 0.49916520
3.99237668 0.53446909
3.93601057 0.46678011
3.93377643 0.52819106
4.00612184 0.53475357
4.00949232 0.55041463
3.94703007 0.53262040
4.01041162 0.54117371
4.09450742 0.55128055
3.99880952 0.54314172
4.09015174 0.55061951
4.09450742 0.05561716
3.98591839 0.54189468
3.98592961 0.05563287
4.00477139 0.04413773
4.00636027 0.55029090
3.99880952 0.04531398
4.00636027 0.04492822
4.00136496 0.06467441
3.99803922 0.05613473
4.00204063 0.06064303
4.00809904 0.54246327
4.00673408 0.07480047
4.01144114 0.52894522
4.03156669 0.44928169
4.03156669 0.04536012
3.99803922 0.39711706
4.03156669 0.41863716
4.06293810 0.55028189
4.02812500 0.27500000
4.06456263 0.51104330
4.06293810 0.21463528
4.01075559 0.54817786
4.00592851 0.24424876
4.00000000 0.07812500
4.00000000 0.25000000
4.02812500 0.10937500
4.00000000 0.09062500
3.96883736 0.53741175
3.99579439 0.53130841
3.97638237 0.53424307
3.97697998 0.53820481
3.99403992 0.52669806
3.99543118 0.52212154
4.00981308 0.53084112
4.00467290 0.55327103
3.97009346 0.54719626
4.01214953 0.53177570
3.99079428 0.36220307
3.97128028 0.39861592
3.98888299 0.39172119
3.99079428 0.52933540
4.09313734 0.37257442
4.07972149 0.54963012
3.91695502 0.54809689
3.90934256 0.40242215
3.96193772 0.55605536
3.91833910 0.54878893
4.08018018 0.51081081
4.20503597 0.53165468
4.08018018 0.54054054
4.08018018 0.50810811
3.99189189 0.53333333
3.99189189 0.49369369
4.21294964 0.52661871
4.22230216 0.53525180
4.20359712 0.53956835
4.22302158 0.53165468
4.04665732 0.20273492
3.92895702 0.52857055
4.04665732 0.18330996
4.04665732 0.19095372
3.99784946 0.23749416
3.99784946 0.18652408
3.92799252 0.48515540
3.94053615 0.52779481
3.94188936 0.49345397
3.93514283 0.47973304
3.96657994 0.53880726
4.04763213 0.55143904
3.96450022 0.52435806
3.96366187 0.55246063
3.95335340 0.53097473
3.95086896 0.51445091
3.99386970 0.53611198
3.99386970 0.54481685
4.04454736 0.53560701
3.99386970 0.55351125
4.02491022 0.56557745
4.05738981 0.44723140
4.02616908 0.53781521
4.02491022 0.55519215
4.01671329 0.56181775
4.02932663 0.54004623
3.99419421 0.45808540
3.99419421 0.46640496
4.05738981 0.45805096
3.99419421 0.48374656
3.99821429 0.52815084
4.07325407 0.52941369
3.99821429 0.52989735
3.99821429 0.51432136
3.99821429 0.53288423
3.99821429 0.55446607
4.08324860 0.53349870
4.08731447 0.53014350
4.06954490 0.54383354
4.08512642 0.53680333
4.01233751 0.51194395
3.94802057 0.53096049
4.01233751 0.52431127
4.01233751 0.37234347
4.04082290 0.53278473
4.04082290 0.36938581
4.00000740 0.53609960
3.99870875 0.54120542
3.94717515 0.53394258
3.99570630 0.52877386
4.04969662 0.28889017
3.98795181 0.08695269
4.04111623 0.29568484
4.05576165 0.53630952
4.07148618 0.27741807
4.05827189 0.54702765
4.07127535 0.51213635
4.07127535 0.11116662
3.98795181 0.51691155
4.07127535 0.53742286
4.06057867 0.55594452
4.00507135 0.54560187
4.06059302 0.53931373
4.06252272 0.17048541
4.05129603 0.53785509
4.07818747 0.15484696
4.01013061 0.13812787
4.01013061 0.53736193
4.00507135 0.13371765
4.01013061 0.13372974
4.01279461 0.19565657
4.02175642 0.57082998
4.01279461 0.17380471
4.01279461 0.27414141
4.00188552 0.20646465
4.00188552 0.29599327
4.05719256 0.54677969
4.06010195 0.53965058
4.01754516 0.53083252
4.06010195 0.55163713
3.99649123 0.40701754
4.13905487 0.54189863
3.99649123 0.42105263
3.99649123 0.29473684
4.02105263 0.40350877
4.02105263 0.34035088
4.14888090 0.53947809
4.15255938 0.56034794
4.14316494 0.54273837
4.15255938 0.54193376
4.00386473 0.49420290
4.00951848 0.28473684
4.00386473 0.49951691
4.00386473 0.30483092
4.02125604 0.47342995
4.02560386 0.30579710
4.03602464 0.18628219
4.03602464 0.28901456
4.00951848 0.15866741
4.03602464 0.15118701
4.00851064 0.55141844
4.00534633 0.55581622
4.00531915 0.54468085
4.00851064 0.55992908
4.04858156 0.55638298
4.05390071 0.53865248
4.13154890 0.53216150
4.13455969 0.53919248
4.01065437 0.51562478
4.12920640 0.53628263
4.00227273 0.12196970
3.88387735 0.22814851
4.00227273 0.09696970
4.00227273 0.44772727
4.02803030 0.10681818
4.02803030 0.42954545
3.88732661 0.55774197
3.88139400 0.21877841
3.90110600 0.54836893
3.87826900 0.55587089
4.17404803 0.54631048
4.03581560 0.56808511
4.17107901 0.54689871
4.16697181 0.52034807
4.12329621 0.52506439
4.11562478 0.52044205
3.99432624 0.52730496
4.00106383 0.51985816
4.03758865 0.51666667
4.00106383 0.52553191
3.91235697 0.51955133
4.00303030 0.54469697
3.89608053 0.53896944
3.90201998 0.55022629
3.87387637 0.53739616
3.87260482 0.55460031
4.01818182 0.33863636
4.01818182 0.52954545
4.00303030 0.34242424
4.01818182 0.34621212
3.99755102 0.39100535
4.00000000 0.13157895
3.99755102 0.42247909
3.99755102 0.54557712
3.97831549 0.37790733
3.97831549 0.55544998
4.05087719 0.30000000
4.05087719 0.13157895
4.00000000 0.27719298
4.05087719 0.30350877
3.99577828 0.50155655
4.02125604 0.53913043
3.99577828 0.51324748
3.99577828 0.03914894
3.99893617 0.52066069
3.99893617 0.03596865
4.02367150 0.10144928
4.02415459 0.54154589
4.02415459 0.09710145
4.02415459 0.08405797
4.01320447 0.16160534
4.01320447 0.15004658
4.01320447 0.15011644
4.01320447 0.52431299
3.99559075 0.16765254
3.99559075 0.54370439
3.99559075 0.51718677
3.99559075 0.16599907
4.01320447 0.56396522
3.99559075 0.55423847
3.95062939 0.53855139
3.94874121 0.52105945
3.94874265 0.54273102
3.95441871 0.53591860
3.99277567 0.53852834
3.96733927 0.54614011
3.98328436 0.53322387
3.97719927 0.54539982
3.95213590 0.54994815
3.98100300 0.54044677
4.13876292 0.55027317
4.14448110 0.54393884
4.14742397 0.54492910
4.13934068 0.53074887
4.06839120 0.55322127
4.07804658 0.53548609
4.06169032 0.54138172
4.07527360 0.53115382
4.15471831 0.53194743
4.07844164 0.53073432
4.11310368 0.54167792
4.13334459 0.53478273
4.10515873 0.53639255
4.11736181 0.18429866
4.12104300 0.52894855
4.10196443 0.20813914
4.11148824 0.19119104
4.09563211 0.52626928
4.11103794 0.19439097
4.08337836 0.18377237
4.06632671 0.52389404
4.06632671 0.53780132
4.06632671 0.54240618
4.06632671 0.52849890
4.02321854 0.53313466
4.02321854 0.51525828
4.02321854 0.53577483
4.02321854 0.57557174
4.06632671 0.55442826
4.02321854 0.52920971
4.10606645 0.02892470
4.10606645 0.02991916
4.11135991 0.03191362
4.10606645 0.49768771
4.10039978 0.02692913
4.10604319 0.50132004
4.10039978 0.51830343
4.10604319 0.03124806
4.11135991 0.52326467
4.10604319 0.51031118
4.03720551 0.53633235
4.03720551 0.54868240
4.03720551 0.52302262
4.03720551 0.52214749
4.03233628 0.56380924
4.03320551 0.51947099
4.03233628 0.53098918
4.03320551 0.53631072
4.03720551 0.52747689
4.03320551 0.53360079
3.94589474 0.20428070
3.96173684 0.17284211
3.96303509 0.20724561
3.96308772 0.31538596
4.00264912 0.19387719
3.99868421 0.31675439
4.00263158 0.33110526
3.99868421 0.17671930
3.95245614 0.31405263
4.00396491 0.34571930
3.99414501 0.44530780
3.96136204 0.52402142
3.99414501 0.45477428
3.99414501 0.10578659
4.02581395 0.45470588
4.02581395 0.12926129
4.05230466 0.37529190
4.05532842 0.52738898
3.96320057 0.37561254
4.05262807 0.36709078
3.99404796 0.33092860
3.97428284 0.26550436
3.99021637 0.32155247
4.00554273 0.53891093
3.94087631 0.34963758
3.93834295 0.51297512
3.95753248 0.52432992
3.96646475 0.27612830
3.97094031 0.54386103
3.95976398 0.54664491
4.21897051 0.55371241
3.99711538 0.52547610
4.21476443 0.53209429
4.22767075 0.53463650
4.23830877 0.53274042
4.24059283 0.54630561
3.99229836 0.36663555
3.99229836 0.50431292
3.99711538 0.33300037
3.99229836 0.35428491
4.04123059 0.50343168
4.05163549 0.54647848
4.04185559 0.51278727
4.04123059 0.53404891
4.01810947 0.52281056
4.01498835 0.54092391
4.01024244 0.51537145
4.00160281 0.54253525
4.06146089 0.52322679
4.00275591 0.52246429
3.75658617 0.09007076
4.05271804 0.08596390
3.74795929 0.11485669
3.73735579 0.42660360
3.74342409 0.07335794
3.72215813 0.41287494
4.06382488 0.46973886
4.06382488 0.08784989
4.05363117 0.42946535
4.06382488 0.44799240
4.24967869 0.54228637
4.00906829 0.32066938
4.25599943 0.54957159
4.24718054 0.53730608
4.26270772 0.54057880
4.26385549 0.54284784
4.00000000 0.41117142
4.00000000 0.30289462
4.00906829 0.42005880
4.00000000 0.41431479
4.04880683 0.52640056
3.99504545 0.35013985
4.05468649 0.54879740
4.05100598 0.03045006
4.01647274 0.53742055
4.02569085 0.02640460
3.98727899 0.01060334
3.98727899 0.34502547
3.99504545 0.01554290
3.98727899 0.01130756
4.17940824 0.48614554
4.01168150 0.53896695
4.17373717 0.53024790
4.18924430 0.49268293
4.20637079 0.51795948
4.22349727 0.48054778
4.01852728 0.54480182
4.01956645 0.52797627
4.01682790 0.54717319
4.01956645 0.54925740
4.02597087 0.31475915
3.72822643 0.53390248
4.02597087 0.30984877
4.02597087 0.30608663
4.01252801 0.33402726
4.01252801 0.28973114
3.73586371 0.50148951
3.71660514 0.50706302
3.73534072 0.48677127
3.74290878 0.50605291
3.96532321 0.53034608
4.26519814 0.53672419
3.96730260 0.54135570
3.97321590 0.53507205
3.97241760 0.52128318
3.96297034 0.56222029
4.25178045 0.54878488
4.25445582 0.53268023
4.27305476 0.52234644
4.25675908 0.53212208
3.96288643 0.31143988
4.01909071 0.26302656
3.97323838 0.31600100
3.96168637 0.23417785
3.99606253 0.31204315
3.98632312 0.23690229
4.05247118 0.19000081
4.05539620 0.25749973
4.01762282 0.19077650
4.04367997 0.18743805
3.95751365 0.52657398
4.11588031 0.50975610
3.95864666 0.55279643
3.97205135 0.53382713
3.98435440 0.53493503
3.97876467 0.56902894
4.16725310 0.53100760
4.18833133 0.53590564
4.11993203 0.51381447
4.19083700 0.52606957
3.99576466 0.54239836
4.02581395 0.51120383
3.99576466 0.51346519
3.99576466 0.23477675
3.98726401 0.51767056
3.98726401 0.27371891
3.99651163 0.16800274
3.99651163 0.50538988
4.02581395 0.15158687
3.99651163 0.17388509
4.02299699 0.56607235
3.94768482 0.51808150
4.03089371 0.54580097
4.02299699 0.55028951
4.02300405 0.56192275
4.02472697 0.55614908
3.99446989 0.52699062
3.99701767 0.53679409
3.94428597 0.51807789
3.99489001 0.54104400
4.03143668 0.53537293
4.23770101 0.53271857
4.02866743 0.53768348
4.03143668 0.53626899
4.00046723 0.55711512
3.99998507 0.52936935
4.22605058 0.53080398
4.23476870 0.53434087
4.24703411 0.55271449
4.22446374 0.55918589
4.01053822 0.15658073
4.02124612 0.34164596
4.01053822 0.14000452
4.01053822 0.46388512
4.00000000 0.16248304
4.00000000 0.43966531
4.03997283 0.53777562
4.03998447 0.33605202
4.01999224 0.55467391
4.03686335 0.52967391
4.02265997 0.25108408
4.01629518 0.52519631
4.02265997 0.25597567
4.02265997 0.20904283
4.00000000 0.23503437
4.00000000 0.23995241
4.01827537 0.50936448
4.00889138 0.53806028
4.01431254 0.53657757
4.00889138 0.54391796
4.23999598 0.54653268
4.00380987 0.39103774
4.25033533 0.52193955
4.25367522 0.53520969
4.23712331 0.51723375
4.22390906 0.53237727
4.00566038 0.38537736
4.00566038 0.41407837
4.00380987 0.37594340
4.00566038 0.40257620
3.93234814 0.37217904
4.01568036 0.19940945
3.91804415 0.38193392
3.92884189 0.36796862
3.89534977 0.35926269
3.89150727 0.35926269
4.00627461 0.19236590
4.00627461 0.20723425
4.01568036 0.20875984
4.00627461 0.20807087
4.00217905 0.54352726
3.97116458 0.54471080
3.99561507 0.53919601
4.00292508 0.53916380
4.03661443 0.53032417
4.02927759 0.54501395
3.96359245 0.54868192
3.97116848 0.52955614
3.96503389 0.53279095
3.98197803 0.53136509
3.94892282 0.54304433
4.02762612 0.55145789
3.95811823 0.53275205
3.95924466 0.04707061
3.97476847 0.52927094
3.97015107 0.04821346
4.03684157 0.07814983
4.03685573 0.52763623
4.02921140 0.08990092
4.03653827 0.10006369
3.99413865 0.55767521
3.89934590 0.40812639
3.99660684 0.56969991
3.99413865 0.55427920
4.01912536 0.55151852
4.02005128 0.54596961
3.99878788 0.55124169
3.99878788 0.36686253
3.89204361 0.52941611
3.99878788 0.53975610
3.96547791 0.54372691
4.00223471 0.39370787
3.97351647 0.54696064
3.96468434 0.49839839
3.97030522 0.54331406
3.96869237 0.49879518
3.98441948 0.24801498
3.98333333 0.39043695
4.00444444 0.25813983
3.97998752 0.25031211
3.98487879 0.02318182
4.03834379 0.05710077
3.98487879 0.02620202
3.98487879 0.54627273
3.98288889 0.03027273
3.98288889 0.54320202
3.99124826 0.52981172
3.99124826 0.06378312
4.03709379 0.52730300
3.99124826 0.54899233
4.01271186 0.51562364
3.99581377 0.36983568
4.01271186 0.52413443
4.01271186 0.12209184
3.99066348 0.52926264
3.99066348 0.11364624
3.99158842 0.06330203
3.99158842 0.37284820
3.99581377 0.07728873
3.99158842 0.06467136
3.93803315 0.23143272
4.18454201 0.19358159
3.93877522 0.23179328
3.93206300 0.54311309
3.98880318 0.22770557
3.97946643 0.53938594
4.12257755 0.53593616
4.12527007 0.20353430
4.19085851 0.55359953
4.11852758 0.53368799
4.02741150 0.53790087
3.69909227 0.54338657
4.03790372 0.53946658
4.02857995 0.54452571
4.02294000 0.52021323
4.02565654 0.55073966
3.64336609 0.55218514
3.64268701 0.52450405
3.69470152 0.53663777
3.63762740 0.55555556
4.03836626 0.50646859
4.01712329 0.43121331
4.03784272 0.50128724
4.03836626 0.50130343
4.01919257 0.49505883
4.01919257 0.55265004
4.04930109 0.54003821
4.04930109 0.40384400
4.01712329 0.51058615
4.04930109 0.52907930
4.25158395 0.32631927
3.99945652 0.36000535
4.25356493 0.30696857
4.25744830 0.53162945
4.28185691 0.29278329
4.27219189 0.52191481
4.02287954 0.53377584
4.01797339 0.33551913
4.00109884 0.55664053
4.01797339 0.56043003
3.99441980 0.52520626
4.09693826 0.54274934
3.99017679 0.54551805
3.98949962 0.53437908
3.98591021 0.53601093
3.98624237 0.52000000
4.14169739 0.53355691
4.12890735 0.52900625
4.09293845 0.51977966
4.13351555 0.52756889
3.96571805 0.55730661
4.02477029 0.54871599
3.95918878 0.53381517
3.95354790 0.38322793
3.94053077 0.55815923
3.95224920 0.40923019
4.05302445 0.43734249
4.06072850 0.53402023
4.01548143 0.46284607
4.06110413 0.43079076
3.98254630 0.53106481
3.99725620 0.51097520
3.96635802 0.55964506
3.97760802 0.45141975
3.95524691 0.51126543
3.94660494 0.47987654
4.03963643 0.53134557
4.03963643 0.52578152
3.99725620 0.53137105
4.03963643 0.54143731
3.99581377 0.11246088
3.96406277 0.32191711
3.99581377 0.09839593
3.99581377 0.51193271
3.99581377 0.09145149
3.99581377 0.49788732
3.88871129 0.55041544
3.88597013 0.29542287
3.96999586 0.52984089
3.88908409 0.53467630
4.17052505 0.53686152
3.98029734 0.54277050
4.15422730 0.52959928
4.15199747 0.53729567
4.14112144 0.55176104
4.14926420 0.53823326
3.99560970 0.44915736
4.00293044 0.55010734
3.98464470 0.44475633
3.99416595 0.46082009
3.64977022 0.53529097
4.00000000 0.21070862
3.65586496 0.54406907
3.64641118 0.51907476
3.67646510 0.54744745
3.68288743 0.54778984
4.05177155 0.37099418
4.05177155 0.20737705
4.00000000 0.37913802
4.05177155 0.33069804
4.05273507 0.52973162
4.20688992 0.52764017
4.05273507 0.53590066
4.05273507 0.22862734
3.99589973 0.54073246
3.99589973 0.25051719
4.21211213 0.33394214
4.21353617 0.51249665
4.20073996 0.36750425
4.21258383 0.35519762
4.00053754 0.53107330
4.05096064 0.54450281
4.00053754 0.52991506
4.00053754 0.54304764
4.05446959 0.51474222
4.05446959 0.55392017
3.97510843 0.54369960
3.95866024 0.52408514
4.04252530 0.54175422
3.97232289 0.54816064
4.05017293 0.52479126
3.99597980 0.24906061
4.05216714 0.52438726
4.04897053 0.17566549
4.11093369 0.54875894
4.10392608 0.17386308
3.98995960 0.05846465
3.98995960 0.22882828
3.99597980 0.05645455
3.98995960 0.06753535
4.08508276 0.52318248
4.02812808 0.51148440
4.09554039 0.52047829
4.09165544 0.53324205
4.12145701 0.50929784
4.13073539 0.51196013
3.97878489 0.51951067
3.98334647 0.51491626
4.02355337 0.54247947
3.97477504 0.52872250
4.04697587 0.43831974
3.99815859 0.56446344
4.04697587 0.44204893
4.04697587 0.32872069
4.01013422 0.43558444
4.01013422 0.32129630
4.06168566 0.53917569
4.06509117 0.54009497
4.00555461 0.54998196
4.06509117 0.54595916
4.05560549 0.51385768
4.28636890 0.52569892
4.05004994 0.54168539
4.05337079 0.45950062
3.98666667 0.51278402
3.98444444 0.42496879
4.28829611 0.51220844
4.28634409 0.54184864
4.28442514 0.54820926
4.27418114 0.54177833
4.04418584 0.55773884
3.99903139 0.54124826
4.04418584 0.56066771
4.04418584 0.26970014
4.00167190 0.54315551
4.00125523 0.28471932
4.00198971 0.32808636
4.00328083 0.53174328
3.99444230 0.31043073
3.99706418 0.33038894
4.05241229 0.54131028
3.94749482 0.53603614
4.04288646 0.54925286
4.05241229 0.54067435
4.04350318 0.52890810
4.04000910 0.53941260
3.93576887 0.53297760
3.93056653 0.54905703
3.94530397 0.54948805
3.93099002 0.52168267
3.89630451 0.26076127
3.97641975 0.14662037
3.90357354 0.27049150
3.90663341 0.47600887
3.99878788 0.27774205
3.99878788 0.48093126
4.02484568 0.27098765
4.02359568 0.14177469
3.98262346 0.27859568
4.02361111 0.28106481
3.99061270 0.33134843
3.99576271 0.35030422
3.99061270 0.33518086
3.99061270 0.52285310
4.04555856 0.33120079
4.04555856 0.53601132
4.00763436 0.52249746
4.00763436 0.31127046
3.99576271 0.50722874
4.00763436 0.53850500
3.95459315 0.55406202
3.95221365 0.55767511
3.95352050 0.54072540
3.97077890 0.55372439
3.99819495 0.54506792
3.98955406 0.53136898
3.92348902 0.55768350
3.92796946 0.52816399
3.95334144 0.53677260
3.92572230 0.54724143
3.98912354 0.11116910
4.05404213 0.16931444
3.98912354 0.12596937
3.98912354 0.52764473
4.05683315 0.11710481
4.05682827 0.53853582
4.03655340 0.53888633
4.03557079 0.18857006
4.05715081 0.54703766
4.03926881 0.53596520
4.00000000 0.26164731
4.00778012 0.54483484
4.00000000 0.28044267
4.00000000 0.11259071
4.02285922 0.27293179
4.02285922 0.13730044
4.03058614 0.39451101
4.03058614 0.57283301
4.00778012 0.38467455
4.03058614 0.36030332
4.20552061 0.17204752
4.07170853 0.56313766
4.21107617 0.15726765
4.19821803 0.38511530
4.17564640 0.17012579
4.17735849 0.38707198
4.08265382 0.53255744
4.09511488 0.54879965
4.08358353 0.54036604
4.08822722 0.53727901
4.07618323 0.54493625
4.06447540 0.54217750
4.07616150 0.54399449
4.07618323 0.52920168
4.04914035 0.54249734
4.04964986 0.53611997
4.07269694 0.48942896
4.06919505 0.53928793
4.06507052 0.47070175
4.07153079 0.46250430
4.02480854 0.14792037
4.02197368 0.04075658
4.04703592 0.13464196
4.03341069 0.53031381
3.99246538 0.13572239
3.99137593 0.53429128
3.99895833 0.48963816
3.99895833 0.04400219
4.02197368 0.44241228
3.99895833 0.47296053
4.21243944 0.52219598
3.97841878 0.54068525
4.20161095 0.52607800
4.18519864 0.15407582
4.21319646 0.51359617
4.18914729 0.14318677
4.15839389 0.26752945
4.16980256 0.54725568
3.99838560 0.27809524
4.16328356 0.26097893
3.95722892 0.53795181
4.00865385 0.52859082
3.95903614 0.53915663
3.95722892 0.52951807
3.96686747 0.53253012
3.96807229 0.54759036
4.01394461 0.54011778
4.01394461 0.50116397
4.00481229 0.52762468
4.01394461 0.54539934
4.03354430 0.54525316
4.00000000 0.21668615
4.02753165 0.56012658
4.03354430 0.52278481
4.01297468 0.54462025
4.01550633 0.52784810
4.00172414 0.14774985
4.00172414 0.20286382
4.00000000 0.11838106
4.00172414 0.14424313
4.04647303 0.52821577
4.03684772 0.52890248
4.05062241 0.53983402
4.05020747 0.51784232
4.07883817 0.53775934
4.07634855 0.55020747
4.03833464 0.52670295
4.03833464 0.53040063
4.03684772 0.53496241
4.03833464 0.52815621
4.05274725 0.14395604
3.98198248 0.39388706
4.04285714 0.14835165
4.04175824 0.40549451
4.00989011 0.15384615
4.00329670 0.40219780
4.05758739 0.54716337
4.05972128 0.37726425
3.98198248 0.54080667
4.05972128 0.54893759
3.99725605 0.49864887
3.81783069 0.52481203
3.99725605 0.52695580
3.99725605 0.55337781
3.99545455 0.52055046
3.99545455 0.54139283
3.82152604 0.53590086
3.83793094 0.52903648
3.80780284 0.54174325
3.82891952 0.55489557
4.04274280 0.47630829
3.91455723 0.52227659
4.03543065 0.45476982
4.04352094 0.40086279
4.00654440 0.47706267
3.99845263 0.36890110
3.97288507 0.43485569
3.96051420 0.52522876
3.91632078 0.44882526
3.97229915 0.43820927
4.02109929 0.53356511
4.10362636 0.53898085
4.02169333 0.52819912
4.02249054 0.54332231
3.98784699 0.53734739
3.97709000 0.53595138
4.04538879 0.54577187
4.05637364 0.53521012
4.09985706 0.55560177
4.04427673 0.52157233
3.99946533 0.52578437
4.12501144 0.43706331
3.99947709 0.53550529
3.99946533 0.53548766
4.00378672 0.53110458
4.00108696 0.54793478
4.14590389 0.39334859
4.13370709 0.45895500
4.12501144 0.39783371
4.13286804 0.40383677
4.24455323 0.15420114
4.04422420 0.08325359
4.25068946 0.15831495
4.24729730 0.56861555
4.25136054 0.17600662
4.23101213 0.52246737
4.07935748 0.49815448
4.07935748 0.07934040
4.04422420 0.45505810
4.07935748 0.45517772
4.08312657 0.54541500
4.26354723 0.54386574
4.08884482 0.54440603
4.08312657 0.52253294
4.08613992 0.54408063
4.09084695 0.54170565
4.23976063 0.53720518
4.26310475 0.53635921
4.25075241 0.49227710
4.27369303 0.51653737
4.02205187 0.53373126
4.07585532 0.53958439
4.01890478 0.55761322
4.00990789 0.54501677
4.00720317 0.56886842
4.00628005 0.54593383
4.10003850 0.54654793
4.09274823 0.54389012
4.08513454 0.53791116
4.09274823 0.54985369
4.03879376 0.48348554
3.87097856 0.53451987
4.03879376 0.47224125
4.03879376 0.04568113
4.10806697 0.47650304
4.10806697 0.03738584
3.87688219 0.08425410
3.88409725 0.55496689
3.85515423 0.09875828
3.89466713 0.09150837
3.99878049 0.15424571
3.97021599 0.40651348
3.99878049 0.17502258
3.99878049 0.25210780
4.09912677 0.16392653
4.09912677 0.23509485
4.08506587 0.55350184
4.08231771 0.42765165
3.96511949 0.53665288
4.07996783 0.53195619
4.20503993 0.55530676
4.01619946 0.52709793
4.20598597 0.52201635
4.21416256 0.50861323
4.24570085 0.55485893
4.24354008 0.54141850
3.99619946 0.51853549
3.99619946 0.52995508
4.01619946 0.54329739
3.99619946 0.52418688
4.04664793 0.53067531
4.21823511 0.53859423
4.05381512 0.56362330
4.04664793 0.22308339
4.02674629 0.53912520
4.02903494 0.24328309
4.24818907 0.15378760
4.22433088 0.53690608
4.20656538 0.14824432
4.25598527 0.17433702
3.98661604 0.54112363
4.04483384 0.53801337
3.98723257 0.54173608
3.98914339 0.52779275
3.97256655 0.54367140
3.97767026 0.51882656
4.19692209 0.53772498
4.19236473 0.52680948
4.03091184 0.53286277
4.19447954 0.54468186
4.00257203 0.55353952
4.01606784 0.55604399
4.00669574 0.54481100
4.00257203 0.36815755
4.01132963 0.54896114
4.01132963 0.34602432
4.02394572 0.44770092
4.01881458 0.55705737
4.02119547 0.48769695
4.01881458 0.46241526
4.03080384 0.23053758
4.24967990 0.13178371
4.02034940 0.25571284
4.01763341 0.51899787
4.03215818 0.24408718
4.03352769 0.55346253
4.23995371 0.53369940
4.28553137 0.11854132
4.27560819 0.51412390
4.25667290 0.56525165
3.93831062 0.52621782
3.99855136 0.41716418
3.93458626 0.52695030
3.93236817 0.54403277
3.93272890 0.54440452
3.93422553 0.54217403
4.00151449 0.29604917
4.00151449 0.44238367
3.99855136 0.30024144
4.00151449 0.29881475
4.01093838 0.34976190
4.03355388 0.52112628
4.01093838 0.33303922
4.01093838 0.54695378
3.99919468 0.32295518
3.99919468 0.53688375
4.03905213 0.55516636
4.02847419 0.49998097
4.02575572 0.52114954
4.02847419 0.52437746
4.00000000 0.50587129
3.99919355 0.54042748
4.00000000 0.53386139
4.00000000 0.15526733
4.00000000 0.54990099
4.00000000 0.14337624
3.98061238 0.20180304
3.98061238 0.53310386
3.99919355 0.19223708
3.98061238 0.19308287
3.89815936 0.49319203
3.97807011 0.51570279
3.89178008 0.50517450
3.87739920 0.55391713
3.88898645 0.49163028
3.88820239 0.54671713
3.95324858 0.54893853
3.94339724 0.53360739
3.96602096 0.55699313
3.94850138 0.56317211
4.14013874 0.56670316
3.80714301 0.55867833
4.15120151 0.54273620
4.15335819 0.53625672
4.17147994 0.54763473
4.16624729 0.55686456
3.81956877 0.54550110
3.81918673 0.54051312
3.81174620 0.54893072
3.82588238 0.54282076
4.01139935 0.02395130
3.98793208 0.03068118
4.01139935 0.02621753
4.01139935 0.54334740
4.01996753 0.02053896
4.01939935 0.54046104
3.98239176 0.52008527
3.98038171 0.04274910
3.98793208 0.53163291
3.98038171 0.51860819
4.07611340 0.43437533
3.95039874 0.48291159
4.07611340 0.44091294
4.07611340 0.36186396
4.03337565 0.42642018
4.03337565 0.30819317
4.00434783 0.39118549
4.00559773 0.46006058
3.95723104 0.37194234
4.00249981 0.33602868
3.78602521 0.53456615
3.90973596 0.52618311
3.77456809 0.54430047
3.78326437 0.52239523
3.81834834 0.51650213
3.80825953 0.52864886
3.89687526 0.54031350
3.90489735 0.52553797
3.88339208 0.56118085
3.90844361 0.54513356
4.05355213 0.27007042
4.06434063 0.28310806
4.07140579 0.26772079
4.08174550 0.05118700
4.05871424 0.27241341
4.05400611 0.05354770
4.02837195 0.04613459
4.02921941 0.30091897
4.07068583 0.05627548
4.02921941 0.05754488
4.00634921 0.39572453
4.03360064 0.44601711
4.00634921 0.31315924
4.00634921 0.29892473
3.99841270 0.32908346
3.99841270 0.29101382
4.00347501 0.38369420
4.00347501 0.44719326
4.03360064 0.36384657
4.00347501 0.39398557
3.99855136 0.52069798
3.99425492 0.53789227
3.99855136 0.49683933
3.99855136 0.05026339
3.99556629 0.48988147
3.99556629 0.03847673
4.00179340 0.19857404
3.99858049 0.53537041
3.98743457 0.19710812
4.02765272 0.19283025
4.02204160 0.56479728
4.15714026 0.50033915
4.02204160 0.54273665
4.02204160 0.53955101
4.04732803 0.55099776
4.04732803 0.54087854
4.23202519 0.54162427
4.24125484 0.50661337
4.15722505 0.50977471
4.24820131 0.51828973
4.01844874 0.54032563
4.16104123 0.34814815
4.01537356 0.54746949
4.01844874 0.55775399
4.04202978 0.54203679
4.04375380 0.56288980
4.17386443 0.17742837
4.17742837 0.35520615
4.19633124 0.14776380
4.18693222 0.16809923
4.27139269 0.30508224
3.99164252 0.40097798
4.24403132 0.34574510
4.25598345 0.53301487
4.23981089 0.32892741
4.25810105 0.57360386
3.99754419 0.53615377
3.99753695 0.40694002
3.98476529 0.52923066
3.99753695 0.52781561
4.23265807 0.49532535
3.90788382 0.54315353
4.22544199 0.51139042
4.23930939 0.53467772
4.23044199 0.48917434
4.25209331 0.53856661
4.02821577 0.54771784
4.03900415 0.54730290
3.91369295 0.55103734
4.04024896 0.55269710
4.02666026 0.54105282
3.98901099 0.52417582
4.02484116 0.54074339
4.04149959 0.53588575
4.02968324 0.53196008
4.02786963 0.52348256
3.98901099 0.52637363
3.97362637 0.56923077
3.99120879 0.50879121
3.98351648 0.52857143
4.03332721 0.28850490
3.97951807 0.20060241
4.02862439 0.27636336
4.03254289 0.40690870
3.99843597 0.27988971
3.99765165 0.41786305
3.96686747 0.29036145
3.96686747 0.18373494
3.97951807 0.29156627
3.96686747 0.28072289
3.99620845 0.48903863
4.01708861 0.53829114
3.99620845 0.48522911
3.99620845 0.51469003
4.01048518 0.50424079
4.01048518 0.52705301
4.02531646 0.52911392
4.02405063 0.55189873
4.01708861 0.52056962
4.02405063 0.54841772
4.00890375 0.09046682
4.27716032 0.09100018
4.00890375 0.09048649
4.00890375 0.40948072
3.97817335 0.07910438
3.97817335 0.39009966
4.25072624 0.47209505
4.25541460 0.09377643
4.28061684 0.44295367
4.26498437 0.44429123
3.94741050 0.54526884
3.99663639 0.53767202
3.94778348 0.54273950
3.94046817 0.53035213
3.93828106 0.54456164
3.94922863 0.52338173
3.98385985 0.52960251
3.98419316 0.56122975
3.99495966 0.53028043
3.98419316 0.53498181
3.78573264 0.55391046
4.00406011 0.51075627
3.80332916 0.53632821
3.80045889 0.35723139
3.81269912 0.55523993
3.80811240 0.36297303
4.02115501 0.28445845
4.01618592 0.51307922
4.02071264 0.28303640
4.01845029 0.27273462
4.04225420 0.54374905
4.00000000 0.47092846
4.04225420 0.53919598
4.04225420 0.53218365
3.99445967 0.53070149
3.99445967 0.52618903
4.00000000 0.39042998
4.00000000 0.44589041
4.00000000 0.39195205
4.00000000 0.42235540
4.01611456 0.55234261
3.99635530 0.54415346
4.01797408 0.54740817
4.01550495 0.00681696
3.98262403 0.55364619
3.98757764 0.00434783
4.04835696 0.00454545
4.04835696 0.53047540
3.99635530 0.00364470
4.04835696 0.00638866
3.88725884 0.46064288
4.00000149 0.40083606
3.87827418 0.46322863
3.87087353 0.54736891
3.88373938 0.45583931
3.88885935 0.54961765
4.03119691 0.56452925
4.03311108 0.38891001
4.00539204 0.54757054
4.02849421 0.55137511
3.98604734 0.53535364
3.88009593 0.51723240
3.99281270 0.53322964
3.98604734 0.48369985
4.05882679 0.54464707
4.06815061 0.45706215
3.87930646 0.52678941
3.87752018 0.52419757
3.87412876 0.52358566
3.87552358 0.54988173
4.05447741 0.34441326
4.01733255 0.53866627
4.05447741 0.33605988
4.05447741 0.51327185
4.01970061 0.31526330
4.01970061 0.48894681
4.03086075 0.52893361
4.03574324 0.52894536
4.01947709 0.54140717
4.03574324 0.53111633
4.06377307 0.37699932
4.02255293 0.54579458
4.06377307 0.39791524
4.06377307 0.37853725
4.08839713 0.36148325
4.08839713 0.39782980
4.06903402 0.53217070
4.08502525 0.54956373
4.01643857 0.54533174
4.06715165 0.54016078
4.27766364 0.07579821
3.99682540 0.01748592
4.26001325 0.06610853
4.26795252 0.19921835
4.26357062 0.08241394
4.28075124 0.20582044
4.01272401 0.07145417
4.01272401 0.01431132
3.99682540 0.06513057
4.01272401 0.06676907
4.03974500 0.53726651
3.99928065 0.53086322
4.05069525 0.54287804
4.03974500 0.53924556
3.97681569 0.52533828
3.97813469 0.52964291
4.02465884 0.56852851
4.02828203 0.52575902
3.99928065 0.54457315
4.02828203 0.55259177
3.83606222 0.37521349
3.86210438 0.54810056
3.83276839 0.36076595
3.84461921 0.45952422
3.84464535 0.33114761
3.84989543 0.41408156
3.79333987 0.55506436
3.79159650 0.53004501
3.86870040 0.53559209
3.78916473 0.55922014
3.87013367 0.26191590
4.14841718 0.41180934
3.86434141 0.25975216
3.87858535 0.53694793
3.82575606 0.27196324
3.81413812 0.50476469
4.13951958 0.52889099
4.14875130 0.39550071
4.13707975 0.54455970
4.13430203 0.51413591
3.88666898 0.53860663
4.00285065 0.53137338
3.88154318 0.53626063
3.88038001 0.55863613
3.93282203 0.52701371
3.92417780 0.54507028
4.01139935 0.53017532
4.01139935 0.53649351
4.00456169 0.53648701
4.01139935 0.55191883
4.13955975 0.53024300
4.00000000 0.37042574
4.13315180 0.58397656
4.13388079 0.55858491
4.11006861 0.53630789
4.10402087 0.53630932
4.00000000 0.52601980
4.00000000 0.38746535
4.00000000 0.51400990
4.00000000 0.53595050
4.13985507 0.52453852
3.88578964 0.53591076
4.15122807 0.50868040
4.13022121 0.23945843
4.10924485 0.48343249
4.13372998 0.26320366
3.88897849 0.45245896
3.88018167 0.50961275
3.88618327 0.44250996
3.88459283 0.43891952
4.01464912 0.37553728
4.00121951 0.33932550
4.01464912 0.38904605
4.01464912 0.50935307
4.04811404 0.38167763
4.04811404 0.51152412
3.99146341 0.54957844
3.99146341 0.32562481
4.00121951 0.51160795
3.99146341 0.54218609
3.98982578 0.53177700
4.19558703 0.51210442
3.98492451 0.53420110
3.98532603 0.56103036
4.16328356 0.53176871
4.15473370 0.55249876
4.22798179 0.53066502
4.22753583 0.53064823
4.20120727 0.53023586
4.22235222 0.52809375
4.06703174 0.51044782
4.02447787 0.50684891
4.06766160 0.49705315
4.06517523 0.53695386
4.07391063 0.51793224
4.07171632 0.51699182
4.02153137 0.54011518
4.01272381 0.49247302
4.03425199 0.54173107
4.01272381 0.53981393
4.03167527 0.54862745
3.98468071 0.52326882
4.02931889 0.53106983
4.03284830 0.26610251
3.93728930 0.53811490
3.94136911 0.28659443
3.99043769 0.24248326
3.99299363 0.52072513
3.97828679 0.24312837
3.99554957 0.26677282
4.01203569 0.51246774
4.02318002 0.54994449
4.01203569 0.53196611
4.01203569 0.53340815
4.04283470 0.53721805
4.04283470 0.52517675
4.05767380 0.56178958
4.05767380 0.53452815
4.02679355 0.53918319
4.05767380 0.53296854
3.99152566 0.55140362
4.00193518 0.54726660
3.99152566 0.55280952
3.99152566 0.10633704
3.99046557 0.54680376
3.98763245 0.10280595
3.97597742 0.12572969
3.99322211 0.56411808
4.01123694 0.12378834
3.98838220 0.12320301
4.01681082 0.53678000
3.93608426 0.56670522
4.01921237 0.53676619
4.01681082 0.55598316
4.01202383 0.54778938
4.01345924 0.51466921
3.94203084 0.51244802
3.94351645 0.53028638
3.93570838 0.52394878
3.94351370 0.54104640
4.00000000 0.05675044
3.99497899 0.12416667
4.00000000 0.04988311
4.00000000 0.19421391
4.00172414 0.04459380
4.00172414 0.18722969
4.00422269 0.31037815
4.00422269 0.11240896
3.99497899 0.33563025
4.00422269 0.29865546
4.00538961 0.29762987
3.97862767 0.54515686
4.00538961 0.29207792
4.00538961 0.24558442
3.99464286 0.30633117
3.99464286 0.24902597
3.99842520 0.46749781
3.99842520 0.51505437
3.97862767 0.45245594
3.99842520 0.45644294
3.85664930 0.19241771
4.19631141 0.24050123
3.84306180 0.18609756
3.83674876 0.53649301
3.82605494 0.19579919
3.83964007 0.52871182
4.22057108 0.51611599
4.21840370 0.24773060
4.19050646 0.53894470
4.20970674 0.53315675
3.94623030 0.53420437
3.98707207 0.52960445
3.93161922 0.53419675
3.93660524 0.48006228
3.94514743 0.53669675
3.95192425 0.45655313
3.99204965 0.38539235
3.98956209 0.53155756
3.98608936 0.35604896
3.98956209 0.35854638
4.18496770 0.38605402
4.05452489 0.20493967
4.18192601 0.36775103
4.18118027 0.54731650
4.21334703 0.38678802
4.21484439 0.50687023
4.00588235 0.36138763
4.00588235 0.18959276
4.05452489 0.31843891
4.00588235 0.35346908
3.99940828 0.36243660
4.00000000 0.21408325
3.99940828 0.33754579
3.99940828 0.17111510
3.96972387 0.35825585
3.96972387 0.17054100
4.00000000 0.08895557
4.00000000 0.20190245
4.00000000 0.10146834
4.00000000 0.09909346
3.94658524 0.52373376
3.90276537 0.51972680
3.93716607 0.52971452
3.93906764 0.56014274
3.92678969 0.54727036
3.91830800 0.53251513
4.01426638 0.51296895
4.01761190 0.53186245
3.90697057 0.54989803
4.01385676 0.55870926
4.00411354 0.54213216
3.96333306 0.55422661
4.00452675 0.53556129
4.00246576 0.54829151
4.05424172 0.56595831
4.06246880 0.54870472
3.96173969 0.54622515
3.95090149 0.53859099
3.96044138 0.55579659
3.96430577 0.56343176
3.99787234 0.51872569
4.21947479 0.53057010
3.99787234 0.55948296
3.99787234 0.53158316
4.02896362 0.51977808
4.02896362 0.53691375
4.31603696 0.56169385
4.29953988 0.52507482
4.23227218 0.50738067
4.31781760 0.55566362
