400.00000000 99.53526351 102.47111526 103.48679917 101.14644795
400.00000000 99.53526351 102.47111526 103.48679917 101.14644795
400.00000000 99.53526351 102.47111526 103.48679917 101.14644795
400.00000000 99.53526351 102.47111526 103.48679917 101.14644795
400.00000000 99.53526351 102.47111526 103.48679917 101.14644795
400.00000000 99.53526351 102.47111526 103.48679917 101.14644795
400.00000000 99.53526351 102.47111526 103.48679917 101.14644795
400.00000000 99.53526351 102.47111526 103.48679917 101.14644795
400.00000000 99.53526351 102.47111526 103.48679917 101.14644795
400.00000000 99.53526351 102.47111526 103.48679917 101.14644795
311.50000000 1980.46748318 1977.08128241 1963.63843751 2001.28148669
311.50000000 1980.46748318 1977.08128241 1963.63843751 2001.28148669
311.50000000 1980.46748318 1977.08128241 1963.63843751 2001.28148669
311.50000000 1980.46748318 1977.08128241 1963.63843751 2001.28148669
311.50000000 1980.46748318 1977.08128241 1963.63843751 2001.28148669
311.50000000 1980.46748318 1977.08128241 1963.63843751 2001.28148669
311.50000000 1980.46748318 1977.08128241 1963.63843751 2001.28148669
311.50000000 1980.46748318 1977.08128241 1963.63843751 2001.28148669
311.50000000 1980.46748318 1977.08128241 1963.63843751 2001.28148669
311.50000000 1980.46748318 1977.08128241 1963.63843751 2001.28148669
487.50000000 271.74334361 273.55234555 276.13490110 274.05682161
487.50000000 271.74334361 273.55234555 276.13490110 274.05682161
225.80000000 2333.57099126 2347.59234254 2324.57756738 2333.00482653
487.50000000 271.74334361 273.55234555 276.13490110 274.05682161
523.40000000 1712.16113720 1727.18507728 1720.04877986 1696.47038520
226.20000000 1719.95570303 1642.17345857 1728.27835126 1810.09399269
523.40000000 1712.16113720 1727.18507728 1720.04877986 1696.47038520
226.20000000 1719.95570303 1642.17345857 1728.27835126 1810.09399269
225.80000000 2333.57099126 2347.59234254 2324.57756738 2333.00482653
226.20000000 1719.95570303 1642.17345857 1728.27835126 1810.09399269
225.80000000 1719.71526371 1738.55884226 1718.97034067 1715.55212448
225.80000000 1719.71526371 1738.55884226 1718.97034067 1715.55212448
520.90000000 1711.99167657 1709.45701390 1702.50962025 1733.61832954
225.80000000 1719.71526371 1738.55884226 1718.97034067 1715.55212448
225.30000000 2329.89065733 2336.87232496 2393.88501534 2264.05955572
487.50000000 272.15294926 274.28496931 276.08188243 274.17430092
225.30000000 2329.89065733 2336.87232496 2393.88501534 2264.05955572
487.50000000 272.15294926 274.28496931 276.08188243 274.17430092
520.90000000 1711.99167657 1709.45701390 1702.50962025 1733.61832954
487.50000000 272.15294926 274.28496931 276.08188243 274.17430092
389.70000000 1611.63106148 1674.76092358 1556.06408283 1619.02466522
389.70000000 1611.63106148 1674.76092358 1556.06408283 1619.02466522
706.20000000 179.53379589 182.03247094 182.18211147 182.47133847
389.70000000 1611.63106148 1674.78344724 1556.08526824 1619.04426611
389.70000000 1611.63106148 1674.76092358 1556.06408283 1619.02466522
706.20000000 179.53379589 182.09844167 182.24192442 182.53499150
389.70000000 1611.63106148 1674.78344724 1556.08526824 1619.04426611
706.20000000 179.53379589 182.03247094 182.18211147 182.47133847
706.20000000 179.53379589 182.09844167 182.24192442 182.53499150
706.20000000 179.53379589 182.09844167 182.24192442 182.53499150
197.80000000 2147.53937749 2173.08440658 2091.93552462 2166.14709198
197.80000000 2147.53937749 2173.08440658 2091.93552462 2166.14709198
263.90000000 2142.67666431 2105.01068038 2191.94176215 2138.59594104
197.80000000 2147.53937749 2173.06771750 2091.91128376 2166.12487559
197.80000000 2147.53937749 2173.08440658 2091.93552462 2166.14709198
263.90000000 2142.67666431 2104.97287187 2191.90259888 2138.55724787
197.80000000 2147.53937749 2173.06771750 2091.91128376 2166.12487559
263.90000000 2142.67666431 2105.01068038 2191.94176215 2138.59594104
263.90000000 2142.67666431 2104.97287187 2191.90259888 2138.55724787
263.90000000 2142.67666431 2104.97287187 2191.90259888 2138.55724787
618.80000000 179.37834917 182.37113587 181.62483597 182.18657659
618.80000000 179.37834917 182.37113587 181.62483597 182.18657659
198.00000000 1844.24335535 1848.93457365 1911.67563747 1790.78474270
618.80000000 179.37834917 182.54086513 181.78405537 182.34973712
443.80000000 181.72486171 184.07336696 184.30858788 184.93303689
197.90000000 2566.32768505 2624.94712655 2637.94829401 2449.38008087
443.80000000 181.72486171 184.19832060 184.42717072 185.06779833
197.90000000 2566.32768505 2624.92069430 2637.92392034 2449.35084324
198.00000000 1844.24335535 1848.95233235 1911.69602001 1790.80426650
197.90000000 2566.32768505 2624.94712655 2637.94829401 2449.38008087
264.60000000 2559.72525296 2607.35183456 2458.63299470 2628.25775090
264.60000000 2559.72525296 2607.35183456 2458.63299470 2628.25775090
390.40000000 2543.76649775 2496.88303001 2602.57175671 2534.93965076
264.60000000 2559.72525296 2607.33948413 2458.62181286 2628.23793125
264.60000000 1838.98382644 1758.58504604 1883.40068804 1879.83282908
389.80000000 1836.07949790 1865.86602883 1824.79492798 1826.75397200
264.60000000 1838.98382644 1758.57471382 1883.39031478 1879.81808075
389.80000000 1836.07949790 1865.88998161 1824.81895569 1826.77392537
390.40000000 2543.76649775 2496.84677721 2602.53677841 2534.91524098
389.80000000 1836.07949790 1865.86602883 1824.79492798 1826.75397200
452.40000000 2046.87277290 2044.29894587 2053.16262468 2052.74880083
453.60000000 2049.83035710 2065.61240893 2058.17329279 2038.25344114
452.40000000 2046.87277290 2044.29894587 2053.16262468 2052.74880083
452.40000000 2046.87277290 2044.36816849 2053.23802227 2052.81696903
451.50000000 1561.79963826 1596.33849305 1537.95595910 1556.86435821
451.50000000 1561.79963826 1596.40165931 1538.01061191 1556.91637012
455.90000000 1563.29287007 1563.04050118 1564.24687887 1572.48398688
455.90000000 1563.29287007 1562.98968864 1564.19008339 1572.43109303
453.60000000 2049.83035710 2065.67327373 2058.24919161 2038.32879505
455.90000000 1563.29287007 1563.04050118 1564.24687887 1572.48398688
212.20000000 1565.84915850 1566.74371695 1512.59299325 1624.28996770
212.90000000 1564.94579114 1584.10516977 1560.32912464 1560.76849050
212.20000000 1565.84915850 1566.74371695 1512.59299325 1624.28996770
212.20000000 1565.84915850 1566.73355288 1512.58159977 1624.27862097
212.90000000 2063.24446174 2010.95416653 2030.83652867 2143.41734259
212.90000000 2063.24446174 2010.93703714 2030.81718188 2143.40053058
212.70000000 2062.20391846 2088.64920829 1995.63657016 2119.88389450
212.70000000 2062.20391846 2088.66915410 1995.65320876 2119.90172959
212.90000000 1564.94579114 1584.09115810 1560.31677952 1560.75289782
212.70000000 2062.20391846 2088.64920829 1995.63657016 2119.88389450
465.60000000 140.77140890 143.42237381 142.78953286 144.52569807
465.60000000 140.81524108 143.94743908 143.10309444 143.69604626
286.70000000 2446.34000802 2458.43291890 2510.65897687 2380.03267598
465.60000000 140.77140890 143.52678546 142.87567457 144.61682193
465.60000000 140.77140890 143.42237381 142.78953286 144.52569807
286.70000000 2446.34000802 2458.45985761 2510.69763489 2380.07158472
465.60000000 140.81524108 144.03352692 143.19604492 143.77833242
286.50000000 2443.87419759 2442.04026511 2452.02587082 2444.57507372
286.50000000 2443.87419759 2442.07634027 2452.05601145 2444.61120644
286.50000000 2443.87419759 2442.07634027 2452.05601145 2444.61120644
285.90000000 1777.10802551 1821.86289332 1809.66380775 1713.26286653
286.40000000 1778.27939319 1803.51020916 1803.87990495 1737.12452796
640.60000000 140.16390632 142.58932989 143.89482133 142.43860091
285.90000000 1777.10802551 1821.84095276 1809.64627749 1713.23590531
285.90000000 1777.10802551 1821.86289332 1809.66380775 1713.26286653
640.60000000 140.16390632 142.46741088 143.79226411 142.32563936
286.40000000 1778.27939319 1803.48765778 1803.85422019 1737.09615938
640.60000000 140.25061138 142.87286286 142.90829213 143.44090226
640.60000000 140.25061138 142.76475238 142.79764815 143.31929424
640.60000000 140.25061138 142.76475238 142.79764815 143.31929424
596.70000000 236.51196188 240.59794631 238.56756862 238.77464514
596.60000000 236.83619980 238.42188736 239.04994746 241.38645678
351.60000000 1905.73339949 1956.87752102 1930.62583609 1839.95704942
596.70000000 236.51196188 240.65540067 238.62275340 238.82964745
421.80000000 230.97780019 233.24629603 235.18846464 232.94861948
351.20000000 2684.95690533 2742.86543113 2673.14431630 2652.01575637
421.80000000 230.65100430 233.02559765 233.89294445 233.65244686
350.60000000 2684.20762103 2670.91990216 2702.95771252 2690.78900668
351.10000000 1906.02746978 1896.42198233 1919.35846907 1899.98887485
350.60000000 2684.20762103 2670.94517499 2702.98222223 2690.82339343
241.70000000 2693.54426173 2725.91033105 2633.44826567 2741.31158319
241.10000000 2693.01460388 2637.24609937 2772.95597885 2658.37356873
187.10000000 2701.38021366 2639.98903811 2774.18424236 2697.98348079
241.70000000 2693.54426173 2725.92591914 2633.46062408 2741.32249552
242.30000000 1909.46129990 1993.61099228 1866.88881188 1877.98951230
187.10000000 1913.09004332 1892.89235258 1935.06848093 1912.06896069
241.10000000 1908.25103131 1911.85930688 1876.36751870 1945.42457116
186.80000000 1910.07865724 1845.25981903 1931.61792373 1955.42225434
186.60000000 2697.92511068 2644.76891716 2735.74721139 2731.39429434
186.80000000 1910.07865724 1845.26566045 1931.62630674 1955.42818701
351.60000000 1665.13264200 1639.84577933 1665.06150569 1709.01921388
352.40000000 1665.42393913 1686.73994337 1631.15183811 1685.52804534
241.90000000 1665.06653912 1696.79105881 1637.02346959 1670.33372608
351.60000000 1665.13264200 1639.82035066 1665.04470073 1709.00136592
351.60000000 1665.13264200 1639.84577933 1665.06150569 1709.01921388
241.90000000 1665.06653912 1696.78297181 1637.01508063 1670.32430354
352.40000000 1665.42393913 1686.71981095 1631.13301165 1685.51010100
241.40000000 1664.75424982 1733.19750971 1638.90974958 1636.25130105
241.40000000 1664.75424982 1733.18737261 1638.90331695 1636.24260535
241.40000000 1664.75424982 1733.18737261 1638.90331695 1636.24260535
186.60000000 2232.68878924 2302.26776126 2285.99774172 2123.81328732
186.90000000 2235.17370259 2238.62448566 2251.99096362 2223.13484938
509.30000000 230.36127932 233.07292371 233.10601632 232.63001084
186.60000000 2232.68878924 2302.25970272 2285.99460429 2123.80691219
186.60000000 2232.68878924 2302.26776126 2285.99774172 2123.81328732
509.30000000 230.36127932 233.02063254 233.04845296 232.56618429
186.90000000 2235.17370259 2238.61470182 2251.98242386 2223.12602888
509.30000000 231.72111934 234.22864395 234.31365053 234.50436568
509.30000000 231.72111934 234.16266250 234.24448793 234.43873269
509.30000000 231.72111934 234.16266250 234.24448793 234.43873269
334.30000000 1807.52842039 1841.14361751 1763.08501344 1830.89965260
334.80000000 1808.74568324 1831.83497775 1795.55706774 1809.88699086
182.20000000 1809.67800545 1796.81787417 1851.26672557 1802.53597095
334.30000000 1807.52842039 1841.13870548 1763.08219030 1830.89676890
334.30000000 1637.10699176 1604.75005854 1650.19138573 1661.07653631
182.20000000 1640.12174549 1650.05044817 1647.71978643 1627.16344905
333.80000000 1637.74000517 1663.26886341 1645.02302561 1610.19454817
182.40000000 1641.63518784 1581.65521424 1674.21377780 1679.97086028
182.10000000 1812.97573824 1749.17801708 1841.25619062 1852.31266454
182.40000000 1641.63518784 1581.65346593 1674.21255435 1679.96999227
182.20000000 2501.99558457 2416.65421581 2536.93431000 2563.93865854
182.40000000 2508.74327697 2484.52415261 2503.86525879 2540.00041789
334.20000000 2495.97024076 2490.35159856 2555.57868841 2451.76853206
182.20000000 2501.99558457 2416.67815301 2536.96091206 2563.97459802
182.90000000 2197.54703049 2158.63200330 2130.86148945 2321.74954945
335.20000000 2185.78241081 2226.74413793 2155.81662723 2185.38564143
181.60000000 2186.11966333 2152.61127738 2243.74508513 2157.64414793
334.30000000 2184.04934436 2211.90754036 2191.95263038 2152.12429615
334.80000000 2495.54608824 2507.17792088 2501.05575021 2492.80114074
334.30000000 2184.04934436 2212.00092853 2192.03171546 2152.20976967
564.40000000 1580.58198671 1561.16333562 1602.25902078 1588.58934195
563.80000000 1581.88626745 1587.76776804 1596.94706871 1570.09150914
564.40000000 1580.58198671 1561.16333562 1602.25902078 1588.58934195
564.40000000 1580.58198671 1561.07642473 1602.16276791 1588.49273726
432.80000000 250.81825182 255.19793293 253.12505337 252.75916334
432.80000000 250.81825182 255.11802584 253.03721657 252.67891910
432.80000000 250.34723877 254.78253234 253.07414188 251.42913367
432.80000000 250.34723877 254.88188065 253.16378262 251.51828028
563.80000000 1581.88626745 1587.68231658 1596.85529019 1570.00052080
432.80000000 250.34723877 254.78253234 253.07414188 251.42913367
233.30000000 2099.90763774 2076.35462864 2145.04315480 2077.04009773
233.40000000 2097.98009116 2160.40727301 2108.23297040 2026.57303407
233.30000000 2099.90763774 2076.35462864 2145.04315480 2077.04009773
233.30000000 2099.90763774 2076.37454707 2145.06931913 2077.05145540
233.80000000 1873.14627668 1838.38886296 1957.00784064 1832.29662708
233.80000000 1873.14627668 1838.40271506 1957.02590731 1832.30738762
233.50000000 1875.71717411 1899.89336430 1901.72340061 1827.74479046
233.50000000 1875.71717411 1899.87803253 1901.70837719 1827.73439677
233.40000000 2097.98009116 2160.42554525 2108.24748415 2026.59163200
233.50000000 1875.71717411 1899.89336430 1901.72340061 1827.74479046
498.40000000 160.60558016 163.64709255 164.03612272 162.42048093
498.40000000 160.98806141 164.42409507 162.84907826 164.07512886
203.10000000 2286.45268909 2149.04891903 2342.32354694 2387.05749869
498.40000000 160.60558016 163.62750538 164.02284789 162.40293651
476.50000000 161.55196464 164.92124068 164.47817772 163.48054139
203.20000000 2389.63293651 2527.36682968 2335.65842673 2317.07242419
476.50000000 161.67353547 163.50325842 164.88961986 164.61361836
203.60000000 2393.39143720 2356.29347804 2371.74836822 2456.24628054
202.50000000 2280.20357369 2297.92986349 2228.92218971 2333.23032920
203.60000000 2393.39143720 2356.28999196 2371.74836822 2456.24380989
275.90000000 1693.56394762 1654.55745445 1726.18858770 1704.77816362
276.20000000 1694.22266062 1648.02617540 1690.83682148 1750.00276330
413.40000000 1688.87374281 1694.96758379 1706.48473046 1672.41908135
275.90000000 1693.56394762 1654.55478158 1726.18634106 1704.77642914
275.20000000 1747.61451283 1776.12975404 1715.35463367 1762.95089771
414.30000000 1745.94961319 1689.50579600 1774.17554286 1785.04113504
275.00000000 1746.52133763 1768.57328640 1715.50071845 1770.60143930
412.70000000 1743.98158064 1735.29648158 1740.83027849 1766.02512386
413.40000000 1690.44616697 1667.54269792 1705.79426146 1709.43784449
412.70000000 1743.98158064 1735.29086051 1740.82354486 1766.01968316
410.90000000 367.16836439 370.39122710 369.33168567 370.23598797
411.00000000 360.45537254 364.83270637 362.01572758 362.84724068
410.90000000 160.83802088 165.13130916 163.50313686 162.19285560
410.90000000 367.16836439 370.37941338 369.32246398 370.22854706
413.10000000 1540.74413216 1550.28673002 1554.44777702 1528.80146828
739.00000000 160.68320141 163.98461211 164.08288010 162.21322005
412.20000000 1540.33345734 1497.23045586 1529.76130497 1603.20564993
739.00000000 161.05199143 163.92529740 163.59602380 163.93012277
410.90000000 160.46713846 162.61534946 163.13921630 164.26888720
739.00000000 161.05199143 163.91141956 163.58264193 163.91316830
203.00000000 1944.29557407 1998.15845881 1880.33343006 1952.62865640
204.10000000 1949.33650455 1953.35047766 1911.19796997 1995.74604911
274.80000000 1941.81970879 1888.86616523 1957.80050457 1988.09011759
203.00000000 1944.29557407 1998.15678452 1880.33137709 1952.62713710
203.00000000 2020.39278538 1990.82363628 1983.29779530 2102.00004908
275.10000000 2018.10431934 1997.46499955 2045.57932494 2021.06807099
203.10000000 2021.59914297 1987.66130164 2108.06742042 1980.05849666
275.20000000 2019.17032097 2002.44780787 1985.67980786 2078.06374585
275.10000000 1943.72914307 1935.14439953 1972.26099192 1932.72464124
275.20000000 2019.17032097 2002.44275918 1985.67632756 2078.05731206
695.20000000 206.89346512 210.18647047 209.13787842 209.45361265
694.90000000 208.87558610 211.29315311 212.35966829 211.26533625
254.50000000 1638.69205681 1652.44776619 1631.66544961 1641.21640520
695.20000000 206.89346512 210.07518587 209.04108816 209.34687820
454.70000000 201.32319029 204.39989788 203.81603719 204.06463053
255.30000000 2504.13804064 2533.43381633 2461.99547575 2516.51065371
454.70000000 201.11421944 203.13672571 205.30556056 203.12824696
254.70000000 2499.96580919 2523.41382666 2411.98479698 2579.67860185
255.10000000 1638.70317291 1682.79815905 1653.41530259 1586.18637098
254.70000000 2499.96580919 2523.39053142 2411.95510481 2579.66067422
255.70000000 2190.56775734 2194.70775295 2195.89437610 2192.66291386
256.10000000 2188.06062070 2125.54646899 2212.56290231 2228.01127205
520.20000000 200.72052233 203.17530681 204.03456407 203.50861599
255.70000000 2190.56775734 2194.67848499 2195.86790774 2192.63427545
255.00000000 1808.20069300 1784.80294771 1870.25514721 1770.77393968
629.70000000 201.63011766 203.97286091 205.08922607 204.01934746
254.20000000 1808.02636118 1838.82686106 1883.12585095 1712.28908835
629.70000000 201.07844002 203.39220834 204.56746091 203.88472541
520.20000000 200.72837539 202.73547718 203.78243227 204.02402669
629.70000000 201.07844002 203.29122387 204.47995809 203.78925117
370.80000000 1872.33446821 1898.43273091 1831.88806704 1887.99199751
369.10000000 1869.51963545 1847.73603706 1902.27264083 1863.99681516
370.80000000 1872.33446821 1898.43273091 1831.88806704 1887.99199751
370.80000000 1872.33446821 1898.43840388 1831.89259455 1888.00186432
368.70000000 1586.08808261 1597.99104850 1562.29223234 1607.17677459
368.70000000 1586.08808261 1597.99348488 1562.29673276 1607.17977015
370.30000000 1587.56903200 1597.83435899 1577.87905324 1596.72830210
370.30000000 1587.56903200 1597.82974972 1577.87571521 1596.72401618
369.10000000 1869.51963545 1847.74175989 1902.27828724 1864.00372379
370.30000000 1587.56903200 1597.83435899 1577.87905324 1596.72830210
191.60000000 2626.11482283 2592.59830703 2697.34739369 2592.65143489
191.70000000 2629.44779963 2587.76684364 2638.79208052 2664.05563015
191.60000000 2626.11482283 2592.59830703 2697.34739369 2592.65143489
191.60000000 2626.11482283 2592.60194972 2697.34809791 2592.65609382
192.00000000 2101.72617166 2133.04206884 2091.39945162 2088.96086444
192.00000000 2101.72617166 2133.04325931 2091.40167104 2088.96248183
192.00000000 2102.93439808 2119.00792277 2117.02845632 2087.96062343
192.00000000 2102.93439808 2119.00617741 2117.02512294 2087.95727431
191.70000000 2629.44779963 2587.76896680 2638.79410574 2664.05638772
192.00000000 2102.93439808 2119.00792277 2117.02845632 2087.96062343
476.60000000 303.50523723 308.18551359 306.17739455 304.71446175
476.50000000 299.53677492 302.58206567 301.14198137 303.57551665
298.30000000 2386.60849938 2402.58012931 2371.76890228 2396.50954328
476.60000000 303.50523723 308.10082958 306.10092107 304.62919990
485.20000000 1686.30634445 1682.88463008 1695.28512477 1691.86018342
298.80000000 1690.19955107 1663.24103598 1726.10883219 1684.88047019
486.00000000 1686.74830886 1672.96114574 1712.52710504 1679.64778934
297.90000000 1688.97896077 1679.86337463 1648.11248406 1749.57396565
298.30000000 2384.30056964 2359.58937434 2374.36547765 2426.08303998
297.90000000 1688.97896077 1679.84415463 1648.08848186 1749.55176543
219.20000000 1749.30550326 1798.14930045 1730.86524208 1730.07958211
219.10000000 1748.88475350 1725.39340020 1801.46121889 1734.26180836
651.50000000 120.71462127 123.12822579 123.81013170 123.27259023
219.20000000 1749.30550326 1798.16702943 1730.87873361 1730.09785202
219.20000000 2282.98504506 2241.67754375 2327.05230831 2294.14783360
498.40000000 119.78868497 122.69516257 123.31765455 122.32986151
219.00000000 2283.39812956 2298.77028403 2290.80017016 2267.85381353
498.40000000 120.22185559 123.30583299 121.48228274 124.49754899
651.50000000 121.28207391 123.62815166 123.69420647 124.98241875
498.40000000 120.22185559 123.44801520 121.62580650 124.64053571
564.00000000 120.11207126 122.38750128 123.24041779 123.09111783
564.00000000 120.40819528 123.41229900 123.29787525 123.05418346
485.40000000 2006.32345924 2017.41862797 2015.94108872 1996.00453646
564.00000000 120.11207126 122.31380247 123.14705602 123.00714183
410.90000000 120.52658183 122.55282077 123.65052592 124.19752434
410.90000000 290.88785684 292.52172859 294.30062205 294.17276690
410.90000000 120.79305356 123.22829615 124.26447265 123.51458274
410.90000000 291.56912025 295.10904285 293.19733002 295.02728043
484.70000000 2005.71716261 1985.61843834 2011.41685190 2027.28676273
410.90000000 291.56912025 295.04326949 293.13368827 294.96333065
299.00000000 1543.13426502 1546.85304168 1547.39413949 1542.16747615
298.60000000 1541.05959444 1529.14293124 1530.74508477 1569.36005203
219.20000000 1540.48441546 1583.05232707 1548.12611076 1500.62953934
299.00000000 1543.13426502 1546.88015334 1547.42017787 1542.19977994
298.20000000 1942.53618839 1978.78211922 1946.88907425 1910.33656856
218.70000000 1942.98094976 1942.33043130 2003.16953374 1894.62278702
298.60000000 1942.58789466 1937.27018746 1960.38903731 1939.03229395
219.10000000 1945.06409188 1884.07824292 1963.48285097 1996.82632966
218.80000000 1542.83109238 1514.00933932 1553.44190091 1570.27575179
219.10000000 1945.06409188 1884.09641606 1963.49955917 1996.84777000
502.50000000 1914.38603225 1899.52170073 1922.13794666 1930.03014264
499.20000000 1914.35353965 1927.25012088 1929.63501081 1892.66072065
189.80000000 1926.92957876 2002.90869305 1994.91180408 1794.89332933
502.50000000 1914.38603225 1899.51133394 1922.12360514 1930.01120231
501.60000000 1786.03832588 1770.09611982 1783.73664544 1810.82825099
189.20000000 1792.73887070 1883.48503909 1807.34047523 1695.28993391
501.50000000 1784.94639368 1799.95797452 1817.76175498 1743.57448645
189.60000000 1792.74570048 1780.12205481 1863.93323455 1740.21140794
189.30000000 1923.30891410 1896.68161863 1948.39902951 1929.80870605
189.60000000 1792.74570048 1780.12005934 1863.93186024 1740.20774027
223.10000000 2739.53717189 2718.11995238 2771.83381580 2746.56086651
222.60000000 2732.59706817 2721.35017161 2712.26451966 2769.61295458
360.20000000 2715.57761542 2706.47309060 2730.14303973 2717.99729273
223.10000000 2739.53717189 2718.11519159 2771.83040567 2746.55805460
223.00000000 2475.17237282 2534.28476292 2509.32138245 2400.98495463
360.00000000 2464.69509417 2414.91808229 2492.18232488 2493.11288753
222.60000000 2475.70890645 2432.69812409 2620.88070879 2388.20666746
360.90000000 2467.49382281 2492.51384434 2486.17787752 2426.17983327
360.00000000 2715.94196140 2723.11558678 2704.39648888 2728.17153801
360.90000000 2467.49382281 2492.50399465 2486.16686084 2426.16758940
678.90000000 109.64288426 112.18981372 112.81149637 111.90561873
678.90000000 111.07928624 115.23039712 114.44132465 111.40678785
639.70000000 1647.57049931 1645.95784786 1654.47620274 1650.33866097
678.90000000 109.64288426 112.28571527 112.90666001 112.00073563
547.60000000 111.22603453 114.38552937 112.48661344 114.67162322
547.60000000 219.88400204 223.45478048 222.69291614 221.92827973
547.60000000 110.84449992 113.81156909 113.57449363 113.52524442
547.60000000 220.76386767 224.24269675 223.63363572 222.64648584
640.80000000 1623.11043556 1627.53286184 1625.70012280 1623.94243667
547.60000000 220.76386767 224.32022969 223.72215406 222.72387612
304.80000000 2255.57004817 2259.73854727 2306.85933141 2211.86747319
304.90000000 2257.87012438 2288.50818806 2252.39893353 2244.71312985
245.10000000 2256.58489887 2287.84972543 2230.18197732 2267.36635058
304.80000000 2255.57004817 2259.76427119 2306.88869976 2211.89796253
305.50000000 1575.79825386 1594.84710268 1544.99192905 1593.37941663
245.70000000 1577.77743883 1526.13716917 1628.62357605 1580.74235913
305.50000000 1578.16824552 1559.29957207 1606.00257952 1580.09829307
246.10000000 1579.68477910 1603.37301192 1591.82269793 1555.23920991
246.60000000 2259.47239237 2297.03349315 2216.46337605 2275.25426767
246.10000000 1579.68477910 1603.38792360 1591.83695330 1555.25190813
547.60000000 190.67353593 194.69391187 192.66359693 193.43427273
547.60000000 191.13926096 195.58330625 194.63788622 191.93403189
215.60000000 2082.02621699 1994.27069771 2162.00267988 2090.55464984
547.60000000 190.67353593 194.57916804 192.55234526 193.31100832
503.90000000 191.22275521 193.09864580 194.96767524 194.50488227
216.10000000 2261.55983308 2258.98578616 2273.34919954 2256.90445039
503.90000000 190.98168637 194.36301275 194.80958632 192.19382558
215.40000000 2258.60518323 2279.19665495 2236.87807362 2269.12991878
215.10000000 2078.54924561 2049.38367217 2151.67347693 2039.00300413
215.40000000 2258.60518323 2279.17447188 2236.85970386 2269.11016412
259.80000000 1576.63380725 1607.22581547 1576.98017591 1551.69811927
259.60000000 1575.48460171 1582.22193582 1514.96609319 1636.56595314
468.50000000 1572.49010045 1553.42903951 1575.94138776 1596.10628580
259.80000000 1576.63380725 1607.23805805 1576.99472707 1551.71067138
260.50000000 1678.35975294 1687.22082877 1661.88384165 1695.33725049
470.90000000 1674.63196323 1666.20199019 1711.59177421 1656.27417257
260.40000000 1678.14552289 1611.97967019 1728.62371876 1702.78813425
467.80000000 1673.16940220 1661.87539310 1707.75686044 1657.27287596
468.90000000 1574.14797905 1541.73372392 1608.86324224 1581.05671117
467.80000000 1673.16940220 1661.93099138 1707.80804546 1657.32417299
378.90000000 2464.56093026 2453.14506531 2459.35273800 2489.86912150
379.70000000 2461.20944419 2464.32748382 2511.09035452 2423.24733819
460.10000000 129.97753222 133.48488303 131.16477519 133.81982432
378.90000000 2464.56093026 2453.07163835 2459.29362597 2489.79723502
380.40000000 1922.26450703 1918.92971685 1944.20802440 1912.29985286
591.40000000 130.81213408 132.83210839 133.47271281 134.14979162
380.40000000 1923.05007097 1940.15958991 1924.51634785 1912.82263675
591.40000000 131.57225532 135.00701953 134.64188982 133.48273918
460.10000000 131.02822707 133.56138941 133.99731794 133.85749846
591.40000000 131.57225532 134.87420135 134.50716648 133.36498381
194.70000000 1792.48378778 1772.10352715 1852.66480128 1755.61068381
194.90000000 1794.82980990 1740.29741477 1787.04599379 1869.00717590
291.80000000 1793.65798143 1783.76268050 1812.25380294 1789.50813159
194.70000000 1792.48378778 1772.11093930 1852.67289272 1755.62262139
194.80000000 2733.33461542 2709.18053765 2826.62586402 2670.42946807
292.40000000 2726.41855162 2748.74385032 2729.04159222 2708.59150027
195.40000000 2737.55058372 2842.70893337 2603.73808359 2774.78802719
291.90000000 2727.07163710 2654.70368470 2796.73736562 2736.17414889
292.00000000 1791.23921684 1812.24129630 1794.17052755 1773.54937221
291.90000000 2727.07163710 2654.74105159 2796.77229974 2736.21563677
744.50000000 150.73415608 153.81394528 153.06428064 153.30408147
744.50000000 150.74216224 153.29378928 153.70504663 153.31616073
230.10000000 1532.08870395 1507.30071037 1548.93698415 1554.26151847
744.50000000 150.73415608 153.70679559 152.96367063 153.18665538
525.70000000 151.28070587 154.15616616 154.16855094 153.71826673
229.80000000 2164.42071188 2119.43096778 2187.52704638 2196.69949709
525.70000000 149.82177413 152.24884093 152.44728826 152.88932983
230.20000000 2168.40694854 2216.74442051 2133.45900463 2165.35657486
229.90000000 1531.15296127 1488.10619751 1539.89256941 1572.61008500
230.20000000 2168.40694854 2216.72669016 2133.44406680 2165.33199217
280.90000000 2002.30305257 1999.90825483 1964.16407898 2058.49583465
280.80000000 2001.22597671 2022.62810249 1921.12694193 2075.38104040
541.50000000 1863.51201546 1869.62674423 1866.70312182 1862.74071047
280.90000000 2002.30305257 1999.93275655 1964.19572618 2058.52571139
280.90000000 1626.90528106 1589.70867658 1669.94802570 1632.54954781
539.60000000 1616.78182899 1624.75687348 1635.35961285 1599.04997414
280.00000000 1624.67250866 1660.05410923 1578.52412290 1651.24837176
540.60000000 1619.12112070 1616.56073710 1650.15133944 1597.61819583
540.70000000 1865.10202976 1869.98552790 1871.76475819 1862.11655438
540.60000000 1619.12112070 1616.64928361 1650.23844465 1597.69235241
438.60000000 1730.87361505 1704.00452141 1770.31234812 1732.05936609
438.40000000 1729.47998271 1755.73732051 1729.85816938 1708.16471312
326.40000000 1733.11121671 1747.16133206 1739.49551393 1718.44442508
438.60000000 1730.87361505 1703.89781488 1770.19059447 1731.94998588
439.80000000 1852.00429755 1858.60993831 1859.47897040 1843.19957010
326.40000000 1857.11807516 1820.66278710 1852.37759775 1900.25134766
440.70000000 1852.27134204 1850.49182003 1868.09159881 1846.77918782
326.10000000 1858.16716833 1834.63038124 1853.59315181 1901.76857556
326.10000000 1734.44647892 1694.97967273 1751.95581293 1768.67445743
326.10000000 1858.16716833 1834.56752503 1853.53366619 1901.68944244
209.20000000 2360.50200554 2344.94469781 2404.69413597 2326.89166000
209.50000000 2360.71411668 2336.44663030 2464.37833224 2293.24092407
179.50000000 2361.74393551 2413.35650595 2452.42336399 2218.09702605
209.20000000 2360.50200554 2344.94601360 2404.69644856 2326.89342996
209.50000000 2597.22222175 2621.82730031 2553.73806056 2631.03258180
179.90000000 2598.43587182 2613.05351711 2563.70548760 2631.23811915
208.90000000 2595.47751612 2601.99181696 2693.08891156 2507.79583436
179.90000000 2601.25329449 2575.11442221 2535.95322836 2697.26107010
180.40000000 2372.27871998 2314.61089775 2482.40267355 2329.45844744
179.90000000 2601.25329449 2575.11577025 2535.95459822 2697.26240938
343.00000000 2589.57425889 2588.93299060 2555.30380371 2632.91357015
342.80000000 2588.38431384 2567.31452904 2591.33857730 2605.87788661
269.80000000 2590.96764591 2511.65448222 2643.52860052 2619.32413819
343.00000000 2589.57425889 2588.93515485 2555.30799402 2632.91689817
343.50000000 1733.73469975 1768.39009298 1684.77243977 1758.90578030
269.40000000 1734.66202170 1693.59277880 1767.45636341 1756.16835277
342.60000000 1731.20422832 1713.21169327 1750.12866507 1741.77535170
270.40000000 1733.38688868 1782.39468381 1678.10574652 1751.63228993
269.70000000 2594.74496279 2564.01328392 2633.67717921 2598.91478376
270.40000000 1733.38688868 1782.39741903 1678.10717822 1751.63363272
184.60000000 1860.28307911 1827.11957198 1846.51743160 1924.67300690
184.30000000 1858.04434478 1797.48819140 1863.44014822 1914.93250425
613.20000000 170.87688821 173.02324872 174.40720644 173.52394628
184.60000000 1860.28307911 1827.11957198 1846.51788003 1924.67300690
184.30000000 2360.82545566 2339.17182141 2371.12608578 2375.34550715
482.00000000 170.14487420 173.21242002 171.62610103 173.64567115
184.80000000 2364.77788177 2399.78706363 2386.73123413 2311.46027108
482.00000000 170.54888329 173.91885756 174.07580606 171.92149485
613.20000000 169.84448157 172.16017153 172.87552989 172.82729972
482.00000000 170.54888329 173.92672614 174.08012586 171.92774589
525.70000000 241.62305832 244.80739406 243.93171065 244.53457372
525.70000000 242.20640125 243.83589205 245.64128578 245.35467771
401.40000000 2155.38841595 2170.35655736 2129.34952461 2175.36817899
525.70000000 241.62305832 244.81256329 243.93679201 244.53736919
569.40000000 245.30521812 248.41443280 247.35455403 248.40652800
401.20000000 1992.71949715 1971.45825502 1945.56261419 2065.63595378
569.20000000 247.70246252 251.20105576 250.10023998 249.91313270
400.20000000 1993.61774472 2000.49435184 2002.76607502 1984.03672053
401.10000000 2156.12009730 2193.22469417 2161.59862481 2123.08590236
400.20000000 1993.61774472 2000.50184429 2002.76873992 1984.03929858
237.90000000 1625.78931026 1610.76946472 1594.17284613 1683.74930094
237.70000000 1626.09794737 1627.33739374 1619.97036951 1640.89520639
199.90000000 1627.26722414 1682.31217833 1534.63602805 1675.11500049
237.90000000 1625.78931026 1610.77035262 1594.17405437 1683.75144124
237.60000000 1530.59452317 1502.86825210 1583.16544429 1509.84415770
200.50000000 1533.13579833 1587.35905871 1518.69135321 1502.72485771
238.00000000 1531.98485361 1566.76232186 1548.64835150 1493.23262402
200.50000000 1532.38485478 1524.79464896 1532.33975161 1554.55232703
200.30000000 1624.26021605 1560.05501217 1641.60392418 1683.17732731
200.50000000 1532.38485478 1524.79464896 1532.34017714 1554.55232703
449.20000000 260.67195544 262.64374770 264.48247783 263.14302035
449.20000000 262.18770841 264.03036250 266.04045548 264.79818574
449.20000000 150.43482677 154.25886938 152.50894949 152.84346863
449.20000000 260.67195544 262.73641192 264.57248622 263.22177479
539.90000000 1617.95826378 1627.57801210 1615.01895671 1619.12640737
558.50000000 150.67978234 153.22678816 154.59402097 152.60313806
543.20000000 1574.54878297 1574.88480183 1582.50575682 1574.85278027
558.50000000 150.25892962 153.28370558 153.73840920 152.03738377
449.20000000 150.67657402 152.94628613 154.67115658 152.90880428
558.50000000 150.25892962 153.39089226 153.83937398 152.14729314
230.40000000 1827.38320791 1785.44460323 1840.07131774 1858.75809473
230.00000000 1827.56162230 1820.16979408 1855.73272785 1816.74929584
280.50000000 1824.41048954 1895.24615181 1828.39595873 1757.53657871
230.40000000 1827.38320791 1785.42443083 1840.05186622 1858.74177839
230.20000000 1554.79281177 1579.32486300 1505.02581445 1585.28200318
280.80000000 1553.31690704 1541.39608545 1533.08834171 1595.01505266
230.60000000 1555.92782868 1574.89586958 1522.27778276 1580.37551900
280.30000000 1553.23004485 1479.88263884 1601.40505117 1582.12383449
279.90000000 1823.44714420 1781.01106018 1875.52614357 1817.59631357
280.30000000 1553.23004485 1479.86472125 1601.38297033 1582.10081688
326.80000000 2118.82274843 2097.78949448 2167.03909582 2104.39055671
326.40000000 2116.43170517 2116.56222558 2109.70966927 2129.93445274
209.20000000 2121.86995028 2148.58485882 2114.56226961 2113.03377252
326.80000000 2118.82274843 2097.83203114 2167.09221618 2104.43127319
326.50000000 1763.21103949 1721.34332992 1804.80497141 1768.94170436
209.80000000 1766.39735434 1756.51655040 1780.50004419 1775.67906399
327.40000000 1763.01497793 1725.28908311 1767.12129746 1798.43542942
209.20000000 1762.64365060 1812.27434516 1683.55892660 1801.83611557
209.00000000 2120.39012019 2161.06476592 2085.66270471 2138.66685353
209.20000000 1762.64365060 1812.29095847 1683.57716939 1801.85500651
179.40000000 1602.35179770 1611.69313990 1593.93964672 1605.27167035
179.60000000 1600.64858365 1624.64328225 1575.42442377 1611.31153449
438.90000000 1597.69692523 1581.71486026 1606.73622630 1610.36001113
179.40000000 1602.35179770 1611.68793923 1593.93292555 1605.26574150
179.80000000 2420.84795067 2454.49979311 2390.27244981 2417.10657689
439.20000000 2320.96903067 2323.17702262 2325.77863144 2322.65959004
179.30000000 2413.91115166 2284.99758790 2403.51056278 2547.32938133
439.40000000 2282.92692633 2295.25992077 2257.49193589 2304.16626511
439.00000000 1598.34656109 1610.29652684 1620.34521113 1571.09780717
439.40000000 2282.92692633 2295.18602617 2257.41929511 2304.08831321
401.60000000 1701.42314219 1687.62155556 1696.31460720 1731.79014611
401.30000000 1700.79279165 1741.93786757 1636.77239351 1729.99802406
585.10000000 1693.10112235 1683.62723576 1701.43679102 1702.05663980
401.60000000 1701.42314219 1687.65202920 1696.33983369 1731.81995662
400.80000000 1885.66673849 1830.69392132 1886.39636583 1944.19195951
587.70000000 1335.10898492 1331.21807729 1341.02088714 1341.16410027
401.90000000 1885.90050885 1903.13197168 1839.22509329 1922.85410976
583.70000000 1458.11507540 1456.68473642 1465.91125648 1460.10318821
586.30000000 1693.46741527 1685.85297925 1706.26186559 1697.86627554
583.70000000 1458.11507540 1456.74079619 1465.96800439 1460.17194797
200.10000000 2311.13429544 2347.53741533 2336.97665956 2255.50687086
200.10000000 2309.65615905 2298.12551175 2286.96666137 2353.10084656
237.90000000 2310.84511609 2279.28792644 2303.14600245 2350.51420544
200.10000000 2311.13429544 2347.54590214 2336.98843915 2255.51524294
200.90000000 2666.40852606 2759.37825608 2636.56315298 2609.72917566
237.20000000 2662.07120344 2654.17715979 2669.17548215 2676.54022678
200.00000000 2665.45701973 2609.11697987 2646.14359731 2744.08781955
237.50000000 2660.96870023 2582.78403230 2774.19457961 2638.42967345
238.10000000 2310.25066332 2293.51820327 2407.10997574 2243.13911763
237.50000000 2660.96870023 2582.79964751 2774.21175712 2638.44235310
580.50000000 170.31936144 172.68467766 172.71900631 174.10959080
580.50000000 170.40361706 173.30363264 172.63374270 173.65634405
184.40000000 1961.16390802 1906.90466592 1986.04783396 1998.37418058
580.50000000 170.31936144 172.63545958 172.67631527 174.06269621
514.80000000 170.68837227 173.95244181 171.88760699 174.38408017
184.70000000 2215.86591569 2252.62347811 2198.02264076 2208.41799511
514.80000000 169.68262604 172.62260796 171.32275611 172.88039972
184.50000000 2213.80429841 2191.09579395 2297.71750596 2155.66112553
184.50000000 1964.61550147 1935.07707289 1976.90648843 1991.38759646
184.50000000 2213.80429841 2191.08990110 2297.71163692 2155.65609615
268.90000000 2798.12582111 2801.01742585 2777.31435297 2820.81378844
269.70000000 2800.43674235 2761.27673887 2794.35627076 2841.36897015
342.20000000 2791.98643669 2754.80777511 2824.36816311 2804.42393020
268.90000000 2798.12582111 2801.00089755 2777.29696896 2820.79776363
269.70000000 1653.22716049 1630.22255105 1642.95252454 1691.00182462
341.90000000 1650.66701547 1638.28803139 1650.30278415 1677.95950738
270.00000000 1651.70848106 1609.69928809 1637.81561215 1708.53335899
342.80000000 1653.14377372 1659.36132240 1633.00963155 1676.77400490
342.50000000 2791.11493753 2838.30582674 2788.00532093 2764.49367434
342.80000000 1653.14377372 1659.34783384 1632.99327212 1676.76131921
359.70000000 2206.43481730 2228.99094289 2171.40456745 2223.41853435
361.00000000 2207.92200852 2172.70934968 2238.43892513 2223.87947968
501.30000000 1427.57247510 1428.22297309 1430.91374416 1431.72204548
359.70000000 2206.43481730 2228.99667235 2171.41030369 2223.42084503
360.40000000 1959.67311788 1937.51859366 1944.94875449 2009.60151842
502.90000000 1949.15299326 1963.44133239 1969.92863119 1923.79172053
360.20000000 1957.74167859 1975.12184294 1961.61890660 1937.41849817
503.60000000 1949.53153979 1939.15844121 1964.01219984 1953.88246085
502.60000000 1406.46032458 1407.78967410 1409.95185715 1410.14649579
503.60000000 1949.53153979 1939.16294363 1964.01582254 1953.88809654
189.50000000 1652.90582604 1550.81731657 1682.35329434 1737.25511453
189.30000000 1653.19409693 1605.52596999 1633.93040244 1725.03136227
222.30000000 1648.85131175 1589.29166646 1720.45719877 1649.49960456
189.50000000 1652.90582604 1550.81775516 1682.35369595 1737.25557536
189.90000000 2811.01543411 2765.49079161 2895.16113487 2783.82476541
222.20000000 2801.61468993 2828.45375963 2857.75005643 2721.52899878
189.30000000 2805.38636010 2766.66362042 2725.49175404 2912.40770572
221.90000000 2807.58880252 2759.25099166 2881.08581033 2780.43082581
222.20000000 1651.38336391 1615.85265453 1684.20362412 1665.19432855
221.90000000 2807.58880252 2759.25099166 2881.08799482 2780.43154009
427.30000000 220.70470069 222.64524569 223.06637241 224.92267102
427.30000000 220.89080150 223.45670736 224.95611068 222.91210700
304.80000000 2659.58651978 2649.69100144 2663.82568980 2669.87463409
427.30000000 220.70470069 222.65027675 223.07240653 224.93014423
493.00000000 220.34106319 224.12131765 221.08263778 223.97897588
305.40000000 2308.09283338 2311.32456189 2356.36805595 2262.28299861
493.00000000 221.12008092 224.45355149 223.17576228 223.78436770
306.20000000 2307.54131240 2302.99105302 2268.80656680 2359.42919100
305.30000000 2659.18008715 2582.07979035 2680.70995872 2718.69713575
306.20000000 2307.54131240 2302.99175724 2268.80771339 2359.43161267
245.60000000 1889.11325580 1864.05521440 1893.68156197 1916.34121506
246.10000000 1891.16491884 1914.48205309 1841.30182512 1925.18565234
602.30000000 111.68732725 113.22280335 115.45107550 114.37956624
245.60000000 1889.11325580 1864.05571440 1893.68156197 1916.34213051
246.30000000 1706.44299354 1709.16573735 1710.17347909 1708.56578924
668.00000000 109.96456376 112.98221314 111.50424431 113.14552430
246.00000000 1706.04634835 1766.14902546 1722.44277135 1634.71497676
668.00000000 110.79035478 113.69536676 112.34148754 114.05291859
602.30000000 109.50837003 112.65859883 112.18817062 111.65169745
668.00000000 110.79035478 113.70195944 112.34661586 114.06145520
646.00000000 130.25711386 133.91170720 132.14542700 132.88276506
646.00000000 129.93782674 132.28648082 132.78565672 132.93510272
379.80000000 1762.90860057 1699.60035878 1791.98164793 1801.87207300
646.00000000 130.25711386 133.98367774 132.20357530 132.94727900
536.70000000 130.55714698 133.36733616 133.63885447 133.04589940
378.10000000 2114.38620450 2060.75394262 2112.63316988 2177.05653287
536.70000000 131.14838925 134.32478101 133.80558721 133.78891719
380.00000000 2114.71737778 2070.48475575 2147.63240017 2136.45205782
379.50000000 1761.42609019 1845.21240366 1755.08600134 1703.37514853
380.00000000 2114.71737778 2070.51602247 2147.66951759 2136.48501884
292.70000000 2412.63316279 2433.17379699 2373.71096355 2425.41037074
292.30000000 2409.83636133 2428.56374430 2400.75513985 2408.97022107
195.20000000 2419.83020133 2443.31718145 2342.69815748 2478.19772119
292.70000000 2412.63316279 2433.12134384 2373.65782370 2425.36318281
292.00000000 1600.52377003 1597.82889192 1609.65978224 1602.36358627
194.60000000 1599.77335508 1591.45047447 1592.27039070 1624.54390318
292.80000000 1601.90191419 1609.04149957 1587.18294156 1614.58534191
194.80000000 1602.69189675 1566.65968754 1636.67569423 1609.40055336
194.80000000 2418.78699130 2480.24193962 2472.68973998 2313.72614858
194.80000000 1602.69189675 1566.64537575 1636.66058830 1609.38792955
469.80000000 1550.17428457 1563.79340284 1546.46591855 1553.89979238
467.30000000 1549.60390666 1542.27309723 1559.12594869 1556.00920833
259.40000000 1552.98611008 1557.08962619 1533.19386972 1579.80850205
469.80000000 1550.17428457 1563.88140321 1546.55525955 1553.99249203
467.20000000 1817.18851348 1830.73153967 1817.63100264 1810.95442560
259.60000000 1823.23260019 1806.16386945 1798.94015994 1878.23555538
469.80000000 1819.11956787 1799.07483036 1839.73152537 1827.14124842
259.30000000 1825.15627499 1859.34514233 1828.95832356 1800.53672783
258.90000000 1553.42478655 1543.15141409 1539.14250479 1584.12882468
259.30000000 1825.15627499 1859.38248449 1828.98900047 1800.56772190
215.60000000 2039.71152390 2094.70389384 1984.13275957 2044.80718089
215.70000000 2039.52608829 2050.30699705 2011.42795078 2070.50155957
558.50000000 190.97808930 193.35498655 194.19598077 193.91425953
215.60000000 2039.71152390 2094.69846086 1984.12842989 2044.79893914
215.20000000 2530.01693283 2508.02092672 2586.16248049 2491.31062082
449.20000000 190.73899304 194.31762069 193.68204578 192.87313451
215.40000000 2532.28918615 2446.22838030 2512.15241636 2643.24308247
449.20000000 191.74906711 196.46679674 193.39986614 193.93839318
558.50000000 190.37133285 192.62670225 192.81016210 193.97996139
449.20000000 191.74906711 196.42946777 193.35985178 193.89911743
380.60000000 1644.27063305 1648.74813701 1665.69540479 1627.10157412
378.70000000 1642.03638912 1672.87935413 1647.97872655 1614.59114408
342.40000000 1643.71117748 1652.05700653 1654.58595217 1633.75320191
380.60000000 1644.27063305 1648.75870485 1665.70924236 1627.11277349
379.60000000 2391.39158397 2402.41183844 2385.72038584 2397.10629326
342.20000000 2394.56639352 2385.71798482 2415.94198949 2388.63346934
378.80000000 2389.29253371 2352.17846814 2404.03778753 2420.75458772
341.80000000 2396.77725242 2347.09552677 2418.36584682 2426.43035559
343.00000000 1643.52019670 1658.32904104 1609.98891599 1670.19256590
341.80000000 2396.77725242 2347.10841176 2418.37634492 2426.44540701
194.20000000 2199.28870167 2274.02596941 2160.53574955 2181.76676074
195.00000000 2205.21354697 2202.71023405 2231.47760474 2195.89816171
185.10000000 2207.33325528 2095.55349058 2225.03850439 2312.07800309
194.20000000 2199.28870167 2274.03044136 2160.54067531 2181.77186093
194.40000000 1755.00357729 1786.49160791 1766.07313771 1729.82438799
184.20000000 1753.84530470 1758.14340756 1686.28194915 1824.41086667
194.90000000 1760.20892470 1774.29658309 1847.79292855 1671.56674130
184.50000000 1757.32222557 1732.95573651 1697.23075268 1859.64670687
184.20000000 2200.66630023 2146.07648857 2290.83726410 2173.29950735
184.50000000 1757.32222557 1732.95899426 1697.23204520 1859.65141029
605.00000000 200.48849732 203.33782459 202.74782439 203.46604332
605.10000000 201.35656087 203.10583720 204.99575935 204.11021135
242.10000000 1882.72129779 1898.78284280 1866.95377921 1893.71875514
605.00000000 200.48849732 203.26751948 202.68047928 203.39408258
706.50000000 1449.70804302 1460.42740335 1446.21150564 1449.41818863
241.70000000 1547.02072382 1509.73405345 1598.33742869 1536.92825450
704.50000000 1487.99490949 1481.81021217 1495.25125732 1494.78231381
241.50000000 1549.03201396 1563.86275711 1545.58002942 1547.45377223
242.00000000 1882.22829597 1836.85756914 1883.19687370 1943.88400641
241.50000000 1549.03201396 1563.85020993 1545.57066245 1547.44258270
255.10000000 2645.32328408 2741.65173240 2607.96517388 2606.63713859
254.70000000 2642.28262788 2662.47206399 2691.32233666 2587.92614170
430.10000000 231.00775684 234.41716639 234.04589972 233.17739658
255.10000000 2645.32328408 2741.62843976 2607.94983014 2606.61454602
255.10000000 2029.25145493 1993.64820738 2025.66207207 2077.63250862
561.30000000 231.11334520 234.22106992 234.87364421 232.65965021
255.50000000 2029.59342206 2009.97526066 2005.41156249 2081.07249308
561.40000000 231.51545980 234.29822365 234.68940980 234.23302858
430.10000000 230.10485495 233.38640315 233.14940591 232.27648146
561.40000000 231.51545980 234.21972760 234.62102079 234.16260984
473.80000000 110.82558621 114.56516336 113.11923903 113.01030526
473.80000000 109.96008364 113.22792328 113.21310196 111.68803642
438.30000000 2315.84988194 2315.61090893 2326.03293596 2313.93484750
473.80000000 110.82558621 114.48797940 113.06734979 112.94641297
692.50000000 110.75064796 113.62944301 113.80499129 113.03730691
439.30000000 1642.11109680 1652.39437788 1647.38608981 1635.82371521
692.60000000 110.43196071 112.70801502 112.99103399 113.53850014
438.80000000 1641.91264554 1625.73819184 1653.04426730 1655.18215891
438.40000000 2326.36788661 2341.85652428 2344.05088825 2300.74680373
438.80000000 1641.91264554 1625.69500049 1653.00075144 1655.15185975
304.50000000 1754.78572208 1777.64045879 1746.73808533 1747.49131801
304.90000000 1755.19572411 1696.07771523 1782.39400039 1791.97004229
209.50000000 1758.45355699 1828.55277773 1773.96922442 1688.16577266
304.50000000 1754.78572208 1777.67947620 1746.77535218 1747.52010911
304.40000000 2197.39521262 2234.02896692 2182.07961204 2185.44559195
210.10000000 2205.86931733 2298.15481476 2306.53076119 2032.95450629
305.00000000 2199.38184713 2194.35815294 2212.95063515 2201.16571171
209.20000000 2200.65911718 2167.79603574 2246.15074043 2195.13230623
208.60000000 1754.38771023 1758.10077791 1775.65090999 1737.52177652
209.20000000 2200.65911718 2167.81361895 2246.17566892 2195.15335643
483.90000000 2016.50534973 2009.39231794 1998.95053218 2048.99117942
485.10000000 2015.25656767 2025.58719824 2027.79098739 2002.24784715
286.00000000 2029.19566130 2035.75470651 2042.56115533 2024.45623308
483.90000000 2016.50534973 2009.33066613 1998.89861088 2048.93196971
430.00000000 290.88172275 291.84458828 294.55239239 294.69821250
285.80000000 2640.45062487 2593.84147015 2618.17055919 2709.14159631
430.00000000 291.14007142 294.04648701 294.12408384 293.56918540
286.70000000 2643.87684324 2648.55085158 2586.36382404 2714.18212653
286.00000000 2026.93627646 2037.71942881 1978.60466129 2068.91824065
286.70000000 2643.87684324 2648.52164246 2586.34422325 2714.15065265
218.90000000 1549.06627420 1536.97308028 1599.15878907 1515.50583144
219.20000000 1547.24329036 1522.18602004 1543.33634160 1584.63494918
736.30000000 140.27977614 143.39379482 142.70403481 142.90179252
218.90000000 1549.06627420 1536.98779345 1599.17550794 1515.52638565
218.80000000 1882.07218906 1887.21309954 1907.95386428 1863.57812161
605.10000000 141.12732797 144.74185993 143.97373544 143.08123342
219.00000000 1883.91006227 1945.31376364 1855.85832706 1851.29094909
605.10000000 140.57927501 142.94932345 143.89937821 142.85262645
736.30000000 140.99584378 143.47335869 144.13089058 143.99400944
605.10000000 140.57927501 143.08354061 144.04858182 142.99714910
585.50000000 1776.97501514 1785.52087040 1774.48098109 1779.39337578
585.50000000 1776.97501514 1785.52087040 1774.48098109 1779.39337578
627.00000000 191.19941620 193.34574108 194.59759735 194.11936940
585.50000000 1776.97501514 1785.36217661 1774.34004605 1779.24863362
584.60000000 1687.65643658 1705.24300184 1695.12841651 1669.64593610
670.60000000 191.55182956 195.23208158 193.87426863 193.55996340
584.60000000 1687.65643658 1705.11027574 1695.00256810 1669.52019988
670.60000000 191.55182956 195.38864939 194.03735976 193.72511379
627.00000000 191.19941620 193.19605292 194.43935687 193.95791578
670.60000000 191.55182956 195.23208158 193.87426863 193.55996340
237.60000000 2517.69382217 2565.24599994 2560.76443442 2442.95267111
237.60000000 2517.69382217 2565.24599994 2560.76443442 2442.95267111
259.30000000 2513.83398471 2467.66814044 2523.10781755 2555.15761536
237.60000000 2517.69382217 2565.26178995 2560.77573589 2442.96615189
238.40000000 2297.56956640 2337.28571816 2309.53808606 2255.88049102
259.20000000 2293.88834405 2185.40372198 2330.14021680 2368.14650551
238.40000000 2297.56956640 2337.29295520 2309.55329860 2255.89288319
259.20000000 2293.88834405 2185.39006606 2330.12952199 2368.12946500
259.30000000 2513.83398471 2467.68686357 2523.12398368 2555.17520249
259.20000000 2293.88834405 2185.40372198 2330.14021680 2368.14650551
334.20000000 1594.01054684 1578.78519572 1574.15384337 1641.89367462
334.20000000 1594.01054684 1578.78519572 1574.15384337 1641.89367462
196.80000000 1592.35582274 1585.93410889 1582.40647722 1613.61062263
334.20000000 1594.01054684 1578.77178506 1574.13815525 1641.88145667
333.90000000 2771.53317457 2771.93862315 2814.42392325 2739.82766312
198.10000000 2791.65411489 2909.60766638 2809.54166443 2641.12395657
333.90000000 2771.53317457 2771.91763099 2814.40111782 2739.80607488
198.10000000 2791.65411489 2909.61532415 2809.54807169 2641.13757887
196.80000000 1592.35582274 1585.93155127 1582.40482754 1613.60538944
198.10000000 2791.65411489 2909.60766638 2809.54166443 2641.12395657
182.40000000 2115.84492960 2108.77491127 2168.06608588 2082.86507052
182.40000000 2115.84492960 2108.77491127 2168.06608588 2082.86507052
389.70000000 2103.72887506 2095.64398282 2131.41170283 2094.66400253
182.40000000 2115.84492960 2108.79686339 2168.08870894 2082.88129984
181.60000000 1955.61244226 1883.51332813 1986.23645304 2011.13848341
389.00000000 1948.95137541 1974.56532678 1949.60578736 1934.87521378
181.60000000 1955.61244226 1883.53252855 1986.25171276 2011.15034734
389.00000000 1948.95137541 1974.48636201 1949.51133236 1934.80074005
389.70000000 2103.72887506 2095.73698971 2131.49745172 2094.75170489
389.00000000 1948.95137541 1974.56532678 1949.60578736 1934.87521378
424.80000000 2283.57199684 2291.17276133 2279.93142547 2285.60546391
424.80000000 2283.57199684 2291.17276133 2279.93142547 2285.60546391
495.60000000 100.95043184 103.92043296 104.74372924 102.71057248
424.80000000 2283.57199684 2291.13888453 2279.90017935 2285.57310867
424.80000000 2344.42423105 2318.00600001 2360.48515957 2362.24936082
451.90000000 100.83745335 103.85016800 103.89711666 103.16414307
424.80000000 2344.42423105 2317.96872379 2360.45380036 2362.21494858
451.90000000 100.83745335 103.87739125 103.94314110 103.19394503
495.60000000 100.95043184 103.86890471 104.69060247 102.65533021
451.90000000 100.83745335 103.85016800 103.89711666 103.16414307
206.30000000 1698.85016769 1646.37231305 1776.55464050 1687.03352180
206.30000000 1698.85016769 1646.37231305 1776.55464050 1687.03352180
313.60000000 1700.31586135 1672.45113637 1748.35310694 1688.40554592
206.30000000 1698.85016769 1646.36675981 1776.54841476 1687.02830686
205.90000000 1817.28231458 1817.66549539 1799.63023942 1845.35343253
312.00000000 1816.95435319 1816.21962090 1836.47569358 1800.79695850
205.90000000 1817.28231458 1817.66171641 1799.62220202 1845.34297495
312.00000000 1816.95435319 1816.23061365 1836.48757889 1800.81371587
313.60000000 1700.31586135 1672.44017338 1748.33413472 1688.38774699
312.00000000 1816.95435319 1816.21962090 1836.47569358 1800.79695850
408.20000000 160.82256154 163.63303438 162.72746770 164.43477583
408.20000000 160.82256154 163.63303438 162.72746770 164.43477583
222.30000000 2789.27396876 2696.78909900 2871.01772704 2790.09893878
408.20000000 160.82256154 163.59402639 162.70303677 164.40649555
714.40000000 161.43129481 164.73522500 163.62715568 163.85933187
223.20000000 1598.58734216 1596.41810044 1655.24274727 1553.37769234
714.40000000 161.43129481 164.68353861 163.57718949 163.80881259
223.20000000 1598.58734216 1596.42465285 1655.24939218 1553.38216195
222.30000000 2789.27396876 2696.77457297 2871.00672232 2790.08747376
223.20000000 1598.58734216 1596.41810044 1655.24274727 1553.37769234
275.70000000 1951.46316185 1910.17276602 1947.39792262 2008.33740008
275.70000000 1951.46316185 1910.17276602 1947.39792262 2008.33740008
501.60000000 1941.19997980 1942.35334882 1930.93951971 1953.85288357
275.70000000 1951.46316185 1910.15898090 1947.38393015 2008.32295771
275.10000000 2109.52707898 2079.60217519 2122.32149853 2137.12536627
502.50000000 2049.54723123 2051.79647099 2064.64089878 2041.62558457
275.10000000 2109.52707898 2079.58656718 2122.31190412 2137.11605742
502.50000000 2049.54723123 2051.82952960 2064.68283303 2041.66891984
501.60000000 1941.19997980 1942.31899660 1930.91010729 1953.81140202
502.50000000 2049.54723123 2051.79647099 2064.64089878 2041.62558457
572.20000000 181.99743017 185.10383834 185.32139589 183.72227751
572.20000000 181.01964232 183.07086379 184.46429948 183.68807021
298.60000000 1989.55564545 1971.13074137 2006.50734026 1998.69501389
572.20000000 181.99743017 185.20279006 185.42173396 183.82783363
725.30000000 181.88820365 184.75371721 184.66101633 184.32483965
298.50000000 1571.58636284 1512.86875029 1598.53424399 1611.53201618
725.50000000 181.52128153 184.92071211 183.33887343 184.78877051
298.30000000 1571.40020841 1615.96724831 1571.32886031 1538.72211010
299.00000000 1990.63782332 1971.05911151 2022.01366787 1985.78102559
298.30000000 1571.40020841 1615.99799417 1571.35685476 1538.74080500
264.90000000 1524.90327484 1503.79698875 1563.27413247 1510.95361104
264.80000000 1523.33725254 1542.39912109 1584.78698173 1448.60890693
747.20000000 120.78857886 123.90375489 123.42966225 123.30729505
264.90000000 1524.90327484 1503.77457758 1563.25607332 1510.93238167
265.70000000 2071.51846689 2058.46356825 2075.56338437 2094.85051018
550.30000000 120.84577194 123.27477837 123.60444226 123.91571433
263.70000000 2064.80255397 1982.29512258 2093.78993226 2128.23238220
550.40000000 120.33332410 123.00974187 123.28663210 123.20469142
747.30000000 120.43861581 124.05713933 122.33829488 122.91856623
550.40000000 120.33332410 122.90669176 123.19361789 123.11483341
401.40000000 2336.10203990 2343.67665339 2333.23933814 2341.43092072
401.30000000 2336.66930597 2343.17317143 2321.33048411 2353.32912079
468.10000000 1727.25862089 1734.39089359 1729.32681111 1726.78067953
401.40000000 2336.10203990 2343.74760872 2333.29733333 2341.49358911
400.40000000 2442.72618016 2456.95868535 2424.62718343 2455.50122479
462.70000000 314.40820208 317.67768071 317.26812356 316.62247752
401.20000000 2445.41700508 2461.92581948 2449.05397318 2436.63119519
463.10000000 316.47517001 318.73488505 317.44117807 321.34804581
467.10000000 1790.08695168 1794.70012013 1786.08656206 1797.21050261
463.10000000 316.47517001 318.81970324 317.54514155 321.44464945
200.10000000 1727.17122102 1802.32105720 1690.00253055 1699.26826395
200.80000000 1728.26355483 1770.59564160 1621.16221793 1809.90752762
215.90000000 1728.56053691 1830.40772351 1655.33934025 1715.50408770
200.10000000 1727.17122102 1802.30486961 1689.99297715 1699.25686195
200.20000000 1787.26088698 1708.89024158 1760.95615747 1893.64624330
215.90000000 1787.16724375 1791.33657349 1814.81662010 1766.95647419
200.00000000 1786.57435084 1757.04645665 1815.35828695 1803.38414683
215.70000000 1787.34783896 1798.52021807 1801.50365558 1774.95969468
216.00000000 1728.85574056 1743.98470027 1710.83724845 1742.74347440
215.70000000 1787.34783896 1798.50835608 1801.48984539 1774.94717006
319.60000000 1849.27787642 1869.53470817 1813.92326557 1877.31745944
319.40000000 1849.33786644 1846.03902402 1850.81632166 1863.04256736
250.80000000 1850.26904439 1911.06686794 1839.82732975 1812.19796132
319.60000000 1849.27787642 1869.52042780 1813.90777438 1877.30049420
319.50000000 2709.91801660 2716.97631716 2738.22778693 2683.17238475
250.40000000 2709.41420276 2748.12725755 2696.94863360 2686.66772498
317.50000000 2704.38462490 2683.16696945 2706.77526098 2728.55098896
250.80000000 2714.99791682 2665.57721221 2823.54298373 2657.68591389
250.60000000 1852.34629869 1768.05191322 1846.85548469 1950.00169706
250.80000000 2714.99791682 2665.55805403 2823.52107282 2657.67137126
178.00000000 2587.01213745 2484.93859647 2666.93865461 2616.80320768
177.30000000 2580.10638102 2588.98272991 2626.71031703 2551.20257067
441.00000000 211.12986787 212.35556407 214.54095253 214.71512529
178.00000000 2587.01213745 2484.93219040 2666.93076199 2616.79859481
177.40000000 1918.15351010 1903.02866121 1911.56731324 1944.30674928
594.10000000 210.60598781 212.76132306 213.91599670 213.11912747
176.80000000 1915.59491642 1950.83961876 1899.55031073 1905.66587543
594.20000000 211.24449911 214.72578448 214.33221238 213.05391035
441.00000000 211.22824366 214.70487461 214.43925611 212.97845736
594.20000000 211.24449911 214.67231322 214.28700049 213.00068374
542.80000000 1611.98726582 1625.99800243 1644.64974004 1574.60110342
542.40000000 1612.01690570 1616.80013200 1590.67713350 1635.80659603
369.60000000 1618.39329294 1634.85647503 1584.90091831 1642.90808006
542.80000000 1611.98726582 1626.04782330 1644.69612823 1574.64635574
541.80000000 1663.07910503 1641.24129292 1665.77110602 1690.72547286
369.70000000 1670.53484976 1654.73774960 1696.45975358 1667.04069779
542.40000000 1664.50384317 1652.72752743 1679.24949957 1670.62683426
368.00000000 1669.79861165 1596.59933738 1739.65214464 1681.51752702
368.70000000 1617.05785109 1597.23882114 1598.44432213 1656.16660808
368.00000000 1669.79861165 1596.62021937 1739.67390303 1681.54072961
230.00000000 2154.39827437 2166.65421251 2180.62566302 2125.32716947
230.60000000 2156.84069908 2085.25602408 2219.50413588 2177.50160177
191.90000000 2154.83443200 2205.40002173 2136.34496550 2138.33107598
230.00000000 2154.39827437 2166.66563712 2180.63344845 2125.33912190
230.40000000 2251.85796194 2313.23902194 2259.58872167 2193.98278887
192.00000000 2249.16881178 2234.52526301 2293.02904659 2219.05080276
230.10000000 2248.58100069 2309.73359648 2195.23908138 2248.84837529
192.10000000 2251.08284128 2289.12521307 2286.05657409 2186.20455033
191.80000000 2154.08888877 2155.31823952 2141.14100743 2173.06274167
192.10000000 2251.08284128 2289.13466614 2286.06727116 2186.21029661
419.10000000 311.68885874 314.08389407 316.16469466 313.42223439
419.10000000 311.56513814 313.22123407 316.33828349 313.61311362
202.40000000 2713.70120800 2772.45901941 2754.56778344 2631.38642074
419.10000000 311.68885874 314.08906109 316.17088415 313.42806486
441.10000000 315.59825679 317.50690226 318.21369397 319.48115860
203.10000000 2581.73551265 2511.61225417 2562.55142051 2678.77555789
441.00000000 316.67381620 316.58894248 320.99403752 320.83140222
203.50000000 2586.24128093 2463.12122418 2727.89703862 2576.29791758
202.90000000 2715.42915349 2714.06023316 2792.12766260 2659.40299687
203.50000000 2586.24128093 2463.12193847 2727.89836784 2576.29855049
212.40000000 1918.07978850 1972.46598970 1874.61824203 1909.29904783
212.60000000 1919.78166262 1919.40044660 1935.33459935 1905.21067524
413.40000000 1911.27073087 1910.00280611 1932.33223005 1896.88791217
212.40000000 1918.07978850 1972.46761894 1874.61872746 1909.30010032
212.10000000 1848.03780930 1918.44873315 1826.63318911 1806.98571728
414.10000000 1845.42217806 1859.90424859 1856.61702921 1827.78046257
212.50000000 1850.37508149 1904.59457099 1791.64747920 1865.01145870
414.90000000 1845.59379588 1839.72312428 1848.35378124 1858.38294024
413.40000000 1912.74170704 1889.56045033 1941.98612194 1909.15860053
414.90000000 1845.59379588 1839.72602591 1848.35571273 1858.38543012
506.60000000 130.35766953 135.04456875 131.59522785 133.52766448
506.60000000 130.44114378 133.58384494 131.99619900 134.94733062
506.60000000 170.46292258 173.11943662 173.25150175 173.73692588
506.60000000 130.35766953 135.05220850 131.60416258 133.53558430
703.50000000 130.16209835 132.77963783 131.67968589 134.39870057
703.50000000 170.45065993 173.09651998 172.86647997 173.81279918
703.50000000 130.24568912 134.15148704 132.36423745 132.69534559
703.50000000 169.90526925 173.04883907 171.92855823 173.22470481
506.60000000 170.85455515 172.26843539 173.94294522 175.37908769
703.50000000 169.90526925 173.05513915 171.93453522 173.23251421
292.00000000 1672.43947259 1690.31127778 1685.46283257 1646.38449472
291.80000000 1670.82593231 1711.68268769 1653.60046725 1656.56645973
269.60000000 1672.22700267 1685.01200745 1693.79115507 1649.87041963
292.00000000 1672.43947259 1690.31211825 1685.46412572 1646.38539491
291.70000000 2152.30005503 2185.77545932 2092.79175810 2182.94153389
269.20000000 2151.45397906 2156.64392811 2169.06359017 2147.92492976
292.50000000 2154.28548753 2163.65566227 2160.03004554 2146.95052451
269.90000000 2154.76545630 2163.02121110 2137.90802024 2173.29643325
269.70000000 1669.05963186 1669.93464717 1704.37371427 1642.95357902
269.90000000 2154.76545630 2163.02183222 2137.91101610 2173.29856852
641.80000000 1558.20798146 1561.41048908 1552.51459583 1567.52018495
639.70000000 1559.18348956 1556.02611800 1564.82429163 1563.52685184
179.40000000 1572.32148456 1578.36890032 1635.13157465 1517.16841807
641.80000000 1558.20798146 1561.57701741 1552.65560321 1567.67973744
640.60000000 1514.29848796 1513.37875811 1524.33738839 1515.61342573
180.10000000 1528.63711745 1543.81314647 1530.43000169 1528.15813743
640.90000000 1515.12778741 1538.45993094 1507.98990262 1507.76020613
180.20000000 1529.08523141 1480.31185202 1576.53626693 1538.71276243
180.10000000 1575.33586768 1569.15099272 1568.42765919 1596.41012532
180.20000000 1529.08523141 1480.32661130 1576.55389126 1538.72709935
246.00000000 2067.47948269 2068.31722397 2089.49603149 2063.78095756
246.60000000 2072.68171471 2093.80267008 2014.17674488 2109.36435653
326.40000000 2064.96370715 2064.09809526 2070.21149949 2073.71023074
246.00000000 2067.47948269 2068.30667033 2089.48841863 2063.76967164
246.80000000 1993.12059834 2004.89669697 2022.94078420 1957.28387650
326.30000000 1988.90281707 2023.84555632 2010.04577047 1943.94500335
246.20000000 1989.25858779 2004.22226427 1936.60645118 2038.53038688
325.80000000 1986.77013255 2008.56659340 1940.01829456 2016.87046411
328.00000000 2068.20951213 2109.73275212 1985.20896067 2120.33265921
325.80000000 1986.77013255 2008.54930569 1940.00011999 2016.85056974
351.20000000 1784.62589328 1731.52262669 1824.63958525 1805.56645160
351.90000000 1783.78007005 1800.69448641 1790.55528938 1772.21219988
565.90000000 1772.88619625 1782.02474458 1761.69435337 1784.00388664
351.20000000 1784.62589328 1731.54504223 1824.65386300 1805.58680541
350.90000000 2340.86358233 2336.79967520 2317.47099913 2383.60495355
484.80000000 251.73340402 253.84182247 254.74734495 254.79079744
350.80000000 2338.46028480 2338.55338465 2367.69257938 2320.00589859
484.70000000 251.19292322 254.12505057 253.35415536 254.48314298
562.30000000 1773.41276776 1751.57504020 1789.07512844 1788.81494504
484.70000000 251.19292322 254.19456738 253.41276823 254.56040067
187.20000000 2464.31471092 2480.53545920 2403.32430563 2509.09832347
186.30000000 2454.58653255 2555.46689907 2391.71767416 2443.49716787
233.80000000 2458.18120296 2430.04126558 2434.76551831 2524.13883061
187.20000000 2464.31471092 2480.50852361 2403.30649610 2509.07473270
187.00000000 1727.34530568 1747.31524838 1725.79307410 1714.32618352
233.70000000 1726.82228894 1743.49378835 1738.91911488 1706.34244018
187.00000000 1730.72354428 1729.19568429 1727.57445053 1745.10841901
233.80000000 1725.45372350 1785.41141453 1729.27841063 1678.97901332
233.70000000 2461.74331642 2463.23043942 2361.07063859 2570.72898276
233.80000000 1725.45372350 1785.38764104 1729.25304546 1678.95621828
523.10000000 191.14030840 194.77056846 195.76625926 191.39597662
523.00000000 190.00600548 194.63195236 191.94973179 191.98196792
265.30000000 2178.45738339 2210.09537564 2170.37648458 2163.15428327
523.10000000 191.14030840 194.77056846 195.76625926 191.39597662
610.50000000 191.02704001 192.99628646 194.43159755 193.98809355
264.60000000 1869.02927741 1942.09562684 1846.68236149 1826.89944901
610.50000000 190.65058576 194.44037778 194.45101066 191.26767104
265.70000000 1867.44247128 1802.49135901 1909.97591459 1894.46847413
265.20000000 2178.73903778 2220.73462700 2149.67174452 2173.18119538
265.70000000 1867.44247128 1802.49135901 1909.97591459 1894.46847413
259.60000000 1635.08669937 1648.67046185 1616.02035043 1657.87068136
260.20000000 1635.25158456 1668.15132862 1612.80746245 1634.38397122
698.00000000 180.43073915 182.77463700 183.20563821 183.25594994
259.60000000 1635.08669937 1648.67046185 1616.02035043 1657.87068136
260.40000000 2610.59396897 2642.15498749 2546.81099144 2636.42362056
435.50000000 181.12168229 183.79626033 185.07014785 182.67977961
259.00000000 2609.67051254 2565.72213065 2649.96563464 2624.41434694
435.60000000 180.60102599 182.54256195 184.59785993 183.12795609
698.00000000 180.73350761 184.14210529 183.60034835 182.40258749
435.60000000 180.60102599 182.54256195 184.59785993 183.12795609
391.50000000 2584.53469906 2579.39101873 2581.35859122 2600.39525985
389.90000000 2578.55270983 2553.38673196 2579.10978001 2610.73114856
401.50000000 2506.96404084 2509.06209980 2497.85793102 2522.59232235
391.50000000 2584.53469906 2579.39101873 2581.35859122 2600.39525985
390.10000000 2169.72970376 2166.79382452 2194.62758543 2157.88007039
401.00000000 2168.99993680 2196.23174574 2122.81482721 2192.10469930
389.50000000 2170.79543776 2165.48057667 2191.08842915 2172.23213702
401.90000000 2168.48763416 2194.88674634 2146.47469055 2174.79507833
401.00000000 2521.31814734 2495.00045562 2530.11730639 2546.73854019
401.90000000 2168.48763416 2194.88674634 2146.47469055 2174.79507833
197.90000000 1868.09034765 1776.95587096 1994.27667930 1833.94569536
197.40000000 1865.02225800 1810.61304086 1868.52418166 1913.51405761
199.70000000 1861.41528915 1965.66805599 1818.09897903 1814.65386029
197.90000000 1868.09034765 1776.95587096 1994.27667930 1833.94569536
197.10000000 1632.81151010 1629.94330894 1667.83540781 1610.00463354
200.10000000 1630.99385493 1634.40185936 1646.63113109 1614.88785460
198.00000000 1634.95830527 1628.88825566 1679.28886747 1601.45802348
200.10000000 1631.56585614 1622.25941486 1639.63752523 1644.55176808
200.40000000 1865.80768179 1885.96039283 1796.37724322 1922.37564679
200.10000000 1631.56585614 1622.25941486 1639.63752523 1644.55176808
501.40000000 1734.55858065 1731.78609218 1724.58537552 1755.66903475
501.00000000 1733.58857929 1755.45099811 1737.11422920 1720.06102011
229.70000000 1743.14513932 1685.04738839 1742.72610228 1807.30575253
501.40000000 1734.55858065 1731.89673971 1724.69093111 1755.76712759
501.30000000 1994.95333306 1997.49064164 2005.55639346 1993.50480079
229.50000000 2006.82547795 2045.26721593 2015.19509470 1967.62841818
501.70000000 1996.22490172 1992.74364019 1981.45361396 2020.48296214
229.70000000 2008.02277906 2028.64847755 1995.10358291 2009.95390650
229.70000000 1741.47078082 1747.87464323 1809.59907581 1675.89458078
229.70000000 2008.02277906 2028.67238066 1995.13572791 2009.97585613
222.00000000 2377.01662492 2339.80438214 2429.32784257 2373.85085597
221.90000000 2375.29892745 2330.63335974 2456.20758344 2345.62973481
479.30000000 261.52642760 264.72561542 264.40966200 264.21144821
222.00000000 2377.01662492 2339.79544433 2429.31762826 2373.84118789
222.40000000 1538.28615306 1522.37644041 1545.63163072 1549.06659884
541.80000000 1530.81373692 1534.24788193 1511.80985694 1552.82240052
222.20000000 1535.82588974 1548.67130668 1553.98145742 1515.03634715
540.50000000 1529.77274086 1540.17941609 1533.72988664 1524.62954017
479.30000000 260.00684398 262.79969076 262.04705832 263.70055372
540.50000000 1529.77274086 1540.14051838 1533.69760639 1524.59683600
741.80000000 101.14394007 103.25295986 104.09824867 104.12986847
741.80000000 101.31847980 104.97148931 103.02316541 103.84034865
319.30000000 1537.08044360 1534.68831453 1498.96601295 1585.30020334
741.80000000 101.14394007 103.30947955 104.15505474 104.17796944
654.30000000 100.75311701 103.39471799 104.16664212 102.83340398
318.50000000 1740.25412775 1736.80091506 1770.75331366 1722.42918768
654.20000000 99.89061215 101.78439057 105.00961288 101.35690173
317.90000000 1739.03224771 1754.09535201 1713.35197504 1759.62916364
318.60000000 1534.15234989 1467.28584602 1584.12132150 1556.73315731
317.90000000 1739.03224771 1754.11088239 1713.36702869 1759.64277765
312.10000000 2008.41235988 2022.55652072 1943.85260757 2072.10046806
311.80000000 2008.16141961 1972.67460146 2040.08483837 2015.78927773
177.10000000 2007.86770280 1985.67189490 1965.89222523 2088.20183342
312.10000000 2008.41235988 2022.49583346 1943.80189770 2072.05329529
312.20000000 2371.47534177 2333.21832268 2446.10919209 2346.97153305
177.70000000 2378.48610179 2479.56903716 2490.73585964 2170.61725079
312.00000000 2371.30346491 2399.74394906 2367.88312459 2356.68970285
177.30000000 2377.69520202 2415.04275365 2401.15734669 2321.30194117
177.90000000 2014.81229054 2004.19506220 2050.34049694 1996.60555113
177.30000000 2377.69520202 2415.02339689 2401.14077166 2321.28487077
341.60000000 2480.25341183 2559.46288572 2430.31010099 2465.84529423
342.70000000 2484.48388556 2492.48158608 2450.56676147 2516.52256141
211.90000000 2485.60769122 2511.17365665 2529.85090342 2438.19688148
341.60000000 2480.25341183 2559.50969222 2430.35237172 2465.90039494
342.30000000 2085.79409792 2118.49843234 2121.16803231 2026.74405057
212.20000000 2089.77112407 2085.95409952 2097.08132024 2091.83120727
342.30000000 2086.23997572 2062.95618149 2090.19761669 2104.87079713
211.70000000 2086.41576498 2141.14975051 2056.35788337 2074.17564777
212.70000000 2488.38118104 2605.38153610 2442.59477293 2424.30280259
211.70000000 2086.41576498 2141.16599671 2056.37701221 2074.19182660
184.70000000 1805.82358760 1895.01583707 1831.22032494 1699.48181202
184.30000000 1800.94032375 1775.98724088 1858.29818153 1780.29523434
454.20000000 1794.74201508 1800.35088720 1780.87923493 1818.04618950
184.70000000 1805.82358760 1895.00679676 1831.21275695 1699.47053507
184.40000000 1585.16527307 1689.26828892 1480.45269245 1599.30816050
454.10000000 1579.31582609 1608.49043810 1574.07832466 1562.64427984
184.90000000 1584.92036877 1507.27847031 1609.57458228 1641.69349609
453.00000000 1579.84745301 1567.09668193 1610.40347631 1573.67493112
453.30000000 1797.11001960 1796.39487833 1786.35286216 1816.57100364
453.00000000 1579.84745301 1567.05299462 1610.35595263 1573.62153348
544.90000000 230.04073168 233.06945914 232.05306058 233.21455025
544.90000000 230.82517906 233.67267084 233.30012724 233.68583998
544.90000000 130.79260722 133.41993256 133.91097307 133.24126776
544.90000000 230.04073168 233.17711127 232.14985577 233.31663443
614.50000000 1454.80697415 1458.71213326 1454.65522898 1458.87023076
632.40000000 129.84965930 132.73683769 133.03947510 132.11665537
612.40000000 1587.63855663 1592.45427966 1593.66902471 1585.07412587
632.40000000 131.27096145 134.06668960 133.71322864 134.11909231
544.90000000 131.32786179 134.46791029 134.57765913 133.48248861
632.40000000 131.27096145 134.17973771 133.82852927 134.23222834
242.50000000 1584.61135304 1631.44087093 1554.39316392 1563.36422212
241.50000000 1583.98500751 1628.43616987 1582.45720671 1542.42928219
292.70000000 1583.68350466 1513.28716448 1634.79656145 1615.65147474
242.50000000 1584.61135304 1631.42333153 1554.36991601 1563.35146987
241.30000000 2487.99875448 2466.53299072 2447.35110906 2552.42403630
291.80000000 2486.28762298 2505.94298205 2507.55033742 2455.71305938
241.60000000 2487.87079103 2436.93446739 2520.30078715 2509.89085832
291.60000000 2484.15790481 2570.99108128 2472.84419176 2418.16202766
292.80000000 1583.06526635 1563.66907723 1626.89702837 1567.62655109
291.60000000 2484.15790481 2570.95383448 2472.80946324 2418.12662113
676.10000000 140.90496333 144.70026420 144.60019985 141.86630330
676.20000000 140.46745870 144.54955277 142.13416254 142.99321782
187.10000000 1685.48083592 1693.01934265 1688.98563894 1678.57977681
676.10000000 140.90496333 144.64449340 144.54346099 141.80984981
588.70000000 141.10156551 144.49974794 142.84998897 144.36420703
187.10000000 1938.93403932 1823.94433231 2060.24485789 1929.95311213
588.70000000 140.93729179 143.24020111 144.77249793 143.05620201
186.50000000 1933.20702015 1944.77213078 1889.12292419 1970.01870992
187.00000000 1687.69906350 1677.47105267 1695.25007041 1703.45307087
186.50000000 1933.20702015 1944.76697861 1889.11645570 1970.01155116
285.90000000 2268.91837088 2197.05164964 2346.50375549 2268.29147670
286.60000000 2268.79659961 2284.35524152 2329.59210293 2198.38082117
351.30000000 2266.28437658 2252.45694335 2295.85276226 2262.11472337
285.90000000 2268.91837088 2197.03207158 2346.48907288 2268.27059506
286.50000000 2744.47337582 2772.24043796 2700.86077998 2772.23177532
351.00000000 2739.68385727 2736.44430883 2741.40834480 2753.03560767
286.80000000 2747.72670462 2742.50911830 2794.69769780 2722.01533013
351.20000000 2735.98033652 2752.53401666 2734.31831833 2720.74705304
350.90000000 2265.99596837 2256.09196482 2269.49013299 2274.50437603
351.20000000 2735.98033652 2752.50569770 2734.28761854 2720.71945814
439.60000000 1928.91499589 1896.26530345 1938.17074100 1960.70699436
439.30000000 1926.22829271 1919.17685626 1941.26772463 1928.69503903
588.60000000 221.54303407 225.03531560 224.22696978 223.66106673
439.60000000 1928.91499589 1896.29454167 1938.20309502 1960.73923624
439.90000000 2258.07353890 2266.81823604 2250.84147646 2262.83421584
501.10000000 221.31619203 224.49821900 224.73459629 223.60643715
439.70000000 2257.21867285 2242.96363356 2273.56934242 2265.42289100
501.20000000 220.95288081 224.16183450 222.97730069 224.37804892
588.60000000 221.23188937 224.28341951 224.84455770 223.07956924
501.20000000 220.95288081 224.21639609 223.05584421 224.43453891
209.10000000 2752.17627377 2736.01578005 2674.22500847 2838.50471498
209.50000000 2749.67787837 2752.95778468 2790.38328414 2710.05782169
245.60000000 2747.26252205 2840.97527662 2734.53467505 2679.24968700
209.10000000 2752.17627377 2736.02460891 2674.23290698 2838.50981449
209.50000000 1685.25661893 1773.17818298 1634.28423833 1666.53349618
245.90000000 1684.84290368 1765.03890701 1714.87399045 1594.33867596
208.60000000 1682.70921275 1675.68571938 1701.62694763 1685.06693470
245.50000000 1684.24091599 1699.19371956 1663.09514698 1697.22252728
246.00000000 2752.03714134 2715.01806641 2772.02987257 2769.31202796
245.50000000 1684.24091599 1699.20075820 1663.10365552 1697.23404487
412.90000000 1556.68427250 1527.74399126 1583.11473596 1562.68360337
413.40000000 1557.50550221 1542.28758157 1568.77897550 1566.76562858
379.50000000 1560.81831564 1601.18015185 1531.60296720 1555.01416568
412.90000000 1556.68427250 1527.67257452 1583.04092807 1562.60983350
413.40000000 2310.04571400 2301.29240809 2318.72687329 2319.69728084
379.40000000 2314.78807438 2310.08025575 2362.18895126 2281.28396015
413.40000000 2312.20979170 2286.49610349 2326.60367893 2332.55752723
380.70000000 2313.08529513 2310.27399911 2293.96373674 2341.44488135
379.10000000 1556.68056554 1546.26233199 1571.93181953 1561.39734576
380.70000000 2313.08529513 2310.18770141 2293.87082576 2341.33378538
202.90000000 2050.11164887 2094.92398233 2092.03554924 1968.16407659
202.90000000 2047.61779719 2103.77559520 1950.54928493 2102.01786952
194.20000000 2049.54297928 2060.71955364 2089.78497918 2010.23882739
202.90000000 2050.11164887 2094.93044634 2092.04280475 1968.16950403
203.00000000 1711.91089767 1652.72501127 1736.91672504 1746.10659253
195.10000000 1716.11205425 1855.16471461 1629.59972155 1677.74688653
203.20000000 1714.47607248 1690.63485042 1689.96472017 1762.96772736
194.60000000 1713.96091657 1672.73146787 1720.46213561 1749.97047947
194.90000000 2053.00692527 2109.03711376 1979.02203772 2086.85758997
194.60000000 1713.96091657 1672.73469816 1720.46608980 1749.97582497
643.30000000 170.35236177 173.11908280 171.68598214 174.40385915
643.30000000 170.94503502 172.69526417 174.05389544 174.33435390
255.30000000 1770.22338844 1727.36561263 1791.55302293 1803.03945153
643.30000000 170.35236177 173.04402732 171.61180450 174.33796146
577.70000000 171.12637426 174.42265781 172.76723705 174.58387753
254.90000000 1970.72662681 1945.48102641 1999.44789838 1969.76842318
577.70000000 171.15285190 173.85977886 174.55611798 173.33109269
254.60000000 1969.17484950 1964.31212829 1940.44902420 2000.54029027
254.90000000 1772.41751032 1691.15340941 1815.17132457 1800.41396386
254.60000000 1969.17484950 1964.29407993 1940.43366710 2000.52991297
269.40000000 2426.12455845 2447.51057801 2488.78293847 2347.87898907
270.30000000 2429.62578253 2425.40208487 2442.56931531 2426.45677037
468.40000000 201.41856700 202.55589339 205.25816321 204.44646695
269.40000000 2426.12455845 2447.55455954 2488.83380270 2347.91666470
269.60000000 2820.54321315 2779.62463775 2827.61664373 2858.67779652
402.70000000 200.63841266 204.24477397 203.62040936 202.89730275
269.90000000 2824.09143835 2837.91536386 2787.08633797 2856.08513379
402.80000000 202.29365900 203.41946562 204.64169412 207.13389407
468.30000000 200.27710133 203.18896079 202.79403729 203.36694066
402.80000000 202.29365900 203.51825303 204.73270533 207.22723559
424.60000000 251.80420184 254.23706449 253.62768315 255.96666148
424.60000000 250.28046099 252.58207785 253.36959802 253.27552737
424.60000000 290.88762754 291.82835436 294.46687070 294.78334617
424.60000000 251.80420184 254.26466864 253.65627396 255.99286055
564.00000000 1817.04232047 1796.63683333 1831.68029450 1829.78224930
484.90000000 1825.48022842 1832.13870760 1851.65924726 1802.01182019
563.50000000 1817.41058211 1832.70987527 1828.96586476 1800.05228900
485.20000000 1824.34646871 1837.10786712 1820.40117669 1822.53488767
424.60000000 290.59566245 295.78765039 291.01343046 293.59029109
485.20000000 1824.34646871 1837.13436508 1820.43330132 1822.55986497
234.10000000 1903.03133435 1861.05657924 2009.77646580 1845.25007224
232.70000000 1901.10936713 1907.93163426 1899.20950005 1899.63859701
219.10000000 1901.98572671 1943.12437362 1871.68760402 1897.33555763
234.10000000 1903.03133435 1861.06100781 2009.78600015 1845.25754318
233.70000000 2547.27833196 2599.98211662 2438.78311376 2622.12383127
218.70000000 2546.30599573 2644.54957682 2455.12844035 2539.31150474
233.30000000 2549.44766420 2542.38133585 2570.26337412 2542.82876240
219.40000000 2550.77718084 2568.17508234 2557.17300183 2523.28885091
218.70000000 1899.09297295 1955.66587368 1957.58445085 1789.91907459
219.40000000 2550.77718084 2568.18167055 2557.18436200 2523.29510607
326.80000000 2219.65922492 2236.37485471 2255.62917911 2172.13899239
326.40000000 2220.42428841 2196.83572709 2255.14627274 2216.32920902
305.40000000 2222.08307749 2224.53230339 2203.86209098 2250.87213970
326.80000000 2219.65922492 2236.38686194 2255.64391241 2172.15105849
326.10000000 2127.22926656 2113.89238424 2146.88152530 2121.35331762
305.60000000 2129.88529309 2147.85072796 2129.48139311 2117.70028561
327.20000000 2132.13609524 2072.82098486 2176.37222202 2148.70818258
304.50000000 2132.16076407 2085.34109031 2174.06982225 2145.89508165
304.60000000 2221.26589907 2271.28196838 2213.99158781 2184.10729007
304.50000000 2132.16076407 2085.35480927 2174.08108442 2145.90532624
179.60000000 1660.32204125 1726.92007944 1672.30199270 1608.22193647
179.80000000 1663.01295446 1706.99133816 1714.56064050 1581.52565487
687.00000000 111.23159874 113.54155619 114.90352708 113.43377369
179.60000000 1660.32204125 1726.92279038 1672.30856423 1608.22659910
179.80000000 1609.27241739 1583.90377621 1638.81734610 1615.02486478
708.90000000 111.28987872 113.92387279 114.52441607 113.73080687
179.60000000 1606.21412708 1579.89431087 1616.25086216 1624.71404665
709.00000000 111.24779106 114.12983224 113.99182607 113.74107291
687.00000000 111.09738163 114.12182712 113.11963881 114.29933811
709.00000000 111.24779106 114.17649172 114.03689865 113.78715869
577.70000000 120.63562424 123.19889719 123.81409011 123.02317744
577.70000000 120.53345960 123.68152136 122.81022542 123.16536907
577.70000000 257.91464739 260.76486358 261.06951260 259.96735053
577.70000000 120.63562424 123.26223385 123.86964169 123.08044192
643.30000000 121.04743482 123.84270898 124.33142217 122.96842007
585.70000000 1756.86624875 1735.30739892 1777.32850569 1765.32446063
643.30000000 121.50856267 122.66839544 124.88330686 125.21495364
585.80000000 1755.32185377 1756.99405998 1755.72759672 1760.00074305
577.70000000 249.51177776 252.51596220 252.99985426 251.18595735
585.80000000 1755.32185377 1757.05150351 1755.79152407 1760.05980140
299.10000000 2815.89972054 2844.45062357 2871.71548142 2746.50018437
296.90000000 2813.51775503 2826.12891741 2842.39702993 2784.66516251
237.50000000 2824.13926254 2765.87614807 2812.32966102 2895.62265640
299.10000000 2815.89972054 2844.48743200 2871.74302969 2746.52459773
298.70000000 2427.99867642 2421.13627857 2415.23161718 2460.90303062
237.00000000 2429.54476839 2425.62753011 2361.85548272 2508.13982610
298.60000000 2426.92297414 2412.35462318 2524.07796550 2356.78523026
238.20000000 2429.51912560 2430.17556465 2405.98663029 2467.88467463
238.20000000 2821.55455288 2863.36847108 2774.67259799 2828.35050482
238.20000000 2429.51912560 2430.18831525 2405.99601605 2467.90465856
468.10000000 1707.53615170 1723.73090904 1721.61670370 1685.28227463
469.60000000 1706.52637262 1714.05852380 1723.35827230 1691.70767150
182.30000000 1713.58926737 1768.89760445 1716.44567756 1664.62986850
468.10000000 1707.53615170 1723.70727183 1721.59446010 1685.26517787
468.70000000 2037.02811178 2042.47974785 2035.77690808 2043.33215914
182.20000000 2051.70224117 2035.01226422 2103.84954017 2026.09122600
468.70000000 2037.71186350 2012.27817958 2026.40893278 2077.91797569
182.40000000 2053.17770363 1986.85180291 2134.22664067 2052.99804944
182.00000000 1715.21328072 1712.86402399 1714.31653421 1740.38420724
182.40000000 2053.17770363 1986.84756103 2134.22301195 2052.99486416
215.70000000 2325.12842602 2236.96729294 2337.85618010 2405.95416015
214.50000000 2321.61652801 2218.55739378 2427.54560821 2316.70442200
334.10000000 2315.72870341 2292.14234202 2326.36580063 2342.44010465
215.70000000 2325.12842602 2236.95923703 2337.85130438 2405.94795487
215.80000000 1560.97159808 1530.05042564 1619.15127539 1549.91665122
334.80000000 1559.77113908 1566.56595401 1564.66915870 1563.62071132
216.40000000 1563.06621835 1534.62711993 1564.82654201 1594.06850822
334.90000000 1559.46053921 1548.51695655 1563.10599346 1575.01258723
333.80000000 2317.27322593 2319.31574408 2337.08972908 2301.69678044
334.90000000 1559.46053921 1548.50934662 1563.09241088 1574.99620701
368.90000000 2126.71218757 2155.83988386 2171.35653632 2058.75920985
369.80000000 2129.56115294 2134.64620240 2142.71870211 2118.57657929
534.00000000 161.33588714 164.27594872 163.88594722 164.47579740
368.90000000 2126.71218757 2155.77345383 2171.28319659 2058.69360890
370.20000000 2217.10550032 2191.78339935 2244.77689984 2222.89276506
512.10000000 160.81660996 163.93369353 163.60542134 162.46329336
370.00000000 2221.00570049 2205.61446444 2232.97773634 2225.93440603
512.00000000 160.92471573 164.21091207 163.33810064 163.33551393
534.00000000 160.42541981 163.79225077 162.42035926 163.25696099
512.00000000 160.92471573 164.01539675 163.16886635 163.16507084
192.70000000 1611.48047394 1645.05295441 1620.71885756 1583.80651133
192.10000000 1609.16437335 1634.05526553 1593.48511775 1608.20198570
274.40000000 1606.48932799 1622.64450406 1622.34977924 1584.18204176
192.70000000 1611.48047394 1645.05956453 1620.72304717 1583.81428557
191.90000000 1659.88659870 1674.75879794 1652.67857766 1661.70028534
275.00000000 1656.02857388 1634.91687999 1689.96232329 1645.78567469
192.60000000 1663.88708759 1648.68709461 1635.93540438 1713.82980171
274.90000000 1658.76561099 1650.02673899 1690.80042181 1643.93632218
275.40000000 1604.95377338 1649.05377781 1582.69136509 1593.67073293
274.90000000 1658.76561099 1650.03905957 1690.81444897 1643.94891665
446.50000000 211.22394696 214.43906113 213.28249433 214.64156815
446.40000000 210.55037514 213.39178129 213.57233272 213.42834668
206.50000000 2548.95950438 2374.79768790 2698.28148922 2569.06464110
446.50000000 211.22394696 214.31803553 213.17525211 214.53303322
599.70000000 211.68273358 212.93673448 215.45292138 215.09249630
206.90000000 1904.17120971 1777.77437283 1962.45770585 1974.08527375
599.60000000 210.01183045 212.56685420 212.31819931 213.25935429
206.00000000 1900.30305156 1866.08742315 1944.45628403 1900.36847082
206.30000000 2549.31484884 2677.11549170 2463.54196796 2521.40210065
206.00000000 1900.30305156 1866.06598804 1944.43166894 1900.34414591
250.20000000 1831.92181612 1805.34546696 1956.29136652 1744.22405840
249.80000000 1832.20871634 1815.84000110 1834.68943013 1847.46579018
425.00000000 1826.55565920 1841.98660469 1828.52397469 1819.12091566
250.20000000 1831.92181612 1805.36003449 1956.30682931 1744.23851619
250.70000000 2680.57453401 2742.57178645 2711.46502718 2601.44902820
424.90000000 393.45642055 396.38067947 395.33521995 397.15291960
249.90000000 2677.01929392 2776.49347168 2692.48289533 2568.46964464
425.30000000 350.34366571 353.52099764 352.54032773 353.41886432
425.30000000 1828.53820147 1778.13513951 1869.85854848 1844.01426022
425.30000000 350.34366571 353.56920006 352.58958164 353.47130196
