0.89053105 150.00000000 0.89732119 0.87792610 0.89407035
0.89053105 150.00000000 0.89732119 0.87792610 0.89407035
0.89053105 150.00000000 0.89732119 0.87792610 0.89407035
0.89053105 150.00000000 0.89732119 0.87792610 0.89407035
0.89053105 150.00000000 0.89732119 0.87792610 0.89407035
0.89053105 150.00000000 0.89732119 0.87792610 0.89407035
0.95480328 250.00000000 0.96272249 0.94895369 0.95279486
0.95480328 250.00000000 0.96272249 0.94895369 0.95279486
0.95480328 250.00000000 0.96272249 0.94895369 0.95279486
0.95480328 250.00000000 0.96272249 0.94895369 0.95279486
0.95480328 250.00000000 0.96272249 0.94895369 0.95279486
0.95480328 250.00000000 0.96272249 0.94895369 0.95279486
0.92327043 300.00000000 0.92642138 0.93028857 0.91422064
0.92327043 300.00000000 0.92642138 0.93028857 0.91422064
0.92328492 300.00000000 0.92672078 0.92979050 0.91521203
0.92327043 300.00000000 0.92642138 0.93028857 0.91422064
0.97596611 300.00000000 0.97200508 0.97976583 0.97642656
0.97598425 300.00000000 0.97227181 0.97952219 0.97656857
0.97549151 200.00000000 0.97269346 0.97656362 0.97769267
0.97549151 200.00000000 0.97269346 0.97656362 0.97769267
0.97652002 200.00000000 0.97483426 0.97786302 0.97748686
0.97549151 200.00000000 0.97269346 0.97656362 0.97769267
0.91697255 200.00000000 0.92880626 0.90835393 0.91131029
0.91809299 200.00000000 0.93283531 0.90946741 0.91056353
0.98799566 225.00000000 0.98521502 0.98686670 0.99160880
0.98799566 225.00000000 0.98521502 0.98686670 0.99160880
0.98796973 225.00000000 0.98473831 0.98650760 0.99151670
0.98799566 225.00000000 0.98521502 0.98686670 0.99160880
0.98799566 225.00000000 0.98521502 0.98686670 0.99160880
0.98796973 225.00000000 0.98473831 0.98650760 0.99151670
0.93387841 325.00000000 0.93597991 0.93484617 0.93196777
0.93387841 325.00000000 0.93597991 0.93484617 0.93196777
0.93358015 325.00000000 0.93468686 0.93523155 0.93195776
0.93387841 325.00000000 0.93597991 0.93484617 0.93196777
0.93387841 325.00000000 0.93597991 0.93484617 0.93196777
0.93358015 325.00000000 0.93468686 0.93523155 0.93195776
0.96692286 275.00000000 0.96899069 0.96964775 0.96286731
0.96692286 275.00000000 0.96899069 0.96964775 0.96286731
0.96728445 275.00000000 0.96887132 0.96950128 0.96376895
0.96692286 275.00000000 0.96899069 0.96964775 0.96286731
0.90584512 275.00000000 0.91882828 0.91290231 0.88858849
0.90620644 275.00000000 0.91840586 0.91335903 0.88841588
0.90119637 175.00000000 0.90252418 0.88963710 0.91051438
0.90119637 175.00000000 0.90252418 0.88963710 0.91051438
0.90120507 175.00000000 0.90075514 0.89089599 0.91086815
0.90119637 175.00000000 0.90252418 0.88963710 0.91051438
0.95773839 175.00000000 0.95974926 0.94819442 0.96469220
0.95769152 175.00000000 0.95966019 0.94807562 0.96474972
0.93862286 187.50000000 0.93245019 0.93711295 0.94546464
0.94623390 262.50000000 0.95767877 0.94267431 0.93806140
0.93862286 187.50000000 0.93245019 0.93711295 0.94546464
0.93862286 187.50000000 0.93245019 0.93711295 0.94546464
0.99253842 187.50000000 0.99188530 0.99167306 0.99324288
0.99388716 262.50000000 0.99080983 0.99408730 0.99649270
0.99374974 287.50000000 0.99057740 0.99570330 0.99495939
0.99201609 162.50000000 0.99233992 0.99053226 0.99253273
0.99374974 287.50000000 0.99057740 0.99570330 0.99495939
0.99374974 287.50000000 0.99057740 0.99570330 0.99495939
0.94431315 287.50000000 0.95257655 0.94653519 0.93465766
0.93298932 162.50000000 0.93019888 0.92368262 0.94419703
0.91588437 337.50000000 0.91724680 0.91726289 0.91370186
0.91053844 212.50000000 0.92410289 0.90950393 0.89886527
0.91521258 337.50000000 0.91598958 0.91848483 0.91220994
0.91588437 337.50000000 0.91724680 0.91726289 0.91370186
0.91588437 337.50000000 0.91724680 0.91726289 0.91370186
0.91109058 212.50000000 0.92572525 0.90513480 0.90042351
0.97346539 237.50000000 0.97480985 0.97451909 0.97145928
0.97054282 312.50000000 0.97231464 0.97408413 0.96610185
0.97344696 237.50000000 0.97448491 0.97435543 0.97150925
0.97346539 237.50000000 0.97480985 0.97451909 0.97145928
0.97346539 237.50000000 0.97480985 0.97451909 0.97145928
0.97024895 312.50000000 0.97211148 0.97315723 0.96613151
0.95388066 212.50000000 0.95807516 0.94973080 0.95420092
0.95675282 337.50000000 0.95488124 0.95962307 0.95631058
0.95434479 212.50000000 0.95996153 0.94916465 0.95407633
0.95388066 212.50000000 0.95807516 0.94973080 0.95420092
0.89932366 212.50000000 0.90718382 0.90118648 0.88874377
0.90221764 337.50000000 0.89864905 0.91316032 0.89583088
0.90210666 312.50000000 0.90464419 0.91483473 0.88751894
0.90097945 237.50000000 0.90887247 0.91226534 0.88239744
0.90206498 312.50000000 0.90561846 0.91388252 0.88734929
0.90210666 312.50000000 0.90464419 0.91483473 0.88751894
0.95872688 312.50000000 0.96157321 0.96340030 0.95180468
0.96040729 237.50000000 0.96206162 0.95818743 0.96135892
0.98322912 262.50000000 0.98060221 0.98237426 0.98606648
0.97974420 187.50000000 0.97795765 0.98379242 0.97685677
0.98360951 262.50000000 0.98059995 0.98242949 0.98734670
0.98322912 262.50000000 0.98060221 0.98237426 0.98606648
0.98322912 262.50000000 0.98060221 0.98237426 0.98606648
0.97974169 187.50000000 0.97818134 0.98405004 0.97668717
0.92189117 162.50000000 0.91346651 0.91525997 0.93433491
0.93078685 287.50000000 0.93991010 0.93433431 0.91959907
0.92125256 162.50000000 0.91769842 0.91331594 0.93305864
0.92189117 162.50000000 0.91346651 0.91525997 0.93433491
0.92189117 162.50000000 0.91346651 0.91525997 0.93433491
0.92936384 287.50000000 0.93921885 0.93232799 0.91889157
0.96208536 168.80000000 0.96475849 0.95747982 0.96315613
0.96555599 206.30000000 0.96775346 0.96387368 0.96488501
0.96208062 168.80000000 0.96441437 0.95747010 0.96295502
0.96208536 168.80000000 0.96475849 0.95747982 0.96315613
0.98046505 168.80000000 0.98400081 0.97531799 0.98191334
0.98156189 206.30000000 0.98063751 0.97796379 0.98492350
0.90853025 268.80000000 0.92000339 0.91730015 0.88905917
0.91206146 306.30000000 0.91833801 0.92115481 0.89731980
0.90812004 268.80000000 0.91816781 0.91699752 0.88974969
0.90853025 268.80000000 0.92000339 0.91730015 0.88905917
0.93267992 268.80000000 0.94218281 0.93161342 0.92507277
0.93333350 306.30000000 0.93691543 0.93832840 0.92532886
0.99151899 318.80000000 0.98803533 0.99264867 0.99430799
0.99063077 256.30000000 0.98683702 0.98821059 0.99634921
0.99151899 318.80000000 0.98803533 0.99264867 0.99430799
0.99151899 318.80000000 0.98803533 0.99264867 0.99430799
0.90648748 318.80000000 0.91270939 0.91100912 0.89596288
0.90755873 256.30000000 0.91979633 0.91320549 0.89085817
0.93788145 218.80000000 0.94848992 0.93171354 0.93181427
0.93343085 156.30000000 0.93957776 0.92049536 0.94008565
0.93788145 218.80000000 0.94848992 0.93171354 0.93181427
0.93788145 218.80000000 0.94848992 0.93171354 0.93181427
0.95795934 218.80000000 0.96566265 0.95041822 0.95672957
0.95650553 156.30000000 0.96870967 0.94337937 0.95856549
0.92573109 243.80000000 0.93899030 0.92040714 0.91882295
0.92172172 181.30000000 0.91978188 0.91589809 0.92966124
0.92662210 243.80000000 0.93761708 0.92454977 0.91792272
0.92573109 243.80000000 0.93899030 0.92040714 0.91882295
0.91630240 243.80000000 0.93168454 0.91555848 0.90321519
0.91496593 181.30000000 0.91795393 0.90496923 0.92181239
0.97616639 343.80000000 0.97212495 0.97655104 0.97978072
0.97722766 281.30000000 0.97431485 0.97845561 0.97909450
0.97614654 343.80000000 0.97199046 0.97666169 0.97969411
0.97616639 343.80000000 0.97212495 0.97655104 0.97978072
0.97151425 343.80000000 0.96858406 0.97387836 0.97185171
0.97372818 281.30000000 0.97240413 0.97637460 0.97280061
0.89581454 293.80000000 0.90095679 0.90886761 0.87878759
0.89593304 331.30000000 0.89373306 0.90606116 0.88894695
0.89612682 293.80000000 0.89993232 0.90866983 0.87968908
0.89581454 293.80000000 0.90095679 0.90886761 0.87878759
0.99726959 293.80000000 0.99489177 0.99894737 0.99788306
0.99698421 331.30000000 0.99756098 0.99737317 0.99619397
0.95145132 193.80000000 0.94932744 0.94790242 0.95755628
0.95504843 231.30000000 0.95584570 0.95411714 0.95553275
0.95154253 193.80000000 0.94985745 0.94803786 0.95767268
0.95145132 193.80000000 0.94932744 0.94790242 0.95755628
0.94473135 193.80000000 0.94138430 0.93952801 0.95280114
0.94554810 231.30000000 0.95100359 0.94213016 0.94381392
0.98236213 181.30000000 0.98358204 0.98066497 0.98361948
0.98524453 318.80000000 0.98235536 0.98594007 0.98777022
0.98234739 181.30000000 0.98332288 0.98010767 0.98379572
0.98236213 181.30000000 0.98358204 0.98066497 0.98361948
0.90729123 181.30000000 0.91266701 0.89757175 0.91173972
0.91364498 318.80000000 0.91845116 0.91663562 0.90571556
0.93307243 281.30000000 0.94204731 0.93577931 0.92258778
0.92875358 218.80000000 0.94134616 0.92376531 0.91968389
0.93272700 281.30000000 0.94220309 0.93275651 0.92264323
0.93307243 281.30000000 0.94204731 0.93577931 0.92258778
0.96796289 281.30000000 0.96874204 0.97199133 0.96344840
0.96657963 218.80000000 0.97041825 0.96432670 0.96490935
0.96019666 331.30000000 0.95677575 0.96669136 0.95711305
0.95378827 168.80000000 0.95798909 0.94600125 0.95576527
0.96019666 331.30000000 0.95677575 0.96669136 0.95711305
0.96019666 331.30000000 0.95677575 0.96669136 0.95711305
0.99065051 331.30000000 0.98844652 0.99190917 0.99157675
0.98757003 168.80000000 0.98918789 0.98297861 0.98918322
0.90441609 231.30000000 0.91386654 0.91238926 0.88636208
0.90212177 268.80000000 0.91341693 0.91183834 0.88240347
0.90441609 231.30000000 0.91386654 0.91238926 0.88636208
0.90441609 231.30000000 0.91386654 0.91238926 0.88636208
0.94033731 231.30000000 0.94757943 0.93981870 0.93274413
0.94158555 268.80000000 0.94890585 0.94152903 0.93520139
0.91716544 206.30000000 0.93064310 0.90939601 0.90992886
0.91858436 293.80000000 0.92746934 0.92419787 0.90526984
0.91747491 206.30000000 0.93083717 0.90938201 0.91079669
0.91716544 206.30000000 0.93064310 0.90939601 0.90992886
0.97724291 206.30000000 0.97799272 0.97685361 0.97671776
0.97888552 293.80000000 0.97561824 0.98136363 0.97998929
0.97291350 306.30000000 0.97224402 0.97855472 0.96811812
0.97312549 193.80000000 0.96932731 0.97561084 0.97504274
0.97226476 306.30000000 0.97108119 0.97769591 0.96874380
0.97291350 306.30000000 0.97224402 0.97855472 0.96811812
0.92589037 306.30000000 0.93148418 0.93113598 0.91480744
0.92305156 193.80000000 0.92702326 0.91503270 0.92658530
0.95119161 256.30000000 0.96038793 0.94380713 0.95026386
0.94784777 243.80000000 0.95753510 0.94115009 0.94581844
0.95126909 256.30000000 0.96057182 0.94383592 0.95018427
0.95119161 256.30000000 0.96038793 0.94380713 0.95026386
0.89886368 256.30000000 0.91005575 0.90480782 0.88200621
0.89411664 243.80000000 0.90685599 0.89730839 0.87969898
0.99360581 156.30000000 0.99836066 0.99191451 0.99059210
0.99651577 343.80000000 0.99667974 0.99656661 0.99642526
0.99355613 156.30000000 0.99833333 0.99188669 0.99051226
0.99360581 156.30000000 0.99836066 0.99191451 0.99059210
0.94938949 156.30000000 0.95693703 0.93674842 0.95690232
0.95259879 343.80000000 0.95127069 0.95384205 0.95304306
0.94800152 159.40000000 0.94762714 0.93887020 0.95764392
0.95062781 178.10000000 0.94746270 0.94659642 0.95797577
0.94842502 159.40000000 0.94832880 0.94092817 0.95646837
0.94800152 159.40000000 0.94762714 0.93887020 0.95764392
0.96431098 159.40000000 0.96992152 0.95743047 0.96494268
0.96576116 178.10000000 0.96493714 0.96579602 0.96623978
0.89830750 259.40000000 0.90646650 0.90843737 0.88028445
0.89423010 278.10000000 0.90734182 0.90544877 0.87210342
0.89818155 259.40000000 0.90733322 0.90737601 0.88079115
0.89830750 259.40000000 0.90646650 0.90843737 0.88028445
0.91178296 259.40000000 0.92157532 0.91744119 0.89685225
0.90898430 278.10000000 0.92313520 0.91597340 0.89034886
0.97994825 309.40000000 0.97788275 0.98089192 0.98153039
0.97989527 328.10000000 0.97629540 0.98212120 0.98172552
0.97995280 309.40000000 0.97779178 0.98096610 0.98151523
0.97994825 309.40000000 0.97788275 0.98089192 0.98153039
0.94180004 309.40000000 0.94773428 0.94681115 0.93132712
0.94052540 328.10000000 0.93961660 0.94511624 0.93719783
0.92413003 209.40000000 0.93485056 0.91757073 0.91908691
0.92471224 228.10000000 0.93424981 0.92595960 0.91378439
0.92462955 209.40000000 0.93508349 0.91779752 0.92048588
0.92413003 209.40000000 0.93485056 0.91757073 0.91908691
0.99046888 209.40000000 0.98979913 0.98673616 0.99412982
0.99208938 228.10000000 0.99154100 0.98923513 0.99451530
0.94362352 234.40000000 0.95073634 0.94306106 0.93661229
0.94000339 203.10000000 0.94806066 0.93508695 0.93525561
0.94247903 234.40000000 0.95016189 0.94224187 0.93497934
0.94362352 234.40000000 0.95073634 0.94306106 0.93661229
0.92653110 234.40000000 0.93899433 0.92517962 0.91537118
0.92322992 203.10000000 0.93571034 0.91447517 0.91897156
0.99161522 334.40000000 0.98941374 0.99386583 0.99172618
0.99205709 303.10000000 0.98924205 0.99310530 0.99389733
0.99162193 334.40000000 0.98940242 0.99385314 0.99184941
0.99161522 334.40000000 0.98941374 0.99386583 0.99172618
0.97965388 334.40000000 0.97621413 0.98198337 0.98094828
0.98053081 303.10000000 0.97693116 0.98404419 0.98108477
0.91031753 284.40000000 0.92127878 0.91695655 0.89393121
0.91218617 253.10000000 0.92694152 0.91387695 0.89635377
0.90926061 284.40000000 0.92036591 0.91643735 0.89305318
0.91031753 284.40000000 0.92127878 0.91695655 0.89393121
0.95955036 284.40000000 0.96321606 0.96192596 0.95357959
0.96169927 253.10000000 0.96413491 0.95876065 0.96272725
0.96851242 184.40000000 0.96764018 0.96913838 0.96839247
0.96801144 153.10000000 0.97519530 0.96129494 0.96821162
0.96853954 184.40000000 0.96799036 0.96884469 0.96847797
0.96851242 184.40000000 0.96764018 0.96913838 0.96839247
0.89905604 184.40000000 0.90299153 0.88806639 0.90277261
0.89688232 153.10000000 0.89866370 0.87967556 0.90977496
0.99796431 196.90000000 0.99836066 1.00000000 0.99550116
0.99827346 290.60000000 0.99804836 0.99891304 0.99791576
0.99796693 196.90000000 0.99836066 1.00000000 0.99543651
0.99796431 196.90000000 0.99836066 1.00000000 0.99550116
0.93034130 196.90000000 0.93469837 0.92647097 0.92720294
0.93258819 290.60000000 0.94129690 0.93551280 0.92339236
0.95049855 296.90000000 0.95809370 0.95080327 0.94293849
0.94548231 190.60000000 0.94081194 0.94023232 0.95457189
0.95079309 296.90000000 0.95822298 0.95159918 0.94255909
0.95049855 296.90000000 0.95809370 0.95080327 0.94293849
0.98618376 296.90000000 0.98063506 0.98760118 0.98995159
0.98427898 190.60000000 0.98332099 0.98564168 0.98423821
0.97259666 346.90000000 0.96999185 0.97307345 0.97480044
0.97673126 240.60000000 0.97326536 0.98103497 0.97555372
0.97263621 346.90000000 0.97000686 0.97303491 0.97485023
0.97259666 346.90000000 0.96999185 0.97307345 0.97480044
0.96134414 346.90000000 0.96040841 0.96359748 0.96021150
0.96343520 240.60000000 0.96571117 0.96267531 0.96241598
0.92014876 246.90000000 0.93376212 0.91960035 0.90805374
0.92021035 340.60000000 0.91865072 0.92368860 0.91888366
0.91984098 246.90000000 0.93310352 0.91971865 0.90774410
0.92014876 246.90000000 0.93376212 0.91960035 0.90805374
0.90513094 246.90000000 0.91699943 0.90885586 0.89123988
0.90718711 340.60000000 0.90741116 0.91272461 0.90193172
0.90487666 221.90000000 0.91483008 0.90954272 0.89226876
0.90909606 315.60000000 0.91659448 0.91265933 0.89826532
0.90435406 221.90000000 0.91342494 0.90905367 0.89198581
0.90487666 221.90000000 0.91483008 0.90954272 0.89226876
0.97430978 221.90000000 0.97174948 0.97749178 0.97442167
0.97400206 315.60000000 0.97331559 0.97618562 0.97266105
0.96175249 321.90000000 0.96375793 0.96561502 0.95641150
0.95829229 215.60000000 0.96534878 0.95223705 0.95741530
0.96240385 321.90000000 0.96351707 0.96673035 0.95719404
0.96175249 321.90000000 0.96375793 0.96561502 0.95641150
0.92039742 321.90000000 0.92567437 0.92012739 0.91621534
0.91556877 215.60000000 0.92827115 0.91551292 0.90149153
0.93525491 271.90000000 0.94414757 0.93642772 0.92484156
0.92387496 165.60000000 0.91784369 0.91975383 0.93506264
0.93557164 271.90000000 0.94401254 0.93676049 0.92557346
0.93525491 271.90000000 0.94414757 0.93642772 0.92484156
0.95070588 271.90000000 0.96085845 0.94746252 0.94418946
0.94144385 165.60000000 0.93961710 0.93416336 0.95139506
0.98310870 171.90000000 0.98643019 0.97872347 0.98423392
0.98570102 265.60000000 0.98130251 0.98502356 0.99077155
0.98257748 171.90000000 0.98644987 0.97880959 0.98216136
0.98310870 171.90000000 0.98643019 0.97872347 0.98423392
0.99708618 171.90000000 0.99838710 0.99800000 0.99456815
0.99849623 265.60000000 0.99791576 0.99880952 0.99890110
0.90218294 165.60000000 0.90690030 0.88900267 0.91037491
0.90866241 234.40000000 0.92419857 0.91648360 0.88561680
0.90274013 165.60000000 0.90673752 0.89053683 0.91005963
0.90218294 165.60000000 0.90690030 0.88900267 0.91037491
0.93593436 165.60000000 0.93367035 0.92884931 0.94620371
0.94489749 234.40000000 0.95053636 0.94288525 0.94103803
0.96948251 265.60000000 0.97093222 0.96912335 0.96867605
0.96591116 334.40000000 0.96391230 0.97191206 0.96223864
0.96952378 265.60000000 0.97099392 0.96919194 0.96873495
0.96948251 265.60000000 0.97093222 0.96912335 0.96867605
0.99435654 265.60000000 0.99128538 0.99543966 0.99662588
0.99432204 334.40000000 0.99391928 0.99651228 0.99269959
0.93854748 315.60000000 0.94091240 0.94145588 0.93347818
0.93846234 284.40000000 0.94854697 0.93963346 0.92792666
0.93785972 315.60000000 0.94165835 0.94056896 0.93229014
0.93854748 315.60000000 0.94091240 0.94145588 0.93347818
0.97212442 315.60000000 0.97341899 0.97406519 0.96888885
0.97359178 284.40000000 0.97252213 0.97710090 0.97109736
0.98703194 215.60000000 0.98337792 0.98549733 0.99159439
0.98754665 184.40000000 0.98548267 0.98599464 0.98993583
0.98702164 215.60000000 0.98314440 0.98563227 0.99156903
0.98703194 215.60000000 0.98337792 0.98549733 0.99159439
0.91377100 215.60000000 0.92843621 0.91226753 0.89962840
0.91535931 184.40000000 0.91554171 0.90879875 0.91977462
0.97961858 240.60000000 0.97703193 0.98242766 0.97913167
0.97423931 159.40000000 0.97722958 0.96824943 0.97660883
0.97964349 240.60000000 0.97697783 0.98244802 0.97925459
0.97961858 240.60000000 0.97703193 0.98242766 0.97913167
0.96090228 240.60000000 0.96173475 0.95998971 0.96099098
0.95162278 159.40000000 0.95660358 0.94067501 0.95761270
0.92334444 340.60000000 0.92027392 0.92712628 0.92321378
0.92599248 259.40000000 0.93564449 0.92561365 0.91741014
0.92341808 340.60000000 0.92028466 0.92712207 0.92302634
0.92334444 340.60000000 0.92027392 0.92712628 0.92321378
0.90368946 340.60000000 0.90123289 0.91182757 0.89841612
0.90208428 259.40000000 0.90881203 0.91311699 0.88447054
0.95494612 290.60000000 0.96292000 0.95636988 0.94741284
0.95444377 309.40000000 0.96338927 0.95659462 0.94457929
0.95424850 290.60000000 0.96268843 0.95520854 0.94642222
0.95494612 290.60000000 0.96292000 0.95636988 0.94741284
0.93085849 290.60000000 0.93927264 0.93590639 0.92018094
0.93080800 309.40000000 0.93719809 0.93579881 0.91952849
0.89132712 190.60000000 0.90151574 0.87977298 0.89047487
0.89398219 209.40000000 0.90548245 0.88622832 0.88887109
0.89191873 190.60000000 0.90152517 0.88100207 0.89061598
0.89132712 190.60000000 0.90151574 0.87977298 0.89047487
0.98005758 190.60000000 0.97865322 0.98287054 0.97910730
0.98041723 209.40000000 0.97842709 0.97972442 0.98251635
0.92365333 178.10000000 0.92090807 0.91587010 0.93262962
0.93076297 346.90000000 0.92608574 0.93349680 0.93302550
0.92362764 178.10000000 0.92039080 0.91643205 0.93238828
0.92365333 178.10000000 0.92090807 0.91587010 0.93262962
0.94833527 178.10000000 0.94576763 0.94466765 0.95471329
0.95216741 346.90000000 0.95368787 0.95167016 0.95182009
0.98199811 278.10000000 0.97869702 0.98146110 0.98642185
0.98420020 246.90000000 0.98259740 0.98400773 0.98552822
0.98200874 278.10000000 0.97876031 0.98138540 0.98638586
0.98199811 278.10000000 0.97869702 0.98146110 0.98642185
0.89062966 278.10000000 0.90340098 0.90204477 0.86831131
0.89412567 246.90000000 0.90487266 0.89782814 0.88101151
0.90116729 328.10000000 0.90032032 0.90973997 0.89435051
0.90092940 196.90000000 0.91580037 0.89092579 0.89283991
0.90147962 328.10000000 0.90111431 0.90983876 0.89447980
0.90116729 328.10000000 0.90032032 0.90973997 0.89435051
0.92130916 328.10000000 0.92050419 0.92539248 0.91886759
0.92214964 196.90000000 0.93097258 0.91359753 0.91840863
0.95690635 228.10000000 0.95744275 0.95599044 0.95695886
0.96196461 296.90000000 0.96108769 0.96705543 0.95785566
0.95746662 228.10000000 0.95939451 0.95626665 0.95718995
0.95690635 228.10000000 0.95744275 0.95599044 0.95695886
0.97711593 228.10000000 0.97496005 0.97905447 0.97718415
0.97777073 296.90000000 0.97465770 0.98141725 0.97738894
0.97193749 203.10000000 0.97492231 0.97081044 0.96979093
0.97385953 271.90000000 0.97276755 0.97521048 0.97365074
0.97198062 203.10000000 0.97491192 0.97094153 0.96987784
0.97193749 203.10000000 0.97492231 0.97081044 0.96979093
0.93551240 203.10000000 0.94511433 0.93003915 0.92996031
0.93969645 271.90000000 0.94763504 0.94129923 0.93040564
0.91617321 303.10000000 0.92217144 0.92218653 0.90522387
0.91212069 171.90000000 0.91456841 0.90173363 0.91777709
0.91655577 303.10000000 0.92177578 0.92225214 0.90684472
0.91617321 303.10000000 0.92217144 0.92218653 0.90522387
0.99042338 303.10000000 0.98629756 0.99093774 0.99385071
0.98604932 171.90000000 0.98641305 0.98191488 0.98902321
0.99644264 253.10000000 0.99508425 0.99629630 0.99759036
0.99414999 221.90000000 0.99433622 0.99335393 0.99463746
0.99644107 253.10000000 0.99506413 0.99634146 0.99756098
0.99644264 253.10000000 0.99508425 0.99629630 0.99759036
0.97036328 253.10000000 0.96999160 0.97138167 0.96925540
0.96477441 221.90000000 0.96942693 0.96261838 0.96373450
0.94245283 153.10000000 0.94573118 0.92782941 0.95208020
0.94563490 321.90000000 0.94982697 0.94645205 0.94131709
0.94314218 153.10000000 0.94718317 0.92737367 0.95233761
0.94245283 153.10000000 0.94573118 0.92782941 0.95208020
0.90780756 153.10000000 0.90911269 0.89186477 0.91926009
0.91117683 321.90000000 0.91581786 0.91048893 0.90638339
0.97992443 154.70000000 0.98656433 0.97512068 0.97813521
0.98322581 279.70000000 0.97943028 0.98153561 0.98848240
0.97994913 154.70000000 0.98659255 0.97433238 0.97825316
0.97992443 154.70000000 0.98656433 0.97512068 0.97813521
0.91533902 154.70000000 0.91524827 0.90514259 0.92497763
0.91593722 279.70000000 0.92991943 0.91947045 0.89971531
0.93367255 254.70000000 0.94526080 0.92967919 0.92700176
0.92476916 179.70000000 0.92448523 0.91696466 0.93256251
0.93365539 254.70000000 0.94517083 0.92966512 0.92689010
0.93367255 254.70000000 0.94526080 0.92967919 0.92700176
0.97643739 254.70000000 0.97506989 0.97872797 0.97540908
0.96935630 179.70000000 0.96880685 0.97185796 0.96783464
0.96254445 304.70000000 0.96327819 0.96965686 0.95537120
0.95860841 229.70000000 0.96050011 0.95790514 0.95825136
0.96255770 304.70000000 0.96356367 0.97047706 0.95443688
0.96254445 304.70000000 0.96327819 0.96965686 0.95537120
0.99603841 304.70000000 0.99451068 0.99704388 0.99694212
0.99737795 229.70000000 0.99592298 0.99589603 1.00000000
0.90370150 204.70000000 0.92166666 0.89292480 0.89526962
0.90199254 329.70000000 0.90108527 0.90994364 0.89575869
0.90428129 204.70000000 0.92017466 0.89339422 0.89707582
0.90370150 204.70000000 0.92166666 0.89292480 0.89526962
0.94473443 204.70000000 0.95296098 0.93681179 0.94325596
0.94572901 329.70000000 0.94477418 0.94990852 0.94299766
0.91676674 229.70000000 0.92811707 0.92086842 0.90202542
0.91757407 304.70000000 0.92433969 0.92373561 0.90486532
0.91696590 229.70000000 0.92854544 0.92075210 0.90222010
0.91676674 229.70000000 0.92811707 0.92086842 0.90202542
0.98387284 229.70000000 0.98434404 0.98188194 0.98548735
0.98522608 304.70000000 0.98177120 0.98701294 0.98703467
0.97146142 329.70000000 0.96983287 0.97662098 0.96816768
0.97262493 204.70000000 0.97539364 0.97219421 0.96998894
0.97149832 329.70000000 0.96990402 0.97669940 0.96798741
0.97146142 329.70000000 0.96983287 0.97662098 0.96816768
0.92927338 329.70000000 0.92714313 0.93394138 0.92769113
0.92867213 204.70000000 0.94039364 0.92213444 0.92129470
0.94637249 279.70000000 0.95676188 0.94690153 0.93716331
0.94238750 154.70000000 0.94700442 0.92498846 0.95410218
0.94633365 279.70000000 0.95674650 0.94627465 0.93703930
0.94637249 279.70000000 0.95676188 0.94690153 0.93716331
0.90070791 279.70000000 0.91082294 0.91112508 0.88197111
0.89971269 154.70000000 0.90228691 0.88226128 0.91451262
0.99501228 179.70000000 0.99692235 0.99326817 0.99477987
0.99804217 254.70000000 0.99631607 0.99756098 1.00000000
0.99499659 179.70000000 0.99685020 0.99322157 0.99455079
0.99501228 179.70000000 0.99692235 0.99326817 0.99477987
0.95275108 179.70000000 0.95579922 0.94608350 0.95615653
0.96546491 254.70000000 0.96793039 0.96385113 0.96554663
0.96618235 192.20000000 0.96454799 0.96661161 0.96665552
0.96618235 192.20000000 0.96454799 0.96661161 0.96665552
0.96616262 192.20000000 0.96448028 0.96682284 0.96652712
0.96618235 192.20000000 0.96454799 0.96661161 0.96665552
0.97918199 192.20000000 0.97817242 0.98126885 0.97809072
0.97920597 192.20000000 0.97821121 0.98145242 0.97801835
0.90955336 292.20000000 0.91846178 0.91763438 0.89452161
0.90955336 292.20000000 0.91846178 0.91763438 0.89452161
0.90958618 292.20000000 0.91864370 0.91788131 0.89454330
0.90955336 292.20000000 0.91846178 0.91763438 0.89452161
0.92325015 292.20000000 0.93263222 0.92729210 0.91202135
0.92329104 292.20000000 0.93276527 0.92745571 0.91198308
0.98946916 342.20000000 0.98515874 0.99136695 0.99206455
0.98946916 342.20000000 0.98515874 0.99136695 0.99206455
0.98948039 342.20000000 0.98529497 0.99131883 0.99200667
0.98946916 342.20000000 0.98515874 0.99136695 0.99206455
0.89560650 342.20000000 0.89040715 0.90574770 0.89175648
0.89593130 342.20000000 0.89112833 0.90646908 0.89068082
0.94013065 242.20000000 0.94670304 0.94103803 0.93165741
0.94013065 242.20000000 0.94670304 0.94103803 0.93165741
0.93943045 242.20000000 0.94562225 0.94027695 0.93184419
0.94013065 242.20000000 0.94670304 0.94103803 0.93165741
0.95623313 242.20000000 0.95941127 0.95525374 0.95460828
0.95591133 242.20000000 0.95949312 0.95437868 0.95451798
0.92073515 217.20000000 0.93221197 0.91741689 0.91096405
0.92073515 217.20000000 0.93221197 0.91741689 0.91096405
0.92165979 217.20000000 0.93246900 0.91888665 0.91197702
0.92073515 217.20000000 0.93221197 0.91741689 0.91096405
0.90783778 217.20000000 0.92142293 0.90765578 0.89172441
0.90875426 217.20000000 0.92135639 0.90908519 0.89255049
0.97790925 317.20000000 0.97559935 0.97910095 0.97919686
0.97790925 317.20000000 0.97559935 0.97910095 0.97919686
0.97763603 317.20000000 0.97468755 0.97916650 0.97917119
0.97790925 317.20000000 0.97559935 0.97910095 0.97919686
0.96876560 317.20000000 0.96977176 0.97153676 0.96516972
0.96818508 317.20000000 0.96796559 0.97159265 0.96519000
0.89212178 267.20000000 0.90140745 0.90420241 0.87163286
0.89212178 267.20000000 0.90140745 0.90420241 0.87163286
0.89314795 267.20000000 0.90235190 0.90523290 0.87485051
0.89212178 267.20000000 0.90140745 0.90420241 0.87163286
0.98801475 267.20000000 0.98284438 0.98665517 0.99418604
0.98803327 267.20000000 0.98329952 0.98637431 0.99413216
0.94614089 167.20000000 0.94289866 0.94176689 0.95458980
0.94614089 167.20000000 0.94289866 0.94176689 0.95458980
0.94624297 167.20000000 0.94270150 0.94146639 0.95463746
0.94614089 167.20000000 0.94289866 0.94176689 0.95458980
0.92818679 167.20000000 0.92396017 0.92473353 0.93607702
0.92892035 167.20000000 0.92359721 0.92405301 0.93818701
0.94517481 173.50000000 0.93783517 0.94049861 0.95591882
0.95115506 335.90000000 0.95272585 0.95436054 0.94785726
0.94524849 173.50000000 0.93855048 0.94014257 0.95726116
0.94517481 173.50000000 0.93783517 0.94049861 0.95591882
0.99021312 173.50000000 0.99326458 0.98351452 0.99348371
0.99255498 335.90000000 0.98949828 0.99640951 0.99188319
0.99926471 273.40000000 0.99900990 1.00000000 0.99883721
1.00000000 235.90000000 1.00000000 1.00000000 1.00000000
0.99926471 273.40000000 0.99897959 1.00000000 0.99892473
0.99926471 273.40000000 0.99900990 1.00000000 0.99883721
0.94475473 273.40000000 0.95336639 0.94523394 0.93602520
0.94491099 235.90000000 0.95376473 0.94337314 0.93711186
0.92140615 323.40000000 0.92552070 0.92175011 0.91831634
0.91889925 186.00000000 0.91818689 0.91201151 0.92350228
0.92151206 323.40000000 0.92560399 0.92174228 0.91865539
0.92140615 323.40000000 0.92552070 0.92175011 0.91831634
0.91398704 323.40000000 0.92001701 0.91311786 0.91001150
0.91293107 186.00000000 0.91275903 0.90496328 0.91911747
0.97495885 223.40000000 0.97284829 0.97772678 0.97434504
0.97550452 285.90000000 0.97406204 0.97830520 0.97458417
0.97494034 223.40000000 0.97269301 0.97805094 0.97405521
0.97495885 223.40000000 0.97284829 0.97772678 0.97434504
0.96869259 223.40000000 0.97019824 0.96881719 0.96777375
0.97132546 285.90000000 0.97197308 0.97505976 0.96753465
0.96697562 248.40000000 0.96977251 0.96497838 0.96710267
0.96855449 260.90000000 0.97113737 0.96947500 0.96618921
0.96660969 248.40000000 0.96856765 0.96520555 0.96705856
0.96697562 248.40000000 0.96977251 0.96497838 0.96710267
0.90133322 248.40000000 0.91044660 0.90727194 0.88800493
0.89952857 260.90000000 0.91005645 0.90902543 0.88099206
0.90877821 348.40000000 0.90657555 0.90967989 0.91080867
0.90055986 161.00000000 0.90038570 0.88586813 0.91364999
0.90853233 348.40000000 0.90623613 0.90953294 0.91042277
0.90877821 348.40000000 0.90657555 0.90967989 0.91080867
0.95526753 348.40000000 0.95408367 0.95536323 0.95704645
0.95036155 161.00000000 0.95060700 0.94049594 0.95901016
0.98726598 298.40000000 0.98195263 0.98976991 0.99025076
0.98576802 210.90000000 0.98347828 0.98572490 0.98799595
0.98692027 298.40000000 0.98214507 0.98877740 0.99021566
0.98726598 298.40000000 0.98195263 0.98976991 0.99025076
0.98291362 298.40000000 0.97990649 0.98453544 0.98445095
0.98010535 210.90000000 0.98087110 0.98006811 0.97964844
0.93139885 198.50000000 0.93541076 0.92791392 0.92946988
0.93401763 310.90000000 0.94014384 0.93788800 0.92433832
0.93152923 198.50000000 0.93532911 0.92776319 0.92998283
0.93139885 198.50000000 0.93541076 0.92791392 0.92946988
0.92585834 198.50000000 0.93541076 0.91703506 0.92307569
0.92958652 310.90000000 0.93436975 0.93431641 0.92016997
0.90008094 186.00000000 0.90194822 0.89005507 0.90570475
0.90129281 248.40000000 0.91058261 0.90737354 0.88816958
0.89892731 186.00000000 0.90163590 0.88784356 0.90512722
0.90008094 186.00000000 0.90194822 0.89005507 0.90570475
0.90493143 186.00000000 0.90642786 0.89439149 0.91098798
0.90780906 248.40000000 0.91706705 0.91220423 0.89630400
0.95942125 285.90000000 0.96232778 0.96335939 0.95324924
0.95503487 348.40000000 0.95437313 0.95454344 0.95730535
0.95945060 285.90000000 0.96210472 0.96341031 0.95375176
0.95942125 285.90000000 0.96232778 0.96335939 0.95324924
0.96676655 285.90000000 0.96871543 0.97288963 0.95926231
0.96273307 348.40000000 0.96179298 0.96531057 0.96192684
0.92916878 335.90000000 0.92651969 0.93454842 0.92783323
0.93089284 298.40000000 0.93587945 0.93620185 0.92144659
0.92939254 335.90000000 0.92713179 0.93451833 0.92775523
0.92916878 335.90000000 0.92651969 0.93454842 0.92783323
0.98691251 335.90000000 0.98169540 0.99017381 0.98921857
0.98726956 298.40000000 0.98208207 0.98977074 0.99021306
0.98389585 235.90000000 0.98378464 0.98328595 0.98442948
0.97985272 198.50000000 0.98061993 0.98041343 0.97802676
0.98388502 235.90000000 0.98367468 0.98321493 0.98449044
0.98389585 235.90000000 0.98378464 0.98328595 0.98442948
0.93473595 235.90000000 0.94475006 0.93472237 0.92455966
0.93089360 198.50000000 0.93556878 0.92646360 0.92923260
0.99098366 210.90000000 0.99160352 0.98707464 0.99409179
0.99019972 173.50000000 0.99317768 0.98350814 0.99348371
0.99051645 210.90000000 0.98974311 0.98698561 0.99434165
0.99098366 210.90000000 0.99160352 0.98707464 0.99409179
0.99952607 210.90000000 1.00000000 1.00000000 0.99846154
0.99826590 173.50000000 1.00000000 0.99818182 0.99645191
0.94240047 310.90000000 0.94707269 0.94775466 0.93296934
0.94477778 273.40000000 0.95349817 0.94521554 0.93589401
0.94275332 310.90000000 0.94712317 0.94790070 0.93412763
0.94240047 310.90000000 0.94707269 0.94775466 0.93296934
0.95077311 310.90000000 0.95966605 0.95264748 0.94088992
0.95245131 273.40000000 0.96089576 0.95055399 0.94601850
0.97317622 260.90000000 0.97363728 0.97368356 0.97276719
0.96875764 323.40000000 0.96928582 0.97057961 0.96728882
0.97316915 260.90000000 0.97330213 0.97349423 0.97275376
0.97317622 260.90000000 0.97363728 0.97368356 0.97276719
0.92101418 260.90000000 0.93446420 0.92242210 0.90749086
0.92117159 323.40000000 0.92464052 0.92167688 0.91872586
0.90984994 161.00000000 0.90860397 0.89768822 0.92047952
0.91181916 223.40000000 0.92087414 0.91648981 0.89906984
0.90983470 161.00000000 0.90945018 0.89716737 0.91909126
0.90984994 161.00000000 0.90860397 0.89768822 0.92047952
0.97202045 161.00000000 0.97391891 0.96570182 0.97674988
0.97492038 223.40000000 0.97271161 0.97792253 0.97399225
0.92520608 157.80000000 0.92634855 0.91445820 0.93310794
0.93599050 251.50000000 0.94607090 0.92987681 0.93240147
0.92705749 157.80000000 0.92904703 0.91567974 0.93639900
0.92520608 157.80000000 0.92634855 0.91445820 0.93310794
0.95434077 157.80000000 0.96453944 0.94393021 0.95392515
0.96500430 251.50000000 0.96749391 0.96336430 0.96475637
0.98642791 257.80000000 0.98350264 0.98500998 0.99090036
0.98158217 151.50000000 0.98797654 0.97861682 0.97817439
0.98604042 257.80000000 0.98239889 0.98496321 0.99082563
0.98642791 257.80000000 0.98350264 0.98500998 0.99090036
0.90687793 257.80000000 0.91789219 0.91358324 0.89046853
0.90304692 151.50000000 0.90618316 0.88878002 0.91287198
0.90648105 307.80000000 0.91473373 0.91485271 0.89103463
0.90179409 201.50000000 0.92124633 0.88994661 0.89316973
0.90651223 307.80000000 0.91481678 0.91484521 0.89103463
0.90648105 307.80000000 0.91473373 0.91485271 0.89103463
0.93278212 307.80000000 0.93819264 0.93655593 0.92424420
0.92852510 201.50000000 0.93793800 0.92138108 0.92575286
0.95674053 207.80000000 0.96230440 0.95062135 0.95654271
0.96512101 301.50000000 0.96380503 0.97170196 0.96019422
0.95671997 207.80000000 0.96245278 0.95062135 0.95649062
0.95674053 207.80000000 0.96230440 0.95062135 0.95654271
0.98270084 207.80000000 0.98104770 0.97953545 0.98690363
0.98570180 301.50000000 0.98212135 0.98691737 0.98829042
0.97591739 232.80000000 0.97428051 0.97936077 0.97411605
0.97151432 326.50000000 0.96985608 0.97714517 0.96790779
0.97637034 232.80000000 0.97422965 0.97954560 0.97521846
0.97591739 232.80000000 0.97428051 0.97936077 0.97411605
0.94710814 232.80000000 0.95224468 0.94345538 0.94637986
0.94614983 326.50000000 0.94665138 0.94755258 0.94473092
0.91766622 332.80000000 0.92012407 0.91885325 0.91450635
0.91929873 226.50000000 0.92809626 0.92440119 0.90432858
0.91741121 332.80000000 0.91988474 0.91907719 0.91351746
0.91766622 332.80000000 0.92012407 0.91885325 0.91450635
0.99729728 332.80000000 0.99838710 0.99738475 0.99620407
0.99823397 226.50000000 0.99734155 0.99749020 1.00000000
0.99822443 282.80000000 0.99692750 0.99885057 0.99892473
0.99602904 176.50000000 0.99827586 0.99450920 0.99516869
0.99822188 282.80000000 0.99694333 0.99891304 0.99885057
0.99822443 282.80000000 0.99692750 0.99885057 0.99892473
0.97416554 282.80000000 0.97236781 0.97707507 0.97293379
0.97166660 176.50000000 0.96849555 0.97313606 0.97442302
0.94473350 182.80000000 0.93987288 0.93974119 0.95257207
0.94716056 276.50000000 0.95772295 0.94521921 0.93943129
0.94467271 182.80000000 0.93985584 0.94059451 0.95322056
0.94473350 182.80000000 0.93987288 0.93974119 0.95257207
0.91732888 182.80000000 0.91888362 0.91003174 0.91942729
0.91709577 276.50000000 0.93163412 0.92004420 0.90277007
0.91025964 195.30000000 0.92238913 0.89847930 0.90752714
0.90495754 164.00000000 0.90957648 0.89260664 0.91142196
0.90934258 195.30000000 0.92137709 0.89815061 0.90815159
0.91025964 195.30000000 0.92238913 0.89847930 0.90752714
0.93794264 195.30000000 0.93925797 0.93258658 0.94068403
0.92984070 164.00000000 0.92646266 0.92170457 0.94085118
0.97018729 295.30000000 0.97043958 0.97414605 0.96622027
0.97047588 264.00000000 0.97065813 0.97126956 0.96911995
0.97021497 295.30000000 0.96941484 0.97398596 0.96719173
0.97018729 295.30000000 0.97043958 0.97414605 0.96622027
0.99151833 295.30000000 0.98759889 0.99188539 0.99490720
0.99090459 264.00000000 0.98893541 0.98863223 0.99534299
0.93918960 345.30000000 0.93801906 0.93911123 0.94092268
0.94208548 314.00000000 0.94728940 0.94522704 0.93455133
0.93922773 345.30000000 0.93816201 0.93918126 0.94100358
0.93918960 345.30000000 0.93801906 0.93911123 0.94092268
0.96699865 345.30000000 0.96726894 0.96703375 0.96689863
0.96908344 314.00000000 0.97022930 0.97225579 0.96512511
0.99144480 245.30000000 0.99006525 0.98875839 0.99480072
0.98973222 214.00000000 0.99017887 0.98558032 0.99283421
0.99144147 245.30000000 0.99008116 0.98880464 0.99477822
0.99144480 245.30000000 0.99006525 0.98875839 0.99480072
0.91075050 245.30000000 0.92591701 0.91140493 0.89564696
0.90838066 214.00000000 0.92033311 0.91042614 0.89475188
0.97865829 220.30000000 0.98142612 0.97672147 0.97823871
0.98033628 239.00000000 0.97860378 0.98218589 0.98037357
0.97819922 220.30000000 0.98114503 0.97537019 0.97795045
0.97865829 220.30000000 0.98142612 0.97672147 0.97823871
0.95325855 220.30000000 0.95836671 0.94716425 0.95537891
0.95732965 239.00000000 0.95919070 0.95587067 0.95787621
0.92701000 320.30000000 0.92886235 0.92797343 0.92416346
0.92602129 339.00000000 0.92333375 0.92899266 0.92616557
0.92688912 320.30000000 0.92875370 0.92799161 0.92393362
0.92701000 320.30000000 0.92886235 0.92797343 0.92416346
0.90078596 320.30000000 0.90475487 0.90630609 0.89126257
0.89856684 339.00000000 0.89676549 0.90799541 0.89165382
0.95821332 270.30000000 0.96184298 0.95794194 0.95510505
0.95678150 289.00000000 0.96263877 0.95893641 0.94993997
0.95813334 270.30000000 0.96214932 0.95789908 0.95473347
0.95821332 270.30000000 0.96184298 0.95794194 0.95510505
0.92677937 270.30000000 0.93656511 0.92820469 0.91598682
0.92433330 289.00000000 0.93413424 0.92704780 0.91440482
0.88788207 170.30000000 0.89207967 0.87213226 0.89691225
0.89631724 189.00000000 0.90311525 0.88545096 0.89906437
0.88842389 170.30000000 0.89216348 0.87405219 0.89740531
0.88788207 170.30000000 0.89207967 0.87213226 0.89691225
0.97653554 170.30000000 0.98066132 0.97418202 0.97509581
0.97883806 189.00000000 0.97843904 0.98141641 0.97703655
0.99209872 164.00000000 0.99242304 0.99087114 0.99250115
0.99415570 307.80000000 0.99160425 0.99728077 0.99416843
0.99210237 164.00000000 0.99245329 0.99089595 0.99253610
0.99209872 164.00000000 0.99242304 0.99087114 0.99250115
0.91416193 164.00000000 0.91295095 0.90320847 0.92487949
0.92267547 307.80000000 0.93079245 0.92665228 0.91157928
0.94549215 264.00000000 0.95742998 0.94096952 0.93871427
0.94128284 207.80000000 0.94806691 0.93571410 0.93853363
0.94520035 264.00000000 0.95632617 0.94085289 0.93863642
0.94549215 264.00000000 0.95742998 0.94096952 0.93871427
0.97803839 264.00000000 0.97654590 0.97806382 0.97948873
0.97545241 207.80000000 0.97223550 0.97689976 0.97643892
0.97131443 314.00000000 0.97323355 0.97421916 0.96691271
0.96449997 157.80000000 0.97198037 0.95828652 0.96374722
0.97069277 314.00000000 0.97232534 0.97423796 0.96652206
0.97131443 314.00000000 0.97323355 0.97421916 0.96691271
0.95347248 314.00000000 0.96149765 0.95292794 0.94673884
0.94618583 157.80000000 0.95321194 0.93571691 0.95086549
0.91222848 214.00000000 0.92426476 0.91223621 0.90048004
0.91687682 257.80000000 0.93131178 0.91763182 0.90197850
0.91222101 214.00000000 0.92550266 0.91017563 0.90040153
0.91222848 214.00000000 0.92426476 0.91223621 0.90048004
0.89129021 214.00000000 0.90276706 0.89302291 0.87921282
0.89455128 257.80000000 0.90268922 0.90440585 0.87708078
0.90170903 239.00000000 0.90970009 0.91220878 0.88287221
0.89954737 282.80000000 0.90637880 0.91074077 0.88146232
0.90168548 239.00000000 0.90998106 0.91260036 0.88269503
0.90170903 239.00000000 0.90970009 0.91220878 0.88287221
0.96781113 239.00000000 0.96835566 0.96953702 0.96613773
0.96710598 282.80000000 0.96913850 0.97150644 0.96025280
0.95755500 339.00000000 0.95588882 0.96069185 0.95646508
0.95349172 182.80000000 0.95118687 0.94893375 0.95887140
0.95722625 339.00000000 0.95500522 0.96052353 0.95646090
0.95755500 339.00000000 0.95588882 0.96069185 0.95646508
0.91098724 339.00000000 0.91326489 0.91334781 0.90684227
0.90527743 182.80000000 0.90729288 0.89490549 0.90940555
0.92969586 289.00000000 0.93770329 0.93299959 0.92056158
0.92789156 232.80000000 0.93962751 0.92649879 0.91740813
0.93005411 289.00000000 0.93769635 0.93309249 0.92173004
0.92969586 289.00000000 0.93770329 0.93299959 0.92056158
0.93488876 289.00000000 0.94378663 0.93586589 0.92666368
0.93555094 232.80000000 0.94458874 0.93566926 0.92629516
0.97991909 189.00000000 0.97828205 0.98248191 0.97850127
0.98287453 332.80000000 0.97874559 0.98472672 0.98538118
0.98044239 189.00000000 0.97836143 0.98421697 0.97896694
0.97991909 189.00000000 0.97828205 0.98248191 0.97850127
0.98626001 189.00000000 0.98297902 0.98696410 0.98842189
0.98858825 332.80000000 0.98433383 0.99104581 0.99074496
0.94840660 176.50000000 0.94463412 0.94553153 0.95546855
0.95056996 220.30000000 0.95843880 0.94303894 0.95159098
0.94791955 176.50000000 0.94500044 0.94328391 0.95531283
0.94840660 176.50000000 0.94463412 0.94553153 0.95546855
0.96767061 176.50000000 0.96660009 0.96821183 0.96899943
0.97052557 220.30000000 0.97473600 0.96877308 0.96864119
0.88897246 276.50000000 0.89828600 0.90028032 0.86964977
0.89729176 320.30000000 0.89891559 0.90542535 0.88730759
0.88981331 276.50000000 0.89870282 0.90044895 0.87226112
0.88897246 276.50000000 0.89828600 0.90028032 0.86964977
0.91101453 276.50000000 0.92663571 0.91409508 0.89390572
0.91604639 320.30000000 0.92242288 0.91546202 0.91006955
0.97486485 326.50000000 0.97272471 0.97899971 0.97301252
0.97670464 270.30000000 0.97427815 0.97651556 0.97889494
0.97460075 326.50000000 0.97358408 0.97710670 0.97337959
0.97486485 326.50000000 0.97272471 0.97899971 0.97301252
0.94420905 326.50000000 0.94319625 0.95013945 0.93970560
0.94564281 270.30000000 0.95537031 0.94410410 0.93735499
0.92114067 226.50000000 0.92798010 0.92578032 0.90870083
0.91308143 170.30000000 0.91387240 0.90189778 0.92129750
0.92099023 226.50000000 0.93037731 0.92466192 0.90622303
0.92114067 226.50000000 0.92798010 0.92578032 0.90870083
0.99426706 226.50000000 0.99314768 0.99336710 0.99596157
0.99178462 170.30000000 0.99274180 0.99107954 0.99088781
0.93248203 201.50000000 0.94087675 0.92543923 0.93048356
0.93351725 195.30000000 0.93639027 0.92603506 0.93622414
0.93261423 201.50000000 0.94160550 0.92487744 0.93007976
0.93248203 201.50000000 0.94087675 0.92543923 0.93048356
0.92554622 201.50000000 0.93792536 0.91525133 0.92311309
0.92673848 195.30000000 0.93319566 0.91679917 0.92739552
0.98902936 301.50000000 0.98407672 0.98997529 0.99306474
0.98915565 295.30000000 0.98370090 0.98969570 0.99392723
0.98905377 301.50000000 0.98416396 0.99006076 0.99301524
0.98902936 301.50000000 0.98407672 0.98997529 0.99306474
0.98404138 301.50000000 0.98021011 0.98586665 0.98636808
0.98408339 295.30000000 0.97983249 0.98542306 0.98699591
0.91057488 251.50000000 0.92661535 0.91148699 0.89461770
0.90961044 345.30000000 0.90964892 0.90782398 0.91188257
0.91102765 251.50000000 0.92763635 0.90989021 0.89663475
0.91057488 251.50000000 0.92661535 0.91148699 0.89461770
0.96263665 251.50000000 0.96511256 0.95830639 0.96467570
0.95627440 345.30000000 0.95399079 0.95777977 0.95720756
0.96180779 151.50000000 0.97331657 0.95017463 0.96287094
0.96820398 245.30000000 0.97060197 0.96782922 0.96625159
0.96176226 151.50000000 0.97317975 0.95117299 0.96234028
0.96180779 151.50000000 0.97331657 0.95017463 0.96287094
0.89986906 151.50000000 0.90378436 0.88444553 0.90901369
0.90063565 245.30000000 0.90942253 0.90749044 0.88585609
