50.00000000 132.30816753
50.00000000 125.22617172
50.00000000 127.51433907
50.00000000 124.15713645
50.00000000 127.31227057
50.00000000 126.39227104
50.00000000 125.21593864
50.00000000 124.06560171
50.00000000 128.10589356
50.00000000 124.27289513
50.00000000 125.40226864
50.00000000 125.68007950
200.00000000 450.60583654
200.00000000 452.54911138
200.00000000 450.66276229
200.00000000 450.46761644
200.00000000 451.42963222
200.00000000 451.78280002
200.00000000 451.15274077
200.00000000 450.36998050
200.00000000 449.20233604
200.00000000 450.91459361
200.00000000 449.81873177
200.00000000 451.74485506
275.00000000 271.36941832
275.00000000 271.23432234
275.00000000 270.98051764
225.86666667 4596.99328562
275.00000000 271.04164301
275.00000000 271.13311463
226.26666667 4478.97520518
225.93333333 4593.34441926
275.00000000 270.41609984
226.00000000 4573.67991014
226.60000000 4587.74072104
226.26666667 4495.22838368
125.00000000 621.78294703
125.00000000 621.57352624
125.00000000 619.97279121
125.00000000 270.63706476
125.00000000 621.48259135
125.00000000 620.92079702
125.00000000 270.28974111
125.00000000 272.37872979
125.00000000 621.79335658
125.00000000 270.46080790
125.00000000 269.96695497
125.00000000 269.88790401
162.53333333 530.29782581
161.66666667 530.92532242
162.53333333 529.53537591
162.53333333 711.05625920
162.53333333 531.15087899
237.53333333 530.60073196
197.46666667 5266.94851777
197.13333333 5314.34554597
237.46666667 530.39813920
197.00000000 5410.53648808
161.66666667 710.80933922
197.33333333 5377.49003209
312.46666667 181.31044858
312.53333333 181.43496977
312.46666667 180.27911435
312.46666667 359.95237110
312.46666667 180.76038660
87.53333333 180.26765149
87.53333333 359.55740188
87.46666667 361.73626882
87.46666667 181.49392882
87.46666667 361.95924383
312.53333333 360.29011589
87.46666667 360.67989335
197.66666667 5277.25285657
197.33333333 5433.88395077
197.40000000 5387.99703974
237.46666667 180.68084709
197.26666667 5551.51496676
162.46666667 711.23040129
162.46666667 180.89321141
162.46666667 180.11125173
162.46666667 710.92833852
162.46666667 179.91186416
237.53333333 181.60109450
162.46666667 179.14533084
87.46666667 362.81842051
87.46666667 359.64978031
87.46666667 360.86963654
87.46666667 529.22970665
87.46666667 362.61862614
312.53333333 361.35370546
265.06666667 3910.77634215
264.46666667 3811.66483741
312.53333333 360.43941799
264.13333333 3860.41449870
87.46666667 531.33939349
264.86666667 3824.98507976
187.26666667 5881.44745759
186.93333333 5757.68942360
187.06666667 5906.08083212
186.80000000 5803.62721329
186.86666667 5821.95553136
143.73333333 750.85428427
143.73333333 751.89657426
143.73333333 751.32377049
143.73333333 751.19383784
143.73333333 751.26681209
186.66666667 5729.67900398
143.73333333 751.49807882
68.73333333 399.43267273
68.73333333 399.90278245
68.73333333 400.78206715
68.73333333 401.05868753
68.73333333 400.84884331
293.73333333 400.92705333
293.73333333 400.95330605
293.73333333 400.77017464
293.73333333 399.68865205
293.73333333 400.27696631
68.73333333 403.99067917
293.73333333 400.93785335
143.73333333 581.12114273
143.73333333 579.56288370
143.73333333 581.59773752
143.73333333 230.04893504
143.73333333 582.12712734
222.60000000 715.39316073
218.73333333 231.35022268
218.73333333 230.43591759
218.73333333 581.94523375
218.73333333 231.65445169
143.73333333 231.55618444
218.73333333 230.60239118
293.73333333 232.09585509
293.73333333 231.08979335
293.73333333 230.77447035
241.46666667 4313.70037943
293.73333333 230.71235514
68.80000000 230.03728580
68.80000000 582.30265903
68.73333333 581.60967239
68.73333333 229.08907171
68.73333333 580.66445662
241.66666667 4390.19191719
68.73333333 579.22780726
331.26666667 310.76492175
331.20000000 310.59667056
331.26666667 310.08689034
331.26666667 140.78341014
331.26666667 311.08752179
331.26666667 310.05241055
331.26666667 140.95131914
331.20000000 142.00456247
331.20000000 311.80636064
331.20000000 142.28865698
331.20000000 140.18077456
331.20000000 139.91559573
181.26666667 660.63113349
180.40000000 660.01773132
181.26666667 661.95641943
181.26666667 490.31989378
181.26666667 662.09407605
181.26666667 662.17531408
181.26666667 490.50609759
180.40000000 491.52395567
180.40000000 660.23841222
180.40000000 489.79540075
180.40000000 492.62622138
180.40000000 491.44666501
106.26666667 141.66791529
106.26666667 141.31203289
106.26666667 140.43237513
106.26666667 660.28083091
106.26666667 140.72446478
106.26666667 140.82767306
106.26666667 661.39004071
106.26666667 661.10059433
106.26666667 143.27356643
106.26666667 660.22861095
106.26666667 660.49839511
106.26666667 662.23114759
256.26666667 490.60911975
256.20000000 490.78885660
256.26666667 490.95794527
256.26666667 309.81882117
256.26666667 491.55370654
256.26666667 490.74293526
256.26666667 310.89951876
256.20000000 312.33242256
256.20000000 490.46541851
256.20000000 310.88360995
256.20000000 310.58475722
256.20000000 310.22568783
134.40000000 418.75888020
134.40000000 420.49947943
134.40000000 419.91768267
134.40000000 691.30128654
134.40000000 420.43099896
96.86666667 420.40244524
96.86666667 689.81622050
96.66666667 690.48006645
96.66666667 419.65265553
96.66666667 692.15015566
133.06666667 690.39982019
96.66666667 690.86299616
182.20000000 3923.39114463
182.00000000 5086.10802825
284.40000000 298.98723722
284.40000000 341.34503287
181.86666667 3466.92436192
182.53333333 4662.15957676
246.86666667 318.24108945
246.86666667 341.05359362
246.86666667 340.96889990
246.86666667 318.27064784
284.33333333 282.65368007
246.86666667 317.62305965
209.33333333 252.35261237
209.40000000 251.54442322
209.33333333 251.58392536
209.33333333 160.34358691
209.33333333 250.88586938
321.86666667 251.05151844
321.86666667 160.75619860
321.86666667 160.48542776
321.86666667 250.70385412
321.86666667 160.92004143
209.40000000 161.79012037
321.86666667 160.35798366
59.40000000 602.87514056
59.33333333 602.61815443
59.40000000 600.18623842
59.40000000 513.69973050
59.40000000 603.36721930
171.00000000 601.16091366
171.00000000 511.10417088
171.86666667 510.89709258
171.86666667 600.23990061
171.86666667 510.41792775
59.33333333 512.06004026
171.86666667 510.29829584
96.93333333 692.21783217
96.86666667 691.17523933
96.93333333 690.17334718
96.93333333 249.60871190
96.93333333 692.19341278
203.60000000 4464.47485120
209.40000000 250.06781843
209.33333333 250.62046415
203.20000000 5524.76255600
209.33333333 251.50094499
96.86666667 250.38842362
209.33333333 250.48050411
246.86666667 340.32532400
246.93333333 341.91561699
246.86666667 341.55211627
233.86666667 4793.85124508
246.86666667 341.52123532
59.40000000 342.52291902
59.40000000 601.81932203
59.40000000 600.55922787
59.40000000 341.40411102
59.40000000 603.52276673
233.73333333 4708.93269726
59.40000000 600.89153906
275.20000000 3316.65714672
273.53333333 3787.75744840
274.60000000 3276.49080586
181.60000000 5283.73214247
275.06666667 3177.22789651
134.33333333 511.50921331
134.33333333 769.52597383
134.40000000 769.78629954
134.40000000 511.48388258
134.40000000 771.02459937
182.53333333 3842.57930301
134.40000000 771.55782083
171.86666667 162.10554046
171.86666667 161.93238735
171.86666667 161.97189661
171.86666667 420.78725910
171.86666667 160.92711324
284.40000000 161.75922134
284.40000000 421.85474624
284.40000000 420.91180089
284.40000000 159.99729912
284.40000000 420.17200797
171.20000000 420.37339980
284.40000000 420.99553422
298.20000000 1994.59819624
298.93333333 1418.03570212
298.00000000 1985.01613986
303.13333333 199.73409401
298.40000000 1892.77012169
190.66666667 470.69091008
190.66666667 202.59240410
190.66666667 201.67358026
190.66666667 471.88683222
190.66666667 200.03652924
302.26666667 200.33741420
190.66666667 202.09853033
153.13333333 120.38514965
153.13333333 120.77532131
153.13333333 121.36835321
153.13333333 551.35025438
153.13333333 120.55785099
340.66666667 121.39166486
255.40000000 3166.77800881
255.40000000 3522.74353807
340.60000000 122.36615517
255.06666667 3398.69385001
153.13333333 551.37488793
254.46666667 3418.63027156
78.13333333 638.60406473
78.13333333 641.82301150
78.13333333 640.96957740
78.13333333 730.66901467
78.13333333 639.91635046
219.13333333 4756.27898820
191.80000000 4560.22697328
192.00000000 5661.97510858
219.20000000 4616.77385290
192.06666667 5484.02313151
78.13333333 731.34822660
192.06666667 5618.90136651
228.13333333 290.35653750
228.13333333 290.18711175
228.13333333 289.88248293
228.13333333 379.75386171
228.13333333 290.87507825
115.60000000 291.10459922
115.60000000 381.17398005
115.20000000 379.95760698
115.20000000 291.06379694
115.20000000 380.33237376
228.13333333 381.26903924
115.20000000 381.86779380
265.60000000 200.05881185
265.60000000 200.36483884
265.60000000 201.52864827
219.40000000 4635.81847367
265.60000000 201.01787490
303.06666667 200.98225541
219.20000000 4050.51773206
219.20000000 3097.21851314
303.13333333 200.15041267
219.40000000 3111.02226705
218.40000000 4841.68023491
219.26666667 3694.90984711
115.66666667 551.41787537
115.60000000 552.44457131
115.66666667 551.52848425
115.66666667 290.36399624
115.66666667 550.52375654
153.13333333 550.85769650
153.13333333 290.06383176
153.13333333 291.63495628
153.13333333 551.42836116
153.13333333 291.28519264
115.60000000 290.49864990
153.13333333 290.14606648
190.66666667 380.17430408
190.60000000 379.90724545
190.66666667 380.08656565
190.66666667 121.58007437
190.66666667 380.27448968
78.13333333 379.13097616
78.13333333 120.30608108
78.13333333 120.20250877
78.13333333 381.39250480
78.13333333 120.21147946
190.60000000 118.97774882
78.13333333 121.36707272
192.13333333 3488.08135497
191.93333333 5604.20559913
191.86666667 3497.31669551
298.40000000 3470.18313707
191.60000000 3499.80247532
192.00000000 5120.79412415
228.13333333 470.44632563
228.13333333 471.73656653
191.20000000 5780.20445820
228.13333333 472.01795030
299.00000000 2812.89729787
228.13333333 471.87645719
92.20000000 589.13057623
92.20000000 592.50331555
92.20000000 589.72109195
92.20000000 569.57209165
92.20000000 590.54642963
64.06666667 591.41840456
64.06666667 571.68497456
64.06666667 570.26341943
64.06666667 592.38730235
64.06666667 572.34230947
92.20000000 570.06802152
64.06666667 572.39549437
242.13333333 239.93239372
242.20000000 240.59500399
242.13333333 241.30541462
242.13333333 220.61822274
242.13333333 240.99193347
214.06666667 239.38178712
214.06666667 220.24115669
214.06666667 221.70115537
214.06666667 238.50428428
214.06666667 221.24076324
242.20000000 221.60716861
214.06666667 220.48403637
316.00000000 145.28333768
317.20000000 144.98662317
184.53333333 4044.52408031
316.00000000 142.80965710
316.00000000 145.36537954
289.06666667 158.74215774
289.06666667 392.23965596
288.53333333 155.65750080
184.40000000 5416.03298335
288.53333333 390.98869087
317.20000000 389.27251969
288.53333333 391.29395520
167.20000000 411.07372284
167.20000000 410.84571617
167.20000000 410.06441315
167.20000000 740.58922401
167.20000000 412.71385335
139.06666667 409.25646408
138.20000000 741.68008381
138.73333333 740.10684930
138.73333333 408.99267676
138.73333333 741.05921998
167.20000000 703.04974395
138.73333333 740.77033096
129.66666667 150.32268225
129.73333333 150.61783015
129.66666667 150.08430347
129.66666667 300.97542080
129.66666667 150.09882153
251.53333333 151.24976660
251.53333333 301.45100601
251.53333333 301.60517666
251.53333333 149.68238428
251.53333333 299.86298238
129.73333333 302.72448217
251.53333333 301.04842202
280.46666667 3825.46293853
279.66666667 527.77812964
280.40000000 3884.82217654
215.46666667 6566.46013543
280.73333333 3812.68770039
101.60000000 501.28450342
101.60000000 652.40737450
101.53333333 650.64732479
101.53333333 499.35700995
101.53333333 650.27920379
215.53333333 4261.69173882
101.53333333 651.42798809
204.66666667 320.41415001
204.66666667 321.17927505
204.66666667 320.54853860
204.66666667 480.40445780
204.66666667 320.88852174
176.60000000 321.00823946
176.60000000 480.91226845
176.53333333 480.95843118
176.53333333 320.12093514
176.53333333 480.62991669
204.66666667 480.66953971
176.53333333 480.65481082
54.73333333 670.53597162
54.66666667 670.84051627
54.73333333 668.37068943
54.73333333 132.46124812
54.73333333 668.92322270
209.46666667 4031.31070299
326.53333333 130.54946865
326.53333333 130.61761875
209.26666667 4377.71383472
326.53333333 131.32124617
54.66666667 130.51900593
326.53333333 130.67340668
260.00000000 281.06389894
260.93333333 280.57820153
260.00000000 280.34952555
260.00000000 349.88969732
260.00000000 281.27084253
157.80000000 280.42315071
157.80000000 352.44965206
157.40000000 350.62524765
157.40000000 279.95221090
157.40000000 351.54504533
260.93333333 350.68177509
157.40000000 350.59921885
110.93333333 630.39198140
110.93333333 630.83494009
110.93333333 631.52277852
110.93333333 702.57932580
110.93333333 633.40250933
222.60000000 4531.70052403
200.13333333 2614.77436898
200.40000000 3885.73979526
222.06666667 4964.59680108
200.06666667 4865.83753358
110.93333333 702.37606512
200.20000000 3589.34469055
185.93333333 112.44539278
185.93333333 110.97107584
185.93333333 111.75710515
185.93333333 520.34159119
185.93333333 110.26664772
232.80000000 110.27203688
236.33333333 595.05642696
232.80000000 520.93506222
232.80000000 111.92209617
232.80000000 521.21625013
185.60000000 520.44421008
232.80000000 521.68975747
305.20000000 3435.09111013
304.46666667 3560.46113013
304.73333333 3442.73228589
335.93333333 171.05864375
305.20000000 3444.04515133
82.80000000 463.56476115
82.80000000 170.56544081
82.80000000 170.49375499
82.80000000 461.78074059
82.80000000 170.14722957
337.13333333 170.96721815
82.80000000 172.02015845
194.93333333 4520.40649812
194.53333333 5971.96410724
194.80000000 4508.92151890
228.66666667 4653.63452134
194.66666667 6189.74271104
194.53333333 3349.41545345
229.73333333 1571.61014175
229.26666667 4528.58541154
194.46666667 3957.70775151
229.73333333 4472.28252818
228.20000000 4657.17842795
229.86666667 4093.69029129
148.40000000 372.52634854
148.46666667 371.07117099
148.40000000 370.73215472
148.40000000 260.67238166
148.40000000 371.94085313
195.06666667 369.43119862
195.06666667 260.80642624
195.33333333 261.66370041
195.33333333 371.93170205
195.33333333 260.65729737
148.46666667 261.95475314
195.33333333 261.70199385
73.46666667 540.28796155
73.46666667 539.42969825
73.46666667 541.44219828
73.46666667 432.37555482
73.46666667 539.45001096
120.33333333 540.72097589
120.33333333 429.39550791
120.33333333 431.05458211
120.33333333 541.22783984
120.33333333 430.96603191
73.46666667 431.50453201
120.33333333 431.05201681
223.46666667 192.37333206
223.46666667 190.14959125
223.46666667 189.39854641
178.80000000 6058.72413515
223.46666667 190.80853641
270.26666667 189.97620129
179.80000000 7095.03018739
178.13333333 4530.83119996
270.33333333 190.93654103
178.60000000 4540.77035987
179.60000000 5118.15183168
178.40000000 4741.93861958
176.33333333 650.35522038
176.33333333 650.58180916
176.33333333 650.91187054
176.33333333 411.90037225
176.33333333 650.16114767
92.20000000 650.98342792
92.20000000 410.49214857
92.20000000 409.99553893
92.20000000 651.69706078
92.20000000 411.44640166
176.33333333 410.13176234
92.20000000 410.06575100
326.53333333 300.59291881
326.53333333 300.72397056
326.53333333 300.40288680
184.66666667 3696.75613628
326.53333333 300.25430505
242.20000000 300.29821657
184.73333333 5185.58707868
184.40000000 5296.37877449
242.20000000 300.82303458
184.26666667 5163.26382466
184.53333333 3716.87426304
184.46666667 5113.77891129
251.60000000 481.58941338
251.60000000 481.11805441
251.60000000 178.50960121
237.26666667 4485.02411257
251.60000000 480.80917251
292.46666667 3586.36594656
317.20000000 144.43684847
238.06666667 3967.92434402
317.20000000 143.37673156
317.20000000 144.29752568
251.60000000 179.93759565
317.20000000 144.08986767
101.60000000 131.65514284
101.60000000 130.11490258
101.60000000 131.06664932
101.60000000 239.50063328
101.60000000 132.00132487
167.20000000 130.16868321
167.20000000 240.17539867
167.20000000 241.21086449
167.20000000 129.52476958
167.20000000 240.36333606
101.60000000 242.26677021
167.20000000 241.66405713
64.06666667 392.21120726
64.00000000 392.23808608
64.06666667 389.58572608
64.06666667 502.06119124
64.06666667 388.52428881
204.73333333 390.59919055
204.73333333 500.92386625
204.66666667 499.60679365
204.66666667 390.65643049
204.66666667 500.16748599
64.00000000 500.86352640
204.66666667 500.57710095
188.80000000 5615.18419797
189.60000000 5720.24043157
189.80000000 5419.90253722
214.06666667 151.86148671
189.20000000 5445.60713589
54.66666667 740.77279461
54.66666667 149.76916238
54.66666667 152.64474667
54.66666667 740.95606953
54.66666667 151.83997755
214.06666667 152.18701270
54.66666667 148.82246914
289.06666667 221.15680174
289.06666667 220.32471856
289.06666667 221.86500206
289.06666667 320.51531059
289.06666667 220.40036490
129.73333333 220.95323079
129.73333333 319.51148431
129.66666667 320.88041673
129.66666667 221.20297524
129.66666667 320.97975401
289.06666667 321.59028966
129.66666667 320.90151061
139.06666667 571.52011910
139.06666667 571.74086012
139.06666667 571.10759414
139.06666667 671.71275417
139.06666667 572.26899115
246.13333333 4339.96442235
209.13333333 4846.82220753
209.13333333 5428.69950781
244.60000000 4373.54859235
209.06666667 5138.67865766
139.06666667 670.79529320
208.66666667 5332.95015360
345.33333333 260.02199349
344.13333333 260.63993675
345.33333333 260.98828201
305.73333333 3402.42352367
345.33333333 261.30509267
186.00000000 260.03710970
186.00000000 461.50303429
185.93333333 462.48830086
185.93333333 262.09847636
185.93333333 461.34475106
305.46666667 3269.14141409
185.93333333 461.95589931
195.33333333 611.36403164
195.33333333 610.35893825
195.33333333 610.32593374
195.33333333 111.25100156
195.33333333 611.15298639
230.46666667 4619.60410185
335.93333333 110.96203908
335.93333333 111.26717572
229.66666667 3476.30930194
335.93333333 111.67364172
195.33333333 111.97756080
335.93333333 111.24491994
119.73333333 431.32952782
120.33333333 431.34685427
119.73333333 430.90375621
120.33333333 279.94755068
119.73333333 430.71873937
260.93333333 429.33905397
260.93333333 280.75850300
260.93333333 280.62959729
260.93333333 430.72398484
260.93333333 280.63137361
120.33333333 279.42370234
260.93333333 281.63761707
179.80000000 6010.41530420
178.20000000 9971.99449412
179.86666667 4340.39131671
222.86666667 4745.72776509
179.33333333 6611.75898576
110.93333333 780.34044842
110.93333333 630.29995807
110.93333333 630.99121036
110.93333333 781.19893153
110.93333333 632.59245000
222.06666667 4384.43727348
110.93333333 630.33953940
232.80000000 500.12982776
232.86666667 500.92583203
232.80000000 521.72119227
232.80000000 370.66009062
232.80000000 500.36370607
298.46666667 404.59619599
298.46666667 369.60811489
298.46666667 371.21424470
269.66666667 3996.75549853
298.46666667 371.40521545
232.86666667 369.56647218
298.46666667 370.73180855
82.80000000 168.80702578
82.80000000 170.93039440
82.80000000 169.88815238
82.80000000 723.26517918
82.80000000 172.45006787
148.46666667 169.94349142
148.46666667 719.88111774
148.46666667 722.15136864
148.46666667 171.22892893
148.46666667 719.61173427
82.80000000 721.33010765
148.46666667 720.29184463
157.80000000 700.74716278
157.80000000 700.40446067
157.80000000 701.11933265
157.80000000 541.30395487
157.80000000 700.26595870
73.40000000 700.98067382
73.40000000 540.03318524
73.46666667 542.24401374
73.46666667 702.15162360
73.46666667 542.32315809
157.80000000 541.17408018
73.46666667 539.41265614
307.80000000 351.05592969
307.80000000 352.07677781
307.80000000 350.90002366
307.80000000 189.38827803
307.80000000 351.49114536
223.46666667 351.52391013
223.46666667 189.95277064
223.46666667 190.02375714
223.46666667 350.70047211
223.46666667 191.14512617
307.80000000 192.00757386
223.46666667 190.34832196
209.46666667 5141.19723419
209.13333333 4612.07600986
209.66666667 5038.50438584
244.53333333 241.72379863
209.33333333 5217.64354799
85.13333333 673.12828845
85.13333333 240.72177222
85.13333333 240.19760754
84.73333333 668.59793016
85.13333333 241.98506796
244.53333333 241.07461153
85.13333333 241.85828285
94.53333333 321.27052435
94.53333333 322.80354005
94.53333333 319.04630119
94.53333333 590.31066524
94.53333333 321.69568536
235.13333333 321.30275047
235.06666667 604.61897386
237.60000000 4118.94007261
235.13333333 321.74322097
237.46666667 4150.25473119
94.53333333 592.38520714
237.20000000 4307.96886327
169.53333333 490.51850887
169.53333333 491.75934733
169.53333333 491.06757859
169.53333333 768.64416790
169.53333333 490.50677438
286.20000000 3203.21586515
182.33333333 3941.71928858
181.73333333 5676.47997729
286.73333333 3221.98775360
182.00000000 4838.43060279
169.53333333 772.32258900
181.60000000 5332.94483571
319.53333333 140.29174991
319.53333333 141.28959842
319.53333333 140.74592134
319.53333333 422.11773151
319.53333333 140.31496745
160.13333333 141.03852354
160.13333333 420.10842691
160.20000000 422.23941116
160.20000000 141.12972877
160.20000000 420.38413292
319.53333333 422.37562487
160.20000000 419.91574273
282.00000000 226.12803245
282.00000000 226.17291370
282.00000000 410.73886887
282.00000000 230.90631977
282.00000000 226.51945798
272.66666667 233.23403392
206.66666667 4103.62960955
272.66666667 238.47611292
272.66666667 411.34852782
206.33333333 5269.65609087
205.93333333 5715.11707758
206.33333333 5124.04904533
132.00000000 761.24766896
130.73333333 761.15082673
132.00000000 759.87697321
132.00000000 331.50676781
132.00000000 759.57949844
121.33333333 761.10512945
122.66666667 331.01214989
122.66666667 329.59653811
121.80000000 761.22476985
122.66666667 332.10975025
132.00000000 331.34874481
122.66666667 332.00122447
57.06666667 231.01158843
57.06666667 232.53267364
57.06666667 230.46627560
57.06666667 161.39265693
57.06666667 231.47065616
197.66666667 230.57808383
197.66666667 159.22571359
197.66666667 161.47583377
197.66666667 231.33444164
197.66666667 161.35168010
57.06666667 161.55613243
197.66666667 160.60625664
207.00000000 580.38353572
207.00000000 580.54924125
207.00000000 483.36419159
207.00000000 510.44614110
207.00000000 580.45439855
241.66666667 4316.13105552
347.66666667 297.79038472
275.00000000 3620.60943087
347.66666667 299.73260629
347.66666667 297.93349063
207.00000000 474.70940092
347.66666667 297.49652457
113.26666667 191.56663582
113.26666667 190.03004489
113.26666667 190.67548014
113.26666667 641.27750298
113.26666667 190.30753561
141.40000000 192.15304939
140.46666667 641.12156992
141.40000000 641.47354471
141.40000000 191.54864273
141.40000000 641.24476550
113.26666667 641.32511145
141.40000000 640.34218794
259.33333333 2680.52944548
260.20000000 1421.48437515
260.40000000 2436.88205634
262.93333333 290.00648322
260.46666667 2352.61131683
259.93333333 3810.64707565
291.33333333 290.23624995
291.40000000 290.41144993
258.00000000 4085.76083935
291.40000000 290.98388836
263.26666667 290.59869423
291.40000000 290.72047764
338.26666667 360.89746501
336.73333333 361.12945877
338.26666667 362.24678648
338.26666667 111.33971288
338.26666667 360.41092017
216.46666667 361.02189134
216.46666667 111.60471307
216.40000000 112.28236644
216.40000000 360.93268523
216.40000000 111.21255162
336.73333333 110.72145980
216.40000000 109.70507033
188.26666667 710.97330547
188.26666667 712.07429198
188.26666667 711.74350313
188.26666667 460.67673744
188.26666667 713.71086863
66.40000000 711.47921799
66.40000000 460.62546525
66.40000000 460.03855013
66.40000000 708.04369592
66.40000000 462.23309495
188.26666667 459.66605709
66.40000000 461.62113742
150.80000000 450.27472831
150.80000000 450.69672663
150.80000000 451.69965264
150.80000000 201.03245434
150.80000000 450.69449157
310.86666667 3202.34090986
328.93333333 201.66722299
328.93333333 201.34508679
312.13333333 3446.04760438
328.93333333 201.05830911
150.80000000 200.29105517
328.93333333 200.50016135
300.80000000 101.27754722
300.80000000 102.53436605
300.80000000 100.02415080
255.13333333 4129.18290611
300.80000000 100.73175379
178.80000000 100.94985501
178.80000000 550.41225279
178.86666667 550.98554443
178.86666667 99.53061322
178.86666667 550.24172670
254.80000000 4064.40020977
178.86666667 550.75199092
221.86666667 3408.11069714
222.60000000 5138.24019899
220.73333333 3099.73002200
195.26666667 5400.57844136
220.93333333 3108.09246657
103.86666667 631.53869545
103.86666667 721.77994179
103.86666667 721.68690020
103.86666667 631.68478430
103.86666667 722.37727906
194.86666667 5245.46966480
103.86666667 721.63072444
75.53333333 281.52497735
75.80000000 281.27561267
75.53333333 281.23141620
75.53333333 368.77720878
75.53333333 280.15488919
253.86666667 281.54805540
253.86666667 371.70059344
253.86666667 370.47114371
253.86666667 281.35197051
253.86666667 371.14086630
75.80000000 370.45989253
253.86666667 369.66599036
250.26666667 4139.54684069
248.53333333 4138.89221320
250.20000000 4053.41535267
186.60000000 3744.73700876
250.33333333 4156.70000559
113.26666667 561.30041217
113.26666667 750.17703143
113.26666667 750.47018440
113.26666667 560.74351859
113.26666667 750.43006787
186.60000000 3809.83744924
113.26666667 751.25704081
178.93333333 210.63431881
178.86666667 210.56420270
178.93333333 211.12571726
178.93333333 399.41054979
178.93333333 211.72493129
263.26666667 210.97660840
263.26666667 401.08752061
263.26666667 401.75728040
263.26666667 210.11693638
263.26666667 400.84911477
178.86666667 401.87961238
263.26666667 401.03753110
103.93333333 730.14439883
103.93333333 732.42171584
103.93333333 731.65824065
103.93333333 219.95352364
103.93333333 731.32973422
191.00000000 4013.35811588
336.40000000 220.60944023
338.26666667 220.89854523
192.06666667 3720.96162940
338.26666667 220.19002106
103.93333333 222.71340843
338.26666667 219.86585791
253.93333333 380.39054790
253.93333333 380.97338774
253.93333333 381.37780738
246.00000000 3862.60020588
253.93333333 379.61632986
188.26666667 380.23415105
188.26666667 571.58835551
188.26666667 570.50692698
188.26666667 382.13700553
188.26666667 572.52558664
245.60000000 4612.16057013
188.26666667 570.72731144
216.40000000 118.94644743
216.40000000 122.27057674
216.40000000 122.27389649
216.40000000 130.43997181
216.40000000 120.12646694
225.80000000 120.85889481
225.80000000 131.14633746
225.80000000 130.92803097
225.80000000 120.91846364
225.80000000 130.97469458
216.40000000 132.24070490
225.80000000 130.44185537
66.40000000 471.22994646
66.40000000 469.61591054
66.40000000 470.86395346
66.40000000 480.11485324
66.40000000 466.87752253
75.80000000 471.23050026
75.80000000 479.28379114
75.80000000 480.86693361
75.80000000 472.53877797
75.80000000 481.33781287
66.40000000 480.82927545
75.80000000 481.22283253
141.40000000 299.90914419
141.40000000 301.71188618
141.40000000 168.26424850
141.40000000 660.75036911
141.40000000 299.62385024
150.80000000 300.38406494
150.80000000 166.16226490
150.80000000 660.01355089
150.80000000 159.38743187
150.80000000 166.18209364
141.40000000 177.04240754
150.80000000 165.81224887
215.93333333 4088.60285036
215.60000000 6597.00877014
215.40000000 4053.31965225
291.40000000 311.50535612
215.66666667 4507.45281765
215.86666667 4303.55490600
300.73333333 309.62547601
300.73333333 310.15480089
214.66666667 7211.92862416
300.73333333 311.14603514
291.40000000 310.31230354
300.73333333 311.46199944
197.66666667 341.75213782
197.60000000 341.23218105
197.66666667 340.68452619
197.66666667 179.55266684
197.66666667 340.71971754
169.53333333 339.93205670
169.53333333 181.65331503
169.53333333 181.36899266
169.53333333 341.45475431
169.53333333 182.76988949
197.60000000 181.78420304
169.53333333 181.00314913
203.20000000 4070.32708625
203.06666667 3370.02530890
202.60000000 4173.04407804
264.80000000 2894.55118522
203.20000000 4066.74857712
203.33333333 4680.91352321
264.93333333 3623.88584221
264.66666667 3859.84336356
202.93333333 4479.98529598
264.86666667 3831.52736630
264.46666667 3668.61232444
264.93333333 3863.78929030
272.66666667 171.36100572
272.66666667 171.74590367
272.66666667 170.86197297
200.53333333 4169.25371186
272.66666667 170.63998468
244.53333333 170.67635459
199.93333333 5057.71196487
200.33333333 4764.00851639
244.53333333 170.61287859
200.06666667 4848.01156102
199.73333333 5755.51094787
199.93333333 4893.62649623
122.66666667 520.14939404
122.66666667 521.47034689
122.66666667 520.49779657
122.66666667 351.05220327
122.66666667 520.08478822
94.53333333 519.27570813
94.53333333 351.38543315
94.53333333 351.73511222
94.53333333 522.31778885
94.53333333 352.80227023
122.66666667 351.79791811
94.53333333 350.84351124
85.13333333 780.10541048
85.06666667 779.75078832
84.33333333 781.30102512
84.33333333 791.64301515
84.33333333 781.55126181
179.86666667 5298.71137978
177.20000000 4173.01022285
177.46666667 4425.86332104
179.40000000 4295.29586539
177.40000000 4398.80695685
85.06666667 790.78552146
177.73333333 4388.89221853
235.13333333 431.99095448
235.13333333 431.86879273
235.13333333 430.57594610
235.13333333 440.85362949
235.13333333 430.77288319
132.00000000 430.63818906
132.00000000 441.80947237
132.06666667 440.48992667
132.06666667 431.32297646
132.06666667 440.51428111
235.13333333 440.66572251
132.06666667 441.68549799
232.53333333 4408.64003317
234.06666667 4533.75754253
232.86666667 4514.54930956
310.20000000 260.69170561
232.53333333 4547.89584513
57.06666667 601.54991502
57.06666667 260.11611788
57.06666667 260.98688892
57.06666667 599.91501815
57.06666667 261.41572682
310.13333333 261.13557179
57.06666667 259.73874778
160.20000000 251.48378083
160.20000000 250.42357891
160.20000000 251.08026809
160.20000000 610.71221722
160.20000000 250.77308631
207.00000000 251.14578224
207.00000000 610.97772924
207.06666667 610.86895539
207.06666667 251.45281907
207.06666667 608.62383286
160.20000000 610.64719238
207.06666667 609.74422081
202.33333333 371.23025945
202.33333333 372.56035886
202.33333333 371.21229652
202.33333333 520.76120419
202.33333333 370.01218797
71.13333333 372.32917348
71.13333333 520.78760648
71.06666667 521.33633178
71.06666667 371.37406103
71.06666667 519.45787279
202.33333333 521.82403966
71.06666667 519.70669550
52.40000000 723.02548498
52.33333333 720.03263183
52.40000000 720.58630866
52.40000000 172.04966071
52.40000000 721.92747232
193.60000000 5646.82587858
221.13333333 170.27651162
221.13333333 171.46349221
194.66666667 5645.04095650
221.13333333 170.78757710
52.33333333 172.76249798
221.13333333 172.22145117
127.40000000 200.53656966
127.33333333 198.96936974
127.40000000 200.91892164
127.40000000 340.69775490
127.40000000 201.33831799
296.06666667 199.77261939
296.06666667 339.73299295
296.13333333 340.29094980
296.13333333 201.09870263
296.13333333 339.75729331
127.33333333 339.46962271
296.13333333 340.68963660
254.40000000 4369.37587595
253.86666667 4361.66135494
253.80000000 4331.43333636
203.26666667 5307.27397122
254.00000000 4348.52301864
146.13333333 550.98773566
146.13333333 691.95894419
146.06666667 689.76485127
146.06666667 553.00255210
146.06666667 690.68391542
202.66666667 6591.76634757
146.06666667 693.55069371
