601.23856423 0.00000000
602.92487555 0.00000000
603.92678351 0.00000000
602.42792477 0.00000000
605.78308924 0.00000000
602.45963345 0.00000000
601.45695718 0.00000000
602.98362065 0.00000000
601.89736054 0.00000000
603.26324130 0.00000000
612.73399933 0.00000000
610.83084055 0.00000000
611.18491615 0.00000000
608.74942422 0.00000000
612.42135109 0.00000000
612.26371681 0.00000000
610.25764334 0.00000000
612.91386339 0.00000000
612.19232789 0.00000000
610.23463178 0.00000000
610.77940501 0.00000000
612.66596154 0.00000000
609.71910344 0.00000000
610.16290628 0.00000000
610.58320011 0.00000000
611.98543478 0.00000000
610.85612830 0.00000000
610.71621051 0.00000000
611.11893301 0.00000000
610.55922426 0.00000000
610.60342147 0.00000000
610.03101382 0.00000000
612.52129032 0.00000000
610.36763441 0.00000000
609.54732104 0.00000000
608.55482152 0.00000000
611.52403503 0.00000000
611.16734255 0.00000000
612.15814132 0.00000000
609.93105291 0.00000000
612.60027073 0.00000000
610.50640763 0.00000000
610.12521321 0.00000000
608.72502818 0.00000000
611.46264033 0.00000000
610.07970298 0.00000000
610.67819498 0.00000000
610.57752217 0.00000000
610.55254000 0.00000000
611.40297568 0.00000000
612.34324117 0.00000000
611.31416225 0.00000000
610.87486515 0.00000000
610.38482461 0.00000000
611.03330257 0.00000000
609.09936540 0.00000000
611.31992045 0.00000000
609.20466991 0.00000000
612.66122427 0.00000000
610.19082361 0.00000000
609.42281070 0.00000000
612.61771111 0.00000000
611.69320676 0.00000000
611.23393621 0.00000000
609.33098336 0.03323503
611.37882754 0.00547288
611.93139582 0.00717148
610.08822049 0.03072753
611.46034188 0.00000000
611.69033241 0.00673692
611.61331870 0.02168561
609.76080110 0.01597469
609.29629782 0.01481402
608.88289859 0.02293897
611.24568211 0.00000000
608.14877970 0.00000000
610.16332509 0.00000000
609.69685415 0.00000000
610.39047895 0.02180439
608.40348202 0.00000000
610.97682388 0.00000000
610.42302472 0.00000000
610.45115804 0.00000000
609.98302745 0.00000000
611.90180733 0.00000000
608.27827703 0.00000000
611.38989581 0.00000000
611.47055411 0.00000000
612.27626721 0.00000000
610.29268599 0.00000000
610.27705376 0.00000000
611.59090062 0.00000000
611.29515631 0.00000000
610.27790535 0.00000000
610.79040171 0.00000000
609.91603984 0.00000000
611.82659285 0.00000000
611.82827427 0.00000000
613.33978504 0.00000000
611.90983724 0.00000000
609.33879234 0.00362729
611.79909137 0.00485632
612.33249612 0.00331698
610.59688610 0.00090543
609.84296875 0.00150699
611.23288971 0.00120393
610.32209290 0.00069930
612.29080330 0.00277306
610.83215671 0.00000000
609.75772039 0.00069444
611.87346964 0.00000000
611.23227775 0.00000000
610.90874588 0.00000000
609.91930512 0.00000000
609.09688695 0.00000000
612.12042877 0.00000000
609.56066897 0.00000000
610.96532260 0.00000000
610.77157021 0.00000000
611.03113342 0.00000000
611.95647664 0.00000000
610.03340740 0.00000000
612.81859059 0.00000000
611.69656894 0.00000000
608.53538971 0.03129525
609.37973773 0.00626943
608.81546574 0.00693872
607.94946568 0.04138291
610.94717531 0.00000000
608.31977178 0.00876252
608.59634615 0.09424339
608.12676396 0.08878710
607.11923795 0.09416465
606.43437851 0.06400374
610.47259555 0.00000000
611.95822049 0.00000000
611.55067546 0.00000000
610.63573755 0.00000000
606.75538830 0.07283056
610.07379260 0.00000000
612.29666290 0.00000000
609.91357936 0.00000000
609.94293889 0.00000000
610.42115742 0.00000000
611.14635789 0.00000000
611.35129049 0.00000000
611.06022984 0.00000000
613.25349857 0.00000000
611.09040415 0.00000000
609.79128498 0.00000000
612.59627466 0.00000000
610.96454224 0.00000000
611.77342780 0.00000000
612.75834247 0.00000000
611.49394105 0.00000000
609.09974425 0.00000000
610.33855815 0.00000000
610.95694965 0.00000000
611.68499286 0.00000000
610.80759055 0.00000000
608.55827801 0.00000000
610.79514854 0.00000000
609.98971324 0.00000000
612.09456999 0.00000000
610.17785442 0.00000000
612.46998698 0.00000000
612.76428178 0.00000000
612.54656300 0.00000000
612.44065043 0.00000000
610.32944476 0.00000000
611.16338209 0.01534003
610.18000104 0.01406505
610.60164151 0.01094011
610.02295402 0.00043860
612.85295904 0.00000000
610.06389061 0.00000000
611.11212677 0.00000000
612.39065826 0.00000000
611.50880396 0.00000000
610.89775200 0.00000000
612.48326896 0.00000000
610.51519017 0.00000000
612.30468448 0.00000000
611.51862887 0.00000000
608.98144347 0.01220837
611.78219622 0.04393305
611.73776259 0.04529429
609.50306238 0.01002096
611.20711672 0.00000000
608.35629958 0.03773367
609.02481946 0.00000000
611.33851996 0.00000000
611.25688284 0.00000000
610.72740290 0.00000000
611.49801261 0.00000000
609.40177567 0.00000000
612.52966102 0.00000000
608.87103059 0.00000000
610.16359829 0.00000000
613.07724528 0.00000000
611.55294267 0.00000000
611.65498304 0.00000000
609.58825801 0.00000000
611.81887133 0.00000000
611.41771716 0.00104712
610.74527916 0.00210254
611.04239974 0.00000000
611.59445898 0.00104167
611.04345024 0.00000000
609.15717201 0.00103093
596.52671248 0.04385186
610.47121114 0.00000000
574.30144366 0.04492738
595.63183284 0.05573374
596.40156692 0.04329364
574.04445355 0.05336309
610.32740160 0.00000000
610.36180435 0.00000000
610.90848048 0.00000000
610.50109123 0.00000000
605.33278588 0.11680181
604.47793120 0.11705876
606.15127697 0.13636052
605.00844567 0.12320905
610.87099911 0.00000000
610.60295269 0.00000000
609.67700022 0.00000000
610.87946955 0.00000000
606.68468904 0.13114441
611.05290335 0.00000000
609.45609758 0.00000000
610.84134372 0.00000000
613.35496740 0.00000000
612.09097875 0.00000000
611.39846854 0.00000000
610.10034542 0.00000000
611.21910426 0.00000000
611.84506868 0.00000000
611.21949130 0.00000000
611.60090544 0.00000000
610.53758810 0.00000000
611.90919473 0.00000000
612.38966543 0.00000000
611.31468228 0.00000000
608.36083855 0.00311426
609.94536148 0.00824764
610.13449973 0.01651205
610.30590949 0.00726090
611.43381094 0.00000000
610.50085781 0.01485283
611.48534483 0.00000000
609.38508702 0.00000000
609.62148094 0.00000000
610.58919823 0.00000000
611.26299028 0.00000000
610.92510773 0.00000000
610.63690095 0.00000000
611.91610536 0.00000000
611.03948138 0.00000000
610.50238209 0.00000000
611.47345314 0.00000000
611.64932957 0.00000000
611.87355467 0.00000000
611.51811487 0.00000000
611.43228790 0.00000000
610.66645256 0.00000000
609.41911886 0.00000000
610.79528910 0.00000000
610.81566377 0.00000000
611.67161422 0.00000000
609.22761460 0.02150945
609.70096014 0.01140408
608.48482674 0.01981271
610.08119888 0.01513794
612.16144365 0.00000000
612.10525058 0.00000000
610.81597970 0.00000000
611.57470475 0.00000000
609.76467354 0.01141351
610.59767705 0.00000000
612.03292877 0.00073529
610.61398250 0.00000000
610.42320561 0.00000000
609.52147049 0.00000000
612.46306969 0.00000000
609.92478669 0.00000000
609.47280481 0.00000000
610.40191290 0.00000000
611.41842147 0.00000000
610.91924834 0.00000000
611.09686337 0.00000000
610.83282687 0.00000000
611.66886187 0.00000000
610.85576525 0.00000000
611.50828962 0.00000000
612.03012865 0.00000000
609.73423221 0.00000000
609.49157001 0.00000000
611.46862005 0.00000000
609.20414428 0.00000000
610.75608242 0.00000000
611.21160101 0.00000000
608.76555454 0.00000000
612.14028285 0.00000000
605.34372460 0.08107855
603.77089331 0.17705060
603.24667017 0.16081195
605.80845906 0.08706712
610.97276093 0.00000000
603.35514464 0.16399233
613.92581823 0.00000000
591.25393267 0.12729163
609.41197740 0.00000000
612.21149718 0.00000000
609.41314318 0.00000000
612.17372881 0.00000000
591.42246926 0.04735706
608.99778162 0.04254234
609.74887878 0.01834552
609.19113019 0.01326241
609.40711195 0.00000000
608.92913824 0.00000000
611.19683188 0.00000000
609.60391133 0.00000000
611.20345047 0.00000000
610.62979739 0.00000000
612.71781600 0.00000000
611.41039556 0.00000000
609.71318373 0.00000000
610.05222853 0.00000000
606.13955138 0.02943411
605.99740798 0.03431252
608.19947173 0.02522156
607.32243048 0.05421798
611.30377194 0.00000000
610.96744744 0.00140626
612.72512193 0.00081969
610.78971263 0.00123628
606.84219325 0.04454436
610.50078144 0.00165465
611.42191326 0.00000000
611.55375447 0.00000000
611.78841539 0.00000000
612.05017257 0.00000000
609.35645825 0.00000000
610.35325684 0.00000000
611.08377225 0.00000000
609.81481576 0.00000000
610.23977040 0.00000000
611.01984284 0.00000000
613.11671049 0.00000000
609.73018050 0.00000000
614.05581758 0.00000000
609.61702779 0.00000000
613.24559679 0.00000000
611.25614230 0.00000000
609.74358426 0.00000000
609.85160719 0.00000000
610.97897538 0.00000000
610.61327809 0.00000000
611.56389837 0.00000000
611.64584874 0.00000000
609.40992978 0.00000000
612.89784394 0.00000000
610.07580821 0.00000000
611.28938889 0.00000000
612.34907455 0.00000000
611.30026325 0.00000000
611.08798822 0.00000000
611.58045809 0.00000000
612.01475436 0.00000000
611.70607989 0.00000000
611.87659680 0.00000000
610.71646251 0.00000000
612.02283348 0.00000000
612.31800212 0.00000000
612.95932216 0.00000000
611.65512406 0.00000000
612.22371931 0.00000000
610.06889093 0.00000000
611.40709480 0.00198729
611.82974633 0.00487830
609.76300717 0.00198736
611.04219974 0.00596819
610.78106595 0.00000000
611.10000898 0.00000000
610.75433332 0.00000000
611.38719421 0.00000000
611.27080777 0.00782190
611.50441078 0.00000000
609.44682024 0.00000000
611.17718254 0.00000000
610.95633594 0.00000000
609.92626371 0.00000000
607.30852019 0.12706995
606.44594110 0.07194131
607.19303030 0.06026936
606.20796176 0.11522848
609.28400673 0.00000000
607.24771044 0.04397306
610.22561069 0.00000000
610.66770345 0.00000000
612.70443914 0.00000000
611.11319635 0.00000000
609.42053091 0.00000000
611.25531516 0.00000000
610.79485905 0.00000000
610.55664148 0.00000000
610.53752635 0.00000000
610.14986815 0.00000000
611.80136722 0.00000000
610.50732042 0.00000000
609.87340976 0.00000000
611.32485303 0.00000000
612.71491013 0.00000000
611.03548775 0.00000000
612.15536547 0.00000000
612.30797016 0.00000000
613.02462712 0.00000000
611.14072247 0.00000000
571.61076559 0.00366815
611.51064433 0.00000000
585.21029378 0.00212597
570.24107113 0.13629112
570.33758814 0.00212169
585.92032648 0.13625833
611.61523126 0.00000000
610.07832578 0.00000000
613.05156720 0.00000000
611.29596600 0.00000000
609.09835035 0.00102302
609.62133773 0.00974461
611.96227954 0.00000000
608.64151245 0.00102041
609.84554596 0.02153083
610.44208085 0.01841077
610.07010646 0.02761004
611.13182951 0.01565482
611.01816477 0.00039742
612.02095778 0.01625526
608.12436226 0.04237650
610.35144693 0.03384998
611.23564010 0.04109965
610.88211664 0.04504807
610.98926183 0.00000000
612.34548072 0.00000000
610.24776878 0.00000000
611.39747056 0.00000000
609.68458989 0.02548004
612.15191295 0.00000000
610.55804210 0.00000000
611.45333952 0.00000000
612.03939988 0.00000000
611.50824859 0.00000000
610.74632755 0.00000000
611.03174240 0.00032787
610.42620755 0.00000000
610.67994909 0.00066667
609.44336098 0.00000000
611.46463498 0.00000000
611.89115619 0.00000000
614.38191411 0.00000000
610.70663456 0.00000000
611.23512875 0.00000000
610.79671748 0.00000000
611.28378100 0.00000000
612.24913964 0.00000000
610.70190030 0.00000000
609.40757063 0.00000000
610.44879565 0.00000000
607.92792074 0.00000000
610.72208262 0.00000000
609.35138139 0.00000000
612.02637159 0.00000000
612.26692018 0.00000000
611.09475924 0.00000000
609.97908552 0.00000000
611.63499446 0.00000000
610.48432661 0.00000000
611.25934294 0.00000000
609.51147336 0.01634679
610.26165865 0.01754666
612.23013699 0.01634580
610.96697519 0.00410959
611.90525731 0.00000000
609.18776379 0.00000000
611.77185181 0.00000000
610.22758565 0.00000000
609.13478154 0.00338994
611.14225364 0.00000000
611.04972517 0.00000000
611.31302822 0.00000000
610.42028330 0.00000000
610.25987931 0.00000000
611.18904086 0.00000000
610.58299224 0.00000000
611.12793313 0.00000000
610.62084481 0.00000000
610.92786592 0.00000000
610.34612976 0.00000000
611.28404097 0.00000000
613.08548569 0.00000000
611.04590976 0.00000000
610.97621961 0.00000000
610.80925710 0.00000000
611.11946418 0.00000000
610.83037795 0.00000000
610.80261672 0.00000000
610.43830095 0.00000000
612.73173530 0.00000000
610.74006930 0.00000000
610.72243536 0.00000000
612.90144374 0.00000000
610.14311036 0.00000000
610.52554311 0.00068027
610.94466715 0.00134682
610.38105484 0.00098039
612.72176537 0.00000000
611.03363971 0.00000000
608.37081658 0.00098039
612.60678723 0.00000000
610.79763660 0.00000000
610.63336186 0.00000000
611.43653163 0.00000000
611.26518934 0.00000000
611.77632053 0.00000000
611.25709860 0.00000000
612.20100771 0.00000000
611.82762096 0.00000000
610.18914454 0.00000000
611.50804949 0.00514875
611.92467093 0.00000000
605.65374273 0.08442984
611.10070292 0.00652058
609.28685439 0.07263588
605.03482699 0.10466431
610.67815569 0.05471226
608.99179648 0.07199272
612.33319098 0.00000000
608.73752132 0.04860598
611.22967974 0.00000000
609.88952242 0.00000000
610.12719560 0.00000000
612.19499959 0.00000000
610.86542288 0.00000000
609.91785468 0.00000000
610.68314675 0.00000000
609.69209859 0.00000000
611.10281784 0.00000000
611.27092929 0.00000000
601.77650369 0.15415425
603.08813002 0.17048937
603.09348526 0.18231151
602.89934046 0.24896728
608.87741313 0.00000000
610.45014575 0.00000000
612.47302413 0.00000000
610.02723985 0.00000000
601.76487957 0.22527394
610.63829807 0.00000000
610.64564510 0.00000000
580.51383110 0.03155733
610.52413036 0.00000000
610.62641967 0.00000000
612.08986085 0.00000000
610.06203707 0.00000000
580.62222827 0.02396917
564.80045646 0.03162621
565.10286333 0.02601080
565.85458544 0.02829018
611.16772218 0.00000000
611.31426924 0.00000000
611.28573584 0.00000000
611.98819617 0.00000000
604.11296719 0.20180968
603.82036425 0.17677171
601.34493217 0.17114849
604.80444497 0.19424032
610.28144935 0.00000000
603.33139635 0.18007961
609.21467939 0.03908956
609.02318969 0.03410607
609.21924484 0.04290224
609.00521466 0.03280243
610.44502665 0.00000000
611.45481471 0.00000000
611.07571042 0.00000000
611.68967292 0.00000000
608.99242257 0.04401009
610.08090579 0.00000000
610.94880791 0.00000000
609.99726454 0.00000000
611.00387671 0.00000000
610.78430214 0.00000000
612.51320323 0.00000000
610.46225021 0.00000000
611.70314153 0.00000000
610.77343545 0.00000000
611.60817474 0.00000000
609.52184576 0.00000000
611.73079698 0.00000000
610.04294229 0.00000000
612.32198718 0.00000000
610.94577088 0.00000000
612.35834000 0.00000000
610.91767030 0.00000000
611.05141000 0.00000000
610.27586547 0.00000000
610.52374742 0.00000000
611.11977454 0.00000000
611.17481227 0.00035461
611.87926200 0.00000000
611.12839910 0.00000000
611.94543472 0.00107271
610.03850070 0.00000000
611.33057893 0.00000000
613.51150751 0.00000000
611.40882550 0.00000000
612.33382100 0.00000000
615.08905528 0.00000000
609.81814694 0.00000000
611.14463724 0.00000000
612.12710443 0.00000000
609.58824646 0.00000000
610.50077278 0.00000000
612.40231993 0.00000000
609.23201963 0.00000000
611.30841102 0.00000000
610.97442474 0.00000000
610.74262724 0.00000000
610.54369168 0.00000000
611.95285314 0.00000000
609.38088624 0.00000000
610.36445286 0.00000000
611.13522793 0.00734007
611.20559390 0.01111492
611.43035181 0.01395388
612.84761734 0.00713479
610.71404347 0.00000000
609.51856212 0.01329882
612.67709144 0.00000000
609.98475592 0.00000000
610.57809394 0.00000000
610.63977833 0.00000000
611.94519704 0.00000000
611.22272276 0.00175439
610.42911007 0.00122951
611.03899637 0.00205442
611.27599310 0.00000000
610.02945381 0.00040984
611.50180705 0.00000000
612.20558119 0.00000000
611.01310233 0.00000000
611.13484773 0.00000000
609.91529400 0.00000000
608.63141171 0.00000000
612.65534742 0.00000000
612.32682831 0.00000000
611.00608978 0.00000000
613.24649105 0.00000000
611.82827935 0.00000000
611.18387512 0.00000000
611.13112569 0.00000000
610.88129996 0.00000000
610.87928776 0.00000000
610.30574215 0.00000000
610.38119873 0.00000000
611.52296697 0.00000000
611.88696177 0.00000000
612.13438734 0.00000000
610.34230497 0.01212726
609.44855870 0.00407137
610.03112644 0.00759898
609.56400481 0.04470440
610.28504824 0.00000000
613.12598535 0.00000000
611.59115555 0.00000000
611.48192855 0.00000000
610.93295363 0.04099027
609.52604036 0.00000000
610.58612368 0.00118695
610.17001591 0.00070672
611.50023225 0.00117651
611.67083100 0.00177527
610.89353289 0.00000000
611.80072481 0.00000000
611.87564340 0.00000000
610.52561117 0.00000000
612.61179466 0.00106511
610.42782941 0.00000000
610.02590138 0.00000000
610.19004925 0.00000000
610.89672457 0.00000000
611.72113358 0.00000000
610.44766316 0.00000000
611.22136265 0.00000000
610.77632058 0.00000000
610.16887826 0.00000000
609.07397750 0.00000000
610.69135094 0.00000000
608.98581076 0.00000000
608.91584781 0.00000000
609.91202961 0.00000000
612.26656562 0.00000000
608.02757269 0.01675844
610.37942644 0.04830593
611.42938596 0.03865915
609.68963141 0.01760976
612.78537724 0.00000000
607.86231203 0.04048051
610.73291717 0.00000000
612.53118139 0.00000000
612.70242209 0.00000000
611.91000247 0.00000000
611.95858729 0.00000000
610.89273387 0.00000000
610.43862230 0.00000000
611.25514137 0.00000000
613.04066417 0.00000000
611.73086127 0.00000000
610.79107078 0.00000000
610.80839994 0.00000000
608.65422967 0.00000000
611.45057509 0.00000000
611.34835910 0.00000000
611.48352116 0.00000000
611.74035568 0.00000000
610.53925965 0.00000000
609.59505512 0.00000000
611.84876329 0.00000000
610.41099282 0.00797084
610.63944713 0.00759175
611.05671423 0.01254656
612.39400954 0.00418413
611.65598141 0.00000000
611.10957389 0.00000000
610.41184242 0.00000000
610.64630453 0.00000000
610.25937399 0.00341923
611.21474136 0.00000000
585.64051325 0.05411427
585.32736546 0.05475881
611.43621492 0.00256532
584.27400150 0.08563339
580.07620199 0.12717046
606.43044203 0.10817565
580.09519840 0.19215554
606.36388519 0.07565771
611.42659377 0.00274741
606.14196816 0.10762849
611.22233222 0.00000000
610.76801601 0.00000000
610.02367032 0.00000000
611.49663150 0.00000000
612.33079156 0.00000000
612.17801870 0.00000000
610.72694025 0.00000000
611.55571638 0.00000000
611.69711244 0.00000000
612.84778184 0.00000000
611.28317127 0.00000000
610.61002545 0.00000000
610.34968899 0.00000000
609.89625491 0.00000000
608.73452485 0.01059184
609.82542586 0.01260521
611.89625041 0.00926786
610.00897025 0.00861421
610.54680504 0.00000000
610.60974428 0.01124550
611.29958121 0.00000000
610.08050662 0.00000000
610.87284196 0.00000000
610.14794361 0.00000000
610.69682381 0.00000000
610.98800452 0.00000000
610.72393499 0.00000000
610.43798754 0.00000000
609.91988083 0.00000000
612.66312389 0.00000000
604.38474037 0.15508518
605.50604190 0.16777639
605.49895841 0.14514153
605.07031133 0.21132888
611.44147887 0.00000000
610.26625467 0.00000000
610.09133063 0.00000000
610.12918518 0.00000000
606.51174841 0.20111789
610.14989417 0.00000000
609.70370221 0.00000000
610.93051834 0.00000000
610.85242447 0.00000000
612.83473912 0.00000000
610.44374094 0.00000000
610.60679107 0.00000000
610.35841280 0.00000000
614.32110526 0.00000000
613.12596797 0.00000000
611.47520560 0.00000000
609.55774868 0.00000000
611.17317147 0.00000000
610.03738833 0.00000000
611.63523549 0.00000000
610.76922891 0.00000000
612.97855934 0.00000000
612.11634886 0.00000000
610.44692965 0.00000000
610.33171018 0.00000000
612.22162224 0.00000000
610.54712807 0.00000000
610.86927623 0.00000000
609.78173477 0.00000000
610.21845019 0.00000000
610.06833168 0.00000000
610.99802100 0.00000000
609.79558135 0.00000000
610.90289690 0.00000000
610.86776774 0.00000000
611.29743924 0.00000000
610.68586524 0.00064207
609.97052097 0.00097087
611.31479483 0.00032362
611.67541148 0.00000000
611.48049458 0.00870288
612.39132145 0.00323008
609.76722870 0.00384633
610.40982522 0.00671245
610.79510207 0.00000000
613.02203541 0.00289395
611.45072360 0.00000000
609.76181914 0.00000000
612.64654353 0.00000000
611.18102096 0.00000000
610.57752450 0.00000000
611.43507608 0.00000000
612.38378966 0.00000000
611.55485812 0.00000000
610.31412522 0.00000000
611.74922452 0.00000000
611.43359840 0.00000000
612.06320083 0.00000000
609.03311440 0.00000000
611.07809918 0.00000000
606.63837765 0.00454812
606.95402933 0.02684272
607.91580154 0.02958152
608.92374964 0.00368458
611.91288013 0.00000000
608.37327391 0.03693279
611.06615900 0.01496232
612.45490972 0.02403959
529.65867572 0.12299614
611.29018737 0.02108158
611.43274175 0.00000000
529.76121078 0.15434924
613.57426504 0.00000000
610.20587243 0.00000000
611.81106268 0.03914924
609.95481682 0.00000000
611.10186107 0.00000000
610.93429783 0.00000000
610.59534975 0.00000000
610.83353967 0.00000000
611.05655230 0.00000000
612.22128662 0.00000000
610.52043325 0.00000000
610.70001946 0.00000000
612.23834703 0.00000000
611.30201660 0.00000000
610.93130929 0.00000000
611.69357498 0.00000000
611.42911700 0.00000000
610.44606781 0.00000000
612.05075525 0.00000000
610.95267803 0.00000000
611.86652493 0.00000000
610.72707964 0.00000000
610.43214300 0.00000000
612.62346793 0.00000000
608.48322371 0.03950781
608.00091176 0.04556067
607.17741381 0.04046218
607.08473696 0.03950259
611.53813376 0.00967212
610.85658864 0.01058715
610.27208815 0.01413165
610.80957628 0.01821553
607.44789485 0.04506961
609.99269490 0.01416273
611.96375894 0.00000000
610.75912793 0.04192247
610.91711893 0.00000000
611.29967528 0.00000000
612.09648441 0.00000000
611.28665686 0.00000000
610.44585375 0.03686029
556.60538831 0.17633957
555.60737056 0.16891195
555.91839654 0.17033273
611.06885397 0.00000000
610.47731275 0.00000000
612.56715277 0.00000000
610.83930809 0.00000000
610.52434002 0.00000000
610.87723798 0.00000000
611.24566665 0.00000000
611.16872479 0.00000000
611.62878501 0.00000000
612.41132681 0.00000000
612.13723044 0.00000000
613.40032469 0.00000000
611.33487890 0.00000000
610.89388095 0.00000000
611.98173622 0.00000000
610.94649795 0.00000000
611.70064275 0.00000000
609.94723034 0.00000000
609.83772602 0.00000000
610.75669327 0.00000000
613.04384632 0.00000000
609.32655658 0.00000000
611.92730496 0.00000000
611.07069185 0.00000000
612.29378717 0.00000000
612.37801216 0.00000000
609.99142662 0.00000000
608.53108006 0.00000000
611.85186336 0.00000000
610.51345254 0.00000000
611.98906732 0.00000000
611.63015722 0.00000000
609.74657893 0.00000000
612.06202851 0.00000000
611.15190051 0.00000000
610.37647030 0.00000000
610.39939958 0.00000000
611.05729615 0.00000000
610.74824342 0.00000000
610.72177006 0.00000000
611.56581167 0.00000000
610.59695541 0.00000000
610.61887708 0.00000000
611.29110244 0.00000000
611.18527732 0.00000000
611.35315221 0.00046296
611.44786672 0.00032362
610.15731287 0.00000000
611.18383175 0.00000000
610.94917484 0.00000000
611.01301673 0.00149254
610.72826360 0.00187117
613.19400967 0.00000000
611.76421877 0.01366107
607.34456661 0.00000000
610.07188954 0.00000000
611.82524855 0.00000000
610.19133874 0.00000000
610.60874689 0.00812947
611.18665489 0.00000000
612.45681717 0.00000000
611.95508913 0.00000000
614.27033651 0.00000000
611.68766631 0.00000000
609.08008696 0.00000000
615.29072969 0.00000000
610.37636631 0.00000000
610.15928405 0.00000000
611.13914884 0.00000000
611.19484006 0.00000000
611.57879831 0.00000000
610.35239335 0.00000000
612.75431406 0.00000000
611.91221546 0.00000000
608.55706395 0.04722453
608.34495285 0.04536915
610.44895178 0.05697737
610.16774239 0.04986055
611.56205356 0.00000000
611.62968070 0.04949202
610.02536072 0.00909728
609.36541446 0.00629335
610.20154838 0.00767658
608.24655304 0.00769363
610.44922605 0.00000000
611.23518732 0.00000000
609.24211575 0.00000000
609.43961057 0.00000000
607.99665472 0.00866230
610.07852598 0.00000000
610.53034579 0.00000000
611.35584086 0.00000000
610.56518776 0.00000000
610.55885194 0.00000000
611.47392098 0.00000000
611.84578744 0.00000000
611.96841877 0.00000000
610.99280575 0.00000000
612.03780199 0.00000000
609.56145460 0.00000000
