0.90865386 50.00000000 0.87972029 0.89211902 0.93107883
0.90865386 50.00000000 0.87972029 0.89211902 0.93107883
0.90865386 50.00000000 0.87972029 0.89211902 0.93107883
0.90865386 50.00000000 0.87972029 0.89211902 0.93107883
0.90865386 50.00000000 0.87972029 0.89211902 0.93107883
0.90865386 50.00000000 0.87972029 0.89211902 0.93107883
0.94707241 200.00000000 0.94820676 0.93885687 0.95323444
0.94707241 200.00000000 0.94820676 0.93885687 0.95323444
0.94707241 200.00000000 0.94820676 0.93885687 0.95323444
0.94707241 200.00000000 0.94820676 0.93885687 0.95323444
0.94707241 200.00000000 0.94820676 0.93885687 0.95323444
0.94707241 200.00000000 0.94820676 0.93885687 0.95323444
0.92066676 275.00000000 0.93247174 0.92321817 0.90903414
0.92066676 275.00000000 0.93247174 0.92321817 0.90903414
0.92077243 275.00000000 0.93234788 0.92345041 0.90897443
0.92066676 275.00000000 0.93247174 0.92321817 0.90903414
0.97525348 275.00000000 0.97346050 0.97643578 0.97666224
0.97528292 275.00000000 0.97347403 0.97630999 0.97641888
0.97355955 125.00000000 0.99189324 0.96288602 0.96722029
0.97355955 125.00000000 0.99189324 0.96288602 0.96722029
0.97358013 125.00000000 0.99205570 0.96299183 0.96646911
0.97355955 125.00000000 0.99189324 0.96288602 0.96722029
0.91753590 125.00000000 0.92478888 0.91571345 0.91171386
0.91759119 125.00000000 0.92428414 0.91536394 0.91106331
0.98459352 162.50000000 0.98525345 0.98160909 0.98684852
0.98459352 162.50000000 0.98525345 0.98160909 0.98684852
0.98462416 162.50000000 0.98530946 0.98149890 0.98724754
0.98459352 162.50000000 0.98525345 0.98160909 0.98684852
0.98459352 162.50000000 0.98525345 0.98160909 0.98684852
0.98462416 162.50000000 0.98530946 0.98149890 0.98724754
0.93440679 312.50000000 0.94035973 0.93844407 0.92532498
0.93440679 312.50000000 0.94035973 0.93844407 0.92532498
0.93441771 312.50000000 0.93951341 0.93914247 0.92538703
0.93440679 312.50000000 0.94035973 0.93844407 0.92532498
0.93440679 312.50000000 0.94035973 0.93844407 0.92532498
0.93441771 312.50000000 0.93951341 0.93914247 0.92538703
0.96672060 237.50000000 0.96968726 0.96459864 0.96670106
0.96672060 237.50000000 0.96968726 0.96459864 0.96670106
0.96676035 237.50000000 0.96990226 0.96443518 0.96641121
0.96672060 237.50000000 0.96968726 0.96459864 0.96670106
0.90814366 237.50000000 0.92118336 0.91738274 0.88661065
0.90744171 237.50000000 0.92086314 0.91754682 0.88491867
0.91432863 87.50000000 0.91674633 0.90292790 0.93039006
0.91432863 87.50000000 0.91674633 0.90292790 0.93039006
0.91421598 87.50000000 0.91574212 0.90358265 0.92990057
0.91432863 87.50000000 0.91674633 0.90292790 0.93039006
0.96575235 87.50000000 0.96806252 0.95702605 0.97346731
0.96573598 87.50000000 0.96773670 0.95774194 0.97352203
0.94448434 106.30000000 0.93471532 0.94749162 0.95223598
0.94011399 218.80000000 0.95115312 0.93405896 0.93455513
0.94448434 106.30000000 0.93471532 0.94749162 0.95223598
0.94448434 106.30000000 0.93471532 0.94749162 0.95223598
0.99249609 106.30000000 0.99705882 0.98377932 0.99464286
0.99268519 218.80000000 0.99288784 0.99012934 0.99466287
0.99493550 256.30000000 0.99301851 0.99428118 0.99772727
0.99707889 68.80000000 0.99411765 0.99565217 1.00000000
0.99493550 256.30000000 0.99301851 0.99428118 0.99772727
0.99493550 256.30000000 0.99301851 0.99428118 0.99772727
0.94851457 256.30000000 0.95906876 0.94466953 0.94398109
0.94749339 68.80000000 0.95117079 0.93628312 0.95996800
0.91370203 331.30000000 0.91526509 0.91577742 0.91027723
0.91304851 143.80000000 0.91311913 0.90563665 0.92162028
0.91369533 331.30000000 0.91595302 0.91573229 0.90983608
0.91370203 331.30000000 0.91526509 0.91577742 0.91027723
0.91370203 331.30000000 0.91526509 0.91577742 0.91027723
0.91369587 143.80000000 0.91297741 0.90665850 0.92217173
0.96793324 181.30000000 0.96698952 0.96754702 0.96997248
0.97313485 293.80000000 0.97362696 0.97740658 0.96897612
0.96798218 181.30000000 0.96743154 0.96785442 0.96973346
0.96793324 181.30000000 0.96698952 0.96754702 0.96997248
0.96793324 181.30000000 0.96698952 0.96754702 0.96997248
0.97310558 293.80000000 0.97346979 0.97742149 0.96896519
0.95831170 143.80000000 0.96959291 0.94533811 0.96343002
0.95649675 331.30000000 0.95439916 0.96146133 0.95451604
0.95817652 143.80000000 0.96950831 0.94440014 0.96319130
0.95831170 143.80000000 0.96959291 0.94533811 0.96343002
0.89785790 143.80000000 0.89851459 0.88489790 0.91155154
0.90041821 331.30000000 0.89800125 0.90960845 0.89421837
0.90128329 293.80000000 0.90536451 0.91518608 0.88520803
0.89732510 181.30000000 0.89875281 0.88551300 0.90746036
0.90123825 293.80000000 0.90490786 0.91513799 0.88501922
0.90128329 293.80000000 0.90536451 0.91518608 0.88520803
0.96051759 293.80000000 0.96311754 0.96480651 0.95404253
0.95143515 181.30000000 0.95075002 0.94395744 0.95995159
0.97986661 218.80000000 0.98210275 0.97612509 0.98032001
0.98400584 106.30000000 0.99428105 0.97625538 0.98157387
0.97988799 218.80000000 0.98213726 0.97604625 0.98022765
0.97986661 218.80000000 0.98210275 0.97612509 0.98032001
0.97986661 218.80000000 0.98210275 0.97612509 0.98032001
0.98401318 106.30000000 0.99388889 0.97627932 0.98109562
0.93470893 68.80000000 0.94096512 0.92480019 0.94411147
0.93288718 256.30000000 0.94622913 0.92865564 0.92638813
0.93597065 68.80000000 0.94546676 0.92645015 0.94400398
0.93470893 68.80000000 0.94096512 0.92480019 0.94411147
0.93470893 68.80000000 0.94096512 0.92480019 0.94411147
0.93372156 256.30000000 0.94523655 0.92796549 0.92845427
0.96416537 78.10000000 0.96306624 0.95462335 0.97781725
0.96194779 134.40000000 0.97394218 0.95107746 0.96207107
0.96429560 78.10000000 0.96150631 0.95491964 0.97744541
0.96416537 78.10000000 0.96306624 0.95462335 0.97781725
0.99229062 78.10000000 0.98730435 0.99655172 0.99175084
0.98436656 134.40000000 0.99387255 0.97533730 0.98403669
0.90932421 228.10000000 0.92150975 0.91531355 0.88973105
0.90924959 284.40000000 0.92101828 0.91471469 0.89208033
0.90936040 228.10000000 0.92006160 0.91656085 0.89047546
0.90932421 228.10000000 0.92150975 0.91531355 0.88973105
0.92945431 228.10000000 0.93903289 0.92979683 0.91829462
0.93389128 284.40000000 0.94305670 0.93546982 0.92381831
0.99111466 303.10000000 0.98759991 0.99194310 0.99388089
0.98857672 209.40000000 0.98437360 0.98674778 0.99408013
0.99111466 303.10000000 0.98759991 0.99194310 0.99388089
0.99111466 303.10000000 0.98759991 0.99194310 0.99388089
0.90707040 303.10000000 0.91208016 0.91823989 0.89211106
0.90210259 209.40000000 0.91242170 0.89683135 0.89476691
0.93538101 153.10000000 0.93616118 0.92425069 0.94400196
0.94600823 59.40000000 0.92531863 0.96178788 0.94346706
0.93538101 153.10000000 0.93616118 0.92425069 0.94400196
0.93538101 153.10000000 0.93616118 0.92425069 0.94400196
0.95955555 153.10000000 0.96692072 0.94920783 0.96265306
0.96115045 59.40000000 0.95809876 0.97700000 0.94801251
0.92290513 190.60000000 0.92258776 0.91564717 0.92816210
0.92354807 96.90000000 0.91420904 0.92166361 0.93475288
0.92232322 190.60000000 0.92084612 0.91572114 0.92762321
0.92290513 190.60000000 0.92258776 0.91564717 0.92816210
0.91712108 190.60000000 0.92111717 0.90888745 0.91838882
0.91841267 96.90000000 0.91646684 0.90949318 0.93291332
0.97738349 340.60000000 0.97424944 0.97887902 0.97980347
0.98015292 246.90000000 0.97899030 0.98065568 0.98096479
0.97683118 340.60000000 0.97339372 0.97798264 0.97972075
0.97738349 340.60000000 0.97424944 0.97887902 0.97980347
0.97268611 340.60000000 0.97070116 0.97621082 0.97170428
0.97610615 246.90000000 0.97525447 0.97660381 0.97632830
0.89455688 265.60000000 0.90431439 0.90538673 0.87683968
0.89899583 321.90000000 0.90119541 0.90439789 0.89110571
0.89390367 265.60000000 0.90432396 0.90415180 0.87571078
0.89455688 265.60000000 0.90431439 0.90538673 0.87683968
0.99737261 265.60000000 0.99448465 0.99880952 0.99892473
0.99750175 321.90000000 0.99725365 0.99822219 0.99709263
0.95078275 115.60000000 0.94791653 0.94999102 0.95484590
0.94706539 171.90000000 0.94586378 0.94006305 0.95628692
0.95072662 115.60000000 0.94907257 0.94919384 0.95520473
0.95078275 115.60000000 0.94791653 0.94999102 0.95484590
0.94649413 115.60000000 0.94458320 0.94346324 0.95151257
0.94184944 171.90000000 0.93705104 0.93562219 0.95280499
0.99173066 96.90000000 0.99314286 0.98888729 0.99094649
0.98517651 303.10000000 0.98270286 0.98687573 0.98611136
0.99174118 96.90000000 0.99348739 0.98938172 0.99158730
0.99173066 96.90000000 0.99314286 0.98888729 0.99094649
0.91239590 96.90000000 0.90310444 0.91074854 0.92309717
0.91211099 303.10000000 0.91577352 0.92120108 0.90022496
0.93392085 246.90000000 0.94579831 0.93017345 0.92613690
0.93010791 153.10000000 0.92788150 0.91835439 0.94233612
0.93432459 246.90000000 0.94412680 0.93117396 0.92889686
0.93392085 246.90000000 0.94579831 0.93017345 0.92613690
0.96959699 246.90000000 0.97058652 0.96909714 0.96909564
0.96537082 153.10000000 0.97240152 0.95674959 0.96619030
0.96054114 321.90000000 0.95993028 0.96571394 0.95644868
0.95660416 78.10000000 0.95927008 0.94777801 0.96631745
0.96054114 321.90000000 0.95993028 0.96571394 0.95644868
0.96054114 321.90000000 0.95993028 0.96571394 0.95644868
0.99161482 321.90000000 0.98791526 0.99268744 0.99429979
0.99490425 78.10000000 0.99180602 0.99655172 0.99565217
0.89710499 171.90000000 0.90018130 0.88430021 0.90394682
0.90486807 228.10000000 0.91395928 0.91141802 0.88841675
0.89710499 171.90000000 0.90018130 0.88430021 0.90394682
0.89710499 171.90000000 0.90018130 0.88430021 0.90394682
0.93142925 171.90000000 0.92862876 0.92473430 0.93878153
0.93993409 228.10000000 0.94721563 0.93879483 0.93301902
0.91820063 134.40000000 0.91486557 0.91589358 0.92448941
0.91685339 265.60000000 0.92878235 0.91971909 0.90500217
0.91793096 134.40000000 0.91441717 0.91573334 0.92420871
0.91820063 134.40000000 0.91486557 0.91589358 0.92448941
0.97991502 134.40000000 0.99146942 0.97113761 0.97808735
0.97852225 265.60000000 0.97662589 0.97715614 0.98201271
0.97429877 284.40000000 0.97248232 0.97708341 0.97320936
0.96715866 115.60000000 0.97808862 0.96473261 0.95971945
0.97432464 284.40000000 0.97288387 0.97829377 0.97229164
0.97429877 284.40000000 0.97248232 0.97708341 0.97320936
0.92539705 284.40000000 0.93535121 0.92648969 0.91405446
0.92482234 115.60000000 0.92408401 0.92403237 0.92791973
0.94316127 209.40000000 0.95059033 0.93629805 0.94262634
0.94385412 190.60000000 0.93944437 0.93810419 0.95262973
0.94411843 209.40000000 0.95041607 0.93829050 0.94377653
0.94316127 209.40000000 0.95059033 0.93629805 0.94262634
0.89540657 209.40000000 0.90551066 0.88964647 0.88935373
0.89547769 190.60000000 0.90446678 0.88314232 0.89533500
1.00000000 59.40000000 1.00000000 1.00000000 1.00000000
0.99646444 340.60000000 0.99663608 0.99647022 0.99637138
1.00000000 59.40000000 1.00000000 1.00000000 1.00000000
1.00000000 59.40000000 1.00000000 1.00000000 1.00000000
0.95463277 59.40000000 0.93898211 0.97146429 0.94902951
0.95359181 340.60000000 0.95330640 0.95562081 0.95228141
0.96080513 64.00000000 0.96369918 0.96664271 0.95306723
0.95551330 92.20000000 0.95464307 0.95514482 0.96377049
0.96076084 64.00000000 0.96235574 0.96734432 0.95533626
0.96080513 64.00000000 0.96369918 0.96664271 0.95306723
0.97032894 64.00000000 0.96824463 0.97548886 0.96959384
0.96306583 92.20000000 0.96411265 0.96055807 0.96978484
0.89761728 214.00000000 0.90741441 0.90006350 0.88606208
0.89680912 242.20000000 0.90746289 0.90418102 0.87950402
0.89722965 214.00000000 0.90957380 0.89862313 0.88417911
0.89761728 214.00000000 0.90741441 0.90006350 0.88606208
0.90884164 214.00000000 0.92037114 0.91063317 0.89618870
0.90996820 242.20000000 0.92218816 0.91509359 0.89344959
0.97960296 289.00000000 0.97625704 0.98129276 0.98186837
0.98046056 317.20000000 0.97762926 0.98147973 0.98300783
0.97994774 289.00000000 0.97639324 0.98111731 0.98253371
0.97960296 289.00000000 0.97625704 0.98129276 0.98186837
0.94158455 289.00000000 0.95123336 0.94360210 0.93205802
0.94328390 317.20000000 0.94566876 0.94645318 0.93888049
0.92526688 139.00000000 0.92131398 0.92242586 0.93280878
0.91877356 167.20000000 0.91311536 0.91399158 0.92916097
0.92502860 139.00000000 0.92164611 0.92187024 0.93293471
0.92526688 139.00000000 0.92131398 0.92242586 0.93280878
0.98993246 139.00000000 0.99811321 0.98224375 0.98939956
0.98983797 167.20000000 0.99319356 0.98507850 0.99135246
0.93370677 176.50000000 0.92832131 0.92815905 0.94315349
0.93763572 129.70000000 0.94648822 0.91892269 0.94402799
0.93319764 176.50000000 0.92525016 0.92729609 0.94216341
0.93370677 176.50000000 0.92832131 0.92815905 0.94315349
0.92011182 176.50000000 0.91618004 0.91465160 0.92807502
0.92768269 129.70000000 0.92805090 0.91941617 0.93693471
0.99203662 326.50000000 0.99003623 0.99362662 0.99255573
0.99068035 279.70000000 0.98816373 0.98910839 0.99456773
0.99202904 326.50000000 0.98999139 0.99366437 0.99249296
0.99203662 326.50000000 0.99003623 0.99362662 0.99255573
0.97917081 326.50000000 0.97625935 0.97985650 0.98171770
0.97962857 279.70000000 0.97628606 0.97959728 0.98325489
0.91256790 251.50000000 0.92661836 0.91273220 0.89950770
0.91219151 204.70000000 0.92879951 0.90231653 0.90351323
0.91297114 251.50000000 0.92708879 0.91401464 0.89821744
0.91256790 251.50000000 0.92661836 0.91273220 0.89950770
0.96145150 251.50000000 0.96408398 0.95709281 0.96363516
0.95403148 204.70000000 0.95710912 0.94737788 0.95796026
0.96254983 101.50000000 0.96018108 0.96110986 0.96666024
0.97074074 54.70000000 0.96627674 0.98078926 0.96954185
0.96256067 101.50000000 0.96067530 0.96115963 0.96735632
0.96254983 101.50000000 0.96018108 0.96110986 0.96666024
0.90155903 101.50000000 0.89551620 0.89647494 0.91478754
0.90649351 54.70000000 0.89406566 0.92138728 0.90506693
0.99665920 120.30000000 1.00000000 0.99736842 0.99177698
0.99884763 260.90000000 0.99778458 0.99883721 1.00000000
0.99668044 120.30000000 1.00000000 0.99714286 0.99201254
0.99665920 120.30000000 1.00000000 0.99736842 0.99177698
0.93177039 120.30000000 0.93973795 0.92994705 0.92626825
0.93641218 260.90000000 0.94661579 0.93434611 0.92967787
0.94971442 270.30000000 0.95980384 0.94515086 0.94406175
0.95312727 111.00000000 0.94919538 0.95475795 0.95667444
0.95003589 270.30000000 0.95983052 0.94525165 0.94504855
0.94971442 270.30000000 0.95980384 0.94515086 0.94406175
0.98521942 270.30000000 0.97992218 0.98391381 0.99084003
0.98826343 111.00000000 0.99335512 0.98231099 0.98632148
0.97251466 345.30000000 0.96953011 0.97322913 0.97471346
0.97585202 186.00000000 0.96819230 0.98037795 0.97997293
0.97246245 345.30000000 0.96918131 0.97336366 0.97459459
0.97251466 345.30000000 0.96953011 0.97322913 0.97471346
0.96123118 345.30000000 0.95987518 0.96367905 0.96016779
0.95861173 186.00000000 0.95877342 0.95252179 0.96506300
0.91803102 195.30000000 0.92722499 0.90858116 0.91745533
0.91964686 335.90000000 0.92050081 0.92324831 0.91609628
0.91804170 195.30000000 0.92692208 0.90830409 0.91730663
0.91803102 195.30000000 0.92722499 0.90858116 0.91745533
0.90264082 195.30000000 0.91568840 0.89066186 0.90151811
0.90685917 335.90000000 0.90929227 0.91339129 0.89862954
0.90239800 157.80000000 0.90703480 0.88626156 0.91183948
0.90775539 298.40000000 0.91259290 0.91761602 0.89445065
0.90170231 157.80000000 0.90465007 0.88719551 0.91199735
0.90239800 157.80000000 0.90703480 0.88626156 0.91183948
0.97149057 157.80000000 0.97759900 0.96357274 0.97467951
0.97552593 298.40000000 0.97382945 0.97859611 0.97454138
0.96395329 307.80000000 0.96617449 0.96892784 0.95726441
0.96026633 148.50000000 0.97556892 0.94471849 0.95992375
0.96362393 307.80000000 0.96698889 0.96881678 0.95506789
0.96395329 307.80000000 0.96617449 0.96892784 0.95726441
0.92010265 307.80000000 0.92613953 0.92521060 0.91084110
0.91849461 148.50000000 0.92645303 0.90600896 0.92160287
0.93296689 232.80000000 0.94194406 0.93451528 0.92259373
0.93190658 73.50000000 0.94712177 0.91642376 0.93867535
0.93257752 232.80000000 0.94214230 0.93433514 0.92107894
0.93296689 232.80000000 0.94194406 0.93451528 0.92259373
0.94845282 232.80000000 0.95471566 0.94485752 0.94643622
0.94409015 73.50000000 0.95736637 0.92665951 0.95415362
0.99518072 82.80000000 0.99312354 0.99583333 0.99545455
0.98521734 223.40000000 0.98354566 0.98439891 0.98724458
0.99516603 82.80000000 0.99326599 0.99600000 0.99565217
0.99518072 82.80000000 0.99312354 0.99583333 0.99545455
1.00000000 82.80000000 1.00000000 1.00000000 1.00000000
0.99821216 223.40000000 0.99729285 0.99861111 0.99843750
0.91162415 73.50000000 0.92360419 0.90067234 0.91220351
0.90186628 176.50000000 0.90581795 0.88794150 0.90888756
0.91125149 73.50000000 0.92265001 0.90065782 0.91147888
0.91162415 73.50000000 0.92360419 0.90067234 0.91220351
0.94293445 73.50000000 0.95814965 0.92272235 0.95461328
0.93822896 176.50000000 0.93297282 0.93174109 0.94842531
0.96421319 223.40000000 0.96605620 0.96366503 0.96360029
0.96450984 326.50000000 0.96217025 0.96975665 0.96170071
0.96421722 223.40000000 0.96628898 0.96347647 0.96346811
0.96421319 223.40000000 0.96605620 0.96366503 0.96360029
0.99419196 223.40000000 0.99434393 0.99353747 0.99442501
0.99478511 326.50000000 0.99375933 0.99729730 0.99350122
0.93893669 298.40000000 0.94448903 0.94369661 0.92975994
0.94072544 251.50000000 0.94979788 0.93673784 0.93605017
0.93834576 298.40000000 0.94298262 0.94279158 0.92969442
0.93893669 298.40000000 0.94448903 0.94369661 0.92975994
0.97416259 298.40000000 0.97390269 0.97752786 0.97162300
0.97538611 251.50000000 0.97507850 0.97607458 0.97482128
0.98649978 148.50000000 0.99219164 0.98021303 0.98619653
0.99113707 101.50000000 0.99312354 0.98403511 0.99410256
0.98652221 148.50000000 0.99154364 0.98123327 0.98630422
0.98649978 148.50000000 0.99219164 0.98021303 0.98619653
0.91495789 148.50000000 0.91960587 0.90127939 0.92065455
0.91344211 101.50000000 0.90687371 0.90798219 0.92885903
0.97690732 186.00000000 0.97115161 0.98045474 0.97986853
0.98124618 64.00000000 0.97324463 0.99090909 0.97937267
0.97685807 186.00000000 0.97098867 0.98034573 0.97964912
0.97690732 186.00000000 0.97115161 0.98045474 0.97986853
0.95488694 186.00000000 0.95223772 0.94970959 0.96341018
0.96075782 64.00000000 0.96333153 0.96664271 0.95306723
0.92318233 335.90000000 0.92238301 0.92661163 0.92150728
0.91915353 214.00000000 0.92963664 0.91956002 0.90866846
0.92318043 335.90000000 0.92225632 0.92658515 0.92152837
0.92318233 335.90000000 0.92238301 0.92661163 0.92150728
0.90324522 335.90000000 0.90332951 0.91200636 0.89507269
0.90088150 214.00000000 0.91001425 0.90396954 0.88853289
0.95786355 260.90000000 0.96305241 0.95402440 0.95719435
0.95402971 289.00000000 0.96261054 0.95515573 0.94600707
0.95826063 260.90000000 0.96289111 0.95619084 0.95708896
0.95786355 260.90000000 0.96305241 0.95402440 0.95719435
0.93219669 260.90000000 0.94453415 0.92778972 0.92470628
0.93051718 289.00000000 0.94005361 0.93364676 0.92012884
0.90278855 111.00000000 0.89173349 0.90675299 0.91071181
0.88771507 139.00000000 0.88240118 0.88619754 0.89406693
0.90276442 111.00000000 0.89176585 0.90643663 0.91042489
0.90278855 111.00000000 0.89173349 0.90675299 0.91071181
0.98649424 111.00000000 0.99444861 0.98208131 0.98160256
0.98199271 139.00000000 0.99385621 0.97455853 0.97864133
0.93268820 92.20000000 0.92609534 0.93082007 0.94834936
0.93015182 345.30000000 0.92587515 0.93252895 0.93230781
0.93272151 92.20000000 0.92711573 0.93075888 0.94954971
0.93268820 92.20000000 0.92609534 0.93082007 0.94834936
0.94900500 92.20000000 0.94380626 0.94958871 0.96108745
0.95197021 345.30000000 0.95331927 0.95159554 0.95162913
0.98309294 242.20000000 0.97957421 0.98333241 0.98491412
0.98058499 195.30000000 0.98075118 0.98018195 0.98154676
0.98307133 242.20000000 0.97959564 0.98360472 0.98489428
0.98309294 242.20000000 0.97957421 0.98333241 0.98491412
0.89315309 242.20000000 0.90399439 0.89821110 0.87775386
0.89187912 195.30000000 0.90723771 0.87889599 0.89019182
0.90545286 317.20000000 0.90764805 0.91180368 0.89725242
0.90283369 120.30000000 0.90624212 0.90714227 0.89229461
0.90519110 317.20000000 0.90996448 0.91185204 0.89475922
0.90545286 317.20000000 0.90764805 0.91180368 0.89725242
0.92500380 317.20000000 0.92736330 0.92735204 0.92070649
0.92267534 120.30000000 0.92704505 0.92642850 0.91419463
0.95089335 167.20000000 0.95211539 0.94519621 0.95609543
0.96192500 270.30000000 0.96288902 0.96330991 0.95945131
0.95155764 167.20000000 0.95312900 0.94471839 0.95542109
0.95089335 167.20000000 0.95211539 0.94519621 0.95609543
0.97364844 167.20000000 0.97354372 0.97189482 0.97666588
0.97705455 270.30000000 0.97553395 0.97647311 0.97883587
0.96686080 129.70000000 0.98133668 0.95746212 0.96240358
0.97375727 232.80000000 0.97423529 0.97672559 0.97004143
0.96682721 129.70000000 0.98112463 0.95692139 0.96239231
0.96686080 129.70000000 0.98133668 0.95746212 0.96240358
0.93452065 129.70000000 0.93803702 0.91915548 0.94382819
0.93726814 232.80000000 0.94595402 0.93828941 0.92765415
0.91343565 279.70000000 0.92909277 0.91698198 0.89564846
0.92616000 82.80000000 0.92076901 0.91424006 0.94410150
0.91387923 279.70000000 0.93061806 0.91805658 0.89681321
0.91343565 279.70000000 0.92909277 0.91698198 0.89564846
0.98889763 279.70000000 0.98477642 0.98691736 0.99456628
0.99516568 82.80000000 0.99339827 0.99600000 0.99565217
0.99411010 204.70000000 0.99517490 0.99256845 0.99408068
0.99176368 157.80000000 0.99404784 0.99076240 0.99020004
0.99412927 204.70000000 0.99510435 0.99287906 0.99405122
0.99411010 204.70000000 0.99517490 0.99256845 0.99408068
0.96527968 204.70000000 0.97095724 0.96027672 0.96490735
0.95816369 157.80000000 0.96787599 0.94675899 0.96087840
0.94872054 54.70000000 0.92093634 0.96503427 0.95178054
0.94545479 307.80000000 0.95175970 0.94845590 0.93726532
0.94892256 54.70000000 0.92638696 0.96518547 0.95031126
0.94872054 54.70000000 0.92093634 0.96503427 0.95178054
0.91215488 54.70000000 0.89196106 0.93012123 0.91102139
0.90991067 307.80000000 0.91701536 0.91618317 0.89634536
0.98956335 57.00000000 0.98848684 0.99523810 0.98439542
0.98448026 244.50000000 0.98239497 0.98396771 0.98646265
0.98950393 57.00000000 0.98848684 0.99500000 0.98439542
0.98956335 57.00000000 0.98848684 0.99523810 0.98439542
0.92122440 57.00000000 0.90914707 0.93245728 0.91791580
0.91528242 244.50000000 0.93176125 0.91406009 0.90009688
0.92806096 207.00000000 0.93746531 0.92150374 0.92370398
0.93430583 94.50000000 0.92460518 0.93496604 0.94783249
0.92764240 207.00000000 0.93748436 0.92154489 0.92250964
0.92806096 207.00000000 0.93746531 0.92150374 0.92370398
0.97200776 207.00000000 0.97206560 0.97256098 0.97084290
0.96820400 94.50000000 0.97193767 0.96304403 0.97229837
0.96275539 282.00000000 0.96598166 0.96719144 0.95450492
0.95096914 169.50000000 0.95457572 0.94306266 0.95417010
0.96236891 282.00000000 0.96572796 0.96649880 0.95466260
0.96275539 282.00000000 0.96598166 0.96719144 0.95450492
0.99609798 282.00000000 0.99277597 0.99668972 0.99886364
0.99411716 169.50000000 0.99648690 0.99264378 0.99278283
0.90306842 132.00000000 0.89344893 0.89909686 0.91425943
0.90576139 319.50000000 0.91005072 0.91117528 0.89628284
0.90227944 132.00000000 0.89463293 0.89869513 0.91281890
0.90306842 132.00000000 0.89344893 0.89909686 0.91425943
0.94623316 132.00000000 0.94909081 0.93619102 0.95443799
0.94620352 319.50000000 0.94932684 0.94738091 0.94180587
0.91039351 169.50000000 0.91327120 0.89920155 0.91570354
0.91599228 282.00000000 0.92881406 0.91709349 0.90091823
0.91088046 169.50000000 0.91526316 0.89781708 0.91583611
0.91039351 169.50000000 0.91327120 0.89920155 0.91570354
0.97878041 169.50000000 0.98397239 0.97567265 0.97714853
0.98368461 282.00000000 0.97980988 0.98243989 0.98843959
0.97122467 319.50000000 0.97187993 0.97493311 0.96733854
0.96899557 132.00000000 0.98166833 0.96342799 0.96388115
0.97118056 319.50000000 0.97165392 0.97478411 0.96722788
0.97122467 319.50000000 0.97187993 0.97493311 0.96733854
0.93180931 319.50000000 0.93323353 0.93558117 0.92718792
0.93259093 132.00000000 0.93371946 0.92987747 0.93559729
0.94677326 244.50000000 0.95659325 0.94076115 0.94310682
0.94905691 57.00000000 0.92302625 0.96125422 0.95675889
0.94646313 244.50000000 0.95657080 0.94005289 0.94336277
0.94677326 244.50000000 0.95659325 0.94076115 0.94310682
0.90213013 244.50000000 0.91479142 0.90523716 0.88642849
0.91063326 57.00000000 0.89751484 0.92324675 0.90750902
0.99893617 94.50000000 1.00000000 0.99642857 1.00000000
0.99517368 207.00000000 0.99541347 0.99410950 0.99567308
0.99894737 94.50000000 1.00000000 0.99705882 1.00000000
0.99893617 94.50000000 1.00000000 0.99642857 1.00000000
0.95966758 94.50000000 0.95859017 0.96069114 0.96427134
0.95654172 207.00000000 0.96116692 0.94906449 0.95864523
0.96474081 113.30000000 0.96794221 0.96677607 0.96288851
0.96474081 113.30000000 0.96794221 0.96677607 0.96288851
0.96474776 113.30000000 0.96815558 0.96695526 0.96282778
0.96474081 113.30000000 0.96794221 0.96677607 0.96288851
0.98060819 113.30000000 0.99196302 0.97571547 0.97514751
0.98060805 113.30000000 0.99203414 0.97574972 0.97521499
0.90887971 263.30000000 0.92224626 0.91552654 0.88897925
0.90887971 263.30000000 0.92224626 0.91552654 0.88897925
0.90923506 263.30000000 0.92354210 0.91559954 0.88897518
0.90887971 263.30000000 0.92224626 0.91552654 0.88897925
0.92520372 263.30000000 0.93879379 0.92348924 0.91334034
0.92516354 263.30000000 0.93890460 0.92354745 0.91329735
0.98966117 338.30000000 0.98528450 0.99190066 0.99199485
0.98966117 338.30000000 0.98528450 0.99190066 0.99199485
0.98965763 338.30000000 0.98538114 0.99188375 0.99195017
0.98966117 338.30000000 0.98528450 0.99190066 0.99199485
0.89771178 338.30000000 0.89466205 0.90765215 0.89117043
0.89742923 338.30000000 0.89503513 0.90881581 0.88948459
0.93358291 188.30000000 0.92818573 0.93302885 0.93899437
0.93358291 188.30000000 0.92818573 0.93302885 0.93899437
0.93358668 188.30000000 0.92747695 0.93238749 0.93995567
0.93358291 188.30000000 0.92818573 0.93302885 0.93899437
0.95007048 188.30000000 0.94533307 0.94777106 0.95719216
0.95007401 188.30000000 0.94463538 0.94779222 0.95785983
0.92243133 150.80000000 0.92325796 0.90779180 0.93519354
0.92243133 150.80000000 0.92325796 0.90779180 0.93519354
0.92239937 150.80000000 0.92373603 0.90653354 0.93619591
0.92243133 150.80000000 0.92325796 0.90779180 0.93519354
0.90848873 150.80000000 0.91329036 0.89260938 0.91588773
0.90845217 150.80000000 0.91382891 0.89146705 0.91733112
0.97741688 300.80000000 0.97329430 0.97988390 0.97952788
0.97741688 300.80000000 0.97329430 0.97988390 0.97952788
0.97770688 300.80000000 0.97304042 0.98097460 0.97942848
0.97741688 300.80000000 0.97329430 0.97988390 0.97952788
0.96876878 300.80000000 0.96720131 0.97376961 0.96592160
0.96904882 300.80000000 0.96682969 0.97483106 0.96582235
0.89677312 225.80000000 0.90430598 0.90207009 0.88235788
0.89677312 225.80000000 0.90430598 0.90207009 0.88235788
0.89533824 225.80000000 0.90336179 0.90019587 0.88198179
0.89677312 225.80000000 0.90430598 0.90207009 0.88235788
0.98936069 225.80000000 0.98669753 0.98784642 0.99284493
0.98893156 225.80000000 0.98635241 0.98778289 0.99157283
0.94873092 75.80000000 0.95556887 0.93577713 0.95888586
0.94873092 75.80000000 0.95556887 0.93577713 0.95888586
0.94845058 75.80000000 0.95579354 0.93538804 0.95880229
0.94873092 75.80000000 0.95556887 0.93577713 0.95888586
0.93951948 75.80000000 0.94006762 0.92836972 0.95053804
0.93918649 75.80000000 0.94094433 0.92824518 0.94969256
