300.0000 10.0000 0.9000 0.0000
300.0000 10.0000 0.9000 0.0000
300.0000 10.0000 0.9000 0.0000
300.0000 10.0000 0.9000 0.0000
300.0000 10.0000 0.9000 0.0000
300.0000 10.0000 0.9000 0.0000
500.0000 45.0000 0.9500 0.2500
500.0000 45.0000 0.9500 0.2500
500.0000 45.0000 0.9500 0.2500
500.0000 45.0000 0.9500 0.2500
500.0000 45.0000 0.9500 0.2500
500.0000 45.0000 0.9500 0.2500
600.0000 27.5000 0.9250 0.1250
600.0000 27.5000 0.9250 0.1250
600.0000 62.5000 0.9250 0.1250
600.0000 27.5000 0.9250 0.1250
600.0000 27.5000 0.9250 0.3750
600.0000 62.5000 0.9250 0.3750
400.0000 62.5000 0.9750 0.3750
400.0000 62.5000 0.9750 0.3750
400.0000 27.5000 0.9750 0.3750
400.0000 62.5000 0.9750 0.3750
400.0000 62.5000 0.9750 0.1250
400.0000 27.5000 0.9750 0.1250
450.0000 36.2500 0.9625 0.4375
450.0000 36.2500 0.9625 0.4375
450.0000 18.7500 0.9625 0.4375
450.0000 36.2500 0.9375 0.4375
450.0000 36.2500 0.9625 0.4375
450.0000 18.7500 0.9375 0.4375
650.0000 71.2500 0.9125 0.1875
650.0000 71.2500 0.9125 0.1875
650.0000 53.7500 0.9125 0.1875
650.0000 71.2500 0.9875 0.1875
650.0000 71.2500 0.9125 0.1875
650.0000 53.7500 0.9875 0.1875
550.0000 18.7500 0.9875 0.3125
550.0000 18.7500 0.9875 0.3125
550.0000 71.2500 0.9875 0.3125
550.0000 18.7500 0.9125 0.3125
550.0000 18.7500 0.9875 0.0625
550.0000 71.2500 0.9125 0.0625
350.0000 53.7500 0.9375 0.0625
350.0000 53.7500 0.9375 0.0625
350.0000 36.2500 0.9375 0.0625
350.0000 53.7500 0.9625 0.0625
350.0000 53.7500 0.9375 0.3125
350.0000 36.2500 0.9625 0.3125
375.0000 31.8750 0.9938 0.2188
525.0000 31.8750 0.9938 0.2188
375.0000 31.8750 0.9938 0.2188
375.0000 31.8750 0.9437 0.2188
375.0000 31.8750 0.9938 0.4688
525.0000 31.8750 0.9437 0.4688
575.0000 66.8750 0.9437 0.4688
325.0000 66.8750 0.9437 0.4688
575.0000 66.8750 0.9437 0.4688
575.0000 66.8750 0.9938 0.4688
575.0000 66.8750 0.9437 0.2188
325.0000 66.8750 0.9938 0.2188
675.0000 14.3750 0.9688 0.0938
425.0000 14.3750 0.9688 0.0938
675.0000 49.3750 0.9688 0.0938
675.0000 14.3750 0.9188 0.0938
675.0000 14.3750 0.9688 0.0938
425.0000 49.3750 0.9188 0.0938
475.0000 49.3750 0.9188 0.3438
625.0000 49.3750 0.9188 0.3438
475.0000 14.3750 0.9188 0.3438
475.0000 49.3750 0.9688 0.3438
475.0000 49.3750 0.9188 0.3438
625.0000 14.3750 0.9688 0.3438
425.0000 23.1250 0.9313 0.2812
675.0000 23.1250 0.9313 0.2812
425.0000 40.6250 0.9313 0.2812
425.0000 23.1250 0.9062 0.2812
425.0000 23.1250 0.9313 0.0312
675.0000 40.6250 0.9062 0.0312
625.0000 58.1250 0.9812 0.0312
475.0000 58.1250 0.9812 0.0312
625.0000 75.6250 0.9812 0.0312
625.0000 58.1250 0.9563 0.0312
625.0000 58.1250 0.9812 0.2812
475.0000 75.6250 0.9563 0.2812
525.0000 40.6250 0.9062 0.4062
375.0000 40.6250 0.9062 0.4062
525.0000 58.1250 0.9062 0.4062
525.0000 40.6250 0.9313 0.4062
525.0000 40.6250 0.9062 0.4062
375.0000 58.1250 0.9313 0.4062
325.0000 75.6250 0.9563 0.1562
575.0000 75.6250 0.9563 0.1562
325.0000 23.1250 0.9563 0.1562
325.0000 75.6250 0.9812 0.1562
325.0000 75.6250 0.9563 0.1562
575.0000 23.1250 0.9812 0.1562
337.5000 42.8125 0.9469 0.3281
412.5000 42.8125 0.9469 0.3281
337.5000 77.8125 0.9469 0.3281
337.5000 42.8125 0.9531 0.3281
337.5000 42.8125 0.9469 0.4219
412.5000 77.8125 0.9531 0.4219
537.5000 77.8125 0.9969 0.0781
612.5000 77.8125 0.9969 0.0781
537.5000 42.8125 0.9969 0.0781
537.5000 77.8125 0.9031 0.0781
537.5000 77.8125 0.9969 0.1719
612.5000 42.8125 0.9031 0.1719
637.5000 25.3125 0.9219 0.4531
512.5000 25.3125 0.9219 0.4531
637.5000 25.3125 0.9219 0.4531
637.5000 25.3125 0.9781 0.4531
637.5000 25.3125 0.9219 0.0469
512.5000 25.3125 0.9781 0.0469
437.5000 60.3125 0.9719 0.2031
312.5000 60.3125 0.9719 0.2031
437.5000 60.3125 0.9719 0.2031
437.5000 60.3125 0.9281 0.2031
437.5000 60.3125 0.9719 0.2969
312.5000 60.3125 0.9281 0.2969
487.5000 16.5625 0.9844 0.1406
362.5000 16.5625 0.9844 0.1406
487.5000 69.0625 0.9844 0.1406
487.5000 16.5625 0.9906 0.1406
487.5000 16.5625 0.9844 0.1094
362.5000 69.0625 0.9906 0.1094
687.5000 51.5625 0.9344 0.3906
562.5000 51.5625 0.9344 0.3906
687.5000 34.0625 0.9344 0.3906
687.5000 51.5625 0.9406 0.3906
687.5000 51.5625 0.9344 0.3594
562.5000 34.0625 0.9406 0.3594
587.5000 34.0625 0.9594 0.0156
662.5000 34.0625 0.9594 0.0156
587.5000 16.5625 0.9594 0.0156
587.5000 34.0625 0.9656 0.0156
587.5000 34.0625 0.9594 0.4844
662.5000 16.5625 0.9656 0.4844
387.5000 69.0625 0.9094 0.2656
462.5000 69.0625 0.9094 0.2656
387.5000 51.5625 0.9094 0.2656
387.5000 69.0625 0.9156 0.2656
387.5000 69.0625 0.9094 0.2344
462.5000 51.5625 0.9156 0.2344
362.5000 20.9375 0.9531 0.4219
637.5000 20.9375 0.9531 0.4219
362.5000 55.9375 0.9531 0.4219
362.5000 20.9375 0.9969 0.4219
362.5000 20.9375 0.9531 0.0781
637.5000 55.9375 0.9969 0.0781
562.5000 55.9375 0.9031 0.1719
437.5000 55.9375 0.9031 0.1719
562.5000 20.9375 0.9031 0.1719
562.5000 55.9375 0.9469 0.1719
562.5000 55.9375 0.9031 0.3281
437.5000 20.9375 0.9469 0.3281
662.5000 38.4375 0.9781 0.2969
337.5000 38.4375 0.9781 0.2969
662.5000 38.4375 0.9781 0.2969
662.5000 38.4375 0.9719 0.2969
662.5000 38.4375 0.9781 0.4531
337.5000 38.4375 0.9719 0.4531
462.5000 73.4375 0.9281 0.0469
537.5000 73.4375 0.9281 0.0469
462.5000 73.4375 0.9281 0.0469
462.5000 73.4375 0.9219 0.0469
462.5000 73.4375 0.9281 0.2031
537.5000 73.4375 0.9219 0.2031
412.5000 29.6875 0.9156 0.1094
587.5000 29.6875 0.9156 0.1094
412.5000 47.1875 0.9156 0.1094
412.5000 29.6875 0.9594 0.1094
412.5000 29.6875 0.9156 0.3906
587.5000 47.1875 0.9594 0.3906
612.5000 64.6875 0.9656 0.3594
387.5000 64.6875 0.9656 0.3594
612.5000 12.1875 0.9656 0.3594
612.5000 64.6875 0.9094 0.3594
612.5000 64.6875 0.9656 0.1406
387.5000 12.1875 0.9094 0.1406
512.5000 12.1875 0.9406 0.2344
487.5000 12.1875 0.9406 0.2344
512.5000 29.6875 0.9406 0.2344
512.5000 12.1875 0.9844 0.2344
512.5000 12.1875 0.9406 0.0156
487.5000 29.6875 0.9844 0.0156
312.5000 47.1875 0.9906 0.4844
687.5000 47.1875 0.9906 0.4844
312.5000 64.6875 0.9906 0.4844
312.5000 47.1875 0.9344 0.4844
312.5000 47.1875 0.9906 0.2656
687.5000 64.6875 0.9344 0.2656
318.7500 28.5938 0.9703 0.2734
356.2500 28.5938 0.9703 0.2734
318.7500 74.5312 0.9703 0.2734
318.7500 28.5938 0.9797 0.2734
318.7500 28.5938 0.9703 0.3359
356.2500 74.5312 0.9797 0.3359
518.7500 63.5938 0.9203 0.0234
556.2500 63.5938 0.9203 0.0234
518.7500 39.5312 0.9203 0.0234
518.7500 63.5938 0.9297 0.0234
518.7500 63.5938 0.9203 0.0859
556.2500 39.5312 0.9297 0.0859
618.7500 11.0938 0.9953 0.3984
656.2500 11.0938 0.9953 0.3984
618.7500 22.0312 0.9953 0.3984
618.7500 11.0938 0.9547 0.3984
618.7500 11.0938 0.9953 0.2109
656.2500 22.0312 0.9547 0.2109
418.7500 46.0938 0.9453 0.1484
456.2500 46.0938 0.9453 0.1484
418.7500 57.0312 0.9453 0.1484
418.7500 46.0938 0.9047 0.1484
418.7500 46.0938 0.9453 0.4609
456.2500 57.0312 0.9047 0.4609
468.7500 19.8438 0.9078 0.2109
406.2500 19.8438 0.9078 0.2109
468.7500 65.7812 0.9078 0.2109
468.7500 19.8438 0.9672 0.2109
468.7500 19.8438 0.9078 0.1484
406.2500 65.7812 0.9672 0.1484
668.7500 54.8438 0.9578 0.4609
606.2500 54.8438 0.9578 0.4609
668.7500 30.7812 0.9578 0.4609
668.7500 54.8438 0.9172 0.4609
668.7500 54.8438 0.9578 0.3984
606.2500 30.7812 0.9172 0.3984
568.7500 37.3438 0.9328 0.0859
506.2500 37.3438 0.9328 0.0859
568.7500 13.2812 0.9328 0.0859
568.7500 37.3438 0.9922 0.0859
568.7500 37.3438 0.9328 0.2734
506.2500 13.2812 0.9922 0.2734
368.7500 72.3438 0.9828 0.3359
306.2500 72.3438 0.9828 0.3359
368.7500 48.2812 0.9828 0.3359
368.7500 72.3438 0.9422 0.3359
368.7500 72.3438 0.9828 0.0234
306.2500 48.2812 0.9422 0.0234
393.7500 15.4688 0.9266 0.4922
581.2500 15.4688 0.9266 0.4922
393.7500 61.4062 0.9266 0.4922
393.7500 15.4688 0.9734 0.4922
393.7500 15.4688 0.9266 0.1797
581.2500 61.4062 0.9734 0.1797
593.7500 50.4688 0.9766 0.2422
381.2500 50.4688 0.9766 0.2422
593.7500 26.4062 0.9766 0.2422
593.7500 50.4688 0.9234 0.2422
593.7500 50.4688 0.9766 0.4297
381.2500 26.4062 0.9234 0.4297
693.7500 32.9688 0.9016 0.3672
481.2500 32.9688 0.9016 0.3672
693.7500 43.9062 0.9016 0.3672
693.7500 32.9688 0.9984 0.3672
693.7500 32.9688 0.9016 0.3047
481.2500 43.9062 0.9984 0.3047
493.7500 67.9688 0.9516 0.1172
681.2500 67.9688 0.9516 0.1172
493.7500 78.9062 0.9516 0.1172
493.7500 67.9688 0.9484 0.1172
493.7500 67.9688 0.9516 0.0547
681.2500 78.9062 0.9484 0.0547
443.7500 41.7188 0.9891 0.0547
631.2500 41.7188 0.9891 0.0547
443.7500 52.6562 0.9891 0.0547
443.7500 41.7188 0.9859 0.0547
443.7500 41.7188 0.9891 0.3672
631.2500 52.6562 0.9859 0.3672
643.7500 76.7188 0.9391 0.3047
431.2500 76.7188 0.9391 0.3047
643.7500 17.6562 0.9391 0.3047
643.7500 76.7188 0.9359 0.3047
643.7500 76.7188 0.9391 0.1172
431.2500 17.6562 0.9359 0.1172
543.7500 24.2188 0.9641 0.1797
331.2500 24.2188 0.9641 0.1797
543.7500 35.1562 0.9641 0.1797
543.7500 24.2188 0.9609 0.1797
543.7500 24.2188 0.9641 0.2422
331.2500 35.1562 0.9609 0.2422
343.7500 59.2188 0.9141 0.4297
531.2500 59.2188 0.9141 0.4297
343.7500 70.1562 0.9141 0.4297
343.7500 59.2188 0.9109 0.4297
343.7500 59.2188 0.9141 0.4922
531.2500 70.1562 0.9109 0.4922
331.2500 26.4062 0.9797 0.0703
468.7500 26.4062 0.9797 0.0703
331.2500 15.4688 0.9797 0.0703
331.2500 26.4062 0.9266 0.0703
331.2500 26.4062 0.9797 0.2266
468.7500 15.4688 0.9266 0.2266
531.2500 61.4062 0.9297 0.3203
668.7500 61.4062 0.9297 0.3203
531.2500 50.4688 0.9297 0.3203
531.2500 61.4062 0.9766 0.3203
531.2500 61.4062 0.9297 0.4766
668.7500 50.4688 0.9766 0.4766
631.2500 43.9062 0.9547 0.1953
568.7500 43.9062 0.9547 0.1953
631.2500 67.9688 0.9547 0.1953
631.2500 43.9062 0.9016 0.1953
631.2500 43.9062 0.9547 0.3516
568.7500 67.9688 0.9016 0.3516
431.2500 78.9062 0.9047 0.4453
368.7500 78.9062 0.9047 0.4453
431.2500 32.9688 0.9047 0.4453
431.2500 78.9062 0.9516 0.4453
431.2500 78.9062 0.9047 0.1016
368.7500 32.9688 0.9516 0.1016
481.2500 35.1562 0.9422 0.3828
318.7500 35.1562 0.9422 0.3828
481.2500 24.2188 0.9422 0.3828
481.2500 35.1562 0.9141 0.3828
481.2500 35.1562 0.9422 0.2891
318.7500 24.2188 0.9141 0.2891
681.2500 70.1562 0.9922 0.1328
518.7500 70.1562 0.9922 0.1328
681.2500 59.2188 0.9922 0.1328
681.2500 70.1562 0.9641 0.1328
681.2500 70.1562 0.9922 0.0391
518.7500 59.2188 0.9641 0.0391
581.2500 17.6562 0.9172 0.2578
618.7500 17.6562 0.9172 0.2578
581.2500 76.7188 0.9172 0.2578
581.2500 17.6562 0.9391 0.2578
581.2500 17.6562 0.9172 0.1641
618.7500 76.7188 0.9391 0.1641
381.2500 52.6562 0.9672 0.0078
418.7500 52.6562 0.9672 0.0078
381.2500 41.7188 0.9672 0.0078
381.2500 52.6562 0.9891 0.0078
381.2500 52.6562 0.9672 0.4141
418.7500 41.7188 0.9891 0.4141
356.2500 39.5312 0.9234 0.1641
693.7500 39.5312 0.9234 0.1641
356.2500 28.5938 0.9234 0.1641
356.2500 39.5312 0.9203 0.1641
356.2500 39.5312 0.9234 0.2578
693.7500 28.5938 0.9203 0.2578
556.2500 74.5312 0.9734 0.4141
493.7500 74.5312 0.9734 0.4141
556.2500 63.5938 0.9734 0.4141
556.2500 74.5312 0.9703 0.4141
556.2500 74.5312 0.9734 0.0078
493.7500 63.5938 0.9703 0.0078
656.2500 22.0312 0.9484 0.0391
393.7500 22.0312 0.9484 0.0391
656.2500 46.0938 0.9484 0.0391
656.2500 22.0312 0.9453 0.0391
656.2500 22.0312 0.9484 0.1328
393.7500 46.0938 0.9453 0.1328
456.2500 57.0312 0.9984 0.2891
593.7500 57.0312 0.9984 0.2891
456.2500 11.0938 0.9984 0.2891
456.2500 57.0312 0.9953 0.2891
456.2500 57.0312 0.9984 0.3828
593.7500 11.0938 0.9953 0.3828
406.2500 13.2812 0.9609 0.3516
543.7500 13.2812 0.9609 0.3516
406.2500 37.3438 0.9609 0.3516
406.2500 13.2812 0.9328 0.3516
406.2500 13.2812 0.9609 0.1953
543.7500 37.3438 0.9328 0.1953
606.2500 48.2812 0.9109 0.1016
343.7500 48.2812 0.9109 0.1016
606.2500 72.3438 0.9109 0.1016
606.2500 48.2812 0.9828 0.1016
606.2500 48.2812 0.9109 0.4453
343.7500 72.3438 0.9828 0.4453
506.2500 30.7812 0.9859 0.4766
443.7500 30.7812 0.9859 0.4766
506.2500 54.8438 0.9859 0.4766
506.2500 30.7812 0.9078 0.4766
506.2500 30.7812 0.9859 0.3203
443.7500 54.8438 0.9078 0.3203
306.2500 65.7812 0.9359 0.2266
643.7500 65.7812 0.9359 0.2266
306.2500 19.8438 0.9359 0.2266
306.2500 65.7812 0.9578 0.2266
306.2500 65.7812 0.9359 0.0703
643.7500 19.8438 0.9578 0.0703
309.3750 37.8906 0.9820 0.4180
559.3750 37.8906 0.9820 0.4180
309.3750 41.1719 0.9820 0.4180
309.3750 37.8906 0.9664 0.4180
309.3750 37.8906 0.9820 0.1055
559.3750 41.1719 0.9664 0.1055
509.3750 72.8906 0.9320 0.1680
359.3750 72.8906 0.9320 0.1680
509.3750 76.1719 0.9320 0.1680
509.3750 72.8906 0.9164 0.1680
509.3750 72.8906 0.9320 0.3555
359.3750 76.1719 0.9164 0.3555
609.3750 20.3906 0.9570 0.2930
459.3750 20.3906 0.9570 0.2930
609.3750 58.6719 0.9570 0.2930
609.3750 20.3906 0.9914 0.2930
609.3750 20.3906 0.9570 0.4805
459.3750 58.6719 0.9914 0.4805
409.3750 55.3906 0.9070 0.0430
659.3750 55.3906 0.9070 0.0430
409.3750 23.6719 0.9070 0.0430
409.3750 55.3906 0.9414 0.0430
409.3750 55.3906 0.9070 0.2305
659.3750 23.6719 0.9414 0.2305
459.3750 11.6406 0.9445 0.1055
609.3750 11.6406 0.9445 0.1055
459.3750 32.4219 0.9445 0.1055
459.3750 11.6406 0.9789 0.1055
459.3750 11.6406 0.9445 0.4180
609.3750 32.4219 0.9789 0.4180
659.3750 46.6406 0.9945 0.3555
409.3750 46.6406 0.9945 0.3555
659.3750 67.4219 0.9945 0.3555
659.3750 46.6406 0.9289 0.3555
659.3750 46.6406 0.9945 0.1680
409.3750 67.4219 0.9289 0.1680
559.3750 29.1406 0.9195 0.2305
309.3750 29.1406 0.9195 0.2305
559.3750 49.9219 0.9195 0.2305
559.3750 29.1406 0.9539 0.2305
559.3750 29.1406 0.9195 0.0430
309.3750 49.9219 0.9539 0.0430
359.3750 64.1406 0.9695 0.4805
509.3750 64.1406 0.9695 0.4805
359.3750 14.9219 0.9695 0.4805
359.3750 64.1406 0.9039 0.4805
359.3750 64.1406 0.9695 0.2930
509.3750 14.9219 0.9039 0.2930
384.3750 24.7656 0.9133 0.3242
384.3750 24.7656 0.9133 0.3242
384.3750 19.2969 0.9133 0.3242
384.3750 24.7656 0.9852 0.3242
384.3750 24.7656 0.9133 0.3867
384.3750 19.2969 0.9852 0.3867
584.3750 59.7656 0.9633 0.0742
584.3750 59.7656 0.9633 0.0742
584.3750 54.2969 0.9633 0.0742
584.3750 59.7656 0.9352 0.0742
584.3750 59.7656 0.9633 0.1367
584.3750 54.2969 0.9352 0.1367
684.3750 42.2656 0.9383 0.4492
684.3750 42.2656 0.9383 0.4492
684.3750 71.7969 0.9383 0.4492
684.3750 42.2656 0.9602 0.4492
684.3750 42.2656 0.9383 0.0117
684.3750 71.7969 0.9602 0.0117
484.3750 77.2656 0.9883 0.1992
484.3750 77.2656 0.9883 0.1992
484.3750 36.7969 0.9883 0.1992
484.3750 77.2656 0.9102 0.1992
484.3750 77.2656 0.9883 0.2617
484.3750 36.7969 0.9102 0.2617
434.3750 33.5156 0.9508 0.1367
434.3750 33.5156 0.9508 0.1367
434.3750 10.5469 0.9508 0.1367
434.3750 33.5156 0.9727 0.1367
434.3750 33.5156 0.9508 0.0742
434.3750 10.5469 0.9727 0.0742
634.3750 68.5156 0.9008 0.3867
634.3750 68.5156 0.9008 0.3867
634.3750 45.5469 0.9008 0.3867
634.3750 68.5156 0.9227 0.3867
634.3750 68.5156 0.9008 0.3242
634.3750 45.5469 0.9227 0.3242
534.3750 16.0156 0.9758 0.0117
534.3750 16.0156 0.9758 0.0117
534.3750 63.0469 0.9758 0.0117
534.3750 16.0156 0.9977 0.0117
534.3750 16.0156 0.9758 0.4492
534.3750 63.0469 0.9977 0.4492
334.3750 51.0156 0.9258 0.2617
334.3750 51.0156 0.9258 0.2617
334.3750 28.0469 0.9258 0.2617
334.3750 51.0156 0.9477 0.2617
334.3750 51.0156 0.9258 0.1992
334.3750 28.0469 0.9477 0.1992
346.8750 18.2031 0.9664 0.2461
671.8750 18.2031 0.9664 0.2461
346.8750 47.7344 0.9664 0.2461
346.8750 18.2031 0.9133 0.2461
346.8750 18.2031 0.9664 0.4648
671.8750 47.7344 0.9133 0.4648
546.8750 53.2031 0.9164 0.4961
471.8750 53.2031 0.9164 0.4961
546.8750 12.7344 0.9164 0.4961
546.8750 53.2031 0.9633 0.4961
546.8750 53.2031 0.9164 0.2148
471.8750 12.7344 0.9633 0.2148
646.8750 35.7031 0.9914 0.1211
371.8750 35.7031 0.9914 0.1211
646.8750 30.2344 0.9914 0.1211
646.8750 35.7031 0.9383 0.1211
646.8750 35.7031 0.9914 0.0898
371.8750 30.2344 0.9383 0.0898
446.8750 70.7031 0.9414 0.3711
571.8750 70.7031 0.9414 0.3711
446.8750 65.2344 0.9414 0.3711
446.8750 70.7031 0.9883 0.3711
446.8750 70.7031 0.9414 0.3398
571.8750 65.2344 0.9883 0.3398
496.8750 44.4531 0.9039 0.3086
521.8750 44.4531 0.9039 0.3086
496.8750 56.4844 0.9039 0.3086
496.8750 44.4531 0.9258 0.3086
496.8750 44.4531 0.9039 0.0273
521.8750 56.4844 0.9258 0.0273
696.8750 79.4531 0.9539 0.0586
321.8750 79.4531 0.9539 0.0586
696.8750 21.4844 0.9539 0.0586
696.8750 79.4531 0.9758 0.0586
696.8750 79.4531 0.9539 0.2773
321.8750 21.4844 0.9758 0.2773
596.8750 26.9531 0.9289 0.4336
421.8750 26.9531 0.9289 0.4336
596.8750 38.9844 0.9289 0.4336
596.8750 26.9531 0.9008 0.4336
596.8750 26.9531 0.9289 0.4023
421.8750 38.9844 0.9008 0.4023
396.8750 61.9531 0.9789 0.1836
621.8750 61.9531 0.9789 0.1836
396.8750 73.9844 0.9789 0.1836
396.8750 61.9531 0.9508 0.1836
396.8750 61.9531 0.9789 0.1523
621.8750 73.9844 0.9508 0.1523
371.8750 31.3281 0.9352 0.0273
496.8750 31.3281 0.9352 0.0273
371.8750 69.6094 0.9352 0.0273
371.8750 31.3281 0.9320 0.0273
371.8750 31.3281 0.9352 0.0586
496.8750 69.6094 0.9320 0.0586
571.8750 66.3281 0.9852 0.2773
696.8750 66.3281 0.9852 0.2773
571.8750 34.6094 0.9852 0.2773
571.8750 66.3281 0.9820 0.2773
571.8750 66.3281 0.9852 0.3086
696.8750 34.6094 0.9820 0.3086
671.8750 13.8281 0.9102 0.1523
596.8750 13.8281 0.9102 0.1523
671.8750 17.1094 0.9102 0.1523
671.8750 13.8281 0.9070 0.1523
671.8750 13.8281 0.9102 0.4336
596.8750 17.1094 0.9070 0.4336
471.8750 48.8281 0.9602 0.4023
396.8750 48.8281 0.9602 0.4023
471.8750 52.1094 0.9602 0.4023
471.8750 48.8281 0.9570 0.4023
471.8750 48.8281 0.9602 0.1836
396.8750 52.1094 0.9570 0.1836
421.8750 22.5781 0.9977 0.4648
346.8750 22.5781 0.9977 0.4648
421.8750 78.3594 0.9977 0.4648
421.8750 22.5781 0.9195 0.4648
421.8750 22.5781 0.9977 0.4961
346.8750 78.3594 0.9195 0.4961
621.8750 57.5781 0.9477 0.2148
546.8750 57.5781 0.9477 0.2148
621.8750 43.3594 0.9477 0.2148
621.8750 57.5781 0.9695 0.2148
621.8750 57.5781 0.9477 0.2461
546.8750 43.3594 0.9695 0.2461
521.8750 40.0781 0.9727 0.3398
646.8750 40.0781 0.9727 0.3398
521.8750 25.8594 0.9727 0.3398
521.8750 40.0781 0.9445 0.3398
521.8750 40.0781 0.9727 0.1211
646.8750 25.8594 0.9445 0.1211
321.8750 75.0781 0.9227 0.0898
446.8750 75.0781 0.9227 0.0898
321.8750 60.8594 0.9227 0.0898
321.8750 75.0781 0.9945 0.0898
321.8750 75.0781 0.9227 0.3711
446.8750 60.8594 0.9945 0.3711
315.6250 19.2969 0.9398 0.1758
503.1250 19.2969 0.9398 0.1758
315.6250 53.2031 0.9398 0.1758
315.6250 19.2969 0.9398 0.1758
315.6250 19.2969 0.9398 0.3008
503.1250 53.2031 0.9398 0.3008
515.6250 54.2969 0.9898 0.4258
303.1250 54.2969 0.9898 0.4258
515.6250 18.2031 0.9898 0.4258
515.6250 54.2969 0.9898 0.4258
515.6250 54.2969 0.9898 0.0508
303.1250 18.2031 0.9898 0.0508
615.6250 36.7969 0.9148 0.0508
403.1250 36.7969 0.9148 0.0508
615.6250 35.7031 0.9148 0.0508
615.6250 36.7969 0.9148 0.0508
615.6250 36.7969 0.9148 0.1758
403.1250 35.7031 0.9148 0.1758
415.6250 71.7969 0.9648 0.3008
603.1250 71.7969 0.9648 0.3008
415.6250 70.7031 0.9648 0.3008
415.6250 71.7969 0.9648 0.3008
415.6250 71.7969 0.9648 0.4258
603.1250 70.7031 0.9648 0.4258
465.6250 28.0469 0.9773 0.3633
653.1250 28.0469 0.9773 0.3633
465.6250 61.9531 0.9773 0.3633
465.6250 28.0469 0.9023 0.3633
465.6250 28.0469 0.9773 0.2383
653.1250 61.9531 0.9023 0.2383
665.6250 63.0469 0.9273 0.1133
453.1250 63.0469 0.9273 0.1133
665.6250 26.9531 0.9273 0.1133
665.6250 63.0469 0.9523 0.1133
665.6250 63.0469 0.9273 0.4883
453.1250 26.9531 0.9523 0.4883
565.6250 10.5469 0.9523 0.4883
353.1250 10.5469 0.9523 0.4883
565.6250 44.4531 0.9523 0.4883
565.6250 10.5469 0.9273 0.4883
565.6250 10.5469 0.9523 0.3633
353.1250 44.4531 0.9273 0.3633
365.6250 45.5469 0.9023 0.2383
553.1250 45.5469 0.9023 0.2383
365.6250 79.4531 0.9023 0.2383
365.6250 45.5469 0.9773 0.2383
365.6250 45.5469 0.9023 0.1133
553.1250 79.4531 0.9773 0.1133
390.6250 41.1719 0.9586 0.0820
328.1250 41.1719 0.9586 0.0820
390.6250 66.3281 0.9586 0.0820
390.6250 41.1719 0.9086 0.0820
390.6250 41.1719 0.9586 0.2070
328.1250 66.3281 0.9086 0.2070
590.6250 76.1719 0.9086 0.3320
528.1250 76.1719 0.9086 0.3320
590.6250 31.3281 0.9086 0.3320
590.6250 76.1719 0.9586 0.3320
590.6250 76.1719 0.9086 0.4570
528.1250 31.3281 0.9586 0.4570
690.6250 23.6719 0.9836 0.2070
628.1250 23.6719 0.9836 0.2070
690.6250 13.8281 0.9836 0.2070
690.6250 23.6719 0.9336 0.2070
690.6250 23.6719 0.9836 0.3320
628.1250 13.8281 0.9336 0.3320
490.6250 58.6719 0.9336 0.4570
428.1250 58.6719 0.9336 0.4570
490.6250 48.8281 0.9336 0.4570
490.6250 58.6719 0.9836 0.4570
490.6250 58.6719 0.9336 0.0820
428.1250 48.8281 0.9836 0.0820
440.6250 14.9219 0.9211 0.3945
478.1250 14.9219 0.9211 0.3945
440.6250 75.0781 0.9211 0.3945
440.6250 14.9219 0.9461 0.3945
440.6250 14.9219 0.9211 0.2695
478.1250 75.0781 0.9461 0.2695
640.6250 49.9219 0.9711 0.1445
678.1250 49.9219 0.9711 0.1445
640.6250 40.0781 0.9711 0.1445
640.6250 49.9219 0.9961 0.1445
640.6250 49.9219 0.9711 0.0195
678.1250 40.0781 0.9961 0.0195
540.6250 32.4219 0.9461 0.2695
578.1250 32.4219 0.9461 0.2695
540.6250 22.5781 0.9461 0.2695
540.6250 32.4219 0.9211 0.2695
540.6250 32.4219 0.9461 0.1445
578.1250 22.5781 0.9211 0.1445
340.6250 67.4219 0.9961 0.0195
378.1250 67.4219 0.9961 0.0195
340.6250 57.5781 0.9961 0.0195
340.6250 67.4219 0.9711 0.0195
340.6250 67.4219 0.9961 0.3945
378.1250 57.5781 0.9711 0.3945
328.1250 34.6094 0.9117 0.4727
615.6250 34.6094 0.9117 0.4727
328.1250 37.8906 0.9117 0.4727
328.1250 34.6094 0.9930 0.4727
328.1250 34.6094 0.9117 0.1289
615.6250 37.8906 0.9930 0.1289
528.1250 69.6094 0.9617 0.2227
415.6250 69.6094 0.9617 0.2227
528.1250 72.8906 0.9617 0.2227
528.1250 69.6094 0.9430 0.2227
528.1250 69.6094 0.9617 0.3789
415.6250 72.8906 0.9430 0.3789
628.1250 17.1094 0.9367 0.3477
315.6250 17.1094 0.9367 0.3477
628.1250 55.3906 0.9367 0.3477
628.1250 17.1094 0.9680 0.3477
628.1250 17.1094 0.9367 0.2539
315.6250 55.3906 0.9680 0.2539
428.1250 52.1094 0.9867 0.0977
515.6250 52.1094 0.9867 0.0977
428.1250 20.3906 0.9867 0.0977
428.1250 52.1094 0.9180 0.0977
428.1250 52.1094 0.9867 0.0039
515.6250 20.3906 0.9180 0.0039
478.1250 25.8594 0.9742 0.0352
565.6250 25.8594 0.9742 0.0352
478.1250 29.1406 0.9742 0.0352
478.1250 25.8594 0.9555 0.0352
478.1250 25.8594 0.9742 0.3164
565.6250 29.1406 0.9555 0.3164
678.1250 60.8594 0.9242 0.2852
365.6250 60.8594 0.9242 0.2852
678.1250 64.1406 0.9242 0.2852
678.1250 60.8594 0.9055 0.2852
678.1250 60.8594 0.9242 0.0664
365.6250 64.1406 0.9055 0.0664
578.1250 43.3594 0.9992 0.1602
465.6250 43.3594 0.9992 0.1602
578.1250 46.6406 0.9992 0.1602
578.1250 43.3594 0.9805 0.1602
578.1250 43.3594 0.9992 0.1914
465.6250 46.6406 0.9805 0.1914
378.1250 78.3594 0.9492 0.4102
665.6250 78.3594 0.9492 0.4102
378.1250 11.6406 0.9492 0.4102
378.1250 78.3594 0.9305 0.4102
378.1250 78.3594 0.9492 0.4414
665.6250 11.6406 0.9305 0.4414
353.1250 12.7344 0.9930 0.2539
440.6250 12.7344 0.9930 0.2539
353.1250 24.7656 0.9930 0.2539
353.1250 12.7344 0.9617 0.2539
353.1250 12.7344 0.9930 0.3477
440.6250 24.7656 0.9617 0.3477
553.1250 47.7344 0.9430 0.0039
640.6250 47.7344 0.9430 0.0039
553.1250 59.7656 0.9430 0.0039
553.1250 47.7344 0.9117 0.0039
553.1250 47.7344 0.9430 0.0977
640.6250 59.7656 0.9117 0.0977
653.1250 30.2344 0.9680 0.3789
540.6250 30.2344 0.9680 0.3789
653.1250 77.2656 0.9680 0.3789
653.1250 30.2344 0.9867 0.3789
653.1250 30.2344 0.9680 0.2227
540.6250 77.2656 0.9867 0.2227
453.1250 65.2344 0.9180 0.1289
340.6250 65.2344 0.9180 0.1289
453.1250 42.2656 0.9180 0.1289
453.1250 65.2344 0.9367 0.1289
453.1250 65.2344 0.9180 0.4727
340.6250 42.2656 0.9367 0.4727
403.1250 38.9844 0.9305 0.1914
390.6250 38.9844 0.9305 0.1914
403.1250 16.0156 0.9305 0.1914
403.1250 38.9844 0.9992 0.1914
403.1250 38.9844 0.9305 0.1602
390.6250 16.0156 0.9992 0.1602
603.1250 73.9844 0.9805 0.4414
590.6250 73.9844 0.9805 0.4414
603.1250 51.0156 0.9805 0.4414
603.1250 73.9844 0.9492 0.4414
603.1250 73.9844 0.9805 0.4102
590.6250 51.0156 0.9492 0.4102
503.1250 21.4844 0.9055 0.0664
690.6250 21.4844 0.9055 0.0664
503.1250 68.5156 0.9055 0.0664
503.1250 21.4844 0.9742 0.0664
503.1250 21.4844 0.9055 0.2852
690.6250 68.5156 0.9742 0.2852
303.1250 56.4844 0.9555 0.3164
490.6250 56.4844 0.9555 0.3164
303.1250 33.5156 0.9555 0.3164
303.1250 56.4844 0.9242 0.3164
303.1250 56.4844 0.9555 0.0352
490.6250 33.5156 0.9242 0.0352
