400.00000000 99.53526351 0.00000000 0.00000000 0.00000000
400.00000000 99.53526351 0.00000000 0.00000000 0.00000000
400.00000000 99.53526351 0.00000000 0.00000000 0.00000000
400.00000000 99.53526351 0.00000000 0.00000000 0.00000000
400.00000000 99.53526351 0.00000000 0.00000000 0.00000000
400.00000000 99.53526351 0.00000000 0.00000000 0.00000000
400.00000000 99.53526351 0.00000000 0.00000000 0.00000000
400.00000000 99.53526351 0.00000000 0.00000000 0.00000000
400.00000000 99.53526351 0.00000000 0.00000000 0.00000000
400.00000000 99.53526351 0.00000000 0.00000000 0.00000000
311.50000000 20782.72962772 0.51890803 0.52017809 0.51065854
311.50000000 20782.72962772 0.51890803 0.52017809 0.51065854
311.50000000 20782.72962772 0.51890803 0.52017809 0.51065854
311.50000000 20782.72962772 0.51890803 0.52017809 0.51065854
311.50000000 20782.72962772 0.51890803 0.52017809 0.51065854
311.50000000 20782.72962772 0.51890803 0.52017809 0.51065854
311.50000000 20782.72962772 0.51890803 0.52017809 0.51065854
311.50000000 20782.72962772 0.51890803 0.52017809 0.51065854
311.50000000 20782.72962772 0.51890803 0.52017809 0.51065854
311.50000000 20782.72962772 0.51890803 0.52017809 0.51065854
487.50000000 271.74334361 0.26527848 0.24434722 0.24666957
487.50000000 271.74334361 0.26527848 0.24434722 0.24666957
225.80000000 32370.74336327 0.25139507 0.26435497 0.24089163
487.50000000 271.74334361 0.26527848 0.24434722 0.24666957
523.40000000 9822.31775676 0.26617447 0.25038073 0.25853366
226.20000000 35707.17660821 0.24813230 0.22606430 0.26121824
523.40000000 9822.31775676 0.26617447 0.25038073 0.25853366
226.20000000 35707.17660821 0.24813230 0.22606430 0.26121824
225.80000000 32370.74336327 0.25139507 0.26435497 0.24089163
226.20000000 35707.17660821 0.24813230 0.22606430 0.26121824
225.80000000 29835.66554307 0.75205149 0.74294737 0.74731660
225.80000000 29835.66554307 0.75205149 0.74294737 0.74731660
520.90000000 9770.43844750 0.76185986 0.74607135 0.75925493
225.80000000 29835.66554307 0.75205149 0.74294737 0.74731660
225.30000000 24395.41567698 0.72794684 0.75089844 0.72662601
487.50000000 272.15294926 0.75090354 0.76875942 0.74224307
225.30000000 24395.41567698 0.72794684 0.75089844 0.72662601
487.50000000 272.15294926 0.75090354 0.76875942 0.74224307
520.90000000 9770.43844750 0.76185986 0.74607135 0.75925493
487.50000000 272.15294926 0.75090354 0.76875942 0.74224307
389.70000000 20329.60220719 0.63115035 0.65452214 0.61815549
389.70000000 20329.60220719 0.63115035 0.65452214 0.61815549
706.20000000 179.53379589 0.64553139 0.61490452 0.62412501
389.70000000 20329.60220719 0.37676308 0.40874883 0.38621389
389.70000000 20329.60220719 0.63115035 0.65452214 0.61815549
706.20000000 179.53379589 0.37494011 0.36829855 0.37843900
389.70000000 20329.60220719 0.37676308 0.40874883 0.38621389
706.20000000 179.53379589 0.64553139 0.61490452 0.62412501
706.20000000 179.53379589 0.37494011 0.36829855 0.37843900
706.20000000 179.53379589 0.37494011 0.36829855 0.37843900
197.80000000 47652.77962621 0.15206878 0.12232457 0.14835418
197.80000000 47652.77962621 0.15206878 0.12232457 0.14835418
263.90000000 30056.81849517 0.13134740 0.12891019 0.11548800
197.80000000 47652.77962621 0.86596480 0.87067268 0.88590115
197.80000000 47652.77962621 0.15206878 0.12232457 0.14835418
263.90000000 30056.81849517 0.87420330 0.87678547 0.86408975
197.80000000 47652.77962621 0.86596480 0.87067268 0.88590115
263.90000000 30056.81849517 0.13134740 0.12891019 0.11548800
263.90000000 30056.81849517 0.87420330 0.87678547 0.86408975
263.90000000 30056.81849517 0.87420330 0.87678547 0.86408975
618.80000000 179.37834917 0.86886306 0.88405096 0.87587743
618.80000000 179.37834917 0.86886306 0.88405096 0.87587743
198.00000000 35953.35400676 0.88535935 0.88354993 0.89381888
618.80000000 179.37834917 0.13076196 0.12576863 0.12426042
443.80000000 181.72486171 0.88951651 0.86005663 0.86639910
197.90000000 32389.68068654 0.14064157 0.12272458 0.12988642
443.80000000 181.72486171 0.11406312 0.10889602 0.12925151
197.90000000 32389.68068654 0.87241885 0.86982341 0.86654925
198.00000000 35953.35400676 0.12667965 0.13634915 0.12195814
197.90000000 32389.68068654 0.14064157 0.12272458 0.12988642
264.60000000 18341.55361887 0.38213349 0.41396371 0.37298421
264.60000000 18341.55361887 0.38213349 0.41396371 0.37298421
390.40000000 5648.35485892 0.37635657 0.39156258 0.37004859
264.60000000 18341.55361887 0.63074758 0.64314472 0.61116161
264.60000000 25900.34594333 0.42325303 0.39845622 0.39644801
389.80000000 16783.38128941 0.64913266 0.62708654 0.62520457
264.60000000 25900.34594333 0.63694133 0.62143312 0.63648980
389.80000000 16783.38128941 0.38756738 0.38559044 0.36934588
390.40000000 5648.35485892 0.61344722 0.63075344 0.61957936
389.80000000 16783.38128941 0.64913266 0.62708654 0.62520457
452.40000000 8405.50304387 0.94118317 0.94224696 0.94962279
453.60000000 8307.83001336 0.93462090 0.93337464 0.93642243
452.40000000 8405.50304387 0.94118317 0.94224696 0.94962279
452.40000000 8405.50304387 0.43441461 0.42491315 0.43174044
451.50000000 17170.76835940 0.93585475 0.93955354 0.93547619
451.50000000 17170.76835940 0.41836383 0.42436443 0.44908651
455.90000000 17099.16795720 0.44930043 0.44520284 0.44777881
455.90000000 17099.16795720 0.93390568 0.95116800 0.92682564
453.60000000 8307.83001336 0.45430858 0.41286668 0.44462720
455.90000000 17099.16795720 0.44930043 0.44520284 0.44777881
212.20000000 36873.52493499 0.41977233 0.45797491 0.45380514
212.90000000 32009.85085060 0.47108751 0.43460480 0.44867479
212.20000000 36873.52493499 0.41977233 0.45797491 0.45380514
212.20000000 36873.52493499 0.95086843 0.93408933 0.94075153
212.90000000 34261.11874461 0.43950856 0.43265910 0.46372205
212.90000000 34261.11874461 0.94641423 0.94051625 0.94514022
212.70000000 27916.16736079 0.94038309 0.93452141 0.93847642
212.70000000 27916.16736079 0.45335025 0.46873540 0.42471968
212.90000000 32009.85085060 0.92482681 0.93357397 0.94257800
212.70000000 27916.16736079 0.94038309 0.93452141 0.93847642
465.60000000 140.77140890 0.66924288 0.70603434 0.68828746
465.60000000 140.81524108 0.68798850 0.70001969 0.68218895
286.70000000 25222.94582531 0.69829277 0.71990409 0.68147356
465.60000000 140.77140890 0.15174851 0.19082143 0.20190887
465.60000000 140.77140890 0.66924288 0.70603434 0.68828746
286.70000000 25222.94582531 0.19415410 0.20794414 0.17423997
465.60000000 140.81524108 0.20004668 0.18551866 0.20611067
286.50000000 17573.70026823 0.66110149 0.70101087 0.67378752
286.50000000 17573.70026823 0.16504697 0.18453241 0.20893517
286.50000000 17573.70026823 0.16504697 0.18453241 0.20893517
285.90000000 25067.05794121 0.18068763 0.18928650 0.19111051
286.40000000 26011.56526245 0.20004226 0.22210587 0.16174632
640.60000000 140.16390632 0.17965750 0.19920231 0.19922844
285.90000000 25067.05794121 0.70935547 0.70969603 0.69562438
285.90000000 25067.05794121 0.18068763 0.18928650 0.19111051
640.60000000 140.16390632 0.67034992 0.68541277 0.71104985
286.40000000 26011.56526245 0.69805746 0.71423028 0.66832447
640.60000000 140.25061138 0.17363766 0.19506274 0.19203379
640.60000000 140.25061138 0.68975423 0.69714105 0.69756367
640.60000000 140.25061138 0.68975423 0.69714105 0.69756367
596.70000000 236.51196188 0.30963821 0.32744475 0.31748741
596.60000000 236.83619980 0.30295884 0.31089317 0.29651488
351.60000000 18686.00688281 0.32717962 0.32161170 0.34187758
596.70000000 236.51196188 0.06854626 0.06345893 0.05635960
421.80000000 230.97780019 0.32510725 0.32432199 0.30875472
351.20000000 7855.29004191 0.06784715 0.06428219 0.05635253
421.80000000 230.65100430 0.06700092 0.06139817 0.06091635
350.60000000 7890.30869152 0.33357757 0.31498712 0.32141831
351.10000000 18769.39583715 0.06438551 0.06637732 0.06819137
350.60000000 7890.30869152 0.06693562 0.06591707 0.06922937
241.70000000 29341.53970076 0.82777725 0.83270596 0.81279156
241.10000000 19556.67866126 0.79440805 0.76180750 0.80713316
187.10000000 46906.68409724 0.79634800 0.83394659 0.83261501
241.70000000 29341.53970076 0.58994120 0.57457588 0.57067190
242.30000000 33895.98235027 0.79288882 0.79469234 0.80837073
187.10000000 47629.77331630 0.58823007 0.53791385 0.59285202
241.10000000 27024.67651657 0.57090360 0.57610822 0.54928824
186.80000000 31156.41716649 0.81442565 0.79342618 0.81884336
186.60000000 25415.41633799 0.56694905 0.56868682 0.57059669
186.80000000 31156.41716649 0.57521817 0.53331347 0.58055262
351.60000000 22149.42192843 0.06106670 0.05369111 0.06497084
352.40000000 22078.01981149 0.06408395 0.08233923 0.07246050
241.90000000 29319.85113515 0.05504250 0.07707280 0.07338408
351.60000000 22149.42192843 0.31401388 0.28849361 0.30950145
351.60000000 22149.42192843 0.06106670 0.05369111 0.06497084
241.90000000 29319.85113515 0.31142698 0.31661955 0.31656828
352.40000000 22078.01981149 0.31467795 0.32633729 0.33779989
241.40000000 29254.90509184 0.07181982 0.05760000 0.06177519
241.40000000 29254.90509184 0.33831515 0.33388061 0.31981262
241.40000000 29254.90509184 0.33831515 0.33388061 0.31981262
186.60000000 28681.97929465 0.56936385 0.54522229 0.60957200
186.90000000 39993.77998691 0.52867026 0.57175087 0.56339716
509.30000000 230.36127932 0.57408418 0.57572287 0.54195015
186.60000000 28681.97929465 0.80802658 0.82779625 0.82789203
186.60000000 28681.97929465 0.56936385 0.54522229 0.60957200
509.30000000 230.36127932 0.81511594 0.80180118 0.79753690
186.90000000 39993.77998691 0.80047109 0.83949463 0.82019193
509.30000000 231.72111934 0.56768659 0.56440619 0.56764279
509.30000000 231.72111934 0.80805360 0.81277132 0.81166676
509.30000000 231.72111934 0.80805360 0.81277132 0.81166676
334.30000000 21249.49004814 0.47697477 0.47541053 0.48307987
334.80000000 21307.00809887 0.47634815 0.47911180 0.46162667
182.20000000 32142.48450112 0.46095428 0.45331129 0.44621950
334.30000000 21249.49004814 0.54352277 0.52466810 0.54240317
334.30000000 23547.92698840 0.45069790 0.47215042 0.48152211
182.20000000 33341.27101382 0.53778800 0.52819017 0.56708667
333.80000000 23577.13198266 0.53137610 0.55869205 0.53631370
182.40000000 33388.81843298 0.47012285 0.46011116 0.44515235
182.10000000 32201.69818319 0.49967008 0.54910413 0.53117111
182.40000000 33388.81843298 0.54844014 0.51741439 0.51158259
182.20000000 35356.28161883 0.97324454 0.97533230 0.96665862
182.40000000 46804.07342979 0.97225833 0.97925627 0.96955070
334.20000000 12198.71739740 0.97624378 0.96637928 0.97592468
182.20000000 35356.28161883 0.03710451 0.02244210 0.03402119
182.90000000 36578.54046466 0.97918787 0.97462873 0.95615736
335.20000000 16358.70442777 0.03065197 0.02811859 0.03034397
181.60000000 47085.82475247 0.03728748 0.04980209 0.02293164
334.30000000 16318.91664586 0.97435470 0.97435064 0.97383810
334.80000000 12109.24951741 0.03851599 0.02394694 0.02754888
334.30000000 16318.91664586 0.03455366 0.02443277 0.04120079
564.40000000 9866.74061505 0.21540249 0.23151288 0.22575671
563.80000000 9839.74893057 0.21738565 0.22390285 0.20958944
564.40000000 9866.74061505 0.21540249 0.23151288 0.22575671
564.40000000 9866.74061505 0.79048352 0.78270387 0.78631603
432.80000000 250.81825182 0.23339626 0.21937839 0.21804196
432.80000000 250.81825182 0.77862130 0.79286575 0.77449791
432.80000000 250.34723877 0.79953653 0.78886495 0.76720088
432.80000000 250.34723877 0.23487367 0.22925752 0.21576089
563.80000000 9839.74893057 0.78449934 0.77868337 0.77112274
432.80000000 250.34723877 0.79953653 0.78886495 0.76720088
233.30000000 25872.79102643 0.75721841 0.72114252 0.74866313
233.40000000 25821.50756418 0.72350500 0.72812213 0.71198167
233.30000000 25872.79102643 0.75721841 0.72114252 0.74866313
233.30000000 25872.79102643 0.30693893 0.27915110 0.29358001
233.80000000 27858.77242064 0.73461243 0.72252373 0.71387057
233.80000000 27858.77242064 0.28890729 0.28796260 0.30562219
233.50000000 27878.37153807 0.27896117 0.28221095 0.24377380
233.50000000 27878.37153807 0.72100108 0.69782793 0.70260578
233.40000000 25821.50756418 0.28629028 0.29440299 0.28255654
233.50000000 27878.37153807 0.27896117 0.28221095 0.24377380
498.40000000 160.60558016 0.84329402 0.84416979 0.83873588
498.40000000 160.98806141 0.83166849 0.84043294 0.82760704
203.10000000 26942.93724928 0.83787788 0.84754899 0.84351731
498.40000000 160.60558016 0.91654328 0.90411728 0.90141640
476.50000000 161.55196464 0.83527118 0.84206185 0.84785571
203.20000000 26087.43574352 0.92367627 0.91778847 0.90573977
476.50000000 161.67353547 0.90084781 0.90304171 0.90802011
203.60000000 26050.68874417 0.85842915 0.83684632 0.84885117
202.50000000 26909.47574037 0.88936700 0.89780223 0.92223167
203.60000000 26050.68874417 0.91596122 0.89480458 0.91837797
275.90000000 34505.65269652 0.34194822 0.34332737 0.33056288
276.20000000 26822.48706274 0.31773352 0.32488900 0.36003145
413.40000000 17559.59698430 0.34272600 0.34714224 0.33463749
275.90000000 34505.65269652 0.39687638 0.41159276 0.39225605
275.20000000 34171.62900520 0.36824742 0.36360895 0.36499332
414.30000000 16620.13065378 0.40364619 0.40644531 0.38871355
275.00000000 26192.75044155 0.39355258 0.39608598 0.42986154
412.70000000 16747.63374503 0.32146973 0.35463904 0.35320595
413.40000000 17568.49659642 0.40187423 0.42126351 0.40097473
412.70000000 16747.63374503 0.39058180 0.41487954 0.41324200
410.90000000 367.16836439 0.56888636 0.59538067 0.58368215
411.00000000 360.45537254 0.59331197 0.60229767 0.62089912
410.90000000 160.83802088 0.59121479 0.59639504 0.59141132
410.90000000 367.16836439 0.62475157 0.66323990 0.64946329
413.10000000 20049.71588101 0.57900131 0.58151143 0.58549590
739.00000000 160.68320141 0.66999322 0.64559414 0.67506602
412.20000000 19993.17725345 0.65726920 0.64787572 0.65468651
739.00000000 161.05199143 0.60765079 0.60399797 0.59179322
410.90000000 160.46713846 0.68365406 0.65897250 0.64092296
739.00000000 161.05199143 0.67167647 0.66231019 0.65235137
203.00000000 29592.75074102 0.09985272 0.11744313 0.08452788
204.10000000 29606.42044132 0.08656663 0.08116690 0.08121299
274.80000000 24062.42842897 0.08154476 0.08280999 0.08824300
203.00000000 29592.75074102 0.16113331 0.16763759 0.14481607
203.00000000 29011.91745842 0.09086799 0.10596748 0.08281674
275.10000000 23190.51074518 0.18919821 0.14459732 0.18661213
203.10000000 29030.81142554 0.17461334 0.13833846 0.15566016
275.20000000 23223.07319092 0.09523465 0.09754972 0.10601835
275.10000000 24074.00786873 0.14921895 0.16358081 0.16535598
275.20000000 23223.07319092 0.15230719 0.17283222 0.17061467
695.20000000 206.89346512 0.53347352 0.53959967 0.52705565
694.90000000 208.87558610 0.52599660 0.52485085 0.54364796
254.50000000 28683.97325560 0.53165935 0.55695347 0.53357680
695.20000000 206.89346512 0.97356558 0.96718449 0.96640623
454.70000000 201.32319029 0.52962425 0.52271772 0.55681019
255.30000000 20094.02409802 0.95827273 0.96850736 0.96634155
454.70000000 201.11421944 0.97533371 0.97061237 0.95963862
254.70000000 28528.72620973 0.58346157 0.52910279 0.48770449
255.10000000 34240.32029089 0.97733637 0.96467955 0.97002195
254.70000000 28528.72620973 0.97201483 0.96495278 0.97521680
255.70000000 23176.54897943 0.03812718 0.02389420 0.03818526
256.10000000 23047.38603356 0.03365094 0.03590076 0.03519984
520.20000000 200.72052233 0.03359501 0.03410428 0.02328781
255.70000000 23176.54897943 0.47937846 0.47845682 0.46339111
255.00000000 27002.61116618 0.02815426 0.02612271 0.03476433
629.70000000 201.63011766 0.44245329 0.46616826 0.49121656
254.20000000 26986.42745204 0.48751198 0.48192407 0.50208698
629.70000000 201.07844002 0.03084410 0.03200487 0.03267143
520.20000000 200.72837539 0.44830080 0.49175828 0.48277692
629.70000000 201.07844002 0.46772302 0.44739454 0.46772155
370.80000000 17807.46375669 0.79485906 0.80982310 0.78348121
369.10000000 17845.07796664 0.78604579 0.78018774 0.77635325
370.80000000 17807.46375669 0.79485906 0.80982310 0.78348121
370.80000000 17807.46375669 0.73259230 0.74059641 0.71353830
368.70000000 22009.57774425 0.78209704 0.77531212 0.77314777
368.70000000 22009.57774425 0.72067528 0.71219650 0.71516670
370.30000000 21910.71041902 0.73841554 0.74286231 0.73107215
370.30000000 21910.71041902 0.80005652 0.79081329 0.78789349
369.10000000 17845.07796664 0.72125322 0.71816806 0.71649319
370.30000000 21910.71041902 0.73841554 0.74286231 0.73107215
191.60000000 25330.24878748 0.25807407 0.27508125 0.29417363
191.70000000 32023.84019040 0.28845054 0.30655198 0.32172098
191.60000000 25330.24878748 0.25807407 0.27508125 0.29417363
191.60000000 25330.24878748 0.20285141 0.21826261 0.22487796
192.00000000 29308.85764957 0.30696963 0.28009063 0.29188008
192.00000000 29308.85764957 0.24563123 0.21767514 0.21524223
192.00000000 34645.78403362 0.23234127 0.20937391 0.20161736
192.00000000 34645.78403362 0.29535565 0.28536350 0.26591442
191.70000000 32023.84019040 0.22870931 0.23400609 0.25286065
192.00000000 34645.78403362 0.23234127 0.20937391 0.20161736
476.60000000 303.50523723 0.16913484 0.16801169 0.15918662
476.50000000 299.53677492 0.15736992 0.15564786 0.14474357
298.30000000 17087.30027113 0.17270635 0.14632385 0.15109738
476.60000000 303.50523723 0.60934706 0.58800042 0.60515754
485.20000000 12774.34217193 0.15876810 0.16800305 0.16652605
298.80000000 25227.20509701 0.58815095 0.60354609 0.61702678
486.00000000 12700.04393470 0.61253962 0.60631140 0.60036507
297.90000000 25243.08528382 0.14212777 0.15628159 0.15494116
298.30000000 17093.23133265 0.62676790 0.60743315 0.61416877
297.90000000 25243.08528382 0.60422324 0.58592420 0.61409735
219.20000000 38104.34178060 0.67382059 0.66483853 0.69455223
219.10000000 30030.67641205 0.61343651 0.62942371 0.64531109
651.50000000 120.71462127 0.66516762 0.66270567 0.65158740
219.20000000 38104.34178060 0.09595871 0.10013908 0.08462192
219.20000000 35962.88715485 0.66623211 0.66904069 0.66485130
498.40000000 119.78868497 0.09108762 0.09283379 0.08558082
219.00000000 25417.87211048 0.10411217 0.08338538 0.08627132
498.40000000 120.22185559 0.66307489 0.65526518 0.65993235
651.50000000 121.28207391 0.10242529 0.09723327 0.08960893
498.40000000 120.22185559 0.10287682 0.10330563 0.10289771
564.00000000 120.11207126 0.40956950 0.40885040 0.41945729
564.00000000 120.40819528 0.39215743 0.41674450 0.40851051
485.40000000 6537.44105469 0.41737652 0.39618458 0.39467490
564.00000000 120.11207126 0.84960840 0.83320870 0.84895780
410.90000000 120.52658183 0.40248979 0.43545190 0.41844226
410.90000000 290.88785684 0.84703834 0.83520725 0.84989238
410.90000000 120.79305356 0.84756679 0.84163425 0.82479983
410.90000000 291.56912025 0.42495560 0.41841348 0.41963383
484.70000000 6454.47609185 0.83358799 0.82951440 0.83552186
410.90000000 291.56912025 0.83776945 0.86092766 0.85134012
299.00000000 26933.57338348 0.90996644 0.90673245 0.90007400
298.60000000 31488.02160042 0.89301947 0.92187491 0.90572806
219.20000000 31774.95291364 0.90988762 0.92212502 0.91376459
299.00000000 26933.57338348 0.34494912 0.36589364 0.34789725
298.20000000 22273.20115289 0.91318668 0.91853871 0.89541228
218.70000000 28372.43348682 0.30608625 0.35350339 0.32432311
298.60000000 27945.33605948 0.33142253 0.37091812 0.36107900
219.10000000 46624.45438348 0.91527835 0.89608490 0.91436033
218.80000000 47153.69551110 0.35489808 0.34251189 0.35808191
219.10000000 46624.45438348 0.32746282 0.37629008 0.34919737
502.50000000 7029.49142276 0.69972099 0.68982580 0.69090482
499.20000000 7039.30487004 0.68968809 0.71453793 0.70561432
189.80000000 30713.77000084 0.69141136 0.72778805 0.69039597
502.50000000 7029.49142276 0.78005985 0.79292037 0.79237471
501.60000000 9641.36749082 0.73233534 0.70323950 0.70966902
189.20000000 31739.14396317 0.79263817 0.79463684 0.79997513
501.50000000 9632.33623946 0.80749538 0.79872834 0.77739917
189.60000000 31752.01139703 0.70214772 0.71551238 0.67701745
189.30000000 30772.91026370 0.79250647 0.77412801 0.79967700
189.60000000 31752.01139703 0.78547408 0.81985710 0.77174139
223.10000000 21307.44277101 0.21615144 0.21120593 0.22875770
222.60000000 24919.31237054 0.19531449 0.19310204 0.19927701
360.20000000 6510.45136435 0.21029885 0.21015738 0.19489961
223.10000000 21307.44277101 0.31410506 0.30945524 0.32463765
223.00000000 23524.50567351 0.20581368 0.21110027 0.22871755
360.00000000 10173.90637890 0.32144544 0.27720015 0.30151619
222.60000000 26791.89473527 0.31526879 0.30192448 0.31212923
360.90000000 10092.34464383 0.19624134 0.20741327 0.21108340
360.00000000 6523.36782266 0.29603084 0.30504610 0.29590454
360.90000000 10092.34464383 0.28799047 0.30738618 0.30889056
678.90000000 109.64288426 0.95989500 0.95452442 0.95592151
678.90000000 111.07928624 0.95593163 0.95138116 0.95276179
639.70000000 2851.68217146 0.95123722 0.95591531 0.95309299
678.90000000 109.64288426 0.55500412 0.55616942 0.55410723
547.60000000 111.22603453 0.94960071 0.95820305 0.95353549
547.60000000 219.88400204 0.54410365 0.56967323 0.55271228
547.60000000 110.84449992 0.54474029 0.57031431 0.54931222
547.60000000 220.76386767 0.96421755 0.94793578 0.94819268
640.80000000 2603.65878932 0.55663294 0.53486167 0.54681955
547.60000000 220.76386767 0.55920335 0.54268033 0.53844647
304.80000000 18007.00613445 0.47657590 0.44488884 0.45147310
304.90000000 18025.39698246 0.47910498 0.43804029 0.43517836
245.10000000 23292.75101639 0.48952837 0.46228701 0.42994741
304.80000000 18007.00613445 0.06102414 0.05030358 0.04935001
305.50000000 26121.17805599 0.45378845 0.45690844 0.47118347
245.70000000 29857.80357750 0.04452729 0.04468887 0.05034991
305.50000000 26156.49365801 0.04849578 0.04240683 0.04939383
246.10000000 29874.68027195 0.45459912 0.44725594 0.44856829
246.60000000 23233.04985360 0.05016828 0.04966413 0.05567508
246.10000000 29874.68027195 0.04799011 0.03932799 0.04486582
547.60000000 190.67353593 0.07530966 0.07338927 0.08954609
547.60000000 191.13926096 0.09139441 0.07956979 0.07488338
215.60000000 27504.92115457 0.09460545 0.08710837 0.08657186
547.60000000 190.67353593 0.67801365 0.68134909 0.67024340
503.90000000 191.22275521 0.08720517 0.07523639 0.08891937
216.10000000 25972.37448178 0.68138776 0.68173036 0.67710873
503.90000000 190.98168637 0.67108834 0.66259275 0.66834807
215.40000000 25943.60965820 0.08177350 0.09156297 0.08549128
215.10000000 27499.40122459 0.67631099 0.69457273 0.69744575
215.40000000 25943.60965820 0.65540732 0.67419291 0.66995335
259.80000000 36398.30210888 0.59522201 0.56924323 0.59825477
259.60000000 31248.08398791 0.59036784 0.57510993 0.55149977
468.50000000 15975.81769367 0.59436630 0.58771212 0.56625134
259.80000000 36398.30210888 0.17729432 0.18020303 0.18269916
260.50000000 35847.38829910 0.58049967 0.60483797 0.57329631
470.90000000 14059.44836558 0.17720783 0.17177993 0.17117071
260.40000000 30319.18580719 0.19326004 0.16486567 0.15845808
467.80000000 14182.20785968 0.60854972 0.59134835 0.58092619
468.90000000 16039.42118764 0.18415728 0.16939633 0.16174836
467.80000000 14182.20785968 0.19091270 0.18969424 0.17407303
378.90000000 8178.46699063 0.30925744 0.34232769 0.33541354
379.70000000 8089.15513865 0.31724525 0.32676840 0.35435494
460.10000000 129.97753222 0.34640449 0.32247928 0.33804680
378.90000000 8178.46699063 0.91755361 0.92451830 0.92590447
380.40000000 16341.96641529 0.31917252 0.30654423 0.33279395
591.40000000 130.81213408 0.92730446 0.91934776 0.91517680
380.40000000 16255.17344228 0.91612569 0.93372514 0.91808217
591.40000000 131.57225532 0.32894570 0.31728851 0.31648264
460.10000000 131.02822707 0.92111941 0.91595310 0.93270208
591.40000000 131.57225532 0.92871335 0.92244374 0.92516114
194.70000000 31399.47433879 0.81479797 0.80505732 0.78747626
194.90000000 31373.35185214 0.82068289 0.84578220 0.82917555
291.80000000 24462.05099209 0.81381120 0.82573377 0.82232801
194.70000000 31399.47433879 0.40485185 0.38919928 0.40678774
194.80000000 24229.67430029 0.84324535 0.84291380 0.81981746
292.40000000 13687.97104935 0.41460877 0.42206348 0.42788795
195.40000000 24232.83690529 0.42946509 0.42907616 0.39292854
291.90000000 13787.24207609 0.80999597 0.81190962 0.84432757
292.00000000 24469.22580815 0.44195423 0.43116251 0.43768609
291.90000000 13787.24207609 0.38991196 0.38862028 0.43884000
744.50000000 150.73415608 0.26888588 0.26503292 0.27135027
744.50000000 150.74216224 0.27289795 0.26940731 0.26883433
230.10000000 31204.20978681 0.29072898 0.25756166 0.26909024
744.50000000 150.73415608 0.71618823 0.73535687 0.75077305
525.70000000 151.28070587 0.26889187 0.26814918 0.27171242
229.80000000 25514.93795348 0.74361836 0.75258922 0.73043114
525.70000000 149.82177413 0.74764597 0.75577461 0.73736564
230.20000000 30267.23215478 0.30361670 0.24856941 0.26454120
229.90000000 34619.54520913 0.73419309 0.72811210 0.73641210
230.20000000 30267.23215478 0.74196210 0.73649526 0.74116217
280.90000000 23106.59170996 0.76727103 0.77493360 0.79369459
280.80000000 23073.51338374 0.76923304 0.78128204 0.76912727
541.50000000 2507.57700960 0.77434636 0.76227494 0.76036635
280.90000000 23106.59170996 0.25332838 0.24789448 0.24860029
280.90000000 27161.41684001 0.76542051 0.77624487 0.76379041
539.60000000 10397.53356610 0.21274638 0.24162110 0.23689714
280.00000000 27148.48217871 0.23593343 0.24872887 0.25130900
540.60000000 10399.75559077 0.76614549 0.77076451 0.77551791
540.70000000 2438.42986591 0.24814570 0.23582194 0.23528009
540.60000000 10399.75559077 0.23081940 0.25060251 0.24129581
438.60000000 15107.33174685 0.01157581 0.01539509 0.01265137
438.40000000 15166.69909073 0.01602167 0.01277707 0.01305416
326.40000000 25116.12441049 0.02495199 0.00915378 0.01412606
438.60000000 15107.33174685 0.98577896 0.98241874 0.98484071
439.80000000 12986.91601575 0.01576409 0.00800585 0.01657310
326.40000000 23693.38540260 0.98225163 0.98477071 0.98446594
440.70000000 12907.98036741 0.98181014 0.98809877 0.98407440
326.10000000 21250.41387436 0.01236680 0.01498116 0.01346943
326.10000000 22864.17307413 0.98008492 0.98717433 0.98208485
326.10000000 21250.41387436 0.98686725 0.98109230 0.98247426
209.20000000 25764.03400653 0.56649057 0.54727221 0.50539592
209.50000000 48286.58877485 0.50400155 0.52767377 0.49526205
179.50000000 31107.10682273 0.52631340 0.57867209 0.47752851
209.20000000 25764.03400653 0.54029124 0.51849665 0.46669685
209.50000000 23815.90819360 0.48997417 0.50809325 0.53136562
179.90000000 29712.27282379 0.50655631 0.47792004 0.50009701
208.90000000 48141.64627817 0.48375366 0.46988963 0.50762875
179.90000000 58425.75803193 0.53207180 0.52152415 0.52305358
180.40000000 58439.19108491 0.48864116 0.47582993 0.49487648
179.90000000 58425.75803193 0.49805746 0.49796414 0.48237972
343.00000000 10132.15188708 0.88932084 0.88956722 0.88770571
342.80000000 10094.48641335 0.89150880 0.87890014 0.87999893
269.80000000 17548.67666886 0.89341466 0.87736862 0.90058334
343.00000000 10132.15188708 0.85561117 0.86072043 0.86210205
343.50000000 21655.90696477 0.87696152 0.89597190 0.88235202
269.40000000 26711.66921228 0.85261266 0.85718186 0.87795676
342.60000000 21722.25557970 0.86613333 0.85989352 0.86358726
270.40000000 30166.98242283 0.90039367 0.90352083 0.89434219
269.70000000 22845.50502036 0.85794253 0.85736088 0.85342531
270.40000000 30166.98242283 0.85576491 0.86894784 0.86278827
184.60000000 51166.65414593 0.43427465 0.39357717 0.43074627
184.30000000 31656.74016239 0.38926450 0.36879045 0.41805682
613.20000000 170.87688821 0.39249797 0.40087360 0.39699953
184.60000000 51166.65414593 0.39738199 0.36566112 0.39608316
184.30000000 50974.51857402 0.39225441 0.39821628 0.37048373
482.00000000 170.14487420 0.36328940 0.37643677 0.36448781
184.80000000 28035.84374446 0.37808690 0.35849194 0.36570818
482.00000000 170.54888329 0.40901388 0.39638470 0.40078987
613.20000000 169.84448157 0.35326815 0.37205207 0.34491923
482.00000000 170.54888329 0.37196565 0.36709802 0.37613038
525.70000000 241.62305832 0.62493089 0.66027713 0.63962551
525.70000000 242.20640125 0.63492162 0.64848931 0.64735979
401.40000000 10940.51994376 0.63313793 0.64904939 0.63866935
525.70000000 241.62305832 0.59272103 0.63091107 0.60826859
569.40000000 245.30521812 0.63775189 0.66037818 0.63860972
401.20000000 13536.80938590 0.59740697 0.62209425 0.61507680
569.20000000 247.70246252 0.61971695 0.60545957 0.60184539
400.20000000 13546.17310009 0.66649571 0.64236707 0.64343962
401.10000000 10879.82230471 0.61758570 0.60253113 0.60577556
400.20000000 13546.17310009 0.63207197 0.61332995 0.61545258
237.90000000 29876.23909234 0.14431235 0.14702512 0.14567831
237.70000000 29931.94189280 0.13096642 0.16018742 0.14843906
199.90000000 32307.79702933 0.13253899 0.14916011 0.14459269
237.90000000 29876.23909234 0.10826693 0.11702425 0.11423506
237.60000000 30755.31810928 0.13539094 0.12238381 0.14344480
200.50000000 33042.12733329 0.11823508 0.09741970 0.13612220
238.00000000 30842.90587296 0.11519095 0.11685118 0.10102712
200.50000000 35559.66978462 0.16595144 0.14214581 0.13037914
200.30000000 34944.40471931 0.10543888 0.10112829 0.11151539
200.50000000 35559.66978462 0.12899209 0.11604483 0.09510037
449.20000000 260.67195544 0.79132343 0.79301022 0.81024501
449.20000000 262.18770841 0.79574625 0.79647316 0.77974756
449.20000000 150.43482677 0.80862497 0.80447833 0.80241475
449.20000000 260.67195544 0.25551797 0.26177425 0.29463045
539.90000000 1691.85816524 0.80256387 0.80872985 0.79833755
558.50000000 150.67978234 0.27480672 0.25742185 0.26972945
543.20000000 1606.21742878 0.27344140 0.27102866 0.27021135
558.50000000 150.25892962 0.80444844 0.79904416 0.80475475
449.20000000 150.67657402 0.27031500 0.26222996 0.29328807
558.50000000 150.25892962 0.25961022 0.25218389 0.26828008
230.40000000 28665.29697932 0.29365256 0.28748132 0.31778811
230.00000000 41699.58435950 0.29941846 0.27769188 0.29838255
280.50000000 24992.90951807 0.31149048 0.28552586 0.31003986
230.40000000 28665.29697932 0.76117172 0.77666967 0.77913888
230.20000000 31084.89859343 0.28408343 0.33705969 0.29274372
280.80000000 27965.83392066 0.77973865 0.77324988 0.77824348
230.60000000 42361.30121034 0.78027197 0.77494044 0.77220844
280.30000000 33030.59741222 0.30518119 0.30110145 0.31992553
279.90000000 30905.66814512 0.78081255 0.76579600 0.76094341
280.30000000 33030.59741222 0.76036433 0.75868330 0.78023947
326.80000000 17873.86169168 0.54971672 0.53435760 0.58778284
326.40000000 17870.66585997 0.54112595 0.55829177 0.57146521
209.20000000 41613.24544803 0.54897654 0.54302921 0.48840622
326.80000000 17873.86169168 0.00947863 0.02336014 0.01580844
326.50000000 22474.43012597 0.54181877 0.53647704 0.56990542
209.80000000 42409.16238735 0.02388110 0.00912950 0.01789708
327.40000000 22442.25963020 0.01675461 0.01565703 0.01085185
209.20000000 35870.30863814 0.53473191 0.56915844 0.54972876
209.00000000 34032.67743056 0.01737064 0.01414628 0.01561031
209.20000000 35870.30863814 0.01993116 0.01810653 0.01825690
179.40000000 33826.25381844 0.04407480 0.04659331 0.04095226
179.60000000 33800.49313952 0.04476970 0.05608159 0.04771184
438.90000000 17433.29892099 0.04847155 0.04360878 0.05045988
179.40000000 33826.25381844 0.48852818 0.49712768 0.54138131
179.80000000 28115.36668238 0.06498784 0.04282073 0.03501044
439.20000000 3397.66010307 0.49590351 0.52510573 0.51088754
179.30000000 28085.07713377 0.51582471 0.52010372 0.50892668
439.40000000 3266.55004630 0.03984627 0.05337026 0.04406903
439.00000000 17399.72869103 0.51261333 0.54048891 0.49522017
439.40000000 3266.55004630 0.52541166 0.51541274 0.50845105
401.60000000 18118.38370674 0.42108278 0.42025633 0.40831805
401.30000000 18130.25654969 0.43494755 0.42861796 0.42665487
585.10000000 5694.38715005 0.43153173 0.41680886 0.41516962
401.60000000 18118.38370674 0.13677076 0.13914570 0.13859208
400.80000000 15182.75471691 0.43247790 0.41304396 0.43404943
587.70000000 1338.18958885 0.13436411 0.12275200 0.15665859
401.90000000 15203.98950566 0.15372468 0.15555733 0.11654977
583.70000000 1513.79252916 0.42764757 0.40903801 0.43358171
586.30000000 5593.13867463 0.13717149 0.15423399 0.15252607
583.70000000 1513.79252916 0.14578567 0.13961420 0.16184353
200.10000000 51284.16104748 0.92799673 0.92259170 0.93876976
200.10000000 29209.35104650 0.92233366 0.90773042 0.93066770
237.90000000 39890.67692564 0.91974526 0.92186078 0.91679125
200.10000000 51284.16104748 0.60656791 0.65766324 0.69149433
200.90000000 51064.71730994 0.92238002 0.92761242 0.91282857
237.20000000 38927.46354172 0.64834714 0.64791676 0.66916496
200.00000000 26827.14120169 0.65438167 0.65311397 0.65264354
237.50000000 20334.19801150 0.95318595 0.93138501 0.90759627
238.10000000 23556.18458775 0.67385080 0.67647533 0.64968207
237.50000000 20334.19801150 0.67774563 0.63001085 0.63304102
580.50000000 170.31936144 0.16559332 0.17040364 0.17184763
580.50000000 170.40361706 0.17276596 0.15152017 0.18447505
184.40000000 42122.10981650 0.15898233 0.18773334 0.18648271
580.50000000 170.31936144 0.39130817 0.38044265 0.39678360
514.80000000 170.68837227 0.17106243 0.18578605 0.17281110
184.70000000 41588.75295037 0.40639689 0.40681136 0.41915408
514.80000000 169.68262604 0.38553104 0.39961182 0.41597997
184.50000000 47211.40089363 0.17569261 0.21116704 0.16688696
184.50000000 47486.60005556 0.40066019 0.42653149 0.41367880
184.50000000 47211.40089363 0.40511073 0.39925693 0.39501981
268.90000000 15377.08815478 0.68285582 0.66597407 0.69389329
269.70000000 15314.38007160 0.69798297 0.65802013 0.65610603
342.20000000 7362.28999095 0.65438432 0.66857803 0.69492012
268.90000000 15377.08815478 0.90044093 0.88823758 0.89006907
269.70000000 27586.46424644 0.66547327 0.69632313 0.65977739
341.90000000 22842.23843669 0.89384861 0.90114283 0.89392763
270.00000000 27536.13476761 0.88940774 0.91170931 0.91179349
342.80000000 22875.95524346 0.68613357 0.67814382 0.67783858
342.50000000 7258.68902990 0.86842247 0.90024325 0.89255185
342.80000000 22875.95524346 0.88724724 0.89234392 0.88926789
359.70000000 13776.97138316 0.23872999 0.23056518 0.24271753
361.00000000 13766.47584312 0.23123606 0.23460855 0.20943400
501.30000000 1427.57247510 0.23991280 0.24185518 0.25142936
359.70000000 13776.97138316 0.20807740 0.20608145 0.20523513
360.40000000 17268.73891425 0.22620143 0.21871077 0.23685131
502.90000000 6226.95011737 0.18799907 0.21217255 0.19332702
360.20000000 17331.62180288 0.17883915 0.19562720 0.21286498
503.60000000 6304.53900856 0.24375681 0.21764424 0.21687486
502.60000000 1406.46032458 0.20302372 0.19137049 0.21825651
503.60000000 6304.53900856 0.21253867 0.18943186 0.18752226
189.50000000 38972.73262491 0.71357931 0.74295991 0.78464298
189.30000000 33499.68336595 0.73009934 0.73065492 0.70528402
222.30000000 32854.49619983 0.75530370 0.73356775 0.73454292
189.50000000 38972.73262491 0.68358283 0.72380489 0.75532058
189.90000000 34694.18779332 0.72700604 0.74636931 0.77570694
222.20000000 24402.82268319 0.71357877 0.73383996 0.71338492
189.30000000 25422.93979396 0.71112877 0.72021257 0.71274737
221.90000000 20689.36404466 0.71725526 0.73729319 0.72641795
222.20000000 30681.67476546 0.68251184 0.69436939 0.72244925
221.90000000 20689.36404466 0.68541171 0.69765326 0.70200262
427.30000000 220.70470069 0.48404395 0.47017087 0.49735794
427.30000000 220.89080150 0.48344900 0.47910510 0.47074173
304.80000000 15384.80755693 0.50709607 0.50330098 0.49498876
427.30000000 220.70470069 0.45328675 0.44141214 0.46388689
493.00000000 220.34106319 0.49091420 0.47350146 0.49268897
305.40000000 19307.90863203 0.44445572 0.44768276 0.45638375
493.00000000 221.12008092 0.45739069 0.46744968 0.45449031
306.20000000 17333.52320011 0.48697511 0.48571355 0.48194820
305.30000000 13159.30366933 0.45299959 0.45840728 0.48274415
306.20000000 17333.52320011 0.45854593 0.46573195 0.45813072
245.60000000 26828.72953934 0.98075558 0.98803743 0.98236992
246.10000000 30011.86444817 0.98078195 0.98217254 0.99019701
602.30000000 111.68732725 0.97820360 0.98128708 0.98147703
245.60000000 26828.72953934 0.95352474 0.96716956 0.94902040
246.30000000 28597.94096930 0.98424804 0.98564845 0.98352352
668.00000000 109.96456376 0.95048025 0.95960324 0.95011980
246.00000000 31465.41663343 0.96684384 0.94790092 0.95230099
668.00000000 110.79035478 0.98462953 0.98526990 0.98306938
602.30000000 109.50837003 0.95132383 0.95428468 0.95654628
668.00000000 110.79035478 0.95403947 0.95603130 0.95278070
646.00000000 130.25711386 0.62626750 0.63166368 0.62293233
646.00000000 129.93782674 0.60932919 0.61126228 0.60618334
379.80000000 18720.57471341 0.62261545 0.61561468 0.59810578
646.00000000 130.25711386 0.32953589 0.33929094 0.33853918
536.70000000 130.55714698 0.59272078 0.62085463 0.62341818
378.10000000 13433.46137900 0.33607024 0.34027261 0.34025297
536.70000000 131.14838925 0.33290321 0.30885538 0.33481376
380.00000000 13383.81320882 0.63183565 0.62486082 0.60538108
379.50000000 18787.60640250 0.32200793 0.33794358 0.34340961
380.00000000 13383.81320882 0.33873121 0.32750478 0.32543651
292.70000000 17424.81322475 0.09497290 0.11757935 0.11999679
292.30000000 17269.73977483 0.11345072 0.09404318 0.11239529
195.20000000 41785.46033244 0.12845772 0.10678125 0.12367342
292.70000000 17424.81322475 0.80224011 0.82537737 0.82805594
292.00000000 26738.77079278 0.11067904 0.10350399 0.11475408
194.60000000 43453.48595864 0.82267348 0.83110886 0.81091337
292.80000000 26692.60289361 0.83438454 0.83557544 0.81361976
194.80000000 32805.52959654 0.08017166 0.12500496 0.13138700
194.80000000 26672.49854483 0.81155840 0.83918673 0.83254440
194.80000000 32805.52959654 0.81848530 0.85285230 0.85230611
469.80000000 16460.12631645 0.84737627 0.85624601 0.86901650
467.30000000 16471.06555021 0.85703927 0.84873824 0.87123489
259.40000000 29240.10693196 0.86700322 0.86459058 0.86878342
469.80000000 16460.12631645 0.07737120 0.08477073 0.07380319
467.20000000 11498.52202474 0.84798943 0.86285524 0.86312423
259.60000000 26511.00251379 0.07255085 0.08025541 0.07774242
469.80000000 11360.59026098 0.08409447 0.09237305 0.06949635
259.30000000 26459.06538979 0.85466128 0.84390166 0.86538436
258.90000000 29240.36758425 0.09866294 0.08297763 0.06480020
259.30000000 26459.06538979 0.05803945 0.08654466 0.07007920
215.60000000 27808.17954425 0.35377852 0.35734895 0.35075594
215.70000000 41712.24609940 0.39196038 0.35979871 0.33089622
558.50000000 190.97808930 0.35742625 0.35604642 0.37060512
215.60000000 27808.17954425 0.54199209 0.55870165 0.56624246
215.20000000 23635.49249704 0.35778724 0.37129251 0.34276012
449.20000000 190.73899304 0.57276631 0.58609092 0.56074855
215.40000000 40532.63544034 0.58013107 0.57964324 0.58509441
449.20000000 191.74906711 0.36388812 0.33551957 0.35092902
558.50000000 190.37133285 0.59462575 0.56832148 0.57928796
449.20000000 191.74906711 0.56751402 0.57006817 0.58308407
380.60000000 20376.40495597 0.82032175 0.82220287 0.81349071
378.70000000 20518.82280618 0.81622057 0.81178070 0.83040100
342.40000000 22917.60720173 0.81126590 0.83787236 0.80505407
380.60000000 20376.40495597 0.66177401 0.67865799 0.66444954
379.60000000 9139.72108220 0.82783461 0.83028229 0.79923220
342.20000000 12667.62734517 0.65846149 0.67523087 0.68310811
378.80000000 9309.42305470 0.66443782 0.67925424 0.66045820
341.80000000 12790.21267132 0.81798975 0.81898697 0.81532535
343.00000000 22908.96940635 0.65856469 0.65213715 0.63215783
341.80000000 12790.21267132 0.66218850 0.67638998 0.66007235
194.20000000 30268.31226374 0.30411829 0.31702635 0.30062616
195.00000000 28255.28435668 0.31753083 0.31444197 0.32249375
185.10000000 32673.07603786 0.32718441 0.32662807 0.31435275
194.20000000 30268.31226374 0.14706016 0.15321287 0.13303335
194.40000000 33216.05773245 0.31227135 0.31881444 0.30764324
184.20000000 35173.99860767 0.15198407 0.15016154 0.16984806
194.90000000 31649.02471393 0.13439887 0.16326105 0.16444025
184.50000000 32347.11002366 0.30060990 0.31721939 0.34007929
184.20000000 29144.88735424 0.17541123 0.16381630 0.15019157
184.50000000 32347.11002366 0.13853521 0.17389900 0.17224332
605.00000000 200.48849732 0.56817209 0.57271652 0.55666744
605.10000000 201.35656087 0.56967561 0.54041720 0.57211572
242.10000000 32534.98718604 0.59369839 0.56270050 0.55036424
605.00000000 200.48849732 0.90740271 0.90417035 0.90503978
706.50000000 1979.35305810 0.57865752 0.56545253 0.57029967
241.70000000 34777.54145084 0.93070818 0.91397336 0.94080004
704.50000000 2241.14853010 0.90656546 0.91823338 0.91168190
241.50000000 30402.42790493 0.55351162 0.58850062 0.57700084
242.00000000 27179.69673753 0.93199589 0.90381814 0.91495721
241.50000000 30402.42790493 0.92568439 0.92854833 0.92106814
255.10000000 18570.43156931 0.07491060 0.08029820 0.06151005
254.70000000 30662.46994645 0.07137968 0.06212052 0.07719483
430.10000000 231.00775684 0.08157106 0.07178424 0.07026084
255.10000000 18570.43156931 0.39334244 0.42161183 0.42072415
255.10000000 24746.37955854 0.07758812 0.07772293 0.08057920
561.30000000 231.11334520 0.41126167 0.41180351 0.42213410
255.50000000 34009.10830285 0.42522007 0.39105316 0.40941084
561.40000000 231.51545980 0.06536785 0.06749207 0.06785476
430.10000000 230.10485495 0.42040363 0.41969020 0.39940684
561.40000000 231.51545980 0.41984073 0.40785905 0.41809185
473.80000000 110.82558621 0.42811455 0.45094111 0.43226120
473.80000000 109.96008364 0.43469271 0.44593841 0.44926420
438.30000000 3554.48581063 0.45611737 0.43755630 0.44828494
473.80000000 110.82558621 0.78480859 0.77775732 0.78912032
692.50000000 110.75064796 0.42407684 0.45403708 0.44847970
439.30000000 16653.87268040 0.80097501 0.78833887 0.82516550
692.60000000 110.43196071 0.80141153 0.79173504 0.78679206
438.80000000 16591.08206701 0.43153122 0.45086674 0.44992707
438.40000000 3599.30503795 0.78915232 0.78926204 0.79205862
438.80000000 16591.08206701 0.78747136 0.79462120 0.78557321
304.50000000 25851.67372609 0.93977811 0.93781855 0.94062772
304.90000000 23998.72960602 0.95242259 0.94599688 0.94219198
209.50000000 45933.82975633 0.95367509 0.95545568 0.94542009
304.50000000 25851.67372609 0.29261654 0.27051743 0.29135525
304.40000000 20959.50239049 0.94985908 0.94114521 0.94446196
210.10000000 45295.28529866 0.29212296 0.29400581 0.27272444
305.00000000 18717.75130020 0.27209392 0.30300457 0.31010332
209.20000000 27018.34141861 0.93755104 0.95774521 0.95449868
208.60000000 30675.63886700 0.29579341 0.27670827 0.31947445
209.20000000 27018.34141861 0.29648849 0.34283282 0.28640157
483.90000000 6484.98336490 0.21102329 0.19775220 0.18982785
485.10000000 6351.24378621 0.19090767 0.19248703 0.19169673
286.00000000 22299.28308287 0.20638906 0.18301087 0.18298289
483.90000000 6484.98336490 0.54770747 0.55051947 0.53299568
430.00000000 290.88172275 0.19723270 0.20016075 0.20864665
285.80000000 15376.08797999 0.51247110 0.55334524 0.55651361
430.00000000 291.14007142 0.54074984 0.54097479 0.53484416
286.70000000 15237.32386998 0.19287394 0.19355223 0.20023596
286.00000000 22237.07212971 0.50724676 0.53553056 0.52998386
286.70000000 15237.32386998 0.54924501 0.53624611 0.52193470
218.90000000 31753.53194267 0.69444268 0.69351344 0.70371877
219.20000000 31782.24520525 0.71322767 0.68822501 0.70664909
736.30000000 140.27977614 0.70060689 0.69379198 0.69155111
218.90000000 31753.53194267 0.03039372 0.03685822 0.03275758
218.80000000 28877.39575097 0.69461862 0.71273764 0.71565264
605.10000000 141.12732797 0.03447413 0.04153286 0.04020241
219.00000000 28916.00254112 0.03152982 0.04586191 0.04056828
605.10000000 140.57927501 0.70273434 0.70696622 0.69720989
736.30000000 140.99584378 0.03380375 0.04288377 0.03837369
605.10000000 140.57927501 0.04102469 0.04314418 0.03349828
585.50000000 3097.41455809 0.13387157 0.13002265 0.11767257
585.50000000 3097.41455809 0.13387157 0.13002265 0.11767257
627.00000000 191.19941620 0.13104473 0.15042612 0.12685478
585.50000000 3097.41455809 0.85567310 0.83957633 0.85948833
584.60000000 5915.33529946 0.13359307 0.11928242 0.12600629
670.60000000 191.55182956 0.84356762 0.84250910 0.84755803
584.60000000 5915.33529946 0.85341186 0.84990978 0.85189628
670.60000000 191.55182956 0.12475093 0.13720905 0.13299206
627.00000000 191.19941620 0.86242534 0.84484409 0.84683107
670.60000000 191.55182956 0.84356762 0.84250910 0.84755803
237.60000000 26100.86559300 0.63364991 0.62926620 0.63503556
237.60000000 26100.86559300 0.63364991 0.62926620 0.63503556
259.30000000 20011.42162760 0.64925921 0.65405915 0.63101557
237.60000000 26100.86559300 0.36006752 0.34567039 0.36653208
238.40000000 27761.11570949 0.65160513 0.64150238 0.63919849
259.20000000 22179.25141876 0.34498561 0.34929125 0.36817533
238.40000000 27761.11570949 0.34154327 0.33685569 0.35804395
259.20000000 22179.25141876 0.63639373 0.64401197 0.66728102
259.30000000 20011.42162760 0.34573245 0.38893123 0.34814322
259.20000000 22179.25141876 0.34498561 0.34929125 0.36817533
334.20000000 24648.39426818 0.38949197 0.36712355 0.40062189
334.20000000 24648.39426818 0.38949197 0.36712355 0.40062189
196.80000000 52816.50289682 0.39243939 0.38174790 0.37921863
334.20000000 24648.39426818 0.62751723 0.61195028 0.61412767
333.90000000 9385.48170063 0.39328006 0.36578835 0.40280595
198.10000000 52509.66709306 0.60517763 0.61836144 0.59448909
333.90000000 9385.48170063 0.59328480 0.58413329 0.63116928
198.10000000 52509.66709306 0.35127796 0.40070340 0.38185188
196.80000000 52816.50289682 0.59136584 0.60897102 0.58348416
198.10000000 52509.66709306 0.60517763 0.61836144 0.59448909
182.40000000 31006.06908004 0.89043961 0.87353471 0.88117763
182.40000000 31006.06908004 0.89043961 0.87353471 0.88117763
389.70000000 12735.64710897 0.89298287 0.88125490 0.88519561
182.40000000 31006.06908004 0.10574623 0.09542014 0.11787079
181.60000000 32024.52451230 0.87845888 0.88513656 0.88744938
389.00000000 15213.73102306 0.10934889 0.09936740 0.10305572
181.60000000 32024.52451230 0.09465012 0.09797171 0.11156621
389.00000000 15213.73102306 0.88003735 0.88117440 0.88609862
389.70000000 12735.64710897 0.09908584 0.09526131 0.10473841
389.00000000 15213.73102306 0.10934889 0.09936740 0.10305572
424.80000000 6603.69518016 0.50614288 0.51569659 0.51684309
424.80000000 6603.69518016 0.50614288 0.51569659 0.51684309
495.60000000 100.95043184 0.54044010 0.49448948 0.50584822
424.80000000 6603.69518016 0.74427074 0.71979543 0.73620515
424.80000000 3022.11689248 0.52067937 0.49859466 0.51105889
451.90000000 100.83745335 0.72635392 0.70988831 0.73845443
424.80000000 3022.11689248 0.73094523 0.72931139 0.73561699
451.90000000 100.83745335 0.51591123 0.49362165 0.54449570
495.60000000 100.95043184 0.74923423 0.70844764 0.72382912
451.90000000 100.83745335 0.72635392 0.70988831 0.73845443
206.30000000 43724.86361835 0.00906099 0.01269680 0.00526749
206.30000000 43724.86361835 0.00906099 0.01269680 0.00526749
313.60000000 24233.67995444 0.01008299 0.00685279 0.00895095
206.30000000 43724.86361835 0.22057142 0.25602266 0.20772829
205.90000000 43547.40360355 0.00442490 0.00721055 0.00573548
312.00000000 22819.27973309 0.22291909 0.22525441 0.18756648
205.90000000 43547.40360355 0.21729204 0.21960139 0.24402272
312.00000000 22819.27973309 0.00896484 0.01060386 0.00856404
313.60000000 24233.67995444 0.24070159 0.21794482 0.23725823
312.00000000 22819.27973309 0.22291909 0.22525441 0.18756648
408.20000000 160.82256154 0.76211862 0.76082787 0.75043766
408.20000000 160.82256154 0.76211862 0.76082787 0.75043766
222.30000000 21482.40003676 0.72928397 0.75350280 0.75067611
408.20000000 160.82256154 0.98184416 0.98136402 0.96913464
714.40000000 161.43129481 0.76679495 0.77663251 0.76377943
223.20000000 31539.39538637 0.97846680 0.97162441 0.96721892
714.40000000 161.43129481 0.97341465 0.97561246 0.97963479
223.20000000 31539.39538637 0.74849676 0.76692595 0.75210578
222.30000000 21482.40003676 0.96754656 0.97652035 0.97650177
223.20000000 31539.39538637 0.97846680 0.97162441 0.96721892
275.70000000 23898.78263220 0.25978046 0.25559370 0.26482999
275.70000000 23898.78263220 0.25978046 0.25559370 0.26482999
501.60000000 6536.06179509 0.25933023 0.26490123 0.26830221
275.70000000 23898.78263220 0.47210600 0.46953771 0.48828427
275.10000000 22272.45772760 0.21851374 0.25188216 0.26271485
502.50000000 3295.23907355 0.50971121 0.50661701 0.47980145
275.10000000 22272.45772760 0.43218788 0.46601900 0.49579101
502.50000000 3295.23907355 0.29319395 0.27111827 0.25771085
501.60000000 6536.06179509 0.48136766 0.47462779 0.47823060
502.50000000 3295.23907355 0.50971121 0.50661701 0.47980145
572.20000000 181.99743017 0.67263919 0.67745079 0.65485277
572.20000000 181.01964232 0.65400919 0.66851426 0.66827943
298.60000000 21707.78420921 0.66179546 0.66333865 0.66550168
572.20000000 181.99743017 0.12651367 0.13989299 0.14066281
725.30000000 181.88820365 0.66581167 0.67255456 0.65918541
298.50000000 26610.30117326 0.12699790 0.11313803 0.14018998
725.50000000 181.52128153 0.11959665 0.13613371 0.14280316
298.30000000 30096.54935881 0.68280961 0.65969913 0.67682308
299.00000000 26102.70072303 0.14950844 0.12364369 0.13956775
298.30000000 30096.54935881 0.12359114 0.12226614 0.13850437
264.90000000 29233.55910543 0.17607728 0.14743470 0.15545500
264.80000000 29227.86961317 0.16565384 0.17479751 0.16078446
747.20000000 120.78857886 0.14707287 0.16015993 0.16194223
264.90000000 29233.55910543 0.64835054 0.63146154 0.63654481
265.70000000 23587.19741283 0.16400861 0.14697585 0.18914129
550.30000000 120.84577194 0.63464338 0.63707194 0.62701083
263.70000000 23601.83626806 0.65925579 0.64234621 0.65862442
550.40000000 120.33332410 0.16426662 0.17251285 0.17281357
747.30000000 120.43861581 0.65027480 0.63438800 0.63976251
550.40000000 120.33332410 0.63086727 0.64515109 0.63741053
401.40000000 8075.09594767 0.91852006 0.91126693 0.90480551
401.30000000 8027.67421116 0.91893522 0.90754817 0.90799679
468.10000000 1751.32076351 0.92002701 0.92242961 0.90576254
401.40000000 8075.09594767 0.37877402 0.41750252 0.39549327
400.40000000 6376.67662786 0.91444298 0.91763243 0.91525658
462.70000000 314.40820208 0.36629678 0.37572736 0.39276705
401.20000000 6238.18678342 0.39077638 0.38464019 0.40064485
463.10000000 316.47517001 0.91983604 0.91491934 0.91312537
467.10000000 1845.43863084 0.39920405 0.36859130 0.40654507
463.10000000 316.47517001 0.38283724 0.38369044 0.40181224
200.10000000 31520.91592778 0.44187389 0.43485071 0.39979278
200.80000000 38019.82132651 0.39562685 0.44715617 0.43155144
215.90000000 30468.38348089 0.40686277 0.42635853 0.44420777
200.10000000 31520.91592778 0.88416901 0.88683813 0.88492989
200.20000000 31067.55931141 0.43247311 0.38557161 0.40708087
215.90000000 29928.70590184 0.90196300 0.89252733 0.87904692
200.00000000 37799.02390529 0.90324319 0.85445086 0.88809670
215.70000000 34764.51804190 0.42369446 0.40137700 0.40255873
216.00000000 35099.48942203 0.88362785 0.88078239 0.86031376
215.70000000 34764.51804190 0.86842167 0.87826595 0.87069098
319.60000000 21892.79855996 0.04019954 0.03799239 0.04405304
319.40000000 21936.22875604 0.03068253 0.02683824 0.03656837
250.80000000 26914.89065282 0.02979384 0.04655085 0.05122816
319.60000000 21892.79855996 0.26619333 0.27302116 0.27144966
319.50000000 11052.40911935 0.03012252 0.03876049 0.04917443
250.40000000 18400.05364693 0.25296501 0.25791945 0.27071411
317.50000000 11183.77414190 0.27096800 0.26783810 0.24342229
250.80000000 18401.02248099 0.03989843 0.03084632 0.03750088
250.60000000 26957.43958747 0.25841269 0.29014521 0.27813371
250.80000000 18401.02248099 0.26663670 0.25183728 0.26561411
178.00000000 61503.75499631 0.53033724 0.51825375 0.56144266
177.30000000 27090.21010305 0.54118295 0.53096377 0.54809010
441.00000000 211.12986787 0.54384510 0.55566473 0.53444349
178.00000000 61503.75499631 0.76823785 0.75105361 0.75887539
177.40000000 61519.35383590 0.52445676 0.51924359 0.55334175
594.10000000 210.60598781 0.76294834 0.77249980 0.76460743
176.80000000 31703.30906448 0.74321118 0.73007827 0.77018092
594.20000000 211.24449911 0.52829835 0.51718016 0.53685226
441.00000000 211.22824366 0.76269041 0.73511555 0.77385242
594.20000000 211.24449911 0.76324602 0.75164016 0.76633213
542.80000000 10416.46760881 0.30189254 0.30932207 0.29193617
542.40000000 10518.42441759 0.28658583 0.27596444 0.28372519
369.60000000 21552.61265180 0.30685526 0.26960396 0.29079643
542.80000000 10416.46760881 0.00554056 0.00727584 0.01067453
541.80000000 9415.45857535 0.28944604 0.30310332 0.27399603
369.70000000 20772.46900896 0.00583907 0.00560944 0.00556027
542.40000000 9335.27709054 0.01077341 0.00647296 0.00773920
368.00000000 20831.88613857 0.28636866 0.30509303 0.29907141
368.70000000 21496.15012762 0.00947201 0.00617488 0.00798226
368.00000000 20831.88613857 0.00508795 0.00790996 0.01205753
230.00000000 25630.79500899 0.79435848 0.80044028 0.79189185
230.60000000 34893.76839960 0.78920900 0.79817832 0.80668640
191.90000000 28847.52411452 0.80810495 0.78894346 0.77585558
230.00000000 25630.79500899 0.51681310 0.52096465 0.50264123
230.40000000 24790.02609298 0.78926317 0.79169283 0.78034968
192.00000000 28156.01548515 0.51432392 0.50796411 0.51967880
230.10000000 34488.73590431 0.51847884 0.51655526 0.53725544
192.10000000 45204.73271117 0.79424517 0.75745979 0.79852557
191.80000000 45316.47977062 0.48750793 0.48732213 0.50049774
192.10000000 45204.73271117 0.51225920 0.49177223 0.51976683
419.10000000 311.68885874 0.35673727 0.35264127 0.35003457
419.10000000 311.56513814 0.35830594 0.36373588 0.35666340
202.40000000 23493.24237312 0.36660338 0.36331113 0.35947687
419.10000000 311.68885874 0.32617114 0.31251126 0.32175299
441.10000000 315.59825679 0.37576664 0.36954237 0.34808743
203.10000000 24547.94505150 0.34118353 0.30620540 0.31653621
441.00000000 316.67381620 0.33921937 0.33309699 0.33701145
203.50000000 24601.91610572 0.39027127 0.35450904 0.32750865
202.90000000 23550.76782648 0.32741930 0.34098081 0.33450080
203.50000000 24601.91610572 0.35733716 0.32033633 0.28657972
212.40000000 34692.30241269 0.86894559 0.84736089 0.84196048
212.60000000 49793.65274814 0.84852050 0.83200268 0.84317953
413.40000000 13986.23193536 0.84401567 0.85149614 0.86016794
212.40000000 34692.30241269 0.83581385 0.83043926 0.80566461
212.10000000 35025.41244508 0.85733120 0.85160051 0.84872517
414.10000000 14961.74730906 0.82525415 0.81985720 0.82026509
212.50000000 49868.52846377 0.83567012 0.82189031 0.82940448
414.90000000 14890.99141578 0.85806318 0.85527160 0.85523306
413.40000000 13889.03342516 0.82205852 0.81842146 0.80945515
414.90000000 14890.99141578 0.83154341 0.83047922 0.82186561
506.60000000 130.35766953 0.10596630 0.10795531 0.09304877
506.60000000 130.44114378 0.10465333 0.11659678 0.10293395
506.60000000 170.46292258 0.10959324 0.10681685 0.10419072
506.60000000 130.35766953 0.07787762 0.07243232 0.06816699
703.50000000 130.16209835 0.09964169 0.10399920 0.09508129
703.50000000 170.45065993 0.06620131 0.06391226 0.07763649
703.50000000 130.24568912 0.07028183 0.07589598 0.07691617
703.50000000 169.90526925 0.09307927 0.09945452 0.09720165
506.60000000 170.85455515 0.07659687 0.08274719 0.07604056
703.50000000 169.90526925 0.06302489 0.06915102 0.06809688
292.00000000 25882.94236613 0.62015368 0.62388330 0.60251682
291.80000000 25879.43933843 0.61974544 0.61010367 0.58240710
269.60000000 27371.06908835 0.57896346 0.60419261 0.60419216
292.00000000 25882.94236613 0.58831968 0.59112526 0.56838552
291.70000000 20377.76674436 0.61341157 0.58039778 0.59608309
269.20000000 22266.24771738 0.57423270 0.56065631 0.56581327
292.50000000 20355.55713560 0.58905214 0.56733462 0.56597159
269.90000000 22234.18216274 0.60325171 0.60574872 0.57659804
269.70000000 27279.29292025 0.56732143 0.56856703 0.57139261
269.90000000 22234.18216274 0.58178798 0.57314435 0.54796433
641.80000000 5439.89677430 0.97205898 0.97799479 0.97204384
639.70000000 5399.69960085 0.98352225 0.97695289 0.97552711
179.40000000 34002.91498294 0.98327629 0.97327200 0.96561812
641.80000000 5439.89677430 0.19831116 0.19797393 0.19498436
640.60000000 6514.58345142 0.97292466 0.97292459 0.97743323
180.10000000 34335.73826090 0.21316628 0.22753005 0.21686145
640.90000000 6472.92585502 0.20863780 0.19560233 0.20289480
180.20000000 34307.84093444 0.97689173 0.98261970 0.97969840
180.10000000 33991.87611141 0.17486583 0.18582282 0.17352804
180.20000000 34307.84093444 0.19774827 0.20777053 0.20124750
246.00000000 31718.95390714 0.47288769 0.49002596 0.46471662
246.60000000 25113.54079577 0.47720110 0.45283285 0.49516178
326.40000000 18507.61020280 0.47510358 0.48474097 0.46399167
246.00000000 31718.95390714 0.71185183 0.70879215 0.68861276
246.80000000 32241.10447425 0.49024255 0.50858831 0.46019204
326.30000000 19539.99551417 0.72651094 0.69632257 0.70776510
246.20000000 25887.65318619 0.69251007 0.69273144 0.70045390
325.80000000 19615.96602792 0.46362446 0.45441561 0.48826236
328.00000000 18510.14882753 0.70932512 0.70487732 0.70136116
325.80000000 19615.96602792 0.69063692 0.69725576 0.69504997
351.20000000 20433.87751177 0.73513930 0.73166743 0.71827989
351.90000000 20425.91593274 0.73265587 0.73761365 0.71163257
565.90000000 5321.20727337 0.72974375 0.74010060 0.71568877
351.20000000 20433.87751177 0.43033783 0.46022516 0.46486425
350.90000000 12689.65418574 0.74566674 0.73413156 0.73227512
484.80000000 251.73340402 0.44402426 0.44717174 0.45921309
350.80000000 12641.38867435 0.45596072 0.46907419 0.45024946
484.70000000 251.19292322 0.72487487 0.73490113 0.73674710
562.30000000 5546.20670677 0.44723845 0.46387498 0.46913560
484.70000000 251.19292322 0.44112491 0.43299043 0.44304171
187.20000000 27051.40965411 0.25500417 0.24975336 0.21129732
186.30000000 27089.63652980 0.23503191 0.22621048 0.21514738
233.80000000 22460.91683477 0.21058264 0.23715377 0.24707316
187.20000000 27051.40965411 0.94775106 0.96221419 0.93805494
187.00000000 32350.57096024 0.22312775 0.22852131 0.22298866
233.70000000 29177.94499737 0.94551656 0.94163604 0.94820461
187.00000000 32447.16592227 0.93601741 0.96315729 0.94184745
233.80000000 29234.49890366 0.22073569 0.20912308 0.23121971
233.70000000 22559.22876992 0.93677690 0.94234643 0.94136291
233.80000000 29234.49890366 0.93589012 0.94357192 0.92832343
523.10000000 191.14030840 0.39099352 0.39681643 0.39568957
523.00000000 190.00600548 0.39690002 0.41140231 0.38896377
265.30000000 22398.77375545 0.40823491 0.39603883 0.41246931
523.10000000 191.14030840 0.39099352 0.39681643 0.39568957
610.50000000 191.02704001 0.39266518 0.40714196 0.40854053
264.60000000 25685.71157725 0.41314917 0.39070190 0.38588483
610.50000000 190.65058576 0.40564490 0.40979363 0.39905627
265.70000000 25638.76609876 0.40527212 0.40703461 0.40097801
265.20000000 22441.60675412 0.40884627 0.40648756 0.39667531
265.70000000 25638.76609876 0.40527212 0.40703461 0.40097801
259.60000000 28493.84071025 0.90933673 0.89760529 0.89000894
260.20000000 28398.77484320 0.90399354 0.89170600 0.88872492
698.00000000 180.43073915 0.89403524 0.90526680 0.89031432
259.60000000 28493.84071025 0.90933673 0.89760529 0.89000894
260.40000000 18415.73782855 0.88145972 0.88660192 0.89309793
435.50000000 181.12168229 0.89506377 0.90787276 0.89424175
259.00000000 18437.31933348 0.89403594 0.88337041 0.90421361
435.60000000 180.60102599 0.89430675 0.89886860 0.90005760
698.00000000 180.73350761 0.89894822 0.89952978 0.90292203
435.60000000 180.60102599 0.89430675 0.89886860 0.90005760
391.50000000 4927.51078929 0.13941683 0.16353943 0.15207656
389.90000000 4925.07722173 0.15546100 0.15212573 0.14655829
401.50000000 3773.95763372 0.15045898 0.15044097 0.15360440
391.50000000 4927.51078929 0.13941683 0.16353943 0.15207656
390.10000000 11657.63914227 0.15391940 0.15454480 0.14078297
401.00000000 10688.62100771 0.14959590 0.14051723 0.15958684
389.50000000 11688.80621145 0.13533691 0.16476493 0.15345850
401.90000000 10591.08066645 0.14685402 0.14308466 0.16134826
401.00000000 3848.17214399 0.16542208 0.15570709 0.13916617
401.90000000 10591.08066645 0.14685402 0.14308466 0.16134826
197.90000000 30604.95324792 0.65335849 0.64311302 0.62917774
197.40000000 41735.75844711 0.64371752 0.65740368 0.68289897
199.70000000 30403.29827403 0.64164789 0.64461636 0.63186032
197.90000000 30604.95324792 0.65335849 0.64311302 0.62917774
197.10000000 32461.25469819 0.66406575 0.67572082 0.64632027
200.10000000 32214.51845175 0.64179325 0.66891277 0.67351495
198.00000000 42263.74693131 0.65947143 0.62997531 0.71643991
200.10000000 41669.63894303 0.66467272 0.66746707 0.65977332
200.40000000 41023.87573962 0.64781579 0.65504126 0.67060150
200.10000000 41669.63894303 0.66467272 0.66746707 0.65977332
501.40000000 10728.44409863 0.76907260 0.77420932 0.78409900
501.00000000 10717.32825036 0.76191755 0.77333373 0.78815114
229.70000000 29388.89622209 0.77797462 0.77525537 0.80187231
501.40000000 10728.44409863 0.02550607 0.02925681 0.01652988
501.30000000 5369.44668677 0.76640419 0.77959355 0.78238593
229.50000000 26945.84672019 0.02305597 0.01686106 0.02940410
501.70000000 5409.05972681 0.02087815 0.01872356 0.02079302
229.70000000 39272.18955025 0.78373956 0.78992721 0.76247368
229.70000000 40193.61892261 0.02285406 0.02310609 0.02320063
229.70000000 39272.18955025 0.02317154 0.02666614 0.03563464
222.00000000 42058.17296980 0.28486069 0.28662265 0.28095455
221.90000000 24406.70715163 0.28555479 0.26792233 0.27615736
479.30000000 261.52642760 0.25988739 0.28000685 0.27959248
222.00000000 42058.17296980 0.53456815 0.55316010 0.50900675
222.40000000 43782.47768833 0.30314216 0.28580288 0.28515690
541.80000000 12336.63758656 0.51217588 0.53761704 0.51545822
222.20000000 31625.06212460 0.52568623 0.52125810 0.53793772
540.50000000 12375.63643152 0.26192724 0.27656017 0.27124086
479.30000000 260.00684398 0.52910501 0.51371778 0.53164338
540.50000000 12375.63643152 0.50679895 0.50960387 0.50599997
741.80000000 101.14394007 0.52363779 0.52743514 0.51509712
741.80000000 101.31847980 0.51641075 0.53153201 0.53389329
319.30000000 25871.94833649 0.50780222 0.52422757 0.53319698
741.80000000 101.14394007 0.28136051 0.28904737 0.26756993
654.30000000 100.75311701 0.53162224 0.51719730 0.52143982
318.50000000 23315.88485574 0.28394447 0.28984880 0.26240769
654.20000000 99.89061215 0.27126973 0.27155331 0.28656072
317.90000000 23260.92528979 0.50964483 0.52901024 0.53766533
318.60000000 25799.40400676 0.28661610 0.29085309 0.27918834
317.90000000 23260.92528979 0.27473100 0.27205594 0.29083115
312.10000000 20419.73159757 0.02082107 0.02085499 0.02281940
311.80000000 20480.23279644 0.02174312 0.02889127 0.02317011
177.10000000 31095.95989081 0.02391951 0.01140665 0.01846629
312.10000000 20419.73159757 0.78872625 0.79511737 0.76994839
312.20000000 15931.31024454 0.02596031 0.01913853 0.02935385
177.70000000 28559.96538542 0.77213836 0.77326515 0.74888839
312.00000000 16018.49522754 0.77492871 0.78900473 0.76156441
177.30000000 39249.92184828 0.01989076 0.02480563 0.01456572
177.90000000 40222.58644876 0.76785671 0.75763129 0.77424707
177.30000000 39249.92184828 0.77215266 0.76764776 0.76703889
341.60000000 11598.82271129 0.57613550 0.56534853 0.60272366
342.70000000 11575.76922188 0.57967530 0.58544451 0.55182532
211.90000000 24357.73621083 0.57873290 0.56329052 0.59935740
341.60000000 11598.82271129 0.09293086 0.08107550 0.08949792
342.30000000 16940.66959637 0.58129626 0.60007660 0.58358680
212.20000000 27645.09387877 0.08055574 0.08013101 0.08693499
342.30000000 16954.03643888 0.07188186 0.08207316 0.09395913
211.70000000 27622.63743602 0.58365230 0.58257610 0.56809166
212.70000000 24291.86295259 0.08921193 0.08068602 0.08091024
211.70000000 27622.63743602 0.08395395 0.07659458 0.09235860
184.70000000 43740.49621872 0.09098764 0.07872156 0.04733859
184.30000000 36672.12831306 0.08595900 0.08984750 0.08380121
454.20000000 12919.57691169 0.09077226 0.07313289 0.08089531
184.70000000 43740.49621872 0.62219743 0.58357576 0.54087489
184.40000000 44122.79945983 0.11115220 0.08148184 0.06857330
454.10000000 16832.48277714 0.57289402 0.59380744 0.58825052
184.90000000 37680.50135592 0.59197579 0.60469813 0.60770855
453.00000000 16822.26606900 0.08795820 0.08256000 0.07889325
453.30000000 12956.91146205 0.59615703 0.57729381 0.58895742
453.00000000 16822.26606900 0.58200780 0.57095544 0.59370657
544.90000000 230.04073168 0.83964040 0.83086081 0.85568775
544.90000000 230.82517906 0.82758508 0.82812488 0.84653394
544.90000000 130.79260722 0.82825919 0.85338611 0.83557382
544.90000000 230.04073168 0.32895360 0.34592124 0.34590372
614.50000000 1542.17264873 0.83332095 0.82836354 0.82274502
632.40000000 129.84965930 0.34198150 0.33508885 0.33798855
612.40000000 1795.88599273 0.34132878 0.34231451 0.33010816
632.40000000 131.27096145 0.85557672 0.84248672 0.84789713
544.90000000 131.32786179 0.34970480 0.33781728 0.33825217
632.40000000 131.27096145 0.34653111 0.32906910 0.33519548
242.50000000 30030.06309766 0.35369035 0.35742098 0.33031985
241.50000000 30031.56617247 0.31883162 0.34003203 0.32418370
292.70000000 26868.71397758 0.32083758 0.34316330 0.34097959
242.50000000 30030.06309766 0.83583045 0.85296241 0.82885155
241.30000000 21520.77185147 0.33481923 0.33943079 0.34044324
291.80000000 16560.44711448 0.84207975 0.84613640 0.83256423
241.60000000 21448.22995551 0.83799795 0.81224233 0.84859561
291.60000000 16539.18805134 0.34254893 0.34559595 0.33442056
292.80000000 26835.64733415 0.83452257 0.85553100 0.83054582
291.60000000 16539.18805134 0.83615711 0.82946582 0.83717954
676.10000000 140.90496333 0.22583418 0.19020499 0.20296662
676.20000000 140.46745870 0.21665842 0.20757146 0.20887906
187.10000000 32709.73898929 0.19467924 0.20689138 0.18840563
676.10000000 140.90496333 0.47360883 0.45370306 0.43796395
588.70000000 141.10156551 0.19754387 0.21188881 0.20608359
187.10000000 30938.68762571 0.51152499 0.50228102 0.46401919
588.70000000 140.93729179 0.43563727 0.46646422 0.45643143
186.50000000 30940.68978705 0.20739782 0.22610779 0.24187541
187.00000000 32777.79533937 0.45526026 0.48146885 0.44330517
186.50000000 30940.68978705 0.47245290 0.46044390 0.48864458
285.90000000 22656.11546386 0.71526089 0.72304316 0.72127649
286.60000000 27140.03400974 0.71351173 0.74256985 0.69221878
351.30000000 13784.83463904 0.69820495 0.71564241 0.73739744
285.90000000 22656.11546386 0.96861510 0.96713650 0.95215665
286.50000000 17934.10118242 0.73219561 0.71549356 0.70828486
351.00000000 7185.13897623 0.96231665 0.96601230 0.97059557
286.80000000 23371.83326901 0.95050249 0.95874959 0.95729726
351.20000000 7113.84338460 0.71535478 0.69470346 0.71950213
350.90000000 13752.58138623 0.97382746 0.96325423 0.96107675
351.20000000 7113.84338460 0.96649965 0.96048416 0.95754293
439.60000000 11776.99658099 0.47682659 0.46661413 0.45433273
439.30000000 11669.35803582 0.47176078 0.46011647 0.43439800
588.60000000 221.54303407 0.45827906 0.47791056 0.46878800
439.60000000 11776.99658099 0.23298239 0.20156333 0.19953530
439.90000000 5876.69719919 0.45820735 0.46274346 0.47106440
501.10000000 221.31619203 0.20784885 0.20128859 0.20691863
439.70000000 5838.89348057 0.21465829 0.20853066 0.20897163
501.20000000 220.95288081 0.45157880 0.47289462 0.46404199
588.60000000 221.23188937 0.20504031 0.21048979 0.21664890
501.20000000 220.95288081 0.22329629 0.20574869 0.21673313
209.10000000 22534.00632236 0.96041661 0.95948219 0.96047848
209.50000000 22494.43739842 0.97322581 0.96312956 0.95782656
245.60000000 18510.45479235 0.95552115 0.95984628 0.96659650
209.10000000 22534.00632236 0.71305024 0.73473166 0.72053523
209.50000000 31181.79924225 0.95743367 0.96188104 0.95934048
245.90000000 28731.64385209 0.68461931 0.73595330 0.69055790
208.60000000 31234.60232456 0.68327799 0.69787275 0.72770822
245.50000000 28728.28412306 0.95940747 0.95851249 0.95630740
246.00000000 18544.03415886 0.70957964 0.72254927 0.70902445
245.50000000 28728.28412306 0.70133266 0.70711264 0.71998304
412.90000000 19675.62458421 0.11336874 0.12329167 0.11596294
413.40000000 19717.58653301 0.12377363 0.11089730 0.11187038
379.50000000 21733.41704892 0.11018077 0.11309476 0.11400063
412.90000000 19675.62458421 0.93287730 0.92905707 0.92926240
413.40000000 7242.54893835 0.12642763 0.11981105 0.11424153
379.40000000 10357.64221915 0.92008017 0.93066955 0.93071022
413.40000000 7455.10144257 0.94281849 0.92017894 0.93663140
380.70000000 10434.09568318 0.11751941 0.10671234 0.13069558
379.10000000 21750.66135528 0.92671958 0.93249198 0.93152091
380.70000000 10434.09568318 0.91965577 0.92119492 0.93796395
202.90000000 31352.30336471 0.64225756 0.63666545 0.60277372
202.90000000 28741.44172389 0.63527740 0.64890224 0.61318900
194.20000000 33313.82716271 0.64064104 0.62499956 0.59343279
202.90000000 31352.30336471 0.44235685 0.44829941 0.43233976
203.00000000 33562.00078037 0.63051557 0.64327215 0.64569897
195.10000000 35223.27226535 0.38725878 0.45026591 0.41598424
203.20000000 31393.49408332 0.45159282 0.46151266 0.43506045
194.60000000 32003.77237485 0.61848974 0.61641124 0.63293879
194.90000000 29444.04838286 0.40564458 0.48100984 0.43412691
194.60000000 32003.77237485 0.42065831 0.41027665 0.46380713
643.30000000 170.35236177 0.38469278 0.37308974 0.36092230
643.30000000 170.94503502 0.36270554 0.36386231 0.35977751
255.30000000 32439.44696041 0.35037565 0.34864687 0.37453795
643.30000000 170.35236177 0.69543309 0.68806556 0.69798279
577.70000000 171.12637426 0.37683341 0.36753994 0.35537377
254.90000000 31015.90184898 0.66365406 0.65998347 0.69125344
577.70000000 171.15285190 0.70309462 0.67791630 0.68542114
254.60000000 25306.77459517 0.37401756 0.34865908 0.37631118
254.90000000 27304.64419955 0.68618348 0.68816199 0.66050422
254.60000000 25306.77459517 0.67592037 0.68380064 0.69202765
269.40000000 19286.04127996 0.87053799 0.87065396 0.86842851
270.30000000 19335.51599472 0.86597776 0.88020144 0.87393612
468.40000000 201.41856700 0.85948717 0.85990520 0.87160469
269.40000000 19286.04127996 0.18843522 0.19457780 0.18180184
269.60000000 15187.63486015 0.85268105 0.86370616 0.88317508
402.70000000 200.63841266 0.16224667 0.18363282 0.17544161
269.90000000 15207.70731785 0.16219373 0.18343200 0.16896494
402.80000000 202.29365900 0.86833925 0.84984290 0.87602975
468.30000000 200.27710133 0.20196719 0.18128727 0.19072600
402.80000000 202.29365900 0.19049127 0.18329737 0.18696506
424.60000000 251.80420184 0.74010419 0.72899113 0.74875775
424.60000000 250.28046099 0.73867254 0.75098548 0.76150021
424.60000000 290.88762754 0.76156250 0.73450420 0.75173977
424.60000000 251.80420184 0.55597640 0.52989065 0.56077877
564.00000000 4453.74291216 0.74195036 0.77252107 0.72689322
484.90000000 10208.38848149 0.57841126 0.55271536 0.56537072
563.50000000 4438.00590245 0.56173036 0.57048457 0.55766539
485.20000000 10060.48478676 0.73829118 0.74492451 0.72575734
424.60000000 290.59566245 0.55737935 0.56648220 0.56441454
485.20000000 10060.48478676 0.54502363 0.55399360 0.53425253
234.10000000 41654.45386921 0.25379099 0.25763325 0.22090685
232.70000000 27732.05243308 0.25299211 0.26961780 0.22662338
219.10000000 45407.60932805 0.24192893 0.23541423 0.23254751
234.10000000 41654.45386921 0.05113311 0.06184887 0.04039644
233.70000000 39997.03340849 0.23029841 0.24117778 0.23821027
218.70000000 44485.48689604 0.05574520 0.05172985 0.04775565
233.30000000 21695.51830417 0.04441002 0.06987061 0.04326253
219.40000000 23123.41812060 0.26535587 0.25460979 0.23883978
218.70000000 28747.49678907 0.06564903 0.03999531 0.06114391
219.40000000 23123.41812060 0.05276009 0.06288005 0.06099319
326.80000000 16582.91817630 0.99113545 0.99545938 0.98952681
326.40000000 16502.13774940 0.99511243 0.99280284 0.99241051
305.40000000 18477.43130629 0.99245874 0.99050723 0.98818091
326.80000000 16582.91817630 0.82656864 0.80334943 0.79394241
326.10000000 17737.75261452 0.99303687 0.98896509 0.98870765
305.60000000 19503.86920835 0.79499417 0.80686935 0.81482534
327.20000000 17735.80015082 0.82566141 0.81933567 0.79980833
304.50000000 19612.05183948 0.99592846 0.99396909 0.99535985
304.60000000 18415.75328045 0.80445714 0.79291337 0.80149553
304.50000000 19612.05183948 0.81666536 0.82292249 0.81760145
179.60000000 33380.22555499 0.52671073 0.51364775 0.47006967
179.80000000 56130.27375693 0.49391830 0.50422827 0.49615322
687.00000000 111.23159874 0.47266830 0.50375257 0.50269462
179.60000000 33380.22555499 0.30663664 0.32549711 0.28986001
179.80000000 33718.28219069 0.48038926 0.51420256 0.52150512
708.90000000 111.28987872 0.32263133 0.31545496 0.30719458
179.60000000 56133.02017928 0.34486120 0.32250375 0.33628214
709.00000000 111.24779106 0.51653335 0.49351685 0.49988489
687.00000000 111.09738163 0.28721649 0.31197736 0.29676911
709.00000000 111.24779106 0.32078736 0.31290137 0.31389155
577.70000000 120.63562424 0.92772691 0.92440733 0.92385331
577.70000000 120.53345960 0.92901493 0.93164731 0.93695182
577.70000000 257.91464739 0.93227371 0.93155456 0.92014045
577.70000000 120.63562424 0.61888430 0.62146666 0.63514214
643.30000000 121.04743482 0.93196304 0.94087338 0.92530572
585.70000000 4196.77548618 0.62954388 0.64173701 0.62603985
643.30000000 121.50856267 0.62237256 0.61889060 0.62160401
585.80000000 4236.87876963 0.93503852 0.93223080 0.93073012
577.70000000 249.51177776 0.62064604 0.60941794 0.64887079
585.80000000 4236.87876963 0.62885865 0.63462156 0.63299489
299.10000000 11967.62332993 0.42336578 0.45026047 0.46736810
296.90000000 13428.93193514 0.40631104 0.46626931 0.41918204
237.50000000 19150.68128509 0.42794027 0.43681014 0.44250742
299.10000000 11967.62332993 0.11053357 0.12782347 0.13564710
298.70000000 16535.56166708 0.41771153 0.48015191 0.43267598
237.00000000 22780.39315076 0.11603802 0.11870160 0.13366766
298.60000000 17817.87030940 0.10801393 0.12063675 0.12158077
238.20000000 34044.12594714 0.43797863 0.47013236 0.42127070
238.20000000 32215.92082211 0.13776479 0.10981931 0.11238098
238.20000000 34044.12594714 0.13365966 0.13996391 0.09622350
468.10000000 13505.51581417 0.69320206 0.68129700 0.68638779
469.60000000 13451.29116265 0.66393617 0.68295202 0.68548428
182.30000000 53390.52026961 0.67829075 0.65546313 0.69054781
468.10000000 13505.51581417 0.87449619 0.87069548 0.87370798
468.70000000 7208.44275060 0.65975940 0.69091474 0.69671473
182.20000000 53371.00454530 0.86775320 0.88126614 0.83992899
468.70000000 7355.55526966 0.86166903 0.86898647 0.86660872
182.40000000 37441.07942109 0.66707057 0.68851816 0.64910804
182.00000000 38711.91718116 0.88046296 0.89130187 0.88626692
182.40000000 37441.07942109 0.83735649 0.86407163 0.86763145
215.70000000 25479.86703163 0.21850298 0.18136717 0.20379559
214.50000000 25440.46238734 0.17911288 0.19185309 0.17455790
334.10000000 14616.62240224 0.16849897 0.18775640 0.19244493
215.70000000 25479.86703163 0.40151028 0.37223514 0.36282430
215.80000000 31873.96647088 0.15672737 0.18211267 0.17729134
334.80000000 24554.99215209 0.38440625 0.35133758 0.38580415
216.40000000 31838.33398617 0.37780043 0.40324208 0.38073987
334.90000000 24518.02450810 0.17195332 0.16750437 0.17645608
333.80000000 14603.85102147 0.38432909 0.38088526 0.35716892
334.90000000 24518.02450810 0.36152103 0.33401703 0.38824309
368.90000000 14112.25548329 0.30424018 0.30656673 0.32701749
369.80000000 14036.59344929 0.28705906 0.31176269 0.32169914
534.00000000 161.33588714 0.30093588 0.32659544 0.31483606
368.90000000 14112.25548329 0.98969931 0.98883180 0.98981756
370.20000000 12668.32804850 0.31429485 0.30421776 0.30438664
512.10000000 160.81660996 0.98668497 0.99348275 0.98964247
370.00000000 12755.81168806 0.99114498 0.98481279 0.98879497
512.00000000 160.92471573 0.28822304 0.31829999 0.32248992
534.00000000 160.42541981 0.99480839 0.98889791 0.98925565
512.00000000 160.92471573 0.99216777 0.99306758 0.98936452
192.70000000 43644.48381724 0.80314914 0.81015997 0.82131551
192.10000000 42183.34114437 0.82549808 0.80732862 0.80410500
274.40000000 27945.32703135 0.81213215 0.79933029 0.80506907
192.70000000 43644.48381724 0.49219369 0.53381591 0.49577218
191.90000000 43582.20873470 0.78438800 0.80595138 0.81404924
275.00000000 27355.85202045 0.51040064 0.50929287 0.47641555
192.60000000 42083.59463961 0.47590333 0.51626350 0.47042658
274.90000000 27203.38990049 0.80391330 0.80813143 0.80250382
275.40000000 27752.90120938 0.53305215 0.53454840 0.46719039
274.90000000 27203.38990049 0.50888886 0.50507741 0.47748206
446.50000000 211.22394696 0.05122395 0.06886384 0.05518285
446.40000000 210.55037514 0.05055362 0.04699411 0.06475749
206.50000000 24498.37226598 0.04799594 0.06805538 0.06701300
446.50000000 211.22394696 0.73992330 0.74070358 0.74018331
599.70000000 211.68273358 0.04948265 0.05009109 0.05265970
206.90000000 29754.50745609 0.76584561 0.74644357 0.75216107
599.60000000 210.01183045 0.74881715 0.74433266 0.74306449
206.00000000 50837.08241615 0.05792249 0.04472440 0.04923985
206.30000000 50500.39291396 0.73044461 0.75426515 0.76486524
206.00000000 50837.08241615 0.74233395 0.75734163 0.73557717
250.20000000 26985.39945732 0.55119667 0.54574074 0.55498468
249.80000000 27083.45346360 0.57687160 0.53990211 0.55400645
425.00000000 14414.70553744 0.55755306 0.55933715 0.53792070
250.20000000 26985.39945732 0.25665854 0.24532342 0.24301275
250.70000000 18745.45300744 0.55908906 0.53157977 0.56011054
424.90000000 393.45642055 0.24062717 0.26134236 0.21802288
249.90000000 18744.27079802 0.25507636 0.23824786 0.25646082
425.30000000 350.34366571 0.55344242 0.56658640 0.55192491
425.30000000 14488.57632731 0.24348859 0.25544160 0.24839666
425.30000000 350.34366571 0.25087248 0.24263332 0.24918865
