362.67145928 0.43010370 364.68145947 377.68304562 356.11363167 0.36075868 0.44661601 0.47646119
362.67145928 0.43010370 364.68145947 377.68304562 356.11363167 0.36075868 0.44661601 0.47646119
362.67145928 0.43010370 364.68145947 377.68304562 356.11363167 0.36075868 0.44661601 0.47646119
362.67145928 0.43010370 364.68145947 377.68304562 356.11363167 0.36075868 0.44661601 0.47646119
362.67145928 0.43010370 364.68145947 377.68304562 356.11363167 0.36075868 0.44661601 0.47646119
362.67145928 0.43010370 364.68145947 377.68304562 356.11363167 0.36075868 0.44661601 0.47646119
332.80000104 0.43835158 353.03410842 327.61355627 324.31769417 0.37817475 0.46670570 0.47223489
332.80000104 0.43835158 353.03410842 327.61355627 324.31769417 0.37817475 0.46670570 0.47223489
332.80000104 0.43835158 353.03410842 327.61355627 324.31769417 0.37817475 0.46670570 0.47223489
332.80000104 0.43835158 353.03410842 327.61355627 324.31769417 0.37817475 0.46670570 0.47223489
332.80000104 0.43835158 353.03410842 327.61355627 324.31769417 0.37817475 0.46670570 0.47223489
332.80000104 0.43835158 353.03410842 327.61355627 324.31769417 0.37817475 0.46670570 0.47223489
317.88649191 0.46596141 296.89730223 328.64349681 334.75275788 0.47901481 0.46522059 0.45508975
317.88649191 0.46596141 296.89730223 328.64349681 334.75275788 0.47901481 0.46522059 0.45508975
406.67562338 0.31583377 362.95993330 422.13334848 436.01393207 0.36046881 0.31002937 0.28700442
317.88649191 0.46596141 296.89730223 328.64349681 334.75275788 0.47901481 0.46522059 0.45508975
317.89449751 0.46596141 296.88590318 328.64796111 334.75507100 0.47901481 0.46522059 0.45508975
406.67595448 0.31583377 362.95811585 422.13521314 436.01104561 0.36046881 0.31002937 0.28700442
446.64087927 0.24697903 409.37219396 467.17298947 470.24096868 0.27722498 0.23528531 0.23020056
446.64087927 0.24697903 409.37219396 467.17298947 470.24096868 0.27722498 0.23528531 0.23020056
365.80662417 0.38374224 350.79657831 380.92905845 373.29246944 0.38230875 0.37839525 0.39109337
446.64087927 0.24697903 409.37219396 467.17298947 470.24096868 0.27722498 0.23528531 0.23020056
446.62763523 0.24697903 409.36690715 467.17344172 470.22695894 0.27722498 0.23528531 0.23020056
365.78775208 0.38374224 350.79655828 380.92338471 373.28153654 0.38230875 0.37839525 0.39109337
332.42144711 0.44159967 309.72657695 349.78704037 344.13267170 0.45596071 0.43009268 0.43941916
332.42144711 0.44159967 309.72657695 349.78704037 344.13267170 0.45596071 0.43009268 0.43941916
336.90257020 0.43311355 316.84617544 357.89676282 343.59188757 0.44318354 0.41660827 0.44032004
339.62918987 0.42973985 307.20881444 365.79469137 349.41509977 0.46049646 0.40347890 0.43065561
332.42144711 0.44159967 309.72657695 349.78704037 344.13267170 0.45596071 0.43009268 0.43941916
344.23321124 0.42186414 319.47549050 353.38931911 364.03290418 0.43847312 0.42411546 0.40638855
589.37197624 0.00277210 560.99710005 607.38592656 608.92529704 0.00538154 0.00256447 0.00000000
589.37197624 0.00277210 560.99710005 607.38592656 608.92529704 0.00538154 0.00256447 0.00000000
325.54831949 0.45257713 316.85032475 328.27461020 339.36495371 0.44318066 0.46575682 0.44737256
589.60114030 0.00277211 560.97879044 607.87314771 608.38660207 0.00541435 0.00176626 0.00089286
589.37197624 0.00277210 560.99710005 607.38592656 608.92529704 0.00538154 0.00256447 0.00000000
307.72744185 0.48339024 283.38038924 326.10158386 322.07241343 0.50319264 0.46939013 0.47604383
332.30220861 0.44045947 327.41233197 340.14963528 336.54881255 0.42426821 0.44607120 0.45204726
332.30220861 0.44045947 327.41233197 340.14963528 336.54881255 0.42426821 0.44607120 0.45204726
587.48967501 0.00545062 562.26953716 603.23117601 606.85389570 0.00309306 0.00947107 0.00344953
333.37613967 0.43910570 320.55703579 364.25800051 325.00060823 0.43658849 0.40609626 0.47121742
330.46376228 0.44428458 321.20907257 336.84608298 340.58033183 0.43542086 0.45155590 0.44632956
585.91267603 0.01052447 558.65383148 600.32369742 607.52214240 0.00957517 0.01864794 0.00341645
361.04502343 0.39260955 339.94270828 380.67350268 369.61721121 0.40172654 0.38019037 0.39714414
361.04502343 0.39260955 339.94270828 380.67350268 369.61721121 0.40172654 0.38019037 0.39714414
362.16918925 0.39179544 355.42015907 384.82161800 352.22013135 0.37392768 0.37837917 0.42602315
353.24831261 0.40635988 333.11295986 373.90056109 361.48481947 0.41397664 0.39338214 0.41063162
361.03705958 0.39203483 339.94463351 380.69283880 369.59575249 0.40172654 0.37871978 0.39714414
347.54198996 0.41503372 337.50895835 377.59036641 329.80047771 0.40607127 0.38386584 0.46318617
357.05472072 0.39874782 347.16842806 370.64057385 359.53109636 0.38897956 0.39563108 0.41412432
337.74712570 0.43180715 324.97025513 334.12627794 361.76506651 0.42876908 0.45626844 0.41036336
357.05472072 0.39874782 347.16842806 370.64057385 359.53109636 0.38897956 0.39563108 0.41412432
348.58808342 0.41408654 321.94679489 368.49371758 358.37873612 0.43422894 0.39926334 0.41604607
357.05634332 0.39874782 347.17608195 370.64114943 359.51928162 0.38897956 0.39563108 0.41412432
332.60665803 0.44144451 301.05827742 355.93595147 347.74722921 0.47162509 0.41999209 0.43356872
524.91357288 0.11313842 502.64362510 542.98865984 536.29037396 0.10999562 0.10947993 0.12057877
548.69975576 0.07261801 513.34993680 561.37430369 578.14604193 0.09091983 0.07910489 0.05124360
524.91357288 0.11313842 502.64362510 542.98865984 536.29037396 0.10999562 0.10947993 0.12057877
528.23333434 0.10791225 505.11631502 546.52856953 539.85362225 0.10555725 0.10359392 0.11467110
524.89821993 0.11313842 502.64272572 542.98052984 536.28380527 0.10999562 0.10947993 0.12057877
539.36259793 0.08805312 515.23304649 539.49045335 569.33862111 0.08751301 0.11541115 0.06585156
304.78888071 0.48776647 301.95456415 309.68188288 309.07560325 0.47005893 0.49677480 0.49774059
353.96936703 0.40429793 325.94196641 394.45477314 353.28373080 0.42704008 0.35612663 0.42445804
306.32140717 0.48475547 307.27099510 305.22835931 315.99134241 0.46054139 0.50418555 0.48628078
316.79710130 0.46689029 313.69217408 327.76599073 318.11505107 0.44898072 0.46676067 0.48272531
304.78888071 0.48776647 301.95456415 309.68188288 309.07560325 0.47005893 0.49677480 0.49774059
365.16374107 0.38579938 324.78731630 398.62889239 382.49027082 0.42908177 0.34919849 0.37594352
348.21056709 0.41416793 339.28843246 352.45854072 360.10039171 0.40310221 0.42573552 0.41303879
312.32103744 0.47419345 316.64940873 298.95228323 329.57019902 0.44346665 0.51438183 0.46357691
349.72022521 0.41270619 311.72184247 370.63145741 371.87422171 0.45257556 0.39556348 0.39350727
340.91382371 0.42558305 329.89849747 359.83453938 339.19603466 0.41994984 0.41348694 0.44777865
348.21056709 0.41416793 339.28843246 352.45854072 360.10039171 0.40310221 0.42573552 0.41303879
313.38776593 0.47270837 309.65445157 329.12244805 307.43519788 0.45600343 0.46430368 0.50028895
346.19318155 0.41842421 328.76655270 348.21877236 368.62470214 0.42195587 0.43283043 0.39898479
329.02184945 0.44556308 344.18535949 331.16562942 321.40753003 0.39433767 0.46110894 0.47731663
354.44320316 0.40387242 326.92367207 354.20563524 390.59380198 0.42528601 0.42294134 0.36250469
349.70716050 0.41186551 322.10612322 373.58745897 362.56561129 0.43388605 0.39071638 0.40904168
342.37170292 0.43117999 325.19412741 342.42859673 366.75656193 0.42995183 0.44872688 0.41276240
317.05857354 0.47291572 320.90842805 319.18886069 319.31481541 0.43606383 0.49091696 0.48892884
338.28913548 0.43986187 320.63304403 329.76545891 370.16401349 0.43631180 0.47737759 0.40693654
372.93021368 0.38025675 363.01341223 375.64007929 388.37949644 0.36327470 0.40105111 0.37370018
570.92331637 0.04861631 546.11108719 585.69335373 591.02186242 0.03391060 0.06377639 0.04947636
341.41192277 0.43474972 332.52365877 343.78828526 359.02014934 0.41586719 0.45490437 0.42885406
342.50646431 0.42393699 328.95648623 338.93034424 365.83020337 0.42141037 0.44805569 0.40342891
591.17041090 0.00000000 564.00000000 608.92339743 608.94517109 0.00000000 0.00000000 0.00000000
344.59605050 0.42004294 334.83024094 340.06329627 363.17338239 0.41108570 0.44641829 0.40802297
365.33039101 0.38441291 359.48557418 378.82777831 362.38748033 0.36694849 0.38205904 0.40939124
366.61211232 0.38372046 336.63688116 382.75528770 385.49499330 0.40789624 0.37552372 0.37097675
337.99628509 0.43104201 324.01594143 344.82707768 352.13446919 0.43051141 0.43854152 0.42636615
344.59605050 0.42004294 334.83024094 340.06329627 363.17338239 0.41108570 0.44641829 0.40802297
393.67246900 0.33610051 379.51954588 408.61284593 398.64812389 0.33096189 0.33263893 0.34914515
590.71291378 0.00000000 564.00000000 609.00000000 609.00000000 0.00000000 0.00000000 0.00000000
591.37285922 0.00000000 564.00000000 608.95061922 608.95951545 0.00000000 0.00000000 0.00000000
363.32498679 0.38728514 356.10673105 390.99863197 349.50587159 0.37314913 0.36207000 0.43096329
590.71291378 0.00000000 564.00000000 609.00000000 609.00000000 0.00000000 0.00000000 0.00000000
590.71291378 0.00000000 564.00000000 609.00000000 609.00000000 0.00000000 0.00000000 0.00000000
327.14383484 0.45013702 317.44977401 329.65246358 339.31750976 0.44201339 0.46345097 0.44743211
354.46494625 0.40214561 349.56960060 381.24905515 339.68044043 0.38497379 0.37831810 0.44737468
348.29341176 0.41383142 334.31938372 359.18145689 357.92774438 0.41193243 0.41453205 0.41663119
590.70562906 0.00000000 564.00000000 608.98927002 609.00000000 0.00000000 0.00000000 0.00000000
352.30551524 0.40585515 359.99309695 361.18079714 342.32791375 0.36626015 0.41165136 0.44297689
354.48517038 0.40214561 349.56464938 381.23876044 339.66770054 0.38497379 0.37831810 0.44737468
590.97126090 0.00000000 564.00000000 608.98979157 608.99144287 0.00000000 0.00000000 0.00000000
590.60273265 0.00148563 564.00000000 608.89488157 608.20710262 0.00000000 0.00112360 0.00336298
590.17945474 0.00228121 563.44217355 608.95651456 607.78189656 0.00100000 0.00204273 0.00395601
315.45697548 0.46998730 315.79541935 324.27245305 312.74852416 0.44524708 0.47361394 0.49174394
590.60273265 0.00111250 564.00000000 608.89488157 608.20710262 0.00000000 0.00112360 0.00220019
591.02431159 0.00000000 564.00000000 608.93889168 608.94952240 0.00000000 0.00000000 0.00000000
325.00956429 0.45298009 324.84626292 333.42304391 324.42420692 0.42919176 0.45762443 0.47251986
318.97002700 0.46351895 326.47520142 314.40657762 323.20730349 0.42605850 0.48892129 0.47430840
339.99518877 0.42885511 321.06639761 353.41820494 350.38119964 0.43594428 0.42439586 0.42939804
318.97002700 0.46351895 326.47520142 314.40657762 323.20730349 0.42605850 0.48892129 0.47430840
317.63829826 0.46596152 313.76961864 319.09102831 327.84843242 0.44885170 0.48115851 0.46665996
318.77888439 0.46431776 328.87159996 311.09768605 324.21258124 0.42176660 0.49442724 0.47433554
341.79643030 0.42573410 344.99712688 340.92002282 346.72080295 0.39300146 0.44731307 0.43661795
378.17158188 0.36171898 369.97634562 386.36891262 385.40081813 0.34824574 0.36968776 0.37132186
415.91930170 0.29760201 417.21569683 416.82550150 425.98978201 0.26328369 0.31898117 0.30381024
378.17158188 0.36171898 369.97634562 386.36891262 385.40081813 0.34824574 0.36968776 0.37132186
375.33415110 0.36705964 364.29045792 394.70226019 376.66037142 0.35843480 0.35586158 0.38582096
378.16607913 0.36171898 369.95976578 386.37088501 385.39070831 0.34824574 0.36968776 0.37132186
430.71117209 0.27279240 428.49649634 449.44731780 424.06868247 0.24311411 0.26483544 0.30694820
330.53179292 0.44267972 337.42947056 319.23671252 340.70934240 0.40642935 0.48100644 0.44530947
354.10988830 0.40383064 336.46195465 370.50504222 363.91246348 0.40820286 0.39583676 0.40677332
580.48337473 0.01885625 557.27425590 594.56036609 595.77131677 0.01205795 0.02395823 0.02195089
341.19895027 0.42521411 336.34320780 338.13252177 359.05785971 0.40838881 0.44963309 0.41486936
330.53756478 0.44267972 337.46186995 319.23593089 340.74274871 0.40642935 0.48100644 0.44530947
581.93552573 0.01705769 549.46607487 596.81485982 605.50095858 0.02606812 0.02014100 0.00571085
314.29700824 0.47129871 320.46513459 308.70906953 320.95835691 0.43687746 0.49837602 0.47804043
336.91493097 0.43317458 334.73989383 353.75821429 330.46159870 0.41127449 0.42365382 0.46230819
308.11883208 0.48162030 312.10586251 292.50460014 326.61411876 0.45186184 0.52529063 0.46868070
313.29548011 0.47360881 306.43147187 339.14836629 303.24561578 0.46204307 0.44786705 0.50747505
314.29704220 0.47129871 320.48988841 308.70691765 320.95534534 0.43687746 0.49837602 0.47804043
328.47691231 0.44737947 311.14370548 346.02499723 334.83666151 0.45359586 0.43648888 0.45506872
314.13295659 0.49693745 306.75985723 325.63969015 317.94416233 0.46487990 0.50364019 0.52314458
305.38824657 0.50757216 295.01354400 315.37549841 312.53913516 0.48716682 0.51135835 0.52281826
318.03988542 0.48747536 308.91691785 338.07346312 314.18475169 0.46255905 0.48538707 0.51320585
313.75045973 0.48991574 298.80386567 343.28121311 304.00039067 0.47998335 0.46433749 0.52928682
325.62848957 0.45214306 318.97748697 339.36156469 328.15086726 0.43971467 0.44769279 0.46635200
317.25929311 0.46625827 318.02409547 321.34487832 321.01840882 0.44121315 0.47737590 0.47793182
585.14531311 0.01238215 554.49211426 604.31101957 601.33950728 0.01706649 0.00777926 0.01270355
581.98286561 0.01643589 553.90360664 602.08967188 596.16321720 0.01811154 0.01140480 0.02124418
369.05411456 0.37903928 368.39007318 377.30882980 368.72761447 0.35109600 0.38476920 0.39900665
585.14531311 0.01238215 554.49211426 604.31101957 601.33950728 0.01706649 0.00777926 0.01270355
585.10099038 0.01238215 554.48866188 604.30898450 601.33958316 0.01706649 0.00777926 0.01270355
346.91135988 0.41759547 299.80591042 357.17170840 391.49119790 0.47408170 0.41807313 0.36114658
358.93838855 0.39585128 342.03078655 398.31923884 341.46401019 0.39822989 0.34969294 0.44405706
321.33674942 0.46012313 305.73413182 313.25944839 350.95460523 0.46322750 0.49083366 0.42827607
370.57384949 0.37506997 368.68433274 378.91734441 370.82140313 0.35039780 0.38185784 0.39532265
361.73796886 0.39046584 345.14530577 369.09295157 381.29143752 0.39263952 0.39822103 0.37792872
358.98415416 0.39585128 342.02917256 398.31411722 341.46838012 0.39822989 0.34969294 0.44405706
329.71837061 0.44650757 304.82362011 330.26173948 360.99570316 0.46488522 0.46346048 0.41159847
342.94854851 0.42337727 330.33992978 352.14710523 353.88780616 0.41913923 0.42631888 0.42340569
356.98544264 0.39893978 343.37967400 369.01725476 365.45661616 0.39596190 0.39851370 0.40444085
319.98210027 0.46247944 302.47538379 343.89238489 319.29156540 0.46915166 0.44002598 0.48084510
344.19615884 0.42219472 315.45612861 348.93421066 372.54326140 0.44585258 0.43164427 0.39247330
342.94658188 0.42337727 330.34540814 352.13873915 353.89236676 0.41913923 0.42631888 0.42340569
339.98426588 0.42974031 301.53452899 362.54542290 357.63055683 0.47107260 0.40926323 0.41741348
308.40894503 0.48130336 302.51742828 309.60086763 321.90410598 0.46899279 0.49692108 0.47651113
360.24203053 0.39303943 352.63612762 381.23241051 353.98125354 0.37946835 0.37835148 0.42361918
308.40894503 0.48130336 302.51742828 309.60086763 321.90410598 0.46899279 0.49692108 0.47651113
301.85610685 0.49281215 301.71133624 304.92088617 306.57668677 0.47048175 0.50471665 0.50192632
308.39283533 0.48130336 302.52560299 309.56811999 321.86951034 0.46899279 0.49692108 0.47651113
355.41657175 0.40152385 342.53040943 373.99104653 358.52678577 0.39755583 0.39034398 0.41601988
589.45597360 0.00518549 560.00295770 607.16112467 607.10903038 0.00717116 0.00391951 0.00525646
589.49714992 0.00780952 561.32813637 608.23433234 604.37004649 0.00478829 0.00752622 0.01062227
589.45597360 0.00518549 560.00295770 607.16112467 607.10903038 0.00717116 0.00391951 0.00525646
589.45597360 0.00518549 560.00295770 607.16112467 607.10903038 0.00717116 0.00391951 0.00525646
591.79772617 0.00000000 564.00000000 608.93843565 608.92763718 0.00000000 0.00000000 0.00000000
591.37524275 0.00037175 564.00000000 608.90431703 608.26851186 0.00000000 0.00000000 0.00107527
351.58553659 0.40900529 330.69064896 372.45211593 356.40978760 0.41842822 0.39252087 0.41916590
332.64795011 0.44068892 319.70431627 350.49585423 333.57578892 0.43839792 0.42923582 0.45734198
362.86613308 0.38907961 335.89610889 378.29083304 385.44495843 0.40908220 0.38280747 0.37096430
356.04057041 0.40093668 341.49237512 382.06592366 348.80212134 0.39903768 0.37656363 0.43176839
351.59090350 0.40900529 330.68808235 372.46201102 356.41377339 0.41842822 0.39252087 0.41916590
321.18592789 0.46098543 297.19890347 338.66816295 334.32187564 0.47877343 0.44886946 0.45606991
466.60590470 0.21204803 444.99293463 480.17672329 482.69914254 0.21352060 0.21387320 0.20967086
495.68833749 0.16257658 474.37259553 513.18230354 509.26620705 0.16084739 0.15912015 0.16562941
324.00143000 0.45458937 318.72174369 345.46157805 315.51080914 0.44019482 0.43761846 0.48735637
469.26793238 0.20853697 430.58880767 484.74891540 500.66692068 0.23937875 0.20626194 0.17984838
466.56977087 0.21204803 445.00290891 480.18534294 482.70501656 0.21352060 0.21387320 0.20967086
355.35231025 0.40178342 342.97854651 359.54981394 371.86740201 0.39670793 0.41426727 0.39380319
331.88631646 0.44213220 318.61009166 316.55044661 367.64497657 0.44054313 0.48578132 0.40091289
338.84874884 0.43003266 319.00588218 341.60506387 363.29913867 0.43943960 0.44378255 0.40782050
340.40369854 0.42780873 310.47044124 337.44754981 383.14165518 0.45514484 0.45107601 0.37516433
334.60480620 0.43707760 326.22954838 339.46650648 345.76965757 0.42685964 0.44770500 0.43724239
321.78318763 0.48418235 305.44516217 315.31772785 350.58341862 0.46883302 0.51545639 0.46713918
315.30532610 0.50085066 296.21952017 348.01713322 307.20315326 0.48262743 0.47621770 0.54193729
367.54202356 0.38057955 348.20571533 399.29449351 359.96531360 0.38712302 0.34810385 0.41336997
313.71692054 0.47278583 304.07155066 317.09338507 329.01958706 0.46629324 0.48447979 0.46467571
510.41004455 0.13715320 501.48546962 526.76217917 510.93836382 0.11215637 0.13650590 0.16276488
379.67428341 0.35946401 366.60524320 420.00534061 361.06247482 0.35411430 0.31367377 0.41157728
367.55297801 0.38057955 348.21622383 399.29763905 359.97429502 0.38712302 0.34810385 0.41336997
460.28344445 0.22320346 436.64662400 475.15154975 477.52888387 0.22842255 0.22202399 0.21809217
360.03998912 0.39358632 343.97726800 369.40089428 376.18554350 0.39465986 0.39769881 0.38642996
355.43322241 0.40173500 335.23755431 369.76210027 371.81189142 0.41051573 0.39719664 0.39376764
590.72505209 0.00000000 564.00000000 609.00000000 608.99841270 0.00000000 0.00000000 0.00000000
363.20829992 0.38876676 333.46570073 389.17940684 378.84376032 0.41358320 0.36485713 0.38203038
360.05744728 0.39358632 343.99220250 369.41019951 376.20502165 0.39465986 0.39769881 0.38642996
591.06044322 0.00056180 564.00000000 608.93805794 607.89298643 0.00000000 0.00000000 0.00175439
420.91205434 0.30470737 410.33676353 423.06940979 436.18705354 0.27811071 0.32214278 0.31264615
423.58684887 0.30236886 404.31101168 440.34451248 434.39058621 0.28855617 0.29652817 0.31988254
330.59648385 0.45916503 304.53260504 335.55130142 355.55041088 0.46761270 0.47218385 0.44221717
420.14129733 0.30693595 393.75086068 438.41264032 433.52142001 0.30774906 0.30013944 0.31392297
436.43863703 0.26435292 427.17563585 442.95638997 446.63088596 0.24533726 0.27547016 0.27045920
324.61195007 0.45395566 329.97286519 331.30933338 319.26677937 0.41971450 0.46079051 0.48079554
322.93641437 0.45699897 322.67623170 326.42233806 325.15314636 0.43277405 0.46891830 0.47103995
316.49776395 0.46677319 334.22328251 317.93907624 306.64614214 0.41217296 0.48308187 0.50181003
321.15647112 0.46040033 309.25965480 338.46981638 322.85470181 0.45685044 0.44890561 0.47486354
330.51739093 0.44366885 335.10326283 327.90885391 336.67549165 0.41047105 0.46643931 0.45190988
322.94483136 0.45699897 322.67730643 326.41413769 325.15943058 0.43277405 0.46891830 0.47103995
325.23937790 0.45268956 331.65653975 326.41210952 325.84410614 0.41677142 0.46892600 0.46990761
353.22886137 0.40554492 343.15141538 355.71450637 369.81415047 0.39637540 0.42061603 0.39723527
344.04786030 0.42122430 333.57162618 356.81047157 349.34228239 0.41336484 0.41858139 0.43097488
378.85693131 0.36188172 366.12316588 392.10603353 385.23900121 0.35517100 0.36019252 0.37158420
358.63867262 0.39681022 339.07591119 377.24690712 368.38228837 0.40371664 0.38487456 0.39963036
353.21596736 0.40554492 343.15861064 355.73764539 369.78764797 0.39637540 0.42061603 0.39723527
380.46915996 0.35902077 359.07177373 399.98838726 390.54555339 0.36761827 0.34689054 0.36253757
349.26820779 0.41283238 327.08299658 360.26091446 369.88222370 0.42496621 0.41278142 0.39684641
354.54074799 0.40318042 335.05926467 367.13549430 369.89884144 0.41087666 0.40168211 0.39709818
518.42736410 0.12531019 487.29910580 538.10065577 536.27161431 0.13756143 0.11756969 0.12060062
347.16645529 0.41578239 335.56650486 360.42394568 358.06997483 0.40972163 0.41251901 0.41641376
349.25782054 0.41283238 327.08203557 360.28163017 369.89753471 0.42496621 0.41278142 0.39684641
523.82425225 0.11429096 507.37415177 528.82252608 543.27720573 0.10160706 0.13314276 0.10915417
309.18011469 0.47874769 329.49254585 301.96787124 303.14446292 0.42046743 0.50935604 0.50739799
333.98643022 0.43951473 314.02731349 335.98747439 354.96767536 0.44814771 0.45287595 0.42138022
311.11214140 0.47603534 310.04367859 302.67339087 326.15187634 0.45533932 0.50817941 0.46920626
325.02802327 0.45241367 322.71784952 314.89027687 344.28418973 0.43261144 0.48787592 0.43912457
309.18944209 0.47874769 329.48989247 301.96983653 303.16344182 0.42046743 0.50935604 0.50739799
323.83198136 0.45582531 311.09996967 320.77614864 344.97909015 0.45343196 0.47813090 0.43798010
330.75987859 0.44314976 325.85005311 344.01927188 328.98156738 0.42713181 0.43976000 0.46472013
322.87274738 0.45822385 292.84479713 336.25282382 346.40382051 0.48659890 0.45282916 0.43601945
333.41209005 0.43986070 306.32177045 345.26063814 351.71164685 0.46218560 0.43770382 0.42698554
320.36590504 0.46076575 323.98495730 329.74415877 315.53191467 0.43051651 0.46348630 0.48708610
332.33689377 0.44054915 326.83602120 347.40358037 329.26121861 0.42536271 0.43413828 0.46427368
330.80221576 0.44235217 335.18295287 313.67914975 352.07803515 0.41079629 0.49056044 0.42677320
589.44218349 0.00271449 564.00000000 604.94939151 607.81635243 0.00000000 0.00664743 0.00188679
590.13924875 0.00130295 564.00000000 606.59434109 608.99803922 0.00000000 0.00399225 0.00000000
364.03322046 0.38686086 348.54107495 386.67800550 361.79490458 0.38672353 0.36920123 0.41053940
589.44218349 0.00271449 564.00000000 604.94939151 607.81635243 0.00000000 0.00664743 0.00188679
569.54320962 0.06821642 549.81558675 578.29358194 589.20729045 0.02703579 0.09434573 0.08612456
361.65549188 0.40424553 353.34582154 390.25496371 353.27212636 0.37812096 0.39090087 0.43784051
349.10758123 0.41352830 319.96685899 367.39685399 365.59052279 0.43754338 0.40080206 0.40378797
329.63984160 0.44633462 306.99651058 337.03809718 351.69203403 0.46088045 0.45128296 0.42700528
427.91598604 0.27872221 402.26022402 441.38261579 445.58383507 0.28995018 0.27800510 0.27106399
362.37520627 0.38953796 346.89880094 377.75476989 372.37152405 0.38925366 0.38358877 0.39251967
349.10208630 0.41352830 319.97327521 367.39956109 365.59244311 0.43754338 0.40080206 0.40378797
390.36657201 0.34224411 379.83589875 387.68426422 410.84135152 0.33023703 0.36720551 0.32878414
320.93154538 0.46037561 311.27252382 325.53632728 335.22858268 0.45310268 0.47032153 0.45422870
361.09318968 0.39198833 362.26177059 349.73576431 378.78660454 0.36173677 0.43025318 0.38206154
314.00826429 0.47224250 306.55127784 325.14638082 317.01739256 0.46160323 0.47092081 0.48441657
326.90971465 0.44957550 328.69740513 338.48602864 323.52183419 0.42189257 0.44881227 0.47365101
320.97448627 0.46037561 311.27812973 325.52778637 335.21315193 0.45310268 0.47032153 0.45422870
370.60869176 0.37710136 349.47546100 389.04748146 375.70435035 0.38467455 0.36500893 0.38709885
323.65725406 0.45555374 311.69467291 319.30274895 345.94042661 0.45273384 0.48088057 0.43666563
345.15734224 0.41962590 341.04677378 345.79652871 354.69796757 0.39977168 0.43666283 0.42190330
320.00387634 0.46191230 294.92784878 345.44309324 329.12776494 0.48279160 0.43751780 0.46461836
305.26723832 0.48629497 311.06970216 305.43704813 308.46030829 0.45384718 0.50394228 0.49890250
323.65833200 0.45555374 311.68646671 319.28779310 345.93266048 0.45273384 0.48088057 0.43666563
329.72127285 0.44600062 328.10660320 314.38499361 355.10675397 0.42297616 0.48878956 0.42123912
556.34181008 0.06108451 520.86446804 575.32079519 577.61482701 0.07734254 0.05588508 0.05208282
548.14496859 0.07341677 533.09640511 563.90142789 554.40284231 0.05538126 0.07457409 0.09028225
591.02224364 0.00000000 563.98199449 608.99628070 608.99392857 0.00000000 0.00000000 0.00000000
556.34181008 0.06108451 520.86446804 575.32079519 577.61482701 0.07734254 0.05588508 0.05208282
555.14260776 0.06393724 517.80812293 575.88027167 576.13996696 0.08285878 0.05709751 0.05449720
586.54463875 0.01114809 559.63523192 601.80776800 606.46554969 0.00779582 0.01758422 0.00732595
340.74800055 0.42796597 308.98371412 368.91397743 353.36113846 0.45750705 0.39979315 0.42427798
308.76013332 0.48200900 296.89413028 317.51578657 317.44052155 0.47902847 0.48367372 0.48483044
333.96100207 0.43899275 327.70897406 324.88880086 359.90629666 0.42392645 0.47554210 0.41342898
352.97004217 0.40768244 318.11464729 393.96023006 355.72753202 0.44113190 0.35804577 0.42161868
339.49204528 0.42966996 306.05970345 370.26255562 352.30062363 0.46277399 0.39627382 0.42604594
314.27954022 0.47160277 303.88293515 319.18364831 324.31308448 0.46647766 0.48094425 0.47241367
590.98910322 0.00000000 563.99901961 608.94334288 608.94023089 0.00000000 0.00000000 0.00000000
591.72231302 0.00000000 564.00000000 608.93362967 608.90819844 0.00000000 0.00000000 0.00000000
319.10553483 0.46323002 308.84611095 323.70261667 331.48936695 0.45762051 0.47339573 0.46046257
590.98910322 0.00000000 563.99901961 608.94334288 608.94023089 0.00000000 0.00000000 0.00000000
590.97727291 0.00000000 563.99901961 608.93460991 608.94949011 0.00000000 0.00000000 0.00000000
345.30763979 0.42060116 316.25445730 362.38637372 360.45160496 0.44421923 0.40912751 0.41235624
331.71037914 0.44237686 320.92827853 348.25400249 332.15741587 0.43602417 0.43282682 0.45947241
362.97676312 0.38869574 354.84700370 383.35268133 362.93019300 0.37531326 0.37461266 0.40855584
332.27808180 0.44030302 331.20655801 328.26251851 347.43359471 0.41760463 0.46597300 0.43412858
341.98621805 0.42463362 343.96664289 338.85323988 350.36306933 0.39470982 0.44837596 0.42926095
331.71477501 0.44237686 320.91730047 348.24447577 332.15324754 0.43602417 0.43282682 0.45947241
360.21315898 0.39341541 341.56596166 391.47125162 358.79322870 0.39925093 0.36124620 0.41551357
411.33788898 0.30480632 410.54146313 422.92177607 406.67193837 0.27527523 0.30891463 0.33582003
387.16798208 0.34804462 372.60643906 401.93470643 392.68877438 0.34312350 0.34340841 0.35877642
585.13308747 0.01105347 556.84865945 603.65839569 601.90201725 0.01282294 0.00885264 0.01177319
412.90336906 0.30213416 412.48926257 424.40603504 407.83523166 0.27177771 0.30644635 0.33388171
411.29366469 0.30480632 410.53748971 422.89092558 406.66618607 0.27527523 0.30891463 0.33582003
584.82517647 0.01128682 557.71908349 604.88702293 599.19985831 0.01125612 0.00666469 0.01606137
363.33499726 0.38868834 350.67882800 389.23816939 358.43482994 0.38279087 0.36486753 0.41599642
332.56120114 0.44237977 306.70722242 356.05830546 343.61579095 0.46151248 0.42211907 0.44043395
363.78721343 0.38762522 350.82169696 379.67966293 369.78368355 0.38251750 0.38071046 0.39712320
366.48473453 0.38363615 334.45060172 387.41938009 385.23730028 0.41192966 0.36790266 0.37150795
363.31427149 0.38868834 350.71899347 389.26691462 358.50249822 0.38279087 0.36486753 0.41599642
331.20795924 0.44292825 327.73312742 318.27325710 353.48955477 0.42380069 0.48253925 0.42405508
404.11456284 0.32006696 374.80633045 424.12428086 420.02508982 0.33916921 0.30663278 0.31345049
382.08440566 0.35646826 363.99527782 396.54740223 392.14443263 0.35855247 0.35238788 0.35965826
321.59701041 0.45884279 316.80030957 328.24137812 328.77808883 0.44322467 0.46582269 0.46487131
391.23055540 0.34092308 379.40359513 400.28295476 401.66740159 0.33097239 0.34620540 0.34388979
404.11388782 0.32006696 374.80645592 424.12373874 420.03100584 0.33916921 0.30663278 0.31345049
314.89695883 0.46994290 309.92319791 340.58214493 302.19802714 0.45556418 0.44527408 0.50899029
313.74448939 0.47276685 305.80347757 312.85443476 327.34386325 0.46303167 0.49143116 0.46739715
323.53889433 0.45665805 305.83020003 331.21765224 337.62560882 0.46305974 0.46101558 0.45040089
547.70673809 0.07413811 522.72930731 563.40508603 565.82925856 0.07396671 0.07555047 0.07154850
328.64392946 0.44755629 317.42587808 334.12961400 341.64798987 0.44219497 0.45608779 0.44361912
313.74291227 0.47276685 305.79564472 312.84859008 327.33298476 0.46303167 0.49143116 0.46739715
559.26773906 0.05526944 531.24513859 579.67218511 573.31542735 0.05872163 0.04863815 0.05917412
591.73023521 0.00000000 564.00000000 608.95850771 608.95708739 0.00000000 0.00000000 0.00000000
590.87354165 0.00000000 564.00000000 608.95018535 608.95547041 0.00000000 0.00000000 0.00000000
344.43594126 0.42088576 334.95605809 348.62806201 354.09008747 0.41068856 0.43195608 0.42284952
591.73023521 0.00000000 564.00000000 608.95850771 608.95708739 0.00000000 0.00000000 0.00000000
591.73534074 0.00000000 563.99830508 608.96769770 608.95817048 0.00000000 0.00000000 0.00000000
356.06684854 0.40041845 360.05035584 344.12091461 369.79069057 0.36609251 0.43990615 0.39725067
332.76736545 0.44017890 322.06786317 336.36841609 346.33010767 0.43374435 0.45225099 0.43577826
362.15626286 0.38991135 341.24923272 383.21177824 371.17577697 0.39967549 0.37480628 0.39483655
337.73443221 0.43261964 317.16389316 354.74363344 348.47100503 0.44254916 0.42178464 0.43223095
344.73398420 0.42107472 316.41364848 373.44949573 351.39975244 0.44391231 0.39072422 0.42735004
332.77904282 0.44017890 322.08663705 336.38027133 346.33836592 0.43374435 0.45225099 0.43577826
378.25994225 0.36216627 368.03807971 396.90639363 378.08844916 0.35152680 0.35204572 0.38331403
584.36562403 0.01144650 556.46561800 602.96181953 601.69872673 0.01350248 0.00975251 0.01182294
585.88887226 0.00923151 558.75041833 605.55905476 601.25693949 0.00940785 0.00569726 0.01284176
346.80087840 0.41592611 342.58532846 364.68498585 340.21674519 0.39690008 0.40514640 0.44577839
584.36562403 0.01144650 556.46561800 602.96181953 601.69872673 0.01350248 0.00975251 0.01182294
573.36639782 0.03762003 545.44138183 594.56636511 587.99522872 0.03324936 0.03446530 0.04608701
370.21733371 0.38156153 359.03083009 374.25838592 387.15932399 0.36752014 0.39485967 0.37881636
340.66559084 0.42729250 317.40393656 354.99544573 355.90940241 0.44218692 0.42147026 0.41994460
338.25254586 0.43106832 330.55059142 340.02773524 352.16281452 0.41860630 0.44633106 0.42618495
591.21324266 0.00000000 563.99896907 608.96877645 608.97293333 0.00000000 0.00000000 0.00000000
329.74396256 0.44482237 330.26594088 318.84987893 348.68882985 0.41916497 0.48146107 0.43193875
340.66140062 0.42729250 317.40055840 354.98664898 355.91055165 0.44218692 0.42147026 0.41994460
590.93115761 0.00000000 563.99910714 608.98121866 608.97083207 0.00000000 0.00000000 0.00000000
342.49250300 0.46561442 341.57254935 350.35270205 342.57366336 0.41121730 0.48085233 0.49774465
330.92879440 0.48219572 322.62553123 336.83125809 342.81263596 0.44228315 0.51299727 0.48474700
331.31357484 0.47829304 337.20953867 343.00187903 321.75286159 0.41652980 0.49036497 0.52245041
328.30218985 0.48932642 333.71303928 323.18183671 336.35641390 0.42504902 0.53224544 0.50957218
363.98271565 0.38741822 364.76109561 368.47698894 365.64265203 0.35726520 0.39909950 0.40377601
338.89770284 0.42977219 331.16912369 348.33829192 346.85266456 0.41790361 0.43287418 0.43534603
365.09497710 0.38433276 372.16282333 361.42272571 370.26431128 0.34425450 0.41099020 0.39636836
303.33764987 0.49112942 269.08712138 320.20695697 327.61351976 0.52918360 0.47939338 0.46710715
352.26921485 0.40826272 318.37448606 368.69944498 373.00658105 0.44073750 0.39895639 0.39179984
360.81502155 0.39198315 361.96464394 365.56635006 363.37782551 0.36255439 0.40411821 0.40779575
365.11007544 0.38433276 372.17456104 361.43089292 370.26262686 0.34425450 0.41099020 0.39636836
316.61057257 0.46822911 295.77000432 325.40819246 336.45185919 0.48130745 0.47076738 0.45240418
590.22965153 0.00035971 564.00000000 608.93834113 608.14611413 0.00000000 0.00000000 0.00128205
591.49997290 0.00040000 564.00000000 608.99069404 608.31792497 0.00000000 0.00000000 0.00109890
421.78639305 0.28833102 410.71210090 430.21305643 434.15335546 0.27490699 0.29664000 0.29010583
590.22965153 0.00035971 564.00000000 608.93834113 608.14611413 0.00000000 0.00000000 0.00128205
516.09432900 0.19547551 494.59122974 533.97253820 527.71259854 0.13077299 0.22092470 0.23412066
399.92832000 0.36821342 358.81589228 427.26418562 420.10671617 0.37831268 0.35713249 0.37080310
309.87846212 0.48157146 314.02590522 299.39796833 322.93693826 0.44934041 0.51745885 0.47983332
344.46565414 0.42765741 305.96917458 361.75567723 370.03449167 0.46266087 0.42135518 0.40075940
309.51873442 0.48270020 314.79386236 295.28382169 327.12950829 0.44787413 0.52428426 0.47298612
309.75321691 0.48272358 295.65746090 325.54671654 314.69472383 0.48132016 0.47373676 0.49344550
314.67761102 0.47048336 312.09213971 303.85455202 335.76072285 0.45186401 0.50644087 0.45348373
359.11768411 0.39419667 371.27533564 353.72221605 361.38994927 0.34552670 0.42352113 0.41078139
365.44413224 0.38491414 337.91163946 373.63659458 391.81092320 0.40559943 0.39060539 0.36046319
335.29351645 0.43698297 304.57705903 337.45034691 369.23159041 0.46512162 0.45052593 0.39780581
340.02042032 0.42803884 320.22218529 344.18321380 365.10992977 0.43733594 0.43950144 0.40479226
363.90231051 0.38800903 328.93839162 376.26376099 393.60141371 0.42165198 0.38622674 0.35747795
365.43032730 0.38491414 337.90585145 373.64948314 391.81283978 0.40559943 0.39060539 0.36046319
324.02806683 0.45479767 325.46564250 335.47312888 317.38264001 0.42768138 0.45381512 0.48378867
344.17241379 0.42077101 340.14033249 355.91527353 341.60308700 0.40178888 0.42030030 0.44409614
334.24827383 0.43803313 320.75109491 346.77341570 341.14117097 0.43634975 0.43525495 0.44457011
351.13791519 0.40963981 335.12765449 371.09271384 354.55501518 0.41077705 0.39511683 0.42256059
352.56258496 0.40718309 341.53005358 369.30895931 352.99492831 0.39932073 0.39808412 0.42514829
344.15380650 0.42077101 340.15905619 355.92264808 341.60762500 0.40178888 0.42030030 0.44409614
328.45334974 0.44743582 312.34948027 340.68515836 340.73657955 0.45144075 0.44537191 0.44526682
326.20384050 0.45087640 332.50944608 312.14559330 341.36277658 0.41503402 0.49244090 0.44397540
361.68228885 0.39098462 360.15593672 397.28337900 331.76502805 0.36572955 0.35143959 0.46018874
590.90858573 0.00132013 564.00000000 607.22157055 608.33757630 0.00000000 0.00279111 0.00093458
311.54694661 0.47694324 298.26573960 309.05219957 334.10964366 0.47645440 0.49757908 0.45597879
326.20748404 0.45087640 332.50424914 312.12696762 341.34112867 0.41503402 0.49244090 0.44397540
589.15513091 0.00348169 563.11428571 604.79913410 607.78765942 0.00158730 0.00695595 0.00200000
325.96744595 0.45284385 305.20556705 350.61821127 326.85895923 0.46449134 0.42910567 0.46855772
329.28429732 0.44732779 300.02201413 341.46057892 349.88014283 0.47354949 0.44408243 0.43010357
345.74756992 0.41821264 339.62360038 357.61844382 348.25830790 0.40272325 0.41745586 0.43299943
340.33386165 0.42708586 341.59861275 346.14767354 340.00931574 0.39918403 0.43649758 0.44674154
325.84106963 0.45284385 305.27832559 350.67498685 326.92825134 0.46449134 0.42910567 0.46855772
357.57336932 0.39852164 329.75897358 386.77636572 363.47432076 0.42020866 0.36886288 0.40748788
544.77180352 0.08038826 514.59530072 552.37355475 578.51699513 0.08867579 0.09402586 0.05061334
494.54122130 0.16487606 468.37407752 514.47490454 507.55461285 0.17146147 0.15678293 0.16823498
365.65535819 0.38388825 345.91962377 371.87704496 386.59653520 0.39143558 0.39380547 0.36936834
544.77180352 0.08038826 514.59530072 552.37355475 578.51699513 0.08867579 0.09402586 0.05061334
543.09107107 0.08421265 512.71430718 549.32638145 578.53776281 0.09205744 0.10242903 0.05057840
328.12975220 0.44867155 323.53656006 327.09707347 340.90788001 0.43123238 0.46779072 0.44657671
353.30924832 0.40432853 343.01112682 375.74720551 354.42551946 0.39670418 0.38742912 0.42283435
321.12215886 0.46081572 304.30344387 330.05635770 335.39133332 0.46579733 0.46290554 0.45409088
359.04238770 0.39573749 332.70312804 378.09218694 371.77201624 0.41521311 0.38352376 0.39402167
369.40504945 0.37719177 363.08992245 369.05707746 387.85534533 0.36066154 0.39854008 0.36729644
353.32801387 0.40432853 342.98089414 375.72597285 354.41205149 0.39670418 0.38742912 0.42283435
318.81030958 0.46468069 297.53821143 323.99525396 342.62579673 0.47791510 0.47292999 0.44202689
590.17028772 0.00234838 563.99891304 605.49059044 608.27158841 0.00000000 0.00579553 0.00117647
589.48692836 0.00223153 564.00000000 605.81017822 607.87778336 0.00000000 0.00524594 0.00181818
591.33987229 0.00000000 564.00000000 608.98624136 608.97765118 0.00000000 0.00000000 0.00000000
590.17028772 0.00234838 563.99891304 605.49059044 608.27158841 0.00000000 0.00579553 0.00117647
590.00900657 0.00234838 564.00000000 605.49941133 608.27738914 0.00000000 0.00579553 0.00117647
590.88845005 0.00000000 564.00000000 608.95570357 608.95358113 0.00000000 0.00000000 0.00000000
335.15834553 0.43569845 334.30065765 344.32009873 334.95056074 0.41180807 0.43910554 0.45465555
351.09502084 0.40890738 321.36456170 381.40526925 361.73129210 0.43531498 0.37775176 0.41042348
351.92186975 0.40729811 346.30598738 341.42347678 375.21692932 0.39029072 0.44389829 0.38784193
322.66625534 0.45765018 316.41840572 330.62127914 325.84879864 0.44391952 0.46181917 0.46970703
335.15605031 0.43569845 334.31139978 344.32412583 334.94509663 0.41180807 0.43910554 0.45465555
379.91142710 0.36046176 352.61885008 390.16199146 405.35743579 0.37918654 0.36320063 0.33796495
357.07669921 0.40404960 356.44847686 349.99688181 373.88970114 0.37220793 0.44264284 0.39412730
313.20281195 0.47801249 300.76842026 323.76933486 324.85825153 0.47205404 0.47926190 0.47780472
359.95983047 0.39703443 329.42340330 377.66016535 378.15222235 0.42064890 0.38500313 0.38859313
369.48856342 0.38459977 355.27742660 374.00925917 382.92375878 0.37427479 0.39847519 0.38649701
363.56121181 0.38760414 356.11889610 361.08020940 381.77238416 0.37281454 0.41128740 0.37703334
320.75603087 0.46086115 316.78935849 324.35297027 327.86825136 0.44332779 0.47227700 0.46640891
333.87188711 0.43948510 304.22636287 354.93999906 351.32501210 0.46601711 0.42168454 0.42772228
331.19128188 0.44320918 309.79910685 344.83389026 346.83704971 0.45573106 0.43825636 0.43493908
336.72826864 0.43449704 301.37709142 359.13944458 355.29109034 0.47110684 0.41469248 0.42109419
337.47913627 0.43299874 305.99348497 359.35576285 353.92404275 0.46284796 0.41432564 0.42338329
333.87465389 0.43948510 304.23254266 354.93897225 351.31588678 0.46601711 0.42168454 0.42772228
315.89400973 0.46888276 305.94222006 318.50933648 327.37616365 0.46267028 0.48192019 0.46720057
311.33375498 0.47580151 327.78882335 303.61692986 311.15529638 0.42360290 0.50673996 0.49421341
352.80058612 0.40692830 336.33684708 362.57885516 369.60269508 0.40823464 0.40891112 0.39721801
543.61791909 0.08132578 521.63260408 564.92715508 552.50446051 0.07596404 0.07295061 0.09357339
311.60615980 0.47622925 304.82225128 331.82807686 305.15143799 0.46477704 0.45991849 0.50415586
311.37053346 0.47580151 327.78814872 303.62635324 311.15934941 0.42360290 0.50673996 0.49421341
563.08441671 0.05068464 527.58308206 582.08503263 582.75158294 0.06531360 0.04458079 0.04352207
331.83849664 0.44268821 323.46049917 338.40515346 337.34661008 0.43142834 0.44906603 0.45077317
370.08155013 0.37681042 345.80228766 392.48586579 385.19141644 0.39165824 0.35957030 0.37170272
335.21636692 0.43650954 319.81101592 342.37135912 351.43287516 0.43796215 0.44246459 0.42745873
324.59008075 0.45448219 302.73492343 344.08899261 334.77461898 0.46862260 0.43960662 0.45509212
327.99892724 0.45496508 318.18143249 329.22902301 340.21226480 0.44086242 0.47194846 0.45407273
370.78765136 0.37968525 362.34767752 383.82466781 375.68873336 0.36197796 0.38430000 0.38925321
495.02550897 0.16398482 470.75597216 519.91380254 504.72259712 0.16725750 0.14780487 0.17304497
467.16217143 0.21094417 452.06126520 482.05637812 476.70798437 0.20081499 0.21066698 0.21953358
351.87997028 0.40761484 322.73113620 372.15020829 370.81532412 0.43288022 0.39310574 0.39536170
511.56983694 0.13617463 475.88310024 532.34542316 535.29223486 0.15808725 0.12718596 0.12228552
495.01765529 0.16398482 470.76451285 519.92056370 504.72618068 0.16725750 0.14780487 0.17304497
334.77348745 0.43622262 323.16797306 353.75914037 336.15488055 0.43199319 0.42361016 0.45283809
351.84206278 0.40804282 335.22926293 365.27279975 359.57979329 0.41022733 0.40442961 0.41393425
351.84206278 0.40804282 335.22926293 365.27279975 359.57979329 0.41022733 0.40442961 0.41393425
353.00554323 0.40582749 339.86385651 362.84587546 363.76474291 0.40190165 0.40846627 0.40697039
345.21664384 0.41944260 323.82629918 373.12751637 341.89709702 0.43070142 0.39143576 0.44325026
351.82634510 0.40804282 335.24221972 365.27511341 359.56650632 0.41022733 0.40442961 0.41393425
346.60325164 0.41703219 333.53504640 362.14511628 347.95414814 0.41328940 0.40963393 0.43319565
379.31924258 0.36164671 363.20781673 404.63927061 377.98170191 0.36005830 0.33908003 0.38330270
379.31924258 0.36164671 363.20781673 404.63927061 377.98170191 0.36005830 0.33908003 0.38330270
314.33564233 0.47252641 291.17194379 324.83305763 332.37929469 0.48931060 0.47253093 0.45904580
369.67158828 0.37716799 363.91456350 373.46526825 378.94492091 0.35879218 0.39079640 0.38171390
379.30333100 0.36164671 363.21003826 404.63927478 377.98281744 0.36005830 0.33908003 0.38330270
330.33941582 0.44483557 309.83031813 351.82814921 335.13082899 0.45579096 0.42670899 0.45446605
312.76454970 0.47506331 283.47339192 319.17340842 342.42353604 0.50296298 0.48077794 0.44221270
312.76454970 0.47506331 283.47339192 319.17340842 342.42353604 0.50296298 0.48077794 0.44221270
588.45204156 0.00408424 560.15230882 605.86815867 608.89832002 0.00689550 0.00502896 0.00000000
321.06893926 0.45930748 322.66180943 322.71844154 326.57139428 0.43267891 0.47490111 0.46851350
303.38364946 0.51194935 277.80138721 304.51702405 337.26048240 0.51588457 0.53184833 0.48378554
524.62018862 0.15769739 504.89602412 537.13098987 539.82536747 0.11280745 0.17385993 0.18556749
591.43900250 0.00000000 564.00000000 608.93964209 608.94455384 0.00000000 0.00000000 0.00000000
591.43900250 0.00000000 564.00000000 608.93964209 608.94455384 0.00000000 0.00000000 0.00000000
326.12944399 0.45230647 312.13307107 353.02731956 320.60020613 0.45150516 0.42463404 0.47841514
591.43900250 0.00000000 564.00000000 608.93964209 608.94455384 0.00000000 0.00000000 0.00000000
591.36345455 0.00000000 563.99603509 608.91467568 608.92257144 0.00000000 0.00000000 0.00000000
339.35646187 0.42942185 322.57179009 349.66776213 352.16222730 0.43278876 0.43015983 0.42604142
337.06139879 0.43323734 307.33538476 332.73228293 380.38181396 0.46025984 0.45845375 0.37932612
337.06139879 0.43323734 307.33538476 332.73228293 380.38181396 0.46025984 0.45845375 0.37932612
338.58400389 0.43116879 310.14693664 337.23803650 372.87884602 0.45523980 0.45093344 0.39183318
339.73692612 0.42829399 332.05997526 347.14074564 351.11344725 0.41594502 0.43450932 0.42793460
337.04605818 0.43323734 307.33324148 332.73340254 380.38973747 0.46025984 0.45845375 0.37932612
346.44605443 0.41729700 321.92299352 381.12941175 343.89628422 0.43412827 0.37807922 0.43985679
563.85573635 0.04602200 541.25158250 578.92679207 579.89787067 0.04076937 0.04983590 0.04823680
563.85573635 0.04602200 541.25158250 578.92679207 579.89787067 0.04076937 0.04983590 0.04823680
327.32490254 0.44988165 320.14018156 313.01100813 357.14801112 0.43730662 0.49117084 0.41790751
562.71957765 0.04813979 543.34607885 576.65153531 577.53037683 0.03701361 0.05362800 0.05215980
563.85259821 0.04602200 541.25068964 578.92147271 579.87858980 0.04076937 0.04983590 0.04823680
320.41716369 0.46058890 321.28048575 322.24014779 325.10833850 0.43528542 0.47585775 0.47106786
309.55220548 0.50541683 296.32854389 320.61187566 320.62747863 0.48556221 0.51932189 0.50857695
309.55220548 0.50541683 296.32854389 320.61187566 320.62747863 0.48556221 0.51932189 0.50857695
410.67144889 0.33761612 390.81773116 429.54693806 416.82980927 0.31506972 0.33298887 0.36474270
304.25837664 0.51257197 304.30713771 300.52540683 313.84007682 0.47259691 0.53458442 0.52989567
327.09787361 0.45009086 310.73460272 341.18773085 338.43946180 0.45412538 0.44432282 0.44886415
430.03910793 0.27564273 400.03497348 448.07278157 447.01944282 0.29396244 0.26692851 0.26863601
362.29041682 0.38881849 370.31438717 370.81464055 355.90534132 0.34727032 0.39514799 0.41991925
362.29041682 0.38881849 370.31438717 370.81464055 355.90534132 0.34727032 0.39514799 0.41991925
367.03777160 0.38192106 340.77901392 390.31567643 378.16638758 0.40024133 0.36278934 0.38295654
355.88546188 0.40089882 343.23996743 367.83875790 363.86190432 0.39580723 0.40010072 0.40672503
362.29048463 0.38881849 370.31438717 370.81817405 355.90510467 0.34727032 0.39514799 0.41991925
356.74827457 0.39966320 337.12880504 377.13237506 365.01475363 0.40677980 0.38469345 0.40481237
351.24447264 0.40979264 318.20287545 364.10025320 377.00364737 0.44104052 0.40660068 0.38515011
316.43222230 0.46910451 287.18977496 337.01385793 330.94724076 0.49656963 0.45144211 0.46150924
353.37195856 0.40500485 344.84922719 375.07471402 343.44360343 0.39322541 0.38838421 0.44090678
352.87993863 0.40666302 330.84305258 365.50077271 368.60535199 0.41835606 0.40429412 0.39912454
351.24382111 0.40979264 318.22893970 364.10366057 377.02142658 0.44104052 0.40660068 0.38515011
315.65327068 0.46948261 306.06339370 321.87672972 324.12902817 0.46270639 0.47652679 0.47277758
340.26205936 0.42908901 311.21879070 358.26922551 355.41977501 0.45332217 0.41601268 0.42075275
347.78876949 0.41480242 318.84871630 366.64127015 368.32931388 0.43981299 0.40230805 0.39949320
338.30230962 0.43230659 307.23035236 359.74370502 350.53603457 0.46047091 0.41355063 0.42885923
327.19776067 0.45085759 310.52372434 343.20988923 336.16517350 0.45457896 0.44102028 0.45275361
340.25176467 0.42908901 311.22145230 358.25978632 355.41131670 0.45332217 0.41601268 0.42075275
338.70907170 0.42895834 333.13730109 345.67173569 347.92220530 0.41416467 0.43710877 0.43336344
311.38129002 0.47705060 315.26444542 337.37324495 288.88737484 0.44599101 0.45059105 0.53107414
357.03582890 0.39862768 358.13693361 374.50210895 343.77808896 0.36951897 0.38940104 0.44044660
308.27710746 0.48208647 308.22613928 316.68444130 306.31231002 0.45859308 0.48493103 0.50216145
320.18552381 0.46160616 333.82419948 303.19635984 332.27850524 0.41270310 0.50735415 0.45906995
311.36689222 0.47705060 316.25880292 336.50885935 288.68160321 0.44421262 0.45204736 0.53141160
349.22126113 0.41223622 334.79753345 353.56516868 370.13719164 0.41143108 0.42419829 0.39668168
585.50604412 0.01074260 557.39103974 604.91751356 600.39441258 0.01184888 0.00668245 0.01419264
584.12983998 0.01224155 558.31989746 602.90404729 599.81804757 0.01019061 0.01010869 0.01523318
518.97044520 0.12338436 496.56219886 532.58655778 534.92993153 0.12099407 0.12675542 0.12284128
585.50604412 0.01074260 557.39103974 604.91751356 600.39441258 0.01184888 0.00668245 0.01419264
585.52351313 0.01074260 557.39262705 604.91663054 600.36835770 0.01184888 0.00668245 0.01419264
507.62128746 0.14363171 475.15348312 524.01762544 529.96356050 0.15938073 0.14105542 0.13117787
343.34920501 0.42235322 338.53403620 343.03395381 356.79745755 0.40468877 0.44171399 0.41882723
336.46953898 0.43451280 327.23446407 320.69606581 368.34307695 0.42484218 0.47866108 0.39955083
353.81115999 0.40438590 335.26162034 388.42788834 344.81393661 0.41056853 0.36630949 0.43876857
340.45477090 0.42746076 336.71493555 344.56707627 349.11481913 0.40794072 0.43913990 0.43159977
335.07162111 0.44359976 331.20702114 327.90483818 354.62782272 0.41769921 0.47366021 0.43553145
340.38881120 0.43551671 330.71489541 343.85855675 356.51971545 0.41975181 0.45158294 0.43161065
586.91347792 0.01061746 559.74617030 602.02020372 606.38881917 0.00761705 0.01696301 0.00713264
590.56901993 0.00187112 563.99811321 608.98153274 607.72975964 0.00000000 0.00166667 0.00404082
318.04376053 0.46655707 298.40588169 319.33124053 342.99197055 0.47610739 0.48302625 0.44108016
587.15554982 0.01032687 558.77222385 602.46955356 606.90160556 0.00936090 0.01526766 0.00623853
591.15305261 0.00000000 563.99569053 608.60207614 608.62064683 0.00000000 0.00000000 0.00000000
363.83944993 0.38768726 333.86338356 397.69617432 368.98208731 0.41285048 0.35070937 0.39837942
326.35843899 0.45261392 312.73507492 330.79943678 341.21796012 0.45067063 0.46168282 0.44443258
349.12817601 0.41329228 331.55898064 361.36171662 361.61625673 0.41718285 0.41126337 0.41081014
321.59654080 0.45966723 324.36064756 334.33798368 312.49571600 0.42981824 0.45585407 0.49207371
326.00926562 0.45174945 325.84753320 315.88792400 341.26811520 0.42715596 0.48644924 0.44433856
326.36490792 0.45261392 312.73412952 330.80489746 341.21693311 0.45067063 0.46168282 0.44443258
350.45987201 0.40997790 346.66173601 339.41285121 374.21155900 0.39010233 0.44770926 0.38993123
409.96299937 0.30957513 389.07069448 435.75944401 411.79726350 0.31395949 0.28770028 0.32747592
381.06044696 0.35780756 372.24870593 377.63093446 398.48509381 0.34386032 0.38392445 0.34930569
591.26555364 0.00050000 564.00000000 608.99383385 608.13866667 0.00000000 0.00000000 0.00142857
420.86580081 0.28963128 400.25702965 429.52928739 441.83167579 0.29388137 0.29803656 0.27759459
409.97052132 0.30957513 389.07775065 435.75027856 411.80458172 0.31395949 0.28770028 0.32747592
590.37951572 0.00000000 564.00000000 608.95496031 608.95016051 0.00000000 0.00000000 0.00000000
348.10905903 0.41867878 335.58637988 352.15643728 366.58861233 0.41001080 0.43349925 0.40846448
331.50437001 0.44832233 334.38722604 318.10367706 345.96239406 0.41307825 0.49304314 0.44538791
575.13587034 0.03976869 546.17618170 591.25252558 595.83009261 0.03198544 0.04424644 0.04264813
348.10905903 0.41867878 335.58637988 352.15643728 366.58861233 0.41001080 0.43349925 0.40846448
349.22563233 0.41223622 334.79694817 352.18405611 371.67148958 0.41143108 0.42650114 0.39413921
581.08631924 0.02094991 548.24735295 603.70032071 596.09287818 0.02824802 0.01103122 0.02443582
530.31517677 0.10383897 508.92320732 547.07447879 543.16508218 0.09878509 0.10277112 0.10925281
522.44834444 0.11759528 498.86138559 537.92503781 536.64900301 0.11673429 0.11739311 0.11952141
321.58096385 0.45802319 345.36669911 298.11255521 326.93267534 0.39221993 0.51605748 0.46820590
530.31517677 0.10383897 508.92320732 547.07447879 543.16508218 0.09878509 0.10277112 0.10925281
530.30848717 0.10383897 508.93178142 547.06907995 543.16887101 0.09878509 0.10277112 0.10925281
312.57784228 0.47538572 285.49560290 332.39293921 324.60764695 0.49928098 0.45863790 0.47157639
321.97988263 0.45824545 318.86488952 326.94303860 329.76233679 0.43975102 0.46811650 0.46343992
328.32742320 0.44944060 303.72602759 338.88089164 345.68890460 0.46677369 0.44826824 0.43693684
314.16667462 0.47113359 309.95944368 326.07580868 317.06277125 0.45576566 0.46953219 0.48453105
317.14261490 0.46661777 309.43239018 324.20683937 325.85331436 0.45666744 0.47266224 0.46993580
321.96946429 0.45824545 318.86406477 326.93280707 329.75274253 0.43975102 0.46811650 0.46343992
318.45373939 0.46533045 305.78531719 321.68676929 332.07368285 0.46312173 0.47682549 0.45961818
330.00326883 0.44451298 321.74836365 333.29927731 341.51845600 0.43452878 0.45759673 0.44395359
359.98374400 0.39426603 345.97957266 352.13596193 393.20745928 0.39131484 0.42657267 0.35835668
335.25192708 0.43522186 328.49530416 345.19647141 340.70937400 0.42244820 0.43785016 0.44526244
333.97996667 0.43751975 318.22343519 325.23953460 367.62745511 0.44089401 0.47097517 0.40063746
330.03474934 0.44451298 321.77847031 333.34222732 341.56521151 0.43452878 0.45759673 0.44395359
359.37901743 0.39473662 349.57624726 384.22623990 352.19173771 0.38485386 0.37327794 0.42648918
347.86601409 0.41576992 310.26696506 355.96033812 383.18456023 0.45543854 0.42022851 0.37497815
361.09018178 0.39176093 351.39326251 372.34310386 374.05570410 0.38149730 0.39291558 0.39008122
590.77995246 0.00000000 564.00000000 608.97983215 608.99165467 0.00000000 0.00000000 0.00000000
351.68356408 0.40932453 317.54015106 377.55356320 367.62211239 0.44237362 0.38437505 0.40086566
347.88022326 0.41576992 310.25770233 355.96986851 383.20815809 0.45543854 0.42022851 0.37497815
590.71714865 0.00000000 564.00000000 608.98953418 608.99435429 0.00000000 0.00000000 0.00000000
337.21052353 0.43205941 332.47616728 350.42779719 335.96695269 0.41516061 0.42904730 0.45306560
342.32686614 0.42478951 326.44402563 349.09471308 359.01305361 0.42602097 0.43123009 0.41477245
329.56667615 0.44621231 326.14201390 320.14899435 350.38886321 0.42652202 0.47933413 0.42908538
335.99743814 0.43579184 323.60920826 331.03579646 361.39281527 0.43111278 0.46122994 0.41085753
337.22771835 0.43205941 332.48877408 350.42618613 335.96742187 0.41516061 0.42904730 0.45306560
323.53931355 0.45652938 317.96433243 331.36405139 328.68875417 0.44122908 0.46066975 0.46512830
325.09147443 0.45308119 324.12474251 318.63184003 341.73462973 0.43038986 0.48202230 0.44372709
307.55698009 0.48283659 335.15994488 300.96372118 293.77864861 0.41029105 0.51105241 0.52296069
340.66300672 0.42682510 328.63354656 353.17953529 348.84835634 0.42229231 0.42467561 0.43185748
336.27892310 0.43323296 347.03136580 347.83629538 320.95477830 0.38926385 0.43355513 0.47818409
325.08615417 0.45308119 324.14035287 318.66825059 341.73321082 0.43038986 0.48202230 0.44372709
316.41658913 0.46903665 301.78803640 326.64511793 324.74485295 0.47014023 0.46840378 0.47155168
590.78723265 0.00000000 564.00000000 609.00000000 608.99387755 0.00000000 0.00000000 0.00000000
591.01102423 0.00044444 564.00000000 608.94765089 608.93787024 0.00000000 0.00000000 0.00129870
432.76669662 0.26943673 432.97393849 421.87197060 453.04667307 0.23506074 0.31061037 0.25886030
590.78723265 0.00000000 564.00000000 609.00000000 608.99387755 0.00000000 0.00000000 0.00000000
590.77173528 0.00000000 564.00000000 608.99830508 608.99591837 0.00000000 0.00000000 0.00000000
388.93858666 0.34470346 369.10783571 396.77384765 405.83314531 0.34962816 0.35224407 0.33722514
358.32824415 0.39622799 336.57291469 379.44473322 360.66351677 0.40782622 0.38092936 0.41209676
336.06552110 0.43468566 326.01826155 333.71469862 355.09810509 0.42674663 0.45672750 0.42126043
365.88096743 0.38403704 355.64542858 389.23144730 364.10617352 0.37362965 0.36465651 0.40637700
358.32824415 0.39622799 336.57291469 379.44473322 360.66351677 0.40782622 0.38092936 0.41209676
358.29623952 0.39622799 336.57299390 379.44991889 360.65453563 0.40782622 0.38092936 0.41209676
343.56865197 0.42108575 334.78423162 344.95373398 359.92416861 0.41102234 0.43813906 0.41329834
338.48620663 0.43061753 327.06504693 341.65196244 352.44716195 0.42481760 0.44350718 0.42558116
372.47059921 0.37267347 353.23841724 388.91008219 384.93059331 0.37798819 0.36525471 0.37182953
332.26690797 0.44079806 324.28316748 339.06274830 339.10677343 0.42982195 0.44781823 0.44772966
338.48620663 0.43061753 327.06504693 341.65196244 352.44716195 0.42481760 0.44350718 0.42558116
335.89627641 0.43686131 323.98463723 338.20085788 350.04365094 0.43035377 0.45148971 0.43273626
373.82417517 0.36937619 375.95324068 369.29314965 382.21855351 0.33726951 0.39781927 0.37630066
315.01977816 0.47307543 294.69730516 324.95800159 331.16863160 0.48296450 0.47475523 0.46387802
354.82652648 0.40469656 352.82329789 343.01594409 376.60734188 0.37902113 0.44574946 0.38927502
318.60963457 0.46661453 298.76319537 324.04644824 338.42886064 0.47567288 0.47623573 0.44989433
315.01977816 0.47307543 294.69730516 324.95800159 331.16863160 0.48296450 0.47475523 0.46387802
317.25794791 0.46718061 295.83530339 329.35502857 332.58155749 0.48092611 0.46404107 0.45870680
356.23534985 0.39980881 352.84342802 340.09290105 383.46780847 0.37902472 0.44658757 0.37454928
589.31904826 0.00240161 563.99838710 605.38942809 608.18549209 0.00000000 0.00596336 0.00133333
587.81200509 0.00464679 562.94566845 604.20905703 606.55781541 0.00188948 0.00788977 0.00400239
584.13687231 0.01254460 556.08274318 603.57009715 599.64788315 0.01418863 0.00898769 0.01548441
589.31904826 0.00240161 563.99838710 605.38942809 608.18549209 0.00000000 0.00596336 0.00133333
589.34552634 0.00240161 563.99838710 605.38612060 608.17463614 0.00000000 0.00596336 0.00133333
584.62429675 0.01126961 560.22143985 601.74477178 600.31184275 0.00677503 0.01199130 0.01437434
340.22834967 0.42736070 323.46754260 367.09877473 339.47897965 0.43126944 0.40125305 0.44706946
307.90433102 0.48322970 298.39567530 294.81222186 335.53228200 0.47640310 0.52143599 0.45383900
404.76228857 0.31855884 376.38635164 425.02415235 418.45141862 0.33635996 0.30512658 0.31600480
346.15925240 0.41700397 330.40979149 363.11465361 354.83851772 0.41878034 0.40788001 0.42157113
340.24390215 0.42736070 323.46638595 367.09586178 339.49559027 0.43126944 0.40125305 0.44706946
382.77075878 0.35460092 381.58655889 368.29269256 406.93970929 0.32720445 0.39943308 0.33531639
430.23828657 0.27508844 406.42001708 451.47452429 437.65439323 0.28245826 0.26117609 0.28412189
455.72780904 0.23066975 431.54098511 466.42533320 478.61802250 0.23768845 0.23672489 0.21646643
317.65420974 0.46608736 315.38562883 321.74525237 324.40845991 0.44572416 0.47644813 0.47204557
423.44468503 0.28672970 394.39536700 451.45340218 431.87089970 0.30401161 0.26121223 0.29367782
430.25744788 0.27505135 406.41740946 451.46479343 437.70534105 0.28245826 0.26117609 0.28403577
361.71775649 0.39040169 340.62585992 393.91798140 359.94846407 0.40089823 0.35712326 0.41356482
329.39992529 0.44691766 309.90706976 341.37784888 343.24223964 0.45569075 0.44407589 0.44100841
365.27240737 0.38576533 340.90571337 401.41378157 362.66882712 0.40043844 0.34471299 0.40910809
324.80026683 0.45320998 323.03465771 329.33683662 329.22555165 0.43212095 0.46409696 0.46428924
324.51016079 0.45494311 295.75154742 327.07018280 359.48948068 0.48104016 0.46783376 0.41405342
329.39514088 0.44691766 309.90427527 341.38307262 343.24462377 0.45569075 0.44407589 0.44100841
369.86087732 0.37647104 369.33272972 376.30778481 373.91213487 0.34942060 0.38648021 0.39043553
359.53958483 0.39455434 360.63722031 369.41087797 355.53463115 0.36459315 0.39745742 0.42043732
330.02637849 0.44608259 310.44162371 352.85589076 334.35756338 0.45486691 0.42513934 0.45581833
590.92191819 0.00000000 563.99850746 608.94531887 608.94536457 0.00000000 0.00000000 0.00000000
348.14059396 0.41319721 350.07334006 350.70911309 350.45185437 0.38357706 0.42847175 0.42890583
359.51835246 0.39455434 360.63333994 369.42519729 355.56717455 0.36459315 0.39745742 0.42043732
591.03392015 0.00000000 564.00000000 608.90447077 608.92248675 0.00000000 0.00000000 0.00000000
345.58122001 0.41757306 351.16187996 358.75025088 334.49285071 0.38202764 0.41563137 0.45587428
355.95395189 0.39992875 352.32201210 382.27635585 338.89878985 0.37969721 0.37633382 0.44830481
538.65775633 0.08978015 521.06493451 543.92541730 557.31041930 0.07705601 0.10802958 0.08582610
361.36026925 0.39118965 353.85366044 367.11846764 367.55087380 0.37717477 0.40174621 0.40098818
345.61428324 0.41757306 351.15813511 358.72209878 334.49955501 0.38202764 0.41563137 0.45587428
550.52325763 0.07012107 522.15597066 562.07640429 575.63420859 0.07505777 0.07785410 0.05535069
591.10369594 0.00000000 564.00000000 608.91729752 608.92539306 0.00000000 0.00000000 0.00000000
591.02591599 0.00000000 563.99887640 608.90368053 608.91229219 0.00000000 0.00000000 0.00000000
323.39487485 0.45669163 301.26550108 341.16811241 336.80974857 0.47104887 0.44425288 0.45153990
591.10369594 0.00000000 564.00000000 608.91729752 608.92539306 0.00000000 0.00000000 0.00000000
591.12164263 0.00000000 564.00000000 608.90321253 608.90907505 0.00000000 0.00000000 0.00000000
317.75039466 0.46542144 324.46296365 310.45073933 327.08711606 0.42970942 0.49551681 0.46793091
306.63543597 0.48378717 302.08219688 321.30993448 305.22414225 0.46985232 0.47749517 0.50418657
310.54172450 0.47848241 290.34120158 331.20791730 316.70544575 0.49090246 0.46108657 0.48515612
307.27713100 0.48405480 292.03733936 322.87710829 313.02440005 0.48785052 0.47486909 0.49124045
326.66394620 0.45013569 331.21954232 333.30944452 322.51104539 0.41758513 0.45754702 0.47546956
306.63453903 0.48378717 302.07433160 321.30863860 305.22675981 0.46985232 0.47749517 0.50418657
331.29565652 0.44352137 305.80273047 334.68373042 361.75467594 0.46316075 0.45532240 0.41038235
384.81917390 0.35216644 365.58304461 388.63877704 407.38811811 0.35598685 0.36577339 0.33464326
378.71117201 0.36138436 368.36678604 398.40291450 377.65619575 0.35085565 0.34946899 0.38385975
338.98459952 0.42880212 335.80959618 346.22672707 340.66205130 0.40935343 0.43620720 0.44541825
371.89006327 0.37436828 353.87801259 377.35198864 391.73080705 0.37698955 0.38449743 0.36062464
384.88907837 0.35216644 365.57200382 388.66340565 407.39907573 0.35598685 0.36577339 0.33464326
355.71342435 0.40124606 337.42097898 376.20713538 364.22591657 0.40634042 0.38628798 0.40617964
343.14847066 0.42318828 314.73270645 369.09659890 353.23220118 0.44715040 0.39818714 0.42455268
343.11458368 0.42380215 311.08165298 356.65064473 367.96326997 0.45376034 0.41889167 0.40007820
590.83807406 0.00000000 564.00000000 608.94622408 608.94656584 0.00000000 0.00000000 0.00000000
344.24167146 0.42260782 301.03691568 367.09145290 364.43947186 0.47171462 0.40150908 0.40594350
343.15159914 0.42318828 314.73154193 369.07307109 353.21915728 0.44715040 0.39818714 0.42455268
591.04522230 0.00000000 564.00000000 608.99122572 608.98686100 0.00000000 0.00000000 0.00000000
319.43849757 0.46392622 290.06982343 350.04295995 324.27229378 0.49129784 0.42973207 0.47251407
313.56883303 0.47344602 288.67359550 341.31511369 318.84102108 0.49392032 0.44428809 0.48160619
306.45063975 0.48465939 313.92821939 305.46667982 306.21368599 0.44848834 0.50368843 0.50247651
323.28034576 0.45548797 334.72076494 306.85037268 335.76932306 0.41118404 0.50141122 0.45339958
307.12557454 0.49688382 287.98211982 329.12387215 310.85131248 0.49704666 0.48442900 0.51012816
302.76270504 0.50528493 297.46638655 303.94777240 313.38502476 0.47910353 0.52681890 0.50992797
329.48509885 0.44694141 303.28102911 341.53464331 349.21673343 0.46768200 0.44391044 0.43116465
322.43831045 0.45769540 305.41945367 342.78982025 329.24532643 0.46379781 0.44181239 0.46426930
334.73050306 0.43734367 312.09132849 359.14775093 341.52351714 0.45187562 0.41467938 0.44394191
336.24619696 0.43518569 318.28154782 350.88700512 346.15692462 0.44082059 0.42835624 0.43623991
329.48091383 0.44694141 303.29366483 341.54060519 349.22197000 0.46768200 0.44391044 0.43116465
334.84693666 0.43684061 318.01757426 354.39144584 339.29161804 0.44121640 0.42254509 0.44763736
547.81396616 0.09341630 511.05978334 562.24895704 579.82672761 0.10004814 0.10655924 0.07455143
546.63766277 0.10378232 519.03123001 547.13391208 580.74481866 0.08216938 0.14100549 0.08845344
368.62690196 0.39738794 355.24732148 382.00375353 380.60224102 0.37450404 0.40594160 0.40303129
547.81088497 0.09400307 509.70357139 558.86464618 585.11193302 0.10253280 0.10884812 0.07008070
562.67491224 0.04820903 525.07770928 582.18638264 592.45963628 0.06982646 0.04449748 0.02738785
378.36095139 0.36255522 370.39660599 379.36409602 390.92350084 0.34716900 0.38103110 0.36185348
368.84712404 0.37863347 358.15991509 394.54123297 363.00333968 0.36932113 0.35605671 0.40835231
320.80869921 0.46169092 291.44398950 350.52453453 326.41790826 0.48877031 0.42890671 0.46891375
368.74446659 0.37870748 359.37361430 393.22552396 363.55877871 0.36713314 0.35824181 0.40743779
361.96172078 0.39046950 345.67797378 383.30372445 369.30671036 0.39173060 0.37467910 0.39791730
368.81730649 0.37863347 358.09778790 394.50005700 362.95870012 0.36932113 0.35605671 0.40835231
305.11641045 0.48747691 308.81194606 324.95019382 289.20877295 0.45765519 0.47136906 0.53067343
577.66313120 0.02461653 549.99651026 599.04038964 589.79314775 0.02510981 0.01647147 0.03183033
582.93202935 0.01490925 555.34426891 601.81157471 598.20436018 0.01550950 0.01190417 0.01788941
590.37722629 0.00189394 563.99883721 605.51349223 608.96747886 0.00000000 0.00572474 0.00000000
577.66313120 0.02461653 549.99651026 599.04038964 589.79314775 0.02510981 0.01647147 0.03183033
577.66349864 0.02461653 549.99911162 599.04124675 589.78339407 0.02510981 0.01647147 0.03183033
590.25183022 0.00191848 563.99859155 605.23731277 608.98322050 0.00000000 0.00622820 0.00000000
325.49049114 0.45197189 330.70396078 312.81981699 341.50779873 0.41850727 0.49161417 0.44401510
362.32469458 0.38997234 332.56882368 389.92005035 367.54362846 0.41501216 0.36355198 0.40069200
316.45906918 0.46904389 287.22607360 331.40968759 339.16168178 0.49647886 0.46076274 0.44789836
316.63160962 0.46834426 303.82255253 319.84255688 330.89133358 0.46674749 0.47995082 0.46164441
325.46885578 0.45197189 330.70452786 312.81921723 341.50345603 0.41850727 0.49161417 0.44401510
380.66898548 0.35826899 361.60053842 385.45179030 404.63235652 0.36295908 0.37094961 0.33910710
336.74146639 0.43260986 334.84418672 313.83139327 370.12209145 0.41093452 0.48980093 0.39638665
341.32724179 0.42483934 338.51148913 345.16807888 348.40921642 0.40430270 0.43773377 0.43232192
349.03287759 0.41277378 320.07451253 374.78905204 361.96897600 0.43743857 0.38864437 0.40992879
355.04593110 0.40413298 306.74298825 397.81352429 363.89273939 0.46136060 0.35044396 0.40669368
320.06768790 0.50622656 314.06483977 300.13437604 352.38871959 0.45774339 0.56607083 0.49229522
320.60427592 0.49851845 318.70659576 320.63058149 331.14594830 0.44843417 0.52914251 0.51486976
318.96082892 0.47038291 302.86535269 323.39871372 342.24000184 0.46845645 0.48446111 0.45441420
323.46904051 0.46224323 313.18120865 349.44836960 314.02249345 0.44978669 0.43653154 0.50150359
331.67884290 0.44926575 323.81272083 338.60749648 339.00486827 0.43087491 0.46003372 0.45764322
348.86302499 0.41892575 310.21161108 393.92535479 347.96751176 0.45528419 0.36384575 0.44156855
327.71324272 0.44854007 312.51572423 336.65333462 344.81126711 0.45111550 0.45205492 0.43847810
328.07881876 0.44835271 307.36127145 336.78131223 348.48371774 0.46020512 0.45168473 0.43227275
379.45224194 0.36123016 362.34363166 409.23292716 374.34207864 0.36175340 0.33147694 0.38940641
399.88463980 0.32474344 393.03398712 412.42621784 404.62791665 0.30649104 0.32604175 0.33901556
462.63001994 0.21981114 427.18605596 481.57797316 485.57524719 0.24540702 0.21137431 0.20471890
388.65649527 0.34573041 364.74230397 415.15596023 392.68426462 0.35744472 0.32165486 0.35897506
378.65633070 0.36321690 361.38733909 408.62281227 373.70106617 0.36346093 0.33344995 0.39134563
506.53211732 0.14484529 470.43103647 532.24552324 523.98732924 0.16770709 0.12725723 0.14094024
311.84211708 0.47655968 296.64174924 328.15635967 317.54954329 0.47951685 0.46607785 0.48372085
333.44501289 0.43870388 318.77762242 338.66981526 353.73135614 0.43968553 0.44843743 0.42348123
324.91928954 0.45411271 311.56959833 331.95381267 339.83462524 0.45275617 0.45982350 0.44671362
322.53797564 0.45725235 320.69067484 331.34340052 320.95729351 0.43641712 0.46080101 0.47805491
311.84461638 0.47655968 296.63512294 328.16719103 317.54008902 0.47951685 0.46607785 0.48372085
336.20362917 0.43390294 322.23369639 344.04608573 351.89297979 0.43347113 0.43954469 0.42652603
591.02223534 0.00000000 564.00000000 608.98332039 608.99510435 0.00000000 0.00000000 0.00000000
590.97424013 0.00000000 564.00000000 608.89060373 608.86851556 0.00000000 0.00000000 0.00000000
354.65810833 0.40349293 341.47340061 369.23451365 359.31815480 0.39901283 0.39785354 0.41431523
591.02223534 0.00000000 564.00000000 608.98332039 608.99510435 0.00000000 0.00000000 0.00000000
591.01216249 0.00000000 564.00000000 608.98626425 608.99465186 0.00000000 0.00000000 0.00000000
322.26248505 0.45832637 311.40525566 322.30827382 339.49337568 0.45285274 0.47551510 0.44699650
364.48141820 0.38652253 352.01439872 389.31046103 360.19595620 0.38052076 0.36482456 0.41319650
352.22005204 0.40651110 342.03980017 348.39001732 375.71772831 0.39813575 0.43253883 0.38721370
363.72570960 0.38777301 346.35510511 391.16245723 360.59478665 0.39067961 0.36175188 0.41252554
367.69753842 0.38058922 362.90325325 393.93859112 354.44749368 0.36096209 0.35713752 0.42273085
364.46600290 0.38652253 352.00698027 389.32220113 360.19836546 0.38052076 0.36482456 0.41319650
346.09573794 0.41787895 321.13056538 370.69297152 353.84327719 0.43566967 0.39555209 0.42352381
296.09110820 0.54389207 276.03314661 325.44636529 291.66167797 0.52609966 0.51798542 0.59059687
292.15902891 0.54566130 277.15338747 296.44615358 312.46329685 0.52239602 0.56368686 0.54304564
346.65875020 0.45300260 347.18861219 363.54002522 336.46126311 0.39588734 0.45290265 0.50728301
299.10185642 0.52864866 291.35249511 307.75735859 304.45129037 0.49573771 0.54003505 0.54904182
314.72181535 0.47242457 286.92516452 337.56475863 325.33987130 0.49710918 0.45053476 0.47080083
370.85856242 0.37611309 349.67767733 388.37580915 379.70052556 0.38436022 0.36610818 0.38051239
313.61357286 0.47260897 322.92209747 290.52107265 338.00442121 0.43239929 0.52855126 0.44973358
331.24449681 0.44361438 306.87513637 330.74333235 362.85887876 0.46123525 0.46183694 0.40853502
590.98184461 0.00000000 564.00000000 608.87124687 608.86992102 0.00000000 0.00000000 0.00000000
306.31143698 0.48465547 309.72033335 322.79975552 294.71800733 0.45610125 0.47495070 0.52158254
313.60031925 0.47260897 322.93433251 290.52541081 338.02298105 0.43239929 0.52855126 0.44973358
590.99983824 0.00000000 563.99787138 608.90450585 608.91686631 0.00000000 0.00000000 0.00000000
521.02967181 0.12005579 490.71959371 538.49663516 541.05230819 0.13151713 0.11700703 0.11274794
537.41424432 0.09094324 508.40393957 556.97279746 557.15916959 0.09971200 0.08636062 0.08602436
362.56157696 0.38980767 329.02112403 398.25852848 372.69374479 0.42174672 0.34994868 0.39239948
519.45080998 0.12248048 497.31882491 534.62141087 532.17088756 0.11966390 0.12339945 0.12748674
521.01976529 0.12005579 490.71420300 538.49417400 541.06096448 0.13151713 0.11700703 0.11274794
361.81670014 0.39055873 354.63575329 389.35126456 346.16529186 0.37562045 0.36456180 0.43628947
362.56378508 0.38932682 362.62740911 358.03739191 374.37094795 0.36144065 0.41679940 0.38968383
377.01102231 0.36508828 373.83076866 382.05569737 379.64500428 0.34133397 0.37688149 0.38088185
345.53685046 0.41935836 326.84985420 370.64616080 343.63793908 0.42569490 0.39585033 0.44070984
350.31993438 0.40936116 347.41784476 358.09406935 352.33085401 0.38875976 0.41670117 0.42625127
362.56577776 0.38932682 362.64267660 358.03685783 374.35384056 0.36144065 0.41679940 0.38968383
350.66072269 0.40905489 337.21238830 351.21351596 369.68244672 0.40707942 0.42812579 0.39745352
589.85935628 0.00033003 563.99790570 608.97448864 608.26711783 0.00000000 0.00000000 0.00119048
590.18875397 0.00033670 563.99894737 608.90509428 608.22836658 0.00000000 0.00000000 0.00111111
310.92926473 0.47691048 309.96801077 323.81659947 308.89395518 0.45592131 0.47357568 0.49837488
589.85935628 0.00033003 563.99790570 608.97448864 608.26711783 0.00000000 0.00000000 0.00119048
589.87989512 0.00033003 563.99516323 608.95302804 608.25994833 0.00000000 0.00000000 0.00119048
326.29305321 0.45108954 312.57393411 353.63785346 321.36877016 0.45075683 0.42357454 0.47713709
335.39309987 0.43605369 318.71776216 360.49911205 333.40467991 0.43990907 0.41232628 0.45731181
316.91439479 0.46868516 286.10496453 328.51074045 342.21548845 0.49847689 0.46730589 0.44361156
571.55628100 0.03499541 546.20346437 584.93542641 590.67960102 0.03191821 0.04092530 0.03146898
326.92533375 0.45100019 308.77041733 339.68594832 340.45768954 0.45774074 0.44912712 0.44560911
335.28138004 0.43605369 318.70131093 360.49142748 333.37890554 0.43990907 0.41232628 0.45731181
557.75506525 0.05612534 538.59236905 566.52281643 577.34170463 0.04557263 0.07033332 0.05236983
370.60840750 0.37518585 370.95115429 386.36099609 358.93182000 0.34619782 0.36947472 0.41500288
343.71549851 0.42294771 311.53613084 351.78493747 374.58125902 0.45305838 0.42714078 0.38927294
369.78727878 0.37671343 356.16359725 401.79816432 365.85746827 0.37274823 0.34383347 0.40347595
364.94822080 0.38479023 361.97680979 382.80249202 357.10177848 0.36233081 0.37538484 0.41797937
368.59578420 0.38812973 370.74708450 384.12089290 355.70739015 0.34658837 0.39078654 0.43160036
336.59834597 0.44198166 326.45135116 337.54704741 353.95100377 0.42619960 0.45911113 0.43906839
