0.52133333 150.00000000 0.52749649 0.52676914 0.50783949
0.52133333 150.00000000 0.52749649 0.52676914 0.50783949
0.52133333 150.00000000 0.52749649 0.52676914 0.50783949
0.52133333 150.00000000 0.52749649 0.52676914 0.50783949
0.52133333 150.00000000 0.52749649 0.52676914 0.50783949
0.52133333 150.00000000 0.52749649 0.52676914 0.50783949
0.53000000 250.00000000 0.54417865 0.51840031 0.53123622
0.53000000 250.00000000 0.54417865 0.51840031 0.53123622
0.53000000 250.00000000 0.54417865 0.51840031 0.53123622
0.53000000 250.00000000 0.54417865 0.51840031 0.53123622
0.53000000 250.00000000 0.54417865 0.51840031 0.53123622
0.53000000 250.00000000 0.54417865 0.51840031 0.53123622
0.52600000 300.00000000 0.54368239 0.51420892 0.52151798
0.52600000 300.00000000 0.54368239 0.51420892 0.52151798
0.52733333 300.00000000 0.54199888 0.51712254 0.52481624
0.52600000 300.00000000 0.54368239 0.51420892 0.52151798
0.52500000 300.00000000 0.54259218 0.50948848 0.52455969
0.52466667 300.00000000 0.54013517 0.51439772 0.52156125
0.52550000 200.00000000 0.52567787 0.53552498 0.51516456
0.52550000 200.00000000 0.52567787 0.53552498 0.51516456
0.52800000 200.00000000 0.52715864 0.54008160 0.51648432
0.52550000 200.00000000 0.52567787 0.53552498 0.51516456
0.52850000 200.00000000 0.52661771 0.53328723 0.52520899
0.53100000 200.00000000 0.52830213 0.53504542 0.52977567
0.52622222 225.00000000 0.53703030 0.52221078 0.51987839
0.52622222 225.00000000 0.53703030 0.52221078 0.51987839
0.52800000 225.00000000 0.53835584 0.52623851 0.52017573
0.52577778 225.00000000 0.53703030 0.52221078 0.51846994
0.52622222 225.00000000 0.53703030 0.52221078 0.51987839
0.52755556 225.00000000 0.53835584 0.52623851 0.51876728
0.53353846 325.00000000 0.55047006 0.51691563 0.53485917
0.53353846 325.00000000 0.55047006 0.51691563 0.53485917
0.53292308 325.00000000 0.55023220 0.51703434 0.53285041
0.53353846 325.00000000 0.55047006 0.51691563 0.53485917
0.53353846 325.00000000 0.55047006 0.51691563 0.53485917
0.53261538 325.00000000 0.55023220 0.51610841 0.53285041
0.53890909 275.00000000 0.56179881 0.52771499 0.53065766
0.53890909 275.00000000 0.56179881 0.52771499 0.53065766
0.53709091 275.00000000 0.55552143 0.53324858 0.52645734
0.53927273 275.00000000 0.56179881 0.52883858 0.53065766
0.53818182 275.00000000 0.55826232 0.53694008 0.52341166
0.53672727 275.00000000 0.55303584 0.53810228 0.52377785
0.52114286 175.00000000 0.52506991 0.52992601 0.51208230
0.52114286 175.00000000 0.52506991 0.52992601 0.51208230
0.52057143 175.00000000 0.52184327 0.53026271 0.51383668
0.52000000 175.00000000 0.52181767 0.52986013 0.51208230
0.52457143 175.00000000 0.52444386 0.53994801 0.51230443
0.52228571 175.00000000 0.52119161 0.53637336 0.51197548
0.52643361 187.50000000 0.52625546 0.53051783 0.52692140
0.53295649 262.50000000 0.55031672 0.52437952 0.52233219
0.52643361 187.50000000 0.52625546 0.53051783 0.52692140
0.52749744 187.50000000 0.52625546 0.53399192 0.52692140
0.52588463 187.50000000 0.52599642 0.53494219 0.52036803
0.53066932 262.50000000 0.54703304 0.51969018 0.52305986
0.52726723 287.50000000 0.54463637 0.51639096 0.52286107
0.52191547 162.50000000 0.52140941 0.53699583 0.50391038
0.52726723 287.50000000 0.54463637 0.51639096 0.52286107
0.52692001 287.50000000 0.54341686 0.51639096 0.52286107
0.52587955 287.50000000 0.54535593 0.51606558 0.51749350
0.52314247 162.50000000 0.52534880 0.53322787 0.50754352
0.53155936 337.50000000 0.54660665 0.51543257 0.53252736
0.52985871 212.50000000 0.51914134 0.54147995 0.52774485
0.53126174 337.50000000 0.54495375 0.51431983 0.53453285
0.53155936 337.50000000 0.54660665 0.51543257 0.53252736
0.53155936 337.50000000 0.54660665 0.51543257 0.53252736
0.52939366 212.50000000 0.52155703 0.53940771 0.52474357
0.52420842 237.50000000 0.55140568 0.51533397 0.50765198
0.52639879 312.50000000 0.55137489 0.51188990 0.51763435
0.52463213 237.50000000 0.54766670 0.51649094 0.51147020
0.52379002 237.50000000 0.55124723 0.51405192 0.50765198
0.52420842 237.50000000 0.55140568 0.51533397 0.50765198
0.52736135 312.50000000 0.55213148 0.51094834 0.52049641
0.53127381 212.50000000 0.52906698 0.54450962 0.51806577
0.53214844 337.50000000 0.54567290 0.51634708 0.53428835
0.53033262 212.50000000 0.52609531 0.54283573 0.51991762
0.53174329 212.50000000 0.52906698 0.54614896 0.51806577
0.53127824 212.50000000 0.52755694 0.53976278 0.52474357
0.53244781 337.50000000 0.54397312 0.51878559 0.53457623
0.52799623 312.50000000 0.54949898 0.51662776 0.51950202
0.52505230 237.50000000 0.55012184 0.51813405 0.50961724
0.52991419 312.50000000 0.55233652 0.51577374 0.52310105
0.52799623 312.50000000 0.54949898 0.51662776 0.51950202
0.52671520 312.50000000 0.55048204 0.51188990 0.51912645
0.52590150 237.50000000 0.55005779 0.51949464 0.51048973
0.53181000 262.50000000 0.54918194 0.52196692 0.52210032
0.52374844 187.50000000 0.52592855 0.52820864 0.52079414
0.53371550 262.50000000 0.55167420 0.52542170 0.52187810
0.53181000 262.50000000 0.54918194 0.52196692 0.52210032
0.53181000 262.50000000 0.54918194 0.52196692 0.52210032
0.52428035 187.50000000 0.52592855 0.52823889 0.52221589
0.52437704 162.50000000 0.52432869 0.53235657 0.51577164
0.52518389 287.50000000 0.54437554 0.51580488 0.51687396
0.52376354 162.50000000 0.52295188 0.53201644 0.51361475
0.52375975 162.50000000 0.52432869 0.53235657 0.51344606
0.52437704 162.50000000 0.52432869 0.53235657 0.51577164
0.52727328 287.50000000 0.54855706 0.51507258 0.51952301
0.52365807 168.80000000 0.52237551 0.54500951 0.50439627
0.53173397 206.30000000 0.53010655 0.53631687 0.52963413
0.52306636 168.80000000 0.52068059 0.54662241 0.50261055
0.52424979 168.80000000 0.52237551 0.54659681 0.50439627
0.52069949 168.80000000 0.51867088 0.54459681 0.49923706
0.52736504 206.30000000 0.52165134 0.53659376 0.52545775
0.53162348 268.80000000 0.54668590 0.53832066 0.51456588
0.52364757 306.30000000 0.54064767 0.51488870 0.51570545
0.53236559 268.80000000 0.54860499 0.53604793 0.51645032
0.53162348 268.80000000 0.54774973 0.53736828 0.51456588
0.53236975 268.80000000 0.54903380 0.53850423 0.51484969
0.52463222 306.30000000 0.54323903 0.51391119 0.51653380
0.52667436 318.80000000 0.54872393 0.50755173 0.52447983
0.52909016 256.30000000 0.54116288 0.52043837 0.53149682
0.52667436 318.80000000 0.54872393 0.50755173 0.52447983
0.52667436 318.80000000 0.54764866 0.50755173 0.52537268
0.52887759 318.80000000 0.55233076 0.51161875 0.52420461
0.52986229 256.30000000 0.54476511 0.51965353 0.53150576
0.53062293 218.80000000 0.53150591 0.53629854 0.52497386
0.51886739 156.30000000 0.52561714 0.51949026 0.51032069
0.53062293 218.80000000 0.53150591 0.53629854 0.52497386
0.53153827 218.80000000 0.53408752 0.53629854 0.52497386
0.52925097 218.80000000 0.53382285 0.53354146 0.52071434
0.52079046 156.30000000 0.52778766 0.52488959 0.50907355
0.52706436 243.80000000 0.54500938 0.51807583 0.51731298
0.51625888 181.30000000 0.50840092 0.52974492 0.51495528
0.52336909 243.80000000 0.53779417 0.51819723 0.51412618
0.52706436 243.80000000 0.54500938 0.51807583 0.51731298
0.52542333 243.80000000 0.54236742 0.51690226 0.51615019
0.51516301 181.30000000 0.50902722 0.52716566 0.51284416
0.53432860 343.80000000 0.54508677 0.51881866 0.53834526
0.52933167 281.30000000 0.54953102 0.51877378 0.51838328
0.53520408 343.80000000 0.54667148 0.52057453 0.53745437
0.53432860 343.80000000 0.54508677 0.51881866 0.53834526
0.53403790 343.80000000 0.54415219 0.51965200 0.53745241
0.52684309 281.30000000 0.54721880 0.51432494 0.51721021
0.52448864 293.80000000 0.54369880 0.51025539 0.52124807
0.53004677 331.30000000 0.54840731 0.52001297 0.52124931
0.52483341 293.80000000 0.54538094 0.50950342 0.52122720
0.52414850 293.80000000 0.54257521 0.51025539 0.52124807
0.52244782 293.80000000 0.54262012 0.49987181 0.52574773
0.52792651 331.30000000 0.54954818 0.51330321 0.51970691
0.52525773 193.80000000 0.52770242 0.53785866 0.50854008
0.52441409 231.30000000 0.54308659 0.51903571 0.51144863
0.52525773 193.80000000 0.52601444 0.53949801 0.50869653
0.52474227 193.80000000 0.52623183 0.53785866 0.50854008
0.52474227 193.80000000 0.52804447 0.53600681 0.50854008
0.52484513 231.30000000 0.54444780 0.51766774 0.51257222
0.51681440 181.30000000 0.50967307 0.53445074 0.51071894
0.52730132 318.80000000 0.54963302 0.50745509 0.52538892
0.51571854 181.30000000 0.50961750 0.53067403 0.51020247
0.51681440 181.30000000 0.50967307 0.53445074 0.51071894
0.51515998 181.30000000 0.50709410 0.52588919 0.51658280
0.52793813 318.80000000 0.54974613 0.51343737 0.52236959
0.52862750 281.30000000 0.54632751 0.51994090 0.51832300
0.53107955 218.80000000 0.53273617 0.53609990 0.52528636
0.53075516 281.30000000 0.55030612 0.52107726 0.51926741
0.52898211 281.30000000 0.54632751 0.52105201 0.51832300
0.52791323 281.30000000 0.54847455 0.51659685 0.51726471
0.53199489 218.80000000 0.53966430 0.53342277 0.52382429
0.53064736 331.30000000 0.55045789 0.51827953 0.52250858
0.52247464 168.80000000 0.52068059 0.54283186 0.50439627
0.53064736 331.30000000 0.55045789 0.51827953 0.52250858
0.53064736 331.30000000 0.55045789 0.51827953 0.52250858
0.53004222 331.30000000 0.54680715 0.51723795 0.52510921
0.52129121 168.80000000 0.51867088 0.54777142 0.49673706
0.52570720 231.30000000 0.54262807 0.52291212 0.51159841
0.53274011 268.80000000 0.54887332 0.53640622 0.51806710
0.52570720 231.30000000 0.54262807 0.52291212 0.51159841
0.52570720 231.30000000 0.54262807 0.52291212 0.51159841
0.52440663 231.30000000 0.53930532 0.52165020 0.51300747
0.53199662 268.80000000 0.54778380 0.53769348 0.51569021
0.53027297 206.30000000 0.52327471 0.53520346 0.53430703
0.52517587 293.80000000 0.54671212 0.50862162 0.52215438
0.53124853 206.30000000 0.52447043 0.53638923 0.53449710
0.53124150 206.30000000 0.52319301 0.53520346 0.53758572
0.52978988 206.30000000 0.52741306 0.53794269 0.52546152
0.52551485 293.80000000 0.54666486 0.50330005 0.52831350
0.52201784 306.30000000 0.53954863 0.51183417 0.51443197
0.52216495 193.80000000 0.52171471 0.53638690 0.50694215
0.52201997 306.30000000 0.54305817 0.50769366 0.51421185
0.52201784 306.30000000 0.53954863 0.51183417 0.51443197
0.52495369 306.30000000 0.54052058 0.51513523 0.51950740
0.52629133 193.80000000 0.52469441 0.54084556 0.51176254
0.52986229 256.30000000 0.54343837 0.52226708 0.52997061
0.52747251 243.80000000 0.54608346 0.51799860 0.51707352
0.52947167 256.30000000 0.54348009 0.51996701 0.53101227
0.52947167 256.30000000 0.54461484 0.52226708 0.52732864
0.52868890 256.30000000 0.54002480 0.52210965 0.53027119
0.52295757 243.80000000 0.54106249 0.51095992 0.51608109
0.51502940 156.30000000 0.51995750 0.53121580 0.49232451
0.53433029 343.80000000 0.54747052 0.52143822 0.53322838
0.51567042 156.30000000 0.51995750 0.53121580 0.49411022
0.51567042 156.30000000 0.51995750 0.53121580 0.49465009
0.51567451 156.30000000 0.51852858 0.52266737 0.50465047
0.53578463 343.80000000 0.54748821 0.52071697 0.53833602
0.52193003 159.40000000 0.52541627 0.53124593 0.51313480
0.52104074 178.10000000 0.51519480 0.53075307 0.51564078
0.52192610 159.40000000 0.52347201 0.53084446 0.51551575
0.52193003 159.40000000 0.52541627 0.53124593 0.51313480
0.52255503 159.40000000 0.52532856 0.53313272 0.51313480
0.51991087 178.10000000 0.51712329 0.52949353 0.51206479
0.52888328 259.40000000 0.53996210 0.52206353 0.52695027
0.53290529 278.10000000 0.55448565 0.52840642 0.51883362
0.52849866 259.40000000 0.54096210 0.51965074 0.52690406
0.52888328 259.40000000 0.53996210 0.52206353 0.52695027
0.52965251 259.40000000 0.54331388 0.52319989 0.52462885
0.53218715 278.10000000 0.55442621 0.52816937 0.51669614
0.52554024 309.40000000 0.54532689 0.51182634 0.51926150
0.53034417 328.10000000 0.54891726 0.51605734 0.52592160
0.52877023 309.40000000 0.54918532 0.51473142 0.52236094
0.52554024 309.40000000 0.54532689 0.51182634 0.51926150
0.52941852 309.40000000 0.55205673 0.51575762 0.52027555
0.53186578 328.10000000 0.55161881 0.51875584 0.52485346
0.53106175 209.40000000 0.52425707 0.53794729 0.53296898
0.52386233 228.10000000 0.54209194 0.51915817 0.51323706
0.53105947 209.40000000 0.52422151 0.53916680 0.53192044
0.53058100 209.40000000 0.52422151 0.53633439 0.53296898
0.53106402 209.40000000 0.52844006 0.53952744 0.52615079
0.52167126 228.10000000 0.54202901 0.51461825 0.50986602
0.52691035 234.40000000 0.54497468 0.51952010 0.51683667
0.53031006 203.10000000 0.52809793 0.53742889 0.52432673
0.52477541 234.40000000 0.54020929 0.51835257 0.51667866
0.52690853 234.40000000 0.54494263 0.51952010 0.51683667
0.52776505 234.40000000 0.54375516 0.52220431 0.51806923
0.53031006 203.10000000 0.52239850 0.53919864 0.52827198
0.53229690 334.30000000 0.54589406 0.51939456 0.53111275
0.52721578 303.10000000 0.54223938 0.51311364 0.52563616
0.53019930 334.30000000 0.54318062 0.51741924 0.52910018
0.53229690 334.30000000 0.54589406 0.51939456 0.53111275
0.53139601 334.30000000 0.54676362 0.51593590 0.53102718
0.52556670 303.10000000 0.54206701 0.51015325 0.52349256
0.52323573 284.40000000 0.54141451 0.51656131 0.51371842
0.53101366 253.10000000 0.54067316 0.52228248 0.52661851
0.52499135 284.40000000 0.54455432 0.51862086 0.51352535
0.52323573 284.40000000 0.54141451 0.51656131 0.51371842
0.52709909 284.40000000 0.54780316 0.51404027 0.52073249
0.53140736 253.10000000 0.54078101 0.52238181 0.52743648
0.52278790 184.40000000 0.52359019 0.53418381 0.50740368
0.52186572 153.10000000 0.53161035 0.52683267 0.51259834
0.52334019 184.40000000 0.52491345 0.53286802 0.50869998
0.52224442 184.40000000 0.52510534 0.53110689 0.50740368
0.52116334 184.40000000 0.51575438 0.53333899 0.51118866
0.51859774 153.10000000 0.53032773 0.51625889 0.51683968
0.52817777 196.90000000 0.52152275 0.54555839 0.51822889
0.52167555 290.60000000 0.54537981 0.49707113 0.52232918
0.52665493 196.90000000 0.52018853 0.54486059 0.51496929
0.52868797 196.90000000 0.52297202 0.54714569 0.51682044
0.52919041 196.90000000 0.51848825 0.54386466 0.52632428
0.52511672 290.60000000 0.54155736 0.51077945 0.52361180
0.52339612 296.90000000 0.54885146 0.50187779 0.52005742
0.52361808 190.60000000 0.52354920 0.52929220 0.51714699
0.52406839 296.90000000 0.55079403 0.50074480 0.52096216
0.52406952 296.90000000 0.54885146 0.50293042 0.52098334
0.52406497 296.90000000 0.54475215 0.50397599 0.52426223
0.52360705 190.60000000 0.52138529 0.53619286 0.51199173
0.53444720 346.80000000 0.54485582 0.51895281 0.53784859
0.52575726 240.60000000 0.54401811 0.51561329 0.51590455
0.53473539 346.80000000 0.54568710 0.51908181 0.53785864
0.53444720 346.80000000 0.54485582 0.51895281 0.53784859
0.53358265 346.80000000 0.54387681 0.51795561 0.53697087
0.52783195 240.60000000 0.55184882 0.51293905 0.51710142
0.52290741 246.90000000 0.53567311 0.51571437 0.52210992
0.53639296 340.60000000 0.54756717 0.51662624 0.54468305
0.52290906 246.90000000 0.53799463 0.51571437 0.51995938
0.52290741 246.90000000 0.53567311 0.51571437 0.52210992
0.52169119 246.90000000 0.53800969 0.51069175 0.52057500
0.53639814 340.60000000 0.54934722 0.51765585 0.54188443
0.52633403 221.90000000 0.53411184 0.52601070 0.51883370
0.52818867 315.60000000 0.55375485 0.51185681 0.51921734
0.52678448 221.90000000 0.53548171 0.52601070 0.51881519
0.52633403 221.90000000 0.53411184 0.52601070 0.51883370
0.52498675 221.90000000 0.53310392 0.52733983 0.51392042
0.52565702 315.60000000 0.55096126 0.50923474 0.51679330
0.53028192 321.80000000 0.54910613 0.51340637 0.52872479
0.52641042 215.60000000 0.52776691 0.53781300 0.51437614
0.53059151 321.80000000 0.55160690 0.51318790 0.52702388
0.53028192 321.80000000 0.54910613 0.51340637 0.52872479
0.53090304 321.80000000 0.54814028 0.51276085 0.53230162
0.52826227 215.60000000 0.52241265 0.54232827 0.52138278
0.53731957 271.90000000 0.55513966 0.54118744 0.51729295
0.52477547 165.60000000 0.52626993 0.54031716 0.51285822
0.53584898 271.90000000 0.55304145 0.54011217 0.51631697
0.53731957 271.90000000 0.55513966 0.54118744 0.51729295
0.53768722 271.90000000 0.55937492 0.53541023 0.51944573
0.52537422 165.60000000 0.52826817 0.53852325 0.51407281
0.51657147 171.90000000 0.51466890 0.53360641 0.50266101
0.53238899 265.60000000 0.54932268 0.52780971 0.52414663
0.51599007 171.90000000 0.51146869 0.53536080 0.50266101
0.51657147 171.90000000 0.51466890 0.53360641 0.50266101
0.51890045 171.90000000 0.51630504 0.54079373 0.50084283
0.53050362 265.60000000 0.54816148 0.52672276 0.52046892
0.52355604 165.60000000 0.52478930 0.53672742 0.51524531
0.52435534 234.40000000 0.53977515 0.51820205 0.51539383
0.52053669 165.60000000 0.52100359 0.53672742 0.50904618
0.52596933 165.60000000 0.52854369 0.53862420 0.51741923
0.52295728 165.60000000 0.52648246 0.53693595 0.51012153
0.52648482 234.40000000 0.54241057 0.52085344 0.51663303
0.53125550 265.60000000 0.55152714 0.52517027 0.52073823
0.53229154 334.30000000 0.54763319 0.51764845 0.53081907
0.53200880 265.60000000 0.55270797 0.52517027 0.52187459
0.53125550 265.60000000 0.55152714 0.52517027 0.52073823
0.53125408 265.60000000 0.54926291 0.52544070 0.52237368
0.53259541 334.30000000 0.54671068 0.52022414 0.53010888
0.52724231 315.60000000 0.55286548 0.50819616 0.52048881
0.52639857 284.40000000 0.54573581 0.51757614 0.51771283
0.52756178 315.60000000 0.55124081 0.51110606 0.52056105
0.52692485 315.60000000 0.55286548 0.50819616 0.51961162
0.52660538 315.60000000 0.55278486 0.50830137 0.51875409
0.52428342 284.40000000 0.54381910 0.51409750 0.51670932
0.52316537 215.60000000 0.52111259 0.53810595 0.51132987
0.51737368 184.40000000 0.52028877 0.53125512 0.49704801
0.52594100 215.60000000 0.52387282 0.54104718 0.51361987
0.52362834 215.60000000 0.52111259 0.53810595 0.51286833
0.52454996 215.60000000 0.52228949 0.53624351 0.51571617
0.52116334 184.40000000 0.51502933 0.52906449 0.51622233
0.52617220 240.60000000 0.54533658 0.51314378 0.51803245
0.52003931 159.40000000 0.52324522 0.53301498 0.50821071
0.52741701 240.60000000 0.54808456 0.51563038 0.51697982
0.52575553 240.60000000 0.54407076 0.51314378 0.51803245
0.52866355 240.60000000 0.55044586 0.51550484 0.51857008
0.52568789 159.40000000 0.53071039 0.53288527 0.51755656
0.53639382 340.60000000 0.54590004 0.51756963 0.54556800
0.52965102 259.40000000 0.54349035 0.52333626 0.52471981
0.53668794 340.60000000 0.54756717 0.51757862 0.54472767
0.53639382 340.60000000 0.54590004 0.51756963 0.54556800
0.53639641 340.60000000 0.54854562 0.51949319 0.54104410
0.52965548 259.40000000 0.54326473 0.52206353 0.52563824
0.52752577 290.60000000 0.54944130 0.50654336 0.52641508
0.53038731 309.40000000 0.55216975 0.51769307 0.52140268
0.52786823 290.60000000 0.54450217 0.51304224 0.52645775
0.52752577 290.60000000 0.54944130 0.50654336 0.52641508
0.52787179 290.60000000 0.54644144 0.51082778 0.52641015
0.52941643 309.40000000 0.54547059 0.51849871 0.52453890
0.52465969 190.60000000 0.52579887 0.52851641 0.51883433
0.53201868 209.40000000 0.52978749 0.53568784 0.53120339
0.52308349 190.60000000 0.52202528 0.52554546 0.52037279
0.52203362 190.60000000 0.51868922 0.52851641 0.51716767
0.52255993 190.60000000 0.51991470 0.53273916 0.51354850
0.52915698 209.40000000 0.52582289 0.53656040 0.52664071
0.51936476 178.10000000 0.51368763 0.52765378 0.51539059
0.53531176 346.80000000 0.54561937 0.51895086 0.53965380
0.51992656 178.10000000 0.51374510 0.53081928 0.51346751
0.51936476 178.10000000 0.51368763 0.52765378 0.51539059
0.51992028 178.10000000 0.51535746 0.52869301 0.51385507
0.53300628 346.80000000 0.54387681 0.51718974 0.53616985
0.53469482 278.10000000 0.55616732 0.53052135 0.52129432
0.52249926 246.90000000 0.53824511 0.51596498 0.51791578
0.53505454 278.10000000 0.55822918 0.52941024 0.52116762
0.53469482 278.10000000 0.55616732 0.53052135 0.52129432
0.53434285 278.10000000 0.55658133 0.53066695 0.51872030
0.52250091 246.90000000 0.53677512 0.51092373 0.52443532
0.53126066 328.10000000 0.55182486 0.51863962 0.52338789
0.52920077 196.90000000 0.52152197 0.53703505 0.52931691
0.53034510 328.10000000 0.55007051 0.51967408 0.52163425
0.53095578 328.10000000 0.55085399 0.51863962 0.52338789
0.53278134 328.10000000 0.55268736 0.51879536 0.52653398
0.52665493 196.90000000 0.51552731 0.53892547 0.52592708
0.52342373 228.10000000 0.54559696 0.51626761 0.51009327
0.52238261 296.90000000 0.54594555 0.50286342 0.51922252
0.52342182 228.10000000 0.54436063 0.51520540 0.51332535
0.52342373 228.10000000 0.54559696 0.51626761 0.51009327
0.51991688 228.10000000 0.54073031 0.51320443 0.50745026
0.52171035 296.90000000 0.54464185 0.49970971 0.52104505
0.53178789 203.10000000 0.52857162 0.54167036 0.52390114
0.53437703 271.90000000 0.55569937 0.52864089 0.51925841
0.52981503 203.10000000 0.52716843 0.53836255 0.52245187
0.52981744 203.10000000 0.52678591 0.53889259 0.52217700
0.53178789 203.10000000 0.52672806 0.54169330 0.52605086
0.53548133 271.90000000 0.55190509 0.53894938 0.51735863
0.52688032 303.10000000 0.54442898 0.51529132 0.52136353
0.52296682 171.90000000 0.52521671 0.53037851 0.51629633
0.52787150 303.10000000 0.54172584 0.51905133 0.52357104
0.52655029 303.10000000 0.54351155 0.51529132 0.52136353
0.52853591 303.10000000 0.54309794 0.51412374 0.52763696
0.51482728 171.90000000 0.51146869 0.53360641 0.50104811
0.53141203 253.10000000 0.53949083 0.52275836 0.52849913
0.52813787 221.90000000 0.53482142 0.53577365 0.51386201
0.53061996 253.10000000 0.54059508 0.52034312 0.52738655
0.53062152 253.10000000 0.53836724 0.52149254 0.52849913
0.53101522 253.10000000 0.54413745 0.51768084 0.52743648
0.52634218 221.90000000 0.53712445 0.52900496 0.51277153
0.52186572 153.10000000 0.53361346 0.52367311 0.51336387
0.53059248 321.80000000 0.55097814 0.51328764 0.52777080
0.52055853 153.10000000 0.53386091 0.52194897 0.51103829
0.52055853 153.10000000 0.53157264 0.52367311 0.51103829
0.52120788 153.10000000 0.53217958 0.52154545 0.51683968
0.52934734 321.80000000 0.55450103 0.51278699 0.52052994
0.51715961 154.70000000 0.52851272 0.53016415 0.49335026
0.53203149 279.70000000 0.55557799 0.51894719 0.52073522
0.51586510 154.70000000 0.52647191 0.52803649 0.49335026
0.51651445 154.70000000 0.52666087 0.53016415 0.49335026
0.52040637 154.70000000 0.53184111 0.52736450 0.50649693
0.53024066 279.70000000 0.55422215 0.52323246 0.51247018
0.53161649 254.70000000 0.54751210 0.52241182 0.52629372
0.51917753 179.70000000 0.51550978 0.53295062 0.51330131
0.53200865 254.70000000 0.54751210 0.52352293 0.52629372
0.53083218 254.70000000 0.54751210 0.51997279 0.52629372
0.53004477 254.70000000 0.54409516 0.51963913 0.52704671
0.51860956 179.70000000 0.51502944 0.53460406 0.50996705
0.52577330 304.70000000 0.54646466 0.51356764 0.51868570
0.52287830 229.70000000 0.54133587 0.51909515 0.50804263
0.52446074 304.70000000 0.54289557 0.51369655 0.51859594
0.52544543 304.70000000 0.54646466 0.51250381 0.51868570
0.52052416 304.70000000 0.54056432 0.50614868 0.51568766
0.52243972 229.70000000 0.53860149 0.52185465 0.50661588
0.53251554 204.70000000 0.53221123 0.53011072 0.53150779
0.52927512 329.70000000 0.54885212 0.51672808 0.52112365
0.53203013 204.70000000 0.53118531 0.52899661 0.53304625
0.53349354 204.70000000 0.53363980 0.53171706 0.53150779
0.53152798 204.70000000 0.52788381 0.53396795 0.52978079
0.52988947 329.70000000 0.55130207 0.51555326 0.52068011
0.52505601 229.70000000 0.53869847 0.52585313 0.51128904
0.52446398 304.70000000 0.54569211 0.51664602 0.51285319
0.52331308 229.70000000 0.53719206 0.52288480 0.50979650
0.52505601 229.70000000 0.53869847 0.52585313 0.51128904
0.52288210 229.70000000 0.53888995 0.52299740 0.50720958
0.52446182 304.70000000 0.54178435 0.51043908 0.52265102
0.53019066 329.70000000 0.54963203 0.51655430 0.52268098
0.53005978 204.70000000 0.52373300 0.53558284 0.52794690
0.52958644 329.70000000 0.54799257 0.51565483 0.52344055
0.53019066 329.70000000 0.54963203 0.51655430 0.52268098
0.53018974 329.70000000 0.55060844 0.51478456 0.52375847
0.53202056 204.70000000 0.52667085 0.53512615 0.53195427
0.53167307 279.70000000 0.55860835 0.51814631 0.51735706
0.51975283 154.70000000 0.53095175 0.52432813 0.50577406
0.53167051 279.70000000 0.55865269 0.51924521 0.51643037
0.53203021 279.70000000 0.55860835 0.51918798 0.51735706
0.53024066 279.70000000 0.55435230 0.51890027 0.51700833
0.52041056 154.70000000 0.53201816 0.52451664 0.51005475
0.52028243 179.70000000 0.51342745 0.54271782 0.50855023
0.52965107 254.70000000 0.54158573 0.51891688 0.52841395
0.52140286 179.70000000 0.51504742 0.54469283 0.50826650
0.52028243 179.70000000 0.51342745 0.54435717 0.50703813
0.51917132 179.70000000 0.51351225 0.53440459 0.51322102
0.53082754 254.70000000 0.54582560 0.51624881 0.53009175
0.52600928 192.20000000 0.52810969 0.54026644 0.51130215
0.52600928 192.20000000 0.52810969 0.54026644 0.51130215
0.52653012 192.20000000 0.52810969 0.54026644 0.51308786
0.52600389 192.20000000 0.52330644 0.53979454 0.51609045
0.52340782 192.20000000 0.52358058 0.53859000 0.50991326
0.52444948 192.20000000 0.52176240 0.53805456 0.51492478
0.52464468 292.20000000 0.53960160 0.51377638 0.52038400
0.52464468 292.20000000 0.53960160 0.51377638 0.52038400
0.52430221 292.20000000 0.53960160 0.51178391 0.52126895
0.52464468 292.20000000 0.53960160 0.51377638 0.52038400
0.52601220 292.20000000 0.53954601 0.51287087 0.52549165
0.52601220 292.20000000 0.53954601 0.51287087 0.52527771
0.53594360 342.20000000 0.54295635 0.52439978 0.54058691
0.53594360 342.20000000 0.54295635 0.52439978 0.54058691
0.53565035 342.20000000 0.54166327 0.52419808 0.54143373
0.53594360 342.20000000 0.54295635 0.52439978 0.54058691
0.53477060 342.20000000 0.54555191 0.52432177 0.53434100
0.53564694 342.20000000 0.54569802 0.52344557 0.53757512
0.52601775 242.20000000 0.53671213 0.52208509 0.51822403
0.52601775 242.20000000 0.53671213 0.52208509 0.51822403
0.52725402 242.20000000 0.54043126 0.51697910 0.52247541
0.52601775 242.20000000 0.53664035 0.52208509 0.51822403
0.52808217 242.20000000 0.54415597 0.51819861 0.52015245
0.52931844 242.20000000 0.54780332 0.51437467 0.52361483
0.52714878 217.20000000 0.52163937 0.54276214 0.52200298
0.52714878 217.20000000 0.52163937 0.54276214 0.52200298
0.52945504 217.20000000 0.52559405 0.54594319 0.52242281
0.52714878 217.20000000 0.52163937 0.54276214 0.52200298
0.52438803 217.20000000 0.51913774 0.53785795 0.52064870
0.52530969 217.20000000 0.52028849 0.54139695 0.51942919
0.52741206 317.20000000 0.55009681 0.51041998 0.52273546
0.52741206 317.20000000 0.55009681 0.51041998 0.52273546
0.52678313 317.20000000 0.55080942 0.50668984 0.52368784
0.52741206 317.20000000 0.55009681 0.51041998 0.52273546
0.52678313 317.20000000 0.54914443 0.50942988 0.52263931
0.52709759 317.20000000 0.55178012 0.50848649 0.52182249
0.52956286 267.20000000 0.54691882 0.53212905 0.51295101
0.52956286 267.20000000 0.54691882 0.53212905 0.51295101
0.53068646 267.20000000 0.54721536 0.53560220 0.51327206
0.52956286 267.20000000 0.54588789 0.53312905 0.51295101
0.52918414 267.20000000 0.54835271 0.52436161 0.51727508
0.53030773 267.20000000 0.54638435 0.53001887 0.51778734
0.52812589 167.20000000 0.52948638 0.54081887 0.51746673
0.52812589 167.20000000 0.52948638 0.54081887 0.51746673
0.52753065 167.20000000 0.52963275 0.54112395 0.51533907
0.52573781 167.20000000 0.52606132 0.53912395 0.51533907
0.52633661 167.20000000 0.52746402 0.53597011 0.51964064
0.52574137 167.20000000 0.52924973 0.53797011 0.51342261
0.52162647 173.40000000 0.52357364 0.53495830 0.51042699
0.53261283 335.90000000 0.55010872 0.51772287 0.52998266
0.52047704 173.40000000 0.52346603 0.53258131 0.50870285
0.52278254 173.40000000 0.52521299 0.53821353 0.50888853
0.51875291 173.40000000 0.52161286 0.53983767 0.49788158
0.53261905 335.90000000 0.54575280 0.52115909 0.53105053
0.53584664 273.40000000 0.55404378 0.52860728 0.52537791
0.52309052 235.90000000 0.53951986 0.51804108 0.51340765
0.53474773 273.40000000 0.55840025 0.52409058 0.52191084
0.53584664 273.40000000 0.55404378 0.52860728 0.52537791
0.53876768 273.40000000 0.55748544 0.53644613 0.52308399
0.52733682 235.90000000 0.54554573 0.52050068 0.51790550
0.53277816 323.40000000 0.55328187 0.51690108 0.53084037
0.52150538 185.90000000 0.51885365 0.52086363 0.52445706
0.53185128 323.40000000 0.55328187 0.51420642 0.53084037
0.53246856 323.40000000 0.55328187 0.51599199 0.53084037
0.53092249 323.40000000 0.55319156 0.51497516 0.52723861
0.52311828 185.90000000 0.52350572 0.51927631 0.52582692
0.52417721 223.40000000 0.53545467 0.52308105 0.51580395
0.52533922 285.90000000 0.54389528 0.51752837 0.51881093
0.52552250 223.40000000 0.53800337 0.52445091 0.51580395
0.52417521 223.40000000 0.53415597 0.52308105 0.51729648
0.52731022 223.40000000 0.53808671 0.52689421 0.51876820
0.52429150 285.90000000 0.54495911 0.51316444 0.51875370
0.52778210 248.40000000 0.54517267 0.51343037 0.52923931
0.53161804 260.90000000 0.55205008 0.51891142 0.52509754
0.52818694 248.40000000 0.54628378 0.51456674 0.52774713
0.52697726 248.40000000 0.54390685 0.51343037 0.52798931
0.52455791 248.40000000 0.54054829 0.51320239 0.52497026
0.53200560 260.90000000 0.54827735 0.52455860 0.52423266
0.53642838 348.40000000 0.54498697 0.52329555 0.54028145
0.52173913 160.90000000 0.53254944 0.53468181 0.50749360
0.53815252 348.40000000 0.55018131 0.52504291 0.53856165
0.53642838 348.40000000 0.54498697 0.52329555 0.54028145
0.53729292 348.40000000 0.54359333 0.52804237 0.53974225
0.52236025 160.90000000 0.52971124 0.53801011 0.50526552
0.52311171 298.40000000 0.54592719 0.50439491 0.52018258
0.53105619 210.90000000 0.52887985 0.54718036 0.51733617
0.52378510 298.40000000 0.54293208 0.50750952 0.52240126
0.52344616 298.40000000 0.54592719 0.50547018 0.52018258
0.52378398 298.40000000 0.54801075 0.50552561 0.51930781
0.53011058 210.90000000 0.52855829 0.54140404 0.51990703
0.52949596 198.40000000 0.52800911 0.54060501 0.52317520
0.52847319 310.90000000 0.54781213 0.51888086 0.52039710
0.52999848 198.40000000 0.52800911 0.53911247 0.52628823
0.52949850 198.40000000 0.52800911 0.53919655 0.52456409
0.53050353 198.40000000 0.52800911 0.54051309 0.52628823
0.52975832 310.90000000 0.54788479 0.51877788 0.52453070
0.52204301 185.90000000 0.52511783 0.51802773 0.52251004
0.52415468 248.40000000 0.53937182 0.51300008 0.52474084
0.52204301 185.90000000 0.52341666 0.52267630 0.51925607
0.52204301 185.90000000 0.52511783 0.51802773 0.52251004
0.52419355 185.90000000 0.52668033 0.52260277 0.52251004
0.52415468 248.40000000 0.54068493 0.51548780 0.52129316
0.52533922 285.90000000 0.54484647 0.51646454 0.51870213
0.53729210 348.40000000 0.54526269 0.52634667 0.53976326
0.52603730 285.90000000 0.54675123 0.51316444 0.52158055
0.52533922 285.90000000 0.54484647 0.51646454 0.51870213
0.52499080 285.90000000 0.54495911 0.51535343 0.51875370
0.53614350 348.40000000 0.54439756 0.52533769 0.53817196
0.53380597 335.90000000 0.54742973 0.51855615 0.53518793
0.52512963 298.40000000 0.54801250 0.50955058 0.51952114
0.53350835 335.90000000 0.54735778 0.51948207 0.53340589
0.53380597 335.90000000 0.54742973 0.51855615 0.53518793
0.53202470 335.90000000 0.54403917 0.51936427 0.53282897
0.52277839 298.40000000 0.54501564 0.50540501 0.51927349
0.52309412 235.90000000 0.54215128 0.51578788 0.51366374
0.52799096 198.40000000 0.52615886 0.54234195 0.51819920
0.52224847 235.90000000 0.54225004 0.51578788 0.51114821
0.52309412 235.90000000 0.54215128 0.51578788 0.51366374
0.52733502 235.90000000 0.54561336 0.51953486 0.51946800
0.53101112 198.50000000 0.52807907 0.54060501 0.52760067
0.53105845 210.90000000 0.52884232 0.54406442 0.52004822
0.51817819 173.40000000 0.52002556 0.53983767 0.49788158
0.52679531 210.90000000 0.52325083 0.54001874 0.51712477
0.53058452 210.90000000 0.52884232 0.54406442 0.51855568
0.53200406 210.90000000 0.52878522 0.54849877 0.51861964
0.52106505 173.40000000 0.51830504 0.54678385 0.50231525
0.52815164 310.90000000 0.54967646 0.51613650 0.52016261
0.53767012 273.40000000 0.55442195 0.53762261 0.52194763
0.52847215 310.90000000 0.55152496 0.51414245 0.52115976
0.52815164 310.90000000 0.54967646 0.51613650 0.52016261
0.52815061 310.90000000 0.55065837 0.51426669 0.52115060
0.53767145 273.40000000 0.55738654 0.53182327 0.52393484
0.53046861 260.90000000 0.55205008 0.51635288 0.52408883
0.53247238 323.40000000 0.55331920 0.51610285 0.53098649
0.52970085 260.90000000 0.54979415 0.51508137 0.52521242
0.53046861 260.90000000 0.55205008 0.51635288 0.52408883
0.53008547 260.90000000 0.54610446 0.52243357 0.52332765
0.53277720 323.40000000 0.55405363 0.51424971 0.53266995
0.52298137 160.90000000 0.53254944 0.53637673 0.50905610
0.52730221 223.40000000 0.53657505 0.52709111 0.52034688
0.52422360 160.90000000 0.53596849 0.53637673 0.50905610
0.52111801 160.90000000 0.53069759 0.53471006 0.50655610
0.52049689 160.90000000 0.52463356 0.53963426 0.50349194
0.52462564 223.40000000 0.53545467 0.52316886 0.51729648
0.51580666 157.80000000 0.51900802 0.52660362 0.50404573
0.53239581 251.50000000 0.54165697 0.52717785 0.52835339
0.51580666 157.80000000 0.51718983 0.52460362 0.50783974
0.51580666 157.80000000 0.51900802 0.52660362 0.50404573
0.51961219 157.80000000 0.52313260 0.53094165 0.50730613
0.53199899 251.50000000 0.54498729 0.52095645 0.52961726
0.53101378 257.80000000 0.54771862 0.51773044 0.53099588
0.51882189 151.50000000 0.52485748 0.53382425 0.49818136
0.52946641 257.80000000 0.54660868 0.51533215 0.52949860
0.53101378 257.80000000 0.54771862 0.51773044 0.53099588
0.53024010 257.80000000 0.54542435 0.51988607 0.52996117
0.52213750 151.50000000 0.52489360 0.52992260 0.51376058
0.52632514 307.80000000 0.54580986 0.51737766 0.51647285
0.52904044 201.50000000 0.53320158 0.52709314 0.52982346
0.52632514 307.80000000 0.54580986 0.51737766 0.51647285
0.52632514 307.80000000 0.54580986 0.51737766 0.51647285
0.52632408 307.80000000 0.54674840 0.51648450 0.51582562
0.53102557 201.50000000 0.53009088 0.53561168 0.53158989
0.52890422 207.80000000 0.52315120 0.53839715 0.52408576
0.52470573 301.50000000 0.53957888 0.51313340 0.52171244
0.52986576 207.80000000 0.52599575 0.53839715 0.52408576
0.52890422 207.80000000 0.52315120 0.53839715 0.52408576
0.52842577 207.80000000 0.52190811 0.54009988 0.52236163
0.52636356 301.50000000 0.53777774 0.51622734 0.52622429
0.52107444 232.80000000 0.53957174 0.51217646 0.51038354
0.53048067 326.50000000 0.54971074 0.51329507 0.52980633
0.52106704 232.80000000 0.54189596 0.51217452 0.50824042
0.52150548 232.80000000 0.53957174 0.51347516 0.51038354
0.52407873 232.80000000 0.53804153 0.51846408 0.51467328
0.53078272 326.50000000 0.55094014 0.51346564 0.52943445
0.53091646 332.80000000 0.54922888 0.51431952 0.52749387
0.52846868 226.50000000 0.54504640 0.52682649 0.51790819
0.53121766 332.80000000 0.55260458 0.51538784 0.52345699
0.53091646 332.80000000 0.54922888 0.51431952 0.52749387
0.53212037 332.80000000 0.55019974 0.51700185 0.52680320
0.52801645 226.50000000 0.54387602 0.52847641 0.51554489
0.52512342 282.80000000 0.54653709 0.51242662 0.51611447
0.52128274 176.50000000 0.51377725 0.54515189 0.50407048
0.52441796 282.80000000 0.54252187 0.51243830 0.51806516
0.52512342 282.80000000 0.54653709 0.51242662 0.51611447
0.52618224 282.80000000 0.54445540 0.51656866 0.51723910
0.51901965 176.50000000 0.51232955 0.53102786 0.51222107
0.51645349 182.80000000 0.51432655 0.53188977 0.50647191
0.53344321 276.50000000 0.55488841 0.52278246 0.52330531
0.51535759 182.80000000 0.51278966 0.53212641 0.50477700
0.51699994 182.80000000 0.51432655 0.52960313 0.50968198
0.51863928 182.80000000 0.51828298 0.53270885 0.50803096
0.53236802 276.50000000 0.55086246 0.52822976 0.52007255
0.52487441 195.30000000 0.51886538 0.53695953 0.51715598
0.52500000 164.00000000 0.52260975 0.54069680 0.51027091
0.52538462 195.30000000 0.52322032 0.53695953 0.51419286
0.52487441 195.30000000 0.52338822 0.53555681 0.51387729
0.52639456 195.30000000 0.52013978 0.54417818 0.51356539
0.52560976 164.00000000 0.52811636 0.54123651 0.50626946
0.52487403 295.30000000 0.54482812 0.50681346 0.52512418
0.53219697 264.00000000 0.55073270 0.52424489 0.52041374
0.52521186 295.30000000 0.54786876 0.50369877 0.52582696
0.52453504 295.30000000 0.54482812 0.50681346 0.52423133
0.52724691 295.30000000 0.54493109 0.50994944 0.52931375
0.53181818 264.00000000 0.54742893 0.52111909 0.52519124
0.53604842 345.30000000 0.54727720 0.52124454 0.53713179
0.52770701 314.00000000 0.55455399 0.51208281 0.51795546
0.53547122 345.30000000 0.54635977 0.52125020 0.53633220
0.53604842 345.30000000 0.54727720 0.52124454 0.53713179
0.53518053 345.30000000 0.54548344 0.52119191 0.53634632
0.52579618 314.00000000 0.55261463 0.50907575 0.51718903
0.52301477 245.30000000 0.54076958 0.50890929 0.52260261
0.52990654 214.00000000 0.52478166 0.54884485 0.51632287
0.52301477 245.30000000 0.53948753 0.50890929 0.52365525
0.52260660 245.30000000 0.53953501 0.50890929 0.52260261
0.52301477 245.30000000 0.54325886 0.51251114 0.51744512
0.52757009 214.00000000 0.51546160 0.54249260 0.52419979
0.53062114 220.30000000 0.53546729 0.53552964 0.51806138
0.52761506 239.00000000 0.54984690 0.52149758 0.51255015
0.52562526 220.30000000 0.53004245 0.53009688 0.51390554
0.53153023 220.30000000 0.53683715 0.53552964 0.51953197
0.53107158 220.30000000 0.53691046 0.53449426 0.51932720
0.52803347 239.00000000 0.55230648 0.52171686 0.51174248
0.52795366 320.30000000 0.55062757 0.51071636 0.52268849
0.53333333 339.00000000 0.54557578 0.51489790 0.53779801
0.52826616 320.30000000 0.55156423 0.50970817 0.52345394
0.52826616 320.30000000 0.55062757 0.51162545 0.52268849
0.52795463 320.30000000 0.55063161 0.51634402 0.51731609
0.53333333 339.00000000 0.54545151 0.51826747 0.53464530
0.53680333 270.30000000 0.55629501 0.53166909 0.52260472
0.52525952 289.00000000 0.54527121 0.50662658 0.52570428
0.53754408 270.30000000 0.55847304 0.53159325 0.52270368
0.53680333 270.30000000 0.55629501 0.53166909 0.52260472
0.53643570 270.30000000 0.55413298 0.53630688 0.51969989
0.52698962 289.00000000 0.54636446 0.51307912 0.52365357
0.51910561 170.30000000 0.51585984 0.53364371 0.50651585
0.52116402 189.00000000 0.51681518 0.52961375 0.51691666
0.51969040 170.30000000 0.51752651 0.53364371 0.50651585
0.51969384 170.30000000 0.51585984 0.53364371 0.50873807
0.51967320 170.30000000 0.51398778 0.54154321 0.50256818
0.52222222 189.00000000 0.52260359 0.53012588 0.51393398
0.52378049 164.00000000 0.52262024 0.54630157 0.50051756
0.52307521 307.80000000 0.54085853 0.51427386 0.51390207
0.52256098 164.00000000 0.52076839 0.54444972 0.50051756
0.52195122 164.00000000 0.52262024 0.54630157 0.49373071
0.52621951 164.00000000 0.52802650 0.54091445 0.50818758
0.52599941 307.80000000 0.54679089 0.51751835 0.51396648
0.53181818 264.00000000 0.55049423 0.52710034 0.51706982
0.52842113 207.80000000 0.52143032 0.53830238 0.52438783
0.53181818 264.00000000 0.54944160 0.52710034 0.51827464
0.53181818 264.00000000 0.55049423 0.52710034 0.51706982
0.53333333 264.00000000 0.54956283 0.52899279 0.52022967
0.52698346 207.80000000 0.52176159 0.53717877 0.52102829
0.52579618 314.00000000 0.55165309 0.51115931 0.51639190
0.51770943 157.80000000 0.51951460 0.53332260 0.50292518
0.52515924 314.00000000 0.55016598 0.51090197 0.51631923
0.52611465 314.00000000 0.55165309 0.51115931 0.51730933
0.52675159 314.00000000 0.55466319 0.51206358 0.51529564
0.51707651 157.80000000 0.51946256 0.52864403 0.50498055
0.52803738 214.00000000 0.51546160 0.54249260 0.52567038
0.52791603 257.80000000 0.54303799 0.51958432 0.52507149
0.52803738 214.00000000 0.51569755 0.54425378 0.52433705
0.52897196 214.00000000 0.51835141 0.54407990 0.52419979
0.53037383 214.00000000 0.52231308 0.54412399 0.52406254
0.52869424 257.80000000 0.54181228 0.51849604 0.52960356
0.52635983 239.00000000 0.55018705 0.51856840 0.51197669
0.52476380 282.80000000 0.54219686 0.51786490 0.51421948
0.52677824 239.00000000 0.54999322 0.51993826 0.51197669
0.52677824 239.00000000 0.55018705 0.51993826 0.51197669
0.52761506 239.00000000 0.55631914 0.51527250 0.51256210
0.52724482 282.80000000 0.54663978 0.51445912 0.52039623
0.53303835 339.00000000 0.54463457 0.51589689 0.53692947
0.51809284 182.80000000 0.51602147 0.53573734 0.50647191
0.53392330 339.00000000 0.54463457 0.51682281 0.53878196
0.53303835 339.00000000 0.54463457 0.51589689 0.53692947
0.53274336 339.00000000 0.54566918 0.51471650 0.53632621
0.51589503 182.80000000 0.51541810 0.53076732 0.50494062
0.52525952 289.00000000 0.54323224 0.51101167 0.52418946
0.52407503 232.80000000 0.53919142 0.51867764 0.51364999
0.52525952 289.00000000 0.54323224 0.51101167 0.52418946
0.52525952 289.00000000 0.54323224 0.51101167 0.52418946
0.52525952 289.00000000 0.54419378 0.50993640 0.52408717
0.52579177 232.80000000 0.54039624 0.51986812 0.51617060
0.51904762 189.00000000 0.51992479 0.52694406 0.51094291
0.53001737 332.80000000 0.54492559 0.51337833 0.52962266
0.52433862 189.00000000 0.52416765 0.53361073 0.51586650
0.51798942 189.00000000 0.51992479 0.52542891 0.50933001
0.52010582 189.00000000 0.51992479 0.53012588 0.51094291
0.52911285 332.80000000 0.54476024 0.51211686 0.52745353
0.52127311 176.50000000 0.51558532 0.53259472 0.51414415
0.53243521 220.30000000 0.53703033 0.53743607 0.52079779
0.52127311 176.50000000 0.51555610 0.53256339 0.51414415
0.52127311 176.50000000 0.51558532 0.53259472 0.51414415
0.52071456 176.50000000 0.51030540 0.53810185 0.51273570
0.53016454 220.30000000 0.53855810 0.52968040 0.51936922
0.53273034 276.50000000 0.55186493 0.52814958 0.51945943
0.52858061 320.30000000 0.55054449 0.51634402 0.51917955
0.53417438 276.50000000 0.55195981 0.53291711 0.51936053
0.53273034 276.50000000 0.55186493 0.52705068 0.52062222
0.53127714 276.50000000 0.55091415 0.52793454 0.51626183
0.52795171 320.30000000 0.54981783 0.51239773 0.52204361
0.52986905 326.50000000 0.54873986 0.51233354 0.52980633
0.53495422 270.30000000 0.55283542 0.53052368 0.52129263
0.52955854 326.50000000 0.54725851 0.51220315 0.53052213
0.52986905 326.50000000 0.54873986 0.51233354 0.52980633
0.53017204 326.50000000 0.55157299 0.51329273 0.52689110
0.53569906 270.30000000 0.55105006 0.53956673 0.51760753
0.52847062 226.50000000 0.54477019 0.52682649 0.51790819
0.52320605 170.30000000 0.52092845 0.53592054 0.51233006
0.52890726 226.50000000 0.54489659 0.52675533 0.51911120
0.52847062 226.50000000 0.54467861 0.52682649 0.51790819
0.52581186 226.50000000 0.54245721 0.52453122 0.51409600
0.52026144 170.30000000 0.51740883 0.54117395 0.50067535
0.52903798 201.50000000 0.52504606 0.53409653 0.53113167
0.52639456 195.30000000 0.51860132 0.54287634 0.51701747
0.53002561 201.50000000 0.52790031 0.53703518 0.52836921
0.53003547 201.50000000 0.52686425 0.53494239 0.53113167
0.52953795 201.50000000 0.52504606 0.53399877 0.53301846
0.52844322 195.30000000 0.52004333 0.54458465 0.52038096
0.52702691 301.50000000 0.53777774 0.51717972 0.52727933
0.52690678 295.30000000 0.54391068 0.51200121 0.52736826
0.52636356 301.50000000 0.53845073 0.51328109 0.52826031
0.52735913 301.50000000 0.53777774 0.51825499 0.52727933
0.52603133 301.50000000 0.53777774 0.51528394 0.52622429
0.52555314 295.30000000 0.54574946 0.50584589 0.52728072
0.53001170 251.50000000 0.54020651 0.52560005 0.52361888
0.53575857 345.30000000 0.54985529 0.52183677 0.53315191
0.53001486 251.50000000 0.54101357 0.52567850 0.52255034
0.52961487 251.50000000 0.54020651 0.52457965 0.52361888
0.53160058 251.50000000 0.54275722 0.52345645 0.52791334
0.53633828 345.30000000 0.54495224 0.52295874 0.53893599
0.52410247 151.50000000 0.52718306 0.53550756 0.51110467
0.52464410 245.30000000 0.54458259 0.51105716 0.52216437
0.52278233 151.50000000 0.52718306 0.53588083 0.50677886
0.52608923 151.50000000 0.53110614 0.53550756 0.51299147
0.52147090 151.50000000 0.52485866 0.52553487 0.51619961
0.52097395 245.30000000 0.53830285 0.50752279 0.52086868
