0.00000000 150.00000000
0.00000000 150.00000000
0.00000000 150.00000000
0.00000000 150.00000000
0.00000000 150.00000000
0.00000000 150.00000000
0.00000000 150.00000000
0.00000000 150.00000000
0.00000000 150.00000000
0.00000000 150.00000000
0.88275094 345.20000000
0.88275094 345.20000000
0.88275094 345.20000000
0.88275094 345.20000000
0.88275094 345.20000000
0.88275094 345.20000000
0.88275094 345.20000000
0.88275094 345.20000000
0.88275094 345.20000000
0.88275094 345.20000000
0.56779310 637.40000000
0.56779310 637.40000000
0.56923618 637.40000000
0.56779310 637.40000000
0.98290709 358.20000000
0.98473132 358.60000000
0.98290709 358.20000000
0.98579022 359.00000000
0.57023574 639.00000000
0.98473132 358.60000000
0.98559752 160.30000000
0.98559752 160.30000000
0.98478649 161.00000000
0.98888870 167.10000000
0.56413677 290.30000000
0.56531188 286.10000000
0.56413677 290.30000000
0.56531188 286.10000000
0.98478649 161.00000000
0.56531188 286.10000000
0.99631126 186.60000000
0.99631126 186.60000000
0.99938272 183.70000000
0.99813665 184.90000000
0.99631126 186.60000000
0.99816695 186.70000000
0.99813665 184.90000000
0.99938272 183.70000000
0.99814427 187.20000000
0.99816695 186.70000000
0.75263292 630.00000000
0.75891452 631.50000000
0.74963348 629.20000000
0.77209531 622.30000000
0.75263292 630.00000000
0.77199668 624.40000000
0.77209531 622.30000000
0.74647430 639.20000000
0.76834157 623.90000000
0.76834157 623.90000000
0.94653622 358.10000000
0.94653622 358.10000000
0.94683463 359.70000000
0.95779258 356.80000000
0.35237417 622.90000000
0.33343019 631.50000000
0.32826265 630.90000000
0.34259819 621.30000000
0.95183842 357.50000000
0.33343019 631.50000000
0.32802202 228.90000000
0.32802202 228.90000000
0.29279367 235.10000000
0.29630400 232.70000000
0.93399100 132.40000000
0.95430970 131.80000000
0.95444148 133.90000000
0.94601015 130.50000000
0.28576835 234.50000000
0.95430970 131.80000000
0.80721109 203.10000000
0.81654926 418.50000000
0.80721109 203.10000000
0.82552467 202.00000000
1.00000000 113.90000000
1.00000000 114.00000000
1.00000000 234.00000000
0.99908883 232.90000000
0.83214027 408.40000000
1.00000000 234.00000000
0.99961089 275.50000000
0.99857143 73.10000000
0.99961089 275.50000000
0.99922775 274.20000000
0.82613814 480.30000000
0.82863096 476.80000000
0.82718375 132.60000000
0.80904673 133.00000000
1.00000000 75.30000000
0.82718375 132.60000000
0.46599244 810.70000000
0.44390159 359.20000000
0.45377507 816.10000000
0.44995680 821.50000000
0.46599244 810.70000000
0.45280399 823.20000000
0.46008687 355.60000000
0.45891002 356.30000000
0.46296169 354.50000000
0.47044096 351.30000000
0.96769169 257.00000000
0.96752389 417.90000000
0.95797899 258.00000000
0.96743105 259.00000000
0.96769169 257.00000000
0.97406867 254.90000000
0.97042454 411.90000000
0.96966340 413.20000000
0.97442955 413.40000000
0.97442955 413.40000000
0.92279449 232.40000000
0.91507204 533.20000000
0.91717329 237.40000000
0.90694425 235.60000000
0.16435899 405.90000000
0.17534973 405.60000000
0.17391182 935.00000000
0.17408938 930.00000000
0.92038550 534.70000000
0.17242819 933.80000000
0.16643415 827.90000000
0.18086863 511.70000000
0.18221095 826.50000000
0.17632063 826.40000000
0.91993945 478.80000000
0.92026387 473.50000000
0.90385864 298.20000000
0.90921352 294.80000000
0.17366490 512.30000000
0.92214678 292.30000000
0.99449450 263.30000000
0.98956842 130.00000000
0.99403847 264.70000000
0.99271116 267.60000000
0.99449450 263.30000000
0.99267975 265.60000000
0.99162144 129.50000000
0.98975017 131.90000000
0.99336910 129.00000000
0.99336910 129.00000000
0.65727307 148.80000000
0.68442854 549.70000000
0.66693039 148.70000000
0.65557898 155.20000000
0.65727307 148.80000000
0.67832962 148.90000000
0.69311689 549.60000000
0.68021298 545.60000000
0.68714029 555.90000000
0.68714029 555.90000000
0.96659157 112.90000000
0.95692853 196.10000000
0.95786439 114.40000000
0.96432140 114.40000000
0.99871795 91.70000000
0.99608333 92.50000000
0.99851844 157.70000000
0.99696211 157.50000000
0.95812065 197.10000000
0.99852397 157.90000000
0.42264634 576.40000000
0.40320292 721.40000000
0.41079235 579.40000000
0.39930716 582.40000000
0.71778380 472.10000000
0.72689878 470.50000000
0.71852951 588.90000000
0.71159895 592.30000000
0.40454205 720.60000000
0.70367239 596.20000000
0.99967638 334.00000000
1.00000000 230.30000000
0.99934210 334.50000000
0.99966667 334.50000000
0.25366733 831.10000000
0.26749291 824.30000000
0.25744255 570.80000000
0.27189393 572.60000000
1.00000000 230.00000000
0.25744255 570.80000000
0.77804547 300.90000000
0.77798263 116.80000000
0.77804547 300.90000000
0.80988940 295.70000000
0.93276582 246.80000000
0.94256984 236.80000000
0.91943367 94.10000000
0.93433931 93.30000000
0.78097222 116.10000000
0.91943367 94.10000000
0.64732306 423.60000000
0.60646503 221.10000000
0.62145579 420.80000000
0.63213127 426.80000000
0.53435483 456.80000000
0.53025866 453.40000000
0.51316240 231.30000000
0.49771194 234.80000000
0.59874702 221.50000000
0.49588763 233.40000000
0.95104027 467.60000000
0.99190711 308.90000000
0.94758912 467.93333333
0.95952522 461.20000000
0.93976474 498.06666667
0.94992277 490.66666667
0.97809015 334.00000000
0.98144729 329.00000000
0.99114396 308.20000000
0.97767802 328.00000000
0.09398364 772.70000000
0.08211374 939.70000000
0.09045130 771.00000000
0.08900072 773.00000000
1.00000000 275.60000000
1.00000000 275.00000000
1.00000000 333.10000000
1.00000000 333.30000000
0.09561353 937.10000000
1.00000000 331.30000000
0.89087482 195.20000000
0.90464362 284.90000000
0.89226375 198.60000000
0.88811474 195.30000000
0.83266798 214.10000000
0.86776795 207.00000000
0.85382320 306.40000000
0.86215891 308.90000000
0.91078076 288.40000000
0.85649390 311.90000000
0.99586533 113.80000000
0.99735731 353.70000000
0.99481048 112.90000000
0.99269601 116.30000000
0.39132259 245.70000000
0.40176279 247.60000000
0.40069250 773.60000000
0.40411709 772.90000000
0.99603792 359.90000000
0.41071730 768.20000000
0.71267835 516.80000000
0.71232473 319.30000000
0.72542042 515.90000000
0.72298116 516.90000000
0.95682039 354.90000000
0.96524022 359.80000000
0.96426016 223.50000000
0.96415418 223.30000000
0.74001210 310.50000000
0.95759965 221.80000000
0.93750380 502.70000000
0.93733508 123.00000000
0.93750380 502.70000000
0.93428093 500.00000000
0.99938365 353.70000000
0.99906638 356.20000000
0.99871795 86.80000000
0.99871795 86.20000000
0.94472258 120.00000000
0.99871795 86.80000000
0.25208174 468.80000000
0.26995479 618.80000000
0.27119383 463.10000000
0.25756664 466.60000000
0.78968777 337.40000000
0.80416257 331.30000000
0.79789065 436.00000000
0.80151831 437.20000000
0.25799504 621.60000000
0.79789065 436.00000000
0.53855203 316.50000000
0.51171872 638.80000000
0.55111755 317.70000000
0.52573165 325.50000000
0.99406138 174.10000000
0.98959148 171.90000000
0.98984924 331.50000000
0.99129704 334.40000000
0.52247709 636.00000000
0.99510956 334.30000000
0.97679005 384.80000000
0.98450866 156.70000000
0.97683134 386.40000000
0.97959132 384.30000000
0.64851843 624.40000000
0.63218342 638.80000000
0.62402037 256.00000000
0.61958192 258.80000000
0.97757550 157.70000000
0.62474137 261.10000000
0.84861287 377.90000000
0.84903616 346.70000000
0.86470979 370.80000000
0.84330185 386.30000000
0.08072454 613.00000000
0.09066888 608.10000000
0.08661202 552.40000000
0.08600623 556.50000000
0.85568055 345.20000000
0.09022324 555.70000000
1.00000000 61.70000000
1.00000000 354.60000000
1.00000000 61.50000000
1.00000000 61.50000000
0.89880233 98.00000000
0.89781864 99.70000000
0.87666861 591.86666667
0.91838325 545.46666667
0.95919438 401.80000000
0.86635889 597.00000000
0.90784531 106.20000000
0.89227108 156.00000000
0.90418235 107.00000000
0.91290462 107.30000000
0.96600725 90.30000000
0.98275199 89.90000000
0.96641482 132.50000000
0.97070306 130.20000000
0.90764037 156.30000000
0.96113697 134.90000000
0.14672291 610.60000000
0.14554175 689.70000000
0.13574052 612.40000000
0.14725856 610.10000000
0.43506317 537.70000000
0.42479103 540.30000000
0.43885241 607.80000000
0.43191937 607.70000000
0.13475726 695.10000000
0.44027319 608.80000000
0.99135041 363.90000000
0.99054393 390.90000000
0.98825107 361.60000000
0.99203361 358.80000000
0.81665478 547.60000000
0.82240829 547.10000000
0.81586238 600.10000000
0.81859866 600.90000000
0.99145315 397.90000000
0.80775484 599.60000000
0.64622903 306.70000000
0.66210456 362.90000000
0.67610980 300.10000000
0.64449819 306.80000000
1.00000000 150.70000000
1.00000000 149.80000000
1.00000000 181.10000000
0.99940476 180.10000000
0.66181112 363.00000000
0.99940120 180.00000000
0.80781147 335.30000000
0.81109474 248.20000000
0.80291919 339.00000000
0.81230379 340.50000000
0.66639697 384.00000000
0.65245342 385.50000000
0.63844800 286.40000000
0.65622170 285.30000000
0.77511526 252.90000000
0.63344832 288.60000000
0.99908350 353.00000000
1.00000000 303.10000000
0.99938555 354.20000000
0.99878140 352.80000000
0.99142572 407.30000000
0.99142403 411.30000000
0.99105874 346.00000000
0.99285909 347.00000000
0.99857513 304.00000000
0.99033893 351.50000000
0.45792374 623.50000000
0.45041784 506.90000000
0.45467041 626.50000000
0.44711629 628.10000000
0.90921816 419.60000000
0.91219629 411.60000000
0.91128508 336.20000000
0.90602563 334.70000000
0.42673961 518.50000000
0.89759568 341.20000000
0.96854732 143.10000000
0.95236931 76.50000000
0.96532969 144.10000000
0.95916760 146.30000000
0.14436235 289.30000000
0.13612999 289.50000000
0.13526095 156.50000000
0.13413134 155.10000000
0.95264492 76.90000000
0.13160589 156.80000000
1.00000000 122.00000000
1.00000000 265.80000000
1.00000000 122.60000000
1.00000000 122.00000000
0.74689240 241.20000000
0.75486419 245.20000000
0.73779879 532.00000000
0.73740863 525.80000000
1.00000000 265.50000000
0.74171897 531.70000000
0.86731028 471.50000000
0.85499086 201.30000000
0.86592523 481.90000000
0.86817174 485.30000000
0.99669734 316.60000000
0.99665562 312.10000000
0.99819805 128.70000000
0.99821429 128.70000000
0.85370933 200.80000000
0.99909091 128.40000000
0.85250485 537.40000000
0.98117711 242.60000000
0.85273362 537.20000000
0.98377711 442.86666667
0.82223159 599.00000000
0.94699230 508.80000000
0.94207620 288.10000000
0.94012978 286.80000000
0.98009424 247.90000000
0.94532342 285.20000000
0.55899212 455.20000000
0.54444463 781.50000000
0.55229137 459.30000000
0.55250843 457.50000000
0.29600051 526.90000000
0.30634314 525.60000000
0.29442789 884.80000000
0.28444185 898.50000000
0.55444998 777.70000000
0.30089595 890.50000000
0.30455331 422.10000000
0.31151847 794.70000000
0.29484206 422.80000000
0.30979525 421.70000000
0.98038657 214.50000000
0.98162008 208.10000000
0.98351807 396.60000000
0.98160854 398.50000000
0.29480432 800.20000000
0.98424663 392.90000000
0.94969175 467.60000000
0.94152242 227.90000000
0.94999478 465.90000000
0.94948460 467.70000000
0.56599808 724.00000000
0.53509511 732.40000000
0.56697593 342.80000000
0.56615559 344.40000000
0.93325760 233.30000000
0.57428501 348.40000000
0.73411977 476.30000000
0.73077166 151.00000000
0.75201369 470.40000000
0.74852410 475.90000000
0.86319292 413.00000000
0.86552563 415.00000000
0.86455068 127.80000000
0.84275375 134.90000000
0.74177233 150.40000000
0.87089430 130.10000000
0.99757567 97.80000000
1.00000000 256.30000000
1.00000000 96.80000000
0.99755952 97.50000000
1.00000000 84.50000000
1.00000000 84.00000000
1.00000000 226.60000000
1.00000000 226.90000000
0.99641805 257.30000000
1.00000000 226.70000000
0.36689325 191.50000000
0.36268365 460.80000000
0.36281719 191.10000000
0.36423919 189.70000000
0.82910014 137.20000000
0.84884323 135.70000000
0.84517173 323.70000000
0.82715046 320.50000000
0.39235922 451.40000000
0.83972205 327.80000000
0.96012085 330.70000000
0.95965063 479.50000000
0.95491215 332.40000000
0.95358496 331.00000000
1.00000000 232.60000000
1.00000000 234.30000000
0.99969512 342.10000000
1.00000000 342.10000000
0.95929851 481.90000000
0.99969231 340.70000000
0.77223447 587.40000000
0.78475986 486.40000000
0.77378982 596.90000000
0.77059858 591.40000000
0.97355736 412.50000000
0.97925613 408.50000000
0.97655142 341.40000000
0.97607224 346.40000000
0.76496636 498.90000000
0.97376037 346.70000000
0.99796321 168.90000000
0.99707786 115.60000000
0.99865306 167.30000000
0.99802103 167.50000000
0.51223487 358.30000000
0.48279361 360.90000000
0.49819013 246.80000000
0.47914317 247.30000000
1.00000000 114.70000000
0.46667185 250.90000000
0.99299566 237.80000000
0.98145091 84.20000000
0.98822388 239.90000000
0.98766646 240.90000000
0.92682623 298.00000000
0.93557663 295.00000000
0.91334957 106.00000000
0.92493064 103.20000000
0.98434642 83.30000000
0.90923852 104.20000000
0.62435825 743.90000000
0.60304190 479.60000000
0.60454034 755.90000000
0.61792513 753.10000000
0.21377191 920.80000000
0.22548967 915.00000000
0.22575440 593.00000000
0.22083834 591.80000000
0.63024778 476.50000000
0.21874001 590.60000000
0.89854586 443.10000000
0.88328953 500.30000000
0.88956812 446.50000000
0.88765661 449.20000000
0.69383987 554.60000000
0.69785354 551.60000000
0.69557889 611.70000000
0.70311057 618.60000000
0.89495724 493.70000000
0.69720506 607.70000000
0.04499387 327.10000000
0.05099703 410.20000000
0.04146237 327.70000000
0.04778105 327.70000000
0.99373573 133.90000000
0.99639640 132.30000000
0.99782019 169.20000000
0.99565134 166.30000000
0.04179371 411.10000000
0.99710008 164.30000000
0.66962065 198.10000000
0.68989118 732.80000000
0.68161702 195.00000000
0.68993390 198.80000000
0.89992165 157.40000000
0.87947111 161.70000000
0.83867797 623.26666667
0.85002150 621.46666667
0.67025275 747.06666667
0.83980144 622.26666667
0.99671186 293.70000000
0.99591834 234.90000000
0.99174019 292.90000000
0.99423894 296.10000000
0.03928417 717.50000000
0.04742887 715.50000000
0.03990228 576.70000000
0.04244483 578.20000000
0.99595126 239.10000000
0.04445258 576.70000000
0.22171202 879.60000000
0.22316604 329.20000000
0.21940769 879.80000000
0.21291042 878.50000000
0.60138703 717.10000000
0.62013840 715.90000000
0.62175645 269.80000000
0.58946670 275.70000000
0.22646330 334.20000000
0.59695961 275.00000000
0.91184159 274.70000000
0.91709467 434.30000000
0.91922463 272.70000000
0.91423805 270.50000000
0.98569687 213.00000000
0.99104181 214.40000000
0.98705597 345.60000000
0.98594779 348.60000000
0.91273263 443.10000000
0.98778137 348.80000000
0.97605573 177.90000000
0.97681042 325.20000000
0.97302026 179.60000000
0.97610354 183.90000000
0.75747151 260.70000000
0.78414882 250.30000000
0.77546923 458.50000000
0.77795813 463.70000000
0.97863138 314.90000000
0.78928965 457.70000000
0.49386869 682.30000000
0.46736638 205.70000000
0.49754627 686.90000000
0.50678320 678.20000000
0.99891956 310.00000000
0.99714529 313.80000000
0.99761905 93.40000000
1.00000000 93.10000000
0.48737931 202.40000000
1.00000000 92.70000000
1.00000000 216.10000000
1.00000000 164.80000000
1.00000000 215.30000000
0.99950980 214.30000000
0.94517665 306.10000000
0.94347442 305.40000000
0.95427987 236.90000000
0.95550423 237.40000000
1.00000000 164.30000000
0.95826649 231.10000000
0.84559836 98.60000000
0.84174426 568.70000000
0.81817084 105.70000000
0.84932574 101.10000000
0.39881999 139.40000000
0.36964271 140.90000000
0.37707736 790.60000000
0.35823079 799.70000000
0.84257480 564.80000000
0.36826516 802.10000000
0.99479734 67.10000000
0.99592481 292.30000000
0.99649015 67.00000000
0.99827586 68.20000000
0.52096604 134.20000000
0.51778703 137.80000000
0.50297998 588.60000000
0.51291970 590.00000000
0.99589133 292.40000000
0.51460139 584.50000000
0.71161761 432.60000000
0.69845225 201.10000000
0.71671681 428.00000000
0.70946122 432.90000000
0.97494693 282.90000000
0.97539281 281.00000000
0.98424656 125.10000000
0.97883089 130.50000000
0.69749803 201.90000000
0.97888859 130.30000000
0.93183058 443.70000000
0.92327403 267.60000000
0.93602539 438.90000000
0.93619236 441.40000000
1.00000000 294.30000000
1.00000000 292.80000000
1.00000000 175.80000000
1.00000000 175.90000000
0.92260045 269.30000000
1.00000000 176.40000000
0.23517380 361.60000000
0.23681314 879.00000000
0.23166549 365.00000000
0.25591326 359.40000000
0.86263170 241.20000000
0.81813729 247.40000000
0.85450105 579.30000000
0.84741350 583.00000000
0.23626715 879.90000000
0.84385154 582.60000000
0.50624837 407.70000000
0.50498867 682.70000000
0.50801300 407.80000000
0.50656351 411.70000000
0.99114666 204.90000000
0.99473083 203.80000000
0.99645632 340.00000000
0.99362896 331.50000000
0.51519440 680.80000000
0.99399134 338.50000000
0.97616624 436.80000000
0.97265936 180.00000000
0.97642413 433.80000000
0.97088657 443.20000000
0.71074129 670.90000000
0.69225173 680.60000000
0.70862124 275.10000000
0.68652472 288.40000000
0.97880040 180.20000000
0.72950868 274.80000000
0.84070580 446.60000000
0.84395261 102.10000000
0.84880241 443.20000000
0.86005317 439.80000000
0.24812631 667.50000000
0.24215345 670.70000000
0.22584682 158.20000000
0.23478934 157.60000000
0.83570728 100.20000000
0.27492885 154.00000000
1.00000000 98.70000000
1.00000000 216.20000000
1.00000000 97.50000000
1.00000000 98.40000000
0.91499070 153.60000000
0.91631037 153.90000000
0.93481840 322.70000000
0.93396130 327.80000000
1.00000000 214.90000000
0.93665656 324.60000000
0.95501393 166.20000000
0.95501393 166.20000000
0.95504173 166.80000000
0.95931799 167.90000000
0.99294337 144.50000000
0.98505640 142.70000000
0.98857101 145.10000000
0.98330078 149.70000000
0.95950939 162.40000000
0.98505640 142.70000000
0.37966719 684.10000000
0.37966719 684.10000000
0.37617847 677.60000000
0.38080299 677.10000000
0.63191075 590.20000000
0.62330806 588.00000000
0.61931178 595.70000000
0.61528878 590.20000000
0.39378815 670.10000000
0.62330806 588.00000000
0.96400104 414.93333333
0.96606252 416.26666667
0.96572183 415.73333333
0.99049249 397.93333333
0.15279468 950.46666667
0.06496155 961.10000000
0.18028600 929.06666667
0.06259764 965.30000000
0.99262401 393.40000000
0.06496155 961.10000000
0.79481770 367.10000000
0.79481770 367.10000000
0.79089386 363.70000000
0.80075391 369.00000000
0.89918972 319.20000000
0.88873839 319.00000000
0.89913534 316.10000000
0.88302871 324.80000000
0.79266068 368.10000000
0.89603976 312.30000000
0.60837958 341.20000000
0.60837958 341.20000000
0.62242540 336.30000000
0.61693979 342.20000000
0.39173780 389.60000000
0.39009922 383.80000000
0.37045785 392.20000000
0.39021034 388.30000000
0.62117152 338.70000000
0.39009922 383.80000000
0.98874378 383.90000000
0.98874378 383.90000000
0.98635003 383.30000000
0.98665584 388.00000000
0.96387272 443.90000000
0.95782444 440.80000000
0.96712909 441.10000000
0.95589488 440.10000000
0.98972491 383.10000000
0.96021450 441.90000000
0.05703401 664.40000000
0.05703401 664.40000000
0.07331179 661.40000000
0.06905747 659.60000000
0.99822219 251.10000000
0.99910090 250.30000000
0.99866459 254.10000000
0.99910713 248.30000000
0.06809931 661.30000000
0.99910090 250.30000000
0.88352867 130.60000000
0.86505561 133.60000000
0.85891092 135.50000000
0.88386355 129.80000000
0.77386337 147.70000000
0.76085765 148.50000000
0.75582741 152.90000000
0.76170146 152.70000000
0.89239357 130.40000000
0.76085765 148.50000000
0.85759315 152.10000000
0.88190229 576.40000000
0.85823833 151.80000000
0.86424195 147.30000000
0.99882353 91.50000000
1.00000000 91.60000000
0.99908253 355.90000000
0.99969605 355.70000000
0.85980710 587.20000000
0.99939394 353.70000000
1.00000000 236.40000000
1.00000000 179.90000000
1.00000000 236.90000000
1.00000000 237.70000000
0.82524165 438.70000000
0.82989282 440.90000000
0.80322941 342.50000000
0.79784644 342.60000000
1.00000000 181.30000000
0.81515814 341.80000000
0.57643919 711.20000000
0.54230768 244.80000000
0.58125728 714.80000000
0.58071343 713.60000000
0.45836335 765.20000000
0.44911649 773.50000000
0.45345535 259.00000000
0.43606815 263.20000000
0.54797652 245.30000000
0.44478516 257.00000000
0.97756502 210.40000000
0.98151209 337.20000000
0.98632229 212.30000000
0.98629552 213.30000000
0.97254609 229.60000000
0.96624190 228.80000000
0.96737454 360.20000000
0.96540246 353.60000000
0.98307366 338.90000000
0.96774172 359.70000000
0.95197900 295.30000000
0.95016312 323.70000000
0.94046774 298.70000000
0.94078020 299.00000000
0.16653361 556.80000000
0.16010343 560.80000000
0.14589687 617.70000000
0.15551091 613.00000000
0.94958586 330.40000000
0.16816557 613.60000000
0.39073315 873.06666667
0.33456903 174.40000000
0.42946711 856.20000000
0.40409083 855.73333333
0.91239213 559.86666667
0.92670482 549.20000000
0.91863426 108.10000000
0.88367539 113.80000000
0.30820750 177.30000000
0.92480669 108.00000000
0.99743171 313.60000000
0.99857649 164.50000000
0.99743036 313.80000000
0.99852763 313.40000000
0.99304787 332.40000000
0.99123466 338.30000000
0.99011476 174.00000000
0.98862787 177.00000000
0.99858149 162.60000000
0.98942065 174.70000000
0.72642430 253.10000000
0.75731121 587.10000000
0.72026925 252.60000000
0.74503371 249.00000000
0.64002227 269.60000000
0.65082705 268.40000000
0.66874291 629.90000000
0.67793489 632.10000000
0.76180562 584.30000000
0.66915961 633.40000000
0.16507148 293.40000000
0.15611540 558.20000000
0.14628582 294.20000000
0.15602015 297.50000000
0.30779175 275.90000000
0.31189931 277.00000000
0.31687138 523.70000000
0.32174759 523.90000000
0.16863088 557.60000000
0.31764073 525.20000000
0.91547008 415.30000000
0.92610774 536.86666667
0.91042990 420.50000000
0.90725667 415.60000000
0.94758639 383.40000000
0.93814644 389.10000000
0.95647909 505.93333333
0.95427778 502.26666667
0.92984949 539.20000000
0.95694357 509.00000000
0.66341120 713.30000000
0.66158428 595.70000000
0.68046340 711.80000000
0.68119707 712.10000000
0.99878030 377.60000000
0.99846519 380.10000000
0.99889705 313.90000000
0.99706403 317.40000000
0.67150266 597.80000000
0.99853317 310.90000000
0.99328907 221.50000000
0.99019300 153.20000000
0.99166486 220.70000000
0.99329489 223.10000000
0.76074949 357.50000000
0.74843741 359.60000000
0.71926989 250.20000000
0.74623607 243.50000000
0.99105881 153.70000000
0.72459863 253.30000000
1.00000000 152.20000000
1.00000000 92.30000000
1.00000000 151.50000000
0.99859155 152.10000000
1.00000000 142.00000000
1.00000000 143.10000000
1.00000000 85.90000000
1.00000000 85.90000000
1.00000000 92.50000000
1.00000000 86.00000000
0.83438390 542.50000000
0.81092881 442.60000000
0.82996108 546.90000000
0.82244435 551.10000000
0.87946705 514.80000000
0.87606205 506.80000000
0.86945013 419.40000000
0.87285588 414.50000000
0.82179083 443.00000000
0.87232449 414.70000000
0.96772684 309.20000000
0.96966713 436.60000000
0.96954775 310.00000000
0.96219243 309.50000000
0.58588700 501.50000000
0.58215804 498.30000000
0.56556573 722.40000000
0.58167842 711.60000000
0.96552259 438.80000000
0.56532733 723.60000000
0.45156275 165.90000000
0.45903007 396.30000000
0.45283577 167.10000000
0.45382034 164.50000000
0.99402574 88.10000000
0.98963116 86.80000000
0.98504532 216.40000000
0.98076738 213.70000000
0.45764654 402.80000000
0.98437165 215.60000000
0.74295280 125.30000000
0.72117541 420.80000000
0.71742833 128.90000000
0.74295280 125.30000000
0.94163947 94.90000000
0.94523366 95.60000000
0.93231119 317.20000000
0.93184174 318.10000000
0.73379083 418.80000000
0.93184174 318.10000000
0.99810422 246.20000000
0.99814815 63.50000000
0.99526718 250.70000000
0.99576771 247.10000000
0.26888318 572.80000000
0.29275136 567.60000000
0.29232698 140.60000000
0.30970138 139.40000000
0.99618736 60.90000000
0.30970138 139.40000000
0.27509961 777.70000000
0.30125048 337.30000000
0.27388929 775.10000000
0.27410439 775.60000000
0.72651711 593.20000000
0.72788984 587.70000000
0.72474693 264.40000000
0.72958579 260.30000000
0.28315906 343.70000000
0.72958579 260.30000000
0.93385041 215.10000000
0.93570437 426.90000000
0.91665965 215.70000000
0.93385041 215.10000000
0.99631462 161.80000000
0.99850738 158.80000000
0.99605813 327.50000000
0.99424887 327.30000000
0.93983332 425.50000000
0.99424887 327.30000000
0.98274464 230.90000000
0.97934758 420.00000000
0.98293273 233.40000000
0.98171712 231.60000000
0.86559437 311.90000000
0.86693106 313.00000000
0.85299435 565.50000000
0.87387400 568.30000000
0.97965941 422.30000000
0.86352080 565.70000000
0.54588265 768.50000000
0.53406756 393.20000000
0.53300478 770.70000000
0.54267027 769.90000000
1.00000000 332.10000000
1.00000000 332.70000000
1.00000000 168.30000000
1.00000000 169.20000000
0.54796356 396.20000000
1.00000000 168.80000000
1.00000000 256.40000000
1.00000000 91.60000000
1.00000000 255.80000000
1.00000000 256.10000000
0.97712999 331.30000000
0.98876524 330.40000000
0.97560302 124.40000000
0.97881148 121.80000000
1.00000000 92.30000000
0.98218379 118.10000000
0.85718817 175.40000000
0.85500079 432.40000000
0.84855477 181.70000000
0.84085637 184.10000000
0.54165498 235.30000000
0.53780412 233.50000000
0.53718607 566.60000000
0.54093918 563.50000000
0.85934237 421.20000000
0.53901694 567.10000000
0.38921951 303.10000000
0.40598486 179.60000000
0.40855502 301.80000000
0.43179383 296.50000000
0.77592339 230.80000000
0.79859073 231.10000000
0.81300464 135.70000000
0.79137528 139.20000000
0.40902520 181.90000000
0.79016917 136.60000000
0.96247796 383.60000000
0.96740511 317.70000000
0.96271813 387.70000000
0.95927492 388.70000000
1.00000000 292.20000000
0.99887358 292.70000000
0.99954128 241.90000000
0.99955357 241.30000000
0.96478464 317.20000000
1.00000000 243.00000000
0.83568849 622.86666667
0.80523685 564.60000000
0.83803160 624.46666667
0.78254436 667.26666667
0.96927843 481.40000000
0.92767013 522.73333333
0.96761027 427.30000000
0.96729575 423.50000000
0.79787536 567.60000000
0.96209575 425.10000000
0.99947917 209.30000000
0.99931973 160.40000000
0.99947917 209.80000000
1.00000000 213.30000000
0.44425049 483.50000000
0.43342195 483.90000000
0.42859377 368.80000000
0.43799090 367.10000000
0.99932886 158.70000000
0.43307207 368.40000000
0.98909678 196.90000000
0.98964085 230.50000000
0.98909329 196.20000000
0.98451489 196.20000000
0.91189063 259.40000000
0.89769388 260.50000000
0.91561449 303.10000000
0.90766786 306.00000000
0.98865812 232.60000000
0.90948152 300.80000000
0.64199877 675.10000000
0.65725203 729.70000000
0.64271774 675.60000000
0.64321995 672.50000000
0.10641225 885.00000000
0.10883663 882.70000000
0.10536776 962.20000000
0.11592964 959.40000000
0.65414442 729.40000000
0.11134669 964.00000000
0.90923431 380.70000000
0.91227830 431.10000000
0.90385710 383.70000000
0.91207531 376.20000000
0.65201222 505.60000000
0.65441729 503.30000000
0.64551501 563.60000000
0.64800988 576.20000000
0.91031201 430.80000000
0.66282210 566.80000000
0.10730927 232.80000000
0.12307861 311.80000000
0.10431607 233.40000000
0.11663002 231.90000000
0.99007289 102.10000000
0.99014571 101.30000000
0.99169014 137.50000000
0.99071879 134.90000000
0.10417391 315.30000000
0.98720885 136.50000000
1.00000000 75.00000000
0.99965035 303.10000000
1.00000000 75.00000000
1.00000000 76.10000000
0.59710657 161.40000000
0.59345505 163.10000000
0.61347410 651.90000000
0.59279790 655.40000000
0.99964789 303.20000000
0.60370994 652.00000000
0.84916367 406.60000000
0.83504716 257.30000000
0.83350930 410.50000000
0.83145432 413.60000000
0.98239276 286.40000000
0.98193617 288.90000000
0.98551255 177.30000000
0.98321623 177.90000000
0.79964695 259.60000000
0.98537306 179.80000000
0.97608293 404.20000000
0.96442068 84.60000000
0.97940339 411.50000000
0.97266859 411.60000000
0.87787910 511.20000000
0.88680063 504.30000000
0.88676514 103.80000000
0.88364898 108.00000000
0.97887759 85.50000000
0.88118553 107.00000000
0.47331711 359.40000000
0.47279333 522.90000000
0.48484901 359.50000000
0.48865529 356.50000000
0.02323747 433.80000000
0.02187428 435.00000000
0.02078488 629.60000000
0.02169081 630.40000000
0.49486544 510.70000000
0.02263598 631.20000000
0.21011772 510.50000000
0.20894880 693.10000000
0.19528846 514.80000000
0.19433665 514.20000000
0.94501527 279.90000000
0.94943331 276.80000000
0.95505141 372.70000000
0.95462481 374.00000000
0.20527824 693.80000000
0.95148228 373.50000000
0.91990392 534.20000000
0.90217008 161.30000000
0.91286718 540.30000000
0.92869361 544.20000000
0.35016683 876.20000000
0.34235807 875.90000000
0.36692185 259.10000000
0.35270388 258.10000000
0.90705371 165.30000000
0.36643877 257.40000000
0.68483913 551.10000000
0.68049676 372.30000000
0.69491302 550.70000000
0.68835478 550.30000000
0.77554262 517.50000000
0.76283636 517.10000000
0.79382876 342.00000000
0.75993460 352.60000000
0.68492587 375.10000000
0.77519858 350.40000000
0.99269297 132.40000000
0.99351355 394.70000000
0.99361953 131.90000000
0.99262285 131.90000000
0.99540328 122.20000000
0.99726439 120.90000000
0.99938459 363.30000000
0.99814811 362.20000000
0.99382489 397.70000000
0.99722018 369.20000000
0.87217443 156.90000000
0.86483038 276.50000000
0.88138068 156.70000000
0.84842829 162.10000000
0.96989516 123.10000000
0.96782089 124.10000000
0.96906633 212.10000000
0.97621763 218.20000000
0.87249618 269.60000000
0.96972273 218.90000000
0.02333679 712.70000000
0.02260122 908.80000000
0.02247555 715.30000000
0.02330419 714.30000000
0.48032628 584.20000000
0.47305933 587.70000000
0.47185520 750.80000000
0.48490787 747.10000000
0.02321481 908.70000000
0.46152061 758.20000000
0.98448468 407.30000000
0.98785139 301.60000000
0.98600452 405.10000000
0.98667094 407.00000000
0.82608449 586.40000000
0.83396102 583.40000000
0.83087141 421.70000000
0.84420312 421.60000000
0.98130008 301.90000000
0.83456158 429.60000000
0.60496412 376.30000000
0.58064859 187.80000000
0.59207944 376.80000000
0.59223764 377.60000000
0.99939024 175.30000000
1.00000000 173.00000000
1.00000000 85.90000000
1.00000000 83.90000000
0.57209789 184.30000000
1.00000000 84.90000000
0.75150160 253.90000000
0.74326121 235.70000000
0.77192129 252.30000000
0.75627643 256.70000000
0.70461147 267.80000000
0.67005026 275.40000000
0.68062305 253.20000000
0.70590899 257.20000000
0.76105296 239.30000000
0.66622968 256.30000000
0.99890211 316.00000000
0.99738521 303.40000000
1.00000000 314.90000000
0.99964158 315.50000000
0.99348730 334.00000000
0.99532962 335.30000000
0.99549451 323.90000000
0.99216118 329.60000000
0.99702303 305.30000000
0.99366965 324.10000000
0.36570417 526.70000000
0.32724909 910.33333333
0.34914178 527.00000000
0.36193256 526.20000000
0.92149472 319.60000000
0.92100514 323.50000000
0.93380920 536.33333333
0.81257429 612.26666667
0.43886218 836.46666667
0.92934141 537.46666667
0.96394521 77.50000000
0.95866814 285.40000000
0.96934528 77.00000000
0.94461257 78.90000000
0.21690076 144.80000000
0.17587359 148.30000000
0.17797707 542.20000000
0.20440000 536.90000000
0.94867512 291.40000000
0.19643190 540.70000000
0.48352746 129.30000000
0.46122601 798.60000000
0.41594813 135.10000000
0.49314755 128.90000000
0.55597575 124.70000000
0.56314245 124.80000000
0.58350003 742.10000000
0.56157841 744.40000000
0.46321027 789.20000000
0.58018676 744.40000000
0.96555324 285.50000000
0.96773562 237.40000000
0.96806006 287.50000000
0.97159228 284.10000000
0.98234339 271.70000000
0.98479386 263.60000000
0.98074708 222.90000000
0.98234282 226.50000000
0.97187665 236.50000000
0.98663945 226.50000000
0.83221022 522.20000000
0.81752230 177.20000000
0.83189714 525.70000000
0.82721012 519.20000000
1.00000000 279.60000000
1.00000000 279.60000000
1.00000000 96.00000000
1.00000000 96.50000000
0.84076281 176.40000000
1.00000000 95.80000000
1.00000000 135.40000000
0.99918699 261.20000000
1.00000000 134.80000000
1.00000000 136.40000000
0.86990270 232.10000000
0.88707853 226.30000000
0.87802649 422.90000000
0.86906324 434.00000000
0.99959514 260.00000000
0.89031950 422.60000000
0.99098880 204.10000000
0.99327332 253.40000000
0.99396482 202.60000000
0.99461370 203.30000000
0.99879879 193.20000000
0.99878049 189.50000000
0.99807460 241.00000000
0.99664517 240.00000000
0.99613012 255.00000000
0.99617177 242.80000000
0.68718773 676.20000000
0.66977094 129.00000000
0.66882736 682.90000000
0.68096193 681.70000000
0.74524056 639.30000000
0.75081821 636.60000000
0.72425522 121.10000000
0.74167020 121.20000000
0.65345642 130.60000000
0.70911372 123.70000000
0.92027742 389.60000000
0.91820729 217.10000000
0.92355013 393.10000000
0.91748439 388.70000000
0.33560134 635.00000000
0.32351798 634.70000000
0.31332412 354.90000000
0.32485952 351.60000000
0.91651719 216.90000000
0.31448144 353.60000000
0.18941035 254.30000000
0.18120698 793.30000000
0.17599821 255.40000000
0.18548984 253.10000000
0.94682529 138.30000000
0.93114907 139.30000000
0.94929218 424.70000000
0.94234843 434.60000000
0.18286116 792.00000000
0.94350279 430.10000000
0.55455087 255.50000000
0.58524684 434.60000000
0.54401602 256.70000000
0.59742306 250.00000000
0.99269391 135.30000000
0.99003787 134.80000000
0.98947823 237.10000000
0.99212145 232.80000000
0.60171927 434.50000000
0.99632907 233.90000000
0.98498734 336.50000000
0.93020936 490.53333333
0.98771932 338.30000000
0.98839809 339.30000000
0.67185895 562.40000000
0.65221952 572.50000000
0.64826283 745.40000000
0.65973074 743.66666667
0.91391589 500.40000000
0.64234624 752.00000000
0.00985836 994.50000000
0.00756962 791.90000000
0.01255388 992.60000000
0.01075479 993.30000000
0.16396215 942.00000000
0.16450935 940.40000000
0.16917228 749.60000000
0.16939419 746.20000000
0.01057864 790.50000000
0.16450084 747.40000000
0.88016763 318.10000000
0.86192834 202.00000000
0.89057858 315.20000000
0.87849668 316.30000000
0.92159942 295.60000000
0.91864847 301.90000000
0.90536108 189.30000000
0.90562648 185.80000000
0.86163507 203.90000000
0.91894828 189.40000000
0.95526473 224.00000000
0.94943956 114.80000000
0.95583836 219.30000000
0.94765577 219.90000000
0.44278787 370.40000000
0.43656530 365.50000000
0.46482756 191.30000000
0.42860421 190.20000000
0.95078580 117.20000000
0.44124867 193.00000000
0.34357658 780.60000000
0.34385141 597.50000000
0.33929353 785.50000000
0.34067952 786.10000000
0.97046950 416.80000000
0.96432695 416.70000000
0.96832530 318.50000000
0.96831121 320.20000000
0.34634017 596.40000000
0.96954822 317.70000000
1.00000000 251.50000000
0.99767757 340.20000000
0.99910514 254.50000000
0.99820824 253.50000000
1.00000000 237.50000000
0.99954955 236.90000000
0.99966997 321.00000000
1.00000000 322.80000000
0.99834540 344.10000000
0.99933444 323.60000000
0.76832948 144.50000000
0.74610495 303.70000000
0.75672574 146.20000000
0.75061203 147.70000000
0.81095923 138.60000000
0.79923397 136.30000000
0.81469702 286.70000000
0.78435465 289.30000000
0.75180765 309.10000000
0.81278571 288.10000000
0.94513809 126.30000000
0.93814834 390.80000000
0.93294353 131.00000000
0.94266797 124.80000000
0.99749961 90.70000000
0.99879518 88.60000000
0.99804222 281.60000000
0.99960784 282.30000000
0.93391567 394.40000000
0.99960784 280.30000000
0.29635836 623.70000000
0.24423663 287.80000000
0.29701722 620.60000000
0.27162969 628.90000000
0.78958318 452.50000000
0.79603702 448.80000000
0.77645762 205.10000000
0.76665639 211.20000000
0.26929899 284.10000000
0.76442109 213.60000000
0.99738643 356.30000000
0.99500880 214.60000000
0.99509849 359.80000000
0.99674240 359.20000000
0.39135396 789.30000000
0.38673094 790.00000000
0.39166769 463.80000000
0.40072283 466.10000000
0.99667253 211.50000000
0.39372261 465.60000000
0.72629389 326.30000000
0.72145203 679.10000000
0.71499521 323.30000000
0.72929368 324.20000000
0.95536460 233.50000000
0.95157370 232.70000000
0.95936057 481.70000000
0.96397120 478.20000000
0.74238157 680.50000000
0.96333940 477.30000000
0.85366257 350.90000000
0.85423775 526.50000000
0.86896552 345.70000000
0.85802922 345.70000000
0.07252771 568.30000000
0.08083328 565.60000000
0.07580721 855.50000000
0.07279890 855.60000000
0.84938725 533.90000000
0.07648451 853.10000000
0.89608354 432.93333333
1.00000000 146.90000000
0.89523344 435.06666667
0.99514724 370.93333333
0.80534583 630.00000000
0.90636636 562.66666667
0.88769790 241.90000000
0.90584056 240.50000000
1.00000000 147.20000000
0.89124188 246.40000000
0.53436828 638.60000000
0.50589057 161.50000000
0.53356344 636.80000000
0.52677765 643.40000000
0.98886258 346.00000000
0.99071500 334.60000000
0.98226260 86.60000000
0.98954891 83.30000000
0.53915086 159.50000000
0.99263854 88.70000000
0.97980187 161.50000000
0.98333449 292.00000000
0.97491714 161.90000000
0.98407833 161.60000000
0.63784926 270.30000000
0.60581227 271.20000000
0.62283003 491.40000000
0.62571727 486.20000000
0.97746454 294.90000000
0.64227491 488.40000000
1.00000000 109.70000000
0.99918699 136.50000000
1.00000000 109.60000000
0.99906542 109.90000000
0.26647088 275.20000000
0.23634619 274.20000000
0.25156410 336.10000000
0.25978375 338.70000000
0.99918699 135.50000000
0.24753819 338.70000000
0.80480065 481.40000000
0.79890921 526.80000000
0.80047041 482.40000000
0.81629238 478.30000000
0.93858497 389.30000000
0.93979977 394.70000000
0.93132014 426.20000000
0.93877570 423.80000000
0.79948223 522.80000000
0.92696591 430.70000000
0.96438302 469.30000000
0.94520670 527.80000000
0.95973269 473.30000000
0.96412392 469.70000000
0.99569190 384.70000000
0.99569629 386.20000000
0.95414935 467.33333333
0.98342048 428.73333333
0.92898462 536.53333333
0.94821969 473.53333333
0.40782039 444.20000000
0.40998759 505.50000000
0.41082759 444.80000000
0.41443754 445.70000000
0.72279586 366.60000000
0.73399880 361.20000000
0.70425044 412.50000000
0.72644153 414.40000000
0.41242961 507.00000000
0.72203903 411.00000000
0.09136224 400.00000000
0.09328610 468.40000000
0.09625177 400.10000000
0.07919416 403.70000000
1.00000000 142.70000000
1.00000000 144.00000000
1.00000000 167.20000000
1.00000000 167.60000000
0.09808499 469.00000000
1.00000000 166.60000000
0.91084853 475.10000000
0.90816069 515.60000000
0.90745756 479.80000000
0.91016134 476.60000000
0.86223643 523.70000000
0.85342344 515.00000000
0.85078910 565.60000000
0.84862302 561.10000000
0.90174635 516.70000000
0.85243940 564.60000000
0.66475481 467.50000000
0.62485916 531.40000000
0.66033569 461.60000000
0.65377172 468.30000000
0.51332960 511.20000000
0.50631095 513.80000000
0.50832234 568.30000000
0.51943993 567.50000000
0.62552105 528.70000000
0.51244990 566.40000000
0.99357151 78.40000000
0.99296538 107.50000000
0.99225889 80.40000000
0.98709593 79.40000000
0.97631413 86.90000000
0.97460508 85.80000000
0.97679723 117.30000000
0.96712139 118.50000000
0.99195222 106.90000000
0.97813433 117.80000000
0.98966132 90.00000000
0.98812590 375.00000000
0.97189415 91.20000000
0.99099822 89.90000000
0.90525624 108.90000000
0.90689299 111.30000000
0.91739568 437.20000000
0.92900759 448.70000000
0.97957457 372.00000000
0.92497653 445.20000000
0.56024391 509.90000000
0.58420692 295.90000000
0.56668943 506.50000000
0.55896412 509.00000000
0.20959442 604.30000000
0.20533896 606.30000000
0.20137863 357.70000000
0.20874423 355.60000000
0.56235567 299.60000000
0.21252726 356.00000000
1.00000000 296.30000000
1.00000000 54.90000000
1.00000000 296.30000000
1.00000000 296.30000000
0.69365171 626.50000000
0.68810157 627.70000000
0.68819793 113.70000000
0.70368356 113.80000000
1.00000000 53.80000000
0.70317154 112.50000000
0.85673826 255.80000000
0.87155267 351.50000000
0.87753451 251.90000000
0.85721213 256.90000000
0.99369152 174.90000000
0.99651717 172.60000000
0.99311184 245.80000000
0.99214436 244.90000000
0.87276046 363.50000000
0.99262715 246.50000000
0.73102627 369.50000000
0.74520159 491.50000000
0.73412515 368.20000000
0.73326811 366.10000000
0.83063219 334.50000000
0.83145360 332.10000000
0.84028540 444.20000000
0.83871587 440.50000000
0.75219324 490.00000000
0.83603690 445.10000000
0.99787776 382.50000000
0.99890110 105.80000000
0.99756251 385.30000000
0.99728086 385.10000000
1.00000000 350.00000000
1.00000000 345.20000000
1.00000000 96.20000000
1.00000000 95.70000000
0.99666639 105.50000000
1.00000000 95.60000000
0.31852170 675.90000000
0.31594012 441.30000000
0.29930332 686.40000000
0.30712620 676.10000000
0.97410856 353.40000000
0.97760515 349.30000000
0.97230875 229.60000000
0.97657244 226.30000000
0.31271464 441.40000000
0.96458269 234.80000000
0.94022165 157.50000000
0.94255046 484.10000000
0.94661160 156.30000000
0.94393703 162.90000000
0.50322055 256.20000000
0.44882258 260.80000000
0.49140906 771.60000000
0.47834384 770.70000000
0.94241097 474.90000000
0.47193781 772.90000000
0.99271413 153.80000000
0.99729264 183.00000000
0.99194818 156.20000000
0.98860147 150.20000000
0.77124011 240.70000000
0.78311754 245.70000000
0.76742941 295.30000000
0.76563401 293.00000000
0.98910090 183.80000000
0.78125209 289.70000000
0.66883307 593.20000000
0.66753737 641.30000000
0.67638537 595.10000000
0.65911802 601.60000000
0.99856625 306.50000000
0.99927006 311.90000000
0.99730694 339.30000000
0.99864857 334.20000000
0.66865294 638.10000000
0.99832545 335.40000000
0.85625496 606.80000000
0.91728195 353.30000000
0.88537325 590.06666667
0.79842625 640.73333333
0.89620616 567.73333333
0.87155395 563.13333333
0.96317679 319.00000000
0.95443137 331.40000000
0.91626323 360.00000000
0.96285422 322.00000000
0.13987505 565.00000000
0.16987369 205.90000000
0.13977777 567.70000000
0.15512387 566.00000000
0.36058047 515.10000000
0.36328054 518.30000000
0.37902223 188.60000000
0.35888119 189.80000000
0.16418100 204.10000000
0.35613001 187.40000000
0.45706256 403.60000000
0.41008215 275.10000000
0.45012681 406.30000000
0.43636783 402.20000000
0.87186066 282.00000000
0.88691814 273.80000000
0.88842128 183.30000000
0.89170568 189.60000000
0.43706040 272.20000000
0.88729045 187.00000000
0.96540334 452.20000000
0.96187604 366.20000000
0.96945579 447.10000000
0.97634764 431.00000000
0.03503560 922.80000000
0.03207838 923.40000000
0.03073887 770.40000000
0.03620356 769.50000000
0.96754480 363.60000000
0.03342294 770.00000000
0.81724407 446.50000000
0.81211616 628.10000000
0.82404197 448.00000000
0.82912334 445.80000000
0.61983462 533.10000000
0.62893835 535.00000000
0.57480514 767.40000000
0.60839500 750.00000000
0.80941488 635.40000000
0.60663619 752.50000000
1.00000000 93.20000000
0.99892183 201.90000000
1.00000000 92.90000000
1.00000000 93.00000000
0.98377985 110.90000000
0.98962724 110.70000000
0.98594735 240.60000000
0.98540509 240.20000000
0.99946524 199.40000000
0.98423385 241.10000000
0.22661220 214.30000000
0.22678058 586.00000000
0.22916188 212.00000000
0.22726659 212.00000000
0.62965714 174.60000000
0.64542396 169.60000000
0.64316877 468.90000000
0.63896816 469.50000000
0.23084990 585.40000000
0.64614271 467.50000000
0.93718212 363.00000000
0.90636863 103.00000000
0.92984724 354.70000000
0.92556384 359.60000000
0.98908323 283.40000000
0.99339358 277.00000000
0.98599961 76.20000000
0.99215545 78.30000000
0.91242784 101.80000000
0.99039859 78.40000000
0.69692375 636.90000000
0.68135900 296.80000000
0.71260954 636.80000000
0.70069258 640.70000000
0.91752985 497.20000000
0.91100607 501.10000000
0.89202980 234.90000000
0.88475211 233.60000000
0.68577125 297.20000000
0.89077147 234.00000000
0.99539640 184.40000000
0.99618366 345.60000000
0.99531830 179.60000000
0.99212188 182.90000000
0.12890246 435.60000000
0.11083152 437.60000000
0.12086338 828.90000000
0.12853140 825.80000000
0.99760106 342.60000000
0.12529172 827.10000000
1.00000000 197.50000000
1.00000000 339.10000000
1.00000000 198.50000000
0.99947368 197.10000000
0.96561678 273.10000000
0.96240723 272.10000000
0.96310724 465.70000000
0.96720922 464.40000000
1.00000000 338.30000000
0.96503041 466.20000000
0.86501028 604.40000000
0.84682391 322.70000000
0.85856132 600.13333333
0.83893518 619.93333333
0.49051438 813.20000000
0.47143214 828.06666667
0.43467299 441.30000000
0.43144505 443.00000000
0.84071482 322.10000000
0.44081672 435.50000000
0.97730216 361.70000000
0.97501522 138.80000000
0.97730210 361.50000000
0.97241866 366.80000000
0.81014639 506.80000000
0.80503081 500.20000000
0.79229384 195.00000000
0.80712156 191.10000000
0.97735935 137.70000000
0.80130839 193.70000000
0.48100105 278.00000000
0.51863954 597.30000000
0.48369301 281.70000000
0.51028913 273.70000000
1.00000000 123.80000000
1.00000000 123.70000000
0.99960630 271.60000000
1.00000000 271.90000000
0.50861219 602.50000000
0.99959677 273.00000000
0.75675889 194.20000000
0.76672801 163.20000000
0.76251684 188.00000000
0.77282702 191.80000000
0.98016976 128.60000000
0.98638772 129.00000000
0.97181204 111.00000000
0.97876511 110.00000000
0.78178991 160.00000000
0.98651461 110.20000000
0.99918861 275.60000000
0.99911894 257.60000000
0.99918020 275.90000000
0.99959350 275.50000000
0.55331677 578.70000000
0.55363092 574.00000000
0.54770918 542.10000000
0.53965514 548.70000000
1.00000000 260.60000000
0.55316014 542.50000000
0.36959695 830.60000000
0.37176770 790.90000000
0.37117321 836.10000000
0.37385953 829.80000000
0.86364451 571.90000000
0.86934696 567.80000000
0.86440437 548.00000000
0.86024664 549.60000000
0.38696092 789.70000000
0.85306919 547.70000000
0.95526208 252.20000000
0.95915411 228.90000000
0.95487100 254.00000000
0.95598573 252.00000000
1.00000000 174.20000000
1.00000000 175.20000000
1.00000000 160.70000000
1.00000000 160.60000000
0.95980561 233.10000000
1.00000000 160.00000000
0.87616333 229.50000000
0.88840940 330.40000000
0.87954025 228.70000000
0.87337980 230.80000000
0.70134970 279.50000000
0.74679923 275.70000000
0.72940607 400.60000000
0.73413130 404.20000000
0.89733326 331.20000000
0.72474138 400.30000000
0.05434664 833.40000000
0.14664958 975.93333333
0.06397456 832.30000000
0.05862963 833.30000000
0.99717044 332.50000000
0.99612157 329.70000000
0.87688057 480.40000000
0.96205070 443.73333333
0.05987662 1012.13333333
0.87672981 481.66666667
0.98747379 267.90000000
0.98584130 344.70000000
0.99036263 268.10000000
0.98466651 267.40000000
0.94230113 319.90000000
0.92847230 325.80000000
0.93943669 416.00000000
0.94755104 414.70000000
0.98962207 346.20000000
0.93652193 419.20000000
0.63220952 131.00000000
0.61183290 268.50000000
0.59178422 135.70000000
0.59715522 134.70000000
0.26739917 157.80000000
0.30995492 156.70000000
0.31169813 315.90000000
0.30564605 318.10000000
0.61729373 270.10000000
0.30069476 317.80000000
0.99824561 61.90000000
0.99919355 140.00000000
1.00000000 61.70000000
0.99824561 61.70000000
0.10056220 161.50000000
0.10582429 161.80000000
0.12063822 361.80000000
0.10750047 363.70000000
0.99764385 140.40000000
0.11455224 364.00000000
0.80589585 392.60000000
0.77448744 545.10000000
0.79827465 399.70000000
0.78851782 403.80000000
0.90761836 346.20000000
0.89158087 348.70000000
0.91016824 458.90000000
0.89230177 468.10000000
0.79173256 539.60000000
0.90158156 469.90000000
0.95910572 411.40000000
0.96080436 296.40000000
0.95719237 412.60000000
0.95964320 407.10000000
0.98897642 355.00000000
0.98897403 351.90000000
0.98858308 251.40000000
0.98953331 254.90000000
0.95816906 293.60000000
0.99157972 251.30000000
0.40453021 333.20000000
0.37535884 133.60000000
0.41914225 330.10000000
0.38893090 335.30000000
0.63451109 290.80000000
0.62580790 290.60000000
0.65595613 113.60000000
0.67037174 114.30000000
0.45807127 127.90000000
0.66724704 111.30000000
0.07669618 491.30000000
0.08215971 257.90000000
0.07731104 492.90000000
0.08263209 490.60000000
0.99941176 183.40000000
0.99882353 185.00000000
1.00000000 95.90000000
0.99886364 98.70000000
0.07754857 258.50000000
1.00000000 97.90000000
0.90503023 534.00000000
0.89972276 403.70000000
0.89780462 532.70000000
0.89318622 536.80000000
0.79509759 621.00000000
0.78973243 618.80000000
0.80694642 461.60000000
0.79903946 463.40000000
0.89402920 403.40000000
0.80146174 452.50000000
0.62746516 542.60000000
0.62620105 699.90000000
0.62035797 547.40000000
0.64051112 537.30000000
0.39330032 624.30000000
0.42502567 618.40000000
0.39863268 803.60000000
0.40060965 801.20000000
0.62332846 707.00000000
0.40310398 799.70000000
0.99134506 116.20000000
0.99396572 207.70000000
0.99245753 120.10000000
0.98919982 120.40000000
0.96258405 136.80000000
0.94759934 136.20000000
0.96573420 240.40000000
0.95892494 241.20000000
0.98967412 205.30000000
0.96393581 238.60000000
