nan nan -6.00000000 4.00000000 0.00000000 0.00000000 4.00000000 4.00000000 4.00000000 4.00000000 4.00000000 4.00000000 0.00000000 0.00000000 0.00000000 0.00000000 0.00000000 0.00000000 nan nan -6.00000000 0.00000000 0.00000000 0.00000000 0.00000000 0.00000000 0.00000000 0.00000000 0.00000000 0.00000000 0.00000000 0.00000000 0.00000000 0.00000000 0.00000000 0.00000000
nan nan -6.00000000 4.00000000 0.00000000 0.00000000 4.00000000 4.00000000 4.00000000 4.00000000 4.00000000 4.00000000 0.00000000 0.00000000 0.00000000 0.00000000 0.00000000 0.00000000 nan nan -6.00000000 0.00000000 0.00000000 0.00000000 0.00000000 0.00000000 0.00000000 0.00000000 0.00000000 0.00000000 0.00000000 0.00000000 0.00000000 0.00000000 0.00000000 0.00000000
nan nan -6.00000000 4.00000000 0.00000000 0.00000000 4.00000000 4.00000000 4.00000000 4.00000000 4.00000000 4.00000000 0.00000000 0.00000000 0.00000000 0.00000000 0.00000000 0.00000000 nan nan -6.00000000 0.00000000 0.00000000 0.00000000 0.00000000 0.00000000 0.00000000 0.00000000 0.00000000 0.00000000 0.00000000 0.00000000 0.00000000 0.00000000 0.00000000 0.00000000
nan nan -6.00000000 4.00000000 0.00000000 0.00000000 4.00000000 4.00000000 4.00000000 4.00000000 4.00000000 4.00000000 0.00000000 0.00000000 0.00000000 0.00000000 0.00000000 0.00000000 nan nan -6.00000000 0.00000000 0.00000000 0.00000000 0.00000000 0.00000000 0.00000000 0.00000000 0.00000000 0.00000000 0.00000000 0.00000000 0.00000000 0.00000000 0.00000000 0.00000000
nan nan -6.00000000 4.00000000 0.00000000 0.00000000 4.00000000 4.00000000 4.00000000 4.00000000 4.00000000 4.00000000 0.00000000 0.00000000 0.00000000 0.00000000 0.00000000 0.00000000 nan nan -6.00000000 0.00000000 0.00000000 0.00000000 0.00000000 0.00000000 0.00000000 0.00000000 0.00000000 0.00000000 0.00000000 0.00000000 0.00000000 0.00000000 0.00000000 0.00000000
nan nan -6.00000000 4.00000000 0.00000000 0.00000000 4.00000000 4.00000000 4.00000000 4.00000000 4.00000000 4.00000000 0.00000000 0.00000000 0.00000000 0.00000000 0.00000000 0.00000000 nan nan -6.00000000 0.00000000 0.00000000 0.00000000 0.00000000 0.00000000 0.00000000 0.00000000 0.00000000 0.00000000 0.00000000 0.00000000 0.00000000 0.00000000 0.00000000 0.00000000
nan nan -6.00000000 4.00000000 0.00000000 0.00000000 4.00000000 4.00000000 4.00000000 4.00000000 4.00000000 4.00000000 0.00000000 0.00000000 0.00000000 0.00000000 0.00000000 0.00000000 nan nan -6.00000000 0.00000000 0.00000000 0.00000000 0.00000000 0.00000000 0.00000000 0.00000000 0.00000000 0.00000000 0.00000000 0.00000000 0.00000000 0.00000000 0.00000000 0.00000000
nan nan -6.00000000 4.00000000 0.00000000 0.00000000 4.00000000 4.00000000 4.00000000 4.00000000 4.00000000 4.00000000 0.00000000 0.00000000 0.00000000 0.00000000 0.00000000 0.00000000 nan nan -6.00000000 0.00000000 0.00000000 0.00000000 0.00000000 0.00000000 0.00000000 0.00000000 0.00000000 0.00000000 0.00000000 0.00000000 0.00000000 0.00000000 0.00000000 0.00000000
nan nan -6.00000000 4.00000000 0.00000000 0.00000000 4.00000000 4.00000000 4.00000000 4.00000000 4.00000000 4.00000000 0.00000000 0.00000000 0.00000000 0.00000000 0.00000000 0.00000000 nan nan -6.00000000 0.00000000 0.00000000 0.00000000 0.00000000 0.00000000 0.00000000 0.00000000 0.00000000 0.00000000 0.00000000 0.00000000 0.00000000 0.00000000 0.00000000 0.00000000
nan nan -6.00000000 4.00000000 0.00000000 0.00000000 4.00000000 4.00000000 4.00000000 4.00000000 4.00000000 4.00000000 0.00000000 0.00000000 0.00000000 0.00000000 0.00000000 0.00000000 nan nan -6.00000000 0.00000000 0.00000000 0.00000000 0.00000000 0.00000000 0.00000000 0.00000000 0.00000000 0.00000000 0.00000000 0.00000000 0.00000000 0.00000000 0.00000000 0.00000000
nan nan -6.00000000 4.00000000 0.00000000 0.00000000 4.00000000 4.00000000 4.00000000 4.00000000 4.00000000 4.00000000 0.00000000 0.00000000 0.00000000 0.00000000 0.00000000 0.00000000 nan nan -6.00000000 0.00000000 0.00000000 0.00000000 0.00000000 0.00000000 0.00000000 0.00000000 0.00000000 0.00000000 0.00000000 0.00000000 0.00000000 0.00000000 0.00000000 0.00000000
nan nan -6.00000000 4.00000000 0.00000000 0.00000000 4.00000000 4.00000000 4.00000000 4.00000000 4.00000000 4.00000000 0.00000000 0.00000000 0.00000000 0.00000000 0.00000000 0.00000000 nan nan -6.00000000 0.00000000 0.00000000 0.00000000 0.00000000 0.00000000 0.00000000 0.00000000 0.00000000 0.00000000 0.00000000 0.00000000 0.00000000 0.00000000 0.00000000 0.00000000
-0.06000132 0.54855391 -1.00000000 4.17466667 0.00200000 0.00566667 4.17875000 4.17812500 4.17031250 nan nan nan 0.00343750 -0.00093750 0.00281250 nan nan nan -0.01226255 0.09780312 -6.00000000 0.55166667 0.00433333 0.03233333 0.32218750 0.54375000 0.55031250 nan nan nan 0.03062500 -0.00062500 0.00437500 nan nan nan
0.19073963 -0.22872582 -4.00000000 4.17233333 -0.00166667 0.00566667 4.17031250 4.17656250 4.17281250 nan nan nan 0.00000000 0.00281250 -0.00093750 nan nan nan 0.14368487 0.23537780 -6.00000000 0.52800000 -0.00166667 0.03966667 0.33156250 0.53718750 0.53000000 nan nan nan 0.03343750 0.00062500 -0.00312500 nan nan nan
0.04750219 -0.16909646 -2.00000000 4.16733333 -0.00166667 0.00033333 4.18187500 4.18343750 4.17062500 nan nan nan -0.00062500 0.00437500 -0.00531250 nan nan nan 0.04939161 0.06649882 -5.00000000 0.54700000 0.00400000 0.02866667 0.32718750 0.53062500 0.54562500 nan nan nan 0.03406250 -0.00156250 0.00187500 nan nan nan
-0.01417788 0.19639896 -1.00000000 4.18133333 -0.00300000 0.00600000 4.18437500 4.17250000 4.18093750 nan nan nan 0.00093750 0.00250000 -0.00093750 nan nan nan -0.07620154 -0.19063550 -4.00000000 0.55100000 -0.00233333 0.03500000 0.32406250 0.52781250 0.56000000 nan nan nan 0.03093750 0.00406250 -0.00406250 nan nan nan
-0.20921106 -0.20921106 0.00000000 4.17666667 0.00033333 0.00000000 4.18156250 4.16625000 4.18000000 nan nan nan -0.00125000 0.00062500 -0.00156250 nan nan nan 0.24173270 0.35197524 -5.00000000 0.55066667 0.00233333 0.03333333 0.32937500 0.55625000 0.55218750 nan nan nan 0.03281250 0.00187500 -0.00093750 nan nan nan
-0.01098724 -0.28688069 -5.00000000 4.17733333 -0.00100000 0.00200000 4.17968750 4.17343750 4.17406250 nan nan nan 0.00093750 -0.00187500 0.00156250 nan nan nan -0.12600595 -0.25581019 -4.00000000 0.53700000 -0.00400000 0.03933333 0.31375000 0.53000000 0.53625000 nan nan nan 0.02937500 -0.00031250 0.00062500 nan nan nan
0.23462852 -0.25067059 -1.00000000 4.17466667 0.00500000 -0.00500000 4.17375000 4.17937500 4.16875000 nan nan nan 0.00031250 -0.00031250 0.00312500 nan nan nan 0.08818539 0.16258852 -4.00000000 0.53033333 -0.00133333 0.03600000 0.32062500 0.53875000 0.52562500 nan nan nan 0.03093750 -0.00218750 0.00250000 nan nan nan
-0.00910522 0.33076564 -2.00000000 4.16733333 0.00200000 0.00100000 4.18187500 4.16906250 4.16843750 nan nan nan 0.00093750 0.00062500 0.00000000 nan nan nan -0.16797942 -0.20792012 -4.00000000 0.52400000 0.00100000 0.03366667 0.33093750 0.53437500 0.52906250 nan nan nan 0.03125000 -0.00031250 0.00000000 nan nan nan
0.12021961 0.16179037 -3.00000000 4.18166667 -0.00900000 0.01033333 4.17000000 4.16687500 4.18531250 nan nan nan 0.00218750 -0.00281250 -0.00468750 nan nan nan -0.19784630 -0.28966269 -4.00000000 0.53500000 -0.00600000 0.03900000 0.32218750 0.51750000 0.53375000 nan nan nan 0.02843750 0.00156250 0.00031250 nan nan nan
-0.08884555 0.29418826 -4.00000000 4.16233333 -0.00400000 0.00466667 4.16968750 4.16937500 4.16250000 nan nan nan 0.00312500 -0.00218750 -0.00156250 nan nan nan 0.14225149 0.24685799 -4.00000000 0.52733333 -0.00666667 0.03700000 0.32125000 0.54875000 0.53062500 nan nan nan 0.02968750 0.00281250 -0.00312500 nan nan nan
0.10163857 0.28031051 -2.00000000 4.17533333 0.00166667 -0.00366667 4.16968750 4.16468750 4.17406250 nan nan nan 0.00093750 -0.00093750 0.00093750 nan nan nan 0.12470849 0.17656316 -4.00000000 0.54366667 0.00100000 0.03866667 0.33625000 0.55406250 0.54218750 nan nan nan 0.03375000 0.00000000 -0.00187500 nan nan nan
0.16202786 0.25372527 -5.00000000 4.16700000 -0.00233333 -0.00100000 4.17468750 4.18375000 4.16531250 nan nan nan 0.00062500 -0.00250000 -0.00125000 nan nan nan -0.05358434 -0.15444439 -6.00000000 0.54066667 0.00266667 0.02866667 0.33562500 0.53468750 0.54125000 nan nan nan 0.02968750 0.00312500 0.00000000 nan nan nan
0.07782306 0.19223495 -6.00000000 4.02812121 0.00290909 -0.00436364 4.02363636 4.02363636 nan nan nan nan 0.00000000 0.00022727 nan nan nan nan 0.79167033 0.79167033 0.00000000 0.52581818 0.00460606 0.02812121 0.26250000 0.51931818 nan nan nan nan 0.03022727 0.00340909 nan nan nan nan
0.23272691 0.29397838 -4.00000000 4.03272727 0.00048485 0.00121212 4.02568182 4.02954545 nan nan nan nan 0.00159091 0.00136364 nan nan nan nan 0.83469898 0.83469898 0.00000000 0.53648485 0.00412121 0.02642424 0.24204545 0.52159091 nan nan nan nan 0.02909091 0.00545455 nan nan nan nan
-0.19287421 -0.19287421 0.00000000 4.03200000 -0.00096970 0.00363636 4.03409091 4.02977273 nan nan nan nan -0.00136364 0.00113636 nan nan nan nan 0.79573125 0.79573125 0.00000000 0.52000000 -0.00460606 0.03733333 0.25954545 0.51454545 nan nan nan nan 0.02704545 0.00522727 nan nan nan nan
-0.02087603 0.34164921 -1.00000000 4.02933333 0.00048485 0.00121212 4.02477273 4.03000000 nan nan nan nan 0.00181818 -0.00022727 nan nan nan nan -0.12658147 -0.29209880 -6.00000000 0.52460606 -0.00242424 0.03030303 0.24500000 0.51613636 nan nan nan nan 0.02863636 0.00272727 nan nan nan nan
0.06831458 0.12129236 -1.00000000 4.03248485 -0.00290909 0.00509091 4.03204545 4.03522727 nan nan nan nan -0.00113636 0.00113636 nan nan nan nan 0.36376549 -0.37173086 -6.00000000 0.51587879 -0.00412121 0.03587879 0.43750000 0.52590909 nan nan nan nan 0.02750000 -0.00045455 nan nan nan nan
-0.04638587 -0.06299752 -2.00000000 4.02545455 0.00169697 -0.00072727 4.02681818 4.02522727 nan nan nan nan 0.00045455 -0.00022727 nan nan nan nan 0.79835846 0.79835846 0.00000000 0.50690909 0.00339394 0.02618182 0.24931818 0.49727273 nan nan nan nan 0.02545455 0.00681818 nan nan nan nan
0.07495017 -0.28108441 -5.00000000 4.02424242 0.00072727 0.00169697 4.02681818 4.02454545 nan nan nan nan 0.00181818 -0.00045455 nan nan nan nan 0.22891630 0.29671487 -3.00000000 0.53333333 0.00000000 0.03345455 0.43113636 0.52886364 nan nan nan nan 0.03022727 0.00000000 nan nan nan nan
0.14336162 0.26214333 -2.00000000 4.02642424 -0.00048485 0.00000000 4.03227273 4.02704545 nan nan nan nan -0.00159091 0.00068182 nan nan nan nan 0.35627041 0.39534842 -1.00000000 0.52703030 0.00484848 0.02424242 0.43272727 0.52090909 nan nan nan nan 0.03090909 -0.00227273 nan nan nan nan
-0.10033782 -0.32137614 -5.00000000 4.02593939 0.00072727 -0.00169697 4.03159091 4.03090909 nan nan nan nan -0.00090909 -0.00227273 nan nan nan nan 0.43559792 0.43559792 0.00000000 0.53575758 0.00072727 0.03515152 0.42909091 0.53840909 nan nan nan nan 0.03477273 -0.00340909 nan nan nan nan
-0.09038713 -0.40795732 -5.00000000 4.02787879 -0.00024242 -0.00121212 4.02386364 4.02522727 nan nan nan nan -0.00090909 0.00090909 nan nan nan nan -0.02782585 0.09019002 -1.00000000 0.50545455 0.00412121 0.02109091 0.24500000 0.49772727 nan nan nan nan 0.02772727 0.00272727 nan nan nan nan
0.30178194 0.30178194 0.00000000 4.02278788 -0.00048485 0.00072727 4.03227273 4.02113636 nan nan nan nan 0.00000000 -0.00022727 nan nan nan nan 0.25213556 0.35145839 -2.00000000 0.55078788 0.00072727 0.03466667 0.44431818 0.53931818 nan nan nan nan 0.02613636 0.00636364 nan nan nan nan
0.25623259 -0.45093605 -6.00000000 4.03175758 0.00024242 -0.00121212 4.02681818 4.03363636 nan nan nan nan 0.00136364 -0.00136364 nan nan nan nan -0.00694840 0.14848942 -6.00000000 0.53769697 -0.00072727 0.03272727 0.42977273 0.54227273 nan nan nan nan 0.03409091 -0.00250000 nan nan nan nan
nan nan -6.00000000 4.00000000 0.00000000 0.00000000 4.00000000 4.00000000 4.00000000 4.00000000 nan nan 0.00000000 0.00000000 0.00000000 0.00000000 nan nan -0.72775949 -0.72775949 0.00000000 0.54293333 0.00426667 0.02826667 0.31800000 0.53300000 0.53500000 0.53800000 nan nan 0.02700000 0.00350000 0.00750000 -0.00900000 nan nan
nan nan -6.00000000 4.00000000 0.00000000 0.00000000 4.00000000 4.00000000 4.00000000 4.00000000 nan nan 0.00000000 0.00000000 0.00000000 0.00000000 nan nan -0.73765441 -0.73765441 0.00000000 0.53226667 -0.00373333 0.04000000 0.31200000 0.52200000 0.54300000 0.53100000 nan nan 0.03250000 -0.00400000 0.00600000 -0.00200000 nan nan
nan nan -6.00000000 4.00000000 0.00000000 0.00000000 4.00000000 4.00000000 4.00000000 4.00000000 nan nan 0.00000000 0.00000000 0.00000000 0.00000000 nan nan -0.74108263 -0.74108263 0.00000000 0.52640000 -0.00053333 0.03840000 0.31700000 0.55150000 0.55200000 0.53950000 nan nan 0.03600000 -0.00050000 -0.00300000 0.00000000 nan nan
nan nan -6.00000000 4.00000000 0.00000000 0.00000000 4.00000000 4.00000000 4.00000000 4.00000000 nan nan 0.00000000 0.00000000 0.00000000 0.00000000 nan nan -0.11420566 -0.15523473 -5.00000000 0.52320000 0.00106667 0.02880000 0.30350000 0.52300000 0.52850000 0.52300000 nan nan 0.03150000 0.00050000 -0.00100000 0.00250000 nan nan
nan nan -6.00000000 4.00000000 0.00000000 0.00000000 4.00000000 4.00000000 4.00000000 4.00000000 nan nan 0.00000000 0.00000000 0.00000000 0.00000000 nan nan -0.77613437 -0.77613437 0.00000000 0.27840000 0.00213333 0.02026667 0.12500000 0.27400000 0.28850000 0.29700000 nan nan 0.01300000 0.00500000 0.00000000 -0.00500000 nan nan
nan nan -6.00000000 4.00000000 0.00000000 0.00000000 4.00000000 4.00000000 4.00000000 4.00000000 nan nan 0.00000000 0.00000000 0.00000000 0.00000000 nan nan -0.71543701 -0.71543701 0.00000000 0.55360000 0.00213333 0.03200000 0.32050000 0.53450000 0.54550000 0.53500000 nan nan 0.03250000 -0.00100000 0.00400000 -0.00650000 nan nan
nan nan -6.00000000 4.00000000 0.00000000 0.00000000 4.00000000 4.00000000 4.00000000 4.00000000 nan nan 0.00000000 0.00000000 0.00000000 0.00000000 nan nan -0.04387444 -0.10893771 -2.00000000 0.27253333 0.00213333 0.01173333 0.14650000 0.28350000 0.29200000 0.28050000 nan nan 0.01200000 0.00200000 0.00250000 -0.00450000 nan nan
nan nan -6.00000000 4.00000000 0.00000000 0.00000000 4.00000000 4.00000000 4.00000000 4.00000000 nan nan 0.00000000 0.00000000 0.00000000 0.00000000 nan nan 0.01091344 0.08967705 -6.00000000 0.28106667 0.00213333 0.01653333 0.13000000 0.29050000 0.29250000 0.28100000 nan nan 0.01650000 0.00200000 0.00150000 -0.00350000 nan nan
nan nan -6.00000000 4.00000000 0.00000000 0.00000000 4.00000000 4.00000000 4.00000000 4.00000000 nan nan 0.00000000 0.00000000 0.00000000 0.00000000 nan nan -0.79266714 -0.79266714 0.00000000 0.29120000 -0.00053333 0.01493333 0.12750000 0.27850000 0.28400000 0.28800000 nan nan 0.01300000 0.00550000 0.00250000 0.00000000 nan nan
nan nan -6.00000000 4.00000000 0.00000000 0.00000000 4.00000000 4.00000000 4.00000000 4.00000000 nan nan 0.00000000 0.00000000 0.00000000 0.00000000 nan nan 0.02174761 0.07448239 -3.00000000 0.53973333 -0.00266667 0.03360000 0.31300000 0.53850000 0.54100000 0.51800000 nan nan 0.03550000 -0.00700000 0.00300000 0.00350000 nan nan
nan nan -6.00000000 4.00000000 0.00000000 0.00000000 4.00000000 4.00000000 4.00000000 4.00000000 nan nan 0.00000000 0.00000000 0.00000000 0.00000000 nan nan 0.11257393 0.11257393 0.00000000 0.29920000 0.00213333 0.00853333 0.11950000 0.28400000 0.28800000 0.31550000 nan nan 0.01350000 0.00350000 0.00700000 -0.00850000 nan nan
nan nan -6.00000000 4.00000000 0.00000000 0.00000000 4.00000000 4.00000000 4.00000000 4.00000000 nan nan 0.00000000 0.00000000 0.00000000 0.00000000 nan nan -0.06063693 -0.16873057 -6.00000000 0.29120000 0.00213333 0.01226667 0.13050000 0.29250000 0.28650000 0.29700000 nan nan 0.01850000 -0.00200000 -0.00050000 -0.00200000 nan nan
0.38254890 0.45099754 -4.00000000 4.00041152 0.00000000 -0.00040900 4.00768528 4.00038344 4.00000000 nan nan nan 0.00000000 -0.00038344 0.00000000 nan nan nan -0.57187200 -0.57187200 0.00000000 0.55127875 -0.00408998 0.03703199 0.38507110 0.53157190 0.53077189 nan nan nan 0.02875767 0.00076687 0.00306748 nan nan nan
0.45510113 0.45510113 0.00000000 4.00305643 0.00000000 0.00077499 4.01715974 4.00215517 4.00430218 4.00501241 4.00213068 4.00640837 -0.00071023 0.00071023 0.00000000 -0.00071023 0.00000000 0.00142045 -0.76911829 -0.76911829 0.00000000 0.52218739 -0.00306513 0.03449147 0.26512702 0.51213917 0.51575562 0.54135645 0.53133164 0.52006596 0.02982955 0.00426136 -0.00426136 0.00355114 -0.00284091 -0.00213068
-0.13556028 -0.13556028 0.00000000 4.00000000 0.00000000 0.00245904 3.99808992 4.00038580 4.00000000 nan nan nan 0.00153374 0.00000000 0.00000000 nan nan nan -0.61487119 -0.61487119 0.00000000 0.52504734 -0.00204499 0.03826656 0.37310649 0.52733754 0.52691860 nan nan nan 0.02837423 0.00498466 0.00115031 nan nan nan
0.45589033 0.51287492 -1.00000000 4.00000000 0.00000000 -0.00040647 4.00422726 4.00076687 4.00000000 nan nan nan 0.00000000 -0.00076687 0.00000000 nan nan nan -0.53281418 -0.53281418 0.00000000 0.51966977 0.00081800 0.03170492 0.39002973 0.53575892 0.53351748 nan nan nan 0.03719325 -0.01111963 0.00421779 nan nan nan
-0.13480589 -0.33065976 -3.00000000 4.00000000 0.00000000 -0.00246156 3.99689465 4.00115267 4.00000000 nan nan nan -0.00076687 -0.00038344 0.00000000 nan nan nan -0.56420567 -0.56420567 0.00000000 0.53328789 0.00245399 0.03336110 0.39657417 0.55382063 0.53225829 nan nan nan 0.03144172 -0.00191718 0.00000000 nan nan nan
0.11670647 -0.31244387 -4.00000000 4.01151506 0.00163599 -0.00491555 4.00306038 4.00616101 4.00463673 nan nan nan -0.00191718 -0.00038344 0.00076687 nan nan nan -0.12885956 -0.39614277 -5.00000000 0.52912722 0.00572597 0.02514832 0.38240362 0.52693990 0.54809513 nan nan nan 0.02914110 0.00153374 0.00613497 nan nan nan
-0.08620861 -0.13323206 -1.00000000 4.01766013 0.00408998 -0.00449898 4.00346512 4.00346039 4.00078344 nan nan nan -0.00115031 0.00076687 0.00038344 nan nan nan -0.56099583 -0.56099583 0.00000000 0.55456588 0.00081800 0.03994042 0.39624754 0.54655665 0.55346323 nan nan nan 0.03067485 0.00345092 -0.00575153 nan nan nan
0.19874722 0.19874722 0.00000000 4.01674504 -0.00153257 0.00232497 4.02712742 4.01858836 4.02572329 4.01714342 4.02282524 4.00784515 -0.00142045 0.00000000 0.00142045 0.00000000 -0.00142045 0.00000000 -0.79065278 -0.79065278 0.00000000 0.55945664 -0.00459770 0.03142633 0.25938806 0.52855603 0.51339636 0.51792712 0.51991902 0.54850771 0.03125000 0.00355114 -0.00213068 -0.00497159 0.00710227 -0.00568182
-0.19281283 -0.19281283 0.00000000 4.01981017 0.00229885 0.00000871 4.01002482 4.02213133 4.01926594 4.01790263 4.01929859 4.01788630 0.00284091 -0.00142045 -0.00071023 -0.00142045 -0.00071023 0.00142045 -0.14514611 -0.19758973 -2.00000000 0.52282306 0.00076628 0.02990247 0.26146976 0.51722505 0.53210717 0.55502220 0.53503788 0.54006661 0.02556818 0.00923295 -0.00071023 -0.00071023 -0.00355114 0.00071023
-0.01752821 0.09661379 -2.00000000 4.01596134 -0.00153257 0.00153257 4.02001698 4.01928226 4.02003331 4.02141294 4.02567431 4.02287422 0.00426136 -0.00284091 0.00000000 0.00142045 -0.00142045 -0.00071023 -0.81116945 -0.81116945 0.00000000 0.54188436 -0.00153257 0.02683734 0.24589374 0.55792026 0.53867065 0.55716921 0.54285854 0.51708627 0.02627841 0.00426136 0.00000000 -0.00071023 0.00284091 -0.00355114
0.59568246 0.59568246 0.00000000 4.00533786 0.00000000 0.00230756 4.02217215 4.00284091 4.00641654 4.00286540 4.00572264 4.00428585 -0.00071023 0.00142045 -0.00142045 0.00000000 0.00000000 0.00071023 -0.82196984 -0.82196984 0.00000000 0.56019680 -0.00229885 0.03448276 0.25877580 0.52635188 0.54278507 0.54217281 0.52997649 0.54640968 0.02769886 0.00639205 0.00142045 -0.00355114 0.00000000 -0.00071023
-0.08315736 -0.08315736 0.00000000 4.01146813 -0.00076628 0.00306513 4.01573929 4.02002514 4.01784548 4.02215583 4.01571480 4.03285822 0.00142045 -0.00071023 0.00071023 0.00071023 0.00071023 -0.00213068 -0.78161977 -0.78161977 0.00000000 0.53580634 0.00000000 0.02836120 0.27303749 0.56276123 0.51932308 0.53934822 0.54057275 0.54005029 0.02911932 0.00284091 0.00781250 -0.00710227 0.00355114 -0.00355114
0.04353124 0.39660351 -4.00000000 3.78199394 0.00468584 -0.00473157 3.78059080 nan nan nan nan nan -0.00199681 nan nan nan nan nan 0.57906217 0.57906217 0.00000000 0.54863057 -0.00170394 0.03718222 0.36723934 nan nan nan nan nan 0.03234824 nan nan nan nan nan
0.53728339 0.53728339 0.00000000 4.17097590 -0.00056259 0.00256474 4.13394962 4.17026114 nan nan nan nan 0.00498950 -0.00183824 nan nan nan nan 0.79148958 0.79148958 0.00000000 0.55419636 0.00225035 0.02644872 0.29341737 0.54108273 nan nan nan nan 0.03019958 0.00105042 nan nan nan nan
0.05819111 0.17448122 -3.00000000 3.78157341 0.00042599 -0.00025805 3.77960584 nan nan nan nan nan -0.00099840 nan nan nan nan nan 0.59627936 0.59627936 0.00000000 0.53795909 0.00000000 0.03697127 0.35383835 nan nan nan nan nan 0.03334665 nan nan nan nan nan
0.17511314 0.17511314 0.00000000 3.78455804 -0.00212993 0.00315051 3.77701383 nan nan nan nan nan 0.00139776 nan nan nan nan nan 0.65949988 0.65949988 0.00000000 0.56144357 0.00851970 0.02802354 0.35023578 nan nan nan nan nan 0.02915335 nan nan nan nan nan
-0.27892684 -0.30204111 -1.00000000 3.77666093 -0.00042599 -0.00367685 3.78738506 nan nan nan nan nan -0.00019968 nan nan nan nan nan 0.58102641 0.58102641 0.00000000 0.54439120 -0.00234292 0.03354496 0.36962847 nan nan nan nan nan 0.03354633 nan nan nan nan nan
-0.01013582 0.36417513 -4.00000000 3.78155771 -0.00191693 -0.00068676 3.78579977 nan nan nan nan nan -0.00159744 nan nan nan nan nan 0.11129171 0.24531849 -6.00000000 0.55353759 -0.00106496 0.03354837 0.34340824 nan nan nan nan nan 0.03254792 nan nan nan nan nan
0.30441872 0.49638064 -5.00000000 3.78071940 -0.00255591 -0.00025395 3.79479947 nan nan nan nan nan -0.00279553 nan nan nan nan nan -0.64456759 -0.64456759 0.00000000 0.55482920 0.00106496 0.03035007 0.35623387 nan nan nan nan nan 0.03274760 nan nan nan nan nan
0.56257581 0.64629052 -1.00000000 4.13022846 -0.00084388 0.00313324 4.16500683 4.13236291 nan nan nan nan 0.00315126 -0.00288866 nan nan nan nan -0.75752649 -0.75752649 0.00000000 0.54573627 0.00281294 0.03207224 0.30395813 0.53762233 nan nan nan nan 0.03308824 -0.00157563 nan nan nan nan
0.02598727 0.33687179 -3.00000000 4.12939758 0.00140647 0.00002955 4.13182662 4.12997398 nan nan nan nan 0.00052521 0.00026261 nan nan nan nan -0.03004962 0.05808590 -6.00000000 0.54351428 -0.00281294 0.03573261 0.30265841 0.54078356 nan nan nan nan 0.03019958 0.00210084 nan nan nan nan
0.58903125 0.63974111 -2.00000000 4.12801002 -0.00084388 -0.00135092 4.16735808 4.12975348 nan nan nan nan -0.00157563 -0.00078782 nan nan nan nan -0.78204451 -0.78204451 0.00000000 0.54547625 -0.00140647 0.03628928 0.29107830 0.54130655 nan nan nan nan 0.03440126 -0.00026261 nan nan nan nan
0.15557274 -0.17460014 -5.00000000 4.16983418 0.00056259 -0.00276448 4.16682068 4.17129827 nan nan nan nan 0.00183824 -0.00078782 nan nan nan nan 0.74595747 0.74595747 0.00000000 0.53256391 0.00253165 0.03263601 0.30449886 0.54578635 nan nan nan nan 0.03361345 -0.00183824 nan nan nan nan
0.57839935 0.57839935 0.00000000 4.12154499 -0.00168776 0.00004609 4.16524284 4.12790749 nan nan nan nan -0.00236345 0.00078782 nan nan nan nan -0.75124465 -0.75124465 0.00000000 0.53116808 0.00084388 0.03404130 0.30215979 0.53605778 nan nan nan nan 0.03098739 0.00288866 nan nan nan nan
-0.30063673 -0.30456163 -2.00000000 4.17655450 0.00056259 -0.00220189 4.16129711 4.17946783 nan nan nan nan -0.00026261 0.00000000 nan nan nan nan -0.53811240 -0.53811240 0.00000000 0.52666383 0.00140647 0.03517002 0.40425553 0.55210549 nan nan nan nan 0.03230042 0.00026261 nan nan nan nan
0.01136388 0.22334194 -6.00000000 3.78242334 -0.00170394 0.00059870 3.78259912 nan nan nan nan nan -0.00139776 nan nan nan nan nan -0.45935284 -0.45935284 0.00000000 0.53755564 0.00042599 0.03739862 0.41563242 nan nan nan nan nan 0.03254792 nan nan nan nan nan
-0.43413196 -0.43413196 0.00000000 4.18133768 -0.00365682 0.00734555 4.15762729 4.19074877 nan nan nan nan 0.00472689 -0.00157563 nan nan nan nan -0.51960237 -0.51960237 0.00000000 0.52920848 0.00112518 0.03208406 0.38926156 0.51365103 nan nan nan nan 0.03177521 0.00183824 nan nan nan nan
0.66529191 0.68039179 -1.00000000 4.18356676 -0.00309423 0.00312969 4.13211028 4.18418586 nan nan nan nan 0.00052521 0.00210084 nan nan nan nan 0.54732264 0.54732264 0.00000000 0.54436998 0.00731364 0.02589677 0.40135026 0.54764010 nan nan nan nan 0.02836134 0.00000000 nan nan nan nan
-0.11981131 0.13151103 -4.00000000 4.16423785 -0.00365682 0.00623102 4.16182454 4.17237750 nan nan nan nan 0.00026261 -0.00105042 nan nan nan nan -0.76926292 -0.76926292 0.00000000 0.26080204 0.00168776 0.01153660 0.13658565 0.26446211 nan nan nan nan 0.01418067 0.00525210 nan nan nan nan
-0.17562487 -0.19484825 -1.00000000 4.17263294 -0.00056259 0.00341335 4.16686168 4.17447612 nan nan nan nan -0.00026261 0.00288866 nan nan nan nan -0.55372251 -0.55372251 0.00000000 0.54323063 -0.00365682 0.03349171 0.40319514 0.54711267 nan nan nan nan 0.03046218 -0.00131303 nan nan nan nan
0.50840064 0.50840064 0.00000000 4.16982000 -0.00112518 0.00312142 4.13736571 4.16129711 nan nan nan nan 0.00446429 -0.00026261 nan nan nan nan 0.81729699 0.81729699 0.00000000 0.27373093 -0.00168776 0.01941046 0.11765260 0.26578179 nan nan nan nan 0.01444328 -0.00052521 nan nan nan nan
0.02830248 -0.10856538 -3.00000000 3.78007632 0.00042599 0.00101991 3.77919879 nan nan nan nan nan -0.00059904 nan nan nan nan nan 0.82687519 0.82687519 0.00000000 0.34023443 0.00255591 0.01389981 0.15440104 nan nan nan nan nan 0.01936901 nan nan nan nan nan
0.11354674 0.11354674 0.00000000 3.78137066 0.00000000 -0.00345089 3.78659529 nan nan nan nan nan -0.00439297 nan nan nan nan nan -0.83735187 -0.83735187 0.00000000 0.33385353 0.00404686 0.01561399 0.14022308 nan nan nan nan nan 0.01657348 nan nan nan nan nan
-0.03736444 -0.10206922 -2.00000000 3.78070574 -0.00106496 0.00016521 3.78179208 nan nan nan nan nan 0.00099840 nan nan nan nan nan 0.49760097 0.49760097 0.00000000 0.55757557 -0.00255591 0.03803214 0.42823726 nan nan nan nan nan 0.03554313 nan nan nan nan nan
-0.01254003 -0.17935128 -5.00000000 3.78136588 -0.00085197 -0.00175104 3.78198792 nan nan nan nan nan -0.00339457 nan nan nan nan nan 0.84593774 0.84593774 0.00000000 0.32445455 0.00447284 0.01005912 0.13821027 nan nan nan nan nan 0.01697284 nan nan nan nan nan
0.19608977 0.27424955 -6.00000000 3.77963873 -0.00106496 0.00080760 3.77280006 nan nan nan nan nan -0.00039936 nan nan nan nan nan 0.84395719 0.84395719 0.00000000 0.33041561 0.00191693 0.01325810 0.15500904 nan nan nan nan nan 0.01797125 nan nan nan nan nan
-0.05488720 -0.08936073 -6.00000000 4.00229885 -0.00076628 0.00076628 4.00286540 4.00426953 4.00572264 4.00284091 4.00571447 4.00571447 0.00142045 -0.00071023 0.00000000 0.00000000 0.00071023 -0.00142045 -0.55755760 -0.55755760 0.00000000 0.10444096 -0.00229885 0.00690526 0.04857301 0.11148119 0.12711435 0.11855081 0.10786475 0.10850967 0.00639205 0.00142045 0.00000000 -0.00284091 0.00000000 -0.00142045
-0.89709278 -0.89709278 0.00000000 4.08941655 0.00081800 -0.00081800 4.00038580 4.09268963 4.08576886 nan nan nan 0.00460123 -0.00076687 0.00115031 nan nan nan -0.76080660 -0.76080660 0.00000000 0.18133253 0.00286299 0.00783660 0.08463275 0.21498192 0.19690837 nan nan nan 0.01035276 0.00230061 -0.00345092 nan nan nan
0.18798282 0.18798282 0.00000000 4.00457158 0.00000000 -0.00151515 4.00783699 4.00070206 4.00142862 3.99927345 4.00429402 4.00926561 -0.00142045 0.00000000 0.00000000 0.00142045 -0.00071023 -0.00071023 -0.63208557 -0.63208557 0.00000000 0.11137234 -0.00076628 0.00537269 0.04065439 0.11499967 0.13073080 0.12142437 0.09999510 0.12144886 0.00639205 -0.00071023 -0.00071023 -0.00071023 0.00000000 0.00213068
0.49479720 0.49479720 0.00000000 4.00912574 0.00000000 0.00232497 4.02359261 4.00426136 4.00497159 4.00713493 4.00355930 4.00142045 -0.00142045 -0.00071023 -0.00071023 0.00142045 0.00000000 -0.00071023 -0.52534770 -0.52534770 0.00000000 0.11360153 0.00306513 0.00229885 0.04583007 0.11061586 0.12206929 0.11926920 0.09926038 0.11436292 0.01349432 -0.00355114 -0.00142045 -0.00071023 0.00355114 -0.00142045
-0.02386194 -0.06471830 -1.00000000 4.00305643 0.00153257 -0.00229014 4.00427769 4.00358379 4.00499608 4.00214701 4.00572264 4.00785332 -0.00142045 0.00071023 -0.00071023 0.00142045 0.00000000 0.00000000 -0.78813286 -0.78813286 0.00000000 0.44050853 -0.00076628 0.02223964 0.20288826 0.44435737 0.43138551 0.44484718 0.43070794 0.44143482 0.01988636 0.00852273 0.00213068 -0.00426136 0.00000000 0.00213068
0.29859419 0.29993473 -1.00000000 4.02437304 -0.00229885 0.00229885 4.00571447 4.02216399 4.01427802 4.01430251 4.01358412 4.01932308 0.00000000 0.00000000 0.00071023 -0.00071023 0.00142045 -0.00142045 0.58281156 0.58281156 0.00000000 0.13868861 0.00000000 0.00306513 0.04364224 0.10364420 0.11708137 0.12362853 0.10072982 0.11721199 0.00568182 -0.00071023 0.00000000 0.00142045 0.00071023 -0.00071023
-0.01653501 0.10001481 -6.00000000 4.02057645 0.00000000 0.00001742 4.02147009 4.01430251 4.02424569 4.02862134 4.02427018 4.01569031 0.00071023 -0.00071023 0.00000000 0.00000000 0.00000000 -0.00071023 0.79346340 0.79346340 0.00000000 0.44818008 -0.00153257 0.02681992 0.20501078 0.41710750 0.42074843 0.44009600 0.44500229 0.44793299 0.02201705 0.00781250 0.00071023 -0.00142045 -0.00639205 0.00355114
-0.03313888 0.04889103 -5.00000000 4.00369613 -0.00040900 -0.00205004 4.00500833 4.00462016 4.00461543 nan nan nan -0.00115031 0.00000000 -0.00038344 nan nan nan 0.68993009 0.68993009 0.00000000 0.53851397 -0.00449898 0.04154106 0.34272277 0.53502992 0.51925935 nan nan nan 0.03374233 -0.00268405 0.00383436 nan nan nan
0.37000685 0.37724757 -1.00000000 4.00328713 0.00000000 0.00000000 4.00000000 4.00500123 4.00307932 nan nan nan 0.00000000 0.00038344 -0.00038344 nan nan nan 0.74776874 0.74776874 0.00000000 0.54966800 -0.00408998 0.03702441 0.33157237 0.54651878 0.54659926 nan nan nan 0.03335890 -0.00536810 0.00230061 nan nan nan
-0.24155540 -0.28764790 -6.00000000 4.00533970 0.00040900 0.00288823 4.00999299 4.00154084 4.00230771 nan nan nan -0.00076687 0.00000000 0.00038344 nan nan nan 0.77778603 0.77778603 0.00000000 0.17435936 -0.00040900 0.01398924 0.07962442 0.19542907 0.20696527 nan nan nan 0.01035276 -0.00076687 0.00038344 nan nan nan
-0.86541773 -0.86541773 0.00000000 4.08450857 0.00000000 0.00082305 4.00693261 4.09308017 4.08577123 nan nan nan 0.00421779 -0.00038344 0.00038344 nan nan nan -0.73807572 -0.73807572 0.00000000 0.53400237 0.00000000 0.03703704 0.31888113 0.55153895 0.52729257 nan nan nan 0.03527607 -0.00421779 0.00536810 nan nan nan
0.00270013 -0.07159283 -5.00000000 4.00452170 0.00000000 -0.00206266 4.00382252 4.00307459 4.00423199 nan nan nan 0.00153374 -0.00076687 0.00000000 nan nan nan 0.71763529 0.71763529 0.00000000 0.52497160 0.00122699 0.03212149 0.32314152 0.53920510 0.53993884 nan nan nan 0.02760736 0.00306748 0.00306748 nan nan nan
-0.14642262 -0.19198110 -2.00000000 4.01818022 -0.00754717 0.00379710 4.01818462 4.03180656 4.04588036 4.02058720 4.03705806 nan -0.00175234 0.00116822 -0.00233645 0.00175234 0.00058411 nan -0.84266794 -0.84266794 0.00000000 0.40529007 0.00188679 0.01761594 0.16536986 0.41297280 0.39590681 0.41530374 0.37468039 nan 0.02394860 0.00292056 -0.00116822 -0.00233645 0.00000000 nan
0.63833359 0.63833359 0.00000000 4.17997928 0.00185185 -0.00127881 4.24521962 4.17698924 4.18651661 4.17175663 nan nan -0.00434028 -0.00043403 0.00086806 0.00303819 nan nan -0.86448303 -0.86448303 0.00000000 0.49301994 -0.00231481 0.02609428 0.21265844 0.49258511 0.49791181 0.49433336 nan nan 0.02300347 0.00477431 0.00130208 0.00173611 nan nan
-0.15522278 -0.18008248 -2.00000000 4.02821960 -0.00251572 0.00253336 4.02296222 4.03590637 4.04294326 4.03348175 4.04116338 nan 0.00058411 0.00000000 0.00175234 -0.00175234 -0.00350467 nan -0.80624807 -0.80624807 0.00000000 0.39711397 -0.00817610 0.02767296 0.17299087 0.39528412 0.37635558 0.40056317 0.39114574 nan 0.02278037 0.00584112 0.00116822 -0.00525701 0.00000000 nan
-0.19111471 -0.22109534 -1.00000000 4.03141715 -0.00251572 0.00252748 4.01652597 4.03646293 4.02528214 4.03824832 4.03352583 nan -0.00350467 0.00292056 -0.00058411 0.00116822 -0.00058411 nan -0.75316974 -0.75316974 0.00000000 0.41606419 0.00062893 0.02641509 0.18543908 0.36531256 0.38297368 0.39117329 0.39949965 nan 0.02102804 0.00350467 0.00175234 -0.00467290 -0.00058411 nan
-0.01836301 -0.06654207 -5.00000000 4.03824134 0.00691824 -0.00690061 4.03061078 4.03534981 4.03940553 4.02586074 4.02411391 nan 0.00292056 -0.00292056 0.00292056 -0.00408879 0.00292056 nan -0.72145744 -0.72145744 0.00000000 0.51883854 -0.00314465 0.03774760 0.30894573 0.53587881 0.54583627 0.54235915 0.50363141 nan 0.03037383 0.00350467 -0.00525701 0.00058411 0.00292056 nan
-0.09376475 -0.09376475 0.00000000 4.03012402 -0.00188679 0.00502557 4.02354633 4.02943154 4.03116734 4.02587176 4.03706908 nan 0.00175234 0.00175234 0.00058411 -0.00408879 0.00292056 nan -0.81103712 -0.81103712 0.00000000 0.41145007 0.00251572 0.02012579 0.16417960 0.38348065 0.37418996 0.38948157 0.40528566 nan 0.02278037 -0.00116822 0.00467290 0.00058411 0.00175234 nan
-0.03772072 -0.15448491 -6.00000000 4.04205607 -0.00251572 0.00379122 4.02587727 4.02057067 4.03234108 4.02179400 4.03123347 nan 0.00292056 -0.00292056 -0.00116822 0.00116822 -0.00116822 nan -0.69699654 -0.69699654 0.00000000 0.54961500 0.00000000 0.03584906 0.32244644 0.54292673 0.53881591 0.53942757 0.52060924 nan 0.03095794 0.00233645 -0.00525701 0.00700935 -0.00233645 nan
0.70032800 0.70032800 0.00000000 4.17392191 0.00185185 0.00102629 4.24953866 4.16914943 4.15913340 4.16697929 nan nan 0.00043403 0.00217014 -0.00086806 0.00086806 nan nan -0.56847563 -0.56847563 0.00000000 0.51720409 0.00694444 0.02617521 0.37708212 0.53817016 0.53091310 0.52484278 nan nan 0.02951389 -0.00520833 0.00086806 0.00477431 nan nan
0.54004042 0.54004042 0.00000000 4.17623349 -0.00648148 0.00707718 4.23523091 4.17952967 4.16395627 4.16869112 nan nan -0.00477431 -0.00651042 0.00260417 0.00303819 nan nan -0.59412856 -0.59412856 0.00000000 0.53428840 0.00787037 0.02616550 0.37574968 0.54866878 0.51740664 0.52392616 nan nan 0.03255208 0.00086806 -0.00173611 -0.00043403 nan nan
0.51349819 0.51349819 0.00000000 4.15861500 -0.00138889 0.00381054 4.22696921 4.17256702 4.16782913 4.16438423 nan nan -0.00477431 0.00520833 -0.00477431 0.00607639 nan nan -0.87538146 -0.87538146 0.00000000 0.50000324 0.00231481 0.02426509 0.21746916 0.47049218 0.49825478 0.48564370 nan nan 0.02604167 0.00217014 0.00477431 -0.00217014 nan nan
0.45334991 0.48944453 -6.00000000 4.18457006 0.00138889 0.00938552 4.24477953 4.20045102 4.18174230 4.18868978 nan nan 0.00260417 0.00086806 0.00260417 -0.00564236 nan nan -0.55546736 -0.55546736 0.00000000 0.55380083 -0.00740741 0.04238215 0.38055434 0.53260065 0.51521525 0.52916181 nan nan 0.02907986 0.00651042 -0.00954861 0.00998264 nan nan
0.53552185 0.53552185 0.00000000 4.18232323 -0.00046296 -0.00594082 4.22955213 4.17433044 4.17999709 4.17831561 nan nan -0.00737847 -0.00173611 0.00173611 0.00434028 nan nan -0.59255621 -0.59255621 0.00000000 0.55103600 0.00972222 0.02525253 0.37486949 0.52131289 0.54081986 0.54001858 nan nan 0.03125000 0.00217014 -0.00217014 0.00043403 nan nan
-0.95316243 -0.95316243 0.00000000 4.07908966 -0.00104167 0.00104167 3.98805326 4.07511932 nan nan nan nan 0.00585938 0.00170898 nan nan nan nan -0.47297839 -0.47609264 -2.00000000 0.53952963 0.00156250 0.02864583 0.43587651 0.53852957 nan nan nan nan 0.02758789 0.00048828 nan nan nan nan
0.61423098 0.63979322 -2.00000000 4.07919482 -0.00045351 0.00093412 4.10490382 4.08191562 nan nan nan nan -0.00148810 -0.00021259 nan nan nan nan -0.38892400 -0.38892400 0.00000000 0.53301216 -0.00090703 0.03436806 0.44724844 0.52999408 nan nan nan nan 0.02912415 0.00021259 nan nan nan nan
-0.94834541 -0.94834541 0.00000000 4.06815216 0.00182292 -0.00182292 3.99000638 4.07439544 nan nan nan nan 0.00439453 -0.00048828 nan nan nan nan -0.39525290 -0.39525290 0.00000000 0.53773204 -0.00156250 0.03307292 0.45437515 0.55047726 nan nan nan nan 0.03125000 -0.00146484 nan nan nan nan
-0.93378895 -0.93378895 0.00000000 4.07233706 0.00208333 -0.00234375 3.99097725 4.07194644 nan nan nan nan 0.00488281 0.00000000 nan nan nan nan -0.36301451 -0.36301451 0.00000000 0.52676921 -0.00182292 0.03307292 0.44878747 0.53412839 nan nan nan nan 0.03295898 -0.00195312 nan nan nan nan
-0.95940905 -0.95940905 0.00000000 4.07596668 -0.00208333 0.00286458 3.99049372 4.07708289 nan nan nan nan 0.00756836 -0.00195312 nan nan nan nan -0.68566361 -0.68566361 0.00000000 0.55772536 -0.00494792 0.03776042 0.34732946 0.57778396 nan nan nan nan 0.03149414 -0.00341797 nan nan nan nan
-0.65212796 -0.65212796 0.00000000 3.96462184 -0.00286458 0.00260417 3.98976224 3.96902074 nan nan nan nan -0.00195312 -0.00047783 nan nan nan nan 0.46607719 0.46607719 0.00000000 0.53693560 -0.00260417 0.03255208 0.43585371 0.54170150 nan nan nan nan 0.03002930 0.00181918 nan nan nan nan
-0.44194015 -0.44194015 0.00000000 3.97555225 0.00052083 -0.00104167 3.98951620 3.96633424 nan nan nan nan -0.00122070 0.00219727 nan nan nan nan 0.67253404 0.67253404 0.00000000 0.55958171 0.00000000 0.03463542 0.34880951 0.55268593 nan nan nan nan 0.03417969 -0.00317383 nan nan nan nan
-0.35359482 -0.35359482 0.00000000 4.08873024 -0.00181406 0.00136054 4.10212498 4.08830913 nan nan nan nan -0.00510204 0.00148810 nan nan nan nan 0.56661462 0.56661462 0.00000000 0.53845666 0.00385488 0.02721088 0.38235631 0.53488208 nan nan nan nan 0.03188776 0.00063776 nan nan nan nan
-0.45697075 -0.45697075 0.00000000 4.08238258 0.00113379 0.00158730 4.10297532 4.08044203 nan nan nan nan -0.00191327 0.00042517 nan nan nan nan 0.55265449 0.55265449 0.00000000 0.54344687 0.00249433 0.02993197 0.38128613 0.53830086 nan nan nan nan 0.03188776 0.00042517 nan nan nan nan
-0.57003624 -0.57003624 0.00000000 4.09598105 -0.00272109 0.00158730 4.11467475 4.09638010 nan nan nan nan -0.00212585 0.00000000 nan nan nan nan 0.47249447 0.50698476 -3.00000000 0.54502720 -0.00090703 0.03265306 0.44129606 0.53998267 nan nan nan nan 0.03125000 0.00042517 nan nan nan nan
0.37750934 0.44493924 -2.00000000 4.09416854 -0.00113379 0.00181406 4.10787929 4.09233518 nan nan nan nan 0.00042517 0.00127551 nan nan nan nan -0.58740200 -0.58740200 0.00000000 0.54141921 0.00045351 0.03151927 0.36512459 0.53276639 nan nan nan nan 0.02848639 0.00573980 nan nan nan nan
-0.59388893 -0.62732325 -1.00000000 4.08327722 -0.00068027 0.00000000 4.10808026 4.08680797 nan nan nan nan 0.00021259 -0.00212585 nan nan nan nan 0.61753153 0.61753153 0.00000000 0.56638032 -0.00226757 0.03673469 0.37640829 0.56957408 nan nan nan nan 0.03422619 -0.00212585 nan nan nan nan
