50.00000000 126.01083633
50.00000000 130.08651220
50.00000000 120.24834894
50.00000000 130.04974390
50.00000000 119.63592397
50.00000000 119.38740395
50.00000000 117.75476831
50.00000000 126.38049940
50.00000000 124.52422729
50.00000000 123.38453157
50.00000000 125.22186705
50.00000000 120.56636735
200.00000000 450.90498423
200.00000000 450.68073472
200.00000000 450.15794662
200.00000000 451.48207006
200.00000000 450.46053370
200.00000000 449.54276186
200.00000000 450.81243295
200.00000000 449.56611513
200.00000000 450.65974187
200.00000000 452.70744839
200.00000000 451.72483334
200.00000000 452.33379983
275.00000000 271.28968981
275.00000000 270.62618395
275.00000000 271.64425772
225.60000000 4119.46838173
275.00000000 270.74823751
275.00000000 271.56298588
226.10000000 4115.94554119
226.50000000 4113.85285442
275.00000000 271.15177581
226.80000000 4114.15703565
226.10000000 4122.45145866
226.40000000 4123.87179802
125.00000000 621.18718920
125.00000000 620.15191647
125.00000000 618.53568924
125.00000000 269.69790795
125.00000000 620.36300872
125.00000000 620.67844179
125.00000000 270.89715863
125.00000000 271.52271459
125.00000000 621.45642919
125.00000000 271.16514981
125.00000000 270.92623748
125.00000000 269.85291885
162.50000000 531.06757149
162.50000000 530.02931255
162.50000000 530.53511430
162.50000000 712.56293393
162.50000000 531.09850804
237.50000000 531.23020400
197.10000000 4675.37240890
197.50000000 4674.79639884
237.50000000 531.44361229
197.10000000 4666.77273742
162.50000000 710.76415094
197.80000000 4675.34785285
312.50000000 180.58672894
312.50000000 181.58040610
312.50000000 179.84296969
312.50000000 360.15715822
312.50000000 181.40668804
87.50000000 179.69698286
87.50000000 362.08816909
87.50000000 364.32064815
87.50000000 181.74348224
87.50000000 357.35920087
312.50000000 360.96788383
87.50000000 361.06639992
197.10000000 4767.12399825
197.20000000 4762.59130662
197.40000000 4770.29977103
237.50000000 182.33725499
197.60000000 4764.23538386
168.50000000 898.17984294
162.50000000 180.07682213
162.50000000 179.31444881
168.00000000 873.78611693
162.50000000 180.30403384
237.50000000 182.73846203
162.50000000 179.07243519
87.50000000 363.13354837
87.50000000 361.24377285
87.50000000 358.99554069
87.50000000 530.16596146
87.50000000 359.13733020
312.50000000 360.77066900
264.50000000 3600.06219813
265.20000000 3599.87449281
312.50000000 361.83565406
264.10000000 3598.62519971
87.50000000 532.17893958
263.90000000 3588.08027426
186.90000000 4936.25896236
187.10000000 4936.74202215
187.00000000 4927.40845596
187.10000000 4941.96125042
186.80000000 4926.40791234
143.80000000 750.55423730
143.80000000 751.90753197
143.80000000 750.91147489
143.80000000 750.28402146
143.80000000 754.54895034
186.50000000 4952.87407146
143.80000000 750.66565612
68.80000000 403.57394532
68.80000000 401.52381530
68.80000000 400.95775789
68.80000000 400.16012544
68.80000000 401.74499147
293.80000000 400.19206954
293.80000000 399.49359954
293.80000000 400.89281599
293.80000000 400.51808856
293.80000000 400.84941051
68.80000000 403.29563086
293.80000000 399.82928458
143.80000000 579.64753184
143.80000000 579.30572193
143.80000000 581.11269091
143.80000000 230.61374478
143.80000000 581.76872371
229.50000000 1172.35419418
218.80000000 230.26885402
218.80000000 230.92000962
218.80000000 580.31248234
218.80000000 228.10435135
143.80000000 230.93346639
218.80000000 230.19355574
293.80000000 232.40016744
293.80000000 231.11338078
293.80000000 232.14379377
241.60000000 3832.46280726
293.80000000 231.45507440
68.80000000 231.81290525
68.80000000 584.38945622
68.80000000 578.47580136
68.80000000 231.49412556
68.80000000 578.60936171
241.40000000 3830.00236963
68.80000000 581.17447041
331.30000000 311.54163681
331.30000000 310.60954539
331.30000000 311.08393346
331.30000000 141.27750538
331.30000000 309.96841975
331.30000000 310.77827883
331.30000000 140.52102066
331.30000000 141.23532913
331.30000000 310.22630145
331.30000000 141.80576812
331.30000000 140.82893297
331.30000000 140.09110093
188.20000000 897.99857840
188.50000000 932.34621027
188.70000000 939.32894971
181.30000000 491.09695850
188.60000000 917.67752793
188.50000000 902.02157865
181.30000000 490.00412540
181.30000000 490.29263926
188.50000000 917.75334909
181.30000000 491.22079082
181.30000000 491.67305274
181.30000000 490.68730781
106.30000000 141.89712846
106.30000000 140.45272494
106.30000000 141.88556721
106.30000000 663.44176588
106.30000000 140.56456071
106.30000000 141.43178784
106.30000000 662.15458431
106.30000000 662.43910892
106.30000000 139.30298723
106.30000000 662.26682789
106.30000000 661.54875570
106.30000000 661.75990857
256.30000000 489.73007357
256.30000000 490.51316895
256.30000000 490.49699345
256.30000000 311.56433512
256.30000000 490.61909218
256.30000000 490.61729339
256.30000000 310.09825083
256.30000000 311.18554714
256.30000000 490.77418123
256.30000000 311.05074980
256.30000000 310.18875030
256.30000000 309.20944154
134.40000000 419.93834203
134.40000000 421.73399070
134.40000000 419.82763804
134.40000000 691.57479985
134.40000000 421.83127604
96.90000000 420.48538840
96.90000000 690.67364867
96.90000000 692.26912586
96.90000000 417.90653403
96.90000000 690.71106889
134.40000000 692.02632181
96.90000000 690.95697026
182.50000000 3995.54721939
182.30000000 3999.98186100
284.40000000 297.28971894
284.40000000 341.94264611
182.00000000 3993.66190111
181.60000000 4589.96143546
246.90000000 317.61162537
246.90000000 340.80834854
246.90000000 342.00272202
246.90000000 318.14778572
284.40000000 282.71154842
246.90000000 319.22890431
209.40000000 251.45671955
209.40000000 251.86031101
209.40000000 250.42923449
209.40000000 160.03075537
209.40000000 251.14232286
321.80000000 250.89354468
321.80000000 161.03314953
321.80000000 160.54045474
321.80000000 250.61994209
321.80000000 160.08661940
209.40000000 161.51915757
321.80000000 159.08019524
59.40000000 601.87731931
59.40000000 601.45135301
59.40000000 602.69508475
59.40000000 511.07877698
59.40000000 601.90918330
171.90000000 600.37695181
171.90000000 509.60186487
171.90000000 512.70938518
171.90000000 602.46619051
171.90000000 511.51394925
59.40000000 509.64207968
171.90000000 511.90653299
96.90000000 691.17112948
96.90000000 692.00435944
96.90000000 689.81371875
96.90000000 249.72560159
96.90000000 687.34137581
203.60000000 1927.06094135
209.40000000 250.49802936
209.40000000 252.38604821
203.50000000 5373.23494293
209.40000000 249.29593399
96.90000000 249.74555858
209.40000000 250.34922356
246.90000000 340.46366599
246.90000000 340.11487264
246.90000000 340.74575158
234.10000000 4567.63640826
246.90000000 340.85915890
59.40000000 339.17446328
59.40000000 602.18488469
59.40000000 604.02732223
59.40000000 339.35957627
59.40000000 604.67946652
233.70000000 2865.36744105
59.40000000 599.82909121
274.80000000 3488.21159052
275.00000000 3494.28765322
274.90000000 3494.70226206
182.80000000 3540.57200756
274.70000000 3491.21396695
134.40000000 511.00978878
135.20000000 780.71020972
134.40000000 772.48312637
134.40000000 509.69288655
134.40000000 770.85217640
182.20000000 3537.47294365
134.40000000 770.86067969
171.90000000 160.84810795
171.90000000 163.92685040
171.90000000 162.53731744
171.90000000 422.97535725
171.90000000 160.91524254
284.40000000 160.76835152
284.40000000 421.33562323
284.40000000 420.78773418
284.40000000 161.28761440
284.40000000 419.53437389
171.90000000 421.14967311
284.40000000 420.66189787
298.50000000 1143.60295481
298.90000000 1147.16748014
298.30000000 1068.66121341
303.10000000 201.07971826
298.50000000 1068.20312887
190.60000000 471.04293163
190.60000000 202.60589364
190.60000000 200.56720414
190.60000000 472.76778145
190.60000000 201.83525024
303.10000000 201.49316181
190.60000000 200.92968926
153.10000000 119.93591362
153.10000000 122.02040777
153.10000000 121.85830844
153.10000000 551.56913153
153.10000000 121.10517143
340.60000000 121.29309653
255.20000000 3331.56711760
254.50000000 3333.86263476
340.60000000 121.16844688
255.60000000 3330.48550046
153.10000000 551.08093624
254.40000000 3330.06542932
78.10000000 641.25806641
78.10000000 641.61535953
78.10000000 640.06158230
78.10000000 729.53496145
78.10000000 640.61019999
218.60000000 4259.58808184
191.90000000 4271.00524761
192.20000000 4271.88356570
219.00000000 4220.59885680
191.90000000 4264.29551193
78.10000000 731.12300979
192.10000000 4268.28280190
228.10000000 291.62610373
228.10000000 289.96784624
228.10000000 290.06998768
228.10000000 380.88485211
228.10000000 291.08717405
115.60000000 289.56776689
115.60000000 380.34995762
115.60000000 381.26309487
115.60000000 291.46278853
115.60000000 380.02077865
228.10000000 381.80705258
115.60000000 384.29140195
265.60000000 201.25763903
265.60000000 200.73368283
265.60000000 199.61073149
218.80000000 4224.60350951
265.60000000 200.49899349
303.10000000 199.80774724
219.80000000 3746.28794738
219.40000000 3744.92529558
303.10000000 200.38521290
219.30000000 3739.87854374
219.10000000 4220.35742772
219.10000000 3748.29220457
115.60000000 548.47698984
115.60000000 552.05989823
115.60000000 551.32318511
115.60000000 290.40919388
115.60000000 549.52539940
153.10000000 550.94531968
153.10000000 291.66871356
153.10000000 290.28178417
153.10000000 551.44742177
153.10000000 289.91227978
115.60000000 291.09120128
153.10000000 291.80759958
190.60000000 380.04537867
190.60000000 380.71188089
190.60000000 381.05288271
190.60000000 119.78916203
190.60000000 380.84603435
78.10000000 380.44739543
78.10000000 122.05262428
78.10000000 122.90160430
78.10000000 382.06290955
78.10000000 118.86815716
190.60000000 120.14700831
78.10000000 120.77301454
192.20000000 3342.24014038
192.10000000 3344.34899644
192.40000000 3337.29887242
299.80000000 3291.23272726
192.00000000 3336.98130721
191.60000000 4816.76696042
228.10000000 469.56581032
228.10000000 472.57297536
192.30000000 4951.46175616
228.10000000 470.83747580
298.70000000 3290.28078098
228.10000000 469.92357529
92.20000000 591.45958970
92.20000000 590.01899316
92.20000000 593.98008487
92.20000000 572.56903549
92.20000000 592.25314756
64.00000000 591.83148352
64.00000000 570.55491911
64.00000000 570.07448565
64.00000000 589.09408272
64.00000000 571.07418002
92.20000000 571.69242519
64.00000000 572.21550443
242.20000000 239.92785279
242.20000000 238.77021820
242.20000000 242.57326230
242.20000000 221.50241602
242.20000000 242.42784235
214.00000000 239.45104905
214.00000000 222.43543612
214.00000000 221.72719957
214.00000000 240.87557776
214.00000000 221.59598084
242.20000000 220.85182136
214.00000000 220.80958588
317.20000000 145.51251414
317.20000000 144.61221721
184.70000000 3590.63998017
317.20000000 142.64736821
317.20000000 144.91817828
289.00000000 158.75157616
289.00000000 390.23617141
289.00000000 155.35704870
184.90000000 3935.86805717
289.00000000 391.28088194
317.20000000 390.51650115
289.00000000 390.19737594
167.20000000 411.01676924
167.20000000 409.92511026
167.20000000 411.35137434
167.20000000 740.54958126
167.20000000 412.01531533
139.00000000 411.83204648
139.00000000 742.68611021
139.00000000 741.93731764
139.00000000 408.95163633
139.00000000 740.06815762
167.20000000 703.41367862
139.00000000 741.22806324
129.70000000 149.52456565
129.70000000 150.10516270
129.70000000 150.00977647
129.70000000 300.39996126
129.70000000 150.31928482
251.50000000 151.11264509
251.50000000 302.08234587
251.50000000 301.94747301
251.50000000 150.65737356
251.50000000 299.95432932
129.70000000 301.16918341
251.50000000 301.38467657
280.90000000 3796.80313001
279.70000000 530.48348272
280.40000000 3768.68666397
215.30000000 4059.71239419
280.70000000 3757.56456898
101.50000000 498.53901871
101.50000000 652.54640076
101.50000000 647.29660633
101.50000000 501.60481319
101.50000000 649.17978715
215.60000000 4055.71298358
101.50000000 650.21297004
204.70000000 321.23095958
204.70000000 321.32059881
204.70000000 321.09914384
204.70000000 481.82098856
204.70000000 320.89776655
176.50000000 319.78844880
176.50000000 480.85022828
176.50000000 482.47274227
176.50000000 320.89621469
176.50000000 480.49355263
204.70000000 481.68243836
176.50000000 481.29717522
54.70000000 673.00070827
54.70000000 671.75754209
54.70000000 672.17066619
54.70000000 130.32108872
54.70000000 673.25919913
209.20000000 3480.20401761
326.50000000 130.29728555
326.50000000 130.84240963
209.50000000 3482.75559381
326.50000000 130.59080418
54.70000000 129.98895623
326.50000000 131.50000970
260.90000000 280.98795960
260.90000000 281.53622989
260.90000000 280.63564402
260.90000000 350.04233372
260.90000000 281.36407178
157.80000000 281.80762490
157.80000000 350.11392034
157.80000000 351.09530352
157.80000000 281.72336127
157.80000000 350.18856219
260.90000000 350.85391757
157.80000000 351.68798070
111.00000000 630.58145123
111.00000000 630.39117916
111.00000000 630.54277739
111.00000000 700.01111167
111.00000000 631.33578844
222.70000000 3688.54745337
200.70000000 3695.25292078
200.40000000 3691.69971275
222.80000000 3687.35245438
200.50000000 3690.96666584
111.00000000 703.65947056
200.20000000 3693.73093875
185.90000000 112.51618516
185.90000000 111.84627828
185.90000000 110.22133464
185.90000000 521.09298678
185.90000000 112.30033943
232.80000000 110.31726356
237.90000000 605.00020354
232.80000000 519.92477102
232.80000000 111.12380698
232.80000000 520.82731080
185.90000000 520.52844341
232.80000000 522.40236488
305.30000000 3207.23780265
304.30000000 3384.21250098
305.30000000 3213.35410552
335.90000000 170.26028116
304.90000000 3213.64385431
82.80000000 463.31082623
82.80000000 171.91905800
82.80000000 167.31797686
82.80000000 460.62656156
82.80000000 172.32686064
337.13333333 170.34765384
82.80000000 169.73327769
194.80000000 3806.21110424
194.90000000 3804.54318296
194.70000000 3814.21409248
230.00000000 3800.24299837
194.60000000 3801.21524441
194.90000000 3291.51801986
229.90000000 3290.70848597
229.60000000 3288.25821217
194.50000000 3289.61180294
230.30000000 3292.68958473
229.90000000 3799.57215898
229.70000000 3291.84639719
148.50000000 369.06229961
148.50000000 373.12863033
148.50000000 370.60859943
148.50000000 260.98562802
148.50000000 369.59573432
195.30000000 372.67198062
195.30000000 260.38601621
195.30000000 261.50429362
195.30000000 371.64445225
195.30000000 260.60907377
148.50000000 261.25700601
195.30000000 261.50757714
73.50000000 539.86805093
73.50000000 541.30793885
73.50000000 541.17922948
73.50000000 432.08397260
73.50000000 540.94763051
120.30000000 541.65416759
120.30000000 431.45246521
120.30000000 431.11598394
120.30000000 541.40338869
120.30000000 429.77395434
73.50000000 432.98824509
120.30000000 429.06942516
223.40000000 189.02583666
223.40000000 192.36732058
223.40000000 190.49706247
179.70000000 4993.97276834
223.40000000 191.31438218
270.30000000 189.97984818
179.40000000 4198.80916103
179.90000000 4201.18083826
270.30000000 190.14203118
179.70000000 4200.53338472
179.60000000 5061.18719144
180.10000000 4200.17617692
176.50000000 650.46666085
176.50000000 650.94323164
176.50000000 649.36269682
176.50000000 409.99971626
176.50000000 650.53253187
92.20000000 651.74638682
92.20000000 412.17591048
92.20000000 411.60279686
92.20000000 651.76329046
92.20000000 410.91221851
176.50000000 410.92639034
92.20000000 411.10096506
326.50000000 299.38910819
326.50000000 300.29938643
326.50000000 301.48616294
183.80000000 3481.00835190
326.50000000 300.88601640
242.20000000 300.36394964
184.20000000 4685.15734321
184.70000000 4687.95990702
242.20000000 301.97233228
184.30000000 4680.34392991
184.30000000 3480.60365941
184.30000000 4685.55276461
251.50000000 481.04008479
251.50000000 480.59938267
251.50000000 178.32618859
237.90000000 4470.67966997
251.50000000 479.68103124
291.70000000 3554.49717338
317.20000000 144.50979121
237.60000000 3577.13121178
317.20000000 143.88585637
317.20000000 144.13201923
251.50000000 179.55780054
317.20000000 144.04347974
101.50000000 129.49236969
101.50000000 130.86868158
101.50000000 129.85202572
101.50000000 240.97729075
101.50000000 127.62861132
167.20000000 130.45606531
167.20000000 240.14383102
167.20000000 241.24985844
167.20000000 132.69577041
167.20000000 242.02018226
101.50000000 239.32259566
167.20000000 240.70382090
64.00000000 388.96996070
64.00000000 388.84015509
64.00000000 393.08870671
64.00000000 501.32894407
64.00000000 391.87250305
204.70000000 392.15457796
204.70000000 500.94687609
204.70000000 498.50919947
204.70000000 390.62793231
204.70000000 500.56021126
64.00000000 501.39029991
204.70000000 501.36600555
189.70000000 5283.30279623
189.20000000 5279.87198029
189.30000000 5275.37805437
214.00000000 152.35370736
189.80000000 5287.59115681
54.70000000 741.97528620
54.70000000 151.08992329
54.70000000 150.24956667
54.70000000 740.71737374
54.70000000 152.46207431
214.00000000 152.28201021
54.70000000 153.22326599
289.00000000 220.73079997
289.00000000 220.64737250
289.00000000 219.46377729
289.00000000 321.36812287
289.00000000 220.70815855
129.70000000 221.54596767
129.70000000 320.63670885
129.70000000 319.15267270
129.70000000 219.21722701
129.70000000 321.42159466
289.00000000 321.29664369
129.70000000 321.73818184
139.00000000 570.94668370
139.00000000 569.86944473
139.00000000 571.02144636
139.00000000 670.55052199
139.00000000 569.85722135
246.50000000 3908.49968479
209.30000000 4054.56535297
209.10000000 4057.85379946
246.30000000 3905.16328457
209.80000000 4051.88775087
139.00000000 672.25017837
209.50000000 4062.11244975
345.30000000 259.44332297
345.30000000 261.27601137
345.30000000 260.50736078
304.70000000 3235.07940385
345.30000000 260.28130768
185.90000000 260.35080120
185.90000000 461.94758054
185.90000000 460.50378929
185.90000000 260.72313948
185.90000000 461.12257490
305.40000000 3232.11478333
185.90000000 459.76803912
200.90000000 753.17818422
201.30000000 771.48079080
201.20000000 760.19701607
195.30000000 110.79029539
200.50000000 734.27370073
230.20000000 3381.88957269
335.90000000 110.89674728
335.90000000 112.30255783
230.00000000 3384.87216686
335.90000000 111.26001082
195.30000000 111.15744468
335.90000000 111.16440204
120.30000000 430.44655600
120.30000000 428.94326727
120.30000000 430.21498298
120.30000000 279.79874822
120.30000000 429.47842000
260.90000000 430.30212580
260.90000000 281.40537954
260.90000000 281.19704143
260.90000000 431.23049160
260.90000000 279.74457252
120.30000000 279.46188705
260.90000000 281.46916033
179.40000000 4199.89299964
180.10000000 4206.32142886
179.70000000 4198.48000078
222.70000000 4151.60902040
179.80000000 4200.60018614
111.00000000 781.33173869
111.00000000 629.73420858
111.00000000 631.12514658
111.00000000 780.61639562
111.00000000 631.41786253
223.10000000 4149.37659574
111.00000000 630.18685036
232.80000000 500.54259088
232.80000000 500.71898375
232.80000000 519.62818977
232.80000000 371.09309513
232.80000000 500.97297150
298.40000000 405.37327678
298.40000000 370.70075402
298.40000000 370.19162143
270.50000000 3546.89650517
298.40000000 371.66573026
232.80000000 370.36465802
298.40000000 370.16932300
82.80000000 170.88824392
82.80000000 169.89681576
82.80000000 171.87527757
82.80000000 720.76713050
82.80000000 171.47553231
148.50000000 169.82015916
149.70000000 738.92310749
150.10000000 738.79996114
148.50000000 171.51312866
149.50000000 736.93295359
82.80000000 720.81441900
149.70000000 734.82828718
157.80000000 700.60087400
160.60000000 747.03217614
157.80000000 699.34976627
157.80000000 540.75900422
157.80000000 701.83649644
73.50000000 700.89195565
73.50000000 543.09658892
73.50000000 540.76330989
73.50000000 701.24650724
73.50000000 541.11457639
157.80000000 542.59663399
73.50000000 538.39195064
307.80000000 349.65631613
307.80000000 351.14644121
307.80000000 350.34856630
307.80000000 191.57139782
307.80000000 351.69339640
223.40000000 350.77485514
223.40000000 191.82189520
223.40000000 190.13067532
223.40000000 350.17976220
223.40000000 192.49136127
307.80000000 190.17192264
223.40000000 191.08756651
209.10000000 4482.30842364
209.00000000 4498.84341750
209.10000000 4478.80861661
244.60000000 241.91068315
209.10000000 4497.88045646
85.20000000 671.98586118
85.20000000 241.37213543
85.10000000 239.65939385
85.10000000 673.70800434
85.10000000 241.54278483
244.50000000 241.04211714
85.10000000 244.91233938
94.60000000 320.51060266
94.60000000 318.99744972
94.60000000 321.30720745
94.60000000 592.18038900
94.60000000 319.79509518
235.10000000 321.04297249
235.20000000 604.23169058
237.70000000 4308.33730326
235.10000000 321.24315608
237.60000000 4342.57871049
94.60000000 591.08234092
237.90000000 4293.44938572
169.60000000 490.33756831
169.50000000 492.31702479
169.60000000 491.91509419
182.30000000 3307.02733799
169.60000000 490.18629705
286.70000000 3269.45284013
182.00000000 3666.53610700
181.70000000 3665.29056142
286.50000000 3276.17275334
182.00000000 3662.92803453
182.80000000 3280.94219785
182.30000000 3668.20891698
319.50000000 141.04773679
319.50000000 140.63410659
319.50000000 141.27956234
319.50000000 422.43183110
319.50000000 140.58665527
160.20000000 141.93214315
160.20000000 421.54035372
160.20000000 420.91948182
160.20000000 142.42230528
160.20000000 421.97868941
319.50000000 420.87454896
160.20000000 420.02584655
282.00000000 225.79531082
282.00000000 225.24517223
282.00000000 410.57589860
282.00000000 230.76782623
282.00000000 226.37286707
272.70000000 233.78386270
206.80000000 4158.53674427
272.70000000 238.48903174
272.70000000 409.89890576
206.50000000 4161.58753268
206.00000000 4021.40933097
206.50000000 4162.47632288
132.10000000 762.33908753
132.10000000 761.38949367
132.10000000 762.69028134
132.10000000 330.37979260
132.10000000 761.30622570
122.60000000 759.65159976
122.60000000 329.33173806
122.60000000 331.60207143
122.60000000 760.44300774
122.60000000 331.69706556
132.10000000 331.00690123
122.60000000 331.72825316
57.10000000 233.98253511
57.10000000 233.40013828
57.10000000 225.56778260
57.10000000 160.39624924
57.10000000 231.58020834
197.60000000 230.70407054
197.60000000 160.90228883
197.60000000 161.77528025
197.60000000 229.80117604
197.60000000 161.43908017
57.10000000 159.11604808
197.60000000 159.08529813
207.10000000 580.38680294
207.00000000 582.20271907
207.10000000 484.38334964
207.10000000 510.13445175
207.10000000 582.48423375
242.60000000 3267.25846960
347.70000000 297.38391389
275.30000000 3264.12063276
347.60000000 300.19693241
347.60000000 297.98477269
207.00000000 474.08873528
347.60000000 297.28712169
113.30000000 189.58192093
113.30000000 192.33798711
113.30000000 193.21361677
113.30000000 641.70126741
113.30000000 188.86464682
141.40000000 192.10951667
141.40000000 640.83076844
141.40000000 641.53210177
141.40000000 189.22039086
141.40000000 639.05502904
113.30000000 640.60252706
141.40000000 642.69652865
259.50000000 2289.58869203
259.60000000 1132.07836305
259.50000000 2085.59573696
263.30000000 291.80455748
259.50000000 2293.93816893
260.70000000 3849.83478795
291.30000000 290.64564821
291.40000000 290.40525214
259.40000000 3720.40695550
291.40000000 290.79349842
263.30000000 290.32561167
291.40000000 290.16326726
338.26666667 361.64119277
338.30000000 362.05830270
338.26666667 359.69876778
338.26666667 110.84652142
338.26666667 359.71573434
216.40000000 361.26331185
216.40000000 110.59360730
216.40000000 109.47789245
216.40000000 359.67286221
216.40000000 111.41124689
338.30000000 109.70046331
216.40000000 112.25998585
188.30000000 711.81870519
188.30000000 711.50511533
188.30000000 711.42111121
188.30000000 461.22648889
188.30000000 710.63844540
66.40000000 708.40189273
66.40000000 463.38591274
66.40000000 457.38496156
66.40000000 713.30167345
66.40000000 460.74493907
188.30000000 460.88604782
66.40000000 462.63416101
150.80000000 450.86999695
150.80000000 452.54866960
150.80000000 449.98805018
150.80000000 200.29832019
150.80000000 449.72767269
311.70000000 2685.91318138
328.90000000 201.16345050
328.90000000 200.21823174
311.40000000 2671.94433141
328.90000000 200.32606528
150.80000000 201.22169077
328.90000000 200.92864843
300.80000000 101.67442183
300.70000000 100.20002251
300.80000000 100.99699514
255.50000000 3764.88291127
300.80000000 101.01027168
178.90000000 99.86972386
178.90000000 551.74924422
178.90000000 551.85786529
178.90000000 102.02590302
178.90000000 550.97235987
255.40000000 3727.28089868
178.90000000 550.54481742
223.10000000 2409.59767409
222.40000000 4979.53339271
221.90000000 2503.45057518
194.80000000 5004.93392150
222.20000000 2389.53145415
103.90000000 630.57335605
103.90000000 718.25251726
103.90000000 720.31688209
103.90000000 630.08423877
103.90000000 720.65919334
194.90000000 5009.57539116
103.90000000 721.27504224
75.80000000 282.42939541
75.80000000 279.12372568
75.80000000 281.04170563
75.80000000 373.89301435
75.80000000 282.14613780
253.90000000 281.24270643
253.90000000 369.91006480
253.90000000 369.57324316
253.90000000 281.16955253
253.90000000 372.77071204
75.80000000 370.88884211
253.90000000 370.09148313
249.90000000 3443.44892941
250.10000000 3452.70140427
250.40000000 3449.87071861
187.50000000 3464.91801001
250.30000000 3445.62270659
113.30000000 562.75386345
113.30000000 752.38385873
113.30000000 751.52027635
113.30000000 560.46278098
113.30000000 751.75032560
187.10000000 3463.70420192
113.30000000 752.15373908
178.90000000 211.51561718
178.90000000 211.81455027
178.90000000 211.17097043
178.90000000 401.80466707
178.90000000 209.84183899
263.30000000 210.47836533
263.30000000 400.92300983
263.30000000 400.28155211
263.30000000 210.14985307
263.30000000 402.08899976
178.90000000 400.84119212
263.30000000 400.89001838
103.90000000 728.71651508
103.90000000 729.59538986
103.90000000 729.25829591
103.90000000 221.28107765
103.90000000 732.99342219
191.90000000 3359.41554412
338.30000000 220.80427056
338.30000000 220.41716713
191.80000000 3361.58575354
338.30000000 221.45785427
103.90000000 219.94425066
338.30000000 221.57265685
253.90000000 381.27893544
253.90000000 381.75317902
253.90000000 379.87429239
246.00000000 1975.70381392
253.90000000 381.31925251
188.30000000 381.27808671
188.30000000 571.67534885
188.30000000 571.06598515
188.30000000 380.93344510
188.30000000 571.37813060
245.60000000 4430.21498537
188.30000000 570.12301369
216.30000000 121.03936103
216.40000000 120.70210785
216.30000000 121.48594456
216.30000000 130.51026204
216.30000000 121.42954672
225.80000000 120.38469480
225.80000000 131.61003498
225.80000000 131.28785249
225.80000000 121.74385295
225.80000000 131.06216469
216.40000000 131.46786775
225.80000000 131.36821640
66.40000000 472.58261766
66.40000000 472.78380573
66.40000000 470.55558953
66.40000000 483.63025907
66.40000000 473.15208051
75.70000000 468.42181694
75.70000000 478.14202187
75.80000000 480.24318273
75.80000000 471.03051304
75.80000000 477.93635156
66.40000000 482.72134781
75.80000000 479.77327740
141.40000000 300.77969733
141.40000000 299.90103693
141.40000000 168.08502740
141.40000000 660.65034128
141.40000000 300.42608807
150.80000000 300.07680055
150.80000000 167.39694923
150.80000000 660.51272389
150.80000000 159.76906995
150.80000000 167.03468874
141.40000000 176.83365559
150.80000000 166.66655188
215.90000000 3892.00647690
215.70000000 3893.73096521
215.30000000 3891.55186477
291.40000000 311.99570280
215.40000000 3892.72064824
216.40000000 3779.16737016
300.80000000 311.28196802
300.80000000 310.66254571
215.60000000 3770.59991752
300.80000000 310.77410048
291.40000000 310.90169960
300.80000000 311.05748546
197.70000000 340.68053952
197.60000000 340.37655825
197.70000000 341.58613156
197.70000000 178.64262583
197.70000000 340.33547211
169.50000000 340.54715664
169.50000000 180.59066186
169.60000000 181.26630494
169.60000000 340.19350779
169.60000000 182.73940576
197.60000000 180.62766265
169.60000000 180.06681528
203.40000000 3273.46336678
203.40000000 3275.68716048
203.40000000 3269.14319991
263.90000000 3265.38623408
203.60000000 3272.80442122
202.90000000 3556.12010480
264.10000000 3531.47313280
264.90000000 3535.84532137
203.00000000 3557.45036635
265.00000000 3536.23583541
264.10000000 3260.96995432
264.30000000 3532.22494025
272.60000000 169.14988325
272.70000000 170.90246446
272.60000000 169.88725811
200.40000000 4160.67465552
272.60000000 170.48923919
244.50000000 170.43482971
200.30000000 4634.70808911
200.30000000 4579.77430031
244.50000000 169.87600473
199.90000000 4573.82550026
200.40000000 4161.62923958
200.80000000 4566.10554064
122.60000000 521.92886845
122.60000000 519.33014291
122.60000000 521.18616238
122.60000000 350.98571034
122.60000000 520.73954794
94.60000000 520.17582679
94.60000000 349.78935440
94.60000000 353.70204923
94.60000000 520.09946249
94.60000000 351.50107470
122.60000000 351.40694537
94.60000000 350.76755222
85.10000000 781.43134614
85.10000000 780.55334769
85.10000000 781.57540721
85.10000000 789.93282262
85.10000000 781.83510976
179.50000000 4028.45142307
177.50000000 4030.33831621
178.20000000 4037.68559857
179.70000000 4030.23225416
177.60000000 4033.48855047
85.10000000 791.06476060
177.60000000 4035.19452836
235.10000000 431.96447927
235.20000000 430.54270428
235.10000000 431.89409915
235.10000000 440.76802966
235.10000000 430.03250968
132.10000000 431.52401660
132.10000000 441.43271967
132.00000000 440.72610460
132.00000000 430.06091989
132.00000000 442.62536190
235.20000000 442.20195424
132.00000000 440.97759653
233.40000000 3650.47121607
233.50000000 3655.66577501
233.90000000 3658.59841862
310.20000000 259.83901726
233.80000000 3654.61123356
57.10000000 604.39418482
57.10000000 259.78134669
57.10000000 259.40908305
57.10000000 602.36105134
57.10000000 262.08596815
310.10000000 260.77665279
57.10000000 258.18502830
160.10000000 249.99278223
160.10000000 250.41302549
160.10000000 249.62112773
160.10000000 610.35387549
160.10000000 251.31035562
207.00000000 250.72155006
207.00000000 610.20491379
217.70000000 1230.93879061
207.00000000 249.22998887
217.40000000 1186.44859539
160.10000000 610.67646868
217.90000000 1258.50089680
202.40000000 371.55790496
202.40000000 369.48194981
202.40000000 371.10542315
202.40000000 521.54957947
202.40000000 372.75333602
71.10000000 370.04904315
71.10000000 521.50995696
71.10000000 522.99036273
71.10000000 372.40384353
71.10000000 520.57867203
202.40000000 521.08323039
71.10000000 521.14364241
52.30000000 720.36835994
52.30000000 721.05433184
52.30000000 723.31037736
52.30000000 171.42168562
52.30000000 717.28708273
194.60000000 5116.35598665
221.10000000 169.31597619
221.00000000 171.66297318
194.60000000 4700.91678354
221.00000000 169.19743550
52.30000000 172.31643687
221.00000000 168.53090224
127.30000000 200.46491637
127.40000000 198.97606634
127.30000000 201.77289367
127.30000000 340.47070423
127.30000000 202.98915839
296.10000000 200.44832549
296.10000000 341.82208595
296.10000000 340.63347073
296.10000000 201.17285039
296.10000000 341.67121495
127.40000000 340.14881234
296.10000000 340.52996537
255.60000000 3544.18521044
255.50000000 4072.09547579
254.90000000 3569.46287094
203.50000000 4087.59325001
255.20000000 3566.01480796
146.10000000 551.59539359
146.10000000 691.57929757
146.00000000 690.43326329
146.00000000 550.74584942
146.00000000 690.48332234
203.60000000 4088.97389273
146.00000000 690.75531633
