0.00000000 50.00000000
0.00000000 50.00000000
0.00000000 50.00000000
0.00000000 50.00000000
0.00000000 50.00000000
0.00000000 50.00000000
0.00000000 50.00000000
0.00000000 50.00000000
0.00000000 50.00000000
0.00000000 50.00000000
0.00000000 50.00000000
0.00000000 50.00000000
0.53833333 200.00000000
0.53666667 200.00000000
0.53833333 200.00000000
0.56166667 200.00000000
0.54900000 200.00000000
0.54466667 200.00000000
0.53766667 200.00000000
0.54766667 200.00000000
0.55333333 200.00000000
0.53466667 200.00000000
0.55633333 200.00000000
0.54000000 200.00000000
0.54303030 275.00000000
0.55224242 275.00000000
0.53575758 275.00000000
0.52848485 275.00000000
0.55442424 275.00000000
0.54303030 275.00000000
0.54181818 275.00000000
0.54884848 275.00000000
0.53842424 275.00000000
0.52751515 275.00000000
0.55321212 275.00000000
0.53066667 275.00000000
0.28320000 125.00000000
0.28480000 125.00000000
0.30933333 125.00000000
0.27093333 125.00000000
0.30613333 125.00000000
0.28853333 125.00000000
0.27573333 125.00000000
0.28586667 125.00000000
0.30560000 125.00000000
0.25386667 125.00000000
0.31893333 125.00000000
0.28000000 125.00000000
0.45894620 162.53333333
0.29505399 87.46666667
0.46590169 162.53333333
0.46803252 162.53333333
0.46427327 162.53333333
0.53895327 162.53333333
0.53653210 162.53333333
0.45815047 87.46666667
0.45109718 87.46666667
0.41310519 87.46666667
0.29786660 87.46666667
0.43207071 87.46666667
0.54907021 312.53333333
0.54941200 237.46666667
0.53414025 312.53333333
0.54032181 312.53333333
0.52967013 312.53333333
0.54030952 312.53333333
0.53306573 312.53333333
0.31806427 237.46666667
0.32932903 237.46666667
0.34614521 237.46666667
0.52806084 237.46666667
0.34277914 237.46666667
0.53593117 237.46666667
0.54969553 312.53333333
0.55667719 237.46666667
0.55388434 237.46666667
0.52918957 237.46666667
0.53618646 237.46666667
0.51344892 237.46666667
0.48529737 312.53333333
0.48143756 312.53333333
0.54736422 312.53333333
0.52218331 312.53333333
0.48015073 312.53333333
0.11439394 87.46666667
0.20380974 162.53333333
0.10676594 87.46666667
0.11048415 87.46666667
0.11428074 87.46666667
0.53277604 87.46666667
0.55186346 87.46666667
0.52824358 162.53333333
0.52671868 162.53333333
0.52834709 162.53333333
0.20061350 162.53333333
0.54018531 162.53333333
0.47049903 106.26666667
0.55052771 143.73333333
0.47178628 106.26666667
0.46741903 106.26666667
0.46363369 106.26666667
0.31368953 106.26666667
0.29666138 106.26666667
0.37332297 143.73333333
0.35992618 143.73333333
0.36824981 143.73333333
0.54268324 143.73333333
0.40032699 143.73333333
0.41880370 256.26666667
0.52860239 293.73333333
0.41181197 256.26666667
0.39697126 256.26666667
0.32177468 256.26666667
0.53798841 256.26666667
0.54656189 256.26666667
0.53653270 293.73333333
0.53995186 293.73333333
0.54858025 293.73333333
0.47460937 293.73333333
0.53450736 293.73333333
0.47051287 331.26666667
0.47880413 218.73333333
0.50816438 331.26666667
0.51961380 331.26666667
0.46750749 331.26666667
0.50413072 331.26666667
0.52243172 331.26666667
0.52910226 218.73333333
0.53946769 218.73333333
0.55561700 218.73333333
0.50380378 218.73333333
0.54558809 218.73333333
0.54836581 181.26666667
0.43932935 68.73333333
0.54798535 181.26666667
0.54505899 181.26666667
0.54765952 181.26666667
0.11510938 181.26666667
0.12466153 181.26666667
0.05045467 68.73333333
0.03876101 68.73333333
0.04755612 68.73333333
0.47522023 68.73333333
0.03880364 68.73333333
0.54219762 143.73333333
0.54102766 181.26666667
0.54035224 143.73333333
0.52881378 143.73333333
0.52363701 143.73333333
0.52087542 143.73333333
0.52596478 143.73333333
0.52891547 181.26666667
0.52226742 181.26666667
0.54030721 181.26666667
0.54763119 181.26666667
0.53106470 181.26666667
0.49202402 293.73333333
0.43027215 331.26666667
0.49771076 293.73333333
0.49407258 293.73333333
0.56196513 293.73333333
0.47547383 293.73333333
0.55333829 293.73333333
0.54639768 331.26666667
0.56007353 331.26666667
0.40956697 331.26666667
0.55182240 331.26666667
0.53290564 331.26666667
0.39559577 218.73333333
0.49377229 256.26666667
0.40901233 218.73333333
0.39928784 218.73333333
0.40201360 218.73333333
0.39649784 218.73333333
0.40719422 218.73333333
0.50025130 256.26666667
0.51767793 256.26666667
0.49088542 256.26666667
0.48176982 256.26666667
0.47839251 256.26666667
0.40262859 68.73333333
0.53067654 106.26666667
0.38802217 68.73333333
0.40924979 68.73333333
0.42382779 68.73333333
0.38108838 68.73333333
0.38502415 68.73333333
0.52750838 106.26666667
0.52949509 106.26666667
0.53589608 106.26666667
0.54201493 106.26666667
0.54640569 106.26666667
0.21242021 78.13333333
0.55098787 340.60000000
0.19797685 78.13333333
0.22691767 78.13333333
0.22603051 78.13333333
0.13312777 78.13333333
0.11261495 78.13333333
0.55588465 340.60000000
0.56666207 340.60000000
0.53985107 340.60000000
0.55390949 340.60000000
0.54373699 340.60000000
0.54207973 228.13333333
0.54000919 190.66666667
0.51692842 228.13333333
0.51549580 228.13333333
0.53770398 228.13333333
0.55814628 228.13333333
0.53797594 228.13333333
0.54315055 190.66666667
0.50259025 190.66666667
0.52989437 190.66666667
0.53129788 190.66666667
0.55645265 190.66666667
0.53046581 303.13333333
0.48554223 115.60000000
0.52979706 303.13333333
0.55443446 303.13333333
0.55223713 303.13333333
0.52298072 303.13333333
0.53660544 303.13333333
0.54036482 115.60000000
0.52243878 115.60000000
0.53810595 115.60000000
0.47454273 115.60000000
0.52246377 115.60000000
0.06574711 153.13333333
0.33431598 265.60000000
0.05007215 153.13333333
0.05701553 153.13333333
0.05572815 153.13333333
0.49501174 153.13333333
0.49103076 153.13333333
0.53614319 265.60000000
0.55899560 265.60000000
0.55373434 265.60000000
0.22289497 265.60000000
0.55472455 265.60000000
0.29140994 190.66666667
0.50009843 303.13333333
0.26403784 190.66666667
0.29101130 190.66666667
0.28996785 190.66666667
0.53685313 190.66666667
0.54214017 190.66666667
0.53483513 303.13333333
0.53925728 303.13333333
0.54301720 303.13333333
0.55949134 303.13333333
0.54477375 303.13333333
0.54884538 340.60000000
0.52805365 153.13333333
0.52378299 340.60000000
0.53963602 340.60000000
0.46684147 340.60000000
0.54061411 340.60000000
0.22215859 340.60000000
0.05616388 153.13333333
0.04615341 153.13333333
0.05572249 153.13333333
0.51850437 153.13333333
0.04657499 153.13333333
0.52961460 265.60000000
0.52915720 78.13333333
0.53514541 265.60000000
0.52684825 265.60000000
0.52635646 265.60000000
0.41693006 265.60000000
0.53462241 265.60000000
0.22180028 78.13333333
0.22269826 78.13333333
0.21758087 78.13333333
0.53326842 78.13333333
0.19192903 78.13333333
0.39740130 115.60000000
0.53185219 228.13333333
0.38642179 115.60000000
0.40828586 115.60000000
0.39162919 115.60000000
0.52651674 115.60000000
0.54720640 115.60000000
0.53098266 228.13333333
0.51606400 228.13333333
0.52572589 228.13333333
0.53564059 228.13333333
0.53449399 228.13333333
0.54469502 96.93333333
0.53227346 246.86666667
0.55504009 96.93333333
0.52478522 96.93333333
0.51517039 96.93333333
0.39546105 96.93333333
0.40026489 96.93333333
0.52875152 246.86666667
0.53632533 246.86666667
0.54714240 246.86666667
0.54145573 246.86666667
0.54820886 246.86666667
0.55710148 246.86666667
0.31222079 96.93333333
0.54604084 246.86666667
0.54250573 246.86666667
0.51203384 246.86666667
0.51608352 246.86666667
0.52363209 246.86666667
0.53990550 96.93333333
0.53094931 96.93333333
0.52688288 96.93333333
0.32046821 96.93333333
0.52540808 96.93333333
0.54493850 321.86666667
0.18814996 171.86666667
0.54555768 321.86666667
0.54225408 321.86666667
0.48530150 321.86666667
0.53790948 321.86666667
0.54867359 321.86666667
0.53066549 171.86666667
0.53066775 171.86666667
0.52602113 171.86666667
0.17183236 171.86666667
0.53880276 171.86666667
0.52755338 171.86666667
0.49008275 321.86666667
0.53335600 171.86666667
0.54265379 171.86666667
0.51591641 171.86666667
0.34718482 171.86666667
0.34833628 171.86666667
0.53935231 321.86666667
0.56295995 321.86666667
0.37284624 321.86666667
0.54039460 321.86666667
0.55199525 321.86666667
0.54842086 134.33333333
0.53774436 209.40000000
0.54333886 134.33333333
0.52310300 134.33333333
0.54444076 134.33333333
0.56777962 134.33333333
0.55239359 134.33333333
0.54917141 209.40000000
0.51226399 209.40000000
0.53646237 209.40000000
0.55590491 209.40000000
0.52563530 209.40000000
0.54232600 284.33333333
0.13834275 59.33333333
0.55356560 284.33333333
0.54982868 284.33333333
0.53739478 284.33333333
0.54395519 284.33333333
0.54631826 284.33333333
0.18877589 59.33333333
0.16845574 59.33333333
0.19468927 59.33333333
0.14591337 59.33333333
0.20111111 59.33333333
0.54762816 209.40000000
0.47841165 134.33333333
0.54503380 209.40000000
0.52884180 209.40000000
0.54188350 209.40000000
0.19357637 209.40000000
0.21905218 209.40000000
0.14493459 134.33333333
0.12903261 134.33333333
0.13253731 134.33333333
0.48388428 134.33333333
0.13146490 134.33333333
0.45941620 59.33333333
0.52050572 284.33333333
0.46165725 59.33333333
0.45960452 59.33333333
0.45623352 59.33333333
0.32114878 59.33333333
0.35265537 59.33333333
0.53647311 284.33333333
0.53270900 284.33333333
0.54185322 284.33333333
0.52895478 284.33333333
0.55147187 284.33333333
0.09985577 64.06666667
0.54656198 326.53333333
0.09993590 64.06666667
0.11972756 64.06666667
0.11766026 64.06666667
0.02910256 64.06666667
0.03121795 64.06666667
0.53532079 326.53333333
0.53083244 326.53333333
0.53999987 326.53333333
0.54063776 326.53333333
0.52654297 326.53333333
0.52973701 214.06666667
0.55419021 176.60000000
0.53689922 214.06666667
0.54469028 214.06666667
0.55185829 214.06666667
0.54655944 214.06666667
0.53720640 214.06666667
0.55078540 176.60000000
0.54547595 176.60000000
0.55223421 176.60000000
0.54960623 176.60000000
0.52777564 176.60000000
0.36562860 289.06666667
0.40025885 101.60000000
0.53425606 289.06666667
0.56262976 289.06666667
0.27381776 289.06666667
0.36101499 289.06666667
0.52825836 289.06666667
0.51582864 101.60000000
0.52897172 101.60000000
0.54982204 101.60000000
0.51909014 101.60000000
0.50988805 101.60000000
0.44246317 139.06666667
0.57220747 251.53333333
0.44727989 139.06666667
0.44966084 139.06666667
0.41944502 139.06666667
0.36386434 139.06666667
0.36241864 139.06666667
0.54599486 251.53333333
0.54066907 251.53333333
0.38827442 251.53333333
0.52057590 251.53333333
0.46779759 251.53333333
0.40880842 176.60000000
0.53956171 289.06666667
0.39107815 176.60000000
0.41604605 176.60000000
0.39412986 176.60000000
0.57265237 176.60000000
0.54512712 176.60000000
0.53171857 289.06666667
0.54071511 289.06666667
0.55363322 289.06666667
0.45582468 289.06666667
0.54625144 289.06666667
0.52408273 326.53333333
0.56377184 139.06666667
0.54185412 326.53333333
0.53797865 326.53333333
0.54022939 326.53333333
0.54430373 326.53333333
0.53961964 326.53333333
0.20898595 139.06666667
0.22964714 139.06666667
0.24595067 139.06666667
0.53357999 139.06666667
0.23299075 139.06666667
0.54330614 251.53333333
0.31533654 64.06666667
0.55474609 251.53333333
0.53434727 251.53333333
0.54967537 251.53333333
0.52742785 251.53333333
0.55471131 251.53333333
0.26128205 64.06666667
0.26846154 64.06666667
0.25913462 64.06666667
0.30070513 64.06666667
0.24455128 64.06666667
0.01704523 101.60000000
0.09559226 214.06666667
0.01773766 101.60000000
0.02231929 101.60000000
0.00786902 101.60000000
0.54663819 101.60000000
0.54592636 101.60000000
0.53128450 214.06666667
0.52661595 214.06666667
0.53411577 214.06666667
0.06446570 214.06666667
0.53909295 214.06666667
0.51996327 120.26666667
0.53488497 270.33333333
0.53380624 120.26666667
0.55878329 120.26666667
0.56427456 120.26666667
0.37142332 120.26666667
0.37802112 120.26666667
0.47766024 270.33333333
0.46262585 270.33333333
0.53389732 270.33333333
0.52895267 270.33333333
0.47370598 270.33333333
0.50900551 270.33333333
0.23119376 120.26666667
0.54746845 270.33333333
0.53242495 270.33333333
0.52159264 270.33333333
0.54648353 270.33333333
0.54602797 270.33333333
0.51993572 120.26666667
0.53716253 120.26666667
0.52934343 120.26666667
0.23283747 120.26666667
0.53769972 120.26666667
0.54925637 345.33333333
0.52649573 195.26666667
0.53688587 345.33333333
0.52586747 345.33333333
0.54519282 345.33333333
0.53764542 345.33333333
0.53475748 345.33333333
0.54422990 195.26666667
0.54761905 195.26666667
0.52403279 195.26666667
0.54661783 195.26666667
0.53395430 195.26666667
0.53875458 195.26666667
0.50676719 345.33333333
0.52102041 195.26666667
0.52239840 195.26666667
0.52850340 195.26666667
0.19733996 195.26666667
0.22427699 195.26666667
0.52685097 345.33333333
0.54248974 345.33333333
0.48746084 345.33333333
0.53301164 345.33333333
0.53687694 345.33333333
0.53464484 157.86666667
0.52632825 232.80000000
0.53247601 157.86666667
0.52743422 157.86666667
0.54980515 157.86666667
0.51818915 157.86666667
0.54093902 157.86666667
0.53180899 232.80000000
0.52062922 232.80000000
0.52893542 232.80000000
0.54096369 232.80000000
0.53522643 232.80000000
0.55815813 307.80000000
0.23591929 82.80000000
0.55273066 307.80000000
0.55749397 307.80000000
0.53411805 307.80000000
0.53455871 307.80000000
0.55316990 307.80000000
0.34213929 82.80000000
0.35273778 82.80000000
0.33584092 82.80000000
0.28812812 82.80000000
0.35661671 82.80000000
0.24624340 232.80000000
0.12588352 157.86666667
0.25657343 232.80000000
0.25569779 232.80000000
0.20961595 232.80000000
0.47253836 232.80000000
0.41639164 232.80000000
0.32009998 157.86666667
0.31457712 157.86666667
0.32896880 157.86666667
0.13808487 157.86666667
0.33063775 157.86666667
0.42662357 82.80000000
0.53606611 307.80000000
0.41303752 82.80000000
0.40106769 82.80000000
0.38802037 82.80000000
0.48063473 82.80000000
0.47092761 82.80000000
0.52913335 307.80000000
0.54061297 307.80000000
0.52567156 307.80000000
0.54125033 307.80000000
0.55014595 307.80000000
0.27314575 73.46666667
0.29216340 73.46666667
0.27502160 73.46666667
0.31034185 73.46666667
0.29223744 73.46666667
0.11340244 73.46666667
0.09343453 73.46666667
0.09616192 73.46666667
0.11522893 73.46666667
0.09440948 73.46666667
0.31115636 73.46666667
0.10523263 73.46666667
0.52028748 223.46666667
0.53311179 223.46666667
0.52596760 223.46666667
0.52741699 223.46666667
0.54416106 223.46666667
0.54625507 223.46666667
0.53459454 223.46666667
0.54444800 223.46666667
0.53100310 223.46666667
0.53549407 223.46666667
0.53250454 223.46666667
0.54952888 223.46666667
0.53539913 298.46666667
0.53829843 298.46666667
0.36718891 298.46666667
0.54298220 298.46666667
0.52624184 298.46666667
0.52870343 298.46666667
0.33950229 298.46666667
0.53005395 298.46666667
0.38842899 298.46666667
0.37412329 298.46666667
0.28234308 298.46666667
0.33816675 298.46666667
0.25949574 148.46666667
0.23843340 148.46666667
0.25462845 148.46666667
0.25057440 148.46666667
0.25054115 148.46666667
0.46478324 148.46666667
0.46526392 148.46666667
0.45176855 148.46666667
0.45082835 148.46666667
0.43870548 148.46666667
0.25460729 148.46666667
0.46026967 148.46666667
0.09250412 185.93333333
0.05888070 110.93333333
0.08604669 185.93333333
0.08749395 185.93333333
0.09931803 185.93333333
0.54572508 185.93333333
0.52706771 185.93333333
0.44651379 110.93333333
0.44707617 110.93333333
0.47179361 110.93333333
0.06610429 110.93333333
0.47475293 110.93333333
0.55308695 335.93333333
0.54649769 260.93333333
0.53165364 335.93333333
0.53503791 335.93333333
0.52629057 335.93333333
0.45342928 335.93333333
0.54316217 335.93333333
0.37918067 260.93333333
0.39196090 260.93333333
0.20875135 260.93333333
0.52553787 260.93333333
0.37153257 260.93333333
0.53219570 260.93333333
0.54534767 335.93333333
0.53678357 260.93333333
0.54190294 260.93333333
0.52630612 260.93333333
0.53961882 260.93333333
0.53575695 260.93333333
0.55705224 335.93333333
0.54277008 335.93333333
0.54256930 335.93333333
0.54951552 335.93333333
0.53839967 335.93333333
0.30047502 110.93333333
0.44997384 185.93333333
0.28126126 110.93333333
0.29625990 110.93333333
0.31251433 110.93333333
0.55407043 110.93333333
0.52529075 110.93333333
0.54319868 185.93333333
0.53425942 185.93333333
0.54285382 185.93333333
0.43744067 185.93333333
0.54033711 185.93333333
0.54518467 92.20000000
0.54851918 129.66666667
0.54232507 92.20000000
0.54671186 92.20000000
0.55233754 92.20000000
0.36508493 92.20000000
0.35934237 92.20000000
0.47770622 129.66666667
0.48223415 129.66666667
0.47559928 129.66666667
0.52955675 129.66666667
0.46787915 129.66666667
0.55190287 242.20000000
0.54279485 279.66666667
0.53980093 242.20000000
0.55544899 242.20000000
0.54339240 242.20000000
0.53209536 242.20000000
0.52989151 242.20000000
0.51704642 279.66666667
0.54207288 279.66666667
0.53541731 279.66666667
0.54354583 279.66666667
0.52227769 279.66666667
0.36908583 317.20000000
0.39084967 204.66666667
0.34910951 317.20000000
0.37747621 317.20000000
0.54855068 317.20000000
0.47815143 317.20000000
0.52754135 317.20000000
0.53353101 204.66666667
0.52576439 204.66666667
0.52475849 204.66666667
0.41593655 204.66666667
0.53123386 204.66666667
0.53609685 167.13333333
0.35820426 54.73333333
0.53769128 167.13333333
0.54129360 167.13333333
0.53172465 167.13333333
0.31951573 167.13333333
0.30677455 167.13333333
0.11335578 54.73333333
0.11205387 54.73333333
0.10098765 54.73333333
0.38475870 54.73333333
0.10828283 54.73333333
0.55012522 129.66666667
0.54286427 167.13333333
0.55730471 129.66666667
0.52757305 129.66666667
0.55008945 129.66666667
0.54347843 129.66666667
0.53011727 129.66666667
0.54167617 167.13333333
0.54487691 167.13333333
0.53926195 167.13333333
0.53211434 167.13333333
0.52732392 167.13333333
0.35803379 279.66666667
0.43022505 317.20000000
0.36233658 279.66666667
0.37660949 279.66666667
0.25078000 279.66666667
0.54565199 279.66666667
0.47845366 279.66666667
0.42793485 317.20000000
0.43213301 317.20000000
0.53196834 317.20000000
0.26798603 317.20000000
0.42939177 317.20000000
0.53906743 204.66666667
0.55269077 242.20000000
0.52116850 204.66666667
0.54168978 204.66666667
0.54756895 204.66666667
0.19576439 204.66666667
0.19542962 204.66666667
0.30330012 242.20000000
0.27799318 242.20000000
0.37212983 242.20000000
0.52325840 242.20000000
0.26671768 242.20000000
0.39569024 54.73333333
0.51707963 92.20000000
0.39555556 54.73333333
0.40455668 54.73333333
0.40812570 54.73333333
0.29717172 54.73333333
0.27164983 54.73333333
0.42951535 92.20000000
0.45836840 92.20000000
0.45912420 92.20000000
0.52780894 92.20000000
0.40635811 92.20000000
0.35287356 57.06666667
0.53578641 183.53333333
0.33647913 57.06666667
0.36686832 57.06666667
0.34222626 57.06666667
0.07596290 57.06666667
0.06071789 57.06666667
0.22044627 183.53333333
0.23026055 183.53333333
0.19976439 183.53333333
0.53979568 183.53333333
0.19033420 183.53333333
0.29813731 207.06666667
0.52799926 333.53333333
0.29426329 207.06666667
0.30005884 207.06666667
0.28750000 207.06666667
0.52704695 207.06666667
0.52348260 207.06666667
0.53236890 333.53333333
0.53495831 333.53333333
0.54378211 333.53333333
0.51778545 333.53333333
0.52257707 333.53333333
0.53664303 282.00000000
0.53364860 258.60000000
0.54704492 282.00000000
0.54609929 282.00000000
0.53806147 282.00000000
0.54113475 282.00000000
0.52269504 282.00000000
0.54368122 258.60000000
0.52641745 258.60000000
0.53957679 258.60000000
0.56352399 258.60000000
0.53184680 258.60000000
0.55325055 132.06666667
0.51321780 108.60000000
0.55526316 132.06666667
0.52298929 132.06666667
0.55830865 132.06666667
0.39827220 132.06666667
0.41088327 132.06666667
0.34195266 108.60000000
0.34742893 108.60000000
0.36330275 108.60000000
0.50513648 108.60000000
0.35605391 108.60000000
0.55444947 169.53333333
0.52422266 146.13333333
0.53289013 169.53333333
0.51638241 169.53333333
0.53435897 169.53333333
0.54501682 169.53333333
0.52455969 169.53333333
0.51461498 146.13333333
0.52736620 146.13333333
0.53284565 146.13333333
0.52143012 146.13333333
0.54426739 146.13333333
0.53849203 319.53333333
0.54176828 296.06666667
0.55372910 319.53333333
0.56122910 319.53333333
0.57271748 319.53333333
0.54287226 319.53333333
0.54099203 319.53333333
0.54221722 296.06666667
0.54177132 296.06666667
0.55551081 296.06666667
0.55144918 296.06666667
0.53209194 296.06666667
0.24106279 244.53333333
0.11034066 221.13333333
0.23182001 244.53333333
0.24295974 244.53333333
0.26369800 244.53333333
0.54496264 244.53333333
0.53407717 244.53333333
0.54630060 221.13333333
0.54869349 221.13333333
0.54986480 221.13333333
0.13655103 221.13333333
0.54415773 221.13333333
0.42817469 94.53333333
0.33449400 71.13333333
0.39719298 94.53333333
0.40898843 94.53333333
0.39709593 94.53333333
0.51773050 94.53333333
0.53019037 94.53333333
0.53522431 71.13333333
0.54641367 71.13333333
0.51180230 71.13333333
0.33637194 71.13333333
0.53887585 71.13333333
0.23427522 113.26666667
0.20244694 89.86666667
0.21719712 113.26666667
0.25251772 113.26666667
0.21898256 113.26666667
0.31200642 113.26666667
0.30365885 113.26666667
0.24412817 89.86666667
0.25448190 89.86666667
0.23596338 89.86666667
0.19141906 89.86666667
0.26932168 89.86666667
0.52342532 263.33333333
0.52916667 239.86666667
0.53380766 263.33333333
0.53937474 263.33333333
0.53633291 263.33333333
0.53658448 263.33333333
0.52340611 263.33333333
0.53782311 239.86666667
0.54085542 239.86666667
0.52975012 239.86666667
0.53585193 239.86666667
0.52669456 239.86666667
0.52818709 338.26666667
0.54235028 314.80000000
0.53802401 338.26666667
0.52741210 338.26666667
0.53429742 338.26666667
0.54945861 338.26666667
0.54177329 338.26666667
0.54553298 314.80000000
0.54257271 314.80000000
0.54787248 314.80000000
0.54510430 314.80000000
0.54215415 314.80000000
0.53223010 188.26666667
0.53458734 164.86666667
0.54427746 188.26666667
0.53146835 188.26666667
0.53576682 188.26666667
0.09916507 188.26666667
0.11828024 188.26666667
0.09948756 164.86666667
0.10836659 164.86666667
0.09259424 164.86666667
0.55197832 164.86666667
0.10149791 164.86666667
0.40626343 150.80000000
0.18335752 52.33333333
0.39961737 150.80000000
0.41510522 150.80000000
0.43016336 150.80000000
0.52523032 150.80000000
0.50573951 150.80000000
0.39632317 52.33333333
0.39990324 52.33333333
0.36049831 52.33333333
0.16185293 52.33333333
0.40895017 52.33333333
0.53812182 300.80000000
0.51758117 202.33333333
0.53014987 300.80000000
0.52947065 300.80000000
0.53570469 300.80000000
0.55962865 300.80000000
0.51308306 300.80000000
0.53542246 202.33333333
0.54334488 202.33333333
0.54697849 202.33333333
0.53803183 202.33333333
0.54135167 202.33333333
0.52702196 225.80000000
0.53029201 277.40000000
0.55799541 225.80000000
0.54591282 225.80000000
0.54531760 225.80000000
0.34780990 225.80000000
0.39266863 225.80000000
0.52336008 277.40000000
0.51826351 277.40000000
0.29805989 277.40000000
0.55507623 277.40000000
0.51708179 277.40000000
0.07479532 75.80000000
0.11516568 127.33333333
0.08173099 75.80000000
0.08361404 75.80000000
0.06332164 75.80000000
0.42918129 75.80000000
0.43090058 75.80000000
0.55392470 127.33333333
0.52308071 127.33333333
0.54292569 127.33333333
0.12358924 127.33333333
0.52983104 127.33333333
0.52036480 85.20000000
0.52455662 211.73333333
0.52037392 85.20000000
0.49213862 85.20000000
0.53587779 85.20000000
0.16984952 85.20000000
0.20422253 85.20000000
0.37499180 211.73333333
0.40393901 211.73333333
0.38541536 211.73333333
0.54375391 211.73333333
0.39856330 211.73333333
0.52423488 235.13333333
0.24835184 61.73333333
0.54407501 235.13333333
0.55287655 235.13333333
0.53700445 235.13333333
0.55033297 235.13333333
0.52764635 235.13333333
0.38343028 61.73333333
0.39534638 61.73333333
0.37470474 61.73333333
0.24826371 61.73333333
0.38767848 61.73333333
0.49225046 310.13333333
0.22671748 136.73333333
0.48988072 310.13333333
0.50064378 310.13333333
0.27107769 310.13333333
0.52579677 310.13333333
0.50409086 310.13333333
0.51390082 136.73333333
0.51289180 136.73333333
0.53387720 136.73333333
0.23254616 136.73333333
0.51977601 136.73333333
0.52168219 160.13333333
0.52360160 286.73333333
0.57039337 160.13333333
0.54036232 160.13333333
0.53581263 160.13333333
0.54956004 160.13333333
0.53041149 160.13333333
0.54407056 286.73333333
0.54849053 286.73333333
0.55196917 286.73333333
0.53847941 286.73333333
0.54268171 286.73333333
0.56390641 197.66666667
0.54039090 249.20000000
0.54028782 197.66666667
0.53694987 197.66666667
0.53625083 197.66666667
0.53218821 197.66666667
0.54096806 197.66666667
0.52301258 249.20000000
0.55455636 249.20000000
0.54894458 249.20000000
0.54655529 249.20000000
0.53127282 249.20000000
0.28455453 347.66666667
0.07125926 99.20000000
0.31965175 347.66666667
0.30987832 347.66666667
0.53786755 347.66666667
0.31351872 347.66666667
0.53671591 347.66666667
0.11022896 99.20000000
0.08606061 99.20000000
0.11824916 99.20000000
0.06717172 99.20000000
0.10150842 99.20000000
0.55650183 272.66666667
0.43127531 174.20000000
0.31834016 272.66666667
0.55845274 272.66666667
0.55134669 272.66666667
0.54278891 272.66666667
0.17016627 272.66666667
0.45845211 174.20000000
0.20549097 174.20000000
0.09718446 174.20000000
0.09606787 174.20000000
0.11363985 174.20000000
0.55432049 122.66666667
0.54103830 324.20000000
0.54518637 122.66666667
0.54726110 122.66666667
0.50929406 122.66666667
0.51193745 122.66666667
0.54076592 122.66666667
0.53446407 324.20000000
0.53772206 324.20000000
0.53855144 324.20000000
0.54310225 324.20000000
0.53628997 324.20000000
0.41978467 103.86666667
0.46840244 305.46666667
0.41316281 103.86666667
0.43841797 103.86666667
0.43261763 103.86666667
0.38764003 103.86666667
0.36835325 103.86666667
0.52948605 305.46666667
0.53885567 305.46666667
0.45834137 305.46666667
0.54127933 305.46666667
0.52683524 305.46666667
0.52507962 253.93333333
0.52578164 155.46666667
0.51639538 253.93333333
0.54239623 253.93333333
0.53452118 253.93333333
0.52585976 253.93333333
0.53556897 253.93333333
0.54327268 155.46666667
0.53599669 155.46666667
0.53430383 155.46666667
0.52016818 155.46666667
0.54713813 155.46666667
0.54794956 328.86666667
0.48539095 80.46666667
0.53111857 328.86666667
0.52079596 328.86666667
0.53741135 328.86666667
0.53639509 328.86666667
0.54530482 328.86666667
0.42251029 80.46666667
0.40763374 80.46666667
0.44007202 80.46666667
0.48058642 80.46666667
0.41515432 80.46666667
0.36526479 178.86666667
0.49885187 230.46666667
0.37087649 178.86666667
0.36191074 178.86666667
0.37868516 178.86666667
0.23742598 178.86666667
0.23740924 178.86666667
0.35162055 230.46666667
0.36755380 230.46666667
0.39386160 230.46666667
0.47714411 230.46666667
0.36381831 230.46666667
0.17825392 141.40000000
0.53266386 342.93333333
0.17209070 141.40000000
0.16588419 141.40000000
0.17397196 141.40000000
0.54362868 141.40000000
0.52990377 141.40000000
0.54607948 342.93333333
0.54840559 342.93333333
0.53286050 342.93333333
0.55675640 342.93333333
0.54180178 342.93333333
0.54448053 291.40000000
0.52400691 193.00000000
0.53992766 291.40000000
0.54064398 291.40000000
0.53833184 291.40000000
0.54127242 291.40000000
0.55914105 291.40000000
0.42728843 193.00000000
0.42314335 193.00000000
0.44041451 193.00000000
0.55164076 193.00000000
0.43350604 193.00000000
0.53266058 216.40000000
0.53389831 118.00000000
0.51819139 216.40000000
0.53542413 216.40000000
0.53326933 216.40000000
0.11737640 216.40000000
0.07085253 216.40000000
0.04124294 118.00000000
0.02994350 118.00000000
0.02598870 118.00000000
0.51525424 118.00000000
0.03163842 118.00000000
0.23205186 66.40000000
0.55835616 267.93333333
0.22486055 66.40000000
0.24191165 66.40000000
0.25689733 66.40000000
0.32041309 66.40000000
0.29525102 66.40000000
0.55336706 267.93333333
0.54292489 267.93333333
0.54068795 267.93333333
0.54467457 267.93333333
0.54192614 267.93333333
0.30659263 61.73333333
0.54295468 235.13333333
0.30218579 61.73333333
0.32176979 61.73333333
0.30345496 61.73333333
0.04976203 61.73333333
0.05395734 61.73333333
0.21577593 235.13333333
0.21462796 235.13333333
0.23050968 235.13333333
0.55034379 235.13333333
0.21606804 235.13333333
0.06481415 211.73333333
0.00781578 85.20000000
0.06387672 211.73333333
0.05474977 211.73333333
0.05851590 211.73333333
0.54534412 211.73333333
0.54752601 211.73333333
0.39431829 85.20000000
0.41316917 85.20000000
0.42558140 85.20000000
0.01171911 85.20000000
0.41318741 85.20000000
0.44291400 286.73333333
0.36346273 160.13333333
0.44663791 286.73333333
0.43011704 286.73333333
0.53730253 286.73333333
0.53221575 286.73333333
0.54475687 286.73333333
0.53581522 160.13333333
0.53496894 160.13333333
0.55081781 160.13333333
0.36882505 160.13333333
0.54578675 160.13333333
0.52895019 136.73333333
0.53419009 310.13333333
0.53046014 136.73333333
0.55388579 136.73333333
0.54016388 136.73333333
0.37251682 136.73333333
0.35733863 136.73333333
0.35298966 310.13333333
0.35061232 310.13333333
0.56469661 310.13333333
0.47335477 310.13333333
0.35298206 310.13333333
