100.0000 10.0000 0.0000 100.0000
100.0000 10.0000 0.0000 100.0000
100.0000 10.0000 0.0000 100.0000
100.0000 10.0000 0.0000 100.0000
100.0000 10.0000 0.0000 100.0000
100.0000 10.0000 0.0000 100.0000
100.0000 10.0000 0.0000 100.0000
100.0000 10.0000 0.0000 100.0000
100.0000 10.0000 0.0000 100.0000
100.0000 10.0000 0.0000 100.0000
400.0000 45.0000 0.5000 400.0000
400.0000 45.0000 0.5000 400.0000
400.0000 45.0000 0.5000 400.0000
400.0000 45.0000 0.5000 400.0000
400.0000 45.0000 0.5000 400.0000
400.0000 45.0000 0.5000 400.0000
400.0000 45.0000 0.5000 400.0000
400.0000 45.0000 0.5000 400.0000
400.0000 45.0000 0.5000 400.0000
400.0000 45.0000 0.5000 400.0000
550.0000 27.5000 0.2500 250.0000
550.0000 27.5000 0.2500 250.0000
550.0000 62.5000 0.2500 250.0000
550.0000 27.5000 0.2500 250.0000
550.0000 27.5000 0.2500 550.0000
550.0000 62.5000 0.2500 550.0000
550.0000 27.5000 0.2500 550.0000
550.0000 62.5000 0.2500 550.0000
550.0000 62.5000 0.2500 250.0000
550.0000 62.5000 0.2500 550.0000
250.0000 62.5000 0.7500 550.0000
250.0000 62.5000 0.7500 550.0000
250.0000 27.5000 0.7500 550.0000
250.0000 62.5000 0.7500 550.0000
250.0000 62.5000 0.7500 250.0000
250.0000 27.5000 0.7500 250.0000
250.0000 62.5000 0.7500 250.0000
250.0000 27.5000 0.7500 250.0000
250.0000 27.5000 0.7500 550.0000
250.0000 27.5000 0.7500 250.0000
325.0000 36.2500 0.6250 625.0000
325.0000 36.2500 0.6250 625.0000
325.0000 18.7500 0.6250 625.0000
325.0000 36.2500 0.3750 625.0000
325.0000 36.2500 0.6250 625.0000
325.0000 18.7500 0.3750 625.0000
325.0000 36.2500 0.3750 625.0000
325.0000 18.7500 0.6250 625.0000
325.0000 18.7500 0.3750 625.0000
325.0000 18.7500 0.3750 625.0000
625.0000 71.2500 0.1250 325.0000
625.0000 71.2500 0.1250 325.0000
625.0000 53.7500 0.1250 325.0000
625.0000 71.2500 0.8750 325.0000
625.0000 71.2500 0.1250 325.0000
625.0000 53.7500 0.8750 325.0000
625.0000 71.2500 0.8750 325.0000
625.0000 53.7500 0.1250 325.0000
625.0000 53.7500 0.8750 325.0000
625.0000 53.7500 0.8750 325.0000
475.0000 18.7500 0.8750 475.0000
475.0000 18.7500 0.8750 475.0000
475.0000 71.2500 0.8750 475.0000
475.0000 18.7500 0.1250 475.0000
475.0000 18.7500 0.8750 175.0000
475.0000 71.2500 0.1250 175.0000
475.0000 18.7500 0.1250 175.0000
475.0000 71.2500 0.8750 175.0000
475.0000 71.2500 0.1250 475.0000
475.0000 71.2500 0.1250 175.0000
175.0000 53.7500 0.3750 175.0000
175.0000 53.7500 0.3750 175.0000
175.0000 36.2500 0.3750 175.0000
175.0000 53.7500 0.6250 175.0000
175.0000 53.7500 0.3750 475.0000
175.0000 36.2500 0.6250 475.0000
175.0000 53.7500 0.6250 475.0000
175.0000 36.2500 0.3750 475.0000
175.0000 36.2500 0.6250 175.0000
175.0000 36.2500 0.6250 475.0000
212.5000 31.8750 0.9375 362.5000
437.5000 31.8750 0.9375 362.5000
212.5000 31.8750 0.9375 362.5000
212.5000 31.8750 0.4375 362.5000
212.5000 31.8750 0.9375 662.5000
212.5000 31.8750 0.4375 662.5000
437.5000 31.8750 0.4375 662.5000
437.5000 31.8750 0.9375 662.5000
437.5000 31.8750 0.4375 362.5000
437.5000 31.8750 0.4375 662.5000
512.5000 66.8750 0.4375 662.5000
137.5000 66.8750 0.4375 662.5000
512.5000 66.8750 0.4375 662.5000
512.5000 66.8750 0.9375 662.5000
512.5000 66.8750 0.4375 362.5000
512.5000 66.8750 0.9375 362.5000
137.5000 66.8750 0.9375 362.5000
137.5000 66.8750 0.4375 362.5000
137.5000 66.8750 0.9375 662.5000
137.5000 66.8750 0.9375 362.5000
662.5000 14.3750 0.6875 212.5000
287.5000 14.3750 0.6875 212.5000
662.5000 49.3750 0.6875 212.5000
662.5000 14.3750 0.1875 212.5000
662.5000 14.3750 0.6875 212.5000
662.5000 49.3750 0.1875 212.5000
287.5000 14.3750 0.1875 212.5000
287.5000 49.3750 0.6875 212.5000
287.5000 49.3750 0.1875 212.5000
287.5000 49.3750 0.1875 212.5000
362.5000 49.3750 0.1875 512.5000
587.5000 49.3750 0.1875 512.5000
362.5000 14.3750 0.1875 512.5000
362.5000 49.3750 0.6875 512.5000
362.5000 49.3750 0.1875 512.5000
362.5000 14.3750 0.6875 512.5000
587.5000 49.3750 0.6875 512.5000
587.5000 14.3750 0.1875 512.5000
587.5000 14.3750 0.6875 512.5000
587.5000 14.3750 0.6875 512.5000
287.5000 23.1250 0.3125 437.5000
662.5000 23.1250 0.3125 437.5000
287.5000 40.6250 0.3125 437.5000
287.5000 23.1250 0.0625 437.5000
287.5000 23.1250 0.3125 137.5000
287.5000 40.6250 0.0625 137.5000
662.5000 23.1250 0.0625 137.5000
662.5000 40.6250 0.3125 137.5000
662.5000 40.6250 0.0625 437.5000
662.5000 40.6250 0.0625 137.5000
587.5000 58.1250 0.8125 137.5000
362.5000 58.1250 0.8125 137.5000
587.5000 75.6250 0.8125 137.5000
587.5000 58.1250 0.5625 137.5000
587.5000 58.1250 0.8125 437.5000
587.5000 75.6250 0.5625 437.5000
362.5000 58.1250 0.5625 437.5000
362.5000 75.6250 0.8125 437.5000
362.5000 75.6250 0.5625 137.5000
362.5000 75.6250 0.5625 437.5000
437.5000 40.6250 0.0625 587.5000
212.5000 40.6250 0.0625 587.5000
437.5000 58.1250 0.0625 587.5000
437.5000 40.6250 0.3125 587.5000
437.5000 40.6250 0.0625 587.5000
437.5000 58.1250 0.3125 587.5000
212.5000 40.6250 0.3125 587.5000
212.5000 58.1250 0.0625 587.5000
212.5000 58.1250 0.3125 587.5000
212.5000 58.1250 0.3125 587.5000
137.5000 75.6250 0.5625 287.5000
512.5000 75.6250 0.5625 287.5000
137.5000 23.1250 0.5625 287.5000
137.5000 75.6250 0.8125 287.5000
137.5000 75.6250 0.5625 287.5000
137.5000 23.1250 0.8125 287.5000
512.5000 75.6250 0.8125 287.5000
512.5000 23.1250 0.5625 287.5000
512.5000 23.1250 0.8125 287.5000
512.5000 23.1250 0.8125 287.5000
156.2500 42.8125 0.4688 493.7500
268.7500 42.8125 0.4688 493.7500
156.2500 77.8125 0.4688 493.7500
156.2500 42.8125 0.5312 493.7500
156.2500 42.8125 0.4688 606.2500
156.2500 77.8125 0.5312 606.2500
268.7500 42.8125 0.5312 606.2500
268.7500 77.8125 0.4688 606.2500
268.7500 77.8125 0.5312 493.7500
268.7500 77.8125 0.5312 606.2500
456.2500 77.8125 0.9688 193.7500
568.7500 77.8125 0.9688 193.7500
456.2500 42.8125 0.9688 193.7500
456.2500 77.8125 0.0312 193.7500
456.2500 77.8125 0.9688 306.2500
456.2500 42.8125 0.0312 306.2500
568.7500 77.8125 0.0312 306.2500
568.7500 42.8125 0.9688 306.2500
568.7500 42.8125 0.0312 193.7500
568.7500 42.8125 0.0312 306.2500
606.2500 25.3125 0.2188 643.7500
418.7500 25.3125 0.2188 643.7500
606.2500 25.3125 0.2188 643.7500
606.2500 25.3125 0.7812 643.7500
606.2500 25.3125 0.2188 156.2500
606.2500 25.3125 0.7812 156.2500
418.7500 25.3125 0.7812 156.2500
418.7500 25.3125 0.2188 156.2500
418.7500 25.3125 0.7812 643.7500
418.7500 25.3125 0.7812 156.2500
306.2500 60.3125 0.7188 343.7500
118.7500 60.3125 0.7188 343.7500
306.2500 60.3125 0.7188 343.7500
306.2500 60.3125 0.2812 343.7500
306.2500 60.3125 0.7188 456.2500
306.2500 60.3125 0.2812 456.2500
118.7500 60.3125 0.2812 456.2500
118.7500 60.3125 0.7188 456.2500
118.7500 60.3125 0.2812 343.7500
118.7500 60.3125 0.2812 456.2500
381.2500 16.5625 0.8438 268.7500
193.7500 16.5625 0.8438 268.7500
381.2500 69.0625 0.8438 268.7500
381.2500 16.5625 0.9062 268.7500
381.2500 16.5625 0.8438 231.2500
381.2500 69.0625 0.9062 231.2500
193.7500 16.5625 0.9062 231.2500
193.7500 69.0625 0.8438 231.2500
193.7500 69.0625 0.9062 268.7500
193.7500 69.0625 0.9062 231.2500
681.2500 51.5625 0.3438 568.7500
493.7500 51.5625 0.3438 568.7500
681.2500 34.0625 0.3438 568.7500
681.2500 51.5625 0.4062 568.7500
681.2500 51.5625 0.3438 531.2500
681.2500 34.0625 0.4062 531.2500
493.7500 51.5625 0.4062 531.2500
493.7500 34.0625 0.3438 531.2500
493.7500 34.0625 0.4062 568.7500
493.7500 34.0625 0.4062 531.2500
531.2500 34.0625 0.5938 118.7500
643.7500 34.0625 0.5938 118.7500
531.2500 16.5625 0.5938 118.7500
531.2500 34.0625 0.6562 118.7500
531.2500 34.0625 0.5938 681.2500
531.2500 16.5625 0.6562 681.2500
643.7500 34.0625 0.6562 681.2500
643.7500 16.5625 0.5938 681.2500
643.7500 16.5625 0.6562 118.7500
643.7500 16.5625 0.6562 681.2500
231.2500 69.0625 0.0938 418.7500
343.7500 69.0625 0.0938 418.7500
231.2500 51.5625 0.0938 418.7500
231.2500 69.0625 0.1562 418.7500
231.2500 69.0625 0.0938 381.2500
231.2500 51.5625 0.1562 381.2500
343.7500 69.0625 0.1562 381.2500
343.7500 51.5625 0.0938 381.2500
343.7500 51.5625 0.1562 418.7500
343.7500 51.5625 0.1562 381.2500
193.7500 20.9375 0.5312 606.2500
606.2500 20.9375 0.5312 606.2500
193.7500 55.9375 0.5312 606.2500
193.7500 20.9375 0.9688 606.2500
193.7500 20.9375 0.5312 193.7500
193.7500 55.9375 0.9688 193.7500
606.2500 20.9375 0.9688 193.7500
606.2500 55.9375 0.5312 193.7500
606.2500 55.9375 0.9688 606.2500
606.2500 55.9375 0.9688 193.7500
493.7500 55.9375 0.0312 306.2500
306.2500 55.9375 0.0312 306.2500
493.7500 20.9375 0.0312 306.2500
493.7500 55.9375 0.4688 306.2500
493.7500 55.9375 0.0312 493.7500
493.7500 20.9375 0.4688 493.7500
306.2500 55.9375 0.4688 493.7500
306.2500 20.9375 0.0312 493.7500
306.2500 20.9375 0.4688 306.2500
306.2500 20.9375 0.4688 493.7500
643.7500 38.4375 0.7812 456.2500
156.2500 38.4375 0.7812 456.2500
643.7500 38.4375 0.7812 456.2500
643.7500 38.4375 0.7188 456.2500
643.7500 38.4375 0.7812 643.7500
643.7500 38.4375 0.7188 643.7500
156.2500 38.4375 0.7188 643.7500
156.2500 38.4375 0.7812 643.7500
156.2500 38.4375 0.7188 456.2500
156.2500 38.4375 0.7188 643.7500
343.7500 73.4375 0.2812 156.2500
456.2500 73.4375 0.2812 156.2500
343.7500 73.4375 0.2812 156.2500
343.7500 73.4375 0.2188 156.2500
343.7500 73.4375 0.2812 343.7500
343.7500 73.4375 0.2188 343.7500
456.2500 73.4375 0.2188 343.7500
456.2500 73.4375 0.2812 343.7500
456.2500 73.4375 0.2188 156.2500
456.2500 73.4375 0.2188 343.7500
268.7500 29.6875 0.1562 231.2500
531.2500 29.6875 0.1562 231.2500
268.7500 47.1875 0.1562 231.2500
268.7500 29.6875 0.5938 231.2500
268.7500 29.6875 0.1562 568.7500
268.7500 47.1875 0.5938 568.7500
531.2500 29.6875 0.5938 568.7500
531.2500 47.1875 0.1562 568.7500
531.2500 47.1875 0.5938 231.2500
531.2500 47.1875 0.5938 568.7500
568.7500 64.6875 0.6562 531.2500
231.2500 64.6875 0.6562 531.2500
568.7500 12.1875 0.6562 531.2500
568.7500 64.6875 0.0938 531.2500
568.7500 64.6875 0.6562 268.7500
568.7500 12.1875 0.0938 268.7500
231.2500 64.6875 0.0938 268.7500
231.2500 12.1875 0.6562 268.7500
231.2500 12.1875 0.0938 531.2500
231.2500 12.1875 0.0938 268.7500
418.7500 12.1875 0.4062 381.2500
381.2500 12.1875 0.4062 381.2500
418.7500 29.6875 0.4062 381.2500
418.7500 12.1875 0.8438 381.2500
418.7500 12.1875 0.4062 118.7500
418.7500 29.6875 0.8438 118.7500
381.2500 12.1875 0.8438 118.7500
381.2500 29.6875 0.4062 118.7500
381.2500 29.6875 0.8438 381.2500
381.2500 29.6875 0.8438 118.7500
118.7500 47.1875 0.9062 681.2500
681.2500 47.1875 0.9062 681.2500
118.7500 64.6875 0.9062 681.2500
118.7500 47.1875 0.3438 681.2500
118.7500 47.1875 0.9062 418.7500
118.7500 64.6875 0.3438 418.7500
681.2500 47.1875 0.3438 418.7500
681.2500 64.6875 0.9062 418.7500
681.2500 64.6875 0.3438 681.2500
681.2500 64.6875 0.3438 418.7500
128.1250 28.5938 0.7031 428.1250
184.3750 28.5938 0.7031 428.1250
128.1250 74.5312 0.7031 428.1250
128.1250 28.5938 0.7969 428.1250
128.1250 28.5938 0.7031 503.1250
128.1250 74.5312 0.7969 503.1250
184.3750 28.5938 0.7969 503.1250
184.3750 74.5312 0.7031 503.1250
184.3750 74.5312 0.7969 428.1250
184.3750 74.5312 0.7969 503.1250
428.1250 63.5938 0.2031 128.1250
484.3750 63.5938 0.2031 128.1250
428.1250 39.5312 0.2031 128.1250
428.1250 63.5938 0.2969 128.1250
428.1250 63.5938 0.2031 203.1250
428.1250 39.5312 0.2969 203.1250
484.3750 63.5938 0.2969 203.1250
484.3750 39.5312 0.2031 203.1250
484.3750 39.5312 0.2969 128.1250
484.3750 39.5312 0.2969 203.1250
578.1250 11.0938 0.9531 578.1250
634.3750 11.0938 0.9531 578.1250
578.1250 22.0312 0.9531 578.1250
578.1250 11.0938 0.5469 578.1250
578.1250 11.0938 0.9531 353.1250
578.1250 22.0312 0.5469 353.1250
634.3750 11.0938 0.5469 353.1250
634.3750 22.0312 0.9531 353.1250
634.3750 22.0312 0.5469 578.1250
634.3750 22.0312 0.5469 353.1250
278.1250 46.0938 0.4531 278.1250
334.3750 46.0938 0.4531 278.1250
278.1250 57.0312 0.4531 278.1250
278.1250 46.0938 0.0469 278.1250
278.1250 46.0938 0.4531 653.1250
278.1250 57.0312 0.0469 653.1250
334.3750 46.0938 0.0469 653.1250
334.3750 57.0312 0.4531 653.1250
334.3750 57.0312 0.0469 278.1250
334.3750 57.0312 0.0469 653.1250
353.1250 19.8438 0.0781 353.1250
259.3750 19.8438 0.0781 353.1250
353.1250 65.7812 0.0781 353.1250
353.1250 19.8438 0.6719 353.1250
353.1250 19.8438 0.0781 278.1250
353.1250 65.7812 0.6719 278.1250
259.3750 19.8438 0.6719 278.1250
259.3750 65.7812 0.0781 278.1250
259.3750 65.7812 0.6719 353.1250
259.3750 65.7812 0.6719 278.1250
653.1250 54.8438 0.5781 653.1250
559.3750 54.8438 0.5781 653.1250
653.1250 30.7812 0.5781 653.1250
653.1250 54.8438 0.1719 653.1250
653.1250 54.8438 0.5781 578.1250
653.1250 30.7812 0.1719 578.1250
559.3750 54.8438 0.1719 578.1250
559.3750 30.7812 0.5781 578.1250
559.3750 30.7812 0.1719 653.1250
559.3750 30.7812 0.1719 578.1250
503.1250 37.3438 0.3281 203.1250
409.3750 37.3438 0.3281 203.1250
503.1250 13.2812 0.3281 203.1250
503.1250 37.3438 0.9219 203.1250
503.1250 37.3438 0.3281 428.1250
503.1250 13.2812 0.9219 428.1250
409.3750 37.3438 0.9219 428.1250
409.3750 13.2812 0.3281 428.1250
409.3750 13.2812 0.9219 203.1250
409.3750 13.2812 0.9219 428.1250
203.1250 72.3438 0.8281 503.1250
109.3750 72.3438 0.8281 503.1250
203.1250 48.2812 0.8281 503.1250
203.1250 72.3438 0.4219 503.1250
203.1250 72.3438 0.8281 128.1250
203.1250 48.2812 0.4219 128.1250
109.3750 72.3438 0.4219 128.1250
109.3750 48.2812 0.8281 128.1250
109.3750 48.2812 0.4219 503.1250
109.3750 48.2812 0.4219 128.1250
240.6250 15.4688 0.2656 690.6250
521.8750 15.4688 0.2656 690.6250
240.6250 61.4062 0.2656 690.6250
240.6250 15.4688 0.7344 690.6250
240.6250 15.4688 0.2656 315.6250
240.6250 61.4062 0.7344 315.6250
521.8750 15.4688 0.7344 315.6250
521.8750 61.4062 0.2656 315.6250
521.8750 61.4062 0.7344 690.6250
521.8750 61.4062 0.7344 315.6250
540.6250 50.4688 0.7656 390.6250
221.8750 50.4688 0.7656 390.6250
540.6250 26.4062 0.7656 390.6250
540.6250 50.4688 0.2344 390.6250
540.6250 50.4688 0.7656 615.6250
540.6250 26.4062 0.2344 615.6250
221.8750 50.4688 0.2344 615.6250
221.8750 26.4062 0.7656 615.6250
221.8750 26.4062 0.2344 390.6250
221.8750 26.4062 0.2344 615.6250
690.6250 32.9688 0.0156 540.6250
371.8750 32.9688 0.0156 540.6250
690.6250 43.9062 0.0156 540.6250
690.6250 32.9688 0.9844 540.6250
690.6250 32.9688 0.0156 465.6250
690.6250 43.9062 0.9844 465.6250
371.8750 32.9688 0.9844 465.6250
371.8750 43.9062 0.0156 465.6250
371.8750 43.9062 0.9844 540.6250
371.8750 43.9062 0.9844 465.6250
390.6250 67.9688 0.5156 240.6250
671.8750 67.9688 0.5156 240.6250
390.6250 78.9062 0.5156 240.6250
390.6250 67.9688 0.4844 240.6250
390.6250 67.9688 0.5156 165.6250
390.6250 78.9062 0.4844 165.6250
671.8750 67.9688 0.4844 165.6250
671.8750 78.9062 0.5156 165.6250
671.8750 78.9062 0.4844 240.6250
671.8750 78.9062 0.4844 165.6250
315.6250 41.7188 0.8906 165.6250
596.8750 41.7188 0.8906 165.6250
315.6250 52.6562 0.8906 165.6250
315.6250 41.7188 0.8594 165.6250
315.6250 41.7188 0.8906 540.6250
315.6250 52.6562 0.8594 540.6250
596.8750 41.7188 0.8594 540.6250
596.8750 52.6562 0.8906 540.6250
596.8750 52.6562 0.8594 165.6250
596.8750 52.6562 0.8594 540.6250
615.6250 76.7188 0.3906 465.6250
296.8750 76.7188 0.3906 465.6250
615.6250 17.6562 0.3906 465.6250
615.6250 76.7188 0.3594 465.6250
615.6250 76.7188 0.3906 240.6250
615.6250 17.6562 0.3594 240.6250
296.8750 76.7188 0.3594 240.6250
296.8750 17.6562 0.3906 240.6250
296.8750 17.6562 0.3594 465.6250
296.8750 17.6562 0.3594 240.6250
465.6250 24.2188 0.6406 315.6250
146.8750 24.2188 0.6406 315.6250
465.6250 35.1562 0.6406 315.6250
465.6250 24.2188 0.6094 315.6250
465.6250 24.2188 0.6406 390.6250
465.6250 35.1562 0.6094 390.6250
146.8750 24.2188 0.6094 390.6250
146.8750 35.1562 0.6406 390.6250
146.8750 35.1562 0.6094 315.6250
146.8750 35.1562 0.6094 390.6250
165.6250 59.2188 0.1406 615.6250
446.8750 59.2188 0.1406 615.6250
165.6250 70.1562 0.1406 615.6250
165.6250 59.2188 0.1094 615.6250
165.6250 59.2188 0.1406 690.6250
165.6250 70.1562 0.1094 690.6250
446.8750 59.2188 0.1094 690.6250
446.8750 70.1562 0.1406 690.6250
446.8750 70.1562 0.1094 615.6250
446.8750 70.1562 0.1094 690.6250
146.8750 26.4062 0.7969 184.3750
353.1250 26.4062 0.7969 184.3750
146.8750 15.4688 0.7969 184.3750
146.8750 26.4062 0.2656 184.3750
146.8750 26.4062 0.7969 371.8750
146.8750 15.4688 0.2656 371.8750
353.1250 26.4062 0.2656 371.8750
353.1250 15.4688 0.7969 371.8750
353.1250 15.4688 0.2656 184.3750
353.1250 15.4688 0.2656 371.8750
446.8750 61.4062 0.2969 484.3750
653.1250 61.4062 0.2969 484.3750
446.8750 50.4688 0.2969 484.3750
446.8750 61.4062 0.7656 484.3750
446.8750 61.4062 0.2969 671.8750
446.8750 50.4688 0.7656 671.8750
653.1250 61.4062 0.7656 671.8750
653.1250 50.4688 0.2969 671.8750
653.1250 50.4688 0.7656 484.3750
653.1250 50.4688 0.7656 671.8750
596.8750 43.9062 0.5469 334.3750
503.1250 43.9062 0.5469 334.3750
596.8750 67.9688 0.5469 334.3750
596.8750 43.9062 0.0156 334.3750
596.8750 43.9062 0.5469 521.8750
596.8750 67.9688 0.0156 521.8750
503.1250 43.9062 0.0156 521.8750
503.1250 67.9688 0.5469 521.8750
503.1250 67.9688 0.0156 334.3750
503.1250 67.9688 0.0156 521.8750
296.8750 78.9062 0.0469 634.3750
203.1250 78.9062 0.0469 634.3750
296.8750 32.9688 0.0469 634.3750
296.8750 78.9062 0.5156 634.3750
296.8750 78.9062 0.0469 221.8750
296.8750 32.9688 0.5156 221.8750
203.1250 78.9062 0.5156 221.8750
203.1250 32.9688 0.0469 221.8750
203.1250 32.9688 0.5156 634.3750
203.1250 32.9688 0.5156 221.8750
371.8750 35.1562 0.4219 559.3750
128.1250 35.1562 0.4219 559.3750
371.8750 24.2188 0.4219 559.3750
371.8750 35.1562 0.1406 559.3750
371.8750 35.1562 0.4219 446.8750
371.8750 24.2188 0.1406 446.8750
128.1250 35.1562 0.1406 446.8750
128.1250 24.2188 0.4219 446.8750
128.1250 24.2188 0.1406 559.3750
128.1250 24.2188 0.1406 446.8750
671.8750 70.1562 0.9219 259.3750
428.1250 70.1562 0.9219 259.3750
671.8750 59.2188 0.9219 259.3750
671.8750 70.1562 0.6406 259.3750
671.8750 70.1562 0.9219 146.8750
671.8750 59.2188 0.6406 146.8750
428.1250 70.1562 0.6406 146.8750
428.1250 59.2188 0.9219 146.8750
428.1250 59.2188 0.6406 259.3750
428.1250 59.2188 0.6406 146.8750
521.8750 17.6562 0.1719 409.3750
578.1250 17.6562 0.1719 409.3750
521.8750 76.7188 0.1719 409.3750
521.8750 17.6562 0.3906 409.3750
521.8750 17.6562 0.1719 296.8750
521.8750 76.7188 0.3906 296.8750
578.1250 17.6562 0.3906 296.8750
578.1250 76.7188 0.1719 296.8750
578.1250 76.7188 0.3906 409.3750
578.1250 76.7188 0.3906 296.8750
221.8750 52.6562 0.6719 109.3750
278.1250 52.6562 0.6719 109.3750
221.8750 41.7188 0.6719 109.3750
221.8750 52.6562 0.8906 109.3750
221.8750 52.6562 0.6719 596.8750
221.8750 41.7188 0.8906 596.8750
278.1250 52.6562 0.8906 596.8750
278.1250 41.7188 0.6719 596.8750
278.1250 41.7188 0.8906 109.3750
278.1250 41.7188 0.8906 596.8750
184.3750 39.5312 0.2344 296.8750
690.6250 39.5312 0.2344 296.8750
184.3750 28.5938 0.2344 296.8750
184.3750 39.5312 0.2031 296.8750
184.3750 39.5312 0.2344 409.3750
184.3750 28.5938 0.2031 409.3750
690.6250 39.5312 0.2031 409.3750
690.6250 28.5938 0.2344 409.3750
690.6250 28.5938 0.2031 296.8750
690.6250 28.5938 0.2031 409.3750
484.3750 74.5312 0.7344 596.8750
390.6250 74.5312 0.7344 596.8750
484.3750 63.5938 0.7344 596.8750
484.3750 74.5312 0.7031 596.8750
484.3750 74.5312 0.7344 109.3750
484.3750 63.5938 0.7031 109.3750
390.6250 74.5312 0.7031 109.3750
390.6250 63.5938 0.7344 109.3750
390.6250 63.5938 0.7031 596.8750
390.6250 63.5938 0.7031 109.3750
634.3750 22.0312 0.4844 146.8750
240.6250 22.0312 0.4844 146.8750
634.3750 46.0938 0.4844 146.8750
634.3750 22.0312 0.4531 146.8750
634.3750 22.0312 0.4844 259.3750
634.3750 46.0938 0.4531 259.3750
240.6250 22.0312 0.4531 259.3750
240.6250 46.0938 0.4844 259.3750
240.6250 46.0938 0.4531 146.8750
240.6250 46.0938 0.4531 259.3750
334.3750 57.0312 0.9844 446.8750
540.6250 57.0312 0.9844 446.8750
334.3750 11.0938 0.9844 446.8750
334.3750 57.0312 0.9531 446.8750
334.3750 57.0312 0.9844 559.3750
334.3750 11.0938 0.9531 559.3750
540.6250 57.0312 0.9531 559.3750
540.6250 11.0938 0.9844 559.3750
540.6250 11.0938 0.9531 446.8750
540.6250 11.0938 0.9531 559.3750
259.3750 13.2812 0.6094 521.8750
465.6250 13.2812 0.6094 521.8750
259.3750 37.3438 0.6094 521.8750
259.3750 13.2812 0.3281 521.8750
259.3750 13.2812 0.6094 334.3750
259.3750 37.3438 0.3281 334.3750
465.6250 13.2812 0.3281 334.3750
465.6250 37.3438 0.6094 334.3750
465.6250 37.3438 0.3281 521.8750
465.6250 37.3438 0.3281 334.3750
559.3750 48.2812 0.1094 221.8750
165.6250 48.2812 0.1094 221.8750
559.3750 72.3438 0.1094 221.8750
559.3750 48.2812 0.8281 221.8750
559.3750 48.2812 0.1094 634.3750
559.3750 72.3438 0.8281 634.3750
165.6250 48.2812 0.8281 634.3750
165.6250 72.3438 0.1094 634.3750
165.6250 72.3438 0.8281 221.8750
165.6250 72.3438 0.8281 634.3750
409.3750 30.7812 0.8594 671.8750
315.6250 30.7812 0.8594 671.8750
409.3750 54.8438 0.8594 671.8750
409.3750 30.7812 0.0781 671.8750
409.3750 30.7812 0.8594 484.3750
409.3750 54.8438 0.0781 484.3750
315.6250 30.7812 0.0781 484.3750
315.6250 54.8438 0.8594 484.3750
315.6250 54.8438 0.0781 671.8750
315.6250 54.8438 0.0781 484.3750
109.3750 65.7812 0.3594 371.8750
615.6250 65.7812 0.3594 371.8750
109.3750 19.8438 0.3594 371.8750
109.3750 65.7812 0.5781 371.8750
109.3750 65.7812 0.3594 184.3750
109.3750 19.8438 0.5781 184.3750
615.6250 65.7812 0.5781 184.3750
615.6250 19.8438 0.3594 184.3750
615.6250 19.8438 0.5781 371.8750
615.6250 19.8438 0.5781 184.3750
114.0625 37.8906 0.8203 601.5625
489.0625 37.8906 0.8203 601.5625
114.0625 41.1719 0.8203 601.5625
114.0625 37.8906 0.6641 601.5625
114.0625 37.8906 0.8203 226.5625
114.0625 41.1719 0.6641 226.5625
489.0625 37.8906 0.6641 226.5625
489.0625 41.1719 0.8203 226.5625
489.0625 41.1719 0.6641 601.5625
489.0625 41.1719 0.6641 226.5625
414.0625 72.8906 0.3203 301.5625
189.0625 72.8906 0.3203 301.5625
414.0625 76.1719 0.3203 301.5625
414.0625 72.8906 0.1641 301.5625
414.0625 72.8906 0.3203 526.5625
414.0625 76.1719 0.1641 526.5625
189.0625 72.8906 0.1641 526.5625
189.0625 76.1719 0.3203 526.5625
189.0625 76.1719 0.1641 301.5625
189.0625 76.1719 0.1641 526.5625
564.0625 20.3906 0.5703 451.5625
339.0625 20.3906 0.5703 451.5625
564.0625 58.6719 0.5703 451.5625
564.0625 20.3906 0.9141 451.5625
564.0625 20.3906 0.5703 676.5625
564.0625 58.6719 0.9141 676.5625
339.0625 20.3906 0.9141 676.5625
339.0625 58.6719 0.5703 676.5625
339.0625 58.6719 0.9141 451.5625
339.0625 58.6719 0.9141 676.5625
264.0625 55.3906 0.0703 151.5625
639.0625 55.3906 0.0703 151.5625
264.0625 23.6719 0.0703 151.5625
264.0625 55.3906 0.4141 151.5625
264.0625 55.3906 0.0703 376.5625
264.0625 23.6719 0.4141 376.5625
639.0625 55.3906 0.4141 376.5625
639.0625 23.6719 0.0703 376.5625
639.0625 23.6719 0.4141 151.5625
639.0625 23.6719 0.4141 376.5625
339.0625 11.6406 0.4453 226.5625
564.0625 11.6406 0.4453 226.5625
339.0625 32.4219 0.4453 226.5625
339.0625 11.6406 0.7891 226.5625
339.0625 11.6406 0.4453 601.5625
339.0625 32.4219 0.7891 601.5625
564.0625 11.6406 0.7891 601.5625
564.0625 32.4219 0.4453 601.5625
564.0625 32.4219 0.7891 226.5625
564.0625 32.4219 0.7891 601.5625
639.0625 46.6406 0.9453 526.5625
264.0625 46.6406 0.9453 526.5625
639.0625 67.4219 0.9453 526.5625
639.0625 46.6406 0.2891 526.5625
639.0625 46.6406 0.9453 301.5625
639.0625 67.4219 0.2891 301.5625
264.0625 46.6406 0.2891 301.5625
264.0625 67.4219 0.9453 301.5625
264.0625 67.4219 0.2891 526.5625
264.0625 67.4219 0.2891 301.5625
489.0625 29.1406 0.1953 376.5625
114.0625 29.1406 0.1953 376.5625
489.0625 49.9219 0.1953 376.5625
489.0625 29.1406 0.5391 376.5625
489.0625 29.1406 0.1953 151.5625
489.0625 49.9219 0.5391 151.5625
114.0625 29.1406 0.5391 151.5625
114.0625 49.9219 0.1953 151.5625
114.0625 49.9219 0.5391 376.5625
114.0625 49.9219 0.5391 151.5625
189.0625 64.1406 0.6953 676.5625
414.0625 64.1406 0.6953 676.5625
189.0625 14.9219 0.6953 676.5625
189.0625 64.1406 0.0391 676.5625
189.0625 64.1406 0.6953 451.5625
189.0625 14.9219 0.0391 451.5625
414.0625 64.1406 0.0391 451.5625
414.0625 14.9219 0.6953 451.5625
414.0625 14.9219 0.0391 676.5625
414.0625 14.9219 0.0391 451.5625
226.5625 24.7656 0.1328 489.0625
226.5625 24.7656 0.1328 489.0625
226.5625 19.2969 0.1328 489.0625
226.5625 24.7656 0.8516 489.0625
226.5625 24.7656 0.1328 564.0625
226.5625 19.2969 0.8516 564.0625
226.5625 24.7656 0.8516 564.0625
226.5625 19.2969 0.1328 564.0625
226.5625 19.2969 0.8516 489.0625
226.5625 19.2969 0.8516 564.0625
526.5625 59.7656 0.6328 189.0625
526.5625 59.7656 0.6328 189.0625
526.5625 54.2969 0.6328 189.0625
526.5625 59.7656 0.3516 189.0625
526.5625 59.7656 0.6328 264.0625
526.5625 54.2969 0.3516 264.0625
526.5625 59.7656 0.3516 264.0625
526.5625 54.2969 0.6328 264.0625
526.5625 54.2969 0.3516 189.0625
526.5625 54.2969 0.3516 264.0625
676.5625 42.2656 0.3828 639.0625
676.5625 42.2656 0.3828 639.0625
676.5625 71.7969 0.3828 639.0625
676.5625 42.2656 0.6016 639.0625
676.5625 42.2656 0.3828 114.0625
676.5625 71.7969 0.6016 114.0625
676.5625 42.2656 0.6016 114.0625
676.5625 71.7969 0.3828 114.0625
676.5625 71.7969 0.6016 639.0625
676.5625 71.7969 0.6016 114.0625
376.5625 77.2656 0.8828 339.0625
376.5625 77.2656 0.8828 339.0625
376.5625 36.7969 0.8828 339.0625
376.5625 77.2656 0.1016 339.0625
376.5625 77.2656 0.8828 414.0625
376.5625 36.7969 0.1016 414.0625
376.5625 77.2656 0.1016 414.0625
376.5625 36.7969 0.8828 414.0625
376.5625 36.7969 0.1016 339.0625
376.5625 36.7969 0.1016 414.0625
301.5625 33.5156 0.5078 264.0625
301.5625 33.5156 0.5078 264.0625
301.5625 10.5469 0.5078 264.0625
301.5625 33.5156 0.7266 264.0625
301.5625 33.5156 0.5078 189.0625
301.5625 10.5469 0.7266 189.0625
301.5625 33.5156 0.7266 189.0625
301.5625 10.5469 0.5078 189.0625
301.5625 10.5469 0.7266 264.0625
301.5625 10.5469 0.7266 189.0625
601.5625 68.5156 0.0078 564.0625
601.5625 68.5156 0.0078 564.0625
601.5625 45.5469 0.0078 564.0625
601.5625 68.5156 0.2266 564.0625
601.5625 68.5156 0.0078 489.0625
601.5625 45.5469 0.2266 489.0625
601.5625 68.5156 0.2266 489.0625
601.5625 45.5469 0.0078 489.0625
601.5625 45.5469 0.2266 564.0625
601.5625 45.5469 0.2266 489.0625
451.5625 16.0156 0.7578 114.0625
451.5625 16.0156 0.7578 114.0625
451.5625 63.0469 0.7578 114.0625
451.5625 16.0156 0.9766 114.0625
451.5625 16.0156 0.7578 639.0625
451.5625 63.0469 0.9766 639.0625
451.5625 16.0156 0.9766 639.0625
451.5625 63.0469 0.7578 639.0625
451.5625 63.0469 0.9766 114.0625
451.5625 63.0469 0.9766 639.0625
151.5625 51.0156 0.2578 414.0625
151.5625 51.0156 0.2578 414.0625
151.5625 28.0469 0.2578 414.0625
151.5625 51.0156 0.4766 414.0625
151.5625 51.0156 0.2578 339.0625
151.5625 28.0469 0.4766 339.0625
151.5625 51.0156 0.4766 339.0625
151.5625 28.0469 0.2578 339.0625
151.5625 28.0469 0.4766 414.0625
151.5625 28.0469 0.4766 339.0625
170.3125 18.2031 0.6641 395.3125
657.8125 18.2031 0.6641 395.3125
170.3125 47.7344 0.6641 395.3125
170.3125 18.2031 0.1328 395.3125
170.3125 18.2031 0.6641 657.8125
170.3125 47.7344 0.1328 657.8125
657.8125 18.2031 0.1328 657.8125
657.8125 47.7344 0.6641 657.8125
657.8125 47.7344 0.1328 395.3125
657.8125 47.7344 0.1328 657.8125
470.3125 53.2031 0.1641 695.3125
357.8125 53.2031 0.1641 695.3125
470.3125 12.7344 0.1641 695.3125
470.3125 53.2031 0.6328 695.3125
470.3125 53.2031 0.1641 357.8125
470.3125 12.7344 0.6328 357.8125
357.8125 53.2031 0.6328 357.8125
357.8125 12.7344 0.1641 357.8125
357.8125 12.7344 0.6328 695.3125
357.8125 12.7344 0.6328 357.8125
620.3125 35.7031 0.9141 245.3125
207.8125 35.7031 0.9141 245.3125
620.3125 30.2344 0.9141 245.3125
620.3125 35.7031 0.3828 245.3125
620.3125 35.7031 0.9141 207.8125
620.3125 30.2344 0.3828 207.8125
207.8125 35.7031 0.3828 207.8125
207.8125 30.2344 0.9141 207.8125
207.8125 30.2344 0.3828 245.3125
207.8125 30.2344 0.3828 207.8125
320.3125 70.7031 0.4141 545.3125
507.8125 70.7031 0.4141 545.3125
320.3125 65.2344 0.4141 545.3125
320.3125 70.7031 0.8828 545.3125
320.3125 70.7031 0.4141 507.8125
320.3125 65.2344 0.8828 507.8125
507.8125 70.7031 0.8828 507.8125
507.8125 65.2344 0.4141 507.8125
507.8125 65.2344 0.8828 545.3125
507.8125 65.2344 0.8828 507.8125
395.3125 44.4531 0.0391 470.3125
432.8125 44.4531 0.0391 470.3125
395.3125 56.4844 0.0391 470.3125
395.3125 44.4531 0.2578 470.3125
395.3125 44.4531 0.0391 132.8125
395.3125 56.4844 0.2578 132.8125
432.8125 44.4531 0.2578 132.8125
432.8125 56.4844 0.0391 132.8125
432.8125 56.4844 0.2578 470.3125
432.8125 56.4844 0.2578 132.8125
695.3125 79.4531 0.5391 170.3125
132.8125 79.4531 0.5391 170.3125
695.3125 21.4844 0.5391 170.3125
695.3125 79.4531 0.7578 170.3125
695.3125 79.4531 0.5391 432.8125
695.3125 21.4844 0.7578 432.8125
132.8125 79.4531 0.7578 432.8125
132.8125 21.4844 0.5391 432.8125
132.8125 21.4844 0.7578 170.3125
132.8125 21.4844 0.7578 432.8125
545.3125 26.9531 0.2891 620.3125
282.8125 26.9531 0.2891 620.3125
545.3125 38.9844 0.2891 620.3125
545.3125 26.9531 0.0078 620.3125
545.3125 26.9531 0.2891 582.8125
545.3125 38.9844 0.0078 582.8125
282.8125 26.9531 0.0078 582.8125
282.8125 38.9844 0.2891 582.8125
282.8125 38.9844 0.0078 620.3125
282.8125 38.9844 0.0078 582.8125
245.3125 61.9531 0.7891 320.3125
582.8125 61.9531 0.7891 320.3125
245.3125 73.9844 0.7891 320.3125
245.3125 61.9531 0.5078 320.3125
245.3125 61.9531 0.7891 282.8125
245.3125 73.9844 0.5078 282.8125
582.8125 61.9531 0.5078 282.8125
582.8125 73.9844 0.7891 282.8125
582.8125 73.9844 0.5078 320.3125
582.8125 73.9844 0.5078 282.8125
207.8125 31.3281 0.3516 132.8125
395.3125 31.3281 0.3516 132.8125
207.8125 69.6094 0.3516 132.8125
207.8125 31.3281 0.3203 132.8125
207.8125 31.3281 0.3516 170.3125
207.8125 69.6094 0.3203 170.3125
395.3125 31.3281 0.3203 170.3125
395.3125 69.6094 0.3516 170.3125
395.3125 69.6094 0.3203 132.8125
395.3125 69.6094 0.3203 170.3125
507.8125 66.3281 0.8516 432.8125
695.3125 66.3281 0.8516 432.8125
507.8125 34.6094 0.8516 432.8125
507.8125 66.3281 0.8203 432.8125
507.8125 66.3281 0.8516 470.3125
507.8125 34.6094 0.8203 470.3125
695.3125 66.3281 0.8203 470.3125
695.3125 34.6094 0.8516 470.3125
695.3125 34.6094 0.8203 432.8125
695.3125 34.6094 0.8203 470.3125
657.8125 13.8281 0.1016 282.8125
545.3125 13.8281 0.1016 282.8125
657.8125 17.1094 0.1016 282.8125
657.8125 13.8281 0.0703 282.8125
657.8125 13.8281 0.1016 620.3125
657.8125 17.1094 0.0703 620.3125
545.3125 13.8281 0.0703 620.3125
545.3125 17.1094 0.1016 620.3125
545.3125 17.1094 0.0703 282.8125
545.3125 17.1094 0.0703 620.3125
357.8125 48.8281 0.6016 582.8125
245.3125 48.8281 0.6016 582.8125
357.8125 52.1094 0.6016 582.8125
357.8125 48.8281 0.5703 582.8125
357.8125 48.8281 0.6016 320.3125
357.8125 52.1094 0.5703 320.3125
245.3125 48.8281 0.5703 320.3125
245.3125 52.1094 0.6016 320.3125
245.3125 52.1094 0.5703 582.8125
245.3125 52.1094 0.5703 320.3125
282.8125 22.5781 0.9766 657.8125
170.3125 22.5781 0.9766 657.8125
282.8125 78.3594 0.9766 657.8125
282.8125 22.5781 0.1953 657.8125
282.8125 22.5781 0.9766 695.3125
282.8125 78.3594 0.1953 695.3125
170.3125 22.5781 0.1953 695.3125
170.3125 78.3594 0.9766 695.3125
170.3125 78.3594 0.1953 657.8125
170.3125 78.3594 0.1953 695.3125
582.8125 57.5781 0.4766 357.8125
470.3125 57.5781 0.4766 357.8125
582.8125 43.3594 0.4766 357.8125
582.8125 57.5781 0.6953 357.8125
582.8125 57.5781 0.4766 395.3125
582.8125 43.3594 0.6953 395.3125
470.3125 57.5781 0.6953 395.3125
470.3125 43.3594 0.4766 395.3125
470.3125 43.3594 0.6953 357.8125
470.3125 43.3594 0.6953 395.3125
432.8125 40.0781 0.7266 507.8125
620.3125 40.0781 0.7266 507.8125
432.8125 25.8594 0.7266 507.8125
432.8125 40.0781 0.4453 507.8125
432.8125 40.0781 0.7266 245.3125
432.8125 25.8594 0.4453 245.3125
620.3125 40.0781 0.4453 245.3125
620.3125 25.8594 0.7266 245.3125
620.3125 25.8594 0.4453 507.8125
620.3125 25.8594 0.4453 245.3125
132.8125 75.0781 0.2266 207.8125
320.3125 75.0781 0.2266 207.8125
132.8125 60.8594 0.2266 207.8125
132.8125 75.0781 0.9453 207.8125
132.8125 75.0781 0.2266 545.3125
132.8125 60.8594 0.9453 545.3125
320.3125 75.0781 0.9453 545.3125
320.3125 60.8594 0.2266 545.3125
320.3125 60.8594 0.9453 207.8125
320.3125 60.8594 0.9453 545.3125
123.4375 19.2969 0.3984 310.9375
404.6875 19.2969 0.3984 310.9375
123.4375 53.2031 0.3984 310.9375
123.4375 19.2969 0.3984 310.9375
123.4375 19.2969 0.3984 460.9375
123.4375 53.2031 0.3984 460.9375
404.6875 19.2969 0.3984 460.9375
404.6875 53.2031 0.3984 460.9375
404.6875 53.2031 0.3984 310.9375
404.6875 53.2031 0.3984 460.9375
423.4375 54.2969 0.8984 610.9375
104.6875 54.2969 0.8984 610.9375
423.4375 18.2031 0.8984 610.9375
423.4375 54.2969 0.8984 610.9375
423.4375 54.2969 0.8984 160.9375
423.4375 18.2031 0.8984 160.9375
104.6875 54.2969 0.8984 160.9375
104.6875 18.2031 0.8984 160.9375
104.6875 18.2031 0.8984 610.9375
104.6875 18.2031 0.8984 160.9375
573.4375 36.7969 0.1484 160.9375
254.6875 36.7969 0.1484 160.9375
573.4375 35.7031 0.1484 160.9375
573.4375 36.7969 0.1484 160.9375
573.4375 36.7969 0.1484 310.9375
573.4375 35.7031 0.1484 310.9375
254.6875 36.7969 0.1484 310.9375
254.6875 35.7031 0.1484 310.9375
254.6875 35.7031 0.1484 160.9375
254.6875 35.7031 0.1484 310.9375
273.4375 71.7969 0.6484 460.9375
554.6875 71.7969 0.6484 460.9375
273.4375 70.7031 0.6484 460.9375
273.4375 71.7969 0.6484 460.9375
273.4375 71.7969 0.6484 610.9375
273.4375 70.7031 0.6484 610.9375
554.6875 71.7969 0.6484 610.9375
554.6875 70.7031 0.6484 610.9375
554.6875 70.7031 0.6484 460.9375
554.6875 70.7031 0.6484 610.9375
348.4375 28.0469 0.7734 535.9375
629.6875 28.0469 0.7734 535.9375
348.4375 61.9531 0.7734 535.9375
348.4375 28.0469 0.0234 535.9375
348.4375 28.0469 0.7734 385.9375
348.4375 61.9531 0.0234 385.9375
629.6875 28.0469 0.0234 385.9375
629.6875 61.9531 0.7734 385.9375
629.6875 61.9531 0.0234 535.9375
629.6875 61.9531 0.0234 385.9375
648.4375 63.0469 0.2734 235.9375
329.6875 63.0469 0.2734 235.9375
648.4375 26.9531 0.2734 235.9375
648.4375 63.0469 0.5234 235.9375
648.4375 63.0469 0.2734 685.9375
648.4375 26.9531 0.5234 685.9375
329.6875 63.0469 0.5234 685.9375
329.6875 26.9531 0.2734 685.9375
329.6875 26.9531 0.5234 235.9375
329.6875 26.9531 0.5234 685.9375
498.4375 10.5469 0.5234 685.9375
179.6875 10.5469 0.5234 685.9375
498.4375 44.4531 0.5234 685.9375
498.4375 10.5469 0.2734 685.9375
498.4375 10.5469 0.5234 535.9375
498.4375 44.4531 0.2734 535.9375
179.6875 10.5469 0.2734 535.9375
179.6875 44.4531 0.5234 535.9375
179.6875 44.4531 0.2734 685.9375
179.6875 44.4531 0.2734 535.9375
198.4375 45.5469 0.0234 385.9375
479.6875 45.5469 0.0234 385.9375
198.4375 79.4531 0.0234 385.9375
198.4375 45.5469 0.7734 385.9375
198.4375 45.5469 0.0234 235.9375
198.4375 79.4531 0.7734 235.9375
479.6875 45.5469 0.7734 235.9375
479.6875 79.4531 0.0234 235.9375
479.6875 79.4531 0.7734 385.9375
479.6875 79.4531 0.7734 235.9375
235.9375 41.1719 0.5859 198.4375
142.1875 41.1719 0.5859 198.4375
235.9375 66.3281 0.5859 198.4375
235.9375 41.1719 0.0859 198.4375
235.9375 41.1719 0.5859 348.4375
235.9375 66.3281 0.0859 348.4375
142.1875 41.1719 0.0859 348.4375
142.1875 66.3281 0.5859 348.4375
142.1875 66.3281 0.0859 198.4375
142.1875 66.3281 0.0859 348.4375
535.9375 76.1719 0.0859 498.4375
442.1875 76.1719 0.0859 498.4375
535.9375 31.3281 0.0859 498.4375
535.9375 76.1719 0.5859 498.4375
535.9375 76.1719 0.0859 648.4375
535.9375 31.3281 0.5859 648.4375
442.1875 76.1719 0.5859 648.4375
442.1875 31.3281 0.0859 648.4375
442.1875 31.3281 0.5859 498.4375
442.1875 31.3281 0.5859 648.4375
685.9375 23.6719 0.8359 348.4375
592.1875 23.6719 0.8359 348.4375
685.9375 13.8281 0.8359 348.4375
685.9375 23.6719 0.3359 348.4375
685.9375 23.6719 0.8359 498.4375
685.9375 13.8281 0.3359 498.4375
592.1875 23.6719 0.3359 498.4375
592.1875 13.8281 0.8359 498.4375
592.1875 13.8281 0.3359 348.4375
592.1875 13.8281 0.3359 498.4375
385.9375 58.6719 0.3359 648.4375
292.1875 58.6719 0.3359 648.4375
385.9375 48.8281 0.3359 648.4375
385.9375 58.6719 0.8359 648.4375
385.9375 58.6719 0.3359 198.4375
385.9375 48.8281 0.8359 198.4375
292.1875 58.6719 0.8359 198.4375
292.1875 48.8281 0.3359 198.4375
292.1875 48.8281 0.8359 648.4375
292.1875 48.8281 0.8359 198.4375
310.9375 14.9219 0.2109 573.4375
367.1875 14.9219 0.2109 573.4375
310.9375 75.0781 0.2109 573.4375
310.9375 14.9219 0.4609 573.4375
310.9375 14.9219 0.2109 423.4375
310.9375 75.0781 0.4609 423.4375
367.1875 14.9219 0.4609 423.4375
367.1875 75.0781 0.2109 423.4375
367.1875 75.0781 0.4609 573.4375
367.1875 75.0781 0.4609 423.4375
610.9375 49.9219 0.7109 273.4375
667.1875 49.9219 0.7109 273.4375
610.9375 40.0781 0.7109 273.4375
610.9375 49.9219 0.9609 273.4375
610.9375 49.9219 0.7109 123.4375
610.9375 40.0781 0.9609 123.4375
667.1875 49.9219 0.9609 123.4375
667.1875 40.0781 0.7109 123.4375
667.1875 40.0781 0.9609 273.4375
667.1875 40.0781 0.9609 123.4375
460.9375 32.4219 0.4609 423.4375
517.1875 32.4219 0.4609 423.4375
460.9375 22.5781 0.4609 423.4375
460.9375 32.4219 0.2109 423.4375
460.9375 32.4219 0.4609 273.4375
460.9375 22.5781 0.2109 273.4375
517.1875 32.4219 0.2109 273.4375
517.1875 22.5781 0.4609 273.4375
517.1875 22.5781 0.2109 423.4375
517.1875 22.5781 0.2109 273.4375
160.9375 67.4219 0.9609 123.4375
217.1875 67.4219 0.9609 123.4375
160.9375 57.5781 0.9609 123.4375
160.9375 67.4219 0.7109 123.4375
160.9375 67.4219 0.9609 573.4375
160.9375 57.5781 0.7109 573.4375
217.1875 67.4219 0.7109 573.4375
217.1875 57.5781 0.9609 573.4375
217.1875 57.5781 0.7109 123.4375
217.1875 57.5781 0.7109 573.4375
142.1875 34.6094 0.1172 667.1875
573.4375 34.6094 0.1172 667.1875
142.1875 37.8906 0.1172 667.1875
142.1875 34.6094 0.9297 667.1875
142.1875 34.6094 0.1172 254.6875
142.1875 37.8906 0.9297 254.6875
573.4375 34.6094 0.9297 254.6875
573.4375 37.8906 0.1172 254.6875
573.4375 37.8906 0.9297 667.1875
573.4375 37.8906 0.9297 254.6875
442.1875 69.6094 0.6172 367.1875
273.4375 69.6094 0.6172 367.1875
442.1875 72.8906 0.6172 367.1875
442.1875 69.6094 0.4297 367.1875
442.1875 69.6094 0.6172 554.6875
442.1875 72.8906 0.4297 554.6875
273.4375 69.6094 0.4297 554.6875
273.4375 72.8906 0.6172 554.6875
273.4375 72.8906 0.4297 367.1875
273.4375 72.8906 0.4297 554.6875
592.1875 17.1094 0.3672 517.1875
123.4375 17.1094 0.3672 517.1875
592.1875 55.3906 0.3672 517.1875
592.1875 17.1094 0.6797 517.1875
592.1875 17.1094 0.3672 404.6875
592.1875 55.3906 0.6797 404.6875
123.4375 17.1094 0.6797 404.6875
123.4375 55.3906 0.3672 404.6875
123.4375 55.3906 0.6797 517.1875
123.4375 55.3906 0.6797 404.6875
292.1875 52.1094 0.8672 217.1875
423.4375 52.1094 0.8672 217.1875
292.1875 20.3906 0.8672 217.1875
292.1875 52.1094 0.1797 217.1875
292.1875 52.1094 0.8672 104.6875
292.1875 20.3906 0.1797 104.6875
423.4375 52.1094 0.1797 104.6875
423.4375 20.3906 0.8672 104.6875
423.4375 20.3906 0.1797 217.1875
423.4375 20.3906 0.1797 104.6875
367.1875 25.8594 0.7422 142.1875
498.4375 25.8594 0.7422 142.1875
367.1875 29.1406 0.7422 142.1875
367.1875 25.8594 0.5547 142.1875
367.1875 25.8594 0.7422 479.6875
367.1875 29.1406 0.5547 479.6875
498.4375 25.8594 0.5547 479.6875
498.4375 29.1406 0.7422 479.6875
498.4375 29.1406 0.5547 142.1875
498.4375 29.1406 0.5547 479.6875
667.1875 60.8594 0.2422 442.1875
198.4375 60.8594 0.2422 442.1875
667.1875 64.1406 0.2422 442.1875
667.1875 60.8594 0.0547 442.1875
667.1875 60.8594 0.2422 179.6875
667.1875 64.1406 0.0547 179.6875
198.4375 60.8594 0.0547 179.6875
198.4375 64.1406 0.2422 179.6875
198.4375 64.1406 0.0547 442.1875
198.4375 64.1406 0.0547 179.6875
517.1875 43.3594 0.9922 292.1875
348.4375 43.3594 0.9922 292.1875
517.1875 46.6406 0.9922 292.1875
517.1875 43.3594 0.8047 292.1875
517.1875 43.3594 0.9922 329.6875
517.1875 46.6406 0.8047 329.6875
348.4375 43.3594 0.8047 329.6875
348.4375 46.6406 0.9922 329.6875
348.4375 46.6406 0.8047 292.1875
348.4375 46.6406 0.8047 329.6875
217.1875 78.3594 0.4922 592.1875
648.4375 78.3594 0.4922 592.1875
217.1875 11.6406 0.4922 592.1875
217.1875 78.3594 0.3047 592.1875
217.1875 78.3594 0.4922 629.6875
217.1875 11.6406 0.3047 629.6875
648.4375 78.3594 0.3047 629.6875
648.4375 11.6406 0.4922 629.6875
648.4375 11.6406 0.3047 592.1875
648.4375 11.6406 0.3047 629.6875
179.6875 12.7344 0.9297 404.6875
310.9375 12.7344 0.9297 404.6875
179.6875 24.7656 0.9297 404.6875
179.6875 12.7344 0.6172 404.6875
179.6875 12.7344 0.9297 517.1875
179.6875 24.7656 0.6172 517.1875
310.9375 12.7344 0.6172 517.1875
310.9375 24.7656 0.9297 517.1875
310.9375 24.7656 0.6172 404.6875
310.9375 24.7656 0.6172 517.1875
479.6875 47.7344 0.4297 104.6875
610.9375 47.7344 0.4297 104.6875
479.6875 59.7656 0.4297 104.6875
479.6875 47.7344 0.1172 104.6875
479.6875 47.7344 0.4297 217.1875
479.6875 59.7656 0.1172 217.1875
610.9375 47.7344 0.1172 217.1875
610.9375 59.7656 0.4297 217.1875
610.9375 59.7656 0.1172 104.6875
610.9375 59.7656 0.1172 217.1875
629.6875 30.2344 0.6797 554.6875
460.9375 30.2344 0.6797 554.6875
629.6875 77.2656 0.6797 554.6875
629.6875 30.2344 0.8672 554.6875
629.6875 30.2344 0.6797 367.1875
629.6875 77.2656 0.8672 367.1875
460.9375 30.2344 0.8672 367.1875
460.9375 77.2656 0.6797 367.1875
460.9375 77.2656 0.8672 554.6875
460.9375 77.2656 0.8672 367.1875
329.6875 65.2344 0.1797 254.6875
160.9375 65.2344 0.1797 254.6875
329.6875 42.2656 0.1797 254.6875
329.6875 65.2344 0.3672 254.6875
329.6875 65.2344 0.1797 667.1875
329.6875 42.2656 0.3672 667.1875
160.9375 65.2344 0.3672 667.1875
160.9375 42.2656 0.1797 667.1875
160.9375 42.2656 0.3672 254.6875
160.9375 42.2656 0.3672 667.1875
254.6875 38.9844 0.3047 329.6875
235.9375 38.9844 0.3047 329.6875
254.6875 16.0156 0.3047 329.6875
254.6875 38.9844 0.9922 329.6875
254.6875 38.9844 0.3047 292.1875
254.6875 16.0156 0.9922 292.1875
235.9375 38.9844 0.9922 292.1875
235.9375 16.0156 0.3047 292.1875
235.9375 16.0156 0.9922 329.6875
235.9375 16.0156 0.9922 292.1875
554.6875 73.9844 0.8047 629.6875
535.9375 73.9844 0.8047 629.6875
554.6875 51.0156 0.8047 629.6875
554.6875 73.9844 0.4922 629.6875
554.6875 73.9844 0.8047 592.1875
554.6875 51.0156 0.4922 592.1875
535.9375 73.9844 0.4922 592.1875
535.9375 51.0156 0.8047 592.1875
535.9375 51.0156 0.4922 629.6875
535.9375 51.0156 0.4922 592.1875
404.6875 21.4844 0.0547 179.6875
685.9375 21.4844 0.0547 179.6875
404.6875 68.5156 0.0547 179.6875
404.6875 21.4844 0.7422 179.6875
404.6875 21.4844 0.0547 442.1875
404.6875 68.5156 0.7422 442.1875
685.9375 21.4844 0.7422 442.1875
685.9375 68.5156 0.0547 442.1875
685.9375 68.5156 0.7422 179.6875
685.9375 68.5156 0.7422 442.1875
104.6875 56.4844 0.5547 479.6875
385.9375 56.4844 0.5547 479.6875
104.6875 33.5156 0.5547 479.6875
104.6875 56.4844 0.2422 479.6875
104.6875 56.4844 0.5547 142.1875
104.6875 33.5156 0.2422 142.1875
385.9375 56.4844 0.2422 142.1875
385.9375 33.5156 0.5547 142.1875
385.9375 33.5156 0.2422 479.6875
385.9375 33.5156 0.2422 142.1875
