nan nan -6.00000000 600.85420835 0.31351207 -0.36847345 604.46299088 605.74687375 604.13740496 604.05362145 604.26750700 604.47994198 0.38990028 -0.81887755 0.62500000 -0.12500000 -0.44642857 0.14005602 nan nan -6.00000000 0.00000000 0.00000000 0.00000000 0.00000000 0.00000000 0.00000000 0.00000000 0.00000000 0.00000000 0.00000000 0.00000000 0.00000000 0.00000000 0.00000000 0.00000000
nan nan -6.00000000 600.88469948 0.07069388 1.15893575 602.05025343 602.57578031 603.90191076 604.12102341 605.65588735 602.59561325 0.21527778 0.50367647 0.18382353 0.12500000 -0.12500000 0.00000000 nan nan -6.00000000 0.00000000 0.00000000 0.00000000 0.00000000 0.00000000 0.00000000 0.00000000 0.00000000 0.00000000 0.00000000 0.00000000 0.00000000 0.00000000 0.00000000 0.00000000
-0.00012639 nan -6.00000000 606.24401761 -0.45751634 0.88086750 600.84688080 604.32770608 604.30642257 604.68612445 604.75760304 606.59643858 -0.03693182 0.61764706 -0.68652461 0.00000000 0.50637755 -0.25000000 nan nan -6.00000000 0.00000000 0.00000000 0.00000000 0.00000000 0.00000000 0.00000000 0.00000000 0.00000000 0.00000000 0.00000000 0.00000000 0.00000000 0.00000000 0.00000000 0.00000000
0.15781442 nan -6.00000000 605.69747792 0.66525170 -1.38377022 606.48386021 604.67867147 603.49897459 604.39780912 604.14280712 603.10434174 -0.54738562 -0.06372549 -0.31250000 0.49877451 0.00122549 0.06505102 nan nan -6.00000000 0.00000000 0.00000000 0.00000000 0.00000000 0.00000000 0.00000000 0.00000000 0.00000000 0.00000000 0.00000000 0.00000000 0.00000000 0.00000000 0.00000000 0.00000000
-0.07110484 nan -6.00000000 602.41579298 0.06666667 0.27575758 605.12540584 603.08715986 604.40226090 603.50862845 603.69172669 605.22781613 0.32612477 -0.75510204 0.62500000 -0.31250000 0.31250000 -0.38010204 nan nan -6.00000000 0.00000000 0.00000000 0.00000000 0.00000000 0.00000000 0.00000000 0.00000000 0.00000000 0.00000000 0.00000000 0.00000000 0.00000000 0.00000000 0.00000000 0.00000000
-0.07938967 nan -6.00000000 602.24431106 -0.33877551 1.00241187 605.32391934 603.52113345 606.25765306 604.50995398 605.94925470 604.12862645 0.74715909 -0.12500000 -0.25000000 0.24754902 -0.49019608 0.04876951 nan nan -6.00000000 0.00000000 0.00000000 0.00000000 0.00000000 0.00000000 0.00000000 0.00000000 0.00000000 0.00000000 0.00000000 0.00000000 0.00000000 0.00000000 0.00000000 0.00000000
-0.04223025 nan -6.00000000 603.74824597 -0.45882353 -0.15935829 604.52204746 602.25215086 604.89120648 603.68024710 602.75430172 605.42304422 -0.33337199 0.25382653 -0.30759804 -0.12990196 0.25245098 0.25010004 nan nan -6.00000000 0.00000000 0.00000000 0.00000000 0.00000000 0.00000000 0.00000000 0.00000000 0.00000000 0.00000000 0.00000000 0.00000000 0.00000000 0.00000000 0.00000000 0.00000000
0.09061093 nan -6.00000000 604.27085501 0.07891156 0.26351268 606.05340204 603.62612545 604.87137355 607.45300620 601.21170968 604.76913265 0.38352273 -0.25000000 0.56250000 -0.37500000 -0.12745098 0.06495098 nan nan -6.00000000 0.00000000 0.00000000 0.00000000 0.00000000 0.00000000 0.00000000 0.00000000 0.00000000 0.00000000 0.00000000 0.00000000 0.00000000 0.00000000 0.00000000 0.00000000
-0.02228505 nan -6.00000000 605.07330826 -0.53066667 0.72157576 602.46538047 604.86166967 603.90733794 605.71473589 601.82808123 604.31280012 -0.63352273 1.00892857 -0.75892857 0.18750000 -0.05882353 -0.24509804 nan nan -6.00000000 0.00000000 0.00000000 0.00000000 0.00000000 0.00000000 0.00000000 0.00000000 0.00000000 0.00000000 0.00000000 0.00000000 0.00000000 0.00000000 0.00000000 0.00000000
-0.09119220 nan -6.00000000 604.78948806 -0.05447619 -0.13643290 603.55362713 608.61672169 604.02053321 603.12872649 603.44802921 603.50512705 0.75852273 -1.23897059 0.67902161 -0.18882553 -0.12622549 1.14413265 nan nan -6.00000000 0.00000000 0.00000000 0.00000000 0.00000000 0.00000000 0.00000000 0.00000000 0.00000000 0.00000000 0.00000000 0.00000000 0.00000000 0.00000000 0.00000000 0.00000000
nan nan -6.00000000 602.93605335 0.13600000 -0.51846410 603.49111311 605.29469288 603.38322829 604.12239896 604.60499200 604.20270608 -0.73611111 0.31127451 0.00122549 0.12500000 0.45025510 -0.44642857 nan nan -6.00000000 0.00000000 0.00000000 0.00000000 0.00000000 0.00000000 0.00000000 0.00000000 0.00000000 0.00000000 0.00000000 0.00000000 0.00000000 0.00000000 0.00000000 0.00000000
-0.03277949 nan -6.00000000 603.60506869 -1.00000000 2.46666667 604.21716186 603.87837635 601.87517507 602.73484394 601.15613745 605.74514806 0.25735294 0.24264706 -0.00255102 -0.49744898 0.43750000 -0.36397059 nan nan -6.00000000 0.00000000 0.00000000 0.00000000 0.00000000 0.00000000 0.00000000 0.00000000 0.00000000 0.00000000 0.00000000 0.00000000 0.00000000 0.00000000 0.00000000 0.00000000
0.17910182 0.35882617 -6.00000000 603.48774182 0.18066667 -0.03584848 604.27468697 603.89978260 603.36939484 nan nan nan 0.10783794 -0.44229074 0.06638147 nan nan nan 0.07868019 0.18430074 -5.00000000 0.77110649 0.00000000 0.01359091 0.68012050 0.76099550 0.77530497 nan nan nan 0.01188482 0.00297820 -0.00101359 nan nan nan
-0.10730435 0.26325998 -2.00000000 602.44156104 -0.00037688 0.27072924 604.30983910 602.83098003 602.86818026 nan nan nan 0.20432598 -0.36971393 -0.03009276 nan nan nan -0.29199097 -0.29199097 0.00000000 0.77655796 -0.00375377 0.01618040 0.66232113 0.77338359 0.77805238 nan nan nan 0.01444847 -0.00062189 0.00260704 nan nan nan
0.04107744 0.14182473 -4.00000000 602.84580509 0.11589163 -0.43074686 602.99294855 602.90305315 602.84733250 nan nan nan 0.12443578 -0.18739797 0.03348775 nan nan nan -0.06110865 -0.19478275 -4.00000000 0.77146422 0.00186864 0.01773832 0.64548421 0.77204810 0.76758725 nan nan nan 0.01491838 -0.00079235 0.00070352 nan nan nan
0.05037813 0.35445945 -3.00000000 603.48447048 0.26355918 -0.42810463 603.09511600 603.77728872 603.07273786 nan nan nan -0.38863636 -0.13537002 0.39221977 nan nan nan -0.13324222 -0.13324222 0.00000000 0.76834603 0.00294411 0.01752558 0.64494757 0.77328036 0.77081836 nan nan nan 0.01575284 0.00443563 -0.00491859 nan nan nan
-0.23432417 0.34318882 -4.00000000 602.93227901 -0.44884488 0.08375428 603.07688857 603.64608172 602.91600133 nan nan nan -0.06044352 -0.60500731 0.60437129 nan nan nan 0.07280480 -0.17517311 -4.00000000 0.75976212 -0.00132013 0.01579021 0.66091765 0.76360912 0.76369963 nan nan nan 0.01121876 0.00485950 -0.00258394 nan nan nan
-0.14513648 0.28471374 -2.00000000 604.13636507 0.53848409 -0.34385496 604.60552038 604.94965544 603.76526033 nan nan nan 0.10524569 -0.21388191 0.37002827 nan nan nan -0.02526733 -0.14556907 -5.00000000 0.77761152 0.00074874 0.01415402 0.66860299 0.77722918 0.77433191 nan nan nan 0.01820894 -0.00439698 0.00226759 nan nan nan
0.04213903 0.31255955 -5.00000000 603.20814790 0.64355109 -0.41177896 602.71275954 603.19888452 602.34356786 nan nan nan 0.06103637 0.17406250 0.18488806 nan nan nan 0.00426138 -0.26611016 -6.00000000 0.77125333 0.00000000 0.01834840 0.66861431 0.76646619 0.77466939 nan nan nan 0.01313912 0.00375000 -0.00180037 nan nan nan
0.11598644 -0.11691665 -6.00000000 603.53445264 -0.30071062 0.25606642 603.87479286 604.63093678 603.75421317 nan nan nan -0.27890518 0.42606286 0.13852413 nan nan nan 0.13380562 0.17055927 -5.00000000 0.76225134 0.00444309 0.00960598 0.64438923 0.75915620 0.75701975 nan nan nan 0.01581951 0.00022389 0.00172649 nan nan nan
-0.02327787 0.35865157 -1.00000000 602.56691625 0.18065952 -0.01644630 603.83720451 603.70825785 602.79882843 nan nan nan 0.06066631 0.25497041 -0.50372663 nan nan nan -0.13482462 -0.13482462 0.00000000 0.76771310 -0.00316841 0.02130061 0.66595281 0.77071852 0.76866502 nan nan nan 0.01793177 -0.00022614 0.00364654 nan nan nan
-0.01809708 0.23184720 -5.00000000 602.42458162 0.12092670 -0.24912535 603.25425137 603.78887376 603.13600250 nan nan nan 0.16025118 -0.11602723 -0.24690594 nan nan nan -0.28155864 -0.28155864 0.00000000 0.76686239 0.00397717 0.00894371 0.65482367 0.76175389 0.75883889 nan nan nan 0.01616998 0.00278465 -0.00092822 nan nan nan
-0.07065252 0.20231174 -5.00000000 604.00282862 0.20010500 -0.15467643 603.77309999 603.98963059 603.74007689 nan nan nan 0.00459488 -0.03198361 0.30154052 nan nan nan -0.06609016 -0.14364803 -3.00000000 0.77898984 -0.00385676 0.02109486 0.66368660 0.77372393 0.78559553 nan nan nan 0.01436034 0.00142035 -0.00243247 nan nan nan
0.05221669 0.35045125 -6.00000000 602.95930626 -0.29028765 0.13753715 603.23128998 603.66140206 603.22883673 nan nan nan 0.07654830 0.21912002 -0.15495542 nan nan nan -0.26021691 -0.26987681 -3.00000000 0.76227907 0.00027919 0.01583738 0.66474895 0.77117402 0.76558745 nan nan nan 0.01830966 -0.00336132 0.00007543 nan nan nan
0.17965949 0.34644109 -6.00000000 603.64992418 0.07246024 0.09698333 602.75662409 603.25549301 nan nan nan nan 0.09349704 0.22919340 nan nan nan nan 0.60694107 0.60694107 0.00000000 0.55247656 0.00216157 0.02047167 0.43930379 0.54681223 nan nan nan nan 0.01621784 0.00285170 nan nan nan nan
-0.32116981 -0.35440558 -2.00000000 603.77439092 -0.09357417 0.00133174 605.37731881 603.66304538 nan nan nan nan 0.11841238 -0.27553651 nan nan nan nan 0.57395560 0.57395560 0.00000000 0.54834085 -0.00213484 0.01908250 0.43771553 0.53895458 nan nan nan nan 0.01100618 -0.00104266 nan nan nan nan
0.08904631 0.24864181 -3.00000000 604.19073239 0.28277694 -0.75325444 603.78923252 604.29318504 nan nan nan nan -0.29546577 -0.02038043 nan nan nan nan 0.63193016 0.63817590 -2.00000000 0.56824513 -0.00003588 0.01691215 0.43785007 0.55216782 nan nan nan nan 0.01400991 0.00226449 nan nan nan nan
-0.18949258 -0.30073523 -2.00000000 604.60299403 0.31878257 -0.58309416 602.78243766 603.71298707 nan nan nan nan -0.13451522 0.11656912 nan nan nan nan -0.25726288 -0.26615383 -4.00000000 0.57562127 0.00159080 0.02570389 0.31130958 0.55615499 nan nan nan nan 0.02409570 0.00624851 nan nan nan nan
-0.05640288 -0.05640288 0.00000000 603.98061880 -0.07330577 -0.38405909 604.13856519 603.69742691 nan nan nan nan -0.31861257 0.06255475 nan nan nan nan -0.93646284 -0.93646284 0.00000000 0.67117742 0.00419910 0.00622482 0.86627304 0.66952243 nan nan nan nan -0.00435973 -0.00243301 nan nan nan nan
0.33930156 0.34412381 -1.00000000 604.48142898 -0.30113274 0.13253770 603.13697455 604.85603355 nan nan nan nan 0.00142279 0.21759302 nan nan nan nan 0.64139885 0.64139885 0.00000000 0.55202798 -0.00468268 0.02753667 0.44357948 0.55063858 nan nan nan nan 0.01483389 0.00194010 nan nan nan nan
-0.05428610 0.44621687 -1.00000000 604.02633767 -0.02124599 -0.07540462 605.20310350 604.15464424 nan nan nan nan -0.16789001 0.01160796 nan nan nan nan 0.17799853 0.33214025 -3.00000000 0.66560951 0.00049198 0.02554802 0.57808662 0.66882367 nan nan nan nan 0.02089750 -0.00019864 nan nan nan nan
0.02461185 -0.19439235 -3.00000000 602.62106330 0.41049659 -0.71848959 604.15668141 602.62509190 nan nan nan nan -0.12838925 -0.09216486 nan nan nan nan -0.13054496 0.25703252 -6.00000000 0.66440601 0.00039429 0.02189563 0.57082195 0.65212648 nan nan nan nan 0.02174474 0.00362319 nan nan nan nan
0.00440549 -0.12288773 -4.00000000 604.44269333 -0.06480281 0.35563599 604.37392429 604.46994415 nan nan nan nan 0.24173669 -0.32416286 nan nan nan nan -0.95410150 -0.95410150 0.00000000 0.66067837 0.00185244 0.00646151 0.85741680 0.66243864 nan nan nan nan -0.00298598 -0.00227690 nan nan nan nan
-0.24205310 -0.24205310 0.00000000 604.36150330 0.08829213 -0.11616969 602.71495034 604.16934952 nan nan nan nan -0.08533478 0.28202576 nan nan nan nan -0.11682016 -0.18458808 -6.00000000 0.55166699 -0.00441176 0.03055284 0.32115061 0.55009128 nan nan nan nan 0.02757544 -0.00002215 nan nan nan nan
0.04664157 0.36355420 -2.00000000 604.50915359 -0.12404001 0.02416134 603.24406627 604.69484217 nan nan nan nan -0.11551096 0.04294872 nan nan nan nan -0.06537770 0.24948562 -5.00000000 0.65165608 -0.00193390 0.02340181 0.58353630 0.65492630 nan nan nan nan 0.01637142 0.00132284 nan nan nan nan
-0.01048742 -0.42983896 -4.00000000 602.74494520 0.04537234 0.06747960 603.97099209 603.41617551 nan nan nan nan -0.16615792 -0.08691173 nan nan nan nan -0.19471616 0.35942573 -6.00000000 0.66145962 0.00080520 0.02349734 0.58848687 0.65542390 nan nan nan nan 0.02057331 0.00341914 nan nan nan nan
0.18586825 0.23390030 -4.00000000 603.36625564 -0.29004868 0.05725298 604.71786390 602.49216922 602.23038331 603.12291654 603.60675752 nan -0.08850000 -0.02500000 -0.22600000 0.47789286 nan nan -0.93195676 -0.93195676 0.00000000 0.87029920 -0.00802963 0.02485270 0.48784003 0.88347499 0.88312689 0.88253140 0.87294915 nan 0.03047727 0.00400000 -0.00200000 0.00354365 nan nan
-0.12360555 -0.12360555 0.00000000 603.47285327 0.45072538 -0.29597791 602.70702922 604.16178335 603.34258244 604.45222937 603.60550232 nan 0.42346957 -0.68548387 0.65709005 -0.09821429 nan nan -0.93085685 -0.93085685 0.00000000 0.87684342 0.00573477 0.01818058 0.48073514 0.88007098 0.89395833 0.88891902 0.87759626 nan 0.03316532 0.00352823 0.00110407 -0.00099206 nan nan
-0.28939663 -0.28939663 0.00000000 604.70509391 0.32795699 -0.60149933 601.55396476 604.82532182 603.54389135 603.47125113 604.63523189 nan 0.19855405 0.18188889 -0.08180227 -0.02038026 nan nan -0.93770122 -0.93770122 0.00000000 0.88472224 -0.00053763 0.01805115 0.47434567 0.88498301 0.88851096 0.88605113 0.88547869 nan 0.03691892 -0.00044048 -0.00141779 0.00240986 nan nan
-0.07228155 -0.19879461 -1.00000000 604.48282997 -0.61622857 0.47816797 603.10685619 604.74843104 603.77144106 604.90260413 604.32311681 nan -0.02793182 0.45310317 -0.15128968 -0.15284978 nan nan 0.03601871 0.24752248 -6.00000000 0.89229384 0.00102434 0.01083021 0.83498338 0.89308247 0.87098039 0.88501651 0.89146499 nan 0.00961364 -0.00142460 0.00099206 0.00087206 nan nan
-0.18087302 -0.22724226 -2.00000000 605.64619393 0.14341505 -0.28957722 603.22004471 603.71200628 604.42098899 604.56477013 605.87647213 nan -0.18982945 0.02303864 -0.17673622 0.58716532 nan nan -0.89412578 -0.89412578 0.00000000 0.45689919 -0.00403871 0.01869817 0.19816178 0.44189055 0.45124237 0.45821986 0.45505670 nan 0.02146905 -0.00165100 -0.00107480 0.00121371 nan nan
0.03207919 0.08675747 -6.00000000 602.97147365 -0.18679809 0.32740109 603.76464500 604.36632659 603.57394242 602.89814454 602.73375655 nan -0.52868468 0.75900000 -0.10100000 -0.55350000 nan nan -0.91992547 -0.91992547 0.00000000 0.88797843 0.00519713 0.02538545 0.50456603 0.88303997 0.88457877 0.88053908 0.88647978 nan 0.03767117 -0.00050000 0.00300000 -0.00250000 nan nan
0.05487848 -0.15380097 -4.00000000 603.62897797 0.24086452 -0.45211993 605.16475134 603.82918900 602.39462580 605.30194743 603.82816685 nan -0.02538490 -0.37405594 0.47610064 -0.02281890 nan nan -0.10131676 0.22976661 -2.00000000 0.47664941 0.00457204 0.00998303 0.35279756 0.46150212 0.46744900 0.47467960 0.47585882 nan 0.01761364 -0.00297619 0.00519076 -0.00446457 nan nan
0.07587501 -0.22824284 -4.00000000 603.15543482 0.10978495 0.03839043 603.83305358 602.52626774 603.45864577 603.93720417 603.03351542 nan 0.33870303 -0.40196719 0.38241647 -0.32944263 nan nan 0.01436604 -0.14317626 -1.00000000 0.46020286 0.00403871 0.01121174 0.35367720 0.45662579 0.47742224 0.44606581 0.46096774 nan 0.01223632 0.00430701 -0.00553635 0.00331788 nan nan
0.00506346 0.16796069 -6.00000000 602.52569758 -0.43306667 0.89364848 602.88451416 602.61283492 602.83667378 603.76986186 602.56634148 nan 0.82017045 -0.20758929 -0.43032902 0.10204331 nan nan -0.89027721 -0.89027721 0.00000000 0.47605204 0.00000000 0.01498182 0.21635647 0.45036452 0.45401356 0.47046205 0.47379879 nan 0.01523094 0.00409626 0.00273794 -0.00251969 nan nan
-0.17644661 0.24690878 -5.00000000 605.27744748 0.29675767 0.28195748 603.02712353 604.98157479 604.66477389 603.52518585 605.34360701 nan 1.04234307 -0.95579762 0.08158268 0.36991732 nan nan 0.06756396 0.11210158 -5.00000000 0.87731413 -0.00006772 0.00600712 0.82727129 0.88915715 0.88392843 0.88651023 0.87648200 nan 0.00463564 -0.00106746 0.00113386 -0.00013386 nan nan
-0.10241540 0.27826776 -6.00000000 603.41483763 -0.10410480 0.08584478 603.62312598 604.24817399 602.69778028 603.36751378 603.47241028 nan 0.53580462 -0.50371371 0.37729762 -0.25429762 nan nan 0.01665050 -0.19629520 -6.00000000 0.44621547 0.00272231 0.00470682 0.35691446 0.45134850 0.46665461 0.46310826 0.44382700 nan 0.01150110 0.00279435 -0.00270635 -0.00029365 nan nan
0.02393199 -0.15206738 -1.00000000 605.15456063 -0.48266667 0.11279760 601.99709872 601.46649588 604.48652096 604.11569928 605.10769821 nan -0.01575225 0.20352016 -0.00102016 -0.22620238 nan nan 0.03405374 0.16912735 -1.00000000 0.46499096 -0.00160000 0.01218018 0.35217087 0.46780928 0.45434629 0.46335986 0.46916315 nan 0.01141892 0.00125000 -0.00425000 0.00623413 nan nan
-0.01368822 -0.04361834 -3.00000000 603.51232801 -0.32921811 0.69334608 603.63245873 603.27024672 604.14207613 nan nan nan 0.33288232 -0.42168210 0.21242805 nan nan nan -0.81883717 -0.81883717 0.00000000 0.93679970 -0.00246914 0.00773199 0.84090477 0.93888800 0.93880523 nan nan nan 0.01149257 0.00000000 -0.00036213 nan nan nan
-0.02769875 -0.14101773 -4.00000000 604.54084814 0.45709683 -0.76069438 603.94111761 604.43583724 604.81381255 603.47798014 604.11642769 604.38275233 -0.64042208 0.59531410 -0.31584792 0.21556224 -0.06882674 0.13680905 -0.83142763 -0.83142763 0.00000000 0.93678161 -0.00299547 0.01697766 0.79335069 0.93859000 0.93939970 0.94414861 0.94275487 0.94704299 0.01745130 -0.00137257 0.00130651 0.00077629 -0.00146127 0.00078297
-0.01553065 -0.05765982 -5.00000000 602.98171156 -0.01801747 -0.21125305 603.37731189 603.76705702 603.28014204 nan nan nan -0.03591645 -0.17029853 0.15385055 nan nan nan -0.86081571 -0.86081571 0.00000000 0.93311653 -0.00278493 0.00987518 0.84604499 0.94341801 0.95111948 nan nan nan 0.00859468 0.00301327 -0.00150993 nan nan nan
-0.05199245 -0.12169305 -5.00000000 603.44626714 -0.12170029 0.19212283 603.28397075 604.15128138 603.65742921 nan nan nan -0.18321200 0.15218344 -0.26721411 nan nan nan -0.93427763 -0.93427763 0.00000000 0.94218175 -0.00087825 0.03170575 0.40357017 0.93120080 0.94187420 nan nan nan 0.05305722 0.00110744 0.00042630 nan nan nan
0.20449973 0.20449973 0.00000000 604.18430039 -0.46946401 0.53529673 605.93387297 604.86430087 604.65220374 nan nan nan -0.18344118 0.25038110 -0.05552802 nan nan nan -0.87996304 -0.87996304 0.00000000 0.94794592 0.00122194 0.00256557 0.83514531 0.94084345 0.94000820 nan nan nan 0.00597231 0.00076220 0.00074115 nan nan nan
-0.03483753 0.30725064 -5.00000000 603.85077061 -0.07695473 0.26466701 602.90359723 603.95499334 604.13429510 nan nan nan 0.21627865 -0.23232624 0.26533742 nan nan nan -0.04103315 0.39794043 -4.00000000 0.87743039 0.00205761 0.00861299 0.84425842 0.88777790 0.88118456 nan nan nan 0.00880555 -0.00221964 0.00076687 nan nan nan
-0.01299257 -0.10633677 -3.00000000 603.63094205 0.06175869 -0.40047347 603.84164656 604.45972410 603.89798305 nan nan nan -0.25388770 -0.02096661 0.06301908 nan nan nan -0.91557285 -0.91557285 0.00000000 0.87937480 -0.00040900 0.03613089 0.40512507 0.88519460 0.87631028 nan nan nan 0.04622075 0.00136083 0.00442621 nan nan nan
0.14428024 0.17575807 -1.00000000 603.86687310 0.25917603 -0.13207248 605.27678805 603.66506878 604.39328458 602.29115798 603.63413727 603.81889612 0.33157468 -0.21306818 -0.28598485 0.17959770 0.21434169 0.07660658 -0.95656349 -0.95656349 0.00000000 0.88484012 0.00449438 0.02519164 0.28613063 0.87015662 0.87510716 0.89418683 0.87992166 0.89281917 0.04809253 0.00781250 -0.00077554 -0.00287356 -0.00274295 0.00417973
-0.15100346 -0.15100346 0.00000000 603.44694952 -0.00075758 0.83970889 602.80318880 605.74956540 601.88387575 602.81332031 603.86979155 603.82069825 0.68531977 -0.29287791 0.21764337 0.28934006 -0.25407645 0.03784082 -0.20113053 -0.20113053 0.00000000 0.86372614 -0.00075758 0.00501187 0.79828679 0.88570292 0.88136580 0.89169480 0.88071873 0.88257507 0.00577668 0.00218023 -0.00125529 0.00421238 -0.00295710 -0.00063486
0.05119146 0.10857041 -4.00000000 603.20554620 0.30151515 0.51719198 604.44387956 604.45915253 603.43487129 601.07756785 604.78029864 604.36331543 0.26633759 0.03848403 -0.25215517 0.64558843 0.25168169 -0.35679532 -0.95971048 -0.95971048 0.00000000 0.88666682 -0.00378788 0.03501508 0.27323215 0.86559675 0.88717179 0.86498847 0.88289439 0.89990782 0.05215569 0.00153702 0.00215517 -0.00562467 0.00706146 -0.00422055
-0.12900670 -0.14130656 -1.00000000 602.91899728 0.53524904 -0.86864065 602.40173950 604.85675491 605.72236283 603.65600122 603.66041287 604.12075318 -0.13769007 -0.14006342 0.03409091 0.03835227 -0.36241183 0.21752547 -0.96801619 -0.96801619 0.00000000 0.94057641 0.00070533 0.03091860 0.26984183 0.93688262 0.94503214 0.94204503 0.93997761 0.94144368 0.05217651 0.00659025 -0.00213068 0.00355114 -0.00216334 0.00074288
0.09660690 0.11193709 -1.00000000 604.33010469 -0.11417625 0.43514952 604.68473357 601.06130812 604.76200641 604.20760759 603.38068422 603.47005711 0.19315383 0.38609066 -0.53120561 -0.31219327 0.13621201 0.14006172 -0.96168051 -0.96168051 0.00000000 0.87197855 0.00076628 0.02681992 0.26856931 0.87138356 0.87601191 0.89200686 0.88294453 0.88431086 0.05387931 0.00370496 0.00060539 -0.00481887 0.00202694 -0.00439198
0.10465790 0.10465790 0.00000000 604.04848003 -0.22473562 0.58745804 603.57132379 603.96823229 nan nan nan nan 0.11826583 nan nan nan nan nan -0.30667294 -0.54045829 -5.00000000 0.55267477 0.00456644 0.01641022 0.60353010 0.55361646 nan nan nan nan 0.01062073 nan nan nan nan nan
0.02866101 0.21515135 -6.00000000 604.63406855 0.11497175 -0.43765887 604.27020219 604.53611482 nan nan nan nan -0.50326624 0.47709327 nan nan nan nan -0.07025667 -0.58801042 -6.00000000 0.55114837 0.00338983 0.02018193 0.56082716 0.54722326 nan nan nan nan 0.01445722 -0.00398804 nan nan nan nan
-0.10435155 -0.25759402 -5.00000000 602.68959861 -0.30299145 -0.20476616 603.46913977 602.95780822 nan nan nan nan -0.20091874 nan nan nan nan nan -0.30350689 -0.65196871 -5.00000000 0.55066423 0.00106838 0.01896352 0.60362219 0.55335089 nan nan nan nan 0.01219375 nan nan nan nan nan
0.03134311 -0.14659352 -6.00000000 603.38216082 -0.33101341 0.53884288 603.24366605 603.39799351 nan nan nan nan 0.08885723 nan nan nan nan nan -0.23427884 -0.47239481 -4.00000000 0.54734928 0.00276823 0.02070173 0.58857680 0.54983349 nan nan nan nan 0.01291637 nan nan nan nan nan
0.03363336 0.30684431 -6.00000000 603.56229343 0.01969895 -0.10525265 603.31996964 603.50525519 nan nan nan nan -0.00694925 nan nan nan nan nan -0.27893111 -0.50903251 -4.00000000 0.54884590 -0.00126572 0.02189002 0.59461346 0.55017201 nan nan nan nan 0.01049311 nan nan nan nan nan
-0.11184486 0.37170774 -4.00000000 603.09781739 0.30949034 -0.64442435 603.27179325 603.36099640 nan nan nan nan 0.16208458 nan nan nan nan nan 0.29154013 0.35214074 -5.00000000 0.70824132 -0.00241707 0.02517624 0.58252805 0.70939424 nan nan nan nan 0.02374830 nan nan nan nan nan
0.04818166 0.18818036 -2.00000000 602.94339013 -0.22715507 0.09494065 603.07367695 602.86137000 nan nan nan nan -0.05544876 nan nan nan nan nan -0.55379325 -0.55379325 0.00000000 0.72959123 0.00152829 0.02178289 0.62007869 0.72828790 nan nan nan nan 0.01897677 nan nan nan nan nan
0.35728417 0.41165429 -6.00000000 602.80323766 -0.02720121 0.12940288 605.38465168 603.18764810 nan nan nan nan -0.42782452 0.21867482 nan nan nan nan -0.75469682 -0.75469682 0.00000000 0.71928773 -0.00262838 0.01979678 0.57394962 0.71236860 nan nan nan nan 0.01528446 -0.00138816 nan nan nan nan
-0.16859340 0.29759232 -1.00000000 603.85574175 0.21378340 -0.39193062 603.08234382 603.34186617 nan nan nan nan -0.21875442 0.42030569 nan nan nan nan -0.08795522 -0.13495260 -5.00000000 0.71709519 0.00000000 0.01284432 0.57460170 0.70968516 nan nan nan nan 0.01582405 0.00119388 nan nan nan nan
-0.06531206 -0.06777920 -5.00000000 603.53532942 -0.14453939 -0.01074478 603.03722234 603.38944852 nan nan nan nan 0.01029544 -0.11946761 nan nan nan nan -0.78833198 -0.78833198 0.00000000 0.72004076 -0.00250810 0.02122244 0.56169744 0.72810120 nan nan nan nan 0.02202908 -0.00229855 nan nan nan nan
-0.32538418 -0.44875330 -4.00000000 603.17447499 -0.07030812 0.11298862 604.94986363 603.33850729 nan nan nan nan 0.03556736 0.10779992 nan nan nan nan -0.35328134 -0.54355844 -6.00000000 0.53780828 0.00112045 0.01894722 0.59480781 0.54369347 nan nan nan nan 0.00704565 0.00276120 nan nan nan nan
0.03652162 0.20408761 -3.00000000 604.55435768 -0.03198179 0.35100395 604.46365313 603.65965522 nan nan nan nan 0.19294208 0.01081224 nan nan nan nan -0.79571108 -0.79571108 0.00000000 0.72259319 0.00211018 0.01212461 0.54859544 0.71153960 nan nan nan nan 0.01668585 0.00237342 nan nan nan nan
0.01442396 0.12701690 -5.00000000 604.31664523 0.29939212 -0.27618780 604.53493133 604.13418927 nan nan nan nan -0.25664461 0.34382535 nan nan nan nan -0.86601914 -0.86601914 0.00000000 0.77470983 -0.00050180 0.03285962 0.40519078 0.77439924 nan nan nan nan 0.04176289 0.00309597 nan nan nan nan
0.25622690 0.35259447 -4.00000000 603.16460948 -0.13646225 0.35079546 603.97973508 603.17936145 nan nan nan nan -0.00338954 nan nan nan nan nan -0.82728386 -0.82728386 0.00000000 0.78012667 0.00244434 0.03021635 0.44338684 0.78124856 nan nan nan nan 0.04604407 nan nan nan nan nan
0.16249690 0.25352047 -3.00000000 602.74144890 0.02330130 -0.13209864 603.69806727 602.73373854 nan nan nan nan -0.23505524 0.20000334 nan nan nan nan -0.87397934 -0.87397934 0.00000000 0.78312596 0.00035339 0.03195001 0.39674545 0.77910856 nan nan nan nan 0.04520254 0.00181830 nan nan nan nan
-0.08504867 -0.22552283 -6.00000000 603.80247727 0.04119330 -0.46579225 604.46031648 603.89245561 nan nan nan nan -0.78278123 0.53872815 nan nan nan nan 0.26161595 0.26161595 0.00000000 0.79202045 0.00466161 0.01065464 0.76097392 0.78373888 nan nan nan nan 0.00809635 0.00230694 nan nan nan nan
-0.03094466 -0.06712342 -4.00000000 604.10208407 0.45255942 -0.25678299 603.61726181 603.42306626 nan nan nan nan 0.18510387 -0.06579361 nan nan nan nan -0.91719429 -0.91719429 0.00000000 0.34764972 -0.00206361 0.01555404 0.12276672 0.33133604 nan nan nan nan 0.01740892 0.00537862 nan nan nan nan
0.01602716 -0.05314235 -5.00000000 603.59417592 -0.00019067 -0.09271440 603.85042947 604.35203938 nan nan nan nan -0.05667948 0.10359154 nan nan nan nan -0.90307016 -0.90307016 0.00000000 0.82140713 -0.00467607 0.03591720 0.38958386 0.81027386 nan nan nan nan 0.04870457 -0.00169073 nan nan nan nan
-0.26281441 -0.34268683 -4.00000000 602.64545525 0.02446434 -0.29383830 603.91593526 602.32135183 nan nan nan nan -0.00043726 0.01141442 nan nan nan nan 0.80933971 0.85123096 -3.00000000 0.38655936 0.00192080 0.01019505 0.23829176 0.35704388 nan nan nan nan 0.01214643 0.00229000 nan nan nan nan
-0.09891265 0.28700878 -5.00000000 603.75306128 0.47130773 -0.70537564 604.01938433 603.56123689 nan nan nan nan -0.24078909 nan nan nan nan nan 0.84356944 0.84356944 0.00000000 0.40881655 0.00200037 0.01238741 0.22887310 0.40463648 nan nan nan nan 0.01475600 nan nan nan nan nan
0.39329367 0.39329367 0.00000000 602.68093746 -0.02907082 -0.29610469 604.45091499 602.50559132 nan nan nan nan -0.46650104 nan nan nan nan nan -0.90676657 -0.90676657 0.00000000 0.43053131 -0.00008726 0.01648814 0.16950108 0.42918221 nan nan nan nan 0.02282188 nan nan nan nan nan
0.20092230 0.22718683 -1.00000000 604.42470713 -0.09063951 0.07060047 603.59445677 604.32144018 nan nan nan nan -0.01943109 nan nan nan nan nan 0.47526796 0.47526796 0.00000000 0.82886993 -0.00210377 0.01394647 0.78364843 0.82974986 nan nan nan nan 0.01147053 nan nan nan nan nan
0.05220975 -0.12848866 -5.00000000 603.68008428 -0.38807242 0.32071607 603.50547173 603.71600643 nan nan nan nan -0.00429985 nan nan nan nan nan 0.77901493 0.77901493 0.00000000 0.41627777 -0.00149095 0.01407169 0.25907537 0.41405073 nan nan nan nan 0.01560850 nan nan nan nan nan
-0.05320924 -0.25898248 -4.00000000 602.98741718 0.02249445 0.28378138 603.19898908 602.90507060 nan nan nan nan 0.08641244 nan nan nan nan nan 0.78758513 0.78898223 -1.00000000 0.42892891 0.00479912 0.01257074 0.26932602 0.42415611 nan nan nan nan 0.01408071 nan nan nan nan nan
-0.00047586 -0.05061740 -4.00000000 602.16587093 -0.15064437 0.28625044 604.02657714 605.80348177 602.57234152 604.40952715 603.66383989 605.62703386 0.20312500 -0.53554402 0.46284547 -0.17588100 0.03622159 -0.17684659 -0.47969199 -0.47969199 0.00000000 0.24571308 -0.00937827 0.01446485 0.16020228 0.21707989 0.22455231 0.23490444 0.23196109 0.22592176 0.00974026 -0.00052247 -0.00177580 0.00016758 0.00071023 -0.00213068
0.03078183 0.04633062 -4.00000000 605.18902295 0.04253074 -0.17178362 604.39342831 603.19625121 603.86978703 nan nan nan -0.10919813 -0.09785943 0.36235750 nan nan nan -0.77507892 -0.77507892 0.00000000 0.30233545 -0.00135323 0.00771734 0.19251616 0.30002853 0.28995953 nan nan nan 0.00933207 0.00564913 -0.00613543 nan nan nan
0.22876497 0.22876497 0.00000000 603.24739707 0.03840125 -0.41930646 607.03409677 604.27233060 602.95498098 603.32215472 603.96246934 604.50614308 -0.38976909 -0.39012702 0.46623563 -0.46602338 0.03498890 -0.14511494 -0.29123330 -0.29123330 0.00000000 0.21024672 0.00397945 0.00262506 0.18803530 0.22868875 0.21646470 0.24353891 0.21437371 0.23053296 0.00548150 0.00015511 -0.00143678 -0.00084901 0.00372257 0.00287356
0.09601479 0.09808581 -1.00000000 603.18451738 0.00219436 0.39733247 605.14481524 603.03766677 603.76977551 604.05035147 605.60236165 602.87011983 -0.02049513 -0.18225901 0.57217379 -0.21297838 -0.21155398 0.78770341 -0.43141388 -0.43141388 0.00000000 0.20739695 -0.00471090 0.00302964 0.15097480 0.21184869 0.22600400 0.20978378 0.22144265 0.20261489 0.00111607 0.00513486 -0.00371441 0.00371441 0.00108162 -0.00611036
-0.01530372 0.09046432 -6.00000000 603.27538907 -0.03495298 0.13230084 603.38613524 605.18831067 601.77517175 603.42760984 604.57460426 603.17263134 0.02140828 -0.31818182 -0.03868698 0.00000000 0.17916333 0.00115277 -0.58509555 -0.58509555 0.00000000 0.80712125 -0.00397945 0.02308678 0.71217978 0.80926052 0.79939263 0.79214391 0.78925609 0.82082490 0.02019075 -0.00142045 0.00057961 -0.00502874 0.00344159 0.00302392
-0.00324173 -0.03628953 -5.00000000 602.19654281 -0.30227273 0.19362633 603.91257624 603.95715037 604.01264350 605.09729739 605.49337929 603.15777213 0.11238656 -0.64358130 0.39575986 0.83445098 -1.55564187 0.46839080 -0.47963939 -0.49156494 -1.00000000 0.13473711 -0.00151515 0.00723966 0.17626696 0.12700289 0.13240363 0.11562091 0.11063153 0.10716845 0.00151253 0.00014529 -0.00362461 0.00660677 -0.00226377 -0.00502874
-0.11412073 -0.11412073 0.00000000 605.14510386 0.00592128 -0.31650217 605.29732303 603.58916440 605.20020815 602.47397342 602.82258340 604.06031649 -0.28307630 0.70738636 -0.78267045 0.28521406 -0.07240711 0.07341464 -0.74027044 -0.74027044 0.00000000 0.45948183 0.00340474 0.00045110 0.63137774 0.44053310 0.43663239 0.46654604 0.45247506 0.45418314 -0.01217532 0.00852273 -0.00142045 -0.00075978 0.00325782 -0.00817986
-0.12785638 -0.12785638 0.00000000 603.97546841 0.26688884 0.03674622 604.08228371 603.27425223 601.97283386 nan nan nan 0.10063994 0.17407975 -0.07668712 nan nan nan -0.76931101 -0.78137920 -1.00000000 0.54575159 -0.00388296 0.02281974 0.68506210 0.55346041 0.52928873 nan nan nan 0.00189338 -0.00076687 -0.00038344 nan nan nan
-0.05450216 -0.15228374 -5.00000000 603.14713786 -0.55823940 0.37248962 604.31084587 604.81937194 603.99738673 nan nan nan -0.13673206 0.34230340 -0.24632761 nan nan nan -0.84643383 -0.84692214 -1.00000000 0.54486459 -0.00020193 0.01822361 0.73577278 0.53613284 0.53384357 nan nan nan 0.00035148 -0.00309769 0.00058666 nan nan nan
-0.10174165 -0.16193211 -6.00000000 601.75947399 -0.47619048 0.34944655 603.71378799 604.20213722 603.15750123 nan nan nan 0.02160494 -0.05277025 -0.17149390 nan nan nan 0.25672319 0.25672319 0.00000000 0.20397734 -0.00414079 0.01524622 0.17996279 0.19723173 0.21009873 nan nan nan 0.00588349 0.00023525 0.00038110 nan nan nan
0.09445817 0.15200003 -2.00000000 604.06816541 -0.08006009 0.10590365 604.73937634 603.11523599 604.59584348 nan nan nan 0.12385967 0.11345708 -0.40414220 nan nan nan -0.78933515 -0.78933515 0.00000000 0.83223278 0.00117902 0.01732245 0.67651754 0.81944699 0.81524915 nan nan nan 0.01795958 0.00123409 0.00127974 nan nan nan
-0.05738216 -0.14950597 -4.00000000 604.15313346 0.31055901 -0.38849110 604.28326493 603.94527873 603.57725246 nan nan nan 0.41515156 -0.51545432 -0.46000580 nan nan nan -0.80864579 -0.80864579 0.00000000 0.54189355 0.00289855 0.01309939 0.70196372 0.54159768 0.53856251 nan nan nan 0.00011982 -0.00059620 -0.00017068 nan nan nan
0.09908585 0.09908585 0.00000000 604.55891169 0.08744468 -0.10475760 605.27629012 604.16294932 603.73677057 603.65371014 605.08628306 nan -0.33370132 0.17410153 0.29759659 -0.82193396 0.79457547 nan -0.94886031 -0.94886031 0.00000000 0.63741600 -0.00232937 0.02280395 0.17930710 0.65221966 0.65653705 0.66711188 0.64659736 nan 0.03530209 0.00391397 0.00198226 -0.00412736 0.00571653 nan
-0.03343447 -0.11864349 -4.00000000 603.81332120 0.50851140 -0.66652422 603.72224920 604.14378582 603.77007170 604.25709416 nan nan 0.61278955 -0.28321678 0.13024476 -0.23699964 nan nan -0.93024644 -0.93024644 0.00000000 0.71021536 -0.00123996 0.02531849 0.23800362 0.69285472 0.69713411 0.71934706 nan nan 0.03481138 0.01005245 -0.00262238 -0.00275802 nan nan
-0.02405365 -0.07684494 -6.00000000 601.71972834 0.21239227 -0.15272383 603.56810416 604.18027836 604.71703609 603.66667657 603.72871492 nan -0.47697368 0.67841981 -0.05972822 0.26821317 -0.26762906 nan -0.94848856 -0.94848856 0.00000000 0.66225755 0.00649895 0.01368453 0.17527968 0.65201041 0.65709238 0.65377770 0.65696465 nan 0.03809524 0.00671608 -0.00567581 0.00967401 -0.01142635 nan
0.13381623 0.15235070 -1.00000000 604.00272847 0.22075472 -0.16448994 604.85174584 603.60279447 603.73532932 604.47720007 602.16214938 nan 0.31552338 -0.32051325 0.23608700 -0.17464953 0.40303738 nan -0.95189242 -0.95189242 0.00000000 0.63609694 -0.00377358 0.02149095 0.18067415 0.66543328 0.66377483 0.65630849 0.64405051 nan 0.04171267 -0.00137579 -0.00253115 0.00467290 -0.00408879 nan
-0.08580444 -0.08580444 0.00000000 602.97897094 -0.32626102 0.14854664 602.06016214 605.08602240 601.50940782 602.62404399 602.37496798 nan 0.06994166 -0.49646226 0.05537399 0.23750000 -0.14487871 nan -0.96484885 -0.96484885 0.00000000 0.94600744 -0.00074074 0.03041118 0.32008929 0.95354613 0.96343678 0.96467494 0.96418503 nan 0.05521971 0.00235849 0.00175764 -0.00119048 -0.00233603 nan
0.08702711 0.08702711 0.00000000 603.83730507 0.06294598 -0.45267543 604.58615128 603.29287136 603.79147632 603.47173964 604.37009456 nan -0.16249749 -0.11757186 0.37534614 -0.49927249 0.09591601 nan -0.95669449 -0.95669449 0.00000000 0.66402859 0.00607771 0.01367538 0.17039013 0.64477944 0.65402576 0.65479517 0.66315167 nan 0.03891509 0.00138864 -0.00037318 0.00233135 -0.00233135 nan
0.12104081 0.12104081 0.00000000 603.68846057 -0.72634921 1.06775159 604.48769858 602.53088651 602.89808664 603.25465548 604.15716932 nan 0.05732999 -0.02500110 -0.26179245 0.32024371 0.02638889 nan -0.96689104 -0.96689104 0.00000000 0.97485797 -0.00190476 0.03554587 0.32096199 0.96648225 0.97643556 0.96712358 0.97699171 nan 0.05458342 0.00348814 0.00058962 -0.00120171 0.00006614 nan
0.10598703 0.10598703 0.00000000 604.17121321 -0.18238084 0.91155907 604.61273820 603.24576721 603.91287053 604.08273344 nan nan -0.01568700 0.43185764 0.34678819 -0.25942417 nan nan -0.95942867 -0.95942867 0.00000000 0.97358059 -0.00093883 0.02887386 0.37227442 0.97040487 0.97136142 0.96954951 nan nan 0.05419147 0.00390625 -0.00173611 0.00085895 nan nan
-0.13746154 -0.33273812 -6.00000000 604.58736796 -0.02465281 0.10289635 602.51155627 601.83861682 604.22928784 604.47438436 nan nan 0.19736465 -0.24082168 0.32517483 0.06655053 nan nan -0.95907156 -0.95907156 0.00000000 0.97213817 -0.00138875 0.03430901 0.36439952 0.97087850 0.96653983 0.97087810 nan nan 0.05710159 0.00218531 0.00043706 -0.00132966 nan nan
-0.17150393 -0.36227438 -6.00000000 604.45483947 0.23761196 -0.41755830 602.39193147 603.19309306 603.52904343 604.60898927 nan nan 0.07081281 0.14482759 -0.25870017 -0.06578077 nan nan -0.93471725 -0.93471725 0.00000000 0.70692587 -0.00109213 0.03142971 0.23603839 0.70612575 0.73851275 0.72377973 nan nan 0.03989122 0.00646552 -0.00484837 -0.00206336 nan nan
0.06601841 0.10557260 -1.00000000 604.28814833 0.20732647 -0.43270839 604.41390890 604.60232320 602.77854112 604.06627339 nan nan 0.28934959 -0.23776571 0.30754310 -0.32714161 nan nan -0.94381932 -0.94381932 0.00000000 0.96289328 -0.00137918 0.03682146 0.37146019 0.94916701 0.95355913 0.96342461 nan nan 0.05452272 0.00340694 -0.00005464 0.00132966 nan nan
0.03160449 -0.10605475 -5.00000000 603.86766211 -0.18100255 0.64087849 603.61886297 602.38490923 603.72473516 604.08746446 nan nan -0.05261058 0.48475204 -0.33003176 0.06599650 nan nan -0.95091136 -0.95091136 0.00000000 0.96659814 -0.00047254 0.03375844 0.37525216 0.96609495 0.97218661 0.96433920 nan nan 0.05701937 0.00261622 -0.00305328 0.00000000 nan nan
-0.23323953 -0.23323953 0.00000000 604.20181831 -0.16979167 0.55054407 602.87552963 603.75163152 nan nan nan nan 0.19957847 0.06039579 nan nan nan nan -0.41786399 -0.41786399 0.00000000 0.97164450 -0.00052083 0.00197665 0.96377482 0.97339485 nan nan nan nan 0.00211738 -0.00095586 nan nan nan nan
0.01054396 -0.09973729 -6.00000000 603.55140742 -0.25031037 0.15628805 603.62619800 603.91128016 nan nan nan nan -0.08942144 -0.22230218 nan nan nan nan -0.05524390 0.08124479 -5.00000000 0.96893477 -0.00048942 0.00323144 0.96659199 0.96786829 nan nan nan nan 0.00150772 0.00043810 nan nan nan nan
-0.07053080 -0.24069067 -4.00000000 604.17597363 0.33856387 -0.55407134 604.06844915 604.22815187 nan nan nan nan 0.05326870 -0.03780995 nan nan nan nan -0.46273361 -0.46273361 0.00000000 0.96955526 0.00235182 -0.00167659 0.96056727 0.97095650 nan nan nan nan 0.00160290 0.00074292 nan nan nan nan
0.11355978 0.37350851 -3.00000000 602.21232216 0.01583959 -0.05802939 603.30286731 603.16746284 nan nan nan nan 0.22802518 -0.36708561 nan nan nan nan -0.33786382 -0.35278833 -1.00000000 0.97191746 0.00002442 0.00275029 0.96008322 0.97292345 nan nan nan nan 0.00211300 0.00169553 nan nan nan nan
-0.01715842 -0.25567671 -3.00000000 603.89439470 -0.07830291 0.28523568 603.61419024 603.71965279 nan nan nan nan 0.05831473 -0.20734284 nan nan nan nan -0.67594552 -0.67594552 0.00000000 0.74934653 0.00049728 0.01636547 0.63151417 0.76131681 nan nan nan nan 0.01245117 0.00250505 nan nan nan nan
-0.10906183 -0.13208462 -3.00000000 603.79756883 -0.11747730 -0.11382432 604.01766583 603.10099567 nan nan nan nan -0.17716815 0.18604086 nan nan nan nan -0.99327888 -0.99327888 0.00000000 0.59485521 0.00270448 -0.00093663 0.96489451 0.58609162 nan nan nan nan -0.02143720 0.00145914 nan nan nan nan
-0.12567570 -0.26727985 -6.00000000 602.94288169 0.57266530 -0.68550815 604.07607010 603.86574655 nan nan nan nan 0.16602928 -0.27490519 nan nan nan nan -0.34999700 -0.60174243 -4.00000000 0.58091035 -0.00329593 0.02117782 0.62817029 0.57771742 nan nan nan nan 0.00838039 0.00063553 nan nan nan nan
0.22556407 0.38903784 -5.00000000 604.33332481 0.39051236 -0.30011460 603.09153324 603.96447955 nan nan nan nan 0.04918045 0.13830494 nan nan nan nan -0.44380088 -0.72249729 -3.00000000 0.55570285 -0.00207273 0.02183020 0.63819935 0.56154867 nan nan nan nan 0.00955900 0.00178427 nan nan nan nan
0.16616073 0.32659679 -5.00000000 604.37725904 0.13738739 -0.04106840 603.43663727 603.88210525 nan nan nan nan -0.04860184 0.13522592 nan nan nan nan -0.43170182 -0.62358589 -5.00000000 0.57677822 -0.00270270 0.02080787 0.63977259 0.57443290 nan nan nan nan 0.01032509 -0.00208945 nan nan nan nan
0.05936369 -0.13250193 -4.00000000 603.21050903 -0.29333102 0.45620103 603.13564455 603.61294147 nan nan nan nan 0.04326357 -0.09450531 nan nan nan nan -0.99099311 -0.99099311 0.00000000 0.58407544 -0.00039722 0.00055809 0.96648152 0.59433598 nan nan nan nan -0.01636795 -0.00743122 nan nan nan nan
-0.01924334 -0.14527881 -6.00000000 603.64566125 0.58032492 -0.24538436 603.68646776 603.45939109 nan nan nan nan 0.04784887 0.10650510 nan nan nan nan -0.43535267 -0.43535267 0.00000000 0.73557673 0.00079054 0.02277859 0.65646841 0.73383107 nan nan nan nan 0.01907520 0.00170068 nan nan nan nan
0.20157832 0.32871632 -6.00000000 604.51754629 0.16095930 -0.42202082 603.21051031 604.45312420 nan nan nan nan -0.15939130 -0.31316958 nan nan nan nan -0.51962063 -0.66780094 -3.00000000 0.56552892 -0.00258965 0.02455342 0.64739394 0.56919701 nan nan nan nan 0.00967243 -0.00294658 nan nan nan nan
