100.0000 1.0000 10.0000 0.0000 0.0000
100.0000 1.0000 10.0000 0.0000 0.0000
100.0000 1.0000 10.0000 0.0000 0.0000
100.0000 1.0000 10.0000 0.0000 0.0000
100.0000 1.0000 10.0000 0.0000 0.0000
100.0000 1.0000 10.0000 0.0000 0.0000
100.0000 1.0000 10.0000 0.0000 0.0000
100.0000 1.0000 10.0000 0.0000 0.0000
100.0000 1.0000 10.0000 0.0000 0.0000
100.0000 1.0000 10.0000 0.0000 0.0000
100.0000 1.0000 10.0000 0.0000 0.0000
100.0000 1.0000 10.0000 0.0000 0.0000
400.0000 250.5000 45.0000 0.5000 0.5000
400.0000 250.5000 45.0000 0.5000 0.5000
400.0000 250.5000 45.0000 0.5000 0.5000
400.0000 250.5000 45.0000 0.5000 0.5000
400.0000 250.5000 45.0000 0.5000 0.5000
400.0000 250.5000 45.0000 0.5000 0.5000
400.0000 250.5000 45.0000 0.5000 0.5000
400.0000 250.5000 45.0000 0.5000 0.5000
400.0000 250.5000 45.0000 0.5000 0.5000
400.0000 250.5000 45.0000 0.5000 0.5000
400.0000 250.5000 45.0000 0.5000 0.5000
400.0000 250.5000 45.0000 0.5000 0.5000
550.0000 125.7500 27.5000 0.2500 0.7500
550.0000 125.7500 27.5000 0.2500 0.7500
550.0000 125.7500 27.5000 0.2500 0.7500
550.0000 125.7500 62.5000 0.2500 0.7500
550.0000 125.7500 27.5000 0.7500 0.7500
550.0000 125.7500 27.5000 0.2500 0.7500
550.0000 125.7500 62.5000 0.7500 0.7500
550.0000 125.7500 62.5000 0.7500 0.7500
550.0000 125.7500 27.5000 0.7500 0.7500
550.0000 125.7500 62.5000 0.2500 0.7500
550.0000 125.7500 62.5000 0.7500 0.7500
550.0000 125.7500 62.5000 0.7500 0.7500
250.0000 375.2500 62.5000 0.7500 0.2500
250.0000 375.2500 62.5000 0.7500 0.2500
250.0000 375.2500 62.5000 0.7500 0.2500
250.0000 375.2500 27.5000 0.7500 0.2500
250.0000 375.2500 62.5000 0.2500 0.2500
250.0000 375.2500 62.5000 0.7500 0.2500
250.0000 375.2500 27.5000 0.2500 0.2500
250.0000 375.2500 27.5000 0.2500 0.2500
250.0000 375.2500 62.5000 0.2500 0.2500
250.0000 375.2500 27.5000 0.7500 0.2500
250.0000 375.2500 27.5000 0.2500 0.2500
250.0000 375.2500 27.5000 0.2500 0.2500
325.0000 188.1250 53.7500 0.8750 0.3750
175.0000 188.1250 53.7500 0.8750 0.3750
325.0000 188.1250 53.7500 0.8750 0.3750
325.0000 188.1250 71.2500 0.8750 0.3750
325.0000 188.1250 53.7500 0.8750 0.3750
325.0000 188.1250 53.7500 0.8750 0.6250
325.0000 188.1250 71.2500 0.8750 0.6250
175.0000 188.1250 71.2500 0.8750 0.6250
175.0000 188.1250 53.7500 0.8750 0.6250
175.0000 188.1250 71.2500 0.8750 0.6250
175.0000 188.1250 71.2500 0.8750 0.3750
175.0000 188.1250 71.2500 0.8750 0.6250
625.0000 437.6250 18.7500 0.3750 0.8750
475.0000 437.6250 18.7500 0.3750 0.8750
625.0000 437.6250 18.7500 0.3750 0.8750
625.0000 437.6250 36.2500 0.3750 0.8750
625.0000 437.6250 18.7500 0.3750 0.8750
625.0000 437.6250 18.7500 0.3750 0.1250
625.0000 437.6250 36.2500 0.3750 0.1250
475.0000 437.6250 36.2500 0.3750 0.1250
475.0000 437.6250 18.7500 0.3750 0.1250
475.0000 437.6250 36.2500 0.3750 0.1250
475.0000 437.6250 36.2500 0.3750 0.8750
475.0000 437.6250 36.2500 0.3750 0.1250
475.0000 63.3750 71.2500 0.6250 0.6250
625.0000 63.3750 71.2500 0.6250 0.6250
475.0000 63.3750 71.2500 0.6250 0.6250
475.0000 63.3750 18.7500 0.6250 0.6250
475.0000 63.3750 71.2500 0.1250 0.6250
475.0000 63.3750 71.2500 0.6250 0.3750
475.0000 63.3750 18.7500 0.1250 0.3750
625.0000 63.3750 18.7500 0.1250 0.3750
625.0000 63.3750 71.2500 0.1250 0.3750
625.0000 63.3750 18.7500 0.6250 0.3750
625.0000 63.3750 18.7500 0.1250 0.6250
625.0000 63.3750 18.7500 0.1250 0.3750
175.0000 312.8750 36.2500 0.1250 0.1250
325.0000 312.8750 36.2500 0.1250 0.1250
175.0000 312.8750 36.2500 0.1250 0.1250
175.0000 312.8750 53.7500 0.1250 0.1250
175.0000 312.8750 36.2500 0.6250 0.1250
175.0000 312.8750 36.2500 0.1250 0.8750
175.0000 312.8750 53.7500 0.6250 0.8750
325.0000 312.8750 53.7500 0.6250 0.8750
325.0000 312.8750 36.2500 0.6250 0.8750
325.0000 312.8750 53.7500 0.1250 0.8750
325.0000 312.8750 53.7500 0.6250 0.1250
325.0000 312.8750 53.7500 0.6250 0.8750
212.5000 156.9375 75.6250 0.4375 0.5625
287.5000 156.9375 75.6250 0.4375 0.5625
212.5000 219.3125 75.6250 0.4375 0.5625
212.5000 156.9375 75.6250 0.4375 0.5625
212.5000 156.9375 75.6250 0.9375 0.5625
212.5000 156.9375 75.6250 0.4375 0.3125
212.5000 219.3125 75.6250 0.9375 0.3125
287.5000 156.9375 75.6250 0.9375 0.3125
287.5000 219.3125 75.6250 0.9375 0.3125
287.5000 219.3125 75.6250 0.4375 0.3125
287.5000 219.3125 75.6250 0.9375 0.5625
287.5000 219.3125 75.6250 0.9375 0.3125
512.5000 406.4375 40.6250 0.9375 0.0625
587.5000 406.4375 40.6250 0.9375 0.0625
512.5000 468.8125 40.6250 0.9375 0.0625
512.5000 406.4375 40.6250 0.9375 0.0625
512.5000 406.4375 40.6250 0.4375 0.0625
512.5000 406.4375 40.6250 0.9375 0.8125
512.5000 468.8125 40.6250 0.4375 0.8125
587.5000 406.4375 40.6250 0.4375 0.8125
587.5000 468.8125 40.6250 0.4375 0.8125
587.5000 468.8125 40.6250 0.9375 0.8125
587.5000 468.8125 40.6250 0.4375 0.0625
587.5000 468.8125 40.6250 0.4375 0.8125
662.5000 32.1875 58.1250 0.1875 0.3125
437.5000 32.1875 58.1250 0.1875 0.3125
662.5000 94.5625 58.1250 0.1875 0.3125
662.5000 32.1875 23.1250 0.1875 0.3125
662.5000 32.1875 58.1250 0.1875 0.3125
662.5000 32.1875 58.1250 0.1875 0.5625
662.5000 94.5625 23.1250 0.1875 0.5625
437.5000 32.1875 23.1250 0.1875 0.5625
437.5000 94.5625 58.1250 0.1875 0.5625
437.5000 94.5625 23.1250 0.1875 0.5625
437.5000 94.5625 23.1250 0.1875 0.3125
437.5000 94.5625 23.1250 0.1875 0.5625
362.5000 281.6875 23.1250 0.6875 0.8125
137.5000 281.6875 23.1250 0.6875 0.8125
362.5000 344.0625 23.1250 0.6875 0.8125
362.5000 281.6875 58.1250 0.6875 0.8125
362.5000 281.6875 23.1250 0.6875 0.8125
362.5000 281.6875 23.1250 0.6875 0.0625
362.5000 344.0625 58.1250 0.6875 0.0625
137.5000 281.6875 58.1250 0.6875 0.0625
137.5000 344.0625 23.1250 0.6875 0.0625
137.5000 344.0625 58.1250 0.6875 0.0625
137.5000 344.0625 58.1250 0.6875 0.8125
137.5000 344.0625 58.1250 0.6875 0.0625
287.5000 94.5625 31.8750 0.5625 0.9375
362.5000 94.5625 31.8750 0.5625 0.9375
287.5000 32.1875 31.8750 0.5625 0.9375
287.5000 94.5625 14.3750 0.5625 0.9375
287.5000 94.5625 31.8750 0.0625 0.9375
287.5000 94.5625 31.8750 0.5625 0.9375
287.5000 32.1875 14.3750 0.0625 0.9375
362.5000 94.5625 14.3750 0.0625 0.9375
362.5000 32.1875 31.8750 0.0625 0.9375
362.5000 32.1875 14.3750 0.5625 0.9375
362.5000 32.1875 14.3750 0.0625 0.9375
362.5000 32.1875 14.3750 0.0625 0.9375
587.5000 344.0625 66.8750 0.0625 0.4375
662.5000 344.0625 66.8750 0.0625 0.4375
587.5000 281.6875 66.8750 0.0625 0.4375
587.5000 344.0625 49.3750 0.0625 0.4375
587.5000 344.0625 66.8750 0.5625 0.4375
587.5000 344.0625 66.8750 0.0625 0.4375
587.5000 281.6875 49.3750 0.5625 0.4375
662.5000 344.0625 49.3750 0.5625 0.4375
662.5000 281.6875 66.8750 0.5625 0.4375
662.5000 281.6875 49.3750 0.0625 0.4375
662.5000 281.6875 49.3750 0.5625 0.4375
662.5000 281.6875 49.3750 0.5625 0.4375
437.5000 219.3125 14.3750 0.8125 0.1875
512.5000 219.3125 14.3750 0.8125 0.1875
437.5000 156.9375 14.3750 0.8125 0.1875
437.5000 219.3125 66.8750 0.8125 0.1875
437.5000 219.3125 14.3750 0.8125 0.1875
437.5000 219.3125 14.3750 0.8125 0.1875
437.5000 156.9375 66.8750 0.8125 0.1875
512.5000 219.3125 66.8750 0.8125 0.1875
512.5000 156.9375 14.3750 0.8125 0.1875
512.5000 156.9375 66.8750 0.8125 0.1875
512.5000 156.9375 66.8750 0.8125 0.1875
512.5000 156.9375 66.8750 0.8125 0.1875
137.5000 468.8125 49.3750 0.3125 0.6875
212.5000 468.8125 49.3750 0.3125 0.6875
137.5000 406.4375 49.3750 0.3125 0.6875
137.5000 468.8125 31.8750 0.3125 0.6875
137.5000 468.8125 49.3750 0.3125 0.6875
137.5000 468.8125 49.3750 0.3125 0.6875
137.5000 406.4375 31.8750 0.3125 0.6875
212.5000 468.8125 31.8750 0.3125 0.6875
212.5000 406.4375 49.3750 0.3125 0.6875
212.5000 406.4375 31.8750 0.3125 0.6875
212.5000 406.4375 31.8750 0.3125 0.6875
212.5000 406.4375 31.8750 0.3125 0.6875
156.2500 234.9062 42.8125 0.6562 0.2812
681.2500 234.9062 42.8125 0.6562 0.2812
156.2500 266.0938 42.8125 0.6562 0.2812
156.2500 234.9062 69.0625 0.6562 0.2812
156.2500 234.9062 42.8125 0.4688 0.2812
156.2500 234.9062 42.8125 0.6562 0.1562
156.2500 266.0938 69.0625 0.4688 0.1562
681.2500 234.9062 69.0625 0.4688 0.1562
681.2500 266.0938 42.8125 0.4688 0.1562
681.2500 266.0938 69.0625 0.6562 0.1562
681.2500 266.0938 69.0625 0.4688 0.2812
681.2500 266.0938 69.0625 0.4688 0.1562
456.2500 484.4062 77.8125 0.1562 0.7812
381.2500 484.4062 77.8125 0.1562 0.7812
456.2500 16.5938 77.8125 0.1562 0.7812
456.2500 484.4062 34.0625 0.1562 0.7812
456.2500 484.4062 77.8125 0.9688 0.7812
456.2500 484.4062 77.8125 0.1562 0.6562
456.2500 16.5938 34.0625 0.9688 0.6562
381.2500 484.4062 34.0625 0.9688 0.6562
381.2500 16.5938 77.8125 0.9688 0.6562
381.2500 16.5938 34.0625 0.1562 0.6562
381.2500 16.5938 34.0625 0.9688 0.7812
381.2500 16.5938 34.0625 0.9688 0.6562
606.2500 110.1562 25.3125 0.9062 0.5312
231.2500 110.1562 25.3125 0.9062 0.5312
606.2500 390.8438 25.3125 0.9062 0.5312
606.2500 110.1562 16.5625 0.9062 0.5312
606.2500 110.1562 25.3125 0.7188 0.5312
606.2500 110.1562 25.3125 0.9062 0.9062
606.2500 390.8438 16.5625 0.7188 0.9062
231.2500 110.1562 16.5625 0.7188 0.9062
231.2500 390.8438 25.3125 0.7188 0.9062
231.2500 390.8438 16.5625 0.9062 0.9062
231.2500 390.8438 16.5625 0.7188 0.5312
231.2500 390.8438 16.5625 0.7188 0.9062
306.2500 359.6562 60.3125 0.4062 0.0312
531.2500 359.6562 60.3125 0.4062 0.0312
306.2500 141.3438 60.3125 0.4062 0.0312
306.2500 359.6562 51.5625 0.4062 0.0312
306.2500 359.6562 60.3125 0.2188 0.0312
306.2500 359.6562 60.3125 0.4062 0.4062
306.2500 141.3438 51.5625 0.2188 0.4062
531.2500 359.6562 51.5625 0.2188 0.4062
531.2500 141.3438 60.3125 0.2188 0.4062
531.2500 141.3438 51.5625 0.4062 0.4062
531.2500 141.3438 51.5625 0.2188 0.0312
531.2500 141.3438 51.5625 0.2188 0.4062
381.2500 47.7812 69.0625 0.2812 0.1562
606.2500 47.7812 69.0625 0.2812 0.1562
381.2500 453.2188 69.0625 0.2812 0.1562
381.2500 47.7812 25.3125 0.2812 0.1562
381.2500 47.7812 69.0625 0.5938 0.1562
381.2500 47.7812 69.0625 0.2812 0.5312
381.2500 453.2188 25.3125 0.5938 0.5312
606.2500 47.7812 25.3125 0.5938 0.5312
606.2500 453.2188 69.0625 0.5938 0.5312
606.2500 453.2188 25.3125 0.2812 0.5312
606.2500 453.2188 25.3125 0.5938 0.1562
606.2500 453.2188 25.3125 0.5938 0.5312
681.2500 297.2812 34.0625 0.7812 0.6562
306.2500 297.2812 34.0625 0.7812 0.6562
681.2500 203.7188 34.0625 0.7812 0.6562
681.2500 297.2812 60.3125 0.7812 0.6562
681.2500 297.2812 34.0625 0.0938 0.6562
681.2500 297.2812 34.0625 0.7812 0.0312
681.2500 203.7188 60.3125 0.0938 0.0312
306.2500 297.2812 60.3125 0.0938 0.0312
306.2500 203.7188 34.0625 0.0938 0.0312
306.2500 203.7188 60.3125 0.7812 0.0312
306.2500 203.7188 60.3125 0.0938 0.6562
306.2500 203.7188 60.3125 0.0938 0.0312
531.2500 172.5312 51.5625 0.0312 0.9062
156.2500 172.5312 51.5625 0.0312 0.9062
531.2500 328.4688 51.5625 0.0312 0.9062
531.2500 172.5312 77.8125 0.0312 0.9062
531.2500 172.5312 51.5625 0.3438 0.9062
531.2500 172.5312 51.5625 0.0312 0.2812
531.2500 328.4688 77.8125 0.3438 0.2812
156.2500 172.5312 77.8125 0.3438 0.2812
156.2500 328.4688 51.5625 0.3438 0.2812
156.2500 328.4688 77.8125 0.0312 0.2812
156.2500 328.4688 77.8125 0.3438 0.9062
156.2500 328.4688 77.8125 0.3438 0.2812
231.2500 422.0312 16.5625 0.5312 0.4062
456.2500 422.0312 16.5625 0.5312 0.4062
231.2500 78.9688 16.5625 0.5312 0.4062
231.2500 422.0312 42.8125 0.5312 0.4062
231.2500 422.0312 16.5625 0.8438 0.4062
231.2500 422.0312 16.5625 0.5312 0.7812
231.2500 78.9688 42.8125 0.8438 0.7812
456.2500 422.0312 42.8125 0.8438 0.7812
456.2500 78.9688 16.5625 0.8438 0.7812
456.2500 78.9688 42.8125 0.5312 0.7812
456.2500 78.9688 42.8125 0.8438 0.4062
456.2500 78.9688 42.8125 0.8438 0.7812
193.7500 78.9688 47.1875 0.8438 0.8438
493.7500 78.9688 47.1875 0.8438 0.8438
193.7500 484.4062 47.1875 0.8438 0.8438
193.7500 78.9688 20.9375 0.8438 0.8438
193.7500 78.9688 47.1875 0.5312 0.8438
193.7500 78.9688 47.1875 0.8438 0.4688
193.7500 484.4062 20.9375 0.5312 0.4688
493.7500 78.9688 20.9375 0.5312 0.4688
493.7500 484.4062 47.1875 0.5312 0.4688
493.7500 484.4062 20.9375 0.8438 0.4688
493.7500 484.4062 20.9375 0.5312 0.8438
493.7500 484.4062 20.9375 0.5312 0.4688
493.7500 328.4688 12.1875 0.3438 0.3438
193.7500 328.4688 12.1875 0.3438 0.3438
493.7500 234.9062 12.1875 0.3438 0.3438
493.7500 328.4688 55.9375 0.3438 0.3438
493.7500 328.4688 12.1875 0.0312 0.3438
493.7500 328.4688 12.1875 0.3438 0.9688
493.7500 234.9062 55.9375 0.0312 0.9688
193.7500 328.4688 55.9375 0.0312 0.9688
193.7500 234.9062 12.1875 0.0312 0.9688
193.7500 234.9062 55.9375 0.3438 0.9688
193.7500 234.9062 55.9375 0.0312 0.3438
193.7500 234.9062 55.9375 0.0312 0.9688
643.7500 203.7188 64.6875 0.5938 0.0938
343.7500 203.7188 64.6875 0.5938 0.0938
643.7500 359.6562 64.6875 0.5938 0.0938
643.7500 203.7188 73.4375 0.5938 0.0938
643.7500 203.7188 64.6875 0.2812 0.0938
643.7500 203.7188 64.6875 0.5938 0.7188
643.7500 359.6562 73.4375 0.2812 0.7188
343.7500 203.7188 73.4375 0.2812 0.7188
343.7500 359.6562 64.6875 0.2812 0.7188
343.7500 359.6562 73.4375 0.5938 0.7188
343.7500 359.6562 73.4375 0.2812 0.0938
343.7500 359.6562 73.4375 0.2812 0.7188
343.7500 453.2188 29.6875 0.0938 0.5938
643.7500 453.2188 29.6875 0.0938 0.5938
343.7500 110.1562 29.6875 0.0938 0.5938
343.7500 453.2188 38.4375 0.0938 0.5938
343.7500 453.2188 29.6875 0.7812 0.5938
343.7500 453.2188 29.6875 0.0938 0.2188
343.7500 110.1562 38.4375 0.7812 0.2188
643.7500 453.2188 38.4375 0.7812 0.2188
643.7500 110.1562 29.6875 0.7812 0.2188
643.7500 110.1562 38.4375 0.0938 0.2188
643.7500 110.1562 38.4375 0.7812 0.5938
643.7500 110.1562 38.4375 0.7812 0.2188
268.7500 141.3438 20.9375 0.2188 0.7188
418.7500 141.3438 20.9375 0.2188 0.7188
268.7500 297.2812 20.9375 0.2188 0.7188
268.7500 141.3438 64.6875 0.2188 0.7188
268.7500 141.3438 20.9375 0.4062 0.7188
268.7500 141.3438 20.9375 0.2188 0.8438
268.7500 297.2812 64.6875 0.4062 0.8438
418.7500 141.3438 64.6875 0.4062 0.8438
418.7500 297.2812 20.9375 0.4062 0.8438
418.7500 297.2812 64.6875 0.2188 0.8438
418.7500 297.2812 64.6875 0.4062 0.7188
418.7500 297.2812 64.6875 0.4062 0.8438
568.7500 390.8438 55.9375 0.7188 0.2188
118.7500 390.8438 55.9375 0.7188 0.2188
568.7500 47.7812 55.9375 0.7188 0.2188
568.7500 390.8438 29.6875 0.7188 0.2188
568.7500 390.8438 55.9375 0.9062 0.2188
568.7500 390.8438 55.9375 0.7188 0.3438
568.7500 47.7812 29.6875 0.9062 0.3438
118.7500 390.8438 29.6875 0.9062 0.3438
118.7500 47.7812 55.9375 0.9062 0.3438
118.7500 47.7812 29.6875 0.7188 0.3438
118.7500 47.7812 29.6875 0.9062 0.2188
118.7500 47.7812 29.6875 0.9062 0.3438
418.7500 16.5938 38.4375 0.4688 0.4688
268.7500 16.5938 38.4375 0.4688 0.4688
418.7500 422.0312 38.4375 0.4688 0.4688
418.7500 16.5938 12.1875 0.4688 0.4688
418.7500 16.5938 38.4375 0.6562 0.4688
418.7500 16.5938 38.4375 0.4688 0.0938
418.7500 422.0312 12.1875 0.6562 0.0938
268.7500 16.5938 12.1875 0.6562 0.0938
268.7500 422.0312 38.4375 0.6562 0.0938
268.7500 422.0312 12.1875 0.4688 0.0938
268.7500 422.0312 12.1875 0.6562 0.4688
268.7500 422.0312 12.1875 0.6562 0.0938
118.7500 266.0938 73.4375 0.9688 0.9688
568.7500 266.0938 73.4375 0.9688 0.9688
118.7500 172.5312 73.4375 0.9688 0.9688
118.7500 266.0938 47.1875 0.9688 0.9688
118.7500 266.0938 73.4375 0.1562 0.9688
118.7500 266.0938 73.4375 0.9688 0.5938
118.7500 172.5312 47.1875 0.1562 0.5938
568.7500 266.0938 47.1875 0.1562 0.5938
568.7500 172.5312 73.4375 0.1562 0.5938
568.7500 172.5312 47.1875 0.9688 0.5938
568.7500 172.5312 47.1875 0.1562 0.9688
568.7500 172.5312 47.1875 0.1562 0.5938
128.1250 133.5469 59.2188 0.5469 0.1406
653.1250 133.5469 59.2188 0.5469 0.1406
128.1250 398.6406 59.2188 0.5469 0.1406
128.1250 133.5469 57.0312 0.5469 0.1406
128.1250 133.5469 59.2188 0.9844 0.1406
128.1250 133.5469 59.2188 0.5469 0.0469
128.1250 398.6406 57.0312 0.9844 0.0469
653.1250 133.5469 57.0312 0.9844 0.0469
653.1250 398.6406 59.2188 0.9844 0.0469
653.1250 398.6406 57.0312 0.5469 0.0469
653.1250 398.6406 57.0312 0.9844 0.1406
653.1250 398.6406 57.0312 0.9844 0.0469
428.1250 383.0469 24.2188 0.0469 0.6406
353.1250 383.0469 24.2188 0.0469 0.6406
428.1250 149.1406 24.2188 0.0469 0.6406
428.1250 383.0469 22.0312 0.0469 0.6406
428.1250 383.0469 24.2188 0.4844 0.6406
428.1250 383.0469 24.2188 0.0469 0.5469
428.1250 149.1406 22.0312 0.4844 0.5469
353.1250 383.0469 22.0312 0.4844 0.5469
353.1250 149.1406 24.2188 0.4844 0.5469
353.1250 149.1406 22.0312 0.0469 0.5469
353.1250 149.1406 22.0312 0.4844 0.6406
353.1250 149.1406 22.0312 0.4844 0.5469
578.1250 8.7969 76.7188 0.7969 0.8906
203.1250 8.7969 76.7188 0.7969 0.8906
578.1250 273.8906 76.7188 0.7969 0.8906
578.1250 8.7969 39.5312 0.7969 0.8906
578.1250 8.7969 76.7188 0.2344 0.8906
578.1250 8.7969 76.7188 0.7969 0.7969
578.1250 273.8906 39.5312 0.2344 0.7969
203.1250 8.7969 39.5312 0.2344 0.7969
203.1250 273.8906 76.7188 0.2344 0.7969
203.1250 273.8906 39.5312 0.7969 0.7969
203.1250 273.8906 39.5312 0.2344 0.8906
203.1250 273.8906 39.5312 0.2344 0.7969
278.1250 258.2969 41.7188 0.2969 0.3906
503.1250 258.2969 41.7188 0.2969 0.3906
278.1250 24.3906 41.7188 0.2969 0.3906
278.1250 258.2969 74.5312 0.2969 0.3906
278.1250 258.2969 41.7188 0.7344 0.3906
278.1250 258.2969 41.7188 0.2969 0.2969
278.1250 24.3906 74.5312 0.7344 0.2969
503.1250 258.2969 74.5312 0.7344 0.2969
503.1250 24.3906 41.7188 0.7344 0.2969
503.1250 24.3906 74.5312 0.2969 0.2969
503.1250 24.3906 74.5312 0.7344 0.3906
503.1250 24.3906 74.5312 0.7344 0.2969
353.1250 71.1719 15.4688 0.4219 0.2656
578.1250 71.1719 15.4688 0.4219 0.2656
353.1250 336.2656 15.4688 0.4219 0.2656
353.1250 71.1719 30.7812 0.4219 0.2656
353.1250 71.1719 15.4688 0.1094 0.2656
353.1250 71.1719 15.4688 0.4219 0.6719
353.1250 336.2656 30.7812 0.1094 0.6719
578.1250 71.1719 30.7812 0.1094 0.6719
578.1250 336.2656 15.4688 0.1094 0.6719
578.1250 336.2656 30.7812 0.4219 0.6719
578.1250 336.2656 30.7812 0.1094 0.2656
578.1250 336.2656 30.7812 0.1094 0.6719
653.1250 320.6719 50.4688 0.9219 0.7656
278.1250 320.6719 50.4688 0.9219 0.7656
653.1250 86.7656 50.4688 0.9219 0.7656
653.1250 320.6719 65.7812 0.9219 0.7656
653.1250 320.6719 50.4688 0.6094 0.7656
653.1250 320.6719 50.4688 0.9219 0.1719
653.1250 86.7656 65.7812 0.6094 0.1719
278.1250 320.6719 65.7812 0.6094 0.1719
278.1250 86.7656 50.4688 0.6094 0.1719
278.1250 86.7656 65.7812 0.9219 0.1719
278.1250 86.7656 65.7812 0.6094 0.7656
278.1250 86.7656 65.7812 0.6094 0.1719
503.1250 195.9219 32.9688 0.1719 0.5156
128.1250 195.9219 32.9688 0.1719 0.5156
503.1250 461.0156 32.9688 0.1719 0.5156
503.1250 195.9219 48.2812 0.1719 0.5156
503.1250 195.9219 32.9688 0.8594 0.5156
503.1250 195.9219 32.9688 0.1719 0.4219
503.1250 461.0156 48.2812 0.8594 0.4219
128.1250 195.9219 48.2812 0.8594 0.4219
128.1250 461.0156 32.9688 0.8594 0.4219
128.1250 461.0156 48.2812 0.1719 0.4219
128.1250 461.0156 48.2812 0.8594 0.5156
128.1250 461.0156 48.2812 0.8594 0.4219
203.1250 445.4219 67.9688 0.6719 0.0156
428.1250 445.4219 67.9688 0.6719 0.0156
203.1250 211.5156 67.9688 0.6719 0.0156
203.1250 445.4219 13.2812 0.6719 0.0156
203.1250 445.4219 67.9688 0.3594 0.0156
203.1250 445.4219 67.9688 0.6719 0.9219
203.1250 211.5156 13.2812 0.3594 0.9219
428.1250 445.4219 13.2812 0.3594 0.9219
428.1250 211.5156 67.9688 0.3594 0.9219
428.1250 211.5156 13.2812 0.6719 0.9219
428.1250 211.5156 13.2812 0.3594 0.0156
428.1250 211.5156 13.2812 0.3594 0.9219
240.6250 39.9844 28.5938 0.9844 0.7031
540.6250 39.9844 28.5938 0.9844 0.7031
240.6250 367.4531 28.5938 0.9844 0.7031
240.6250 39.9844 35.1562 0.9844 0.7031
240.6250 39.9844 28.5938 0.0469 0.7031
240.6250 39.9844 28.5938 0.9844 0.3594
240.6250 367.4531 35.1562 0.0469 0.3594
540.6250 39.9844 35.1562 0.0469 0.3594
540.6250 367.4531 28.5938 0.0469 0.3594
540.6250 367.4531 35.1562 0.9844 0.3594
540.6250 367.4531 35.1562 0.0469 0.7031
540.6250 367.4531 35.1562 0.0469 0.3594
540.6250 289.4844 63.5938 0.4844 0.2031
240.6250 289.4844 63.5938 0.4844 0.2031
540.6250 117.9531 63.5938 0.4844 0.2031
540.6250 289.4844 70.1562 0.4844 0.2031
540.6250 289.4844 63.5938 0.5469 0.2031
540.6250 289.4844 63.5938 0.4844 0.8594
540.6250 117.9531 70.1562 0.5469 0.8594
240.6250 289.4844 70.1562 0.5469 0.8594
240.6250 117.9531 63.5938 0.5469 0.8594
240.6250 117.9531 70.1562 0.4844 0.8594
240.6250 117.9531 70.1562 0.5469 0.2031
240.6250 117.9531 70.1562 0.5469 0.8594
690.6250 164.7344 11.0938 0.7344 0.4531
390.6250 164.7344 11.0938 0.7344 0.4531
690.6250 492.2031 11.0938 0.7344 0.4531
690.6250 164.7344 52.6562 0.7344 0.4531
690.6250 164.7344 11.0938 0.7969 0.4531
690.6250 164.7344 11.0938 0.7344 0.6094
690.6250 492.2031 52.6562 0.7969 0.6094
390.6250 164.7344 52.6562 0.7969 0.6094
390.6250 492.2031 11.0938 0.7969 0.6094
390.6250 492.2031 52.6562 0.7344 0.6094
390.6250 492.2031 52.6562 0.7969 0.4531
390.6250 492.2031 52.6562 0.7969 0.6094
390.6250 414.2344 46.0938 0.2344 0.9531
690.6250 414.2344 46.0938 0.2344 0.9531
390.6250 242.7031 46.0938 0.2344 0.9531
390.6250 414.2344 17.6562 0.2344 0.9531
390.6250 414.2344 46.0938 0.2969 0.9531
390.6250 414.2344 46.0938 0.2344 0.1094
390.6250 242.7031 17.6562 0.2969 0.1094
690.6250 414.2344 17.6562 0.2969 0.1094
690.6250 242.7031 46.0938 0.2969 0.1094
690.6250 242.7031 17.6562 0.2344 0.1094
690.6250 242.7031 17.6562 0.2969 0.9531
690.6250 242.7031 17.6562 0.2969 0.1094
315.6250 227.1094 72.3438 0.1094 0.8281
465.6250 227.1094 72.3438 0.1094 0.8281
315.6250 429.8281 72.3438 0.1094 0.8281
315.6250 227.1094 61.4062 0.1094 0.8281
315.6250 227.1094 72.3438 0.9219 0.8281
315.6250 227.1094 72.3438 0.1094 0.9844
315.6250 429.8281 61.4062 0.9219 0.9844
465.6250 227.1094 61.4062 0.9219 0.9844
465.6250 429.8281 72.3438 0.9219 0.9844
465.6250 429.8281 61.4062 0.1094 0.9844
465.6250 429.8281 61.4062 0.9219 0.8281
465.6250 429.8281 61.4062 0.9219 0.9844
615.6250 476.6094 37.3438 0.6094 0.3281
165.6250 476.6094 37.3438 0.6094 0.3281
615.6250 180.3281 37.3438 0.6094 0.3281
615.6250 476.6094 26.4062 0.6094 0.3281
615.6250 476.6094 37.3438 0.4219 0.3281
615.6250 476.6094 37.3438 0.6094 0.4844
615.6250 180.3281 26.4062 0.4219 0.4844
165.6250 476.6094 26.4062 0.4219 0.4844
165.6250 180.3281 37.3438 0.4219 0.4844
165.6250 180.3281 26.4062 0.6094 0.4844
165.6250 180.3281 26.4062 0.4219 0.3281
165.6250 180.3281 26.4062 0.4219 0.4844
465.6250 102.3594 54.8438 0.3594 0.0781
315.6250 102.3594 54.8438 0.3594 0.0781
465.6250 305.0781 54.8438 0.3594 0.0781
465.6250 102.3594 43.9062 0.3594 0.0781
465.6250 102.3594 54.8438 0.1719 0.0781
465.6250 102.3594 54.8438 0.3594 0.2344
465.6250 305.0781 43.9062 0.1719 0.2344
315.6250 102.3594 43.9062 0.1719 0.2344
315.6250 305.0781 54.8438 0.1719 0.2344
315.6250 305.0781 43.9062 0.3594 0.2344
315.6250 305.0781 43.9062 0.1719 0.0781
315.6250 305.0781 43.9062 0.1719 0.2344
165.6250 351.8594 19.8438 0.8594 0.5781
615.6250 351.8594 19.8438 0.8594 0.5781
165.6250 55.5781 19.8438 0.8594 0.5781
165.6250 351.8594 78.9062 0.8594 0.5781
165.6250 351.8594 19.8438 0.6719 0.5781
165.6250 351.8594 19.8438 0.8594 0.7344
165.6250 55.5781 78.9062 0.6719 0.7344
615.6250 351.8594 78.9062 0.6719 0.7344
615.6250 55.5781 19.8438 0.6719 0.7344
615.6250 55.5781 78.9062 0.8594 0.7344
615.6250 55.5781 78.9062 0.6719 0.5781
615.6250 55.5781 78.9062 0.6719 0.7344
146.8750 117.9531 65.7812 0.1406 0.4219
146.8750 117.9531 65.7812 0.1406 0.4219
146.8750 133.5469 65.7812 0.1406 0.4219
146.8750 117.9531 41.7188 0.1406 0.4219
146.8750 117.9531 65.7812 0.5156 0.4219
146.8750 117.9531 65.7812 0.1406 0.1406
146.8750 133.5469 41.7188 0.5156 0.1406
146.8750 117.9531 41.7188 0.5156 0.1406
146.8750 133.5469 65.7812 0.5156 0.1406
146.8750 133.5469 41.7188 0.1406 0.1406
146.8750 133.5469 41.7188 0.5156 0.4219
146.8750 133.5469 41.7188 0.5156 0.1406
446.8750 367.4531 30.7812 0.6406 0.9219
446.8750 367.4531 30.7812 0.6406 0.9219
446.8750 383.0469 30.7812 0.6406 0.9219
446.8750 367.4531 76.7188 0.6406 0.9219
446.8750 367.4531 30.7812 0.0156 0.9219
446.8750 367.4531 30.7812 0.6406 0.6406
446.8750 383.0469 76.7188 0.0156 0.6406
446.8750 367.4531 76.7188 0.0156 0.6406
446.8750 383.0469 30.7812 0.0156 0.6406
446.8750 383.0469 76.7188 0.6406 0.6406
446.8750 383.0469 76.7188 0.0156 0.9219
446.8750 383.0469 76.7188 0.0156 0.6406
596.8750 242.7031 48.2812 0.3906 0.6719
596.8750 242.7031 48.2812 0.3906 0.6719
596.8750 8.7969 48.2812 0.3906 0.6719
596.8750 242.7031 59.2188 0.3906 0.6719
596.8750 242.7031 48.2812 0.2656 0.6719
596.8750 242.7031 48.2812 0.3906 0.8906
596.8750 8.7969 59.2188 0.2656 0.8906
596.8750 242.7031 59.2188 0.2656 0.8906
596.8750 8.7969 48.2812 0.2656 0.8906
596.8750 8.7969 59.2188 0.3906 0.8906
596.8750 8.7969 59.2188 0.2656 0.6719
596.8750 8.7969 59.2188 0.2656 0.8906
296.8750 492.2031 13.2812 0.8906 0.1719
296.8750 492.2031 13.2812 0.8906 0.1719
296.8750 258.2969 13.2812 0.8906 0.1719
296.8750 492.2031 24.2188 0.8906 0.1719
296.8750 492.2031 13.2812 0.7656 0.1719
296.8750 492.2031 13.2812 0.8906 0.3906
296.8750 258.2969 24.2188 0.7656 0.3906
296.8750 492.2031 24.2188 0.7656 0.3906
296.8750 258.2969 13.2812 0.7656 0.3906
296.8750 258.2969 24.2188 0.8906 0.3906
296.8750 258.2969 24.2188 0.7656 0.1719
296.8750 258.2969 24.2188 0.7656 0.3906
371.8750 180.3281 39.5312 0.7656 0.0469
221.8750 180.3281 39.5312 0.7656 0.0469
371.8750 71.1719 39.5312 0.7656 0.0469
371.8750 180.3281 50.4688 0.7656 0.0469
371.8750 180.3281 39.5312 0.3906 0.0469
371.8750 180.3281 39.5312 0.7656 0.5156
371.8750 71.1719 50.4688 0.3906 0.5156
221.8750 180.3281 50.4688 0.3906 0.5156
221.8750 71.1719 39.5312 0.3906 0.5156
221.8750 71.1719 50.4688 0.7656 0.5156
221.8750 71.1719 50.4688 0.3906 0.0469
221.8750 71.1719 50.4688 0.3906 0.5156
671.8750 429.8281 74.5312 0.2656 0.5469
521.8750 429.8281 74.5312 0.2656 0.5469
671.8750 320.6719 74.5312 0.2656 0.5469
671.8750 429.8281 15.4688 0.2656 0.5469
671.8750 429.8281 74.5312 0.8906 0.5469
671.8750 429.8281 74.5312 0.2656 0.0156
671.8750 320.6719 15.4688 0.8906 0.0156
521.8750 429.8281 15.4688 0.8906 0.0156
521.8750 320.6719 74.5312 0.8906 0.0156
521.8750 320.6719 15.4688 0.2656 0.0156
521.8750 320.6719 15.4688 0.8906 0.5469
521.8750 320.6719 15.4688 0.8906 0.0156
521.8750 55.5781 22.0312 0.5156 0.7969
671.8750 55.5781 22.0312 0.5156 0.7969
521.8750 195.9219 22.0312 0.5156 0.7969
521.8750 55.5781 32.9688 0.5156 0.7969
521.8750 55.5781 22.0312 0.6406 0.7969
521.8750 55.5781 22.0312 0.5156 0.2656
521.8750 195.9219 32.9688 0.6406 0.2656
671.8750 55.5781 32.9688 0.6406 0.2656
671.8750 195.9219 22.0312 0.6406 0.2656
671.8750 195.9219 32.9688 0.5156 0.2656
671.8750 195.9219 32.9688 0.6406 0.7969
671.8750 195.9219 32.9688 0.6406 0.2656
221.8750 305.0781 57.0312 0.0156 0.2969
371.8750 305.0781 57.0312 0.0156 0.2969
221.8750 445.4219 57.0312 0.0156 0.2969
221.8750 305.0781 67.9688 0.0156 0.2969
221.8750 305.0781 57.0312 0.1406 0.2969
221.8750 305.0781 57.0312 0.0156 0.7656
221.8750 445.4219 67.9688 0.1406 0.7656
371.8750 305.0781 67.9688 0.1406 0.7656
371.8750 445.4219 57.0312 0.1406 0.7656
371.8750 445.4219 67.9688 0.0156 0.7656
371.8750 445.4219 67.9688 0.1406 0.2969
371.8750 445.4219 67.9688 0.1406 0.7656
184.3750 211.5156 26.4062 0.3281 0.9844
259.3750 211.5156 26.4062 0.3281 0.9844
184.3750 102.3594 26.4062 0.3281 0.9844
184.3750 211.5156 46.0938 0.3281 0.9844
184.3750 211.5156 26.4062 0.4531 0.9844
184.3750 211.5156 26.4062 0.3281 0.4531
184.3750 102.3594 46.0938 0.4531 0.4531
259.3750 211.5156 46.0938 0.4531 0.4531
259.3750 102.3594 26.4062 0.4531 0.4531
259.3750 102.3594 46.0938 0.3281 0.4531
259.3750 102.3594 46.0938 0.4531 0.9844
259.3750 102.3594 46.0938 0.4531 0.4531
484.3750 461.0156 61.4062 0.8281 0.4844
559.3750 461.0156 61.4062 0.8281 0.4844
484.3750 351.8594 61.4062 0.8281 0.4844
484.3750 461.0156 11.0938 0.8281 0.4844
484.3750 461.0156 61.4062 0.9531 0.4844
484.3750 461.0156 61.4062 0.8281 0.9531
484.3750 351.8594 11.0938 0.9531 0.9531
559.3750 461.0156 11.0938 0.9531 0.9531
559.3750 351.8594 61.4062 0.9531 0.9531
559.3750 351.8594 11.0938 0.8281 0.9531
559.3750 351.8594 11.0938 0.9531 0.4844
559.3750 351.8594 11.0938 0.9531 0.9531
634.3750 86.7656 43.9062 0.0781 0.2344
409.3750 86.7656 43.9062 0.0781 0.2344
634.3750 227.1094 43.9062 0.0781 0.2344
634.3750 86.7656 28.5938 0.0781 0.2344
634.3750 86.7656 43.9062 0.7031 0.2344
634.3750 86.7656 43.9062 0.0781 0.7031
634.3750 227.1094 28.5938 0.7031 0.7031
409.3750 86.7656 28.5938 0.7031 0.7031
409.3750 227.1094 43.9062 0.7031 0.7031
409.3750 227.1094 28.5938 0.0781 0.7031
409.3750 227.1094 28.5938 0.7031 0.2344
409.3750 227.1094 28.5938 0.7031 0.7031
334.3750 336.2656 78.9062 0.5781 0.7344
109.3750 336.2656 78.9062 0.5781 0.7344
334.3750 476.6094 78.9062 0.5781 0.7344
334.3750 336.2656 63.5938 0.5781 0.7344
334.3750 336.2656 78.9062 0.2031 0.7344
334.3750 336.2656 78.9062 0.5781 0.2031
334.3750 476.6094 63.5938 0.2031 0.2031
109.3750 336.2656 63.5938 0.2031 0.2031
109.3750 476.6094 78.9062 0.2031 0.2031
109.3750 476.6094 63.5938 0.5781 0.2031
109.3750 476.6094 63.5938 0.2031 0.7344
109.3750 476.6094 63.5938 0.2031 0.2031
259.3750 24.3906 52.6562 0.7031 0.6094
334.3750 24.3906 52.6562 0.7031 0.6094
259.3750 164.7344 52.6562 0.7031 0.6094
259.3750 24.3906 37.3438 0.7031 0.6094
259.3750 24.3906 52.6562 0.5781 0.6094
259.3750 24.3906 52.6562 0.7031 0.8281
259.3750 164.7344 37.3438 0.5781 0.8281
334.3750 24.3906 37.3438 0.5781 0.8281
334.3750 164.7344 52.6562 0.5781 0.8281
334.3750 164.7344 37.3438 0.7031 0.8281
334.3750 164.7344 37.3438 0.5781 0.6094
334.3750 164.7344 37.3438 0.5781 0.8281
559.3750 273.8906 17.6562 0.2031 0.1094
634.3750 273.8906 17.6562 0.2031 0.1094
559.3750 414.2344 17.6562 0.2031 0.1094
559.3750 273.8906 72.3438 0.2031 0.1094
559.3750 273.8906 17.6562 0.0781 0.1094
559.3750 273.8906 17.6562 0.2031 0.3281
559.3750 414.2344 72.3438 0.0781 0.3281
634.3750 273.8906 72.3438 0.0781 0.3281
634.3750 414.2344 17.6562 0.0781 0.3281
634.3750 414.2344 72.3438 0.2031 0.3281
634.3750 414.2344 72.3438 0.0781 0.1094
634.3750 414.2344 72.3438 0.0781 0.3281
409.3750 149.1406 70.1562 0.9531 0.3594
484.3750 149.1406 70.1562 0.9531 0.3594
409.3750 39.9844 70.1562 0.9531 0.3594
409.3750 149.1406 54.8438 0.9531 0.3594
409.3750 149.1406 70.1562 0.3281 0.3594
409.3750 149.1406 70.1562 0.9531 0.0781
409.3750 39.9844 54.8438 0.3281 0.0781
484.3750 149.1406 54.8438 0.3281 0.0781
484.3750 39.9844 70.1562 0.3281 0.0781
484.3750 39.9844 54.8438 0.9531 0.0781
484.3750 39.9844 54.8438 0.3281 0.3594
484.3750 39.9844 54.8438 0.3281 0.0781
109.3750 398.6406 35.1562 0.4531 0.8594
184.3750 398.6406 35.1562 0.4531 0.8594
109.3750 289.4844 35.1562 0.4531 0.8594
109.3750 398.6406 19.8438 0.4531 0.8594
109.3750 398.6406 35.1562 0.8281 0.8594
109.3750 398.6406 35.1562 0.4531 0.5781
109.3750 289.4844 19.8438 0.8281 0.5781
184.3750 398.6406 19.8438 0.8281 0.5781
184.3750 289.4844 35.1562 0.8281 0.5781
184.3750 289.4844 19.8438 0.4531 0.5781
184.3750 289.4844 19.8438 0.8281 0.8594
184.3750 289.4844 19.8438 0.8281 0.5781
114.0625 199.8203 67.4219 0.8359 0.6484
367.1875 199.8203 67.4219 0.8359 0.6484
114.0625 332.3672 67.4219 0.8359 0.6484
114.0625 199.8203 24.7656 0.8359 0.6484
114.0625 199.8203 67.4219 0.7422 0.6484
114.0625 199.8203 67.4219 0.8359 0.1172
114.0625 332.3672 24.7656 0.7422 0.1172
367.1875 199.8203 24.7656 0.7422 0.1172
367.1875 332.3672 67.4219 0.7422 0.1172
367.1875 332.3672 24.7656 0.8359 0.1172
367.1875 332.3672 24.7656 0.7422 0.6484
367.1875 332.3672 24.7656 0.7422 0.1172
414.0625 449.3203 32.4219 0.3359 0.1484
667.1875 449.3203 32.4219 0.3359 0.1484
414.0625 82.8672 32.4219 0.3359 0.1484
414.0625 449.3203 59.7656 0.3359 0.1484
414.0625 449.3203 32.4219 0.2422 0.1484
414.0625 449.3203 32.4219 0.3359 0.6172
414.0625 82.8672 59.7656 0.2422 0.6172
667.1875 449.3203 59.7656 0.2422 0.6172
667.1875 82.8672 32.4219 0.2422 0.6172
667.1875 82.8672 59.7656 0.3359 0.6172
667.1875 82.8672 59.7656 0.2422 0.1484
667.1875 82.8672 59.7656 0.2422 0.6172
564.0625 75.0703 49.9219 0.5859 0.3984
517.1875 75.0703 49.9219 0.5859 0.3984
564.0625 457.1172 49.9219 0.5859 0.3984
564.0625 75.0703 77.2656 0.5859 0.3984
564.0625 75.0703 49.9219 0.4922 0.3984
564.0625 75.0703 49.9219 0.5859 0.8672
564.0625 457.1172 77.2656 0.4922 0.8672
517.1875 75.0703 77.2656 0.4922 0.8672
517.1875 457.1172 49.9219 0.4922 0.8672
517.1875 457.1172 77.2656 0.5859 0.8672
517.1875 457.1172 77.2656 0.4922 0.3984
517.1875 457.1172 77.2656 0.4922 0.8672
264.0625 324.5703 14.9219 0.0859 0.8984
217.1875 324.5703 14.9219 0.0859 0.8984
264.0625 207.6172 14.9219 0.0859 0.8984
264.0625 324.5703 42.2656 0.0859 0.8984
264.0625 324.5703 14.9219 0.9922 0.8984
264.0625 324.5703 14.9219 0.0859 0.3672
264.0625 207.6172 42.2656 0.9922 0.3672
217.1875 324.5703 42.2656 0.9922 0.3672
217.1875 207.6172 14.9219 0.9922 0.3672
217.1875 207.6172 42.2656 0.0859 0.3672
217.1875 207.6172 42.2656 0.9922 0.8984
217.1875 207.6172 42.2656 0.9922 0.3672
339.0625 12.6953 41.1719 0.2109 0.7734
292.1875 12.6953 41.1719 0.2109 0.7734
339.0625 394.7422 41.1719 0.2109 0.7734
339.0625 12.6953 68.5156 0.2109 0.7734
339.0625 12.6953 41.1719 0.3672 0.7734
339.0625 12.6953 41.1719 0.2109 0.7422
339.0625 394.7422 68.5156 0.3672 0.7422
292.1875 12.6953 68.5156 0.3672 0.7422
292.1875 394.7422 41.1719 0.3672 0.7422
292.1875 394.7422 68.5156 0.2109 0.7422
292.1875 394.7422 68.5156 0.3672 0.7734
292.1875 394.7422 68.5156 0.3672 0.7422
639.0625 262.1953 76.1719 0.7109 0.2734
592.1875 262.1953 76.1719 0.7109 0.2734
639.0625 145.2422 76.1719 0.7109 0.2734
639.0625 262.1953 33.5156 0.7109 0.2734
639.0625 262.1953 76.1719 0.8672 0.2734
639.0625 262.1953 76.1719 0.7109 0.2422
639.0625 145.2422 33.5156 0.8672 0.2422
592.1875 262.1953 33.5156 0.8672 0.2422
592.1875 145.2422 76.1719 0.8672 0.2422
592.1875 145.2422 33.5156 0.7109 0.2422
592.1875 145.2422 33.5156 0.8672 0.2734
592.1875 145.2422 33.5156 0.8672 0.2422
489.0625 137.4453 23.6719 0.4609 0.0234
442.1875 137.4453 23.6719 0.4609 0.0234
489.0625 269.9922 23.6719 0.4609 0.0234
489.0625 137.4453 16.0156 0.4609 0.0234
489.0625 137.4453 23.6719 0.6172 0.0234
489.0625 137.4453 23.6719 0.4609 0.4922
489.0625 269.9922 16.0156 0.6172 0.4922
442.1875 137.4453 16.0156 0.6172 0.4922
442.1875 269.9922 23.6719 0.6172 0.4922
442.1875 269.9922 16.0156 0.4609 0.4922
442.1875 269.9922 16.0156 0.6172 0.0234
442.1875 269.9922 16.0156 0.6172 0.4922
189.0625 386.9453 58.6719 0.9609 0.5234
142.1875 386.9453 58.6719 0.9609 0.5234
189.0625 20.4922 58.6719 0.9609 0.5234
189.0625 386.9453 51.0156 0.9609 0.5234
189.0625 386.9453 58.6719 0.1172 0.5234
189.0625 386.9453 58.6719 0.9609 0.9922
189.0625 20.4922 51.0156 0.1172 0.9922
142.1875 386.9453 51.0156 0.1172 0.9922
142.1875 20.4922 58.6719 0.1172 0.9922
142.1875 20.4922 51.0156 0.9609 0.9922
142.1875 20.4922 51.0156 0.1172 0.5234
142.1875 20.4922 51.0156 0.1172 0.9922
226.5625 106.2578 19.2969 0.6484 0.2109
179.6875 106.2578 19.2969 0.6484 0.2109
226.5625 425.9297 19.2969 0.6484 0.2109
226.5625 106.2578 64.1406 0.6484 0.2109
226.5625 106.2578 19.2969 0.3047 0.2109
226.5625 106.2578 19.2969 0.6484 0.3047
226.5625 425.9297 64.1406 0.3047 0.3047
179.6875 106.2578 64.1406 0.3047 0.3047
179.6875 425.9297 19.2969 0.3047 0.3047
179.6875 425.9297 64.1406 0.6484 0.3047
179.6875 425.9297 64.1406 0.3047 0.2109
179.6875 425.9297 64.1406 0.3047 0.3047
526.5625 355.7578 54.2969 0.1484 0.7109
479.6875 355.7578 54.2969 0.1484 0.7109
526.5625 176.4297 54.2969 0.1484 0.7109
526.5625 355.7578 29.1406 0.1484 0.7109
526.5625 355.7578 54.2969 0.8047 0.7109
526.5625 355.7578 54.2969 0.1484 0.8047
526.5625 176.4297 29.1406 0.8047 0.8047
479.6875 355.7578 29.1406 0.8047 0.8047
479.6875 176.4297 54.2969 0.8047 0.8047
479.6875 176.4297 29.1406 0.1484 0.8047
479.6875 176.4297 29.1406 0.8047 0.7109
479.6875 176.4297 29.1406 0.8047 0.8047
676.5625 231.0078 36.7969 0.8984 0.9609
629.6875 231.0078 36.7969 0.8984 0.9609
676.5625 301.1797 36.7969 0.8984 0.9609
676.5625 231.0078 11.6406 0.8984 0.9609
676.5625 231.0078 36.7969 0.5547 0.9609
676.5625 231.0078 36.7969 0.8984 0.5547
676.5625 301.1797 11.6406 0.5547 0.5547
629.6875 231.0078 11.6406 0.5547 0.5547
629.6875 301.1797 36.7969 0.5547 0.5547
629.6875 301.1797 11.6406 0.8984 0.5547
629.6875 301.1797 11.6406 0.5547 0.9609
629.6875 301.1797 11.6406 0.5547 0.5547
376.5625 480.5078 71.7969 0.3984 0.4609
329.6875 480.5078 71.7969 0.3984 0.4609
376.5625 51.6797 71.7969 0.3984 0.4609
376.5625 480.5078 46.6406 0.3984 0.4609
376.5625 480.5078 71.7969 0.0547 0.4609
376.5625 480.5078 71.7969 0.3984 0.0547
376.5625 51.6797 46.6406 0.0547 0.0547
329.6875 480.5078 46.6406 0.0547 0.0547
329.6875 51.6797 71.7969 0.0547 0.0547
329.6875 51.6797 46.6406 0.3984 0.0547
329.6875 51.6797 46.6406 0.0547 0.4609
329.6875 51.6797 46.6406 0.0547 0.0547
301.5625 168.6328 45.5469 0.2734 0.3359
104.6875 168.6328 45.5469 0.2734 0.3359
301.5625 363.5547 45.5469 0.2734 0.3359
301.5625 168.6328 20.3906 0.2734 0.3359
301.5625 168.6328 45.5469 0.6797 0.3359
301.5625 168.6328 45.5469 0.2734 0.9297
301.5625 363.5547 20.3906 0.6797 0.9297
104.6875 168.6328 20.3906 0.6797 0.9297
104.6875 363.5547 45.5469 0.6797 0.9297
104.6875 363.5547 20.3906 0.2734 0.9297
104.6875 363.5547 20.3906 0.6797 0.3359
104.6875 363.5547 20.3906 0.6797 0.9297
601.5625 418.1328 10.5469 0.7734 0.8359
404.6875 418.1328 10.5469 0.7734 0.8359
601.5625 114.0547 10.5469 0.7734 0.8359
601.5625 418.1328 55.3906 0.7734 0.8359
601.5625 418.1328 10.5469 0.1797 0.8359
601.5625 418.1328 10.5469 0.7734 0.4297
601.5625 114.0547 55.3906 0.1797 0.4297
404.6875 418.1328 55.3906 0.1797 0.4297
404.6875 114.0547 10.5469 0.1797 0.4297
404.6875 114.0547 55.3906 0.7734 0.4297
404.6875 114.0547 55.3906 0.1797 0.8359
404.6875 114.0547 55.3906 0.1797 0.4297
451.5625 43.8828 63.0469 0.0234 0.5859
554.6875 43.8828 63.0469 0.0234 0.5859
451.5625 488.3047 63.0469 0.0234 0.5859
451.5625 43.8828 72.8906 0.0234 0.5859
451.5625 43.8828 63.0469 0.4297 0.5859
451.5625 43.8828 63.0469 0.0234 0.1797
451.5625 488.3047 72.8906 0.4297 0.1797
554.6875 43.8828 72.8906 0.4297 0.1797
554.6875 488.3047 63.0469 0.4297 0.1797
554.6875 488.3047 72.8906 0.0234 0.1797
554.6875 488.3047 72.8906 0.4297 0.5859
554.6875 488.3047 72.8906 0.4297 0.1797
151.5625 293.3828 28.0469 0.5234 0.0859
254.6875 293.3828 28.0469 0.5234 0.0859
151.5625 238.8047 28.0469 0.5234 0.0859
151.5625 293.3828 37.8906 0.5234 0.0859
151.5625 293.3828 28.0469 0.9297 0.0859
151.5625 293.3828 28.0469 0.5234 0.6797
151.5625 238.8047 37.8906 0.9297 0.6797
254.6875 293.3828 37.8906 0.9297 0.6797
254.6875 238.8047 28.0469 0.9297 0.6797
254.6875 238.8047 37.8906 0.5234 0.6797
254.6875 238.8047 37.8906 0.9297 0.0859
254.6875 238.8047 37.8906 0.9297 0.6797
170.3125 59.4766 56.4844 0.4922 0.9297
423.4375 59.4766 56.4844 0.4922 0.9297
170.3125 67.2734 56.4844 0.4922 0.9297
170.3125 59.4766 75.0781 0.4922 0.9297
170.3125 59.4766 56.4844 0.7734 0.9297
170.3125 59.4766 56.4844 0.4922 0.2109
170.3125 67.2734 75.0781 0.7734 0.2109
423.4375 59.4766 75.0781 0.7734 0.2109
423.4375 67.2734 56.4844 0.7734 0.2109
423.4375 67.2734 75.0781 0.4922 0.2109
423.4375 67.2734 75.0781 0.7734 0.9297
423.4375 67.2734 75.0781 0.7734 0.2109
470.3125 308.9766 21.4844 0.9922 0.4297
123.4375 308.9766 21.4844 0.9922 0.4297
470.3125 316.7734 21.4844 0.9922 0.4297
470.3125 308.9766 40.0781 0.9922 0.4297
470.3125 308.9766 21.4844 0.2734 0.4297
470.3125 308.9766 21.4844 0.9922 0.7109
470.3125 316.7734 40.0781 0.2734 0.7109
123.4375 308.9766 40.0781 0.2734 0.7109
123.4375 316.7734 21.4844 0.2734 0.7109
123.4375 316.7734 40.0781 0.9922 0.7109
123.4375 316.7734 40.0781 0.2734 0.4297
123.4375 316.7734 40.0781 0.2734 0.7109
620.3125 184.2266 73.9844 0.2422 0.1797
273.4375 184.2266 73.9844 0.2422 0.1797
620.3125 192.0234 73.9844 0.2422 0.1797
620.3125 184.2266 22.5781 0.2422 0.1797
620.3125 184.2266 73.9844 0.0234 0.1797
620.3125 184.2266 73.9844 0.2422 0.9609
620.3125 192.0234 22.5781 0.0234 0.9609
273.4375 184.2266 22.5781 0.0234 0.9609
273.4375 192.0234 73.9844 0.0234 0.9609
273.4375 192.0234 22.5781 0.2422 0.9609
273.4375 192.0234 22.5781 0.0234 0.1797
273.4375 192.0234 22.5781 0.0234 0.9609
320.3125 433.7266 38.9844 0.7422 0.6797
573.4375 433.7266 38.9844 0.7422 0.6797
320.3125 441.5234 38.9844 0.7422 0.6797
320.3125 433.7266 57.5781 0.7422 0.6797
320.3125 433.7266 38.9844 0.5234 0.6797
320.3125 433.7266 38.9844 0.7422 0.4609
320.3125 441.5234 57.5781 0.5234 0.4609
573.4375 433.7266 57.5781 0.5234 0.4609
573.4375 441.5234 38.9844 0.5234 0.4609
573.4375 441.5234 57.5781 0.7422 0.4609
573.4375 441.5234 57.5781 0.5234 0.6797
573.4375 441.5234 57.5781 0.5234 0.4609
395.3125 246.6016 12.7344 0.6172 0.5547
498.4375 246.6016 12.7344 0.6172 0.5547
395.3125 129.6484 12.7344 0.6172 0.5547
395.3125 246.6016 13.8281 0.6172 0.5547
395.3125 246.6016 12.7344 0.1484 0.5547
395.3125 246.6016 12.7344 0.6172 0.5859
395.3125 129.6484 13.8281 0.1484 0.5859
498.4375 246.6016 13.8281 0.1484 0.5859
498.4375 129.6484 12.7344 0.1484 0.5859
498.4375 129.6484 13.8281 0.6172 0.5859
498.4375 129.6484 13.8281 0.1484 0.5547
498.4375 129.6484 13.8281 0.1484 0.5859
695.3125 496.1016 47.7344 0.1172 0.0547
198.4375 496.1016 47.7344 0.1172 0.0547
695.3125 379.1484 47.7344 0.1172 0.0547
695.3125 496.1016 48.8281 0.1172 0.0547
695.3125 496.1016 47.7344 0.6484 0.0547
695.3125 496.1016 47.7344 0.1172 0.0859
695.3125 379.1484 48.8281 0.6484 0.0859
198.4375 496.1016 48.8281 0.6484 0.0859
198.4375 379.1484 47.7344 0.6484 0.0859
198.4375 379.1484 48.8281 0.1172 0.0859
198.4375 379.1484 48.8281 0.6484 0.0547
198.4375 379.1484 48.8281 0.6484 0.0859
545.3125 121.8516 30.2344 0.8672 0.3047
348.4375 121.8516 30.2344 0.8672 0.3047
545.3125 4.8984 30.2344 0.8672 0.3047
545.3125 121.8516 66.3281 0.8672 0.3047
545.3125 121.8516 30.2344 0.8984 0.3047
545.3125 121.8516 30.2344 0.8672 0.3359
545.3125 4.8984 66.3281 0.8984 0.3359
348.4375 121.8516 66.3281 0.8984 0.3359
348.4375 4.8984 30.2344 0.8984 0.3359
348.4375 4.8984 66.3281 0.8672 0.3359
348.4375 4.8984 66.3281 0.8984 0.3047
348.4375 4.8984 66.3281 0.8984 0.3359
245.3125 371.3516 65.2344 0.3672 0.8047
648.4375 371.3516 65.2344 0.3672 0.8047
245.3125 254.3984 65.2344 0.3672 0.8047
245.3125 371.3516 31.3281 0.3672 0.8047
245.3125 371.3516 65.2344 0.3984 0.8047
245.3125 371.3516 65.2344 0.3672 0.8359
245.3125 254.3984 31.3281 0.3984 0.8359
648.4375 371.3516 31.3281 0.3984 0.8359
648.4375 254.3984 65.2344 0.3984 0.8359
648.4375 254.3984 31.3281 0.3672 0.8359
648.4375 254.3984 31.3281 0.3984 0.8047
648.4375 254.3984 31.3281 0.3984 0.8359
207.8125 153.0391 34.6094 0.0547 0.4922
610.9375 153.0391 34.6094 0.0547 0.4922
207.8125 160.8359 34.6094 0.0547 0.4922
207.8125 153.0391 18.2031 0.0547 0.4922
207.8125 153.0391 34.6094 0.2109 0.4922
207.8125 153.0391 34.6094 0.0547 0.3984
207.8125 160.8359 18.2031 0.2109 0.3984
610.9375 153.0391 18.2031 0.2109 0.3984
610.9375 160.8359 34.6094 0.2109 0.3984
610.9375 160.8359 18.2031 0.0547 0.3984
610.9375 160.8359 18.2031 0.2109 0.4922
610.9375 160.8359 18.2031 0.2109 0.3984
507.8125 402.5391 69.6094 0.5547 0.9922
310.9375 402.5391 69.6094 0.5547 0.9922
507.8125 410.3359 69.6094 0.5547 0.9922
507.8125 402.5391 53.2031 0.5547 0.9922
507.8125 402.5391 69.6094 0.7109 0.9922
507.8125 402.5391 69.6094 0.5547 0.8984
507.8125 410.3359 53.2031 0.7109 0.8984
310.9375 402.5391 53.2031 0.7109 0.8984
310.9375 410.3359 69.6094 0.7109 0.8984
310.9375 410.3359 53.2031 0.5547 0.8984
310.9375 410.3359 53.2031 0.7109 0.9922
310.9375 410.3359 53.2031 0.7109 0.8984
657.8125 28.2891 17.1094 0.3047 0.7422
160.9375 28.2891 17.1094 0.3047 0.7422
657.8125 36.0859 17.1094 0.3047 0.7422
657.8125 28.2891 70.7031 0.3047 0.7422
657.8125 28.2891 17.1094 0.9609 0.7422
657.8125 28.2891 17.1094 0.3047 0.6484
657.8125 36.0859 70.7031 0.9609 0.6484
160.9375 28.2891 70.7031 0.9609 0.6484
160.9375 36.0859 17.1094 0.9609 0.6484
160.9375 36.0859 70.7031 0.3047 0.6484
160.9375 36.0859 70.7031 0.9609 0.7422
160.9375 36.0859 70.7031 0.9609 0.6484
357.8125 277.7891 52.1094 0.8047 0.2422
460.9375 277.7891 52.1094 0.8047 0.2422
357.8125 285.5859 52.1094 0.8047 0.2422
357.8125 277.7891 35.7031 0.8047 0.2422
357.8125 277.7891 52.1094 0.4609 0.2422
357.8125 277.7891 52.1094 0.8047 0.1484
357.8125 285.5859 35.7031 0.4609 0.1484
460.9375 277.7891 35.7031 0.4609 0.1484
460.9375 285.5859 52.1094 0.4609 0.1484
460.9375 285.5859 35.7031 0.8047 0.1484
460.9375 285.5859 35.7031 0.4609 0.2422
460.9375 285.5859 35.7031 0.4609 0.1484
282.8125 90.6641 78.3594 0.9297 0.1172
685.9375 90.6641 78.3594 0.9297 0.1172
282.8125 98.4609 78.3594 0.9297 0.1172
282.8125 90.6641 79.4531 0.9297 0.1172
282.8125 90.6641 78.3594 0.8359 0.1172
282.8125 90.6641 78.3594 0.9297 0.7734
282.8125 98.4609 79.4531 0.8359 0.7734
685.9375 90.6641 79.4531 0.8359 0.7734
685.9375 98.4609 78.3594 0.8359 0.7734
685.9375 98.4609 79.4531 0.9297 0.7734
685.9375 98.4609 79.4531 0.8359 0.1172
685.9375 98.4609 79.4531 0.8359 0.7734
582.8125 340.1641 43.3594 0.4297 0.6172
385.9375 340.1641 43.3594 0.4297 0.6172
582.8125 347.9609 43.3594 0.4297 0.6172
582.8125 340.1641 44.4531 0.4297 0.6172
582.8125 340.1641 43.3594 0.3359 0.6172
582.8125 340.1641 43.3594 0.4297 0.2734
582.8125 347.9609 44.4531 0.3359 0.2734
385.9375 340.1641 44.4531 0.3359 0.2734
385.9375 347.9609 43.3594 0.3359 0.2734
385.9375 347.9609 44.4531 0.4297 0.2734
385.9375 347.9609 44.4531 0.3359 0.6172
385.9375 347.9609 44.4531 0.3359 0.2734
432.8125 215.4141 60.8594 0.6797 0.8672
235.9375 215.4141 60.8594 0.6797 0.8672
432.8125 223.2109 60.8594 0.6797 0.8672
432.8125 215.4141 26.9531 0.6797 0.8672
432.8125 215.4141 60.8594 0.0859 0.8672
432.8125 215.4141 60.8594 0.6797 0.0234
432.8125 223.2109 26.9531 0.0859 0.0234
235.9375 215.4141 26.9531 0.0859 0.0234
235.9375 223.2109 60.8594 0.0859 0.0234
235.9375 223.2109 26.9531 0.6797 0.0234
235.9375 223.2109 26.9531 0.0859 0.8672
235.9375 223.2109 26.9531 0.0859 0.0234
132.8125 464.9141 25.8594 0.1797 0.3672
535.9375 464.9141 25.8594 0.1797 0.3672
132.8125 472.7109 25.8594 0.1797 0.3672
132.8125 464.9141 61.9531 0.1797 0.3672
132.8125 464.9141 25.8594 0.5859 0.3672
132.8125 464.9141 25.8594 0.1797 0.5234
132.8125 472.7109 61.9531 0.5859 0.5234
535.9375 464.9141 61.9531 0.5859 0.5234
535.9375 472.7109 25.8594 0.5859 0.5234
535.9375 472.7109 61.9531 0.1797 0.5234
535.9375 472.7109 61.9531 0.5859 0.3672
535.9375 472.7109 61.9531 0.5859 0.5234
123.4375 67.2734 37.8906 0.3516 0.5078
470.3125 67.2734 37.8906 0.3516 0.5078
123.4375 199.8203 37.8906 0.3516 0.5078
123.4375 67.2734 52.1094 0.3516 0.5078
123.4375 67.2734 37.8906 0.2578 0.5078
123.4375 67.2734 37.8906 0.3516 0.0703
123.4375 199.8203 52.1094 0.2578 0.0703
470.3125 67.2734 52.1094 0.2578 0.0703
470.3125 199.8203 37.8906 0.2578 0.0703
470.3125 199.8203 52.1094 0.3516 0.0703
470.3125 199.8203 52.1094 0.2578 0.5078
470.3125 199.8203 52.1094 0.2578 0.0703
423.4375 316.7734 72.8906 0.8516 0.0078
170.3125 316.7734 72.8906 0.8516 0.0078
423.4375 449.3203 72.8906 0.8516 0.0078
423.4375 316.7734 17.1094 0.8516 0.0078
423.4375 316.7734 72.8906 0.7578 0.0078
423.4375 316.7734 72.8906 0.8516 0.5703
423.4375 449.3203 17.1094 0.7578 0.5703
170.3125 316.7734 17.1094 0.7578 0.5703
170.3125 449.3203 72.8906 0.7578 0.5703
170.3125 449.3203 17.1094 0.8516 0.5703
170.3125 449.3203 17.1094 0.7578 0.0078
170.3125 449.3203 17.1094 0.7578 0.5703
573.4375 192.0234 20.3906 0.1016 0.2578
320.3125 192.0234 20.3906 0.1016 0.2578
573.4375 75.0703 20.3906 0.1016 0.2578
573.4375 192.0234 34.6094 0.1016 0.2578
573.4375 192.0234 20.3906 0.5078 0.2578
573.4375 192.0234 20.3906 0.1016 0.8203
573.4375 75.0703 34.6094 0.5078 0.8203
320.3125 192.0234 34.6094 0.5078 0.8203
320.3125 75.0703 20.3906 0.5078 0.8203
320.3125 75.0703 34.6094 0.1016 0.8203
320.3125 75.0703 34.6094 0.5078 0.2578
320.3125 75.0703 34.6094 0.5078 0.8203
273.4375 441.5234 55.3906 0.6016 0.7578
620.3125 441.5234 55.3906 0.6016 0.7578
273.4375 324.5703 55.3906 0.6016 0.7578
273.4375 441.5234 69.6094 0.6016 0.7578
273.4375 441.5234 55.3906 0.0078 0.7578
273.4375 441.5234 55.3906 0.6016 0.3203
273.4375 324.5703 69.6094 0.0078 0.3203
620.3125 441.5234 69.6094 0.0078 0.3203
620.3125 324.5703 55.3906 0.0078 0.3203
620.3125 324.5703 69.6094 0.6016 0.3203
620.3125 324.5703 69.6094 0.0078 0.7578
620.3125 324.5703 69.6094 0.0078 0.3203
