0.45600000 55.60000000 0.39327153 0.47341899 0.48648810
0.45600000 55.60000000 0.39327153 0.47341899 0.48648810
0.45600000 55.60000000 0.39327153 0.47341899 0.48648810
0.45600000 55.60000000 0.39327153 0.47341899 0.48648810
0.45600000 55.60000000 0.39327153 0.47341899 0.48648810
0.45600000 55.60000000 0.39327153 0.47341899 0.48648810
0.50350000 212.20000000 0.52621446 0.51729065 0.46995083
0.50350000 212.20000000 0.52621446 0.51729065 0.46995083
0.50350000 212.20000000 0.52621446 0.51729065 0.46995083
0.50350000 212.20000000 0.52621446 0.51729065 0.46995083
0.50350000 212.20000000 0.52621446 0.51729065 0.46995083
0.50350000 212.20000000 0.52621446 0.51729065 0.46995083
0.49236364 297.20000000 0.48749897 0.49728613 0.49121086
0.49236364 297.20000000 0.48749897 0.49728613 0.49121086
0.52945455 225.80000000 0.50767252 0.53066176 0.54717342
0.49236364 297.20000000 0.48749897 0.49728613 0.49121086
0.51527273 283.30000000 0.48328713 0.52687345 0.53557885
0.53454545 225.80000000 0.52330651 0.53473303 0.54794299
0.55280000 128.30000000 0.57376833 0.56372655 0.51626541
0.55280000 128.30000000 0.57376833 0.56372655 0.51626541
0.55920000 129.00000000 0.56610343 0.57575972 0.53023694
0.55280000 128.30000000 0.57376833 0.56372655 0.51626541
0.52400000 134.80000000 0.55152118 0.53689185 0.47675760
0.53760000 133.80000000 0.52221378 0.57521601 0.53078346
0.52984549 164.70000000 0.51814204 0.54929847 0.51974236
0.52984549 164.70000000 0.51814204 0.54929847 0.51974236
0.53100810 164.30000000 0.49609318 0.57527606 0.52232502
0.54334621 164.70000000 0.55099113 0.55412499 0.52723296
0.52984549 164.70000000 0.51814204 0.54929847 0.51974236
0.53159509 164.40000000 0.49187300 0.56138283 0.54275386
0.54750246 197.30000000 0.55412216 0.56199692 0.52963174
0.54750246 197.30000000 0.55412216 0.56199692 0.52963174
0.54976960 264.70000000 0.54339060 0.55945651 0.54793493
0.51869624 197.40000000 0.52562095 0.49512612 0.53514212
0.54750246 197.30000000 0.55412216 0.56199692 0.52963174
0.52863316 265.20000000 0.51309160 0.54055938 0.52810172
0.52838882 246.20000000 0.51324356 0.52975835 0.54048377
0.52838882 246.20000000 0.51324356 0.52975835 0.54048377
0.53263305 197.10000000 0.53953389 0.53404450 0.52846041
0.52757508 246.10000000 0.50375042 0.52905789 0.54626007
0.51155905 262.40000000 0.51977182 0.51556559 0.49837786
0.52423678 197.30000000 0.53834483 0.50169595 0.53388224
0.49272466 95.60000000 0.46290201 0.51275531 0.50357216
0.49272466 95.60000000 0.46290201 0.51275531 0.50357216
0.54736155 94.50000000 0.51909749 0.57293288 0.54647374
0.49260711 95.70000000 0.48060401 0.48816920 0.50303303
0.53487461 91.30000000 0.50193178 0.53641952 0.56722305
0.52449060 91.10000000 0.51586078 0.49003449 0.55685420
0.51458297 113.20000000 0.49636544 0.52305733 0.51893829
0.52377152 232.20000000 0.49813499 0.53686501 0.53145874
0.51458297 113.20000000 0.49636544 0.52305733 0.51893829
0.54748722 112.60000000 0.53630556 0.53846974 0.56886600
0.53428849 107.70000000 0.55726073 0.52013278 0.53105782
0.52648402 221.10000000 0.50777312 0.54393054 0.52723975
0.54000030 212.50000000 0.52049638 0.54919978 0.55348072
0.52041773 69.20000000 0.51041209 0.53802529 0.50292104
0.54000030 212.50000000 0.52049638 0.54919978 0.55348072
0.53725985 212.50000000 0.53099521 0.53394023 0.54974600
0.52671145 213.00000000 0.49431509 0.55158972 0.53047447
0.49556692 72.70000000 0.48779791 0.48884065 0.49490255
0.52733684 358.00000000 0.54673457 0.53704081 0.49952644
0.54310897 154.60000000 0.50352755 0.57660403 0.54962308
0.53395243 287.10000000 0.51291327 0.55306748 0.53426595
0.52582354 357.80000000 0.53858025 0.53370413 0.50462753
0.52733684 358.00000000 0.54673457 0.53704081 0.49952644
0.50350622 157.10000000 0.47069263 0.52549927 0.51392536
0.53886831 187.20000000 0.50722241 0.56485915 0.53510448
0.52656079 286.20000000 0.51656093 0.54359089 0.52095031
0.50028535 188.70000000 0.47952987 0.49891400 0.51821164
0.53725639 187.30000000 0.50155119 0.55506009 0.55343391
0.53886831 187.20000000 0.50722241 0.56485915 0.53510448
0.53541826 302.80000000 0.53270668 0.53853402 0.53289620
0.51252914 151.70000000 0.51049764 0.51998711 0.50753928
0.51586649 345.50000000 0.52531192 0.52625975 0.49775856
0.53272630 150.20000000 0.54355688 0.51958232 0.53537838
0.51319444 152.00000000 0.51993479 0.53440797 0.48502520
0.53887432 158.80000000 0.47847374 0.53096692 0.59649137
0.53397973 351.30000000 0.54068360 0.55084157 0.51047708
0.53913886 241.40000000 0.52650531 0.55590067 0.53684200
0.53612106 199.80000000 0.55977867 0.51440661 0.53413400
0.53266119 186.50000000 0.54023618 0.52972644 0.53328502
0.52722481 241.80000000 0.53722196 0.50996694 0.53221528
0.53641894 241.90000000 0.55032940 0.54700517 0.51558943
0.52457956 187.00000000 0.54978352 0.49720831 0.52660773
0.52283314 224.30000000 0.50100125 0.51019624 0.55692586
0.54274378 108.80000000 0.54081360 0.55163149 0.53953272
0.53016422 223.60000000 0.51563395 0.51138220 0.56906957
0.52876922 224.20000000 0.49450218 0.52167051 0.56653865
0.52283314 224.30000000 0.50100125 0.51019624 0.55692586
0.51277552 108.90000000 0.48269023 0.53550833 0.52692619
0.52764280 74.10000000 0.48542542 0.53868328 0.54785819
0.52983037 187.20000000 0.54036127 0.52457446 0.52496176
0.50724638 74.10000000 0.44864608 0.56881677 0.50579894
0.51596334 74.20000000 0.52210163 0.51398603 0.49694106
0.52764280 74.10000000 0.48542542 0.53868328 0.54785819
0.51460816 272.90000000 0.48699427 0.53102201 0.52583387
0.52108082 80.30000000 0.48528392 0.52041264 0.54728973
0.53867330 139.30000000 0.53527374 0.53663406 0.53740682
0.54922103 81.70000000 0.50814294 0.55725530 0.58535885
0.51595261 80.50000000 0.50234305 0.53784716 0.50983897
0.51345342 79.10000000 0.52052038 0.50104944 0.51064997
0.52527916 136.30000000 0.53800619 0.54819608 0.48927843
0.52036505 182.20000000 0.52888823 0.50521807 0.53029530
0.52919447 182.30000000 0.47611261 0.55284256 0.55399030
0.49496859 250.30000000 0.49470508 0.48400102 0.50750920
0.54100398 181.80000000 0.51075044 0.54301419 0.56192561
0.51997625 181.70000000 0.54099431 0.48529814 0.53196406
0.52637633 302.90000000 0.52294081 0.51022869 0.54976685
0.53216736 305.80000000 0.52277883 0.52771048 0.54159135
0.52907496 211.90000000 0.49678388 0.52596305 0.56520695
0.53216736 305.80000000 0.52277883 0.52771048 0.54159135
0.53644693 306.20000000 0.52979969 0.52854440 0.54743796
0.51898775 332.20000000 0.50884296 0.53012021 0.51905273
0.50762360 229.20000000 0.51743043 0.49216104 0.51693440
0.52649181 163.30000000 0.49008767 0.54437892 0.54531728
0.47161017 61.80000000 0.37801003 0.50149704 0.50327270
0.52649181 163.30000000 0.49008767 0.54437892 0.54531728
0.52254478 163.50000000 0.48329213 0.53578635 0.54865419
0.54803073 159.20000000 0.51735203 0.57213227 0.54599349
0.43618644 61.60000000 0.40975719 0.41144319 0.47135090
0.51678424 203.70000000 0.49536137 0.52234398 0.53253664
0.53034794 103.30000000 0.49570415 0.49711227 0.59254486
0.54192339 203.40000000 0.54103719 0.56714326 0.51946511
0.51677873 203.60000000 0.49087988 0.52287002 0.53464076
0.51097823 208.30000000 0.50995046 0.52759851 0.50060547
0.50669029 105.40000000 0.50599152 0.50063128 0.51870334
0.52819821 274.70000000 0.53641328 0.54325281 0.50243097
0.52612159 252.10000000 0.51779578 0.51903595 0.53893591
0.51498965 349.00000000 0.49822908 0.52370775 0.52238756
0.52819821 274.70000000 0.53641328 0.54325281 0.50243097
0.53139900 275.70000000 0.50282825 0.53724783 0.55261922
0.52853593 255.50000000 0.53058756 0.51940238 0.53638305
0.52899702 292.00000000 0.51008660 0.54631908 0.53192688
0.52345156 354.40000000 0.53671493 0.52255123 0.50877551
0.51917151 292.00000000 0.52656129 0.51915112 0.51364487
0.53802525 292.30000000 0.52816308 0.54780891 0.53845846
0.52110228 266.40000000 0.51824319 0.51113491 0.53444045
0.52158337 323.00000000 0.51479567 0.51772352 0.52999575
0.55101199 121.70000000 0.51829186 0.57084947 0.56268269
0.53753910 179.70000000 0.51928030 0.54782354 0.53895363
0.53718141 122.40000000 0.49691544 0.53474279 0.57989627
0.52245877 121.60000000 0.51082321 0.54734774 0.50841654
0.54756372 123.30000000 0.53413615 0.54073984 0.57290911
0.52819937 180.60000000 0.54649957 0.49117887 0.54835073
0.51908290 98.60000000 0.49447642 0.50403952 0.56689702
0.52622351 308.30000000 0.52306764 0.54849782 0.50473298
0.53445017 98.70000000 0.51780563 0.51264856 0.56756315
0.54079682 98.60000000 0.51702626 0.54763820 0.57621145
0.54799184 105.30000000 0.53401218 0.57325709 0.53820705
0.53645128 254.80000000 0.51110004 0.56655373 0.53260843
0.52328758 254.60000000 0.50688639 0.54350492 0.52028902
0.52055004 163.10000000 0.53121891 0.50740416 0.52508629
0.51435601 264.90000000 0.54546779 0.51027626 0.48751389
0.53018334 255.30000000 0.51221167 0.53584642 0.53728103
0.51923241 255.50000000 0.54760550 0.49627683 0.51509421
0.53816314 159.10000000 0.54185685 0.54913389 0.52567139
0.52469283 333.90000000 0.53823651 0.53325499 0.49612560
0.55431678 81.70000000 0.53530169 0.58147606 0.56411379
0.52469283 333.90000000 0.53823651 0.53325499 0.49612560
0.52406687 333.20000000 0.53221114 0.53100541 0.50220554
0.52531685 324.70000000 0.50820928 0.53622340 0.53037918
0.50826031 78.80000000 0.48079949 0.50699713 0.53163621
0.50961172 188.50000000 0.47341327 0.51632200 0.53478305
0.54143875 191.90000000 0.49488117 0.56310438 0.56569278
0.50961172 188.50000000 0.47341327 0.51632200 0.53478305
0.53050796 189.10000000 0.52826023 0.52932452 0.53523754
0.54044948 182.40000000 0.57218809 0.53085056 0.52362912
0.50325787 192.00000000 0.45081031 0.51072348 0.54023181
0.53796573 144.00000000 0.53961818 0.53597589 0.52908451
0.50037027 287.70000000 0.47076934 0.52476651 0.50897910
0.51562189 144.50000000 0.50960981 0.53658658 0.50024274
0.53196241 143.20000000 0.53676260 0.53859584 0.52914962
0.54682698 136.90000000 0.54444395 0.57654093 0.51574441
0.51883671 271.70000000 0.50137115 0.52061816 0.53772510
0.53060044 219.10000000 0.52793319 0.53875743 0.52625634
0.53029985 119.40000000 0.52152519 0.54163393 0.51253346
0.52318631 291.30000000 0.49151062 0.53712579 0.53881187
0.52075241 219.10000000 0.50324500 0.52706913 0.53190954
0.53586607 219.30000000 0.53725981 0.53582914 0.53433364
0.52684408 124.80000000 0.52415293 0.50869785 0.53347113
0.52574163 221.30000000 0.50085747 0.53706523 0.53849959
0.51046294 201.40000000 0.47017621 0.51932720 0.53504667
0.53870130 220.90000000 0.55689443 0.52557335 0.54095411
0.52102757 221.10000000 0.49051013 0.54257194 0.52302850
0.51621554 229.30000000 0.51743570 0.49906566 0.53383371
0.53307247 210.90000000 0.51897269 0.54876513 0.53333688
0.46279661 59.40000000 0.45728094 0.48480903 0.43734342
0.52585216 298.70000000 0.51761794 0.52257264 0.53559027
0.48129944 59.50000000 0.48720613 0.53102278 0.43959016
0.47327684 59.40000000 0.43711783 0.48981339 0.47927162
0.45112994 62.80000000 0.43631147 0.48222078 0.42905402
0.53407625 219.50000000 0.54015258 0.52353581 0.54130989
0.51406250 67.30000000 0.45237219 0.52942330 0.55710359
0.53475923 96.90000000 0.53735034 0.50790728 0.55653391
0.48125000 67.00000000 0.49320360 0.45260752 0.51641156
0.50156250 67.30000000 0.44862611 0.47429332 0.55380223
0.52031250 66.30000000 0.49630026 0.47945628 0.57520245
0.54021739 96.30000000 0.50490401 0.54895175 0.56698436
0.53037383 222.40000000 0.51648826 0.55116620 0.52238907
0.51732136 222.60000000 0.52880768 0.49934845 0.52135776
0.52336449 236.90000000 0.53470746 0.51644328 0.52186987
0.54205607 222.40000000 0.52099078 0.52213609 0.58125260
0.52383178 222.10000000 0.52217040 0.53216130 0.51841140
0.52354352 264.50000000 0.52413786 0.51461655 0.53218660
0.52352941 295.60000000 0.49475213 0.52935966 0.54023683
0.52774140 323.50000000 0.49127290 0.54782284 0.54040576
0.52006920 295.90000000 0.50137726 0.53011743 0.53032048
0.52802768 295.50000000 0.50064333 0.53977787 0.54195547
0.51972318 307.20000000 0.51427071 0.50450065 0.53480503
0.51797710 334.20000000 0.48913179 0.53830109 0.52422390
0.54532374 149.60000000 0.53760873 0.54623765 0.55379072
0.51670944 179.80000000 0.54109493 0.51695545 0.49413771
0.52589928 148.90000000 0.50492840 0.54819194 0.52566176
0.54172662 149.30000000 0.53187113 0.55441601 0.54050667
0.53237410 140.00000000 0.54348735 0.51466394 0.54326137
0.52749145 168.80000000 0.52697792 0.52245697 0.53491260
0.50820814 188.10000000 0.48478384 0.50175906 0.53880271
0.54124031 137.70000000 0.52917160 0.55469052 0.53648043
0.51212442 188.20000000 0.50809808 0.52405402 0.50457279
0.51050013 187.80000000 0.49031783 0.50914328 0.53398802
0.51674050 190.40000000 0.50454767 0.54667897 0.50919330
0.53039952 139.10000000 0.52637145 0.53307930 0.52746008
0.52744601 259.70000000 0.52272820 0.54144653 0.52030377
0.52198925 259.70000000 0.53132770 0.53482950 0.49752109
0.53414195 329.60000000 0.50797216 0.54162439 0.55236322
0.53598807 259.70000000 0.53445863 0.55623260 0.52101912
0.53416728 260.20000000 0.51838412 0.53547877 0.54837066
0.52485663 285.90000000 0.52287840 0.50935615 0.54242502
0.52125466 272.20000000 0.51370987 0.51248907 0.53619517
0.52030368 224.10000000 0.50356927 0.52743291 0.52960835
0.51527857 277.00000000 0.52568925 0.51136916 0.50442835
0.51728167 273.30000000 0.51706977 0.50810043 0.52398621
0.53956871 260.70000000 0.53849643 0.53525074 0.54541538
0.51924438 214.60000000 0.49915072 0.50502336 0.54989344
0.54569016 105.40000000 0.53696607 0.54893669 0.54681504
0.44053872 57.30000000 0.41793008 0.45298106 0.43640823
0.52804310 105.80000000 0.52129963 0.55068206 0.51166829
0.55268880 105.40000000 0.50326825 0.56039030 0.59225362
0.49367113 111.80000000 0.49787802 0.48758511 0.49456607
0.44619529 59.90000000 0.39877914 0.47307883 0.47108528
0.53363636 120.30000000 0.54301252 0.52398977 0.54099547
0.52413793 261.50000000 0.52124179 0.52491226 0.52122734
0.52276171 120.40000000 0.52105064 0.49639303 0.55014859
0.53033747 120.30000000 0.55092497 0.52704559 0.51676077
0.52119146 127.40000000 0.52995284 0.49821434 0.53527319
0.52298851 229.80000000 0.50737554 0.53601719 0.52476815
0.54238212 280.50000000 0.51902521 0.55047319 0.55532644
0.55315315 116.40000000 0.52117804 0.52880615 0.60814918
0.50832992 284.60000000 0.53693611 0.49376942 0.49650091
0.54383764 280.60000000 0.53102585 0.56261062 0.53781239
0.52273473 274.50000000 0.52344251 0.53783840 0.51081439
0.52612613 113.20000000 0.49925608 0.55586236 0.52725004
0.52506241 353.60000000 0.53519118 0.53015067 0.50883002
0.51881720 191.00000000 0.51223071 0.53372906 0.50629406
0.51345732 326.50000000 0.51019649 0.50853624 0.52132092
0.52879534 353.30000000 0.53053811 0.54246262 0.51229771
0.52560777 358.70000000 0.52585006 0.52257850 0.52537228
0.52419355 194.30000000 0.53066660 0.53158282 0.51794628
0.54225275 208.90000000 0.56442532 0.55336841 0.51479994
0.55209138 209.80000000 0.56027509 0.55416286 0.53919433
0.52940084 178.90000000 0.50833665 0.53114850 0.54813168
0.55200157 208.90000000 0.57519579 0.55418832 0.53250331
0.51053114 208.70000000 0.50981190 0.48874190 0.53490546
0.53093561 179.50000000 0.54670728 0.54441827 0.49804901
0.52540514 171.80000000 0.51551023 0.53884683 0.52417698
0.52195125 327.60000000 0.52938489 0.52681349 0.50978102
0.54371523 172.60000000 0.53324039 0.53999711 0.55429288
0.52031767 171.80000000 0.49591091 0.53538429 0.52908580
0.52407079 161.60000000 0.52988525 0.55209699 0.48370322
0.52796682 270.60000000 0.51959727 0.53744055 0.52796295
0.52662655 184.20000000 0.54823862 0.49749779 0.53401791
0.54137040 154.00000000 0.55019277 0.54916708 0.52369337
0.52110072 318.50000000 0.49725300 0.53502780 0.53049522
0.55686260 184.30000000 0.56014903 0.54320892 0.56411553
0.53087483 184.30000000 0.51965702 0.52006317 0.54714202
0.53872211 159.40000000 0.54584491 0.52763446 0.54543096
0.51462557 248.70000000 0.52580634 0.51682931 0.50245140
0.56469826 78.40000000 0.51858318 0.64500265 0.52208807
0.50944206 250.20000000 0.52120604 0.48813648 0.51880842
0.51204677 248.70000000 0.52605117 0.51552086 0.49463466
0.52448017 246.20000000 0.53705881 0.52973850 0.50584257
0.53855979 77.90000000 0.53003679 0.53244119 0.55684174
0.52775492 83.90000000 0.51460275 0.52928853 0.54937209
0.53735186 227.10000000 0.53738541 0.54606610 0.53077261
0.50599471 83.90000000 0.50096485 0.49570284 0.51344186
0.53742286 83.90000000 0.51833655 0.53142957 0.57201222
0.55086688 82.80000000 0.55514895 0.52812080 0.56082371
0.52973254 200.00000000 0.54383171 0.50688382 0.54495678
0.56195853 81.10000000 0.54100870 0.53317221 0.62146115
0.52405945 190.80000000 0.50909308 0.51695293 0.54736378
0.52273232 79.90000000 0.47493758 0.51322688 0.57792038
0.54561274 80.10000000 0.52485701 0.54135625 0.56283609
0.51007034 77.40000000 0.47717316 0.54200628 0.51047228
0.52974769 187.40000000 0.49817929 0.54165824 0.54155399
0.51142697 229.90000000 0.51544830 0.49566175 0.52533319
0.53413820 230.40000000 0.52528640 0.55595979 0.52382444
0.53558216 231.30000000 0.52438680 0.52885051 0.55095248
0.49667281 229.80000000 0.48607424 0.48379486 0.52160944
0.52531630 225.30000000 0.50583217 0.53107744 0.53835244
0.52616930 281.10000000 0.51595356 0.53370410 0.52979732
0.50485848 317.70000000 0.50859095 0.52876114 0.48055802
0.51971479 265.90000000 0.52445821 0.51137429 0.52798892
0.52998025 209.40000000 0.52684822 0.53155959 0.53768485
0.53131243 316.60000000 0.54972821 0.53906629 0.50730070
0.51622859 307.20000000 0.53256476 0.51031766 0.50860669
0.51371024 209.30000000 0.52528587 0.52009027 0.49661162
0.52386178 149.80000000 0.55111874 0.51977803 0.50568669
0.51627839 102.50000000 0.50338574 0.51300138 0.53475699
0.51242064 150.30000000 0.51019626 0.53178908 0.49305238
0.51505532 149.90000000 0.54289875 0.50024112 0.50560195
0.53604208 160.30000000 0.55593375 0.57728870 0.47739971
0.51427878 109.20000000 0.48902990 0.54970482 0.49980162
0.51827957 190.70000000 0.48657001 0.54213118 0.51359499
0.49062500 65.10000000 0.45795241 0.51046867 0.48838312
0.53064516 190.30000000 0.51228547 0.54077140 0.53827194
0.52043011 191.00000000 0.49502744 0.54299149 0.51467822
0.51559140 195.00000000 0.52908770 0.51224551 0.49956524
0.51562500 67.20000000 0.47983099 0.48796317 0.56822228
0.53331476 200.00000000 0.52738366 0.51887941 0.55285772
0.53457944 200.30000000 0.52421320 0.54398790 0.53473867
0.53006307 238.00000000 0.51633977 0.52935423 0.54329432
0.53512176 200.70000000 0.50898987 0.54972248 0.54618439
0.54673694 200.30000000 0.53237390 0.55942035 0.55119541
0.53364486 237.40000000 0.53500866 0.53899773 0.52789592
0.52796935 275.00000000 0.52230754 0.52655779 0.53542855
0.53252595 303.30000000 0.54257655 0.53031925 0.52234005
0.54521073 184.30000000 0.53955208 0.57206974 0.52130720
0.52567050 275.40000000 0.52328482 0.52617758 0.52793042
0.51149425 278.70000000 0.52908588 0.49594638 0.51159791
0.52975779 184.90000000 0.50333660 0.51806730 0.56508900
0.49639640 121.90000000 0.44677630 0.52015309 0.51823966
0.53093525 156.00000000 0.49799056 0.57451401 0.50827039
0.48558559 123.00000000 0.48681685 0.47864424 0.48721737
0.51801802 121.70000000 0.47198724 0.53356445 0.54592736
0.52342342 112.90000000 0.50219817 0.51405054 0.55379708
0.52877698 141.20000000 0.57002981 0.53139057 0.48873694
0.52166900 98.90000000 0.51187240 0.50452466 0.55679767
0.52069951 360.50000000 0.52348375 0.51940361 0.51822386
0.54662225 99.90000000 0.53639742 0.53757511 0.57595814
0.52058205 98.90000000 0.49790252 0.52436594 0.55579786
0.50973586 97.10000000 0.48983342 0.48762951 0.54959381
0.52998073 361.90000000 0.52650912 0.53354360 0.53056613
0.52766895 189.10000000 0.52579346 0.51727442 0.53879572
0.53508896 188.90000000 0.49525420 0.55130849 0.55654047
0.52599735 222.70000000 0.51957378 0.54316570 0.51304691
0.52725572 189.10000000 0.52718235 0.51611163 0.53760524
0.53839914 189.10000000 0.51215340 0.55398365 0.55117457
0.50948718 215.90000000 0.52101856 0.50780529 0.50015575
0.51198044 349.00000000 0.51432810 0.52304295 0.50174015
0.50528237 132.20000000 0.49765565 0.51186266 0.49814627
0.53213698 304.20000000 0.52050564 0.53672059 0.53819486
0.51134853 349.10000000 0.51274008 0.52103205 0.50207354
0.50853025 341.40000000 0.50985877 0.51699544 0.50055481
0.52947658 130.50000000 0.52897741 0.52375971 0.54196530
0.53049259 175.80000000 0.53937366 0.51832820 0.53681149
0.52605303 245.70000000 0.51798751 0.50038601 0.55514966
0.52451169 174.40000000 0.51609764 0.52183500 0.53145828
0.54540205 175.20000000 0.54031668 0.56268753 0.53039001
0.53650556 171.10000000 0.53874949 0.54686149 0.52937753
0.51352604 277.20000000 0.49632868 0.52596188 0.51547253
0.54280859 134.10000000 0.55565058 0.54585176 0.53767819
0.52665384 239.60000000 0.52465621 0.50743142 0.54157010
0.56209899 134.00000000 0.54872833 0.56159578 0.58002435
0.54512224 134.20000000 0.55274718 0.54046504 0.54626413
0.52811568 137.80000000 0.52123080 0.53309235 0.53545671
0.52447647 249.10000000 0.53266304 0.49781143 0.54488644
0.53129160 293.00000000 0.51032445 0.53684702 0.54478939
0.55192477 89.50000000 0.54478195 0.57532964 0.54177542
0.54452125 194.50000000 0.55538176 0.53732385 0.54479542
0.52200205 291.90000000 0.52714040 0.48552281 0.55278276
0.51232847 282.90000000 0.49313601 0.53538330 0.50939482
0.51582427 83.30000000 0.49303091 0.51215686 0.53974451
0.51346246 206.50000000 0.50589210 0.50465024 0.52915782
0.52464726 158.60000000 0.53627422 0.56131867 0.48733602
0.51636059 206.00000000 0.49720643 0.52122005 0.52993664
0.51101387 206.50000000 0.50769431 0.50023387 0.52397296
0.50708034 212.30000000 0.49792817 0.51395369 0.51286553
0.52971862 163.80000000 0.51007580 0.56060826 0.51175106
0.44205387 57.40000000 0.38674756 0.50883090 0.42306595
0.54127713 215.60000000 0.54955814 0.53398535 0.54068712
0.43329966 57.70000000 0.44113481 0.40354504 0.45574958
0.42387205 57.40000000 0.42021288 0.44702893 0.39649141
0.41835017 59.90000000 0.37461105 0.41180717 0.43847012
0.52598143 333.30000000 0.52281019 0.53126170 0.52418878
0.44035088 57.70000000 0.40432100 0.48108772 0.43984583
0.51982436 249.00000000 0.51303178 0.51343657 0.53812339
0.43508772 57.70000000 0.41435818 0.47242231 0.43276414
0.43333333 57.70000000 0.40882921 0.46571610 0.43789904
0.42631579 61.90000000 0.38298038 0.42472923 0.44861205
0.51324691 265.80000000 0.49233874 0.51672853 0.52888268
0.53574879 194.50000000 0.55223190 0.51599157 0.54155460
0.52584546 100.30000000 0.48101755 0.51091440 0.57920407
0.54299517 184.00000000 0.52366982 0.56409614 0.54332592
0.54685990 194.80000000 0.53939215 0.55137980 0.54620063
0.52850242 194.50000000 0.53957332 0.53178996 0.51682635
0.51648376 97.20000000 0.48993811 0.48679638 0.56747439
0.52163121 293.30000000 0.51245087 0.51799989 0.53091868
0.50975287 177.20000000 0.51135408 0.49505398 0.52310135
0.52304965 242.20000000 0.50649899 0.52354987 0.53837476
0.52234043 293.00000000 0.50458148 0.52527271 0.53272266
0.53510638 283.10000000 0.53125830 0.52095495 0.55361369
0.53157327 170.30000000 0.51119665 0.55428549 0.53601373
0.50303030 147.40000000 0.47345228 0.53967898 0.50012572
0.53487951 255.60000000 0.51181106 0.57103441 0.52775037
0.50984848 144.90000000 0.49721198 0.53687806 0.49284605
0.50378788 147.00000000 0.47924734 0.52445529 0.51294886
0.53484848 138.90000000 0.52425854 0.53629917 0.54904887
0.51235795 336.60000000 0.49039671 0.51574813 0.53036108
0.53214062 182.20000000 0.53008443 0.48501632 0.57731271
0.52375887 306.40000000 0.53466544 0.51479257 0.52186355
0.52217891 183.10000000 0.48805148 0.52403632 0.55864128
0.52093630 181.90000000 0.51464184 0.47679062 0.56457739
0.53984337 173.10000000 0.54206949 0.54863719 0.52450767
0.53156028 287.20000000 0.52588703 0.54993655 0.52044280
0.53492751 305.10000000 0.55178941 0.53002377 0.52112821
0.54924242 135.90000000 0.56149451 0.55071935 0.53489089
0.52423883 209.10000000 0.52527411 0.51919734 0.52815628
0.53678781 304.50000000 0.53166358 0.54679302 0.53124618
0.52675647 305.30000000 0.52919321 0.53883461 0.51145144
0.52651515 141.30000000 0.55713632 0.50394971 0.52028366
0.53210940 260.50000000 0.51239012 0.56565143 0.51989610
0.45789474 60.40000000 0.46558007 0.44691530 0.44988440
0.52963366 258.30000000 0.53978810 0.53616175 0.51433314
0.53659418 260.50000000 0.51984663 0.55841717 0.53236832
0.51615089 270.80000000 0.50376049 0.52984538 0.51683368
0.46491228 63.70000000 0.43404536 0.44975844 0.51633287
0.54592385 94.90000000 0.54902292 0.54015573 0.55536746
0.51159420 207.80000000 0.47358435 0.51843323 0.54717510
0.51013438 94.70000000 0.43424940 0.52468863 0.55602600
0.51215006 94.80000000 0.50942418 0.48556283 0.54693634
0.53648376 98.80000000 0.50614088 0.56714267 0.53907107
0.51400966 217.50000000 0.54447291 0.49112456 0.50752702
0.54550536 118.10000000 0.52661183 0.54741764 0.55956069
0.54550536 118.10000000 0.52661183 0.54741764 0.55956069
0.55335352 118.00000000 0.54136974 0.53956197 0.56623165
0.52952181 118.30000000 0.51933777 0.53525026 0.52267050
0.53571650 116.70000000 0.51047909 0.55414987 0.54174626
0.52349790 116.20000000 0.49662773 0.54033461 0.53651216
0.52374409 237.30000000 0.50303632 0.52889407 0.53694148
0.52374409 237.30000000 0.50303632 0.52889407 0.53694148
0.53591428 259.70000000 0.55627001 0.53335744 0.51809124
0.53892586 237.00000000 0.54446559 0.54003093 0.53333412
0.52829387 236.80000000 0.52202264 0.54020394 0.52525275
0.54197632 259.40000000 0.52051427 0.55692898 0.54916894
0.50575221 334.20000000 0.49805326 0.50248161 0.51619932
0.50575221 334.20000000 0.49805326 0.50248161 0.51619932
0.53859856 197.10000000 0.53681850 0.54082527 0.53938812
0.51906146 334.10000000 0.52459883 0.53481151 0.49858912
0.52825226 333.60000000 0.51903105 0.55233103 0.51301795
0.54301548 197.40000000 0.50494942 0.57202511 0.54900491
0.54807216 182.30000000 0.53742505 0.53059924 0.57405000
0.54807216 182.30000000 0.53742505 0.53059924 0.57405000
0.53314477 200.80000000 0.54179795 0.50898986 0.54872659
0.53951368 182.10000000 0.51430396 0.55894357 0.54871906
0.54913599 182.30000000 0.53906439 0.53016222 0.57554254
0.49919509 197.60000000 0.46495625 0.50970194 0.52157672
0.51321854 162.00000000 0.49400125 0.54046986 0.50439366
0.51321854 162.00000000 0.49400125 0.54046986 0.50439366
0.53776159 161.90000000 0.56268765 0.50211840 0.54992369
0.52718322 162.00000000 0.50609259 0.56885076 0.50594507
0.52713466 162.30000000 0.48166361 0.53988214 0.55343454
0.53837528 164.40000000 0.53577962 0.52075368 0.56140153
0.53754596 206.10000000 0.52812319 0.54246513 0.54183033
0.53754596 206.10000000 0.52812319 0.54246513 0.54183033
0.52026246 310.10000000 0.53353413 0.49586187 0.53069594
0.53257697 206.50000000 0.52351855 0.51926477 0.55445707
0.54188372 206.50000000 0.53057893 0.52376081 0.57172005
0.51596124 311.80000000 0.52656855 0.51080945 0.50860539
0.53189971 250.90000000 0.52888025 0.52827829 0.53646647
0.53189971 250.90000000 0.52888025 0.52827829 0.53646647
0.53411996 222.50000000 0.53601666 0.52107728 0.54393054
0.52347886 251.00000000 0.53112408 0.51379902 0.52390452
0.51282006 229.00000000 0.48186350 0.50527771 0.54899377
0.53500885 223.10000000 0.55344467 0.50904742 0.54377369
0.55664912 79.20000000 0.53392034 0.55968677 0.56938530
0.55664912 79.20000000 0.53392034 0.55968677 0.56938530
0.52643860 80.00000000 0.49395256 0.52842408 0.55678126
0.56729825 79.40000000 0.56104072 0.57847083 0.56657102
0.52766667 78.90000000 0.46750661 0.52535308 0.57206298
0.56598246 80.00000000 0.54256322 0.60012980 0.55954762
