300.0000 10.0000 0.9000 10.0000
300.0000 10.0000 0.9000 10.0000
300.0000 10.0000 0.9000 10.0000
300.0000 10.0000 0.9000 10.0000
300.0000 10.0000 0.9000 10.0000
300.0000 10.0000 0.9000 10.0000
500.0000 32.5000 0.9500 32.5000
500.0000 32.5000 0.9500 32.5000
500.0000 32.5000 0.9500 32.5000
500.0000 32.5000 0.9500 32.5000
500.0000 32.5000 0.9500 32.5000
500.0000 32.5000 0.9500 32.5000
600.0000 21.2500 0.9250 21.2500
600.0000 21.2500 0.9250 21.2500
600.0000 43.7500 0.9250 21.2500
600.0000 21.2500 0.9250 21.2500
600.0000 21.2500 0.9250 43.7500
600.0000 43.7500 0.9250 43.7500
400.0000 43.7500 0.9750 43.7500
400.0000 43.7500 0.9750 43.7500
400.0000 21.2500 0.9750 43.7500
400.0000 43.7500 0.9750 43.7500
400.0000 43.7500 0.9750 21.2500
400.0000 21.2500 0.9750 21.2500
450.0000 26.8750 0.9625 49.3750
450.0000 26.8750 0.9625 49.3750
450.0000 15.6250 0.9625 49.3750
450.0000 26.8750 0.9375 49.3750
450.0000 26.8750 0.9625 49.3750
450.0000 15.6250 0.9375 49.3750
650.0000 49.3750 0.9125 26.8750
650.0000 49.3750 0.9125 26.8750
650.0000 38.1250 0.9125 26.8750
650.0000 49.3750 0.9875 26.8750
650.0000 49.3750 0.9125 26.8750
650.0000 38.1250 0.9875 26.8750
550.0000 15.6250 0.9875 38.1250
550.0000 15.6250 0.9875 38.1250
550.0000 49.3750 0.9875 38.1250
550.0000 15.6250 0.9125 38.1250
550.0000 15.6250 0.9875 15.6250
550.0000 49.3750 0.9125 15.6250
350.0000 38.1250 0.9375 15.6250
350.0000 38.1250 0.9375 15.6250
350.0000 26.8750 0.9375 15.6250
350.0000 38.1250 0.9625 15.6250
350.0000 38.1250 0.9375 38.1250
350.0000 26.8750 0.9625 38.1250
375.0000 24.0625 0.9938 29.6875
525.0000 24.0625 0.9938 29.6875
375.0000 24.0625 0.9938 29.6875
375.0000 24.0625 0.9437 29.6875
375.0000 24.0625 0.9938 52.1875
525.0000 24.0625 0.9437 52.1875
575.0000 46.5625 0.9437 52.1875
325.0000 46.5625 0.9437 52.1875
575.0000 46.5625 0.9437 52.1875
575.0000 46.5625 0.9938 52.1875
575.0000 46.5625 0.9437 29.6875
325.0000 46.5625 0.9938 29.6875
675.0000 12.8125 0.9688 18.4375
425.0000 12.8125 0.9688 18.4375
675.0000 35.3125 0.9688 18.4375
675.0000 12.8125 0.9188 18.4375
675.0000 12.8125 0.9688 18.4375
425.0000 35.3125 0.9188 18.4375
475.0000 35.3125 0.9188 40.9375
625.0000 35.3125 0.9188 40.9375
475.0000 12.8125 0.9188 40.9375
475.0000 35.3125 0.9688 40.9375
475.0000 35.3125 0.9188 40.9375
625.0000 12.8125 0.9688 40.9375
425.0000 18.4375 0.9313 35.3125
675.0000 18.4375 0.9313 35.3125
425.0000 29.6875 0.9313 35.3125
425.0000 18.4375 0.9062 35.3125
425.0000 18.4375 0.9313 12.8125
675.0000 29.6875 0.9062 12.8125
625.0000 40.9375 0.9812 12.8125
475.0000 40.9375 0.9812 12.8125
625.0000 52.1875 0.9812 12.8125
625.0000 40.9375 0.9563 12.8125
625.0000 40.9375 0.9812 35.3125
475.0000 52.1875 0.9563 35.3125
525.0000 29.6875 0.9062 46.5625
375.0000 29.6875 0.9062 46.5625
525.0000 40.9375 0.9062 46.5625
525.0000 29.6875 0.9313 46.5625
525.0000 29.6875 0.9062 46.5625
375.0000 40.9375 0.9313 46.5625
325.0000 52.1875 0.9563 24.0625
575.0000 52.1875 0.9563 24.0625
325.0000 18.4375 0.9563 24.0625
325.0000 52.1875 0.9812 24.0625
325.0000 52.1875 0.9563 24.0625
575.0000 18.4375 0.9812 24.0625
337.5000 31.0938 0.9469 39.5312
412.5000 31.0938 0.9469 39.5312
337.5000 53.5938 0.9469 39.5312
337.5000 31.0938 0.9531 39.5312
337.5000 31.0938 0.9469 47.9688
412.5000 53.5938 0.9531 47.9688
537.5000 53.5938 0.9969 17.0312
612.5000 53.5938 0.9969 17.0312
537.5000 31.0938 0.9969 17.0312
537.5000 53.5938 0.9031 17.0312
537.5000 53.5938 0.9969 25.4688
612.5000 31.0938 0.9031 25.4688
637.5000 19.8438 0.9219 50.7812
512.5000 19.8438 0.9219 50.7812
637.5000 19.8438 0.9219 50.7812
637.5000 19.8438 0.9781 50.7812
637.5000 19.8438 0.9219 14.2188
512.5000 19.8438 0.9781 14.2188
437.5000 42.3438 0.9719 28.2812
312.5000 42.3438 0.9719 28.2812
437.5000 42.3438 0.9719 28.2812
437.5000 42.3438 0.9281 28.2812
437.5000 42.3438 0.9719 36.7188
312.5000 42.3438 0.9281 36.7188
487.5000 14.2188 0.9844 22.6562
362.5000 14.2188 0.9844 22.6562
487.5000 47.9688 0.9844 22.6562
487.5000 14.2188 0.9906 22.6562
487.5000 14.2188 0.9844 19.8438
362.5000 47.9688 0.9906 19.8438
687.5000 36.7188 0.9344 45.1562
562.5000 36.7188 0.9344 45.1562
687.5000 25.4688 0.9344 45.1562
687.5000 36.7188 0.9406 45.1562
687.5000 36.7188 0.9344 42.3438
562.5000 25.4688 0.9406 42.3438
587.5000 25.4688 0.9594 11.4062
662.5000 25.4688 0.9594 11.4062
587.5000 14.2188 0.9594 11.4062
587.5000 25.4688 0.9656 11.4062
587.5000 25.4688 0.9594 53.5938
662.5000 14.2188 0.9656 53.5938
387.5000 47.9688 0.9094 33.9062
462.5000 47.9688 0.9094 33.9062
387.5000 36.7188 0.9094 33.9062
387.5000 47.9688 0.9156 33.9062
387.5000 47.9688 0.9094 31.0938
462.5000 36.7188 0.9156 31.0938
362.5000 17.0312 0.9531 47.9688
637.5000 17.0312 0.9531 47.9688
362.5000 39.5312 0.9531 47.9688
362.5000 17.0312 0.9969 47.9688
362.5000 17.0312 0.9531 17.0312
637.5000 39.5312 0.9969 17.0312
562.5000 39.5312 0.9031 25.4688
437.5000 39.5312 0.9031 25.4688
562.5000 17.0312 0.9031 25.4688
562.5000 39.5312 0.9469 25.4688
562.5000 39.5312 0.9031 39.5312
437.5000 17.0312 0.9469 39.5312
662.5000 28.2812 0.9781 36.7188
337.5000 28.2812 0.9781 36.7188
662.5000 28.2812 0.9781 36.7188
662.5000 28.2812 0.9719 36.7188
662.5000 28.2812 0.9781 50.7812
337.5000 28.2812 0.9719 50.7812
462.5000 50.7812 0.9281 14.2188
537.5000 50.7812 0.9281 14.2188
462.5000 50.7812 0.9281 14.2188
462.5000 50.7812 0.9219 14.2188
462.5000 50.7812 0.9281 28.2812
537.5000 50.7812 0.9219 28.2812
412.5000 22.6562 0.9156 19.8438
587.5000 22.6562 0.9156 19.8438
412.5000 33.9062 0.9156 19.8438
412.5000 22.6562 0.9594 19.8438
412.5000 22.6562 0.9156 45.1562
587.5000 33.9062 0.9594 45.1562
612.5000 45.1562 0.9656 42.3438
387.5000 45.1562 0.9656 42.3438
612.5000 11.4062 0.9656 42.3438
612.5000 45.1562 0.9094 42.3438
612.5000 45.1562 0.9656 22.6562
387.5000 11.4062 0.9094 22.6562
512.5000 11.4062 0.9406 31.0938
487.5000 11.4062 0.9406 31.0938
512.5000 22.6562 0.9406 31.0938
512.5000 11.4062 0.9844 31.0938
512.5000 11.4062 0.9406 11.4062
487.5000 22.6562 0.9844 11.4062
312.5000 33.9062 0.9906 53.5938
687.5000 33.9062 0.9906 53.5938
312.5000 45.1562 0.9906 53.5938
312.5000 33.9062 0.9344 53.5938
312.5000 33.9062 0.9906 33.9062
687.5000 45.1562 0.9344 33.9062
318.7500 21.9531 0.9703 34.6094
356.2500 21.9531 0.9703 34.6094
318.7500 51.4844 0.9703 34.6094
318.7500 21.9531 0.9797 34.6094
318.7500 21.9531 0.9703 40.2344
356.2500 51.4844 0.9797 40.2344
518.7500 44.4531 0.9203 12.1094
556.2500 44.4531 0.9203 12.1094
518.7500 28.9844 0.9203 12.1094
518.7500 44.4531 0.9297 12.1094
518.7500 44.4531 0.9203 17.7344
556.2500 28.9844 0.9297 17.7344
618.7500 10.7031 0.9953 45.8594
656.2500 10.7031 0.9953 45.8594
618.7500 17.7344 0.9953 45.8594
618.7500 10.7031 0.9547 45.8594
618.7500 10.7031 0.9953 28.9844
656.2500 17.7344 0.9547 28.9844
418.7500 33.2031 0.9453 23.3594
456.2500 33.2031 0.9453 23.3594
418.7500 40.2344 0.9453 23.3594
418.7500 33.2031 0.9047 23.3594
418.7500 33.2031 0.9453 51.4844
456.2500 40.2344 0.9047 51.4844
468.7500 16.3281 0.9078 28.9844
406.2500 16.3281 0.9078 28.9844
468.7500 45.8594 0.9078 28.9844
468.7500 16.3281 0.9672 28.9844
468.7500 16.3281 0.9078 23.3594
406.2500 45.8594 0.9672 23.3594
668.7500 38.8281 0.9578 51.4844
606.2500 38.8281 0.9578 51.4844
668.7500 23.3594 0.9578 51.4844
668.7500 38.8281 0.9172 51.4844
668.7500 38.8281 0.9578 45.8594
606.2500 23.3594 0.9172 45.8594
568.7500 27.5781 0.9328 17.7344
506.2500 27.5781 0.9328 17.7344
568.7500 12.1094 0.9328 17.7344
568.7500 27.5781 0.9922 17.7344
568.7500 27.5781 0.9328 34.6094
506.2500 12.1094 0.9922 34.6094
368.7500 50.0781 0.9828 40.2344
306.2500 50.0781 0.9828 40.2344
368.7500 34.6094 0.9828 40.2344
368.7500 50.0781 0.9422 40.2344
368.7500 50.0781 0.9828 12.1094
306.2500 34.6094 0.9422 12.1094
393.7500 13.5156 0.9266 54.2969
581.2500 13.5156 0.9266 54.2969
393.7500 43.0469 0.9266 54.2969
393.7500 13.5156 0.9734 54.2969
393.7500 13.5156 0.9266 26.1719
581.2500 43.0469 0.9734 26.1719
593.7500 36.0156 0.9766 31.7969
381.2500 36.0156 0.9766 31.7969
593.7500 20.5469 0.9766 31.7969
593.7500 36.0156 0.9234 31.7969
593.7500 36.0156 0.9766 48.6719
381.2500 20.5469 0.9234 48.6719
693.7500 24.7656 0.9016 43.0469
481.2500 24.7656 0.9016 43.0469
693.7500 31.7969 0.9016 43.0469
693.7500 24.7656 0.9984 43.0469
693.7500 24.7656 0.9016 37.4219
481.2500 31.7969 0.9984 37.4219
493.7500 47.2656 0.9516 20.5469
681.2500 47.2656 0.9516 20.5469
493.7500 54.2969 0.9516 20.5469
493.7500 47.2656 0.9484 20.5469
493.7500 47.2656 0.9516 14.9219
681.2500 54.2969 0.9484 14.9219
443.7500 30.3906 0.9891 14.9219
631.2500 30.3906 0.9891 14.9219
443.7500 37.4219 0.9891 14.9219
443.7500 30.3906 0.9859 14.9219
443.7500 30.3906 0.9891 43.0469
631.2500 37.4219 0.9859 43.0469
643.7500 52.8906 0.9391 37.4219
431.2500 52.8906 0.9391 37.4219
643.7500 14.9219 0.9391 37.4219
643.7500 52.8906 0.9359 37.4219
643.7500 52.8906 0.9391 20.5469
431.2500 14.9219 0.9359 20.5469
543.7500 19.1406 0.9641 26.1719
331.2500 19.1406 0.9641 26.1719
543.7500 26.1719 0.9641 26.1719
543.7500 19.1406 0.9609 26.1719
543.7500 19.1406 0.9641 31.7969
331.2500 26.1719 0.9609 31.7969
343.7500 41.6406 0.9141 48.6719
531.2500 41.6406 0.9141 48.6719
343.7500 48.6719 0.9141 48.6719
343.7500 41.6406 0.9109 48.6719
343.7500 41.6406 0.9141 54.2969
531.2500 48.6719 0.9109 54.2969
331.2500 20.5469 0.9797 16.3281
468.7500 20.5469 0.9797 16.3281
331.2500 13.5156 0.9797 16.3281
331.2500 20.5469 0.9266 16.3281
331.2500 20.5469 0.9797 30.3906
468.7500 13.5156 0.9266 30.3906
531.2500 43.0469 0.9297 38.8281
668.7500 43.0469 0.9297 38.8281
531.2500 36.0156 0.9297 38.8281
531.2500 43.0469 0.9766 38.8281
531.2500 43.0469 0.9297 52.8906
668.7500 36.0156 0.9766 52.8906
631.2500 31.7969 0.9547 27.5781
568.7500 31.7969 0.9547 27.5781
631.2500 47.2656 0.9547 27.5781
631.2500 31.7969 0.9016 27.5781
631.2500 31.7969 0.9547 41.6406
568.7500 47.2656 0.9016 41.6406
431.2500 54.2969 0.9047 50.0781
368.7500 54.2969 0.9047 50.0781
431.2500 24.7656 0.9047 50.0781
431.2500 54.2969 0.9516 50.0781
431.2500 54.2969 0.9047 19.1406
368.7500 24.7656 0.9516 19.1406
481.2500 26.1719 0.9422 44.4531
318.7500 26.1719 0.9422 44.4531
481.2500 19.1406 0.9422 44.4531
481.2500 26.1719 0.9141 44.4531
481.2500 26.1719 0.9422 36.0156
318.7500 19.1406 0.9141 36.0156
681.2500 48.6719 0.9922 21.9531
518.7500 48.6719 0.9922 21.9531
681.2500 41.6406 0.9922 21.9531
681.2500 48.6719 0.9641 21.9531
681.2500 48.6719 0.9922 13.5156
518.7500 41.6406 0.9641 13.5156
581.2500 14.9219 0.9172 33.2031
618.7500 14.9219 0.9172 33.2031
581.2500 52.8906 0.9172 33.2031
581.2500 14.9219 0.9391 33.2031
581.2500 14.9219 0.9172 24.7656
618.7500 52.8906 0.9391 24.7656
381.2500 37.4219 0.9672 10.7031
418.7500 37.4219 0.9672 10.7031
381.2500 30.3906 0.9672 10.7031
381.2500 37.4219 0.9891 10.7031
381.2500 37.4219 0.9672 47.2656
418.7500 30.3906 0.9891 47.2656
356.2500 28.9844 0.9234 24.7656
693.7500 28.9844 0.9234 24.7656
356.2500 21.9531 0.9234 24.7656
356.2500 28.9844 0.9203 24.7656
356.2500 28.9844 0.9234 33.2031
693.7500 21.9531 0.9203 33.2031
556.2500 51.4844 0.9734 47.2656
493.7500 51.4844 0.9734 47.2656
556.2500 44.4531 0.9734 47.2656
556.2500 51.4844 0.9703 47.2656
556.2500 51.4844 0.9734 10.7031
493.7500 44.4531 0.9703 10.7031
656.2500 17.7344 0.9484 13.5156
393.7500 17.7344 0.9484 13.5156
656.2500 33.2031 0.9484 13.5156
656.2500 17.7344 0.9453 13.5156
656.2500 17.7344 0.9484 21.9531
393.7500 33.2031 0.9453 21.9531
456.2500 40.2344 0.9984 36.0156
593.7500 40.2344 0.9984 36.0156
456.2500 10.7031 0.9984 36.0156
456.2500 40.2344 0.9953 36.0156
456.2500 40.2344 0.9984 44.4531
593.7500 10.7031 0.9953 44.4531
406.2500 12.1094 0.9609 41.6406
543.7500 12.1094 0.9609 41.6406
406.2500 27.5781 0.9609 41.6406
406.2500 12.1094 0.9328 41.6406
406.2500 12.1094 0.9609 27.5781
543.7500 27.5781 0.9328 27.5781
606.2500 34.6094 0.9109 19.1406
343.7500 34.6094 0.9109 19.1406
606.2500 50.0781 0.9109 19.1406
606.2500 34.6094 0.9828 19.1406
606.2500 34.6094 0.9109 50.0781
343.7500 50.0781 0.9828 50.0781
506.2500 23.3594 0.9859 52.8906
443.7500 23.3594 0.9859 52.8906
506.2500 38.8281 0.9859 52.8906
506.2500 23.3594 0.9078 52.8906
506.2500 23.3594 0.9859 38.8281
443.7500 38.8281 0.9078 38.8281
306.2500 45.8594 0.9359 30.3906
643.7500 45.8594 0.9359 30.3906
306.2500 16.3281 0.9359 30.3906
306.2500 45.8594 0.9578 30.3906
306.2500 45.8594 0.9359 16.3281
643.7500 16.3281 0.9578 16.3281
309.3750 27.9297 0.9820 47.6172
559.3750 27.9297 0.9820 47.6172
309.3750 30.0391 0.9820 47.6172
309.3750 27.9297 0.9664 47.6172
309.3750 27.9297 0.9820 19.4922
559.3750 30.0391 0.9664 19.4922
509.3750 50.4297 0.9320 25.1172
359.3750 50.4297 0.9320 25.1172
509.3750 52.5391 0.9320 25.1172
509.3750 50.4297 0.9164 25.1172
509.3750 50.4297 0.9320 41.9922
359.3750 52.5391 0.9164 41.9922
609.3750 16.6797 0.9570 36.3672
459.3750 16.6797 0.9570 36.3672
609.3750 41.2891 0.9570 36.3672
609.3750 16.6797 0.9914 36.3672
609.3750 16.6797 0.9570 53.2422
459.3750 41.2891 0.9914 53.2422
409.3750 39.1797 0.9070 13.8672
659.3750 39.1797 0.9070 13.8672
409.3750 18.7891 0.9070 13.8672
409.3750 39.1797 0.9414 13.8672
409.3750 39.1797 0.9070 30.7422
659.3750 18.7891 0.9414 30.7422
459.3750 11.0547 0.9445 19.4922
609.3750 11.0547 0.9445 19.4922
459.3750 24.4141 0.9445 19.4922
459.3750 11.0547 0.9789 19.4922
459.3750 11.0547 0.9445 47.6172
609.3750 24.4141 0.9789 47.6172
659.3750 33.5547 0.9945 41.9922
409.3750 33.5547 0.9945 41.9922
659.3750 46.9141 0.9945 41.9922
659.3750 33.5547 0.9289 41.9922
659.3750 33.5547 0.9945 25.1172
409.3750 46.9141 0.9289 25.1172
559.3750 22.3047 0.9195 30.7422
309.3750 22.3047 0.9195 30.7422
559.3750 35.6641 0.9195 30.7422
559.3750 22.3047 0.9539 30.7422
559.3750 22.3047 0.9195 13.8672
309.3750 35.6641 0.9539 13.8672
359.3750 44.8047 0.9695 53.2422
509.3750 44.8047 0.9695 53.2422
359.3750 13.1641 0.9695 53.2422
359.3750 44.8047 0.9039 53.2422
359.3750 44.8047 0.9695 36.3672
509.3750 13.1641 0.9039 36.3672
384.3750 19.4922 0.9133 39.1797
384.3750 19.4922 0.9133 39.1797
384.3750 15.9766 0.9133 39.1797
384.3750 19.4922 0.9852 39.1797
384.3750 19.4922 0.9133 44.8047
384.3750 15.9766 0.9852 44.8047
584.3750 41.9922 0.9633 16.6797
584.3750 41.9922 0.9633 16.6797
584.3750 38.4766 0.9633 16.6797
584.3750 41.9922 0.9352 16.6797
584.3750 41.9922 0.9633 22.3047
584.3750 38.4766 0.9352 22.3047
684.3750 30.7422 0.9383 50.4297
684.3750 30.7422 0.9383 50.4297
684.3750 49.7266 0.9383 50.4297
684.3750 30.7422 0.9602 50.4297
684.3750 30.7422 0.9383 11.0547
684.3750 49.7266 0.9602 11.0547
484.3750 53.2422 0.9883 27.9297
484.3750 53.2422 0.9883 27.9297
484.3750 27.2266 0.9883 27.9297
484.3750 53.2422 0.9102 27.9297
484.3750 53.2422 0.9883 33.5547
484.3750 27.2266 0.9102 33.5547
434.3750 25.1172 0.9508 22.3047
434.3750 25.1172 0.9508 22.3047
434.3750 10.3516 0.9508 22.3047
434.3750 25.1172 0.9727 22.3047
434.3750 25.1172 0.9508 16.6797
434.3750 10.3516 0.9727 16.6797
634.3750 47.6172 0.9008 44.8047
634.3750 47.6172 0.9008 44.8047
634.3750 32.8516 0.9008 44.8047
634.3750 47.6172 0.9227 44.8047
634.3750 47.6172 0.9008 39.1797
634.3750 32.8516 0.9227 39.1797
534.3750 13.8672 0.9758 11.0547
534.3750 13.8672 0.9758 11.0547
534.3750 44.1016 0.9758 11.0547
534.3750 13.8672 0.9977 11.0547
534.3750 13.8672 0.9758 50.4297
534.3750 44.1016 0.9977 50.4297
334.3750 36.3672 0.9258 33.5547
334.3750 36.3672 0.9258 33.5547
334.3750 21.6016 0.9258 33.5547
334.3750 36.3672 0.9477 33.5547
334.3750 36.3672 0.9258 27.9297
334.3750 21.6016 0.9477 27.9297
346.8750 15.2734 0.9664 32.1484
671.8750 15.2734 0.9664 32.1484
346.8750 34.2578 0.9664 32.1484
346.8750 15.2734 0.9133 32.1484
346.8750 15.2734 0.9664 51.8359
671.8750 34.2578 0.9133 51.8359
546.8750 37.7734 0.9164 54.6484
471.8750 37.7734 0.9164 54.6484
546.8750 11.7578 0.9164 54.6484
546.8750 37.7734 0.9633 54.6484
546.8750 37.7734 0.9164 29.3359
471.8750 11.7578 0.9633 29.3359
646.8750 26.5234 0.9914 20.8984
371.8750 26.5234 0.9914 20.8984
646.8750 23.0078 0.9914 20.8984
646.8750 26.5234 0.9383 20.8984
646.8750 26.5234 0.9914 18.0859
371.8750 23.0078 0.9383 18.0859
446.8750 49.0234 0.9414 43.3984
571.8750 49.0234 0.9414 43.3984
446.8750 45.5078 0.9414 43.3984
446.8750 49.0234 0.9883 43.3984
446.8750 49.0234 0.9414 40.5859
571.8750 45.5078 0.9883 40.5859
496.8750 32.1484 0.9039 37.7734
521.8750 32.1484 0.9039 37.7734
496.8750 39.8828 0.9039 37.7734
496.8750 32.1484 0.9258 37.7734
496.8750 32.1484 0.9039 12.4609
521.8750 39.8828 0.9258 12.4609
696.8750 54.6484 0.9539 15.2734
321.8750 54.6484 0.9539 15.2734
696.8750 17.3828 0.9539 15.2734
696.8750 54.6484 0.9758 15.2734
696.8750 54.6484 0.9539 34.9609
321.8750 17.3828 0.9758 34.9609
596.8750 20.8984 0.9289 49.0234
421.8750 20.8984 0.9289 49.0234
596.8750 28.6328 0.9289 49.0234
596.8750 20.8984 0.9008 49.0234
596.8750 20.8984 0.9289 46.2109
421.8750 28.6328 0.9008 46.2109
396.8750 43.3984 0.9789 26.5234
621.8750 43.3984 0.9789 26.5234
396.8750 51.1328 0.9789 26.5234
396.8750 43.3984 0.9508 26.5234
396.8750 43.3984 0.9789 23.7109
621.8750 51.1328 0.9508 23.7109
371.8750 23.7109 0.9352 12.4609
496.8750 23.7109 0.9352 12.4609
371.8750 48.3203 0.9352 12.4609
371.8750 23.7109 0.9320 12.4609
371.8750 23.7109 0.9352 15.2734
496.8750 48.3203 0.9320 15.2734
571.8750 46.2109 0.9852 34.9609
696.8750 46.2109 0.9852 34.9609
571.8750 25.8203 0.9852 34.9609
571.8750 46.2109 0.9820 34.9609
571.8750 46.2109 0.9852 37.7734
696.8750 25.8203 0.9820 37.7734
671.8750 12.4609 0.9102 23.7109
596.8750 12.4609 0.9102 23.7109
671.8750 14.5703 0.9102 23.7109
671.8750 12.4609 0.9070 23.7109
671.8750 12.4609 0.9102 49.0234
596.8750 14.5703 0.9070 49.0234
471.8750 34.9609 0.9602 46.2109
396.8750 34.9609 0.9602 46.2109
471.8750 37.0703 0.9602 46.2109
471.8750 34.9609 0.9570 46.2109
471.8750 34.9609 0.9602 26.5234
396.8750 37.0703 0.9570 26.5234
421.8750 18.0859 0.9977 51.8359
346.8750 18.0859 0.9977 51.8359
421.8750 53.9453 0.9977 51.8359
421.8750 18.0859 0.9195 51.8359
421.8750 18.0859 0.9977 54.6484
346.8750 53.9453 0.9195 54.6484
621.8750 40.5859 0.9477 29.3359
546.8750 40.5859 0.9477 29.3359
621.8750 31.4453 0.9477 29.3359
621.8750 40.5859 0.9695 29.3359
621.8750 40.5859 0.9477 32.1484
546.8750 31.4453 0.9695 32.1484
521.8750 29.3359 0.9727 40.5859
646.8750 29.3359 0.9727 40.5859
521.8750 20.1953 0.9727 40.5859
521.8750 29.3359 0.9445 40.5859
521.8750 29.3359 0.9727 20.8984
646.8750 20.1953 0.9445 20.8984
321.8750 51.8359 0.9227 18.0859
446.8750 51.8359 0.9227 18.0859
321.8750 42.6953 0.9227 18.0859
321.8750 51.8359 0.9945 18.0859
321.8750 51.8359 0.9227 43.3984
446.8750 42.6953 0.9945 43.3984
315.6250 15.9766 0.9398 25.8203
503.1250 15.9766 0.9398 25.8203
315.6250 37.7734 0.9398 25.8203
315.6250 15.9766 0.9398 25.8203
315.6250 15.9766 0.9398 37.0703
503.1250 37.7734 0.9398 37.0703
515.6250 38.4766 0.9898 48.3203
303.1250 38.4766 0.9898 48.3203
515.6250 15.2734 0.9898 48.3203
515.6250 38.4766 0.9898 48.3203
515.6250 38.4766 0.9898 14.5703
303.1250 15.2734 0.9898 14.5703
615.6250 27.2266 0.9148 14.5703
403.1250 27.2266 0.9148 14.5703
615.6250 26.5234 0.9148 14.5703
615.6250 27.2266 0.9148 14.5703
615.6250 27.2266 0.9148 25.8203
403.1250 26.5234 0.9148 25.8203
415.6250 49.7266 0.9648 37.0703
603.1250 49.7266 0.9648 37.0703
415.6250 49.0234 0.9648 37.0703
415.6250 49.7266 0.9648 37.0703
415.6250 49.7266 0.9648 48.3203
603.1250 49.0234 0.9648 48.3203
465.6250 21.6016 0.9773 42.6953
653.1250 21.6016 0.9773 42.6953
465.6250 43.3984 0.9773 42.6953
465.6250 21.6016 0.9023 42.6953
465.6250 21.6016 0.9773 31.4453
653.1250 43.3984 0.9023 31.4453
665.6250 44.1016 0.9273 20.1953
453.1250 44.1016 0.9273 20.1953
665.6250 20.8984 0.9273 20.1953
665.6250 44.1016 0.9523 20.1953
665.6250 44.1016 0.9273 53.9453
453.1250 20.8984 0.9523 53.9453
565.6250 10.3516 0.9523 53.9453
353.1250 10.3516 0.9523 53.9453
565.6250 32.1484 0.9523 53.9453
565.6250 10.3516 0.9273 53.9453
565.6250 10.3516 0.9523 42.6953
353.1250 32.1484 0.9273 42.6953
365.6250 32.8516 0.9023 31.4453
553.1250 32.8516 0.9023 31.4453
365.6250 54.6484 0.9023 31.4453
365.6250 32.8516 0.9773 31.4453
365.6250 32.8516 0.9023 20.1953
553.1250 54.6484 0.9773 20.1953
390.6250 30.0391 0.9586 17.3828
328.1250 30.0391 0.9586 17.3828
390.6250 46.2109 0.9586 17.3828
390.6250 30.0391 0.9086 17.3828
390.6250 30.0391 0.9586 28.6328
328.1250 46.2109 0.9086 28.6328
590.6250 52.5391 0.9086 39.8828
528.1250 52.5391 0.9086 39.8828
590.6250 23.7109 0.9086 39.8828
590.6250 52.5391 0.9586 39.8828
590.6250 52.5391 0.9086 51.1328
528.1250 23.7109 0.9586 51.1328
690.6250 18.7891 0.9836 28.6328
628.1250 18.7891 0.9836 28.6328
690.6250 12.4609 0.9836 28.6328
690.6250 18.7891 0.9336 28.6328
690.6250 18.7891 0.9836 39.8828
628.1250 12.4609 0.9336 39.8828
490.6250 41.2891 0.9336 51.1328
428.1250 41.2891 0.9336 51.1328
490.6250 34.9609 0.9336 51.1328
490.6250 41.2891 0.9836 51.1328
490.6250 41.2891 0.9336 17.3828
428.1250 34.9609 0.9836 17.3828
440.6250 13.1641 0.9211 45.5078
478.1250 13.1641 0.9211 45.5078
440.6250 51.8359 0.9211 45.5078
440.6250 13.1641 0.9461 45.5078
440.6250 13.1641 0.9211 34.2578
478.1250 51.8359 0.9461 34.2578
640.6250 35.6641 0.9711 23.0078
678.1250 35.6641 0.9711 23.0078
640.6250 29.3359 0.9711 23.0078
640.6250 35.6641 0.9961 23.0078
640.6250 35.6641 0.9711 11.7578
678.1250 29.3359 0.9961 11.7578
540.6250 24.4141 0.9461 34.2578
578.1250 24.4141 0.9461 34.2578
540.6250 18.0859 0.9461 34.2578
540.6250 24.4141 0.9211 34.2578
540.6250 24.4141 0.9461 23.0078
578.1250 18.0859 0.9211 23.0078
340.6250 46.9141 0.9961 11.7578
378.1250 46.9141 0.9961 11.7578
340.6250 40.5859 0.9961 11.7578
340.6250 46.9141 0.9711 11.7578
340.6250 46.9141 0.9961 45.5078
378.1250 40.5859 0.9711 45.5078
328.1250 25.8203 0.9117 52.5391
615.6250 25.8203 0.9117 52.5391
328.1250 27.9297 0.9117 52.5391
328.1250 25.8203 0.9930 52.5391
328.1250 25.8203 0.9117 21.6016
615.6250 27.9297 0.9930 21.6016
528.1250 48.3203 0.9617 30.0391
415.6250 48.3203 0.9617 30.0391
528.1250 50.4297 0.9617 30.0391
528.1250 48.3203 0.9430 30.0391
528.1250 48.3203 0.9617 44.1016
415.6250 50.4297 0.9430 44.1016
628.1250 14.5703 0.9367 41.2891
315.6250 14.5703 0.9367 41.2891
628.1250 39.1797 0.9367 41.2891
628.1250 14.5703 0.9680 41.2891
628.1250 14.5703 0.9367 32.8516
315.6250 39.1797 0.9680 32.8516
428.1250 37.0703 0.9867 18.7891
515.6250 37.0703 0.9867 18.7891
428.1250 16.6797 0.9867 18.7891
428.1250 37.0703 0.9180 18.7891
428.1250 37.0703 0.9867 10.3516
515.6250 16.6797 0.9180 10.3516
478.1250 20.1953 0.9742 13.1641
565.6250 20.1953 0.9742 13.1641
478.1250 22.3047 0.9742 13.1641
478.1250 20.1953 0.9555 13.1641
478.1250 20.1953 0.9742 38.4766
565.6250 22.3047 0.9555 38.4766
678.1250 42.6953 0.9242 35.6641
365.6250 42.6953 0.9242 35.6641
678.1250 44.8047 0.9242 35.6641
678.1250 42.6953 0.9055 35.6641
678.1250 42.6953 0.9242 15.9766
365.6250 44.8047 0.9055 15.9766
578.1250 31.4453 0.9992 24.4141
465.6250 31.4453 0.9992 24.4141
578.1250 33.5547 0.9992 24.4141
578.1250 31.4453 0.9805 24.4141
578.1250 31.4453 0.9992 27.2266
465.6250 33.5547 0.9805 27.2266
378.1250 53.9453 0.9492 46.9141
665.6250 53.9453 0.9492 46.9141
378.1250 11.0547 0.9492 46.9141
378.1250 53.9453 0.9305 46.9141
378.1250 53.9453 0.9492 49.7266
665.6250 11.0547 0.9305 49.7266
353.1250 11.7578 0.9930 32.8516
440.6250 11.7578 0.9930 32.8516
353.1250 19.4922 0.9930 32.8516
353.1250 11.7578 0.9617 32.8516
353.1250 11.7578 0.9930 41.2891
440.6250 19.4922 0.9617 41.2891
553.1250 34.2578 0.9430 10.3516
640.6250 34.2578 0.9430 10.3516
553.1250 41.9922 0.9430 10.3516
553.1250 34.2578 0.9117 10.3516
553.1250 34.2578 0.9430 18.7891
640.6250 41.9922 0.9117 18.7891
653.1250 23.0078 0.9680 44.1016
540.6250 23.0078 0.9680 44.1016
653.1250 53.2422 0.9680 44.1016
653.1250 23.0078 0.9867 44.1016
653.1250 23.0078 0.9680 30.0391
540.6250 53.2422 0.9867 30.0391
453.1250 45.5078 0.9180 21.6016
340.6250 45.5078 0.9180 21.6016
453.1250 30.7422 0.9180 21.6016
453.1250 45.5078 0.9367 21.6016
453.1250 45.5078 0.9180 52.5391
340.6250 30.7422 0.9367 52.5391
403.1250 28.6328 0.9305 27.2266
390.6250 28.6328 0.9305 27.2266
403.1250 13.8672 0.9305 27.2266
403.1250 28.6328 0.9992 27.2266
403.1250 28.6328 0.9305 24.4141
390.6250 13.8672 0.9992 24.4141
603.1250 51.1328 0.9805 49.7266
590.6250 51.1328 0.9805 49.7266
603.1250 36.3672 0.9805 49.7266
603.1250 51.1328 0.9492 49.7266
603.1250 51.1328 0.9805 46.9141
590.6250 36.3672 0.9492 46.9141
503.1250 17.3828 0.9055 15.9766
690.6250 17.3828 0.9055 15.9766
503.1250 47.6172 0.9055 15.9766
503.1250 17.3828 0.9742 15.9766
503.1250 17.3828 0.9055 35.6641
690.6250 47.6172 0.9742 35.6641
303.1250 39.8828 0.9555 38.4766
490.6250 39.8828 0.9555 38.4766
303.1250 25.1172 0.9555 38.4766
303.1250 39.8828 0.9242 38.4766
303.1250 39.8828 0.9555 13.1641
490.6250 25.1172 0.9242 13.1641
304.6875 24.9414 0.9293 18.6133
660.9375 24.9414 0.9293 18.6133
304.6875 40.4102 0.9293 18.6133
304.6875 24.9414 0.9863 18.6133
304.6875 24.9414 0.9293 21.0742
660.9375 40.4102 0.9863 21.0742
504.6875 47.4414 0.9793 41.1133
460.9375 47.4414 0.9793 41.1133
504.6875 17.9102 0.9793 41.1133
504.6875 47.4414 0.9363 41.1133
504.6875 47.4414 0.9793 43.5742
460.9375 17.9102 0.9363 43.5742
604.6875 13.6914 0.9043 29.8633
360.9375 13.6914 0.9043 29.8633
604.6875 29.1602 0.9043 29.8633
604.6875 13.6914 0.9613 29.8633
604.6875 13.6914 0.9043 54.8242
360.9375 29.1602 0.9613 54.8242
404.6875 36.1914 0.9543 52.3633
560.9375 36.1914 0.9543 52.3633
404.6875 51.6602 0.9543 52.3633
404.6875 36.1914 0.9113 52.3633
404.6875 36.1914 0.9543 32.3242
560.9375 51.6602 0.9113 32.3242
454.6875 19.3164 0.9918 46.7383
510.9375 19.3164 0.9918 46.7383
454.6875 34.7852 0.9918 46.7383
454.6875 19.3164 0.9738 46.7383
454.6875 19.3164 0.9918 49.1992
510.9375 34.7852 0.9738 49.1992
654.6875 41.8164 0.9418 24.2383
310.9375 41.8164 0.9418 24.2383
654.6875 12.2852 0.9418 24.2383
654.6875 41.8164 0.9238 24.2383
654.6875 41.8164 0.9418 26.6992
310.9375 12.2852 0.9238 26.6992
554.6875 30.5664 0.9668 35.4883
410.9375 30.5664 0.9668 35.4883
554.6875 23.5352 0.9668 35.4883
554.6875 30.5664 0.9988 35.4883
554.6875 30.5664 0.9668 15.4492
410.9375 23.5352 0.9988 15.4492
354.6875 53.0664 0.9168 12.9883
610.9375 53.0664 0.9168 12.9883
354.6875 46.0352 0.9168 12.9883
354.6875 53.0664 0.9488 12.9883
354.6875 53.0664 0.9168 37.9492
610.9375 46.0352 0.9488 37.9492
379.6875 10.8789 0.9730 21.4258
485.9375 10.8789 0.9730 21.4258
379.6875 54.4727 0.9730 21.4258
379.6875 10.8789 0.9676 21.4258
379.6875 10.8789 0.9730 46.3867
485.9375 54.4727 0.9676 46.3867
579.6875 33.3789 0.9230 43.9258
685.9375 33.3789 0.9230 43.9258
579.6875 31.9727 0.9230 43.9258
579.6875 33.3789 0.9176 43.9258
579.6875 33.3789 0.9230 23.8867
685.9375 31.9727 0.9176 23.8867
679.6875 22.1289 0.9980 10.1758
585.9375 22.1289 0.9980 10.1758
679.6875 20.7227 0.9980 10.1758
679.6875 22.1289 0.9926 10.1758
679.6875 22.1289 0.9980 12.6367
585.9375 20.7227 0.9926 12.6367
479.6875 44.6289 0.9480 32.6758
385.9375 44.6289 0.9480 32.6758
479.6875 43.2227 0.9480 32.6758
479.6875 44.6289 0.9426 32.6758
479.6875 44.6289 0.9480 35.1367
385.9375 43.2227 0.9426 35.1367
429.6875 27.7539 0.9105 38.3008
335.9375 27.7539 0.9105 38.3008
429.6875 48.8477 0.9105 38.3008
429.6875 27.7539 0.9801 38.3008
429.6875 27.7539 0.9105 18.2617
335.9375 48.8477 0.9801 18.2617
629.6875 50.2539 0.9605 15.8008
535.9375 50.2539 0.9605 15.8008
629.6875 26.3477 0.9605 15.8008
629.6875 50.2539 0.9301 15.8008
629.6875 50.2539 0.9605 40.7617
535.9375 26.3477 0.9301 40.7617
529.6875 16.5039 0.9355 49.5508
635.9375 16.5039 0.9355 49.5508
529.6875 15.0977 0.9355 49.5508
529.6875 16.5039 0.9551 49.5508
529.6875 16.5039 0.9355 52.0117
635.9375 15.0977 0.9551 52.0117
329.6875 39.0039 0.9855 27.0508
435.9375 39.0039 0.9855 27.0508
329.6875 37.5977 0.9855 27.0508
329.6875 39.0039 0.9051 27.0508
329.6875 39.0039 0.9855 29.5117
435.9375 37.5977 0.9051 29.5117
342.1875 17.9102 0.9199 36.8945
573.4375 17.9102 0.9199 36.8945
342.1875 24.9414 0.9199 36.8945
342.1875 17.9102 0.9332 36.8945
342.1875 17.9102 0.9199 50.6055
573.4375 24.9414 0.9332 50.6055
542.1875 40.4102 0.9699 14.3945
373.4375 40.4102 0.9699 14.3945
542.1875 47.4414 0.9699 14.3945
542.1875 40.4102 0.9832 14.3945
542.1875 40.4102 0.9699 28.1055
373.4375 47.4414 0.9832 28.1055
642.1875 29.1602 0.9449 48.1445
473.4375 29.1602 0.9449 48.1445
642.1875 36.1914 0.9449 48.1445
642.1875 29.1602 0.9082 48.1445
642.1875 29.1602 0.9449 16.8555
473.4375 36.1914 0.9082 16.8555
442.1875 51.6602 0.9949 25.6445
673.4375 51.6602 0.9949 25.6445
442.1875 13.6914 0.9949 25.6445
442.1875 51.6602 0.9582 25.6445
442.1875 51.6602 0.9949 39.3555
673.4375 13.6914 0.9582 39.3555
492.1875 23.5352 0.9574 31.2695
623.4375 23.5352 0.9574 31.2695
492.1875 30.5664 0.9574 31.2695
492.1875 23.5352 0.9207 31.2695
492.1875 23.5352 0.9574 11.2305
623.4375 30.5664 0.9207 11.2305
692.1875 46.0352 0.9074 53.7695
423.4375 46.0352 0.9074 53.7695
692.1875 53.0664 0.9074 53.7695
692.1875 46.0352 0.9707 53.7695
692.1875 46.0352 0.9074 33.7305
423.4375 53.0664 0.9707 33.7305
592.1875 12.2852 0.9824 20.0195
323.4375 12.2852 0.9824 20.0195
592.1875 41.8164 0.9824 20.0195
592.1875 12.2852 0.9457 20.0195
592.1875 12.2852 0.9824 44.9805
323.4375 41.8164 0.9457 44.9805
392.1875 34.7852 0.9324 42.5195
523.4375 34.7852 0.9324 42.5195
392.1875 19.3164 0.9324 42.5195
392.1875 34.7852 0.9957 42.5195
392.1875 34.7852 0.9324 22.4805
523.4375 19.3164 0.9957 22.4805
367.1875 31.9727 0.9762 50.9570
398.4375 31.9727 0.9762 50.9570
367.1875 10.8789 0.9762 50.9570
367.1875 31.9727 0.9145 50.9570
367.1875 31.9727 0.9762 14.0430
398.4375 10.8789 0.9145 14.0430
567.1875 54.4727 0.9262 28.4570
598.4375 54.4727 0.9262 28.4570
567.1875 33.3789 0.9262 28.4570
567.1875 54.4727 0.9645 28.4570
567.1875 54.4727 0.9262 36.5430
598.4375 33.3789 0.9645 36.5430
667.1875 20.7227 0.9512 39.7070
698.4375 20.7227 0.9512 39.7070
667.1875 44.6289 0.9512 39.7070
667.1875 20.7227 0.9395 39.7070
667.1875 20.7227 0.9512 47.7930
698.4375 44.6289 0.9395 47.7930
467.1875 43.2227 0.9012 17.2070
498.4375 43.2227 0.9012 17.2070
467.1875 22.1289 0.9012 17.2070
467.1875 43.2227 0.9895 17.2070
467.1875 43.2227 0.9012 25.2930
498.4375 22.1289 0.9895 25.2930
417.1875 15.0977 0.9387 11.5820
448.4375 15.0977 0.9387 11.5820
417.1875 16.5039 0.9387 11.5820
417.1875 15.0977 0.9270 11.5820
417.1875 15.0977 0.9387 53.4180
448.4375 16.5039 0.9270 53.4180
617.1875 37.5977 0.9887 34.0820
648.4375 37.5977 0.9887 34.0820
617.1875 39.0039 0.9887 34.0820
617.1875 37.5977 0.9770 34.0820
617.1875 37.5977 0.9887 30.9180
648.4375 39.0039 0.9770 30.9180
517.1875 26.3477 0.9137 22.8320
548.4375 26.3477 0.9137 22.8320
517.1875 50.2539 0.9137 22.8320
517.1875 26.3477 0.9020 22.8320
517.1875 26.3477 0.9137 19.6680
548.4375 50.2539 0.9020 19.6680
317.1875 48.8477 0.9637 45.3320
348.4375 48.8477 0.9637 45.3320
317.1875 27.7539 0.9637 45.3320
317.1875 48.8477 0.9520 45.3320
317.1875 48.8477 0.9637 42.1680
348.4375 27.7539 0.9520 42.1680
323.4375 12.9883 0.9996 43.2227
604.6875 12.9883 0.9996 43.2227
323.4375 21.4258 0.9996 43.2227
323.4375 12.9883 0.9066 43.2227
323.4375 12.9883 0.9996 35.8398
604.6875 21.4258 0.9066 35.8398
523.4375 35.4883 0.9496 20.7227
404.6875 35.4883 0.9496 20.7227
523.4375 43.9258 0.9496 20.7227
523.4375 35.4883 0.9566 20.7227
523.4375 35.4883 0.9496 13.3398
404.6875 43.9258 0.9566 13.3398
623.4375 24.2383 0.9746 54.4727
304.6875 24.2383 0.9746 54.4727
623.4375 32.6758 0.9746 54.4727
623.4375 24.2383 0.9316 54.4727
623.4375 24.2383 0.9746 24.5898
304.6875 32.6758 0.9316 24.5898
423.4375 46.7383 0.9246 31.9727
504.6875 46.7383 0.9246 31.9727
423.4375 10.1758 0.9246 31.9727
423.4375 46.7383 0.9816 31.9727
423.4375 46.7383 0.9246 47.0898
504.6875 10.1758 0.9816 47.0898
473.4375 29.8633 0.9371 26.3477
554.6875 29.8633 0.9371 26.3477
473.4375 27.0508 0.9371 26.3477
473.4375 29.8633 0.9441 26.3477
473.4375 29.8633 0.9371 30.2148
554.6875 27.0508 0.9441 30.2148
673.4375 52.3633 0.9871 48.8477
354.6875 52.3633 0.9871 48.8477
673.4375 49.5508 0.9871 48.8477
673.4375 52.3633 0.9941 48.8477
673.4375 52.3633 0.9871 52.7148
354.6875 49.5508 0.9941 52.7148
573.4375 18.6133 0.9121 15.0977
454.6875 18.6133 0.9121 15.0977
573.4375 38.3008 0.9121 15.0977
573.4375 18.6133 0.9191 15.0977
573.4375 18.6133 0.9121 41.4648
454.6875 38.3008 0.9191 41.4648
373.4375 41.1133 0.9621 37.5977
654.6875 41.1133 0.9621 37.5977
373.4375 15.8008 0.9621 37.5977
373.4375 41.1133 0.9691 37.5977
373.4375 41.1133 0.9621 18.9648
654.6875 15.8008 0.9691 18.9648
398.4375 21.4258 0.9059 46.0352
429.6875 21.4258 0.9059 46.0352
398.4375 12.9883 0.9059 46.0352
398.4375 21.4258 0.9379 46.0352
398.4375 21.4258 0.9059 27.4023
429.6875 12.9883 0.9379 27.4023
598.4375 43.9258 0.9559 23.5352
629.6875 43.9258 0.9559 23.5352
598.4375 35.4883 0.9559 23.5352
598.4375 43.9258 0.9879 23.5352
598.4375 43.9258 0.9559 49.9023
629.6875 35.4883 0.9879 49.9023
698.4375 10.1758 0.9309 34.7852
529.6875 10.1758 0.9309 34.7852
698.4375 46.7383 0.9309 34.7852
698.4375 10.1758 0.9129 34.7852
698.4375 10.1758 0.9309 38.6523
529.6875 46.7383 0.9129 38.6523
498.4375 32.6758 0.9809 12.2852
329.6875 32.6758 0.9809 12.2852
498.4375 24.2383 0.9809 12.2852
498.4375 32.6758 0.9629 12.2852
498.4375 32.6758 0.9809 16.1523
329.6875 24.2383 0.9629 16.1523
448.4375 15.8008 0.9684 17.9102
379.6875 15.8008 0.9684 17.9102
448.4375 18.6133 0.9684 17.9102
448.4375 15.8008 0.9004 17.9102
448.4375 15.8008 0.9684 33.0273
379.6875 18.6133 0.9004 33.0273
648.4375 38.3008 0.9184 40.4102
579.6875 38.3008 0.9184 40.4102
648.4375 41.1133 0.9184 40.4102
648.4375 38.3008 0.9504 40.4102
648.4375 38.3008 0.9184 10.5273
579.6875 41.1133 0.9504 10.5273
548.4375 27.0508 0.9934 29.1602
679.6875 27.0508 0.9934 29.1602
548.4375 52.3633 0.9934 29.1602
548.4375 27.0508 0.9254 29.1602
548.4375 27.0508 0.9934 21.7773
679.6875 52.3633 0.9254 21.7773
348.4375 49.5508 0.9434 51.6602
479.6875 49.5508 0.9434 51.6602
348.4375 29.8633 0.9434 51.6602
348.4375 49.5508 0.9754 51.6602
348.4375 49.5508 0.9434 44.2773
479.6875 29.8633 0.9754 44.2773
335.9375 28.4570 0.9527 13.6914
517.1875 28.4570 0.9527 13.6914
335.9375 42.5195 0.9527 13.6914
335.9375 28.4570 0.9598 13.6914
335.9375 28.4570 0.9527 23.1836
517.1875 42.5195 0.9598 23.1836
535.9375 50.9570 0.9027 36.1914
317.1875 50.9570 0.9027 36.1914
535.9375 20.0195 0.9027 36.1914
535.9375 50.9570 0.9098 36.1914
535.9375 50.9570 0.9027 45.6836
317.1875 20.0195 0.9098 45.6836
635.9375 17.2070 0.9777 24.9414
417.1875 17.2070 0.9777 24.9414
635.9375 31.2695 0.9777 24.9414
635.9375 17.2070 0.9848 24.9414
635.9375 17.2070 0.9777 34.4336
417.1875 31.2695 0.9848 34.4336
435.9375 39.7070 0.9277 47.4414
617.1875 39.7070 0.9277 47.4414
435.9375 53.7695 0.9277 47.4414
435.9375 39.7070 0.9348 47.4414
435.9375 39.7070 0.9277 11.9336
617.1875 53.7695 0.9348 11.9336
485.9375 11.5820 0.9152 53.0664
667.1875 11.5820 0.9152 53.0664
485.9375 36.8945 0.9152 53.0664
485.9375 11.5820 0.9973 53.0664
485.9375 11.5820 0.9152 40.0586
667.1875 36.8945 0.9973 40.0586
685.9375 34.0820 0.9652 30.5664
467.1875 34.0820 0.9652 30.5664
685.9375 14.3945 0.9652 30.5664
685.9375 34.0820 0.9473 30.5664
685.9375 34.0820 0.9652 17.5586
467.1875 14.3945 0.9473 17.5586
585.9375 22.8320 0.9402 41.8164
367.1875 22.8320 0.9402 41.8164
585.9375 25.6445 0.9402 41.8164
585.9375 22.8320 0.9723 41.8164
585.9375 22.8320 0.9402 28.8086
367.1875 25.6445 0.9723 28.8086
385.9375 45.3320 0.9902 19.3164
567.1875 45.3320 0.9902 19.3164
385.9375 48.1445 0.9902 19.3164
385.9375 45.3320 0.9223 19.3164
385.9375 45.3320 0.9902 51.3086
567.1875 48.1445 0.9223 51.3086
360.9375 20.0195 0.9465 27.7539
342.1875 20.0195 0.9465 27.7539
360.9375 50.9570 0.9465 27.7539
360.9375 20.0195 0.9910 27.7539
360.9375 20.0195 0.9465 42.8711
342.1875 50.9570 0.9910 42.8711
560.9375 42.5195 0.9965 50.2539
542.1875 42.5195 0.9965 50.2539
560.9375 28.4570 0.9965 50.2539
560.9375 42.5195 0.9410 50.2539
560.9375 42.5195 0.9965 20.3711
542.1875 28.4570 0.9410 20.3711
660.9375 31.2695 0.9215 16.5039
642.1875 31.2695 0.9215 16.5039
660.9375 17.2070 0.9215 16.5039
660.9375 31.2695 0.9660 16.5039
660.9375 31.2695 0.9215 31.6211
642.1875 17.2070 0.9660 31.6211
460.9375 53.7695 0.9715 39.0039
442.1875 53.7695 0.9715 39.0039
460.9375 39.7070 0.9715 39.0039
460.9375 53.7695 0.9160 39.0039
460.9375 53.7695 0.9715 54.1211
442.1875 39.7070 0.9160 54.1211
410.9375 25.6445 0.9840 33.3789
492.1875 25.6445 0.9840 33.3789
410.9375 45.3320 0.9840 33.3789
410.9375 25.6445 0.9535 33.3789
410.9375 25.6445 0.9840 25.9961
492.1875 45.3320 0.9535 25.9961
610.9375 48.1445 0.9340 10.8789
692.1875 48.1445 0.9340 10.8789
610.9375 22.8320 0.9340 10.8789
610.9375 48.1445 0.9035 10.8789
610.9375 48.1445 0.9340 48.4961
692.1875 22.8320 0.9035 48.4961
510.9375 14.3945 0.9590 44.6289
592.1875 14.3945 0.9590 44.6289
510.9375 11.5820 0.9590 44.6289
510.9375 14.3945 0.9785 44.6289
510.9375 14.3945 0.9590 37.2461
592.1875 11.5820 0.9785 37.2461
310.9375 36.8945 0.9090 22.1289
392.1875 36.8945 0.9090 22.1289
310.9375 34.0820 0.9090 22.1289
310.9375 36.8945 0.9285 22.1289
310.9375 36.8945 0.9090 14.7461
392.1875 34.0820 0.9285 14.7461
307.8125 18.9648 0.9598 50.6055
401.5625 18.9648 0.9598 50.6055
307.8125 49.1992 0.9598 50.6055
307.8125 18.9648 0.9465 50.6055
307.8125 18.9648 0.9598 11.5820
401.5625 49.1992 0.9465 11.5820
507.8125 41.4648 0.9098 28.1055
601.5625 41.4648 0.9098 28.1055
507.8125 26.6992 0.9098 28.1055
507.8125 41.4648 0.9965 28.1055
507.8125 41.4648 0.9098 34.0820
601.5625 26.6992 0.9965 34.0820
607.8125 30.2148 0.9848 39.3555
501.5625 30.2148 0.9848 39.3555
607.8125 15.4492 0.9848 39.3555
607.8125 30.2148 0.9215 39.3555
607.8125 30.2148 0.9848 45.3320
501.5625 15.4492 0.9215 45.3320
407.8125 52.7148 0.9348 16.8555
301.5625 52.7148 0.9348 16.8555
407.8125 37.9492 0.9348 16.8555
407.8125 52.7148 0.9715 16.8555
407.8125 52.7148 0.9348 22.8320
301.5625 37.9492 0.9715 22.8320
457.8125 24.5898 0.9223 11.2305
351.5625 24.5898 0.9223 11.2305
457.8125 54.8242 0.9223 11.2305
457.8125 24.5898 0.9090 11.2305
457.8125 24.5898 0.9223 50.9570
351.5625 54.8242 0.9090 50.9570
657.8125 47.0898 0.9723 33.7305
551.5625 47.0898 0.9723 33.7305
657.8125 32.3242 0.9723 33.7305
657.8125 47.0898 0.9590 33.7305
657.8125 47.0898 0.9723 28.4570
551.5625 32.3242 0.9590 28.4570
557.8125 13.3398 0.9473 22.4805
651.5625 13.3398 0.9473 22.4805
557.8125 21.0742 0.9473 22.4805
557.8125 13.3398 0.9340 22.4805
557.8125 13.3398 0.9473 17.2070
651.5625 21.0742 0.9340 17.2070
357.8125 35.8398 0.9973 44.9805
451.5625 35.8398 0.9973 44.9805
357.8125 43.5742 0.9973 44.9805
357.8125 35.8398 0.9840 44.9805
357.8125 35.8398 0.9973 39.7070
451.5625 43.5742 0.9840 39.7070
382.8125 27.4023 0.9410 36.5430
626.5625 27.4023 0.9410 36.5430
382.8125 35.1367 0.9410 36.5430
382.8125 27.4023 0.9027 36.5430
382.8125 27.4023 0.9410 53.7695
626.5625 35.1367 0.9027 53.7695
582.8125 49.9023 0.9910 14.0430
426.5625 49.9023 0.9910 14.0430
582.8125 12.6367 0.9910 14.0430
582.8125 49.9023 0.9527 14.0430
582.8125 49.9023 0.9910 31.2695
426.5625 12.6367 0.9527 31.2695
682.8125 16.1523 0.9160 47.7930
326.5625 16.1523 0.9160 47.7930
682.8125 23.8867 0.9160 47.7930
682.8125 16.1523 0.9277 47.7930
682.8125 16.1523 0.9160 20.0195
326.5625 23.8867 0.9277 20.0195
482.8125 38.6523 0.9660 25.2930
526.5625 38.6523 0.9660 25.2930
482.8125 46.3867 0.9660 25.2930
482.8125 38.6523 0.9777 25.2930
482.8125 38.6523 0.9660 42.5195
526.5625 46.3867 0.9777 42.5195
432.8125 10.5273 0.9785 30.9180
576.5625 10.5273 0.9785 30.9180
432.8125 40.7617 0.9785 30.9180
432.8125 10.5273 0.9402 30.9180
432.8125 10.5273 0.9785 14.3945
576.5625 40.7617 0.9402 14.3945
632.8125 33.0273 0.9285 53.4180
376.5625 33.0273 0.9285 53.4180
632.8125 18.2617 0.9285 53.4180
632.8125 33.0273 0.9902 53.4180
632.8125 33.0273 0.9285 36.8945
376.5625 18.2617 0.9902 36.8945
532.8125 21.7773 0.9535 19.6680
476.5625 21.7773 0.9535 19.6680
532.8125 29.5117 0.9535 19.6680
532.8125 21.7773 0.9152 19.6680
532.8125 21.7773 0.9535 48.1445
476.5625 29.5117 0.9152 48.1445
332.8125 44.2773 0.9035 42.1680
676.5625 44.2773 0.9035 42.1680
332.8125 52.0117 0.9035 42.1680
332.8125 44.2773 0.9652 42.1680
332.8125 44.2773 0.9035 25.6445
676.5625 52.0117 0.9652 25.6445
345.3125 23.1836 0.9879 23.8867
314.0625 23.1836 0.9879 23.8867
345.3125 16.8555 0.9879 23.8867
345.3125 23.1836 0.9996 23.8867
345.3125 23.1836 0.9879 46.7383
314.0625 16.8555 0.9996 46.7383
545.3125 45.6836 0.9379 46.3867
514.0625 45.6836 0.9379 46.3867
545.3125 39.3555 0.9379 46.3867
545.3125 45.6836 0.9496 46.3867
545.3125 45.6836 0.9379 24.2383
514.0625 39.3555 0.9496 24.2383
645.3125 11.9336 0.9629 12.6367
614.0625 11.9336 0.9629 12.6367
645.3125 50.6055 0.9629 12.6367
645.3125 11.9336 0.9746 12.6367
645.3125 11.9336 0.9629 12.9883
614.0625 50.6055 0.9746 12.9883
445.3125 34.4336 0.9129 35.1367
414.0625 34.4336 0.9129 35.1367
445.3125 28.1055 0.9129 35.1367
445.3125 34.4336 0.9246 35.1367
445.3125 34.4336 0.9129 35.4883
414.0625 28.1055 0.9246 35.4883
495.3125 17.5586 0.9254 40.7617
464.0625 17.5586 0.9254 40.7617
495.3125 11.2305 0.9254 40.7617
495.3125 17.5586 0.9621 40.7617
495.3125 17.5586 0.9254 18.6133
464.0625 11.2305 0.9621 18.6133
695.3125 40.0586 0.9754 18.2617
664.0625 40.0586 0.9754 18.2617
695.3125 33.7305 0.9754 18.2617
695.3125 40.0586 0.9121 18.2617
695.3125 40.0586 0.9754 41.1133
664.0625 33.7305 0.9121 41.1133
595.3125 28.8086 0.9004 52.0117
564.0625 28.8086 0.9004 52.0117
595.3125 44.9805 0.9004 52.0117
595.3125 28.8086 0.9871 52.0117
595.3125 28.8086 0.9004 52.3633
564.0625 44.9805 0.9871 52.3633
395.3125 51.3086 0.9504 29.5117
364.0625 51.3086 0.9504 29.5117
395.3125 22.4805 0.9504 29.5117
395.3125 51.3086 0.9371 29.5117
395.3125 51.3086 0.9504 29.8633
364.0625 22.4805 0.9371 29.8633
370.3125 14.7461 0.9066 21.0742
539.0625 14.7461 0.9066 21.0742
370.3125 30.9180 0.9066 21.0742
370.3125 14.7461 0.9559 21.0742
370.3125 14.7461 0.9066 15.8008
539.0625 30.9180 0.9559 15.8008
570.3125 37.2461 0.9566 43.5742
339.0625 37.2461 0.9566 43.5742
570.3125 53.4180 0.9566 43.5742
570.3125 37.2461 0.9059 43.5742
570.3125 37.2461 0.9566 38.3008
339.0625 53.4180 0.9059 38.3008
670.3125 25.9961 0.9316 32.3242
439.0625 25.9961 0.9316 32.3242
670.3125 42.1680 0.9316 32.3242
670.3125 25.9961 0.9809 32.3242
670.3125 25.9961 0.9316 49.5508
439.0625 42.1680 0.9809 49.5508
470.3125 48.4961 0.9816 54.8242
639.0625 48.4961 0.9816 54.8242
470.3125 19.6680 0.9816 54.8242
470.3125 48.4961 0.9309 54.8242
470.3125 48.4961 0.9816 27.0508
639.0625 19.6680 0.9309 27.0508
420.3125 31.6211 0.9691 49.1992
689.0625 31.6211 0.9691 49.1992
420.3125 25.2930 0.9691 49.1992
420.3125 31.6211 0.9934 49.1992
420.3125 31.6211 0.9691 43.9258
689.0625 25.2930 0.9934 43.9258
620.3125 54.1211 0.9191 26.6992
489.0625 54.1211 0.9191 26.6992
620.3125 47.7930 0.9191 26.6992
620.3125 54.1211 0.9434 26.6992
620.3125 54.1211 0.9191 21.4258
489.0625 47.7930 0.9434 21.4258
520.3125 20.3711 0.9941 37.9492
389.0625 20.3711 0.9941 37.9492
520.3125 36.5430 0.9941 37.9492
520.3125 20.3711 0.9684 37.9492
520.3125 20.3711 0.9941 10.1758
389.0625 36.5430 0.9684 10.1758
320.3125 42.8711 0.9441 15.4492
589.0625 42.8711 0.9441 15.4492
320.3125 14.0430 0.9441 15.4492
320.3125 42.8711 0.9184 15.4492
320.3125 42.8711 0.9441 32.6758
589.0625 14.0430 0.9184 32.6758
314.0625 30.9180 0.9176 28.8086
457.8125 30.9180 0.9176 28.8086
314.0625 18.9648 0.9176 28.8086
314.0625 30.9180 0.9730 28.8086
314.0625 30.9180 0.9176 39.0039
457.8125 18.9648 0.9730 39.0039
514.0625 53.4180 0.9676 51.3086
657.8125 53.4180 0.9676 51.3086
514.0625 41.4648 0.9676 51.3086
514.0625 53.4180 0.9230 51.3086
514.0625 53.4180 0.9676 16.5039
657.8125 41.4648 0.9230 16.5039
614.0625 19.6680 0.9426 17.5586
557.8125 19.6680 0.9426 17.5586
614.0625 52.7148 0.9426 17.5586
614.0625 19.6680 0.9980 17.5586
614.0625 19.6680 0.9426 27.7539
557.8125 52.7148 0.9980 27.7539
414.0625 42.1680 0.9926 40.0586
357.8125 42.1680 0.9926 40.0586
414.0625 30.2148 0.9926 40.0586
414.0625 42.1680 0.9480 40.0586
414.0625 42.1680 0.9926 50.2539
357.8125 30.2148 0.9480 50.2539
464.0625 14.0430 0.9551 34.4336
307.8125 14.0430 0.9551 34.4336
464.0625 13.3398 0.9551 34.4336
464.0625 14.0430 0.9855 34.4336
464.0625 14.0430 0.9551 22.1289
307.8125 13.3398 0.9855 22.1289
664.0625 36.5430 0.9051 11.9336
507.8125 36.5430 0.9051 11.9336
664.0625 35.8398 0.9051 11.9336
664.0625 36.5430 0.9355 11.9336
664.0625 36.5430 0.9051 44.6289
507.8125 35.8398 0.9355 44.6289
564.0625 25.2930 0.9801 45.6836
607.8125 25.2930 0.9801 45.6836
564.0625 47.0898 0.9801 45.6836
564.0625 25.2930 0.9605 45.6836
564.0625 25.2930 0.9801 33.3789
607.8125 47.0898 0.9605 33.3789
364.0625 47.7930 0.9301 23.1836
407.8125 47.7930 0.9301 23.1836
364.0625 24.5898 0.9301 23.1836
364.0625 47.7930 0.9105 23.1836
364.0625 47.7930 0.9301 10.8789
407.8125 24.5898 0.9105 10.8789
389.0625 16.8555 0.9863 14.7461
682.8125 16.8555 0.9863 14.7461
389.0625 27.4023 0.9863 14.7461
389.0625 16.8555 0.9793 14.7461
389.0625 16.8555 0.9863 24.9414
682.8125 27.4023 0.9793 24.9414
589.0625 39.3555 0.9363 37.2461
482.8125 39.3555 0.9363 37.2461
589.0625 49.9023 0.9363 37.2461
589.0625 39.3555 0.9293 37.2461
589.0625 39.3555 0.9363 47.4414
482.8125 49.9023 0.9293 47.4414
689.0625 28.1055 0.9613 25.9961
382.8125 28.1055 0.9613 25.9961
689.0625 38.6523 0.9613 25.9961
689.0625 28.1055 0.9543 25.9961
689.0625 28.1055 0.9613 36.1914
382.8125 38.6523 0.9543 36.1914
489.0625 50.6055 0.9113 48.4961
582.8125 50.6055 0.9113 48.4961
489.0625 16.1523 0.9113 48.4961
489.0625 50.6055 0.9043 48.4961
489.0625 50.6055 0.9113 13.6914
582.8125 16.1523 0.9043 13.6914
439.0625 22.4805 0.9488 54.1211
532.8125 22.4805 0.9488 54.1211
439.0625 21.7773 0.9488 54.1211
439.0625 22.4805 0.9668 54.1211
439.0625 22.4805 0.9488 41.8164
532.8125 21.7773 0.9668 41.8164
639.0625 44.9805 0.9988 31.6211
332.8125 44.9805 0.9988 31.6211
639.0625 44.2773 0.9988 31.6211
639.0625 44.9805 0.9168 31.6211
639.0625 44.9805 0.9988 19.3164
332.8125 44.2773 0.9168 19.3164
539.0625 11.2305 0.9238 42.8711
432.8125 11.2305 0.9238 42.8711
539.0625 33.0273 0.9238 42.8711
539.0625 11.2305 0.9918 42.8711
539.0625 11.2305 0.9238 30.5664
432.8125 33.0273 0.9918 30.5664
339.0625 33.7305 0.9738 20.3711
632.8125 33.7305 0.9738 20.3711
339.0625 10.5273 0.9738 20.3711
339.0625 33.7305 0.9418 20.3711
339.0625 33.7305 0.9738 53.0664
632.8125 10.5273 0.9418 53.0664
326.5625 12.6367 0.9332 44.2773
370.3125 12.6367 0.9332 44.2773
326.5625 45.6836 0.9332 44.2773
326.5625 12.6367 0.9199 44.2773
326.5625 12.6367 0.9332 31.9727
370.3125 45.6836 0.9199 31.9727
526.5625 35.1367 0.9832 21.7773
570.3125 35.1367 0.9832 21.7773
526.5625 23.1836 0.9832 21.7773
526.5625 35.1367 0.9699 21.7773
526.5625 35.1367 0.9832 54.4727
570.3125 23.1836 0.9699 54.4727
626.5625 23.8867 0.9082 33.0273
670.3125 23.8867 0.9082 33.0273
626.5625 11.9336 0.9082 33.0273
626.5625 23.8867 0.9449 33.0273
626.5625 23.8867 0.9082 43.2227
670.3125 11.9336 0.9449 43.2227
426.5625 46.3867 0.9582 10.5273
470.3125 46.3867 0.9582 10.5273
426.5625 34.4336 0.9582 10.5273
426.5625 46.3867 0.9949 10.5273
426.5625 46.3867 0.9582 20.7227
470.3125 34.4336 0.9949 20.7227
476.5625 29.5117 0.9957 16.1523
420.3125 29.5117 0.9957 16.1523
476.5625 51.3086 0.9957 16.1523
476.5625 29.5117 0.9324 16.1523
476.5625 29.5117 0.9957 37.5977
420.3125 51.3086 0.9324 37.5977
676.5625 52.0117 0.9457 38.6523
620.3125 52.0117 0.9457 38.6523
676.5625 28.8086 0.9457 38.6523
676.5625 52.0117 0.9824 38.6523
676.5625 52.0117 0.9457 15.0977
620.3125 28.8086 0.9824 15.0977
576.5625 18.2617 0.9707 27.4023
520.3125 18.2617 0.9707 27.4023
576.5625 17.5586 0.9707 27.4023
576.5625 18.2617 0.9074 27.4023
576.5625 18.2617 0.9707 26.3477
520.3125 17.5586 0.9074 26.3477
376.5625 40.7617 0.9207 49.9023
320.3125 40.7617 0.9207 49.9023
376.5625 40.0586 0.9207 49.9023
376.5625 40.7617 0.9574 49.9023
376.5625 40.7617 0.9207 48.8477
320.3125 40.0586 0.9574 48.8477
351.5625 26.6992 0.9645 41.4648
595.3125 26.6992 0.9645 41.4648
351.5625 37.2461 0.9645 41.4648
351.5625 26.6992 0.9262 41.4648
351.5625 26.6992 0.9645 34.7852
595.3125 37.2461 0.9262 34.7852
551.5625 49.1992 0.9145 18.9648
395.3125 49.1992 0.9145 18.9648
551.5625 14.7461 0.9145 18.9648
551.5625 49.1992 0.9762 18.9648
551.5625 49.1992 0.9145 12.2852
395.3125 14.7461 0.9762 12.2852
651.5625 15.4492 0.9895 52.7148
495.3125 15.4492 0.9895 52.7148
651.5625 25.9961 0.9895 52.7148
651.5625 15.4492 0.9012 52.7148
651.5625 15.4492 0.9895 23.5352
495.3125 25.9961 0.9012 23.5352
451.5625 37.9492 0.9395 30.2148
695.3125 37.9492 0.9395 30.2148
451.5625 48.4961 0.9395 30.2148
451.5625 37.9492 0.9512 30.2148
451.5625 37.9492 0.9395 46.0352
695.3125 48.4961 0.9512 46.0352
401.5625 21.0742 0.9020 24.5898
645.3125 21.0742 0.9020 24.5898
401.5625 42.8711 0.9020 24.5898
401.5625 21.0742 0.9137 24.5898
401.5625 21.0742 0.9020 29.1602
645.3125 42.8711 0.9137 29.1602
601.5625 43.5742 0.9520 47.0898
445.3125 43.5742 0.9520 47.0898
601.5625 20.3711 0.9520 47.0898
601.5625 43.5742 0.9637 47.0898
601.5625 43.5742 0.9520 51.6602
445.3125 20.3711 0.9637 51.6602
501.5625 32.3242 0.9270 13.3398
345.3125 32.3242 0.9270 13.3398
501.5625 31.6211 0.9270 13.3398
501.5625 32.3242 0.9387 13.3398
501.5625 32.3242 0.9270 40.4102
345.3125 31.6211 0.9387 40.4102
301.5625 54.8242 0.9770 35.8398
545.3125 54.8242 0.9770 35.8398
301.5625 54.1211 0.9770 35.8398
301.5625 54.8242 0.9887 35.8398
301.5625 54.8242 0.9770 17.9102
545.3125 54.1211 0.9887 17.9102
302.3438 32.4121 0.9678 23.2715
611.7188 32.4121 0.9678 23.2715
302.3438 14.8340 0.9678 23.2715
302.3438 32.4121 0.9365 23.2715
302.3438 32.4121 0.9678 26.0840
611.7188 14.8340 0.9365 26.0840
502.3438 54.9121 0.9178 45.7715
411.7188 54.9121 0.9178 45.7715
502.3438 37.3340 0.9178 45.7715
502.3438 54.9121 0.9865 45.7715
502.3438 54.9121 0.9178 48.5840
411.7188 37.3340 0.9865 48.5840
602.3438 21.1621 0.9928 12.0215
311.7188 21.1621 0.9928 12.0215
602.3438 48.5840 0.9928 12.0215
602.3438 21.1621 0.9115 12.0215
602.3438 21.1621 0.9928 37.3340
311.7188 48.5840 0.9115 37.3340
402.3438 43.6621 0.9428 34.5215
511.7188 43.6621 0.9428 34.5215
402.3438 26.0840 0.9428 34.5215
402.3438 43.6621 0.9615 34.5215
402.3438 43.6621 0.9428 14.8340
511.7188 26.0840 0.9615 14.8340
452.3438 15.5371 0.9053 40.1465
561.7188 15.5371 0.9053 40.1465
452.3438 20.4590 0.9053 40.1465
452.3438 15.5371 0.9240 40.1465
452.3438 15.5371 0.9053 42.9590
561.7188 20.4590 0.9240 42.9590
652.3438 38.0371 0.9553 17.6465
361.7188 38.0371 0.9553 17.6465
652.3438 42.9590 0.9553 17.6465
652.3438 38.0371 0.9740 17.6465
652.3438 38.0371 0.9553 20.4590
361.7188 42.9590 0.9740 20.4590
552.3438 26.7871 0.9303 51.3965
461.7188 26.7871 0.9303 51.3965
552.3438 54.2090 0.9303 51.3965
552.3438 26.7871 0.9490 51.3965
552.3438 26.7871 0.9303 31.7090
461.7188 54.2090 0.9490 31.7090
352.3438 49.2871 0.9803 28.8965
661.7188 49.2871 0.9803 28.8965
352.3438 31.7090 0.9803 28.8965
352.3438 49.2871 0.9990 28.8965
352.3438 49.2871 0.9803 54.2090
661.7188 31.7090 0.9990 54.2090
377.3438 18.3496 0.9365 20.4590
436.7188 18.3496 0.9365 20.4590
377.3438 23.2715 0.9365 20.4590
377.3438 18.3496 0.9178 20.4590
377.3438 18.3496 0.9365 40.1465
436.7188 23.2715 0.9178 40.1465
577.3438 40.8496 0.9865 42.9590
636.7188 40.8496 0.9865 42.9590
577.3438 45.7715 0.9865 42.9590
577.3438 40.8496 0.9678 42.9590
577.3438 40.8496 0.9865 17.6465
636.7188 45.7715 0.9678 17.6465
677.3438 29.5996 0.9115 31.7090
536.7188 29.5996 0.9115 31.7090
677.3438 34.5215 0.9115 31.7090
677.3438 29.5996 0.9428 31.7090
677.3438 29.5996 0.9115 28.8965
536.7188 34.5215 0.9428 28.8965
477.3438 52.0996 0.9615 54.2090
336.7188 52.0996 0.9615 54.2090
477.3438 12.0215 0.9615 54.2090
477.3438 52.0996 0.9928 54.2090
477.3438 52.0996 0.9615 51.3965
336.7188 12.0215 0.9928 51.3965
427.3438 23.9746 0.9990 48.5840
386.7188 23.9746 0.9990 48.5840
427.3438 28.8965 0.9990 48.5840
427.3438 23.9746 0.9303 48.5840
427.3438 23.9746 0.9990 23.2715
386.7188 28.8965 0.9303 23.2715
627.3438 46.4746 0.9490 26.0840
586.7188 46.4746 0.9490 26.0840
627.3438 51.3965 0.9490 26.0840
627.3438 46.4746 0.9803 26.0840
627.3438 46.4746 0.9490 45.7715
586.7188 51.3965 0.9803 45.7715
527.3438 12.7246 0.9740 37.3340
686.7188 12.7246 0.9740 37.3340
527.3438 40.1465 0.9740 37.3340
527.3438 12.7246 0.9053 37.3340
527.3438 12.7246 0.9740 34.5215
686.7188 40.1465 0.9053 34.5215
327.3438 35.2246 0.9240 14.8340
486.7188 35.2246 0.9240 14.8340
327.3438 17.6465 0.9240 14.8340
327.3438 35.2246 0.9553 14.8340
327.3438 35.2246 0.9240 12.0215
486.7188 17.6465 0.9553 12.0215
339.8438 11.3184 0.9834 49.9902
524.2188 11.3184 0.9834 49.9902
339.8438 49.9902 0.9834 49.9902
339.8438 11.3184 0.9834 49.9902
339.8438 11.3184 0.9834 33.1152
524.2188 49.9902 0.9834 33.1152
539.8438 33.8184 0.9334 27.4902
324.2188 33.8184 0.9334 27.4902
539.8438 27.4902 0.9334 27.4902
539.8438 33.8184 0.9334 27.4902
539.8438 33.8184 0.9334 10.6152
324.2188 27.4902 0.9334 10.6152
639.8438 22.5684 0.9584 38.7402
424.2188 22.5684 0.9584 38.7402
639.8438 16.2402 0.9584 38.7402
639.8438 22.5684 0.9584 38.7402
639.8438 22.5684 0.9584 21.8652
424.2188 16.2402 0.9584 21.8652
439.8438 45.0684 0.9084 16.2402
624.2188 45.0684 0.9084 16.2402
439.8438 38.7402 0.9084 16.2402
439.8438 45.0684 0.9084 16.2402
439.8438 45.0684 0.9084 44.3652
624.2188 38.7402 0.9084 44.3652
489.8438 28.1934 0.9459 10.6152
674.2188 28.1934 0.9459 10.6152
489.8438 44.3652 0.9459 10.6152
489.8438 28.1934 0.9709 10.6152
489.8438 28.1934 0.9459 27.4902
674.2188 44.3652 0.9709 27.4902
689.8438 50.6934 0.9959 33.1152
474.2188 50.6934 0.9959 33.1152
689.8438 21.8652 0.9959 33.1152
689.8438 50.6934 0.9209 33.1152
689.8438 50.6934 0.9959 49.9902
474.2188 21.8652 0.9209 49.9902
589.8438 16.9434 0.9209 21.8652
374.2188 16.9434 0.9209 21.8652
589.8438 10.6152 0.9209 21.8652
589.8438 16.9434 0.9959 21.8652
589.8438 16.9434 0.9209 38.7402
374.2188 10.6152 0.9959 38.7402
389.8438 39.4434 0.9709 44.3652
574.2188 39.4434 0.9709 44.3652
389.8438 33.1152 0.9709 44.3652
389.8438 39.4434 0.9459 44.3652
389.8438 39.4434 0.9709 16.2402
574.2188 33.1152 0.9459 16.2402
364.8438 25.3809 0.9146 35.9277
349.2188 25.3809 0.9146 35.9277
364.8438 41.5527 0.9146 35.9277
364.8438 25.3809 0.9646 35.9277
364.8438 25.3809 0.9146 30.3027
349.2188 41.5527 0.9646 30.3027
564.8438 47.8809 0.9646 13.4277
549.2188 47.8809 0.9646 13.4277
564.8438 19.0527 0.9646 13.4277
564.8438 47.8809 0.9146 13.4277
564.8438 47.8809 0.9646 52.8027
549.2188 19.0527 0.9146 52.8027
664.8438 14.1309 0.9396 47.1777
649.2188 14.1309 0.9396 47.1777
664.8438 30.3027 0.9396 47.1777
664.8438 14.1309 0.9896 47.1777
664.8438 14.1309 0.9396 41.5527
649.2188 30.3027 0.9896 41.5527
464.8438 36.6309 0.9896 24.6777
449.2188 36.6309 0.9896 24.6777
464.8438 52.8027 0.9896 24.6777
464.8438 36.6309 0.9396 24.6777
464.8438 36.6309 0.9896 19.0527
449.2188 52.8027 0.9396 19.0527
414.8438 19.7559 0.9521 30.3027
499.2188 19.7559 0.9521 30.3027
414.8438 35.9277 0.9521 30.3027
414.8438 19.7559 0.9771 30.3027
414.8438 19.7559 0.9521 35.9277
499.2188 35.9277 0.9771 35.9277
614.8438 42.2559 0.9021 52.8027
699.2188 42.2559 0.9021 52.8027
614.8438 13.4277 0.9021 52.8027
614.8438 42.2559 0.9271 52.8027
614.8438 42.2559 0.9021 13.4277
699.2188 13.4277 0.9271 13.4277
514.8438 31.0059 0.9771 19.0527
599.2188 31.0059 0.9771 19.0527
514.8438 24.6777 0.9771 19.0527
514.8438 31.0059 0.9521 19.0527
514.8438 31.0059 0.9771 24.6777
599.2188 24.6777 0.9521 24.6777
314.8438 53.5059 0.9271 41.5527
399.2188 53.5059 0.9271 41.5527
314.8438 47.1777 0.9271 41.5527
314.8438 53.5059 0.9021 41.5527
314.8438 53.5059 0.9271 47.1777
399.2188 47.1777 0.9021 47.1777
321.0938 20.4590 0.9100 45.0684
655.4688 20.4590 0.9100 45.0684
321.0938 53.5059 0.9100 45.0684
321.0938 20.4590 0.9568 45.0684
321.0938 20.4590 0.9100 53.5059
655.4688 53.5059 0.9568 53.5059
521.0938 42.9590 0.9600 22.5684
455.4688 42.9590 0.9600 22.5684
521.0938 31.0059 0.9600 22.5684
521.0938 42.9590 0.9068 22.5684
521.0938 42.9590 0.9600 31.0059
455.4688 31.0059 0.9068 31.0059
621.0938 31.7090 0.9350 33.8184
355.4688 31.7090 0.9350 33.8184
621.0938 19.7559 0.9350 33.8184
621.0938 31.7090 0.9818 33.8184
621.0938 31.7090 0.9350 19.7559
355.4688 19.7559 0.9818 19.7559
421.0938 54.2090 0.9850 11.3184
555.4688 54.2090 0.9850 11.3184
421.0938 42.2559 0.9850 11.3184
421.0938 54.2090 0.9318 11.3184
421.0938 54.2090 0.9850 42.2559
555.4688 42.2559 0.9318 42.2559
471.0938 26.0840 0.9725 16.9434
505.4688 26.0840 0.9725 16.9434
471.0938 47.8809 0.9725 16.9434
471.0938 26.0840 0.9943 16.9434
471.0938 26.0840 0.9725 14.1309
505.4688 47.8809 0.9943 14.1309
671.0938 48.5840 0.9225 39.4434
305.4688 48.5840 0.9225 39.4434
671.0938 25.3809 0.9225 39.4434
671.0938 48.5840 0.9443 39.4434
671.0938 48.5840 0.9225 36.6309
305.4688 25.3809 0.9443 36.6309
571.0938 14.8340 0.9975 28.1934
405.4688 14.8340 0.9975 28.1934
571.0938 14.1309 0.9975 28.1934
571.0938 14.8340 0.9693 28.1934
571.0938 14.8340 0.9975 47.8809
405.4688 14.1309 0.9693 47.8809
371.0938 37.3340 0.9475 50.6934
605.4688 37.3340 0.9475 50.6934
371.0938 36.6309 0.9475 50.6934
371.0938 37.3340 0.9193 50.6934
371.0938 37.3340 0.9475 25.3809
605.4688 36.6309 0.9193 25.3809
396.0938 28.8965 0.9912 42.2559
480.4688 28.8965 0.9912 42.2559
396.0938 39.4434 0.9912 42.2559
396.0938 28.8965 0.9881 42.2559
396.0938 28.8965 0.9912 11.3184
480.4688 39.4434 0.9881 11.3184
596.0938 51.3965 0.9412 19.7559
680.4688 51.3965 0.9412 19.7559
596.0938 16.9434 0.9412 19.7559
596.0938 51.3965 0.9381 19.7559
596.0938 51.3965 0.9412 33.8184
680.4688 16.9434 0.9381 33.8184
696.0938 17.6465 0.9662 53.5059
580.4688 17.6465 0.9662 53.5059
696.0938 28.1934 0.9662 53.5059
696.0938 17.6465 0.9631 53.5059
696.0938 17.6465 0.9662 45.0684
580.4688 28.1934 0.9631 45.0684
496.0938 40.1465 0.9162 31.0059
380.4688 40.1465 0.9162 31.0059
496.0938 50.6934 0.9162 31.0059
496.0938 40.1465 0.9131 31.0059
496.0938 40.1465 0.9162 22.5684
380.4688 50.6934 0.9131 22.5684
446.0938 12.0215 0.9287 25.3809
330.4688 12.0215 0.9287 25.3809
446.0938 33.8184 0.9287 25.3809
446.0938 12.0215 0.9506 25.3809
446.0938 12.0215 0.9287 50.6934
330.4688 33.8184 0.9506 50.6934
646.0938 34.5215 0.9787 47.8809
530.4688 34.5215 0.9787 47.8809
646.0938 11.3184 0.9787 47.8809
646.0938 34.5215 0.9006 47.8809
646.0938 34.5215 0.9787 28.1934
530.4688 11.3184 0.9006 28.1934
546.0938 23.2715 0.9037 14.1309
630.4688 23.2715 0.9037 14.1309
546.0938 22.5684 0.9037 14.1309
546.0938 23.2715 0.9756 14.1309
546.0938 23.2715 0.9037 16.9434
630.4688 22.5684 0.9756 16.9434
346.0938 45.7715 0.9537 36.6309
430.4688 45.7715 0.9537 36.6309
346.0938 45.0684 0.9537 36.6309
346.0938 45.7715 0.9256 36.6309
346.0938 45.7715 0.9537 39.4434
430.4688 45.0684 0.9256 39.4434
333.5938 21.8652 0.9381 29.5996
567.9688 21.8652 0.9381 29.5996
333.5938 12.7246 0.9381 29.5996
333.5938 21.8652 0.9100 29.5996
333.5938 21.8652 0.9381 18.3496
567.9688 12.7246 0.9100 18.3496
533.5938 44.3652 0.9881 52.0996
367.9688 44.3652 0.9881 52.0996
533.5938 35.2246 0.9881 52.0996
533.5938 44.3652 0.9600 52.0996
533.5938 44.3652 0.9881 40.8496
367.9688 35.2246 0.9600 40.8496
633.5938 10.6152 0.9131 18.3496
467.9688 10.6152 0.9131 18.3496
633.5938 46.4746 0.9131 18.3496
633.5938 10.6152 0.9350 18.3496
633.5938 10.6152 0.9131 52.0996
467.9688 46.4746 0.9350 52.0996
433.5938 33.1152 0.9631 40.8496
667.9688 33.1152 0.9631 40.8496
433.5938 23.9746 0.9631 40.8496
433.5938 33.1152 0.9850 40.8496
433.5938 33.1152 0.9631 29.5996
667.9688 23.9746 0.9850 29.5996
483.5938 16.2402 0.9756 35.2246
617.9688 16.2402 0.9756 35.2246
483.5938 18.3496 0.9756 35.2246
483.5938 16.2402 0.9475 35.2246
483.5938 16.2402 0.9756 46.4746
617.9688 18.3496 0.9475 46.4746
683.5938 38.7402 0.9256 12.7246
417.9688 38.7402 0.9256 12.7246
683.5938 40.8496 0.9256 12.7246
683.5938 38.7402 0.9975 12.7246
683.5938 38.7402 0.9256 23.9746
417.9688 40.8496 0.9975 23.9746
583.5938 27.4902 0.9506 46.4746
317.9688 27.4902 0.9506 46.4746
583.5938 52.0996 0.9506 46.4746
583.5938 27.4902 0.9225 46.4746
583.5938 27.4902 0.9506 12.7246
317.9688 52.0996 0.9225 12.7246
383.5938 49.9902 0.9006 23.9746
517.9688 49.9902 0.9006 23.9746
383.5938 29.5996 0.9006 23.9746
383.5938 49.9902 0.9725 23.9746
383.5938 49.9902 0.9006 35.2246
517.9688 29.5996 0.9725 35.2246
358.5938 13.4277 0.9568 15.5371
392.9688 13.4277 0.9568 15.5371
358.5938 26.7871 0.9568 15.5371
358.5938 13.4277 0.9412 15.5371
358.5938 13.4277 0.9568 49.2871
392.9688 26.7871 0.9412 49.2871
558.5938 35.9277 0.9068 38.0371
592.9688 35.9277 0.9068 38.0371
558.5938 49.2871 0.9068 38.0371
558.5938 35.9277 0.9912 38.0371
558.5938 35.9277 0.9068 26.7871
592.9688 49.2871 0.9912 26.7871
658.5938 24.6777 0.9818 26.7871
692.9688 24.6777 0.9818 26.7871
658.5938 38.0371 0.9818 26.7871
658.5938 24.6777 0.9162 26.7871
658.5938 24.6777 0.9818 15.5371
692.9688 38.0371 0.9162 15.5371
458.5938 47.1777 0.9318 49.2871
492.9688 47.1777 0.9318 49.2871
458.5938 15.5371 0.9318 49.2871
458.5938 47.1777 0.9662 49.2871
458.5938 47.1777 0.9318 38.0371
492.9688 15.5371 0.9662 38.0371
408.5938 30.3027 0.9193 54.9121
442.9688 30.3027 0.9193 54.9121
408.5938 32.4121 0.9193 54.9121
408.5938 30.3027 0.9037 54.9121
408.5938 30.3027 0.9193 21.1621
442.9688 32.4121 0.9037 21.1621
608.5938 52.8027 0.9693 32.4121
642.9688 52.8027 0.9693 32.4121
608.5938 54.9121 0.9693 32.4121
608.5938 52.8027 0.9537 32.4121
608.5938 52.8027 0.9693 43.6621
642.9688 54.9121 0.9537 43.6621
508.5938 19.0527 0.9443 43.6621
542.9688 19.0527 0.9443 43.6621
508.5938 43.6621 0.9443 43.6621
508.5938 19.0527 0.9287 43.6621
508.5938 19.0527 0.9443 54.9121
542.9688 43.6621 0.9287 54.9121
308.5938 41.5527 0.9943 21.1621
342.9688 41.5527 0.9943 21.1621
308.5938 21.1621 0.9943 21.1621
308.5938 41.5527 0.9787 21.1621
308.5938 41.5527 0.9943 32.4121
342.9688 21.1621 0.9787 32.4121
311.7188 14.4824 0.9498 37.6855
452.3438 14.4824 0.9498 37.6855
311.7188 28.5449 0.9498 37.6855
311.7188 14.4824 0.9967 37.6855
311.7188 14.4824 0.9498 29.2480
452.3438 28.5449 0.9967 29.2480
511.7188 36.9824 0.9998 15.1855
652.3438 36.9824 0.9998 15.1855
511.7188 51.0449 0.9998 15.1855
511.7188 36.9824 0.9467 15.1855
511.7188 36.9824 0.9998 51.7480
652.3438 51.0449 0.9467 51.7480
611.7188 25.7324 0.9248 48.9355
552.3438 25.7324 0.9248 48.9355
611.7188 39.7949 0.9248 48.9355
611.7188 25.7324 0.9717 48.9355
611.7188 25.7324 0.9248 40.4980
552.3438 39.7949 0.9717 40.4980
411.7188 48.2324 0.9748 26.4355
352.3438 48.2324 0.9748 26.4355
411.7188 17.2949 0.9748 26.4355
411.7188 48.2324 0.9217 26.4355
411.7188 48.2324 0.9748 17.9980
352.3438 17.2949 0.9217 17.9980
461.7188 31.3574 0.9873 32.0605
302.3438 31.3574 0.9873 32.0605
461.7188 22.9199 0.9873 32.0605
461.7188 31.3574 0.9592 32.0605
461.7188 31.3574 0.9873 34.8730
302.3438 22.9199 0.9592 34.8730
661.7188 53.8574 0.9373 54.5605
502.3438 53.8574 0.9373 54.5605
661.7188 45.4199 0.9373 54.5605
661.7188 53.8574 0.9092 54.5605
661.7188 53.8574 0.9373 12.3730
502.3438 45.4199 0.9092 12.3730
561.7188 20.1074 0.9623 20.8105
602.3438 20.1074 0.9623 20.8105
561.7188 34.1699 0.9623 20.8105
561.7188 20.1074 0.9842 20.8105
561.7188 20.1074 0.9623 23.6230
602.3438 34.1699 0.9842 23.6230
361.7188 42.6074 0.9123 43.3105
402.3438 42.6074 0.9123 43.3105
361.7188 11.6699 0.9123 43.3105
361.7188 42.6074 0.9342 43.3105
361.7188 42.6074 0.9123 46.1230
402.3438 11.6699 0.9342 46.1230
386.7188 22.9199 0.9561 51.7480
677.3438 22.9199 0.9561 51.7480
386.7188 20.1074 0.9561 51.7480
386.7188 22.9199 0.9529 51.7480
386.7188 22.9199 0.9561 37.6855
677.3438 20.1074 0.9529 37.6855
586.7188 45.4199 0.9061 29.2480
477.3438 45.4199 0.9061 29.2480
586.7188 42.6074 0.9061 29.2480
586.7188 45.4199 0.9029 29.2480
586.7188 45.4199 0.9061 15.1855
477.3438 42.6074 0.9029 15.1855
686.7188 11.6699 0.9811 40.4980
377.3438 11.6699 0.9811 40.4980
686.7188 53.8574 0.9811 40.4980
686.7188 11.6699 0.9779 40.4980
686.7188 11.6699 0.9811 26.4355
377.3438 53.8574 0.9779 26.4355
486.7188 34.1699 0.9311 17.9980
577.3438 34.1699 0.9311 17.9980
486.7188 31.3574 0.9311 17.9980
486.7188 34.1699 0.9279 17.9980
486.7188 34.1699 0.9311 48.9355
577.3438 31.3574 0.9279 48.9355
436.7188 17.2949 0.9186 12.3730
527.3438 17.2949 0.9186 12.3730
436.7188 14.4824 0.9186 12.3730
436.7188 17.2949 0.9904 12.3730
436.7188 17.2949 0.9186 32.0605
527.3438 14.4824 0.9904 32.0605
636.7188 39.7949 0.9686 34.8730
327.3438 39.7949 0.9686 34.8730
636.7188 36.9824 0.9686 34.8730
636.7188 39.7949 0.9404 34.8730
636.7188 39.7949 0.9686 54.5605
327.3438 36.9824 0.9404 54.5605
536.7188 28.5449 0.9436 23.6230
427.3438 28.5449 0.9436 23.6230
536.7188 48.2324 0.9436 23.6230
536.7188 28.5449 0.9654 23.6230
536.7188 28.5449 0.9436 43.3105
427.3438 48.2324 0.9654 43.3105
336.7188 51.0449 0.9936 46.1230
627.3438 51.0449 0.9936 46.1230
336.7188 25.7324 0.9936 46.1230
336.7188 51.0449 0.9154 46.1230
336.7188 51.0449 0.9936 20.8105
627.3438 25.7324 0.9154 20.8105
349.2188 27.1387 0.9029 19.4043
364.8438 27.1387 0.9029 19.4043
349.2188 35.5762 0.9029 19.4043
349.2188 27.1387 0.9498 19.4043
349.2188 27.1387 0.9029 41.9043
364.8438 35.5762 0.9498 41.9043
549.2188 49.6387 0.9529 41.9043
564.8438 49.6387 0.9529 41.9043
549.2188 13.0762 0.9529 41.9043
549.2188 49.6387 0.9998 41.9043
549.2188 49.6387 0.9529 19.4043
564.8438 13.0762 0.9998 19.4043
649.2188 15.8887 0.9279 30.6543
664.8438 15.8887 0.9279 30.6543
649.2188 24.3262 0.9279 30.6543
649.2188 15.8887 0.9248 30.6543
649.2188 15.8887 0.9279 30.6543
664.8438 24.3262 0.9248 30.6543
449.2188 38.3887 0.9779 53.1543
464.8438 38.3887 0.9779 53.1543
449.2188 46.8262 0.9779 53.1543
449.2188 38.3887 0.9748 53.1543
449.2188 38.3887 0.9779 53.1543
464.8438 46.8262 0.9748 53.1543
499.2188 10.2637 0.9654 47.5293
414.8438 10.2637 0.9654 47.5293
499.2188 41.2012 0.9654 47.5293
499.2188 10.2637 0.9123 47.5293
499.2188 10.2637 0.9654 25.0293
414.8438 41.2012 0.9123 25.0293
699.2188 32.7637 0.9154 25.0293
614.8438 32.7637 0.9154 25.0293
699.2188 18.7012 0.9154 25.0293
699.2188 32.7637 0.9623 25.0293
699.2188 32.7637 0.9154 47.5293
614.8438 18.7012 0.9623 47.5293
599.2188 21.5137 0.9904 36.2793
514.8438 21.5137 0.9904 36.2793
599.2188 29.9512 0.9904 36.2793
599.2188 21.5137 0.9373 36.2793
599.2188 21.5137 0.9904 36.2793
514.8438 29.9512 0.9373 36.2793
399.2188 44.0137 0.9404 13.7793
314.8438 44.0137 0.9404 13.7793
399.2188 52.4512 0.9404 13.7793
399.2188 44.0137 0.9873 13.7793
399.2188 44.0137 0.9404 13.7793
314.8438 52.4512 0.9873 13.7793
374.2188 18.7012 0.9967 22.2168
589.8438 18.7012 0.9967 22.2168
374.2188 44.0137 0.9967 22.2168
374.2188 18.7012 0.9061 22.2168
374.2188 18.7012 0.9967 22.2168
589.8438 44.0137 0.9061 22.2168
574.2188 41.2012 0.9467 44.7168
389.8438 41.2012 0.9467 44.7168
574.2188 21.5137 0.9467 44.7168
574.2188 41.2012 0.9561 44.7168
574.2188 41.2012 0.9467 44.7168
389.8438 21.5137 0.9561 44.7168
674.2188 29.9512 0.9717 10.9668
489.8438 29.9512 0.9717 10.9668
674.2188 10.2637 0.9717 10.9668
674.2188 29.9512 0.9311 10.9668
674.2188 29.9512 0.9717 33.4668
489.8438 10.2637 0.9311 33.4668
474.2188 52.4512 0.9217 33.4668
689.8438 52.4512 0.9217 33.4668
474.2188 32.7637 0.9217 33.4668
474.2188 52.4512 0.9811 33.4668
474.2188 52.4512 0.9217 10.9668
689.8438 32.7637 0.9811 10.9668
424.2188 24.3262 0.9342 39.0918
639.8438 24.3262 0.9342 39.0918
424.2188 49.6387 0.9342 39.0918
424.2188 24.3262 0.9436 39.0918
424.2188 24.3262 0.9342 39.0918
639.8438 49.6387 0.9436 39.0918
624.2188 46.8262 0.9842 16.5918
439.8438 46.8262 0.9842 16.5918
624.2188 27.1387 0.9842 16.5918
624.2188 46.8262 0.9936 16.5918
624.2188 46.8262 0.9842 16.5918
439.8438 27.1387 0.9936 16.5918
524.2188 13.0762 0.9092 50.3418
339.8438 13.0762 0.9092 50.3418
524.2188 15.8887 0.9092 50.3418
524.2188 13.0762 0.9186 50.3418
524.2188 13.0762 0.9092 27.8418
339.8438 15.8887 0.9186 27.8418
324.2188 35.5762 0.9592 27.8418
539.8438 35.5762 0.9592 27.8418
324.2188 38.3887 0.9592 27.8418
324.2188 35.5762 0.9686 27.8418
324.2188 35.5762 0.9592 50.3418
539.8438 38.3887 0.9686 50.3418
317.9688 26.4355 0.9795 13.0762
408.5938 26.4355 0.9795 13.0762
317.9688 33.4668 0.9795 13.0762
317.9688 26.4355 0.9232 13.0762
317.9688 26.4355 0.9795 44.0137
408.5938 33.4668 0.9232 44.0137
517.9688 48.9355 0.9295 35.5762
608.5938 48.9355 0.9295 35.5762
517.9688 10.9668 0.9295 35.5762
517.9688 48.9355 0.9732 35.5762
517.9688 48.9355 0.9295 21.5137
608.5938 10.9668 0.9732 21.5137
617.9688 15.1855 0.9545 24.3262
508.5938 15.1855 0.9545 24.3262
617.9688 22.2168 0.9545 24.3262
617.9688 15.1855 0.9482 24.3262
617.9688 15.1855 0.9545 10.2637
508.5938 22.2168 0.9482 10.2637
417.9688 37.6855 0.9045 46.8262
308.5938 37.6855 0.9045 46.8262
417.9688 44.7168 0.9045 46.8262
417.9688 37.6855 0.9982 46.8262
417.9688 37.6855 0.9045 32.7637
308.5938 44.7168 0.9982 32.7637
467.9688 20.8105 0.9420 52.4512
358.5938 20.8105 0.9420 52.4512
467.9688 39.0918 0.9420 52.4512
467.9688 20.8105 0.9357 52.4512
467.9688 20.8105 0.9420 15.8887
358.5938 39.0918 0.9357 15.8887
667.9688 43.3105 0.9920 29.9512
558.5938 43.3105 0.9920 29.9512
667.9688 16.5918 0.9920 29.9512
667.9688 43.3105 0.9857 29.9512
667.9688 43.3105 0.9920 38.3887
558.5938 16.5918 0.9857 38.3887
567.9688 32.0605 0.9170 41.2012
658.5938 32.0605 0.9170 41.2012
567.9688 27.8418 0.9170 41.2012
567.9688 32.0605 0.9107 41.2012
567.9688 32.0605 0.9170 49.6387
658.5938 27.8418 0.9107 49.6387
367.9688 54.5605 0.9670 18.7012
458.5938 54.5605 0.9670 18.7012
367.9688 50.3418 0.9670 18.7012
367.9688 54.5605 0.9607 18.7012
367.9688 54.5605 0.9670 27.1387
458.5938 50.3418 0.9607 27.1387
392.9688 12.3730 0.9232 27.1387
633.5938 12.3730 0.9232 27.1387
392.9688 47.5293 0.9232 27.1387
392.9688 12.3730 0.9295 27.1387
392.9688 12.3730 0.9232 18.7012
633.5938 47.5293 0.9295 18.7012
592.9688 34.8730 0.9732 49.6387
433.5938 34.8730 0.9732 49.6387
592.9688 25.0293 0.9732 49.6387
592.9688 34.8730 0.9795 49.6387
592.9688 34.8730 0.9732 41.2012
433.5938 25.0293 0.9795 41.2012
692.9688 23.6230 0.9482 15.8887
333.5938 23.6230 0.9482 15.8887
692.9688 13.7793 0.9482 15.8887
692.9688 23.6230 0.9045 15.8887
692.9688 23.6230 0.9482 52.4512
333.5938 13.7793 0.9045 52.4512
492.9688 46.1230 0.9982 38.3887
533.5938 46.1230 0.9982 38.3887
492.9688 36.2793 0.9982 38.3887
492.9688 46.1230 0.9545 38.3887
492.9688 46.1230 0.9982 29.9512
533.5938 36.2793 0.9545 29.9512
442.9688 29.2480 0.9607 32.7637
583.5938 29.2480 0.9607 32.7637
442.9688 53.1543 0.9607 32.7637
442.9688 29.2480 0.9170 32.7637
442.9688 29.2480 0.9607 46.8262
583.5938 53.1543 0.9170 46.8262
642.9688 51.7480 0.9107 10.2637
383.5938 51.7480 0.9107 10.2637
642.9688 30.6543 0.9107 10.2637
642.9688 51.7480 0.9670 10.2637
642.9688 51.7480 0.9107 24.3262
383.5938 30.6543 0.9670 24.3262
542.9688 17.9980 0.9857 44.0137
483.5938 17.9980 0.9857 44.0137
542.9688 19.4043 0.9857 44.0137
542.9688 17.9980 0.9420 44.0137
542.9688 17.9980 0.9857 13.0762
483.5938 19.4043 0.9420 13.0762
342.9688 40.4980 0.9357 21.5137
683.5938 40.4980 0.9357 21.5137
342.9688 41.9043 0.9357 21.5137
342.9688 40.4980 0.9920 21.5137
342.9688 40.4980 0.9357 35.5762
683.5938 41.9043 0.9920 35.5762
330.4688 16.5918 0.9701 42.6074
321.0938 16.5918 0.9701 42.6074
330.4688 32.0605 0.9701 42.6074
330.4688 16.5918 0.9701 42.6074
330.4688 16.5918 0.9701 14.4824
321.0938 32.0605 0.9701 14.4824
530.4688 39.0918 0.9201 20.1074
521.0938 39.0918 0.9201 20.1074
530.4688 54.5605 0.9201 20.1074
530.4688 39.0918 0.9201 20.1074
530.4688 39.0918 0.9201 36.9824
521.0938 54.5605 0.9201 36.9824
630.4688 27.8418 0.9951 53.8574
621.0938 27.8418 0.9951 53.8574
630.4688 43.3105 0.9951 53.8574
630.4688 27.8418 0.9951 53.8574
630.4688 27.8418 0.9951 48.2324
621.0938 43.3105 0.9951 48.2324
430.4688 50.3418 0.9451 31.3574
421.0938 50.3418 0.9451 31.3574
430.4688 20.8105 0.9451 31.3574
430.4688 50.3418 0.9451 31.3574
430.4688 50.3418 0.9451 25.7324
421.0938 20.8105 0.9451 25.7324
480.4688 22.2168 0.9076 25.7324
471.0938 22.2168 0.9076 25.7324
480.4688 26.4355 0.9076 25.7324
480.4688 22.2168 0.9826 25.7324
480.4688 22.2168 0.9076 53.8574
471.0938 26.4355 0.9826 53.8574
680.4688 44.7168 0.9576 48.2324
671.0938 44.7168 0.9576 48.2324
680.4688 48.9355 0.9576 48.2324
680.4688 44.7168 0.9326 48.2324
680.4688 44.7168 0.9576 31.3574
671.0938 48.9355 0.9326 31.3574
580.4688 10.9668 0.9326 14.4824
571.0938 10.9668 0.9326 14.4824
580.4688 37.6855 0.9326 14.4824
580.4688 10.9668 0.9576 14.4824
580.4688 10.9668 0.9326 20.1074
571.0938 37.6855 0.9576 20.1074
380.4688 33.4668 0.9826 36.9824
371.0938 33.4668 0.9826 36.9824
380.4688 15.1855 0.9826 36.9824
380.4688 33.4668 0.9076 36.9824
380.4688 33.4668 0.9826 42.6074
371.0938 15.1855 0.9076 42.6074
355.4688 30.6543 0.9264 45.4199
546.0938 30.6543 0.9264 45.4199
355.4688 17.9980 0.9264 45.4199
355.4688 30.6543 0.9764 45.4199
355.4688 30.6543 0.9264 51.0449
546.0938 17.9980 0.9764 51.0449
555.4688 53.1543 0.9764 22.9199
346.0938 53.1543 0.9764 22.9199
555.4688 40.4980 0.9764 22.9199
555.4688 53.1543 0.9264 22.9199
555.4688 53.1543 0.9764 28.5449
346.0938 40.4980 0.9264 28.5449
655.4688 19.4043 0.9014 34.1699
446.0938 19.4043 0.9014 34.1699
655.4688 51.7480 0.9014 34.1699
655.4688 19.4043 0.9514 34.1699
655.4688 19.4043 0.9014 17.2949
446.0938 51.7480 0.9514 17.2949
455.4688 41.9043 0.9514 11.6699
646.0938 41.9043 0.9514 11.6699
455.4688 29.2480 0.9514 11.6699
455.4688 41.9043 0.9014 11.6699
455.4688 41.9043 0.9514 39.7949
646.0938 29.2480 0.9014 39.7949
405.4688 13.7793 0.9889 17.2949
696.0938 13.7793 0.9889 17.2949
405.4688 12.3730 0.9889 17.2949
405.4688 13.7793 0.9639 17.2949
405.4688 13.7793 0.9889 11.6699
696.0938 12.3730 0.9639 11.6699
605.4688 36.2793 0.9389 39.7949
496.0938 36.2793 0.9389 39.7949
605.4688 34.8730 0.9389 39.7949
605.4688 36.2793 0.9139 39.7949
605.4688 36.2793 0.9389 34.1699
496.0938 34.8730 0.9139 34.1699
505.4688 25.0293 0.9639 28.5449
396.0938 25.0293 0.9639 28.5449
505.4688 46.1230 0.9639 28.5449
505.4688 25.0293 0.9889 28.5449
505.4688 25.0293 0.9639 45.4199
396.0938 46.1230 0.9889 45.4199
305.4688 47.5293 0.9139 51.0449
596.0938 47.5293 0.9139 51.0449
305.4688 23.6230 0.9139 51.0449
305.4688 47.5293 0.9389 51.0449
305.4688 47.5293 0.9139 22.9199
596.0938 23.6230 0.9389 22.9199
303.9062 17.4707 0.9900 31.5332
350.7812 17.4707 0.9900 31.5332
303.9062 42.0801 0.9900 31.5332
303.9062 17.4707 0.9502 31.5332
303.9062 17.4707 0.9900 27.6660
350.7812 42.0801 0.9502 27.6660
503.9062 39.9707 0.9400 54.0332
550.7812 39.9707 0.9400 54.0332
503.9062 19.5801 0.9400 54.0332
503.9062 39.9707 0.9002 54.0332
503.9062 39.9707 0.9400 50.1660
550.7812 19.5801 0.9002 50.1660
603.9062 28.7207 0.9650 20.2832
650.7812 28.7207 0.9650 20.2832
603.9062 30.8301 0.9650 20.2832
603.9062 28.7207 0.9752 20.2832
603.9062 28.7207 0.9650 38.9160
650.7812 30.8301 0.9752 38.9160
403.9062 51.2207 0.9150 42.7832
450.7812 51.2207 0.9150 42.7832
403.9062 53.3301 0.9150 42.7832
403.9062 51.2207 0.9252 42.7832
403.9062 51.2207 0.9150 16.4160
450.7812 53.3301 0.9252 16.4160
453.9062 23.0957 0.9275 37.1582
400.7812 23.0957 0.9275 37.1582
453.9062 36.4551 0.9275 37.1582
453.9062 23.0957 0.9877 37.1582
453.9062 23.0957 0.9275 33.2910
400.7812 36.4551 0.9877 33.2910
653.9062 45.5957 0.9775 14.6582
600.7812 45.5957 0.9775 14.6582
653.9062 13.9551 0.9775 14.6582
653.9062 45.5957 0.9377 14.6582
653.9062 45.5957 0.9775 10.7910
600.7812 13.9551 0.9377 10.7910
553.9062 11.8457 0.9025 48.4082
500.7812 11.8457 0.9025 48.4082
553.9062 25.2051 0.9025 48.4082
553.9062 11.8457 0.9627 48.4082
553.9062 11.8457 0.9025 22.0410
500.7812 25.2051 0.9627 22.0410
353.9062 34.3457 0.9525 25.9082
300.7812 34.3457 0.9525 25.9082
353.9062 47.7051 0.9525 25.9082
353.9062 34.3457 0.9127 25.9082
353.9062 34.3457 0.9525 44.5410
300.7812 47.7051 0.9127 44.5410
378.9062 31.5332 0.9088 11.8457
575.7812 31.5332 0.9088 11.8457
378.9062 50.5176 0.9088 11.8457
378.9062 31.5332 0.9939 11.8457
378.9062 31.5332 0.9088 36.1035
575.7812 50.5176 0.9939 36.1035
578.9062 54.0332 0.9588 34.3457
375.7812 54.0332 0.9588 34.3457
578.9062 28.0176 0.9588 34.3457
578.9062 54.0332 0.9439 34.3457
578.9062 54.0332 0.9588 13.6035
375.7812 28.0176 0.9439 13.6035
678.9062 20.2832 0.9338 23.0957
475.7812 20.2832 0.9338 23.0957
678.9062 16.7676 0.9338 23.0957
678.9062 20.2832 0.9689 23.0957
678.9062 20.2832 0.9338 24.8535
475.7812 16.7676 0.9689 24.8535
478.9062 42.7832 0.9838 45.5957
675.7812 42.7832 0.9838 45.5957
478.9062 39.2676 0.9838 45.5957
478.9062 42.7832 0.9189 45.5957
478.9062 42.7832 0.9838 47.3535
675.7812 39.2676 0.9189 47.3535
428.9062 14.6582 0.9713 51.2207
625.7812 14.6582 0.9713 51.2207
428.9062 44.8926 0.9713 51.2207
428.9062 14.6582 0.9564 51.2207
428.9062 14.6582 0.9713 30.4785
625.7812 44.8926 0.9564 30.4785
628.9062 37.1582 0.9213 28.7207
425.7812 37.1582 0.9213 28.7207
628.9062 22.3926 0.9213 28.7207
628.9062 37.1582 0.9064 28.7207
628.9062 37.1582 0.9213 52.9785
425.7812 22.3926 0.9064 52.9785
528.9062 25.9082 0.9963 39.9707
325.7812 25.9082 0.9963 39.9707
528.9062 11.1426 0.9963 39.9707
528.9062 25.9082 0.9814 39.9707
528.9062 25.9082 0.9963 41.7285
325.7812 11.1426 0.9814 41.7285
328.9062 48.4082 0.9463 17.4707
525.7812 48.4082 0.9463 17.4707
328.9062 33.6426 0.9463 17.4707
328.9062 48.4082 0.9314 17.4707
328.9062 48.4082 0.9463 19.2285
525.7812 33.6426 0.9314 19.2285
341.4062 24.5020 0.9619 47.0020
463.2812 24.5020 0.9619 47.0020
341.4062 23.7988 0.9619 47.0020
341.4062 24.5020 0.9033 47.0020
341.4062 24.5020 0.9619 43.1348
463.2812 23.7988 0.9033 43.1348
541.4062 47.0020 0.9119 24.5020
663.2812 47.0020 0.9119 24.5020
541.4062 46.2988 0.9119 24.5020
541.4062 47.0020 0.9533 24.5020
541.4062 47.0020 0.9119 20.6348
663.2812 46.2988 0.9533 20.6348
641.4062 13.2520 0.9869 35.7520
563.2812 13.2520 0.9869 35.7520
641.4062 35.0488 0.9869 35.7520
641.4062 13.2520 0.9283 35.7520
641.4062 13.2520 0.9869 31.8848
563.2812 35.0488 0.9283 31.8848
441.4062 35.7520 0.9369 13.2520
363.2812 35.7520 0.9369 13.2520
441.4062 12.5488 0.9369 13.2520
441.4062 35.7520 0.9783 13.2520
441.4062 35.7520 0.9369 54.3848
363.2812 12.5488 0.9783 54.3848
491.4062 18.8770 0.9244 18.8770
313.2812 18.8770 0.9244 18.8770
491.4062 29.4238 0.9244 18.8770
491.4062 18.8770 0.9408 18.8770
491.4062 18.8770 0.9244 26.2598
313.2812 29.4238 0.9408 26.2598
691.4062 41.3770 0.9744 41.3770
513.2812 41.3770 0.9744 41.3770
691.4062 51.9238 0.9744 41.3770
691.4062 41.3770 0.9908 41.3770
691.4062 41.3770 0.9744 48.7598
513.2812 51.9238 0.9908 48.7598
591.4062 30.1270 0.9494 30.1270
613.2812 30.1270 0.9494 30.1270
591.4062 40.6738 0.9494 30.1270
591.4062 30.1270 0.9158 30.1270
591.4062 30.1270 0.9494 37.5098
613.2812 40.6738 0.9158 37.5098
391.4062 52.6270 0.9994 52.6270
413.2812 52.6270 0.9994 52.6270
391.4062 18.1738 0.9994 52.6270
391.4062 52.6270 0.9658 52.6270
391.4062 52.6270 0.9994 15.0098
413.2812 18.1738 0.9658 15.0098
366.4062 10.4395 0.9432 38.5645
688.2812 10.4395 0.9432 38.5645
366.4062 15.3613 0.9432 38.5645
366.4062 10.4395 0.9471 38.5645
366.4062 10.4395 0.9432 23.4473
688.2812 15.3613 0.9471 23.4473
566.4062 32.9395 0.9932 16.0645
488.2812 32.9395 0.9932 16.0645
566.4062 37.8613 0.9932 16.0645
566.4062 32.9395 0.9971 16.0645
566.4062 32.9395 0.9932 45.9473
488.2812 37.8613 0.9971 45.9473
666.4062 21.6895 0.9182 49.8145
388.2812 21.6895 0.9182 49.8145
666.4062 49.1113 0.9182 49.8145
666.4062 21.6895 0.9221 49.8145
666.4062 21.6895 0.9182 34.6973
388.2812 49.1113 0.9221 34.6973
466.4062 44.1895 0.9682 27.3145
588.2812 44.1895 0.9682 27.3145
466.4062 26.6113 0.9682 27.3145
466.4062 44.1895 0.9721 27.3145
466.4062 44.1895 0.9682 12.1973
588.2812 26.6113 0.9721 12.1973
416.4062 27.3145 0.9807 21.6895
538.2812 27.3145 0.9807 21.6895
416.4062 20.9863 0.9807 21.6895
416.4062 27.3145 0.9096 21.6895
416.4062 27.3145 0.9807 40.3223
538.2812 20.9863 0.9096 40.3223
616.4062 49.8145 0.9307 44.1895
338.2812 49.8145 0.9307 44.1895
616.4062 43.4863 0.9307 44.1895
616.4062 49.8145 0.9596 44.1895
616.4062 49.8145 0.9307 17.8223
338.2812 43.4863 0.9596 17.8223
516.4062 16.0645 0.9557 10.4395
438.2812 16.0645 0.9557 10.4395
516.4062 54.7363 0.9557 10.4395
516.4062 16.0645 0.9346 10.4395
516.4062 16.0645 0.9557 29.0723
438.2812 54.7363 0.9346 29.0723
316.4062 38.5645 0.9057 32.9395
638.2812 38.5645 0.9057 32.9395
316.4062 32.2363 0.9057 32.9395
316.4062 38.5645 0.9846 32.9395
316.4062 38.5645 0.9057 51.5723
638.2812 32.2363 0.9846 51.5723
322.6562 29.4238 0.9322 53.3301
307.0312 29.4238 0.9322 53.3301
322.6562 25.9082 0.9322 53.3301
322.6562 29.4238 0.9299 53.3301
322.6562 29.4238 0.9322 45.2441
307.0312 25.9082 0.9299 45.2441
522.6562 51.9238 0.9822 30.8301
507.0312 51.9238 0.9822 30.8301
522.6562 48.4082 0.9822 30.8301
522.6562 51.9238 0.9799 30.8301
522.6562 51.9238 0.9822 22.7441
507.0312 48.4082 0.9799 22.7441
622.6562 18.1738 0.9072 42.0801
607.0312 18.1738 0.9072 42.0801
622.6562 37.1582 0.9072 42.0801
622.6562 18.1738 0.9049 42.0801
622.6562 18.1738 0.9072 11.4941
607.0312 37.1582 0.9049 11.4941
422.6562 40.6738 0.9572 19.5801
407.0312 40.6738 0.9572 19.5801
422.6562 14.6582 0.9572 19.5801
422.6562 40.6738 0.9549 19.5801
422.6562 40.6738 0.9572 33.9941
407.0312 14.6582 0.9549 33.9941
472.6562 12.5488 0.9947 13.9551
457.0312 12.5488 0.9947 13.9551
472.6562 31.5332 0.9947 13.9551
472.6562 12.5488 0.9174 13.9551
472.6562 12.5488 0.9947 17.1191
457.0312 31.5332 0.9174 17.1191
672.6562 35.0488 0.9447 36.4551
657.0312 35.0488 0.9447 36.4551
672.6562 54.0332 0.9447 36.4551
672.6562 35.0488 0.9674 36.4551
672.6562 35.0488 0.9447 39.6191
657.0312 54.0332 0.9674 39.6191
572.6562 23.7988 0.9697 25.2051
557.0312 23.7988 0.9697 25.2051
572.6562 42.7832 0.9697 25.2051
572.6562 23.7988 0.9424 25.2051
572.6562 23.7988 0.9697 50.8691
557.0312 42.7832 0.9424 50.8691
372.6562 46.2988 0.9197 47.7051
357.0312 46.2988 0.9197 47.7051
372.6562 20.2832 0.9197 47.7051
372.6562 46.2988 0.9924 47.7051
372.6562 46.2988 0.9197 28.3691
357.0312 20.2832 0.9924 28.3691
397.6562 20.9863 0.9635 33.6426
532.0312 20.9863 0.9635 33.6426
397.6562 11.8457 0.9635 33.6426
397.6562 20.9863 0.9236 33.6426
397.6562 20.9863 0.9635 19.9316
532.0312 11.8457 0.9236 19.9316
597.6562 43.4863 0.9135 11.1426
332.0312 43.4863 0.9135 11.1426
597.6562 34.3457 0.9135 11.1426
597.6562 43.4863 0.9736 11.1426
597.6562 43.4863 0.9135 42.4316
332.0312 34.3457 0.9736 42.4316
697.6562 32.2363 0.9885 44.8926
432.0312 32.2363 0.9885 44.8926
697.6562 45.5957 0.9885 44.8926
697.6562 32.2363 0.9486 44.8926
697.6562 32.2363 0.9885 53.6816
432.0312 45.5957 0.9486 53.6816
497.6562 54.7363 0.9385 22.3926
632.0312 54.7363 0.9385 22.3926
497.6562 23.0957 0.9385 22.3926
497.6562 54.7363 0.9986 22.3926
497.6562 54.7363 0.9385 31.1816
632.0312 23.0957 0.9986 31.1816
447.6562 26.6113 0.9010 28.0176
682.0312 26.6113 0.9010 28.0176
447.6562 17.4707 0.9010 28.0176
447.6562 26.6113 0.9361 28.0176
447.6562 26.6113 0.9010 48.0566
682.0312 17.4707 0.9361 48.0566
647.6562 49.1113 0.9510 50.5176
482.0312 49.1113 0.9510 50.5176
647.6562 39.9707 0.9510 50.5176
647.6562 49.1113 0.9861 50.5176
647.6562 49.1113 0.9510 25.5566
482.0312 39.9707 0.9861 25.5566
547.6562 15.3613 0.9260 16.7676
382.0312 15.3613 0.9260 16.7676
547.6562 51.2207 0.9260 16.7676
547.6562 15.3613 0.9111 16.7676
547.6562 15.3613 0.9260 14.3066
382.0312 51.2207 0.9111 14.3066
347.6562 37.8613 0.9760 39.2676
582.0312 37.8613 0.9760 39.2676
347.6562 28.7207 0.9760 39.2676
347.6562 37.8613 0.9611 39.2676
347.6562 37.8613 0.9760 36.8066
582.0312 28.7207 0.9611 36.8066
335.1562 13.9551 0.9166 26.6113
419.5312 13.9551 0.9166 26.6113
335.1562 38.5645 0.9166 26.6113
335.1562 13.9551 0.9768 26.6113
335.1562 13.9551 0.9166 12.9004
419.5312 38.5645 0.9768 12.9004
535.1562 36.4551 0.9666 49.1113
619.5312 36.4551 0.9666 49.1113
535.1562 16.0645 0.9666 49.1113
535.1562 36.4551 0.9268 49.1113
535.1562 36.4551 0.9666 35.4004
619.5312 16.0645 0.9268 35.4004
635.1562 25.2051 0.9416 15.3613
519.5312 25.2051 0.9416 15.3613
635.1562 27.3145 0.9416 15.3613
635.1562 25.2051 0.9518 15.3613
635.1562 25.2051 0.9416 46.6504
519.5312 27.3145 0.9518 46.6504
435.1562 47.7051 0.9916 37.8613
319.5312 47.7051 0.9916 37.8613
435.1562 49.8145 0.9916 37.8613
435.1562 47.7051 0.9018 37.8613
435.1562 47.7051 0.9916 24.1504
319.5312 49.8145 0.9018 24.1504
485.1562 30.8301 0.9541 43.4863
369.5312 30.8301 0.9541 43.4863
485.1562 32.9395 0.9541 43.4863
485.1562 30.8301 0.9643 43.4863
485.1562 30.8301 0.9541 52.2754
369.5312 32.9395 0.9643 52.2754
685.1562 53.3301 0.9041 20.9863
569.5312 53.3301 0.9041 20.9863
685.1562 10.4395 0.9041 20.9863
685.1562 53.3301 0.9143 20.9863
685.1562 53.3301 0.9041 29.7754
569.5312 10.4395 0.9143 29.7754
585.1562 19.5801 0.9791 54.7363
669.5312 19.5801 0.9791 54.7363
585.1562 21.6895 0.9791 54.7363
585.1562 19.5801 0.9893 54.7363
585.1562 19.5801 0.9791 18.5254
669.5312 21.6895 0.9893 18.5254
385.1562 42.0801 0.9291 32.2363
469.5312 42.0801 0.9291 32.2363
385.1562 44.1895 0.9291 32.2363
385.1562 42.0801 0.9393 32.2363
385.1562 42.0801 0.9291 41.0254
469.5312 44.1895 0.9393 41.0254
360.1562 22.3926 0.9854 18.1738
644.5312 22.3926 0.9854 18.1738
360.1562 52.6270 0.9854 18.1738
360.1562 22.3926 0.9705 18.1738
360.1562 22.3926 0.9854 49.4629
644.5312 52.6270 0.9705 49.4629
560.1562 44.8926 0.9354 40.6738
444.5312 44.8926 0.9354 40.6738
560.1562 30.1270 0.9354 40.6738
560.1562 44.8926 0.9205 40.6738
560.1562 44.8926 0.9354 26.9629
444.5312 30.1270 0.9205 26.9629
660.1562 11.1426 0.9604 29.4238
344.5312 11.1426 0.9604 29.4238
660.1562 18.8770 0.9604 29.4238
660.1562 11.1426 0.9955 29.4238
660.1562 11.1426 0.9604 15.7129
344.5312 18.8770 0.9955 15.7129
460.1562 33.6426 0.9104 51.9238
544.5312 33.6426 0.9104 51.9238
460.1562 41.3770 0.9104 51.9238
460.1562 33.6426 0.9455 51.9238
460.1562 33.6426 0.9104 38.2129
544.5312 41.3770 0.9455 38.2129
410.1562 16.7676 0.9479 46.2988
594.5312 16.7676 0.9479 46.2988
410.1562 47.0020 0.9479 46.2988
410.1562 16.7676 0.9830 46.2988
410.1562 16.7676 0.9479 10.0879
594.5312 47.0020 0.9830 10.0879
610.1562 39.2676 0.9979 23.7988
394.5312 39.2676 0.9979 23.7988
610.1562 24.5020 0.9979 23.7988
610.1562 39.2676 0.9330 23.7988
610.1562 39.2676 0.9979 32.5879
394.5312 24.5020 0.9330 32.5879
510.1562 28.0176 0.9229 35.0488
494.5312 28.0176 0.9229 35.0488
510.1562 13.2520 0.9229 35.0488
510.1562 28.0176 0.9580 35.0488
510.1562 28.0176 0.9229 43.8379
494.5312 13.2520 0.9580 43.8379
310.1562 50.5176 0.9729 12.5488
694.5312 50.5176 0.9729 12.5488
310.1562 35.7520 0.9729 12.5488
310.1562 50.5176 0.9080 12.5488
310.1562 50.5176 0.9729 21.3379
694.5312 35.7520 0.9080 21.3379
307.0312 23.4473 0.9205 40.3223
510.1562 23.4473 0.9205 40.3223
307.0312 44.5410 0.9205 40.3223
307.0312 23.4473 0.9166 40.3223
307.0312 23.4473 0.9205 24.5020
510.1562 44.5410 0.9166 24.5020
507.0312 45.9473 0.9705 17.8223
310.1562 45.9473 0.9705 17.8223
507.0312 22.0410 0.9705 17.8223
507.0312 45.9473 0.9666 17.8223
507.0312 45.9473 0.9705 47.0020
310.1562 22.0410 0.9666 47.0020
607.0312 12.1973 0.9455 51.5723
410.1562 12.1973 0.9455 51.5723
607.0312 10.7910 0.9455 51.5723
607.0312 12.1973 0.9416 51.5723
607.0312 12.1973 0.9455 35.7520
410.1562 10.7910 0.9416 35.7520
407.0312 34.6973 0.9955 29.0723
610.1562 34.6973 0.9955 29.0723
407.0312 33.2910 0.9955 29.0723
407.0312 34.6973 0.9916 29.0723
407.0312 34.6973 0.9955 13.2520
610.1562 33.2910 0.9916 13.2520
457.0312 17.8223 0.9580 23.4473
660.1562 17.8223 0.9580 23.4473
457.0312 50.1660 0.9580 23.4473
457.0312 17.8223 0.9291 23.4473
457.0312 17.8223 0.9580 41.3770
660.1562 50.1660 0.9291 41.3770
657.0312 40.3223 0.9080 45.9473
460.1562 40.3223 0.9080 45.9473
657.0312 27.6660 0.9080 45.9473
657.0312 40.3223 0.9791 45.9473
657.0312 40.3223 0.9080 18.8770
460.1562 27.6660 0.9791 18.8770
557.0312 29.0723 0.9830 12.1973
360.1562 29.0723 0.9830 12.1973
557.0312 16.4160 0.9830 12.1973
557.0312 29.0723 0.9041 12.1973
557.0312 29.0723 0.9830 30.1270
360.1562 16.4160 0.9041 30.1270
357.0312 51.5723 0.9330 34.6973
560.1562 51.5723 0.9330 34.6973
357.0312 38.9160 0.9330 34.6973
357.0312 51.5723 0.9541 34.6973
357.0312 51.5723 0.9330 52.6270
560.1562 38.9160 0.9541 52.6270
382.0312 15.0098 0.9768 48.7598
335.1562 15.0098 0.9768 48.7598
382.0312 36.1035 0.9768 48.7598
382.0312 15.0098 0.9354 48.7598
382.0312 15.0098 0.9768 38.5645
335.1562 36.1035 0.9354 38.5645
582.0312 37.5098 0.9268 26.2598
535.1562 37.5098 0.9268 26.2598
582.0312 13.6035 0.9268 26.2598
582.0312 37.5098 0.9854 26.2598
582.0312 37.5098 0.9268 16.0645
535.1562 13.6035 0.9854 16.0645
682.0312 26.2598 0.9518 37.5098
635.1562 26.2598 0.9518 37.5098
682.0312 24.8535 0.9518 37.5098
682.0312 26.2598 0.9104 37.5098
682.0312 26.2598 0.9518 27.3145
635.1562 24.8535 0.9104 27.3145
482.0312 48.7598 0.9018 15.0098
435.1562 48.7598 0.9018 15.0098
482.0312 47.3535 0.9018 15.0098
482.0312 48.7598 0.9604 15.0098
482.0312 48.7598 0.9018 49.8145
435.1562 47.3535 0.9604 49.8145
432.0312 31.8848 0.9393 20.6348
485.1562 31.8848 0.9393 20.6348
432.0312 41.7285 0.9393 20.6348
432.0312 31.8848 0.9229 20.6348
432.0312 31.8848 0.9393 21.6895
485.1562 41.7285 0.9229 21.6895
632.0312 54.3848 0.9893 43.1348
685.1562 54.3848 0.9893 43.1348
632.0312 19.2285 0.9893 43.1348
632.0312 54.3848 0.9729 43.1348
632.0312 54.3848 0.9893 44.1895
685.1562 19.2285 0.9729 44.1895
532.0312 20.6348 0.9143 31.8848
585.1562 20.6348 0.9143 31.8848
532.0312 30.4785 0.9143 31.8848
532.0312 20.6348 0.9479 31.8848
532.0312 20.6348 0.9143 32.9395
585.1562 30.4785 0.9479 32.9395
332.0312 43.1348 0.9643 54.3848
385.1562 43.1348 0.9643 54.3848
332.0312 52.9785 0.9643 54.3848
332.0312 43.1348 0.9979 54.3848
332.0312 43.1348 0.9643 10.4395
385.1562 52.9785 0.9979 10.4395
344.5312 19.2285 0.9299 10.7910
622.6562 19.2285 0.9299 10.7910
344.5312 20.6348 0.9299 10.7910
344.5312 19.2285 0.9635 10.7910
344.5312 19.2285 0.9299 34.3457
622.6562 20.6348 0.9635 34.3457
544.5312 41.7285 0.9799 33.2910
422.6562 41.7285 0.9799 33.2910
544.5312 43.1348 0.9799 33.2910
544.5312 41.7285 0.9135 33.2910
544.5312 41.7285 0.9799 11.8457
422.6562 43.1348 0.9135 11.8457
644.5312 30.4785 0.9049 22.0410
322.6562 30.4785 0.9049 22.0410
644.5312 54.3848 0.9049 22.0410
644.5312 30.4785 0.9885 22.0410
644.5312 30.4785 0.9049 23.0957
322.6562 54.3848 0.9885 23.0957
444.5312 52.9785 0.9549 44.5410
522.6562 52.9785 0.9549 44.5410
444.5312 31.8848 0.9549 44.5410
444.5312 52.9785 0.9385 44.5410
444.5312 52.9785 0.9549 45.5957
522.6562 31.8848 0.9385 45.5957
494.5312 24.8535 0.9924 50.1660
572.6562 24.8535 0.9924 50.1660
494.5312 15.0098 0.9924 50.1660
494.5312 24.8535 0.9760 50.1660
494.5312 24.8535 0.9924 28.7207
572.6562 15.0098 0.9760 28.7207
694.5312 47.3535 0.9424 27.6660
372.6562 47.3535 0.9424 27.6660
694.5312 37.5098 0.9424 27.6660
694.5312 47.3535 0.9260 27.6660
694.5312 47.3535 0.9424 51.2207
372.6562 37.5098 0.9260 51.2207
594.5312 13.6035 0.9674 38.9160
472.6562 13.6035 0.9674 38.9160
594.5312 48.7598 0.9674 38.9160
594.5312 13.6035 0.9510 38.9160
594.5312 13.6035 0.9674 39.9707
472.6562 48.7598 0.9510 39.9707
394.5312 36.1035 0.9174 16.4160
672.6562 36.1035 0.9174 16.4160
394.5312 26.2598 0.9174 16.4160
394.5312 36.1035 0.9010 16.4160
394.5312 36.1035 0.9174 17.4707
672.6562 26.2598 0.9010 17.4707
369.5312 27.6660 0.9736 30.4785
447.6562 27.6660 0.9736 30.4785
369.5312 29.0723 0.9736 30.4785
369.5312 27.6660 0.9822 30.4785
369.5312 27.6660 0.9736 31.5332
447.6562 29.0723 0.9822 31.5332
569.5312 50.1660 0.9236 52.9785
647.6562 50.1660 0.9236 52.9785
569.5312 51.5723 0.9236 52.9785
569.5312 50.1660 0.9322 52.9785
569.5312 50.1660 0.9236 54.0332
647.6562 51.5723 0.9322 54.0332
669.5312 16.4160 0.9986 19.2285
547.6562 16.4160 0.9986 19.2285
669.5312 40.3223 0.9986 19.2285
669.5312 16.4160 0.9572 19.2285
669.5312 16.4160 0.9986 42.7832
547.6562 40.3223 0.9572 42.7832
469.5312 38.9160 0.9486 41.7285
347.6562 38.9160 0.9486 41.7285
469.5312 17.8223 0.9486 41.7285
469.5312 38.9160 0.9072 41.7285
469.5312 38.9160 0.9486 20.2832
347.6562 17.8223 0.9072 20.2832
419.5312 10.7910 0.9111 36.1035
397.6562 10.7910 0.9111 36.1035
419.5312 23.4473 0.9111 36.1035
419.5312 10.7910 0.9697 36.1035
419.5312 10.7910 0.9111 37.1582
397.6562 23.4473 0.9697 37.1582
619.5312 33.2910 0.9611 13.6035
597.6562 33.2910 0.9611 13.6035
619.5312 45.9473 0.9611 13.6035
619.5312 33.2910 0.9197 13.6035
619.5312 33.2910 0.9611 14.6582
597.6562 45.9473 0.9197 14.6582
519.5312 22.0410 0.9361 47.3535
697.6562 22.0410 0.9361 47.3535
519.5312 34.6973 0.9361 47.3535
519.5312 22.0410 0.9947 47.3535
519.5312 22.0410 0.9361 25.9082
697.6562 34.6973 0.9947 25.9082
319.5312 44.5410 0.9861 24.8535
497.6562 44.5410 0.9861 24.8535
319.5312 12.1973 0.9861 24.8535
319.5312 44.5410 0.9447 24.8535
319.5312 44.5410 0.9861 48.4082
497.6562 12.1973 0.9447 48.4082
313.2812 11.4941 0.9502 15.7129
553.9062 11.4941 0.9502 15.7129
313.2812 17.1191 0.9502 15.7129
313.2812 11.4941 0.9900 15.7129
313.2812 11.4941 0.9502 54.7363
553.9062 17.1191 0.9900 54.7363
513.2812 33.9941 0.9002 38.2129
353.9062 33.9941 0.9002 38.2129
513.2812 39.6191 0.9002 38.2129
513.2812 33.9941 0.9400 38.2129
513.2812 33.9941 0.9002 32.2363
353.9062 39.6191 0.9400 32.2363
613.2812 22.7441 0.9752 26.9629
453.9062 22.7441 0.9752 26.9629
613.2812 50.8691 0.9752 26.9629
613.2812 22.7441 0.9650 26.9629
613.2812 22.7441 0.9752 20.9863
453.9062 50.8691 0.9650 20.9863
413.2812 45.2441 0.9252 49.4629
653.9062 45.2441 0.9252 49.4629
413.2812 28.3691 0.9252 49.4629
413.2812 45.2441 0.9150 49.4629
413.2812 45.2441 0.9252 43.4863
653.9062 28.3691 0.9150 43.4863
463.2812 28.3691 0.9127 43.8379
603.9062 28.3691 0.9127 43.8379
463.2812 11.4941 0.9127 43.8379
463.2812 28.3691 0.9525 43.8379
463.2812 28.3691 0.9127 15.3613
603.9062 11.4941 0.9525 15.3613
663.2812 50.8691 0.9627 21.3379
403.9062 50.8691 0.9627 21.3379
663.2812 33.9941 0.9627 21.3379
663.2812 50.8691 0.9025 21.3379
663.2812 50.8691 0.9627 37.8613
403.9062 33.9941 0.9025 37.8613
563.2812 17.1191 0.9377 32.5879
303.9062 17.1191 0.9377 32.5879
563.2812 45.2441 0.9377 32.5879
563.2812 17.1191 0.9775 32.5879
563.2812 17.1191 0.9377 49.1113
303.9062 45.2441 0.9775 49.1113
363.2812 39.6191 0.9877 10.0879
503.9062 39.6191 0.9877 10.0879
363.2812 22.7441 0.9877 10.0879
363.2812 39.6191 0.9275 10.0879
363.2812 39.6191 0.9877 26.6113
503.9062 22.7441 0.9275 26.6113
388.2812 25.5566 0.9439 24.1504
378.9062 25.5566 0.9439 24.1504
388.2812 31.1816 0.9439 24.1504
388.2812 25.5566 0.9588 24.1504
388.2812 25.5566 0.9439 12.5488
378.9062 31.1816 0.9588 12.5488
588.2812 48.0566 0.9939 46.6504
578.9062 48.0566 0.9939 46.6504
588.2812 53.6816 0.9939 46.6504
588.2812 48.0566 0.9088 46.6504
588.2812 48.0566 0.9939 35.0488
578.9062 53.6816 0.9088 35.0488
688.2812 14.3066 0.9189 12.9004
678.9062 14.3066 0.9189 12.9004
688.2812 42.4316 0.9189 12.9004
688.2812 14.3066 0.9838 12.9004
688.2812 14.3066 0.9189 46.2988
678.9062 42.4316 0.9838 46.2988
488.2812 36.8066 0.9689 35.4004
478.9062 36.8066 0.9689 35.4004
488.2812 19.9316 0.9689 35.4004
488.2812 36.8066 0.9338 35.4004
488.2812 36.8066 0.9689 23.7988
478.9062 19.9316 0.9338 23.7988
438.2812 19.9316 0.9814 41.0254
428.9062 19.9316 0.9814 41.0254
438.2812 25.5566 0.9814 41.0254
438.2812 19.9316 0.9963 41.0254
438.2812 19.9316 0.9814 51.9238
428.9062 25.5566 0.9963 51.9238
638.2812 42.4316 0.9314 18.5254
628.9062 42.4316 0.9314 18.5254
638.2812 48.0566 0.9314 18.5254
638.2812 42.4316 0.9463 18.5254
638.2812 42.4316 0.9314 29.4238
628.9062 48.0566 0.9463 29.4238
538.2812 31.1816 0.9564 52.2754
528.9062 31.1816 0.9564 52.2754
538.2812 36.8066 0.9564 52.2754
538.2812 31.1816 0.9713 52.2754
538.2812 31.1816 0.9564 18.1738
528.9062 36.8066 0.9713 18.1738
338.2812 53.6816 0.9064 29.7754
328.9062 53.6816 0.9064 29.7754
338.2812 14.3066 0.9064 29.7754
338.2812 53.6816 0.9213 29.7754
338.2812 53.6816 0.9064 40.6738
328.9062 14.3066 0.9213 40.6738
325.7812 29.7754 0.9971 33.9941
666.4062 29.7754 0.9971 33.9941
325.7812 46.6504 0.9971 33.9941
325.7812 29.7754 0.9432 33.9941
325.7812 29.7754 0.9971 16.7676
666.4062 46.6504 0.9432 16.7676
525.7812 52.2754 0.9471 11.4941
466.4062 52.2754 0.9471 11.4941
525.7812 24.1504 0.9471 11.4941
525.7812 52.2754 0.9932 11.4941
525.7812 52.2754 0.9471 39.2676
466.4062 24.1504 0.9932 39.2676
625.7812 18.5254 0.9721 45.2441
366.4062 18.5254 0.9721 45.2441
625.7812 12.9004 0.9721 45.2441
625.7812 18.5254 0.9182 45.2441
625.7812 18.5254 0.9721 50.5176
366.4062 12.9004 0.9182 50.5176
425.7812 41.0254 0.9221 22.7441
566.4062 41.0254 0.9221 22.7441
425.7812 35.4004 0.9221 22.7441
425.7812 41.0254 0.9682 22.7441
425.7812 41.0254 0.9221 28.0176
566.4062 35.4004 0.9682 28.0176
475.7812 12.9004 0.9346 28.3691
516.4062 12.9004 0.9346 28.3691
475.7812 52.2754 0.9346 28.3691
475.7812 12.9004 0.9057 28.3691
475.7812 12.9004 0.9346 44.8926
516.4062 52.2754 0.9057 44.8926
675.7812 35.4004 0.9846 50.8691
316.4062 35.4004 0.9846 50.8691
675.7812 29.7754 0.9846 50.8691
675.7812 35.4004 0.9557 50.8691
675.7812 35.4004 0.9846 22.3926
316.4062 29.7754 0.9557 22.3926
575.7812 24.1504 0.9096 17.1191
416.4062 24.1504 0.9096 17.1191
575.7812 18.5254 0.9096 17.1191
575.7812 24.1504 0.9307 17.1191
575.7812 24.1504 0.9096 11.1426
416.4062 18.5254 0.9307 11.1426
375.7812 46.6504 0.9596 39.6191
616.4062 46.6504 0.9596 39.6191
375.7812 41.0254 0.9596 39.6191
375.7812 46.6504 0.9807 39.6191
375.7812 46.6504 0.9596 33.6426
616.4062 41.0254 0.9807 33.6426
350.7812 15.7129 0.9033 53.6816
491.4062 15.7129 0.9033 53.6816
350.7812 32.5879 0.9033 53.6816
350.7812 15.7129 0.9119 53.6816
350.7812 15.7129 0.9033 47.7051
491.4062 32.5879 0.9119 47.7051
550.7812 38.2129 0.9533 31.1816
691.4062 38.2129 0.9533 31.1816
550.7812 10.0879 0.9533 31.1816
550.7812 38.2129 0.9619 31.1816
550.7812 38.2129 0.9533 25.2051
691.4062 10.0879 0.9619 25.2051
650.7812 26.9629 0.9283 42.4316
591.4062 26.9629 0.9283 42.4316
650.7812 21.3379 0.9283 42.4316
650.7812 26.9629 0.9369 42.4316
650.7812 26.9629 0.9283 13.9551
591.4062 21.3379 0.9369 13.9551
450.7812 49.4629 0.9783 19.9316
391.4062 49.4629 0.9783 19.9316
450.7812 43.8379 0.9783 19.9316
450.7812 49.4629 0.9869 19.9316
450.7812 49.4629 0.9783 36.4551
391.4062 43.8379 0.9869 36.4551
400.7812 21.3379 0.9658 14.3066
341.4062 21.3379 0.9658 14.3066
400.7812 38.2129 0.9658 14.3066
400.7812 21.3379 0.9494 14.3066
400.7812 21.3379 0.9658 19.5801
341.4062 38.2129 0.9494 19.5801
600.7812 43.8379 0.9158 36.8066
541.4062 43.8379 0.9158 36.8066
600.7812 15.7129 0.9158 36.8066
600.7812 43.8379 0.9994 36.8066
600.7812 43.8379 0.9158 42.0801
541.4062 15.7129 0.9994 42.0801
500.7812 10.0879 0.9908 25.5566
641.4062 10.0879 0.9908 25.5566
500.7812 26.9629 0.9908 25.5566
500.7812 10.0879 0.9244 25.5566
500.7812 10.0879 0.9908 53.3301
641.4062 26.9629 0.9244 53.3301
300.7812 32.5879 0.9408 48.0566
441.4062 32.5879 0.9408 48.0566
300.7812 49.4629 0.9408 48.0566
300.7812 32.5879 0.9744 48.0566
300.7812 32.5879 0.9408 30.8301
441.4062 49.4629 0.9744 30.8301
