0.38800000 50.00000000 0.34728795 0.41086638 0.39492467
0.38800000 50.00000000 0.34728795 0.41086638 0.39492467
0.38800000 50.00000000 0.34728795 0.41086638 0.39492467
0.38800000 50.00000000 0.34728795 0.41086638 0.39492467
0.38800000 50.00000000 0.34728795 0.41086638 0.39492467
0.38800000 50.00000000 0.34728795 0.41086638 0.39492467
0.52700000 200.00000000 0.52680930 0.53193749 0.52161804
0.52700000 200.00000000 0.52680930 0.53193749 0.52161804
0.52700000 200.00000000 0.52680930 0.53193749 0.52161804
0.52700000 200.00000000 0.52680930 0.53193749 0.52161804
0.52700000 200.00000000 0.52680930 0.53193749 0.52161804
0.52700000 200.00000000 0.52680930 0.53193749 0.52161804
0.53890909 275.00000000 0.55609706 0.53578418 0.52895827
0.53890909 275.00000000 0.55609706 0.53578418 0.52895827
0.53745455 275.00000000 0.55326163 0.53691668 0.52714126
0.53890909 275.00000000 0.55609706 0.53578418 0.52895827
0.53745455 275.00000000 0.55696710 0.52645537 0.53167689
0.53709091 275.00000000 0.55554184 0.53328963 0.52651389
0.51760000 125.00000000 0.49542520 0.51805012 0.53878141
0.51760000 125.00000000 0.49542520 0.51805012 0.53878141
0.51680000 125.00000000 0.49542520 0.51805012 0.53650868
0.51760000 125.00000000 0.49542520 0.51805012 0.53878141
0.52320000 125.00000000 0.49982198 0.52079338 0.55018689
0.52240000 125.00000000 0.49982198 0.51846779 0.55018689
0.52129819 162.50000000 0.52152846 0.53714986 0.50118229
0.52129819 162.50000000 0.52152846 0.53714986 0.50118229
0.52129440 162.50000000 0.52152846 0.53514986 0.50330995
0.52253276 162.50000000 0.52152846 0.53714986 0.50583346
0.52129819 162.50000000 0.52152846 0.53714986 0.50118229
0.52252897 162.50000000 0.52152846 0.53514986 0.50796112
0.52895367 312.50000000 0.55062139 0.51577267 0.52222433
0.52895367 312.50000000 0.55062139 0.51577267 0.52222433
0.52703469 312.50000000 0.55044119 0.51292221 0.51933972
0.52895367 312.50000000 0.55062139 0.51577267 0.52222433
0.52895367 312.50000000 0.55062139 0.51577267 0.52222433
0.52703469 312.50000000 0.55044119 0.51292221 0.51933972
0.52631990 237.50000000 0.55379510 0.51566528 0.51147020
0.52631990 237.50000000 0.55379510 0.51566528 0.51147020
0.52463568 237.50000000 0.55161888 0.51679144 0.50793689
0.52715846 237.50000000 0.55523561 0.51694733 0.51147020
0.52674006 237.50000000 0.54907464 0.52340980 0.51091561
0.52421019 237.50000000 0.54659606 0.52179780 0.50722408
0.52232236 87.50000000 0.51101740 0.49596440 0.55985415
0.52232236 87.50000000 0.51101740 0.49596440 0.55985415
0.52232236 87.50000000 0.51101740 0.49596440 0.55985415
0.51888715 87.50000000 0.50731369 0.48948292 0.55786473
0.52344566 87.50000000 0.50341230 0.50030163 0.56358407
0.52345873 87.50000000 0.50328002 0.49707583 0.56585008
0.51654911 106.30000000 0.47483357 0.51916019 0.54433334
0.52970759 218.80000000 0.53274658 0.53354146 0.52404272
0.51654911 106.30000000 0.47483357 0.51916019 0.54433334
0.51749251 106.30000000 0.47434015 0.52821247 0.53952642
0.51654029 106.30000000 0.47572572 0.51952716 0.54420176
0.52880273 218.80000000 0.53409631 0.53475127 0.51810734
0.52869650 256.30000000 0.53912184 0.52253452 0.53074674
0.48962063 68.80000000 0.47857212 0.47340345 0.50603476
0.52869650 256.30000000 0.53912184 0.52253452 0.53074674
0.52830739 256.30000000 0.53912184 0.52135805 0.53074674
0.52829827 256.30000000 0.54355766 0.52108056 0.52673562
0.48962063 68.80000000 0.46816030 0.46885799 0.51985549
0.53004040 331.30000000 0.55218733 0.51716597 0.51996360
0.52503399 143.80000000 0.52939325 0.51481230 0.53024685
0.52944345 331.30000000 0.55043623 0.51553191 0.52221077
0.53004040 331.30000000 0.55218733 0.51716597 0.51996360
0.53004040 331.30000000 0.55218733 0.51716597 0.51996360
0.52711733 143.80000000 0.53171883 0.51698621 0.53308568
0.51791937 181.30000000 0.51496182 0.53282905 0.51012869
0.52619628 293.80000000 0.54770652 0.50433098 0.52837603
0.51735171 181.30000000 0.51175621 0.53321593 0.51198054
0.51847186 181.30000000 0.51496182 0.53105212 0.51336798
0.51791937 181.30000000 0.51496182 0.53282905 0.51012869
0.52551717 293.80000000 0.54729256 0.50086580 0.52917369
0.52502914 143.80000000 0.52748283 0.51315806 0.53020133
0.53155280 331.30000000 0.55122389 0.51908012 0.52347012
0.52572358 143.80000000 0.52748283 0.51504485 0.53020133
0.52572844 143.80000000 0.53188321 0.51315806 0.52827825
0.52433955 143.80000000 0.52762792 0.51248672 0.53315691
0.53095039 331.30000000 0.55019817 0.52001909 0.52226760
0.52585034 293.80000000 0.54393878 0.51254255 0.52365201
0.51515694 181.30000000 0.51043034 0.52343060 0.51476017
0.52687075 293.80000000 0.54501724 0.51248145 0.52568095
0.52585034 293.80000000 0.54393878 0.51254255 0.52365201
0.52449212 293.80000000 0.54554126 0.50437532 0.52533625
0.51680833 181.30000000 0.51498662 0.52959146 0.50978627
0.52788111 218.80000000 0.53279770 0.53179234 0.51957613
0.51654029 106.30000000 0.47786387 0.52210136 0.53965852
0.52742240 218.80000000 0.53148191 0.53467018 0.51663340
0.52788111 218.80000000 0.53279770 0.53179234 0.51957613
0.52788111 218.80000000 0.53279770 0.53179234 0.51957613
0.51654029 106.30000000 0.47523229 0.52210136 0.54209754
0.48382353 68.80000000 0.46361485 0.46885799 0.50724743
0.52946863 256.30000000 0.54502977 0.52444445 0.52652431
0.48092498 68.80000000 0.46421009 0.47285799 0.49554435
0.48672208 68.80000000 0.46816030 0.46885799 0.51109359
0.48382353 68.80000000 0.46361485 0.46885799 0.50724743
0.52986229 256.30000000 0.54480095 0.52243765 0.52931668
0.52249270 78.10000000 0.47208758 0.49734888 0.58990229
0.52976783 134.40000000 0.52253181 0.53182755 0.52984602
0.52249270 78.10000000 0.46792091 0.50134888 0.58990229
0.52249270 78.10000000 0.47208758 0.49734888 0.59017702
0.51992859 78.10000000 0.47208758 0.49734888 0.58310506
0.52975677 134.40000000 0.52467051 0.53154977 0.52710561
0.52167126 228.10000000 0.54054812 0.51713384 0.50929266
0.52323202 284.40000000 0.53955908 0.51751636 0.51478221
0.52211178 228.10000000 0.53943583 0.51745829 0.51179736
0.52342565 228.10000000 0.54160407 0.52075812 0.50929266
0.52342373 228.10000000 0.54062890 0.52173280 0.51041986
0.52639857 284.40000000 0.54573581 0.51549281 0.51984653
0.52490664 303.10000000 0.54295867 0.50712505 0.52356579
0.53153566 209.40000000 0.52702330 0.54260436 0.52664071
0.52490664 303.10000000 0.54295867 0.50712505 0.52356579
0.52457660 303.10000000 0.54204123 0.50712505 0.52356579
0.52721035 303.10000000 0.54532973 0.51528387 0.52146850
0.53106402 209.40000000 0.52574746 0.53442567 0.53448208
0.52251931 153.10000000 0.53361346 0.51990611 0.51937481
0.45288136 59.40000000 0.40636607 0.48190790 0.44779857
0.52251931 153.10000000 0.53361346 0.51990611 0.51937481
0.52251931 153.10000000 0.53361346 0.51990611 0.52005212
0.52186572 153.10000000 0.53157264 0.52603299 0.51259834
0.44451977 59.40000000 0.40110291 0.47258172 0.43890529
0.52414439 190.60000000 0.51902636 0.53102045 0.52226954
0.53462199 96.90000000 0.50034107 0.52812202 0.56444092
0.52256820 190.60000000 0.51603478 0.53035357 0.52063332
0.52414439 190.60000000 0.51902636 0.53102045 0.52226954
0.52414439 190.60000000 0.51755577 0.53274458 0.52226954
0.53256014 96.90000000 0.49748393 0.52812202 0.56149975
0.53434621 340.60000000 0.54416750 0.51780106 0.54115689
0.52209440 246.90000000 0.53924560 0.50982177 0.52130089
0.53552182 340.60000000 0.54562246 0.51952230 0.54109653
0.53434621 340.60000000 0.54416750 0.51780106 0.54115689
0.53405210 340.60000000 0.54322410 0.51860751 0.54023097
0.52047497 246.90000000 0.53554189 0.50602992 0.52372751
0.52937296 265.60000000 0.54582687 0.52697043 0.51979367
0.52903775 321.80000000 0.55087073 0.51447680 0.52196574
0.53012484 265.60000000 0.54763365 0.52803426 0.51868256
0.52975032 265.60000000 0.54582687 0.52796053 0.51979367
0.52786495 265.60000000 0.54804336 0.52101777 0.51749299
0.52810801 321.80000000 0.55251751 0.50821113 0.52344846
0.51304348 115.60000000 0.49579733 0.50350486 0.53346770
0.52238542 171.90000000 0.52284812 0.53614068 0.51007553
0.51217391 115.60000000 0.49335830 0.50350486 0.53346770
0.51304348 115.60000000 0.49579733 0.50350486 0.53346770
0.51304348 115.60000000 0.49579733 0.50350486 0.53346770
0.52180403 171.90000000 0.52450986 0.53076830 0.51211384
0.53356959 96.90000000 0.49822232 0.53097487 0.56165885
0.52490664 303.10000000 0.54283683 0.50810373 0.52248816
0.53356959 96.90000000 0.49536517 0.53097487 0.56436156
0.53048754 96.90000000 0.50155565 0.52192297 0.55909458
0.52943514 96.90000000 0.49821986 0.52812202 0.55278522
0.52688032 303.10000000 0.54260246 0.51918343 0.51960407
0.52412363 246.90000000 0.53802512 0.51446067 0.52452096
0.52120788 153.10000000 0.52976588 0.52234513 0.51801131
0.52614792 246.90000000 0.53933184 0.51715117 0.52686385
0.52412363 246.90000000 0.53797994 0.51446067 0.52452096
0.52533820 246.90000000 0.54540450 0.51055653 0.52388653
0.52186572 153.10000000 0.53153636 0.52875574 0.51071155
0.53028192 321.80000000 0.55172874 0.51311411 0.52612298
0.52377475 78.10000000 0.47625425 0.49734888 0.58967535
0.53028192 321.80000000 0.55172874 0.51311411 0.52612298
0.52997136 321.80000000 0.55172874 0.51219668 0.52612298
0.52997233 321.80000000 0.54892510 0.51015808 0.53082329
0.51864654 78.10000000 0.47625425 0.49390061 0.57863408
0.52239222 171.90000000 0.52397617 0.53388836 0.51287970
0.52430093 228.10000000 0.54160407 0.52092957 0.51199981
0.52239222 171.90000000 0.52397617 0.53388836 0.51287970
0.52238882 171.90000000 0.52397617 0.53558327 0.51115557
0.52238882 171.90000000 0.52494602 0.53073908 0.51371190
0.52298514 228.10000000 0.53787015 0.52033804 0.51314515
0.53348259 134.40000000 0.52265596 0.53870094 0.53594333
0.53050078 265.60000000 0.54774381 0.52996117 0.51745861
0.53422333 134.40000000 0.52469677 0.53870094 0.53594333
0.53497512 134.40000000 0.52498154 0.53870094 0.53790412
0.52901603 134.40000000 0.52467051 0.53182755 0.52514482
0.53050220 265.60000000 0.55050351 0.52537824 0.51939362
0.52533729 284.40000000 0.54375783 0.51729195 0.51670932
0.51130435 115.60000000 0.49127882 0.50080216 0.53449577
0.52569187 284.40000000 0.54646311 0.51164677 0.51961880
0.52498517 284.40000000 0.54375783 0.51625028 0.51670932
0.52534223 284.40000000 0.54275527 0.51877945 0.51689433
0.51218891 115.60000000 0.49309462 0.49733313 0.53886543
0.53200957 209.40000000 0.52557058 0.54099494 0.53160423
0.52466520 190.60000000 0.52054021 0.53298531 0.52047116
0.53058100 209.40000000 0.52545780 0.53810235 0.52996489
0.53200729 209.40000000 0.52421923 0.54099494 0.53303280
0.53106402 209.40000000 0.52579743 0.53472267 0.53469285
0.52203913 190.60000000 0.51875135 0.52594832 0.52049184
0.46805085 59.40000000 0.41553273 0.49514901 0.46832738
0.53434535 340.60000000 0.54644403 0.52065875 0.53588114
0.46635593 59.40000000 0.41053273 0.49514901 0.46832738
0.45290960 59.40000000 0.41026957 0.48169145 0.44345074
0.46132768 59.40000000 0.41136607 0.48625573 0.46378193
0.53581249 340.60000000 0.54745159 0.51878492 0.54095158
0.48437500 64.00000000 0.45798673 0.49160056 0.48127977
0.51413043 92.20000000 0.46656119 0.51647782 0.54869228
0.48593750 64.00000000 0.45753218 0.49544671 0.48127977
0.48437500 64.00000000 0.45798673 0.49160056 0.48127977
0.48750000 64.00000000 0.46198673 0.49160056 0.48604168
0.51088125 92.20000000 0.46656119 0.50890639 0.54442481
0.53084112 214.00000000 0.52239861 0.54667966 0.52265409
0.52518791 242.20000000 0.53902901 0.51561667 0.51914861
0.52990654 214.00000000 0.52366443 0.53998761 0.52553313
0.53084112 214.00000000 0.52239861 0.54667966 0.52265409
0.52850467 214.00000000 0.52116404 0.54258736 0.52157183
0.52435976 242.20000000 0.53807063 0.51422327 0.51911275
0.52387543 289.00000000 0.54320714 0.50666044 0.52380409
0.52457393 317.20000000 0.54878621 0.50642332 0.51897391
0.52595156 289.00000000 0.54745433 0.50778017 0.52503769
0.52387543 289.00000000 0.54320714 0.50666044 0.52380409
0.52595156 289.00000000 0.54831234 0.50974160 0.52204808
0.52772851 317.20000000 0.55256515 0.51020248 0.52091592
0.52589928 139.00000000 0.53290298 0.51550204 0.53071070
0.52454021 167.20000000 0.52216898 0.53597011 0.51943425
0.52877698 139.00000000 0.54073126 0.51758537 0.53071070
0.52446043 139.00000000 0.53057740 0.51550204 0.52871070
0.52158273 139.00000000 0.52780987 0.51857729 0.51580574
0.52574137 167.20000000 0.52552675 0.54448814 0.51033244
0.52127953 176.50000000 0.51388762 0.53438833 0.51363753
0.52348241 129.70000000 0.50514133 0.52917197 0.53117832
0.52185092 176.50000000 0.52161018 0.53134632 0.51180217
0.52071135 176.50000000 0.51388762 0.53433793 0.51211587
0.52241911 176.50000000 0.51410647 0.53814902 0.51350512
0.53041741 129.70000000 0.51023404 0.53173607 0.54617303
0.53200784 326.50000000 0.54812752 0.51702121 0.53258212
0.53274706 279.70000000 0.55558968 0.51881764 0.52279134
0.52956042 326.50000000 0.54707664 0.51321508 0.52971475
0.53200784 326.50000000 0.54812752 0.51702121 0.53258212
0.53139622 326.50000000 0.55004179 0.51420352 0.53180116
0.53096262 279.70000000 0.55559881 0.51557711 0.52050171
0.52881806 251.50000000 0.53764863 0.52204451 0.52605394
0.53104256 204.70000000 0.52456967 0.53034621 0.53458471
0.52921489 251.50000000 0.53788093 0.52587835 0.52361888
0.52842124 251.50000000 0.53764863 0.52102410 0.52605394
0.53120218 251.50000000 0.54041452 0.52095645 0.53175095
0.53251315 204.70000000 0.52698104 0.53743163 0.53102382
0.53609008 101.50000000 0.49988914 0.53051533 0.57159415
0.41653199 54.70000000 0.35067808 0.47328871 0.40152080
0.53509998 101.50000000 0.49988914 0.53051533 0.56846915
0.53312949 101.50000000 0.49946684 0.53702794 0.55842192
0.53114929 101.50000000 0.49009184 0.53268518 0.56309793
0.40552189 54.70000000 0.33966359 0.45826365 0.39652080
0.51535813 120.30000000 0.50961003 0.50128215 0.53123969
0.52854553 260.90000000 0.54965482 0.51400595 0.52292263
0.51702479 120.30000000 0.50998715 0.50360773 0.53418087
0.51534435 120.30000000 0.50991603 0.49292814 0.53796141
0.52030992 120.30000000 0.51388006 0.49756218 0.55020695
0.53123490 260.90000000 0.54726681 0.52477283 0.52322814
0.53754681 270.30000000 0.55859873 0.53491557 0.51919038
0.51351351 111.00000000 0.48498320 0.50520325 0.53662090
0.53828482 270.30000000 0.55947725 0.53373972 0.52152945
0.53717644 270.30000000 0.55859873 0.53390547 0.51919038
0.53680743 270.30000000 0.55412059 0.53393622 0.52252302
0.51261261 111.00000000 0.48454922 0.50768332 0.53148098
0.53460250 345.30000000 0.54385743 0.52126313 0.53632036
0.52043011 185.90000000 0.52573101 0.52290548 0.51268237
0.53460417 345.30000000 0.54565923 0.52042980 0.53556691
0.53460250 345.30000000 0.54385743 0.52126313 0.53632036
0.53373544 345.30000000 0.54384090 0.52015050 0.53472367
0.52365591 185.90000000 0.52871060 0.52267460 0.51901028
0.52691523 195.30000000 0.52172778 0.54044225 0.51741783
0.53291134 335.90000000 0.54734764 0.51555465 0.53576972
0.52743328 195.30000000 0.52329247 0.54015426 0.51741783
0.52691523 195.30000000 0.52172778 0.54044225 0.51741783
0.52589482 195.30000000 0.52612436 0.53544438 0.51419286
0.53291134 335.90000000 0.54776651 0.51731661 0.53319051
0.51707248 157.80000000 0.52323379 0.52439285 0.50635269
0.52412853 298.40000000 0.54596466 0.50941520 0.51911028
0.51707248 157.80000000 0.52323379 0.52439285 0.50635269
0.51707248 157.80000000 0.52323379 0.52439285 0.50635269
0.51517778 157.80000000 0.51769642 0.53132260 0.49884521
0.52412067 298.40000000 0.54616852 0.50749978 0.52057852
0.52567579 307.80000000 0.54493137 0.51563490 0.51691502
0.52584800 148.50000000 0.53290655 0.52696078 0.51679625
0.52632620 307.80000000 0.54740701 0.51636585 0.51489482
0.52567579 307.80000000 0.54493137 0.51563490 0.51691502
0.52664770 307.80000000 0.54401911 0.51555812 0.52143085
0.52248776 148.50000000 0.52876118 0.52053334 0.51794811
0.52751221 232.80000000 0.54311621 0.52246552 0.51592806
0.51284709 73.50000000 0.47031223 0.50214557 0.55354715
0.52622281 232.80000000 0.54039624 0.51986812 0.51742060
0.52751221 232.80000000 0.54311621 0.52246552 0.51592806
0.52493710 232.80000000 0.54061621 0.51977987 0.51339123
0.51556831 73.50000000 0.47031223 0.50631224 0.55830906
0.52660887 82.80000000 0.48687063 0.51285612 0.58192439
0.52552450 223.40000000 0.53836628 0.52585149 0.51426548
0.52660887 82.80000000 0.48687063 0.51285612 0.58192439
0.52660887 82.80000000 0.48687063 0.51285612 0.58192439
0.52419924 82.80000000 0.48098828 0.51285612 0.57879939
0.52731222 223.40000000 0.53709919 0.52855419 0.51796219
0.51286561 73.50000000 0.46728193 0.50214557 0.55973763
0.51675655 176.50000000 0.50893686 0.52847761 0.51066273
0.51286561 73.50000000 0.46728193 0.50214557 0.55973763
0.50064791 73.50000000 0.45881632 0.50214557 0.53077591
0.51560533 73.50000000 0.47031223 0.50214557 0.56449953
0.52184771 176.50000000 0.51558254 0.53727501 0.51050297
0.52820708 223.40000000 0.54195120 0.52565964 0.51876820
0.53109041 326.50000000 0.54992719 0.51411917 0.53042691
0.52865351 223.40000000 0.54324990 0.52451288 0.51962499
0.52865351 223.40000000 0.54195120 0.52565964 0.52026074
0.52776065 223.40000000 0.53838293 0.52855419 0.51796219
0.53139810 326.50000000 0.54973822 0.51523322 0.53076394
0.52379183 298.40000000 0.54703156 0.50753038 0.51848518
0.53240056 251.50000000 0.54258746 0.52473324 0.52966486
0.52278288 298.40000000 0.54417441 0.50977604 0.51668548
0.52412628 298.40000000 0.54703156 0.50860565 0.51848518
0.52445624 298.40000000 0.54814131 0.50545386 0.52158862
0.53120534 251.50000000 0.54277058 0.52318168 0.52741327
0.51980319 148.50000000 0.52444570 0.52706133 0.50816042
0.53411959 101.50000000 0.49937214 0.53908151 0.55872792
0.51912298 148.50000000 0.52436567 0.52898441 0.50375151
0.51911845 148.50000000 0.52240489 0.52706133 0.50732293
0.52383457 148.50000000 0.52924372 0.52706550 0.51700826
0.52917880 101.50000000 0.49379554 0.53268518 0.55451046
0.52096774 185.90000000 0.52403247 0.52146248 0.51756100
0.48125000 64.00000000 0.46198673 0.48760056 0.47218886
0.52204301 185.90000000 0.52389563 0.52489357 0.51756100
0.51989247 185.90000000 0.52575661 0.52146248 0.51268237
0.52258065 185.90000000 0.52724001 0.52135786 0.51901028
0.47031250 64.00000000 0.44629841 0.47875441 0.46187140
0.53320896 335.90000000 0.54649294 0.51645555 0.53661718
0.52990654 214.00000000 0.51751071 0.54826199 0.52465532
0.53320896 335.90000000 0.54734764 0.51651619 0.53569975
0.53320896 335.90000000 0.54649294 0.51645555 0.53661718
0.53350657 335.90000000 0.54888854 0.51916310 0.53221464
0.53130841 214.00000000 0.52239861 0.54693763 0.52412468
0.53161951 260.90000000 0.55084809 0.51889774 0.52660704
0.52664360 289.00000000 0.54936498 0.50771109 0.52501398
0.53046714 260.90000000 0.54747514 0.52248525 0.52296146
0.53161951 260.90000000 0.55084809 0.51889774 0.52660704
0.53200118 260.90000000 0.54968377 0.52359636 0.52445125
0.52456747 289.00000000 0.54232282 0.51292244 0.52132986
0.50990991 111.00000000 0.47505515 0.50911817 0.52885171
0.52589928 139.00000000 0.53537787 0.51758537 0.52939424
0.50990991 111.00000000 0.47249104 0.50911817 0.53148329
0.51081081 111.00000000 0.47249104 0.50911817 0.53355824
0.51261261 111.00000000 0.48777503 0.49963049 0.53652627
0.52230216 139.00000000 0.52985069 0.51702458 0.51788907
0.50979430 92.20000000 0.47360534 0.51229291 0.53361366
0.53546871 345.30000000 0.54560580 0.52024557 0.53832669
0.50870734 92.20000000 0.47360534 0.51229291 0.52944700
0.51088125 92.20000000 0.47760534 0.51229291 0.53361366
0.51195652 92.20000000 0.47392862 0.51891684 0.53257200
0.53344391 345.30000000 0.54475833 0.51847965 0.53472367
0.52684420 242.20000000 0.54459047 0.51826115 0.51617701
0.52177917 195.30000000 0.51556743 0.54119680 0.50797910
0.52642758 242.20000000 0.54216687 0.51693030 0.51864765
0.52684420 242.20000000 0.54459047 0.51826115 0.51617701
0.52601605 242.20000000 0.54043413 0.51606876 0.52016917
0.52640764 195.30000000 0.52612436 0.53849139 0.51272227
0.52772950 317.20000000 0.55140574 0.51211976 0.52042721
0.51782369 120.30000000 0.50830370 0.49538827 0.55158467
0.52804397 317.20000000 0.55165882 0.51223897 0.52134640
0.52772950 317.20000000 0.55140574 0.51211976 0.52042721
0.52930679 317.20000000 0.55358162 0.51130872 0.52379745
0.52030992 120.30000000 0.51418605 0.49538827 0.55253253
0.52454377 167.20000000 0.52606132 0.53950857 0.51141077
0.53680607 270.30000000 0.55516177 0.53490581 0.52045754
0.52514257 167.20000000 0.52612290 0.53981365 0.51274563
0.52454377 167.20000000 0.52606132 0.53950857 0.51141077
0.52274736 167.20000000 0.52043913 0.54312656 0.50823297
0.53495148 270.30000000 0.55407322 0.53049725 0.52007697
0.52348837 129.70000000 0.50478815 0.52719062 0.53254070
0.52236199 232.80000000 0.54082174 0.51219497 0.51312607
0.52194991 129.70000000 0.50240719 0.52719062 0.53026797
0.52194991 129.70000000 0.50013447 0.52946334 0.53026797
0.52655933 129.70000000 0.50923479 0.52689924 0.53875407
0.52493340 232.80000000 0.54027638 0.51598147 0.51722676
0.52952381 279.70000000 0.55422215 0.52098598 0.51290781
0.53264766 82.80000000 0.50035716 0.52085612 0.58063879
0.52987839 279.70000000 0.55343030 0.52437966 0.51215711
0.52988095 279.70000000 0.55422215 0.52202764 0.51290781
0.53238991 279.70000000 0.55666494 0.51678192 0.52296432
0.52538936 82.80000000 0.48837334 0.50660001 0.58162860
0.53494500 204.70000000 0.52980962 0.54605093 0.52659363
0.51581472 157.80000000 0.52313260 0.53649380 0.48858132
0.53543042 204.70000000 0.52952316 0.54607424 0.52780781
0.53347920 204.70000000 0.52980962 0.54310976 0.52505517
0.53250598 204.70000000 0.53272176 0.53276741 0.52948536
0.51961219 157.80000000 0.52482751 0.53058099 0.50498055
0.40552189 54.70000000 0.33966359 0.45826365 0.39652080
0.52599941 307.80000000 0.54487751 0.51654002 0.51698503
0.40734007 54.70000000 0.33966359 0.46381921 0.39652080
0.40734007 54.70000000 0.33966359 0.45826365 0.40152080
0.40552189 54.70000000 0.33966359 0.45826365 0.39652080
0.52502538 307.80000000 0.54771583 0.51934765 0.50823627
0.45263158 57.00000000 0.37469693 0.50804646 0.45443162
0.52268652 244.50000000 0.54087144 0.50885056 0.51768960
0.45263158 57.00000000 0.37469693 0.50804646 0.45443162
0.44912281 57.00000000 0.37469693 0.50278331 0.44966972
0.44736842 57.00000000 0.37034911 0.50350101 0.44988617
0.52146035 244.50000000 0.53702094 0.51267682 0.51475349
0.52850242 207.00000000 0.51942370 0.53639469 0.53152020
0.51450168 94.50000000 0.48202212 0.52129863 0.53775176
0.52850242 207.00000000 0.51959559 0.53639469 0.53152020
0.52946860 207.00000000 0.52089429 0.53780314 0.53152020
0.52657005 207.00000000 0.52257265 0.53499195 0.52337108
0.51664054 94.50000000 0.48353918 0.52113523 0.54368027
0.53014184 282.00000000 0.55071479 0.51854702 0.51993102
0.52383223 169.50000000 0.51687720 0.54349674 0.50915036
0.52836879 282.00000000 0.54882022 0.51856951 0.51691908
0.53014184 282.00000000 0.55071479 0.51854702 0.51993102
0.52517730 282.00000000 0.54669438 0.51307586 0.51437414
0.51970066 169.50000000 0.51301904 0.54873659 0.49343609
0.53333333 132.00000000 0.50848623 0.55177398 0.53905951
0.52897335 319.50000000 0.54882232 0.51485276 0.52423474
0.53257576 132.00000000 0.50848623 0.54960007 0.53905951
0.53181818 132.00000000 0.50848623 0.54966105 0.53697811
0.53106061 132.00000000 0.51581181 0.54431805 0.53082074
0.52834052 319.50000000 0.55148798 0.51172688 0.52166466
0.51970414 169.50000000 0.50944186 0.53814385 0.50916727
0.52836879 282.00000000 0.54868836 0.52082142 0.51476420
0.52029238 169.50000000 0.50944186 0.53814385 0.51095299
0.51852767 169.50000000 0.50799259 0.53978319 0.50522879
0.51911243 169.50000000 0.51140702 0.54346428 0.49961352
0.52836879 282.00000000 0.54759690 0.51520763 0.52079845
0.52865889 319.50000000 0.54980795 0.51274829 0.52370548
0.52803030 132.00000000 0.50906394 0.53704219 0.53437336
0.52865792 319.50000000 0.54805357 0.51371917 0.52456527
0.52834542 319.50000000 0.54980795 0.51187110 0.52370548
0.52959933 319.50000000 0.55071399 0.51192461 0.52660170
0.53409091 132.00000000 0.51581181 0.54748713 0.53855021
0.52555370 244.50000000 0.54084501 0.51620141 0.51941317
0.43684211 57.00000000 0.36508595 0.48498028 0.44512427
0.52473737 244.50000000 0.54207958 0.51510970 0.51714800
0.52514219 244.50000000 0.54079983 0.51620141 0.51819366
0.52228003 244.50000000 0.53850995 0.51267682 0.51601931
0.43684211 57.00000000 0.36508595 0.48952573 0.44077644
0.51664054 94.50000000 0.47254031 0.52015111 0.55066118
0.52995169 207.00000000 0.52584186 0.54208889 0.52343855
0.51133259 94.50000000 0.47548149 0.50596063 0.54510979
0.51453527 94.50000000 0.47437662 0.51991301 0.54645804
0.51982083 94.50000000 0.48241716 0.52470666 0.54750628
0.52801932 207.00000000 0.52536260 0.53107035 0.52917547
0.51013041 113.30000000 0.48913455 0.50712895 0.53127341
0.51013041 113.30000000 0.48913455 0.50712895 0.53127341
0.51013041 113.30000000 0.48913455 0.50712895 0.53127341
0.51101537 113.30000000 0.48380900 0.50104600 0.54357120
0.51189256 113.30000000 0.49440135 0.50427181 0.53359900
0.51277752 113.30000000 0.48907580 0.49848190 0.54589679
0.53323108 263.30000000 0.54772575 0.52755743 0.52218133
0.53323108 263.30000000 0.54772575 0.52755743 0.52218133
0.53360986 263.30000000 0.54994907 0.52755743 0.52103190
0.53361130 263.30000000 0.54881270 0.52755743 0.52218133
0.53399153 263.30000000 0.54796899 0.52883757 0.52338213
0.53399441 263.30000000 0.55019231 0.52853591 0.52102918
0.53178248 338.30000000 0.54121327 0.51834713 0.53505666
0.53178248 338.30000000 0.54121327 0.51834713 0.53505666
0.53119076 338.30000000 0.53872485 0.51827791 0.53597540
0.53178248 338.30000000 0.54121327 0.51834713 0.53505666
0.53206786 338.30000000 0.54626659 0.51895399 0.52984022
0.53236110 338.30000000 0.54630657 0.51706072 0.53244036
0.52312000 188.30000000 0.52091736 0.52542866 0.52462561
0.52312000 188.30000000 0.52091736 0.52542866 0.52462561
0.52364348 188.30000000 0.52366076 0.52702953 0.52076627
0.52365192 188.30000000 0.52575854 0.52568435 0.52154795
0.52311719 188.30000000 0.52543124 0.52380889 0.52090155
0.52365192 188.30000000 0.52519601 0.52776411 0.51943680
0.51990728 150.80000000 0.52471341 0.52243994 0.51157938
0.51990728 150.80000000 0.52471341 0.52243994 0.51157938
0.51791611 150.80000000 0.52471341 0.52243994 0.50540935
0.51924062 150.80000000 0.52471341 0.52243994 0.50907938
0.51858720 150.80000000 0.52501408 0.52220802 0.50752094
0.51725828 150.80000000 0.52501408 0.52016721 0.50502094
0.52492027 300.80000000 0.53985421 0.51269641 0.52345533
0.52492027 300.80000000 0.53985421 0.51269641 0.52345533
0.52459247 300.80000000 0.54168172 0.50892062 0.52472365
0.52492027 300.80000000 0.53985421 0.51269641 0.52345533
0.52425692 300.80000000 0.53977869 0.51158530 0.52211569
0.52426135 300.80000000 0.54269182 0.50847081 0.52243162
0.52967552 225.80000000 0.54469492 0.52360773 0.52428649
0.52967552 225.80000000 0.54469492 0.52360773 0.52428649
0.52923107 225.80000000 0.54467470 0.52358871 0.52320052
0.52879056 225.80000000 0.54336159 0.52360773 0.52279395
0.52878859 225.80000000 0.54271329 0.52820923 0.51986778
0.52657817 225.80000000 0.54269096 0.52295559 0.51840038
0.52119298 75.80000000 0.46851238 0.50983496 0.57302466
0.52119298 75.80000000 0.46851238 0.50983496 0.57302466
0.52252632 75.80000000 0.47251238 0.50983496 0.57302466
0.51985965 75.80000000 0.46647618 0.50983496 0.56856734
0.51854386 75.80000000 0.46851238 0.50583496 0.56885799
0.52117544 75.80000000 0.47635853 0.50583496 0.56894613
