0.00000000 149.90000000
0.00000000 150.10000000
0.00000000 150.10000000
0.00000000 150.10000000
0.00000000 149.90000000
0.00000000 150.20000000
0.00000000 149.90000000
0.00000000 149.90000000
0.00000000 149.90000000
0.00000000 150.10000000
0.00000000 149.80000000
0.00000000 150.00000000
0.88013795 350.60000000
0.87083839 350.50000000
0.87461209 345.80000000
0.88499797 348.70000000
0.87504636 353.00000000
0.87093195 354.70000000
0.87977468 349.30000000
0.87527612 346.40000000
0.87607451 353.40000000
0.87529447 348.10000000
0.87039851 350.20000000
0.87540114 347.80000000
0.98219695 365.30000000
0.98140621 362.00000000
0.98683182 360.40000000
0.98799882 358.90000000
0.98407193 362.00000000
0.98287244 364.80000000
0.98669018 357.50000000
0.98075211 359.80000000
0.98544097 362.00000000
0.98589674 364.00000000
0.98359520 360.10000000
0.98410961 360.70000000
0.59852690 286.30000000
0.58897407 290.10000000
0.61365838 283.70000000
0.55851325 295.70000000
0.57808528 289.10000000
0.56389983 289.60000000
0.58953542 285.30000000
0.56208330 293.30000000
0.57770184 289.40000000
0.55055502 292.60000000
0.59887438 292.30000000
0.57932915 285.00000000
0.74773809 331.70000000
0.75740929 173.80000000
0.75985803 324.50000000
0.74879679 327.60000000
0.74426935 330.30000000
0.95112838 247.00000000
0.94732447 247.80000000
0.94833794 132.00000000
0.94301215 132.30000000
0.95330878 130.20000000
0.74125832 180.60000000
0.95120506 132.60000000
0.99840153 357.50000000
0.99873948 268.90000000
0.99871991 355.20000000
0.99871690 353.60000000
0.99678749 357.40000000
0.33208727 820.90000000
0.32636900 822.70000000
0.31502297 632.40000000
0.31646813 628.70000000
0.33365371 623.30000000
0.99915612 270.20000000
0.33254022 625.00000000
0.95174534 354.80000000
0.86127373 531.80000000
0.94791332 360.00000000
0.94511072 360.90000000
0.95343125 360.50000000
0.66849698 508.40000000
0.75060974 486.20000000
0.76975495 631.60000000
0.52184061 743.20000000
0.74316218 637.20000000
0.95588495 469.90000000
0.74181923 636.00000000
0.33474816 228.20000000
0.33619571 426.50000000
0.32064443 231.00000000
0.31281721 234.80000000
0.33360336 229.80000000
0.99885057 100.00000000
1.00000000 99.00000000
0.99696123 186.80000000
0.99937500 183.90000000
1.00000000 183.80000000
0.34902560 426.40000000
0.99876501 183.70000000
0.92696069 170.20000000
0.91302146 236.60000000
0.93366460 169.00000000
0.92630913 172.20000000
0.90651662 177.30000000
0.66278479 231.70000000
0.69961970 223.70000000
0.67273497 312.30000000
0.68858390 309.00000000
0.66781940 315.30000000
0.91301431 237.00000000
0.67773237 308.90000000
0.18089709 720.80000000
0.17844405 826.60000000
0.16626894 725.80000000
0.17458525 723.70000000
0.17626288 722.60000000
0.99342316 311.00000000
0.98908431 313.80000000
0.99491839 356.80000000
0.99591892 357.70000000
0.99247822 357.50000000
0.16889665 827.60000000
0.99453065 356.90000000
0.27104304 893.00000000
0.41516526 547.70000000
0.66443958 721.80000000
0.62659644 741.00000000
0.24401459 901.30000000
0.46543042 788.30000000
0.92089414 537.80000000
0.91569939 352.80000000
0.91595667 354.60000000
0.91894094 352.30000000
0.68031367 470.80000000
0.91801290 360.00000000
0.99888875 220.50000000
0.99273231 83.60000000
0.99558611 223.60000000
0.99277259 217.30000000
0.99172915 224.00000000
0.16823210 514.80000000
0.19351948 506.70000000
0.16543228 195.80000000
0.17404701 193.80000000
0.17450861 193.50000000
0.98729874 87.30000000
0.18321072 195.70000000
1.00000000 153.20000000
1.00000000 193.90000000
1.00000000 153.10000000
1.00000000 153.10000000
0.99931034 153.60000000
1.00000000 153.60000000
1.00000000 152.30000000
0.99945355 193.20000000
1.00000000 192.30000000
1.00000000 191.60000000
1.00000000 194.10000000
0.99889196 194.90000000
0.83030966 546.50000000
0.82026388 631.90000000
0.81502872 558.10000000
0.82801391 547.70000000
0.82785469 550.10000000
0.81762493 556.40000000
0.82898214 545.20000000
0.81021129 637.70000000
0.82652740 618.80000000
0.81537727 629.80000000
0.81814576 630.40000000
0.81993086 627.70000000
0.47376986 542.80000000
0.44101112 641.40000000
0.44829931 547.40000000
0.46334563 540.60000000
0.45378182 544.50000000
0.47621362 538.30000000
0.46726706 537.60000000
0.47359120 631.30000000
0.44424957 638.20000000
0.45818206 635.50000000
0.46573024 633.20000000
0.46591419 630.90000000
0.97252036 95.50000000
0.97164310 150.10000000
0.96659230 98.30000000
0.97255422 97.80000000
0.97249879 96.60000000
0.95179991 96.40000000
0.97838967 94.60000000
0.97078477 149.70000000
0.96508391 150.70000000
0.97553495 149.80000000
0.97366602 147.90000000
0.96243290 152.90000000
0.63850282 172.50000000
0.67273697 720.60000000
0.63280506 172.30000000
0.63868038 175.50000000
0.64834225 172.60000000
0.42186701 196.00000000
0.37433563 202.10000000
0.45721460 839.33333333
0.46506601 832.46666667
0.47646364 821.00000000
0.65375788 746.60000000
0.46222738 835.66666667
0.98990342 287.20000000
0.98897863 238.20000000
0.35376858 561.70000000
0.98991952 291.70000000
0.98950432 291.70000000
0.96398392 333.90000000
0.66651933 458.20000000
0.95375507 281.20000000
0.36112339 470.90000000
0.77357380 347.80000000
0.91966454 267.60000000
0.77873566 344.20000000
0.90084140 515.30000000
0.89972094 191.20000000
0.89909595 513.60000000
0.90906135 509.20000000
0.89222411 512.80000000
0.99868312 334.80000000
0.99901099 334.30000000
0.99914530 126.20000000
0.99913793 127.50000000
0.99828298 128.80000000
0.90972690 192.90000000
0.99741341 127.20000000
0.09476387 444.00000000
0.08945675 773.20000000
0.09350495 445.50000000
0.09667851 444.20000000
0.08307240 446.40000000
0.79831974 297.10000000
0.80502009 296.00000000
0.77656815 522.10000000
0.78883747 515.60000000
0.78545447 518.40000000
0.08882089 773.60000000
0.78639779 509.90000000
0.28843932 508.70000000
0.18779785 849.50000000
0.41911412 482.20000000
0.40121793 491.20000000
0.27562555 514.80000000
0.85669677 335.40000000
0.89818816 321.40000000
0.89214650 507.60000000
0.90033080 512.10000000
0.89310293 510.20000000
0.40060781 774.60000000
0.89844509 512.60000000
0.95870347 493.73333333
0.95766729 225.00000000
0.96280176 489.93333333
0.96106457 489.06666667
0.86391794 553.80000000
0.20942089 914.80000000
0.12233193 979.26666667
0.09740001 444.10000000
0.08753352 444.60000000
0.09508079 444.30000000
0.96348644 224.20000000
0.09456490 445.60000000
0.99924524 292.60000000
0.99613634 85.60000000
0.99924953 292.30000000
0.99925373 293.10000000
0.99886789 292.70000000
0.62867629 588.60000000
0.63630474 587.00000000
0.62810728 173.80000000
0.61868985 175.80000000
0.64966566 174.00000000
1.00000000 87.10000000
0.58331384 177.90000000
0.79003926 226.70000000
0.79358184 443.40000000
0.79621536 225.30000000
0.79312222 227.60000000
0.78257541 228.40000000
0.99307282 146.10000000
0.98966059 145.70000000
0.98774339 291.90000000
0.98861351 290.70000000
0.98823856 290.30000000
0.77479219 449.70000000
0.99214570 284.60000000
0.99793793 112.10000000
0.99636904 289.60000000
0.99690655 116.20000000
0.99388614 116.80000000
0.99384535 115.90000000
0.85884425 170.20000000
0.83836151 177.80000000
0.85863754 448.70000000
0.84236715 456.00000000
0.85272940 452.90000000
0.99475577 290.70000000
0.85779588 447.10000000
0.69382485 520.50000000
0.71438717 198.30000000
0.70471938 517.90000000
0.72414251 509.40000000
0.71604935 513.80000000
1.00000000 256.40000000
1.00000000 255.30000000
1.00000000 99.30000000
1.00000000 100.10000000
0.99898990 99.30000000
0.71026897 202.40000000
1.00000000 101.30000000
0.26421659 878.20000000
0.26019210 469.10000000
0.25555953 878.70000000
0.25624794 877.60000000
0.25194600 877.10000000
0.97852481 431.20000000
0.97637521 435.30000000
0.97203819 234.20000000
0.97492035 236.30000000
0.98724091 230.80000000
0.26849836 468.80000000
0.98143508 229.90000000
0.94419106 268.90000000
0.92985729 511.90000000
0.94352473 267.30000000
0.93221620 268.30000000
0.93891808 269.70000000
0.53409308 409.60000000
0.53928096 409.90000000
0.52947670 762.80000000
0.51954267 773.40000000
0.52707361 766.20000000
0.93138874 509.60000000
0.53559574 767.10000000
0.97467894 179.30000000
0.98038891 284.10000000
0.97615437 184.20000000
0.97395730 181.70000000
0.98066278 184.10000000
0.99630661 155.10000000
0.99478608 162.10000000
0.99761195 248.20000000
0.99568292 248.30000000
0.99567005 250.80000000
0.97656169 285.30000000
0.99519587 249.50000000
0.52594927 682.70000000
0.54479005 141.60000000
0.31967088 749.00000000
0.51512607 679.70000000
0.50223368 684.20000000
0.72448038 590.40000000
0.70340187 601.60000000
0.71392199 123.30000000
0.68919976 125.40000000
0.72422020 122.60000000
0.54583660 140.70000000
0.69998259 125.90000000
0.46988542 497.50000000
0.72122555 273.30000000
0.84395046 384.70000000
0.85192656 380.90000000
0.46958693 503.30000000
0.10170479 605.50000000
0.24187731 572.50000000
0.25129303 368.30000000
0.25435503 368.50000000
0.27279182 366.50000000
0.83359763 246.00000000
0.25700722 367.70000000
1.00000000 61.70000000
1.00000000 293.80000000
1.00000000 61.50000000
1.00000000 61.00000000
1.00000000 60.90000000
0.92833334 97.20000000
0.92294898 94.90000000
0.93136357 450.00000000
0.93083018 448.80000000
0.93705922 441.80000000
1.00000000 293.10000000
0.93914434 442.40000000
0.39820890 163.40000000
0.36439282 848.50000000
0.34075071 169.90000000
0.36601300 166.80000000
0.39278369 163.00000000
0.12376526 183.90000000
0.12617021 183.60000000
0.13534569 931.90000000
0.13838320 932.40000000
0.13964645 930.70000000
0.37062905 846.50000000
0.12924442 938.10000000
0.95794178 317.40000000
0.94800743 261.70000000
0.95854194 320.70000000
0.94448646 323.00000000
0.95138468 320.40000000
0.90668107 358.10000000
0.90222306 360.10000000
0.89518125 295.10000000
0.90483289 294.30000000
0.89737926 296.40000000
0.95125060 266.70000000
0.90988490 296.20000000
0.16333571 795.80000000
0.46714012 218.40000000
0.99862408 322.80000000
0.31523361 728.90000000
0.16504549 794.80000000
0.14049591 810.40000000
0.99243055 360.60000000
0.80983502 159.70000000
0.99027979 128.80000000
0.98916545 128.40000000
0.99802836 115.20000000
0.99314489 126.20000000
0.78558827 272.00000000
0.77103601 497.70000000
0.73748373 285.10000000
0.77938634 274.00000000
0.77522464 272.50000000
0.65134407 304.70000000
0.34387491 361.90000000
0.66217557 546.50000000
0.34726275 652.00000000
0.19562124 701.40000000
0.26076330 676.20000000
0.19232179 701.20000000
0.62086533 394.00000000
0.59510931 661.50000000
0.59805663 399.40000000
0.60140116 406.90000000
0.59505698 398.50000000
0.97052261 250.40000000
0.96036813 256.60000000
0.96409513 415.90000000
0.96233154 418.10000000
0.96266296 413.60000000
0.60803059 657.40000000
0.96089883 415.20000000
0.98621244 422.20000000
0.98782531 176.50000000
0.99022209 416.60000000
0.98683958 422.70000000
0.98654311 424.00000000
0.42413500 825.00000000
0.35099319 853.70000000
0.41714182 351.70000000
0.43621907 347.70000000
0.42480498 353.10000000
0.98488049 178.50000000
0.44726594 348.90000000
0.87955157 435.40000000
0.89174090 107.60000000
0.88302429 427.50000000
0.88372163 432.10000000
0.87718700 442.20000000
0.82238211 476.10000000
0.81392841 473.30000000
0.80248572 125.00000000
0.79046608 124.90000000
0.78879610 125.30000000
0.88249408 108.90000000
0.79471662 124.80000000
0.04733273 300.80000000
0.03492958 635.00000000
0.03937593 300.80000000
0.05227856 298.80000000
0.04797436 300.00000000
1.00000000 109.10000000
0.99901961 111.10000000
0.99859374 232.10000000
0.99953488 233.60000000
0.99953488 232.10000000
0.04540321 631.60000000
0.99952830 234.00000000
0.96621970 165.20000000
0.96890015 375.70000000
0.96769408 166.50000000
0.97665820 168.40000000
0.97000266 165.60000000
0.73748933 247.70000000
0.73056464 246.50000000
0.69392053 572.40000000
0.73286656 555.80000000
0.72983963 552.80000000
0.97700116 369.90000000
0.73102588 553.80000000
0.49785538 652.80000000
0.48095340 296.70000000
0.49509278 658.40000000
0.50724198 654.90000000
0.48376254 663.00000000
0.99667582 319.50000000
0.99703378 312.70000000
0.99833999 141.90000000
0.99581770 142.30000000
0.99583964 140.60000000
0.50353845 287.70000000
0.99667228 138.90000000
0.85296424 611.26666667
0.85068874 353.80000000
0.85966882 600.26666667
0.86012867 613.60000000
0.86551019 603.46666667
0.94046876 522.46666667
0.94916260 511.60000000
0.93499798 302.00000000
0.93795876 299.90000000
0.93918236 302.30000000
0.81522494 366.50000000
0.93396470 306.20000000
1.00000000 205.40000000
0.94005288 418.86666667
0.99949749 207.00000000
1.00000000 203.90000000
0.99948980 204.30000000
0.30272153 520.50000000
0.29316437 521.50000000
0.34295857 900.73333333
0.34607161 901.33333333
0.32568181 910.80000000
0.95370361 413.66666667
0.34543826 904.73333333
0.99300005 190.30000000
0.99572355 285.60000000
0.99311753 189.90000000
0.99684647 190.60000000
0.99363417 191.00000000
1.00000000 160.80000000
1.00000000 160.20000000
1.00000000 236.40000000
1.00000000 236.80000000
1.00000000 236.40000000
0.99055847 279.20000000
1.00000000 237.30000000
0.67674939 654.80000000
0.66966135 183.30000000
0.69246295 661.20000000
0.68880158 656.90000000
0.69665553 651.90000000
0.87080852 544.40000000
0.86509935 551.50000000
0.84286487 151.00000000
0.86619634 146.60000000
0.86594920 148.50000000
0.69091324 177.10000000
0.86840774 147.00000000
0.22521166 644.80000000
0.23225631 435.40000000
0.20786998 644.70000000
0.22713314 643.50000000
0.20399008 649.90000000
0.55388658 546.40000000
0.54657857 548.20000000
0.55436903 368.60000000
0.55284098 376.00000000
0.56339988 369.80000000
0.22799864 436.50000000
0.56382422 369.50000000
0.91194230 136.90000000
0.91980243 493.00000000
0.91294182 134.80000000
0.92878232 130.30000000
0.93340681 129.50000000
0.97944321 111.50000000
0.99382419 109.00000000
0.98827606 406.10000000
0.97920778 415.40000000
0.83705218 506.30000000
0.68109770 617.50000000
0.84609993 502.60000000
0.81545021 137.00000000
0.80591505 139.50000000
0.78704937 142.80000000
0.79925389 142.60000000
0.81413428 141.70000000
0.36965930 189.30000000
0.36783820 191.30000000
0.38577705 189.30000000
0.34555254 190.70000000
0.37487409 190.10000000
0.79807867 139.90000000
0.36308094 190.30000000
1.00000000 244.30000000
1.00000000 239.90000000
0.99822220 243.80000000
0.99954751 244.20000000
0.99774555 241.20000000
0.95173874 333.80000000
0.95316765 336.20000000
0.95831432 330.70000000
0.95342417 330.90000000
0.95260453 335.90000000
0.99956332 239.20000000
0.96269811 331.40000000
0.97189259 425.30000000
0.96444395 427.80000000
0.19532574 817.90000000
0.96589484 431.30000000
0.96789300 433.50000000
0.99764828 335.90000000
0.20308186 807.70000000
0.99933555 332.90000000
0.25402011 781.30000000
0.20475635 804.60000000
0.15114018 834.90000000
0.20676959 798.90000000
0.43397601 373.70000000
0.42416922 375.20000000
0.42796804 368.30000000
0.42871328 371.50000000
0.42349767 377.10000000
0.79753241 287.20000000
0.75517626 299.50000000
0.75959880 295.10000000
0.78473906 291.00000000
0.77901328 294.30000000
0.43336967 374.60000000
0.78069636 290.00000000
0.12965847 533.40000000
0.13906235 316.50000000
0.14020412 532.60000000
0.13274502 534.00000000
0.12467942 534.80000000
0.88901585 318.70000000
0.88164711 322.80000000
0.88774775 189.40000000
0.88321330 188.00000000
0.88577401 193.50000000
0.13713904 316.50000000
0.89778052 186.50000000
0.90064092 556.50000000
0.90354510 437.80000000
0.90500576 549.60000000
0.86178479 583.60000000
0.91351952 542.80000000
0.04408220 981.30000000
0.17138645 911.13333333
0.05139020 769.20000000
0.04448376 771.70000000
0.04976001 769.90000000
0.90283161 440.60000000
0.04630743 769.40000000
0.99008590 324.80000000
0.97523465 441.40000000
0.99309511 320.20000000
0.99387037 320.90000000
0.99348714 320.50000000
0.60709471 591.50000000
0.60216228 592.90000000
0.64412499 729.33333333
0.64863052 726.66666667
0.64392606 741.33333333
0.98848403 424.13333333
0.63894847 731.66666667
0.65111288 243.00000000
0.64671121 410.00000000
0.64509893 244.10000000
0.65028700 244.60000000
0.63167642 245.10000000
0.98655597 146.10000000
0.98574331 141.30000000
0.98545455 242.90000000
0.98707557 239.90000000
0.98284663 239.90000000
0.65191445 407.00000000
0.98764554 236.70000000
1.00000000 93.80000000
1.00000000 132.00000000
1.00000000 93.90000000
1.00000000 93.80000000
1.00000000 93.20000000
0.83351648 171.80000000
0.84642707 169.20000000
0.83571331 243.20000000
0.81789354 245.70000000
0.84477940 236.50000000
1.00000000 132.20000000
0.84439796 236.10000000
0.86054404 434.00000000
0.85368413 499.60000000
0.87107824 432.60000000
0.86612082 433.50000000
0.85271728 433.70000000
1.00000000 255.70000000
1.00000000 254.20000000
1.00000000 292.00000000
1.00000000 292.80000000
0.99964539 293.10000000
0.87016909 495.20000000
1.00000000 292.20000000
0.55436245 746.20000000
0.54082102 485.80000000
0.55936670 739.80000000
0.55811002 747.60000000
0.54893366 746.30000000
0.98010971 436.10000000
0.97600388 439.00000000
0.97418489 278.40000000
0.97705403 280.20000000
0.97657519 284.20000000
0.55086594 485.00000000
0.97806207 281.80000000
0.98075079 224.80000000
0.96694857 76.10000000
0.98631331 223.20000000
0.98200309 220.30000000
0.97850090 221.60000000
0.49089459 404.40000000
0.50586197 407.10000000
0.53799804 130.50000000
0.46130717 134.70000000
0.49706574 134.60000000
0.98902002 73.10000000
0.46626125 134.60000000
0.91903536 206.10000000
0.81186561 292.80000000
0.94279790 200.70000000
0.92988017 200.40000000
0.92838850 202.60000000
0.99539031 155.70000000
0.99536599 154.10000000
0.99283103 200.60000000
0.98746614 206.10000000
0.99582934 198.80000000
0.94087177 257.70000000
0.99703417 199.90000000
0.28777094 751.40000000
0.28667735 856.70000000
0.28312516 751.00000000
0.28019412 751.70000000
0.29978154 748.20000000
0.70807075 590.70000000
0.70139429 595.10000000
0.70198339 674.30000000
0.69344171 681.00000000
0.69128352 677.40000000
0.29946423 852.10000000
0.69344160 674.70000000
0.74255634 420.60000000
0.73035961 499.40000000
0.46936575 500.00000000
0.73162901 420.10000000
0.72740931 427.50000000
0.20219203 567.30000000
0.14839990 583.40000000
0.21101526 675.80000000
0.09290279 702.40000000
0.12673240 692.40000000
0.53454658 570.40000000
0.11516369 700.50000000
0.99642857 63.80000000
0.99783777 106.00000000
0.99814815 63.70000000
1.00000000 63.40000000
1.00000000 64.20000000
0.91416413 89.40000000
0.94104652 87.50000000
0.92749800 147.30000000
0.90999080 152.50000000
0.91756436 146.80000000
0.99891304 108.10000000
0.93784173 147.20000000
0.96500840 86.10000000
0.95902780 270.40000000
0.95297412 85.90000000
0.94911308 83.90000000
0.96694246 82.40000000
0.29197900 152.50000000
0.30544032 151.30000000
0.30296548 493.50000000
0.30929936 491.60000000
0.32526771 484.30000000
0.95646774 268.70000000
0.31152803 488.50000000
0.37418567 537.10000000
0.37977472 859.10000000
0.38517944 537.30000000
0.39155811 532.50000000
0.36311697 537.80000000
0.94108637 320.20000000
0.94625181 308.00000000
0.94428486 509.20000000
0.95258163 504.90000000
0.94806031 510.60000000
0.30461425 887.80000000
0.94788508 512.20000000
0.79256148 556.80000000
0.78254134 509.80000000
0.78665603 551.80000000
0.68836186 593.00000000
0.77152205 551.90000000
0.99786343 325.70000000
0.99929325 320.90000000
0.99766968 297.10000000
0.99767737 298.60000000
0.99921715 296.70000000
0.77830295 506.20000000
0.99809303 297.50000000
0.99849616 146.60000000
1.00000000 118.00000000
0.99844952 147.20000000
1.00000000 145.60000000
0.99924242 147.00000000
0.74882240 267.10000000
0.76712972 262.00000000
0.75097604 218.70000000
0.75048601 220.80000000
0.77426175 215.70000000
0.99909091 120.20000000
0.73935054 222.10000000
0.67488572 318.80000000
0.77571649 248.10000000
0.98590267 218.60000000
0.40944495 396.80000000
0.65052558 326.30000000
0.64638767 327.90000000
0.98762153 224.80000000
0.44188037 335.80000000
0.98359228 195.50000000
0.98091680 192.30000000
0.98893127 186.20000000
0.98019449 194.20000000
0.61586490 721.30000000
0.62750018 666.20000000
0.60770536 726.70000000
0.62731928 711.90000000
0.61639628 716.40000000
0.55936027 747.50000000
0.56181892 746.00000000
0.55466324 697.10000000
0.57144436 690.80000000
0.55441417 694.60000000
0.61252251 668.60000000
0.54927609 698.40000000
0.06664514 718.00000000
0.06337871 648.20000000
0.06337489 718.50000000
0.07617302 715.80000000
0.06297879 717.90000000
0.86309355 434.10000000
0.86601893 435.60000000
0.86565914 386.90000000
0.87795903 385.30000000
0.86154452 391.70000000
0.06695832 647.60000000
0.85707225 390.80000000
0.90658256 158.60000000
0.88845323 119.70000000
0.87154023 160.30000000
0.89153596 158.40000000
0.89952890 162.10000000
1.00000000 95.40000000
1.00000000 96.00000000
1.00000000 71.60000000
1.00000000 71.50000000
1.00000000 71.40000000
0.88098897 122.10000000
1.00000000 71.70000000
0.51671006 271.80000000
0.51816535 213.50000000
0.52428585 267.10000000
0.49253629 276.10000000
0.52131866 270.00000000
0.67813669 247.60000000
0.64960872 248.10000000
0.65209783 196.30000000
0.69985985 192.60000000
0.66846848 194.40000000
0.51248906 217.30000000
0.66705371 191.80000000
0.97077819 358.40000000
0.97249298 333.10000000
0.97834154 361.20000000
0.97792198 361.70000000
0.97489973 365.60000000
0.99358256 327.90000000
0.99201859 322.90000000
0.99374451 297.30000000
0.99332069 293.00000000
0.99209091 293.50000000
0.97539592 337.70000000
0.99081042 299.60000000
0.99961353 355.00000000
1.00000000 327.70000000
0.99960552 356.13333333
0.99980218 355.33333333
0.98823529 376.66666667
0.92805708 526.46666667
0.90661677 555.93333333
0.91161291 527.10000000
0.91460895 509.60000000
0.91528941 516.90000000
1.00000000 327.10000000
0.91425856 512.60000000
0.83103463 347.40000000
0.83870288 304.30000000
0.82862984 346.60000000
0.83584961 352.80000000
0.84778464 343.60000000
0.15255681 533.00000000
0.15160389 535.60000000
0.13720889 473.00000000
0.12435004 471.90000000
0.15297337 468.00000000
0.83746576 300.20000000
0.16014977 468.70000000
0.70632939 319.80000000
0.70627850 111.10000000
0.68348362 322.00000000
0.70998425 314.50000000
0.71434562 321.20000000
0.99933775 161.90000000
0.99933333 159.60000000
1.00000000 55.80000000
1.00000000 56.80000000
1.00000000 56.10000000
0.70838108 112.30000000
0.99807692 57.50000000
0.99534308 360.40000000
0.99354933 244.20000000
0.99435208 362.20000000
0.99301775 362.60000000
0.99633216 356.50000000
0.79967568 580.70000000
0.81666235 578.60000000
0.81287582 385.80000000
0.80283155 390.40000000
0.82762980 383.80000000
0.99752963 239.60000000
0.80612916 386.70000000
0.84679250 391.90000000
0.70549026 550.30000000
0.92909506 352.10000000
0.77603120 418.90000000
0.84628949 393.90000000
0.28115494 609.60000000
0.43554497 563.40000000
0.19682626 773.90000000
0.44640936 689.70000000
0.44670305 696.60000000
0.93100190 442.70000000
0.45914128 689.30000000
0.23180213 207.00000000
0.25001932 348.70000000
0.21689762 210.40000000
0.24248252 207.60000000
0.20820173 211.10000000
0.97098902 107.60000000
0.95180951 111.30000000
0.96161859 187.20000000
0.96953460 177.60000000
0.96517084 179.80000000
0.25500028 347.20000000
0.96857142 178.00000000
1.00000000 90.60000000
0.99953271 225.90000000
0.99879518 91.00000000
0.99885057 92.00000000
1.00000000 92.10000000
0.49593878 205.50000000
0.48112915 207.10000000
0.35760156 546.20000000
0.48941253 514.10000000
0.44283274 526.90000000
1.00000000 228.70000000
0.45693802 517.60000000
0.81680846 445.50000000
0.81692655 117.20000000
0.81807200 436.30000000
0.81464886 448.30000000
0.82635897 442.20000000
0.97358580 329.70000000
0.97327659 321.20000000
0.97433720 84.60000000
0.97422104 81.60000000
0.96775906 85.20000000
0.80246613 118.30000000
0.97980832 85.90000000
0.44918231 771.20000000
0.45065591 341.70000000
0.45230886 775.10000000
0.45421123 773.40000000
0.45523057 771.00000000
0.99968354 324.40000000
1.00000000 323.30000000
1.00000000 141.60000000
1.00000000 143.70000000
1.00000000 143.60000000
0.43852060 341.40000000
1.00000000 142.30000000
0.96309514 232.10000000
0.96863008 408.60000000
0.96752847 226.90000000
0.96397558 227.60000000
0.97374220 227.60000000
0.84289559 293.80000000
0.84986491 291.80000000
0.85522916 526.30000000
0.84501046 521.00000000
0.84135961 526.30000000
0.96469311 405.60000000
0.84314066 524.00000000
0.91494950 325.80000000
0.90888803 412.70000000
0.90756610 325.70000000
0.90679808 328.50000000
0.92108920 324.80000000
0.94176835 309.90000000
0.92769788 315.50000000
0.92545818 400.00000000
0.92627304 395.40000000
0.93048652 393.50000000
0.90573241 414.60000000
0.92830076 395.60000000
0.17182586 970.86666667
0.14475057 281.90000000
0.17811682 963.66666667
0.16739467 969.60000000
0.26442141 909.80000000
0.23640922 944.93333333
0.33803309 887.26666667
0.23200786 275.00000000
0.24556690 271.10000000
0.23986282 273.60000000
0.16191205 280.80000000
0.20545379 274.60000000
0.67206466 586.90000000
0.64150758 385.30000000
0.07266657 799.10000000
0.66638119 585.20000000
0.66761483 592.50000000
0.71227599 569.00000000
0.03707328 806.30000000
0.70010214 368.00000000
0.12054667 497.50000000
0.05568144 512.50000000
0.06083415 510.20000000
0.04593432 512.10000000
0.98953678 154.20000000
0.99076156 401.60000000
0.99596774 150.30000000
0.98537427 152.50000000
0.99102751 154.70000000
0.99512078 146.80000000
0.99672098 145.80000000
0.99507740 388.30000000
0.99692654 383.70000000
0.99630092 387.00000000
0.99229813 403.20000000
0.99443661 384.90000000
0.86873175 181.80000000
0.86351725 538.30000000
0.88157313 183.60000000
0.87516265 183.30000000
0.88307133 179.30000000
0.77791044 202.30000000
0.78779305 205.40000000
0.77288730 607.70000000
0.78170477 599.20000000
0.77557644 600.30000000
0.87017805 537.50000000
0.80675296 590.50000000
1.00000000 255.90000000
1.00000000 156.70000000
1.00000000 256.40000000
1.00000000 255.60000000
1.00000000 256.60000000
0.99841584 281.30000000
0.99960784 280.00000000
0.99872611 175.30000000
0.99742731 173.20000000
0.99807687 172.30000000
1.00000000 156.10000000
0.99936709 170.60000000
0.98049966 439.90000000
0.98382408 105.00000000
0.98177982 439.70000000
0.46199353 765.50000000
0.98267067 429.10000000
0.96074591 484.60000000
0.51173078 751.20000000
0.95407488 118.00000000
0.96153378 120.30000000
0.97145647 116.40000000
0.98178022 107.90000000
0.95529234 121.60000000
0.55035280 419.60000000
0.56306683 534.00000000
0.57165504 419.70000000
0.55876405 416.50000000
0.57747672 413.70000000
0.38541746 463.10000000
0.38911095 458.30000000
0.39045766 592.80000000
0.38789476 592.70000000
0.38526545 592.90000000
0.54797390 538.30000000
0.37154426 592.50000000
0.31074038 375.20000000
0.31378374 881.26666667
0.30456032 378.90000000
0.32982441 371.70000000
0.31641105 378.20000000
0.98594264 180.80000000
0.99012694 180.90000000
0.99102494 434.86666667
0.98736232 434.13333333
0.99123820 426.80000000
0.31624506 882.60000000
0.98583624 436.93333333
0.94590990 436.70000000
0.94082962 294.30000000
0.94988581 441.90000000
0.95321254 439.40000000
0.93645511 455.80000000
0.61149879 658.50000000
0.61074870 656.20000000
0.62135320 440.30000000
0.61296578 431.00000000
0.61369314 437.20000000
0.93688402 291.30000000
0.60261192 438.50000000
0.99770597 249.00000000
0.99493952 139.60000000
0.99723023 249.60000000
0.99767428 246.90000000
0.99723860 249.30000000
0.07958527 630.70000000
0.07163653 632.30000000
0.06771306 346.00000000
0.07698031 344.90000000
0.07031673 345.30000000
0.99747187 136.20000000
0.07306115 344.10000000
0.75596546 130.90000000
0.73277248 547.80000000
0.71849628 140.60000000
0.74157715 136.30000000
0.71812016 138.80000000
0.88996329 113.90000000
0.89723511 114.20000000
0.89462053 451.20000000
0.89173137 454.00000000
0.90139758 452.60000000
0.73478868 550.60000000
0.89122553 459.90000000
0.87175277 111.70000000
0.88218425 405.70000000
0.88420199 108.00000000
0.87149445 108.10000000
0.86661276 107.60000000
0.17356148 175.10000000
0.21383973 171.50000000
0.18432541 656.40000000
0.20618175 657.00000000
0.20252653 657.30000000
0.87991737 410.70000000
0.20575705 657.90000000
0.02361652 629.70000000
0.02118135 253.50000000
0.02367622 630.30000000
0.02312272 630.00000000
0.02643256 629.70000000
0.91842336 339.60000000
0.92905904 342.50000000
0.92360732 139.30000000
0.92331180 138.40000000
0.93306844 135.20000000
0.02461340 253.00000000
0.92007368 138.80000000
0.57319174 663.90000000
0.58763085 368.60000000
0.59602698 653.40000000
0.59503223 654.20000000
0.60033841 652.20000000
0.99443645 347.40000000
0.99477916 348.20000000
0.99315989 191.90000000
0.99373408 198.40000000
0.99374941 194.50000000
0.58055412 371.20000000
0.99377688 192.90000000
0.98827598 180.00000000
0.98324884 406.60000000
0.98623049 176.90000000
0.98611647 178.40000000
0.98756744 177.80000000
0.68665960 292.40000000
0.67144103 291.50000000
0.68192458 666.60000000
0.68489932 666.40000000
0.70317350 659.50000000
0.98327085 405.70000000
0.68579143 661.20000000
