400.00000000 100.28119026 102.26720486 105.48090177 102.12575315
400.00000000 100.28119026 102.26720486 105.48090177 102.12575315
400.00000000 100.28119026 102.26720486 105.48090177 102.12575315
400.00000000 100.28119026 102.26720486 105.48090177 102.12575315
400.00000000 100.28119026 102.26720486 105.48090177 102.12575315
400.00000000 100.28119026 102.26720486 105.48090177 102.12575315
400.00000000 100.28119026 102.26720486 105.48090177 102.12575315
400.00000000 100.28119026 102.26720486 105.48090177 102.12575315
400.00000000 100.28119026 102.26720486 105.48090177 102.12575315
400.00000000 100.28119026 102.26720486 105.48090177 102.12575315
575.00000000 450.45495972 453.31776967 453.59473099 452.85839800
575.00000000 450.45495972 453.31776967 453.59473099 452.85839800
575.00000000 450.45495972 453.31776967 453.59473099 452.85839800
575.00000000 450.45495972 453.31776967 453.59473099 452.85839800
575.00000000 450.45495972 453.31776967 453.59473099 452.85839800
575.00000000 450.45495972 453.31776967 453.59473099 452.85839800
575.00000000 450.45495972 453.31776967 453.59473099 452.85839800
575.00000000 450.45495972 453.31776967 453.59473099 452.85839800
575.00000000 450.45495972 453.31776967 453.59473099 452.85839800
575.00000000 450.45495972 453.31776967 453.59473099 452.85839800
487.50000000 268.80387843 271.27922067 272.81786959 270.89736377
487.50000000 268.80387843 271.27922067 272.81786959 270.89736377
487.50000000 619.63409222 622.35064355 621.29549060 623.55286595
487.50000000 268.80387843 271.27922067 272.81786959 270.89736377
662.50000000 269.93267765 272.24608530 272.13407237 273.76599852
662.50000000 620.44278062 622.11325732 624.16431555 623.36095665
662.50000000 269.93267765 272.24608530 272.13407237 273.76599852
662.50000000 620.44278062 622.11325732 624.16431555 623.36095665
487.50000000 619.63409222 622.35064355 621.29549060 623.55286595
662.50000000 620.44278062 622.11325732 624.16431555 623.36095665
662.50000000 619.65336770 622.81257677 622.41872821 621.51345060
662.50000000 619.65336770 622.81257677 622.41872821 621.51345060
662.50000000 269.98789805 272.36674016 273.24184226 272.15623673
662.50000000 619.65336770 622.81257677 622.41872821 621.51345060
487.50000000 619.78253923 621.75800786 622.62530528 622.96089483
487.50000000 270.11334325 273.18794123 273.34628569 272.22550680
487.50000000 619.78253923 621.75800786 622.62530528 622.96089483
487.50000000 270.11334325 273.18794123 273.34628569 272.22550680
662.50000000 269.98789805 272.36674016 273.24184226 272.15623673
487.50000000 270.11334325 273.18794123 273.34628569 272.22550680
706.30000000 359.65452419 362.32050754 362.68788820 362.03763200
706.30000000 359.65452419 362.32050754 362.68788820 362.03763200
706.30000000 180.26130484 183.62391134 182.60501903 182.65695642
706.30000000 359.65452419 362.38520016 362.74614261 362.10326170
706.30000000 359.65452419 362.32050754 362.68788820 362.03763200
706.30000000 180.26130484 183.69017166 182.66564600 182.71891334
706.30000000 359.65452419 362.38520016 362.74614261 362.10326170
706.30000000 180.26130484 183.62391134 182.60501903 182.65695642
706.30000000 180.26130484 183.69017166 182.66564600 182.71891334
706.30000000 180.26130484 183.69017166 182.66564600 182.71891334
531.30000000 710.98545495 714.98737817 713.30465673 713.13202970
531.30000000 710.98545495 714.98737817 713.30465673 713.13202970
531.30000000 530.42536333 533.28298562 533.24703616 533.32613516
531.30000000 710.98545495 714.83522820 713.14794494 712.98587660
531.30000000 710.98545495 714.98737817 713.30465673 713.13202970
531.30000000 530.42536333 533.12231766 533.09693884 533.16937818
531.30000000 710.98545495 714.83522820 713.14794494 712.98587660
531.30000000 530.42536333 533.28298562 533.24703616 533.32613516
531.30000000 530.42536333 533.12231766 533.09693884 533.16937818
531.30000000 530.42536333 533.12231766 533.09693884 533.16937818
618.80000000 179.54682169 180.71733011 182.07561643 183.84849483
618.80000000 179.54682169 180.71733011 182.07561643 183.84849483
618.80000000 709.27501530 712.94595283 711.96211338 711.01506750
618.80000000 179.54682169 180.88847237 182.24768244 184.02458570
443.80000000 180.63338458 182.46724321 184.85799024 182.67457524
443.80000000 709.62152691 710.95613049 712.64823431 714.14865743
443.80000000 180.63338458 182.58567996 184.98568639 182.79172768
443.80000000 709.62152691 710.83378809 712.52525347 714.03715948
618.80000000 709.27501530 713.12233928 712.12327523 711.17908475
443.80000000 709.62152691 710.95613049 712.64823431 714.14865743
443.80000000 529.28937683 530.67112012 533.69129241 532.43821717
443.80000000 529.28937683 530.67112012 533.69129241 532.43821717
443.80000000 360.50185052 364.08348727 362.54583771 363.14437378
443.80000000 529.28937683 530.62423734 533.65618174 532.40570902
618.80000000 530.51845148 533.12880175 533.62492189 533.20892469
618.80000000 359.41486063 361.33497998 362.52508590 362.48935315
618.80000000 530.51845148 533.07010814 533.56873118 533.15761293
618.80000000 359.41486063 361.39731699 362.57701073 362.55089673
443.80000000 360.50185052 364.03266259 362.50315847 363.09440683
618.80000000 359.41486063 361.33497998 362.52508590 362.48935315
553.10000000 309.49592548 311.43503799 313.83660198 311.18038283
553.10000000 310.36809787 311.84668527 313.02373410 314.23327105
553.10000000 309.49592548 311.43503799 313.83660198 311.18038283
553.10000000 309.49592548 311.53633143 313.92506915 311.27287659
728.10000000 310.40523722 312.97841290 311.68429570 314.44131452
728.10000000 310.40523722 313.11676255 311.81629560 314.56117499
728.10000000 310.32449040 312.88721493 313.06041573 313.24887346
728.10000000 310.32449040 312.77382363 312.93002577 313.13206433
553.10000000 310.36809787 311.94034436 313.11951377 314.33026451
728.10000000 310.32449040 312.88721493 313.06041573 313.24887346
728.10000000 659.72709401 663.26712983 661.46830522 662.51685853
728.10000000 660.40712565 663.04516318 663.16866507 663.26391267
728.10000000 659.72709401 663.26712983 661.46830522 662.51685853
728.10000000 659.72709401 663.14720844 661.33825842 662.40149624
553.10000000 659.87452050 662.28790885 661.99682154 663.68155898
553.10000000 659.87452050 662.19582036 661.90654164 663.57915044
553.10000000 660.65893985 663.66435320 663.31600750 663.22402788
553.10000000 660.65893985 663.76780173 663.41442950 663.32974247
728.10000000 660.40712565 662.91909355 663.05189900 663.13416661
553.10000000 660.65893985 663.66435320 663.31600750 663.22402788
465.60000000 139.35844380 141.78643362 142.93512225 141.64040827
465.60000000 140.19818577 142.89496535 142.37093667 143.60649525
465.60000000 489.78568992 493.12220755 492.12812681 492.21983395
465.60000000 139.35844380 141.87413802 143.03452087 141.72520556
465.60000000 139.35844380 141.78643362 142.93512225 141.64040827
465.60000000 489.78568992 493.21375822 492.21814432 492.30782825
465.60000000 140.19818577 142.98795750 142.44965963 143.68739286
465.60000000 489.65134327 490.97362029 494.05238403 491.93137913
465.60000000 489.65134327 491.07263503 494.13248732 492.02007568
465.60000000 489.65134327 491.07263503 494.13248732 492.02007568
640.60000000 489.36694963 492.58685380 492.28978673 491.62691483
640.60000000 490.52253432 494.43426617 493.00258265 492.50986805
640.60000000 139.34960184 143.37646112 141.32548144 141.91086133
640.60000000 489.36694963 492.47701722 492.17635574 491.50892863
640.60000000 489.36694963 492.58685380 492.28978673 491.62691483
640.60000000 139.34960184 143.26810715 141.20995107 141.82224200
640.60000000 490.52253432 494.32080478 492.89699387 492.39010995
640.60000000 139.54409623 144.29436508 141.81466572 140.94179510
640.60000000 139.54409623 144.17136214 141.69506406 140.84206428
640.60000000 139.54409623 144.17136214 141.69506406 140.84206428
596.80000000 230.56556222 233.75070804 232.62668410 233.86961064
596.80000000 229.13556453 231.31430673 232.51774833 231.96933035
596.80000000 399.13698859 401.51943564 402.68455619 401.50319141
596.80000000 230.56556222 233.80684828 232.67593452 233.91312722
421.80000000 230.21456175 232.90015244 234.15376272 232.22178533
421.80000000 400.21559584 403.99327194 403.71761915 401.46679567
421.80000000 230.82145680 232.87447949 233.69754184 234.64091619
421.80000000 400.22761511 402.69480594 402.81802064 403.59386529
596.80000000 400.30754696 403.47519129 403.45622996 402.57035368
421.80000000 400.22761511 402.74610017 402.85740766 403.63245002
421.80000000 579.85120513 582.07912330 584.08995167 581.66935930
421.80000000 580.07332354 582.89812922 583.01847137 582.72391215
421.80000000 750.08892714 753.65555492 751.43520827 753.58940870
421.80000000 579.85120513 582.11115763 584.12824124 581.71582255
596.80000000 579.93552711 582.09617750 582.00397679 583.76515004
596.80000000 749.59312802 753.59034401 751.24840572 752.07406751
596.80000000 579.96352152 582.79664816 582.23674485 583.06457287
596.80000000 750.01565012 753.49737669 752.26566294 752.35538580
421.80000000 749.37016830 753.53232951 752.25031506 750.91009973
596.80000000 750.01565012 753.54741118 752.31389105 752.40823186
684.30000000 400.24560161 403.44805248 403.46978787 402.25404718
684.30000000 400.24140324 403.00658496 403.47242981 402.77718393
684.30000000 579.62867878 583.29137161 581.37383310 582.72195767
684.30000000 400.24560161 403.38433512 403.41549472 402.18587137
684.30000000 400.24560161 403.44805248 403.46978787 402.25404718
684.30000000 579.62867878 583.23458971 581.31753258 582.66302748
684.30000000 400.24140324 402.94083125 403.41298207 402.71550515
684.30000000 580.10894529 581.86865586 583.41463843 583.49203785
684.30000000 580.10894529 581.80766575 583.34789945 583.42995141
684.30000000 580.10894529 581.80766575 583.34789945 583.42995141
509.30000000 750.02004531 752.72444102 752.70485387 753.11498941
509.30000000 750.65934495 754.48655552 753.12468695 752.76073825
509.30000000 229.44557739 232.78077112 231.94858360 231.96688136
509.30000000 750.02004531 752.66111489 752.65229694 753.05436880
509.30000000 750.02004531 752.72444102 752.70485387 753.11498941
509.30000000 229.44557739 232.72177507 231.88924147 231.91217073
509.30000000 750.65934495 754.42172446 753.06145551 752.69568942
509.30000000 229.20802380 231.59575420 231.50277594 232.83805511
509.30000000 229.20802380 231.52455540 231.43863106 232.78453320
509.30000000 229.20802380 231.52455540 231.43863106 232.78453320
629.70000000 420.33138642 422.41009840 423.57239084 423.44231991
629.70000000 419.73474850 423.47034279 421.44945885 422.79432993
629.70000000 770.56893004 773.60925598 773.16988377 773.07708602
629.70000000 420.33138642 422.39758753 423.55887760 423.42503878
695.20000000 419.69137097 422.53003343 421.96464507 422.85858035
695.20000000 770.20583730 772.68586483 773.85598118 772.16380707
695.20000000 419.45631554 421.89467527 422.01518259 422.42046013
695.20000000 769.79904200 773.05689345 772.27835722 772.23867295
629.70000000 770.21276367 773.98118288 771.70878497 773.01047246
695.20000000 769.79904200 773.04275309 772.25877393 772.22209109
454.70000000 770.08105529 771.66097518 774.17704149 772.49396473
454.70000000 770.37423223 773.88412457 772.24343608 773.37624201
454.70000000 420.20978498 421.69785485 422.67048480 424.38800438
454.70000000 770.08105529 771.82645346 774.33829078 772.65136060
520.30000000 770.98817165 773.26557200 773.84643762 773.91991118
520.30000000 420.14270060 423.95208871 422.73759825 422.08168803
520.30000000 769.39846968 772.19289578 773.08140980 771.82406593
520.30000000 420.28445510 423.24545449 422.17240243 422.98201503
454.70000000 419.75897328 423.77117865 420.97516809 423.24748376
520.30000000 420.28445510 423.45147198 422.39552734 423.18793366
717.20000000 250.61095752 252.89275008 252.61445455 254.56597368
717.20000000 250.23232367 253.52251134 252.58817477 252.84214132
717.20000000 250.61095752 252.89275008 252.61445455 254.56597368
717.20000000 250.61095752 252.76979444 252.48165733 254.42988708
432.80000000 249.70954152 253.18873595 251.91065624 252.36334544
432.80000000 249.70954152 253.09985344 251.82036050 252.27155011
432.80000000 248.82632979 251.69199095 251.38939053 251.72301546
432.80000000 248.82632979 251.78550415 251.47870041 251.80426775
717.20000000 250.23232367 253.37673879 252.45085561 252.70014565
432.80000000 248.82632979 251.69199095 251.38939053 251.72301546
542.20000000 600.52749906 602.92912660 603.06937239 603.70611402
542.20000000 600.43132465 602.97600648 603.31601213 603.19321911
542.20000000 600.52749906 602.92912660 603.06937239 603.70611402
542.20000000 600.52749906 603.00876882 603.16626736 603.78619461
607.80000000 600.00541532 603.49420687 602.43218753 602.22130815
607.80000000 600.00541532 603.59753129 602.51639539 602.32365876
607.80000000 600.04202082 602.49669082 603.49881088 602.50831714
607.80000000 600.04202082 602.40578008 603.41689304 602.40903600
542.20000000 600.43132465 603.05209096 603.40387884 603.27735039
607.80000000 600.04202082 602.49669082 603.49881088 602.50831714
498.40000000 160.14318442 161.73410739 162.87825169 164.09322541
498.40000000 160.32707176 163.56646195 162.59638246 163.15888586
498.40000000 689.76142628 692.55103089 692.54825374 692.40507431
498.40000000 160.14318442 161.71637198 162.86111373 164.07615218
476.50000000 160.58824201 162.75040504 163.92113338 163.15411645
476.50000000 690.22853415 694.44077892 692.91254935 691.80279117
476.50000000 160.29940211 162.00838339 163.87645881 163.25357052
476.50000000 690.76566813 693.06392190 693.72771568 693.49194521
498.40000000 690.21921436 693.67349774 693.97130198 691.32360114
476.50000000 690.76566813 693.05478321 693.70808996 693.48025869
673.40000000 510.09298512 511.67293034 512.68581079 514.36230502
673.40000000 510.14702712 512.54732888 512.75536304 513.54913756
673.40000000 341.58933075 344.48339410 343.82772052 344.59839394
673.40000000 510.09298512 511.65831529 512.67005457 514.34981550
651.50000000 510.04037631 513.13663888 512.88161510 512.47014423
651.50000000 340.01929455 344.53795061 342.61507473 341.36957816
651.50000000 509.43702426 512.05108356 513.47093136 511.07557516
651.50000000 339.24097098 341.49425345 342.61122893 341.91803362
673.40000000 340.68610720 343.31608917 343.82782100 343.00656261
651.50000000 339.24097098 341.47503524 342.59622963 341.90476565
410.90000000 339.37502727 342.39541150 340.53541663 343.70841747
410.90000000 339.46226117 343.41561605 342.68218910 340.61437647
410.90000000 159.66480467 162.00711160 163.36183320 161.86975175
410.90000000 339.37502727 342.38422123 340.52293640 343.69853438
739.00000000 340.29992037 344.36938406 342.83343178 342.05489199
739.00000000 159.89502453 162.55990338 163.29275356 162.18596657
739.00000000 338.88539916 341.29920436 341.08762069 342.53775042
739.00000000 159.54539712 162.42945006 162.49639150 162.13524493
410.90000000 160.05759779 163.46204212 162.92807890 162.25048050
739.00000000 159.54539712 162.41678970 162.48051080 162.12023240
585.90000000 690.52518033 693.51177708 693.68902008 692.93164359
585.90000000 689.39819081 693.63645041 693.18533371 689.80886566
585.90000000 509.61884304 512.95703131 512.50203838 511.91992217
585.90000000 690.52518033 693.49805774 693.67345497 692.91606598
564.00000000 690.35575200 692.71458896 693.93469209 692.93174354
564.00000000 510.64817524 514.14316217 512.78084742 513.78232569
564.00000000 689.89865303 692.71801085 692.71238589 692.68937530
564.00000000 510.23310302 512.70003100 512.77568940 513.69505427
585.90000000 509.84560377 512.74847568 512.85814465 512.37580270
564.00000000 510.23310302 512.68830230 512.76344984 513.68452317
695.20000000 199.35467336 201.82460611 202.40294393 201.71810914
695.20000000 200.43514725 203.77641495 202.41422545 203.20464043
695.20000000 550.25667288 552.38377611 552.83318298 553.67798112
695.20000000 199.35467336 201.72430286 202.29873063 201.62272628
454.70000000 199.88882146 203.41490222 202.64233977 202.20077814
454.70000000 550.38560586 555.36345408 552.96519130 551.25360409
454.70000000 200.71688986 202.64250335 204.54327306 203.20724150
454.70000000 550.38899291 553.24553337 552.93227394 553.46787002
695.20000000 549.89130918 553.26087981 551.46900265 552.78901649
454.70000000 550.38899291 553.15246534 552.86448300 553.38237875
520.30000000 549.33595327 550.58443206 552.31951612 553.76800553
520.30000000 550.73728017 553.84299421 553.30260141 553.62012898
520.30000000 200.56560275 202.84252456 203.11471448 204.14901864
520.30000000 549.33595327 550.48210616 552.21390464 553.66686469
629.70000000 549.23097879 552.74250364 551.92414895 551.43329055
629.70000000 199.37259648 202.30092355 203.82809490 200.30272732
629.70000000 549.92090529 552.88247000 552.47815630 552.73870209
629.70000000 200.00897362 202.40062136 203.96442065 202.19326262
520.30000000 200.02637248 202.61432581 204.07142980 201.69596085
629.70000000 200.00897362 202.30025271 203.85655129 202.09212012
607.80000000 379.30394598 382.33724250 381.39587311 382.35785405
607.80000000 379.78898698 381.73851051 383.02306011 382.76345576
607.80000000 379.30394598 382.33724250 381.39587311 382.35785405
607.80000000 379.30394598 382.35259219 381.41418572 382.37295387
717.20000000 380.43485390 382.80897427 382.60823842 383.97808791
717.20000000 380.43485390 382.82235780 382.62157571 383.99359017
717.20000000 380.03645263 383.14882329 381.73784506 383.19160648
717.20000000 380.03645263 383.13524890 381.72280252 383.17383002
607.80000000 379.78898698 381.74943107 383.03697827 382.77147040
717.20000000 380.03645263 383.14882329 381.73784506 383.19160648
432.80000000 729.92717795 732.05885621 732.91444808 733.32400929
432.80000000 730.37073230 732.44079048 733.67660938 733.57268193
432.80000000 729.92717795 732.05885621 732.91444808 733.32400929
432.80000000 729.92717795 732.06600042 732.92349756 733.32942754
542.20000000 730.29391295 733.35780268 732.74422391 733.36675338
542.20000000 730.29391295 733.36994350 732.75850534 733.38024074
542.20000000 729.78765220 732.92829005 732.43029621 732.46939278
542.20000000 729.78765220 732.91458949 732.41574520 732.45772685
432.80000000 730.37073230 732.44960292 733.68451027 733.58521227
542.20000000 729.78765220 732.92829005 732.43029621 732.46939278
476.50000000 290.53840983 293.67877915 293.19885309 293.18715199
476.50000000 289.95168920 292.09782572 293.28862117 292.81938880
476.50000000 470.55023468 472.40114736 473.38865316 474.29888679
476.50000000 290.53840983 293.58332746 293.11883334 293.08685696
673.40000000 289.57418738 291.86738149 292.43037254 292.86653386
673.40000000 469.61874748 472.47408177 471.98478142 472.80002384
673.40000000 289.64299833 293.04056581 292.47415399 291.43534558
673.40000000 469.83538356 472.41784145 473.62800050 472.14722020
476.50000000 470.56947780 471.26122672 474.54706021 473.98450700
673.40000000 469.83538356 472.32040544 473.50764271 472.03783674
651.50000000 639.71556580 641.54632034 642.42449653 643.16826066
651.50000000 640.16172309 642.19783146 643.81207905 642.55174393
651.50000000 120.08336667 122.13077801 123.48687759 122.78412414
651.50000000 639.71556580 641.68118557 642.54382213 643.30575628
498.40000000 639.42377322 642.38307482 640.96897115 643.24009163
498.40000000 119.58103123 123.11842873 122.35210683 122.05476716
498.40000000 641.02430021 643.22640310 645.27305771 643.53837197
498.40000000 120.65817951 124.78131007 122.05047710 123.74063666
651.50000000 119.71832261 123.07526696 122.75624880 121.67354048
498.40000000 120.65817951 124.93506340 122.18644985 123.89259308
564.00000000 120.31603763 123.36086873 123.07105316 122.86005812
564.00000000 119.54600256 123.84617295 122.46379663 120.52621761
564.00000000 289.93387817 291.97418646 293.41620950 292.80917878
564.00000000 120.31603763 123.26806342 122.97097294 122.77667921
410.90000000 120.44454978 124.96054403 121.26058004 123.90643174
410.90000000 289.43091127 290.57167897 294.10265740 291.94717117
410.90000000 120.16315089 122.13830491 123.89480344 122.70165920
410.90000000 290.37778486 291.80886252 294.14643535 293.61895221
564.00000000 289.76244117 291.42954859 292.87485510 292.95592490
410.90000000 290.37778486 291.74317763 294.08494317 293.56489940
739.00000000 471.20522963 473.25478523 474.21206497 473.76820041
739.00000000 469.90978080 472.55342682 473.01170240 471.85742264
739.00000000 640.45645158 643.67784489 642.49412566 643.31110717
739.00000000 471.20522963 473.37377313 474.34094894 473.90530977
585.90000000 470.26753509 472.30785424 474.83477097 471.67003463
585.90000000 639.84725542 643.47931548 641.81341577 642.73147621
585.90000000 470.63520936 473.78398942 472.80787607 473.75999887
585.90000000 639.89270009 642.17925334 643.18326579 642.33410590
739.00000000 640.19617500 643.51605767 642.27263682 643.35165285
585.90000000 639.89270009 642.28499505 643.28383212 642.46015504
591.40000000 280.59652782 284.13807342 281.44062535 284.43917123
591.40000000 280.07842710 283.25344567 282.91228595 282.24524124
591.40000000 740.56181559 743.02774843 744.80571742 741.90914184
591.40000000 280.59652782 284.11559100 281.42437268 284.41327306
635.10000000 279.80755829 282.29161373 282.43598554 282.80060618
635.10000000 740.48237119 742.62659367 743.44488058 743.42750688
635.10000000 279.97471430 282.19287084 282.62268204 282.96137557
635.10000000 739.41637133 741.11485131 743.57949304 741.54508363
591.40000000 740.51032552 742.64208468 743.79369474 742.99824172
635.10000000 739.41637133 741.09844134 743.56185226 741.52594047
416.40000000 629.49655963 632.86775796 632.00392456 632.16704534
416.40000000 629.99668217 632.79891710 632.58829685 633.02649524
416.40000000 390.69207825 395.10616200 393.98185496 391.46983141
416.40000000 629.49655963 632.84402392 631.98653971 632.14790722
460.10000000 628.89064903 632.25976646 631.11388365 632.18145669
460.10000000 390.86530994 394.69449568 393.90163765 392.62980218
460.10000000 629.96707634 634.05945233 632.50727594 631.80603660
460.10000000 389.88641781 392.18528475 392.61415071 393.52262805
416.40000000 389.73116059 393.04219973 391.96869887 392.68076650
460.10000000 389.88641781 392.16650623 392.59970128 393.50971942
678.90000000 110.04208579 112.89944413 112.02952315 113.01881649
678.90000000 110.10472047 112.50182931 113.06136377 112.68246142
678.90000000 220.67470650 222.14847099 223.68511070 224.09710951
678.90000000 110.04208579 112.99499238 112.13571700 113.11073477
547.60000000 109.40384850 113.25751003 110.93624043 112.12565178
547.60000000 219.99635153 224.02473087 222.54053858 221.89555310
547.60000000 109.93815403 112.12066688 113.05909177 112.94117567
547.60000000 219.61248516 224.05256565 221.94161673 220.85209775
678.90000000 220.78348804 223.39251135 222.71972109 224.47359732
547.60000000 219.61248516 224.14427294 222.01585771 220.93449695
503.90000000 459.48973548 462.53051056 461.67652371 462.95511222
503.90000000 458.88483811 462.23108411 460.95486683 462.19077150
503.90000000 570.46649911 573.26180444 574.73411920 571.84102219
503.90000000 459.48973548 462.64750989 461.77179218 463.06130650
722.60000000 459.82962900 463.24243107 462.75037463 461.73224891
722.60000000 570.71754158 572.13418898 575.15974307 573.43153559
722.60000000 459.58992476 462.91525939 462.81745480 461.63311450
722.60000000 569.45575465 572.34201747 572.63366929 571.65356896
503.90000000 569.53778987 571.96707991 572.76229256 572.79715907
722.60000000 569.45575465 572.44398187 572.74120010 571.74919550
547.60000000 189.87116171 191.86887511 192.31147000 193.94998686
547.60000000 191.02940970 193.01442650 192.97424046 195.83416210
547.60000000 649.88802308 652.99512775 653.16477911 652.11641356
547.60000000 189.87116171 191.74844698 192.19686932 193.83907772
503.90000000 190.41249025 192.51584034 193.60020209 193.98815761
503.90000000 651.01447238 653.34470065 654.17802333 653.51539232
503.90000000 189.07247585 192.35252641 192.27984014 191.04626168
503.90000000 649.12505848 652.22544266 651.90382034 651.62167202
547.60000000 650.60232904 654.23834978 653.82698155 651.98028410
503.90000000 649.12505848 652.07040405 651.75313932 651.46739681
722.60000000 540.03863708 543.18427891 542.01639015 543.05247459
722.60000000 540.28377859 543.42570703 542.73882058 542.77961989
722.60000000 299.37484966 301.96233558 301.10799279 303.12402478
722.60000000 540.03863708 543.28443182 542.11724196 543.15310550
678.90000000 540.93471345 544.11055052 543.66868549 543.21821791
678.90000000 300.07367571 303.40530474 302.98061919 302.15850930
678.90000000 539.79092550 542.49830021 543.61806290 541.80345967
678.90000000 299.21844713 302.64621245 300.43565704 302.73858370
722.60000000 300.50735127 303.91181748 303.32619343 302.81199843
678.90000000 299.21844713 302.73513816 300.53548095 302.83388466
460.10000000 369.51425666 372.47778490 371.79977496 372.66356050
460.10000000 370.67206424 372.70280130 374.37736255 373.34142917
460.10000000 130.23781821 131.87527183 134.02255641 133.32839754
460.10000000 369.51425666 372.38252010 371.70097316 372.55181875
591.40000000 370.03300158 373.52483383 373.45957310 371.40275232
591.40000000 130.70284258 133.03618985 133.90541665 133.26844705
591.40000000 369.65677080 372.82992777 371.31340510 372.89935523
591.40000000 129.91134976 132.25765399 133.22045614 132.67176098
460.10000000 130.51515741 133.93458408 132.85518160 133.08212889
591.40000000 129.91134976 132.13462768 133.08512471 132.56499511
635.10000000 720.45484894 723.82040475 721.19548645 724.13842213
635.10000000 720.49299344 722.40851235 723.85473325 723.27850513
635.10000000 480.23823171 482.19041343 482.96139260 483.44706265
635.10000000 720.45484894 723.90610784 721.28271790 724.23376515
416.40000000 720.62176333 723.37523547 725.43501089 721.53248380
416.40000000 478.64823928 482.53240861 481.00912331 480.73316335
416.40000000 720.30318898 722.24811004 722.80060006 724.48397237
416.40000000 480.22248650 483.84466760 482.95852499 482.10170111
635.10000000 479.13944077 482.05394455 483.76297672 479.96253736
416.40000000 480.22248650 483.90885520 483.03310827 482.18374625
744.50000000 150.19114903 152.34201802 152.47784901 153.85156366
744.50000000 149.58234692 152.77501368 152.33224592 151.78938071
744.50000000 610.02769268 613.51729828 611.83876790 612.89220642
744.50000000 150.19114903 152.24561595 152.38282669 153.74712460
525.70000000 150.19473540 151.91198954 153.29307482 153.79701647
525.70000000 610.90615386 613.90382578 613.37262845 613.68112990
525.70000000 149.71558827 152.76795747 152.00185305 152.19517767
525.70000000 609.80451757 612.09382028 611.81520674 614.28598862
744.50000000 610.47946003 612.28704504 614.35296841 612.81455887
525.70000000 609.80451757 611.99331737 611.73098357 614.19119579
569.50000000 500.97470679 504.16850808 504.12721620 502.64732983
569.50000000 500.46549582 503.01793647 503.34462085 503.16316878
569.50000000 259.52250819 261.25423727 262.30279127 263.01899777
569.50000000 500.97470679 504.26703571 504.23311804 502.75300626
700.80000000 499.95836682 503.62877312 502.23225839 501.92045275
700.80000000 260.41607125 262.08770143 263.31323323 264.03694617
700.80000000 499.30508908 501.93189167 502.08920047 502.26299533
700.80000000 259.23684485 260.85491131 261.06783472 263.52475969
569.50000000 259.87557497 263.47687230 261.51872375 263.13593740
700.80000000 259.23684485 260.99429498 261.19506545 263.65416028
657.10000000 319.88185558 322.44586273 323.42424681 322.28327142
657.10000000 320.27557325 323.08226622 323.81637875 322.40292221
657.10000000 430.58087732 432.95906235 434.28583302 432.91232341
657.10000000 319.88185558 322.22026165 323.20032653 322.06160213
613.20000000 320.46880406 322.69512901 323.90817317 323.43802632
613.20000000 429.74650182 432.39290653 432.49423624 432.23058941
613.20000000 320.12320551 322.35841541 323.57740758 322.25142242
613.20000000 430.21582253 432.67091917 434.11977246 432.39308919
657.10000000 429.32509646 431.51876417 431.77589952 432.56034901
613.20000000 430.21582253 432.46048637 433.89093701 432.18040022
482.00000000 670.05971420 673.17867660 672.29682411 672.68227945
482.00000000 670.10791872 672.02387212 673.40812323 672.83165596
482.00000000 780.16337191 782.83060606 782.63487908 783.52939706
482.00000000 670.05971420 673.18235261 672.30423958 672.69031881
438.20000000 669.68293472 669.87511466 674.57835053 673.02162401
438.20000000 780.68121172 782.90142033 783.95069194 783.86920360
438.20000000 669.75944315 671.92794660 672.35486433 673.53448716
438.20000000 780.51167690 783.93044941 782.96585024 783.15310065
482.00000000 780.17889149 783.13141131 783.32916478 782.59855803
438.20000000 780.51167690 783.93721528 782.96988174 783.15920831
438.20000000 411.11155216 414.39274620 413.60651464 413.71336097
438.20000000 410.05468480 413.31527368 413.62311939 411.63416955
438.20000000 520.79093986 521.41936858 525.01108603 524.30337822
438.20000000 411.11155216 414.39719340 413.61380306 413.71774608
657.10000000 410.38280659 413.25750694 412.73563198 412.95569172
657.10000000 520.07700224 522.97086667 522.64795706 522.73607230
657.10000000 410.10030659 412.90019048 411.68568245 413.59459377
657.10000000 519.51696234 522.26047732 522.13359442 522.26627084
438.20000000 520.41397876 522.47931759 523.31856935 523.95374518
657.10000000 519.51696234 522.26692089 522.14027895 522.27218080
613.20000000 760.07360097 763.09045707 762.45702288 763.11772765
613.20000000 759.73392201 763.28146982 762.00472643 762.18462306
613.20000000 169.63067781 173.35507377 171.88577338 171.93526549
613.20000000 760.07360097 763.09583170 762.46300229 763.12645255
482.00000000 760.50871820 763.09800751 763.18628162 763.67938073
482.00000000 169.90392122 173.98346787 171.75476239 172.16394563
482.00000000 759.29134848 760.84075921 763.84530954 761.71282329
482.00000000 169.93216762 172.04090280 173.36434298 172.63811827
613.20000000 170.39378154 172.32620370 173.86934993 173.54786549
482.00000000 169.93216762 172.05316511 173.37224211 172.64403839
525.70000000 240.70595844 243.98557302 242.03354975 244.29161336
525.70000000 240.49248343 242.76560603 243.24000906 243.71253074
525.70000000 349.96778765 353.05635374 352.45163250 352.46662049
525.70000000 240.70595844 243.99329198 242.03640784 244.30243790
569.50000000 240.02727981 244.06913197 242.70965317 241.39083379
569.50000000 349.87210086 353.01478489 352.33297485 352.46474842
569.50000000 239.82998979 241.79846517 244.04788537 241.56734837
569.50000000 349.63089213 352.10748932 352.07905851 352.97505438
525.70000000 349.67884021 352.99100570 351.85934946 352.25664257
569.50000000 349.63089213 352.11760805 352.08565483 352.98156429
700.80000000 590.38558832 592.89944292 592.75918999 593.98288300
700.80000000 589.83194329 592.59772510 592.87071764 592.38839223
700.80000000 700.57209656 702.23100821 704.58809079 703.33989574
700.80000000 590.38558832 592.90957328 592.76311652 593.98922579
744.50000000 590.45774031 593.50045747 592.40604565 593.53262255
744.50000000 699.25592461 702.42307631 702.03102597 702.13344872
744.50000000 590.06483132 592.83518139 592.67211184 592.88531129
744.50000000 699.75281685 702.24358245 702.50121067 703.18067051
700.80000000 699.41134571 701.20334573 702.75796897 702.83345856
744.50000000 699.75281685 702.24991834 702.50899291 703.18555226
449.20000000 259.93600877 262.22892318 264.43885124 261.38225536
449.20000000 259.50545866 262.09360298 262.90673984 261.74782893
449.20000000 150.24239284 153.45853500 152.82132915 152.68378142
449.20000000 259.93600877 262.32675382 264.52275654 261.45786425
558.50000000 260.80433137 262.21181860 263.35305521 264.99051470
558.50000000 149.67268170 152.52165261 152.30329363 152.60120969
558.50000000 260.37128614 262.67307255 263.14235014 263.86828885
558.50000000 150.12707524 151.96463882 152.99601406 153.54265028
449.20000000 148.66471636 151.09068008 151.18495597 152.15568192
558.50000000 150.12707524 152.07645674 153.11492972 153.63885881
624.20000000 609.49322362 613.45414074 612.13400939 611.24682094
624.20000000 609.49267635 612.61269221 612.45893788 611.83145677
624.20000000 499.08891704 502.78864124 501.62841151 501.26874183
624.20000000 609.49322362 613.35039913 612.02194470 611.12914771
733.50000000 609.74456024 612.45842361 612.49187541 612.60037667
733.50000000 499.31134245 502.31832954 502.31691985 501.06544707
733.50000000 610.39954207 612.95203168 612.85349770 613.07738906
733.50000000 500.23975276 503.66159520 502.68374707 502.54585177
624.20000000 500.09344970 501.60407431 503.60674973 503.09036227
733.50000000 500.23975276 503.55203390 502.56501521 502.42625210
536.70000000 429.60033508 432.69519022 432.21468817 432.30011622
536.70000000 430.38466258 433.62164124 432.21229458 433.74860646
536.70000000 669.96301778 672.94790256 672.03378583 673.24821938
536.70000000 429.60033508 432.79966695 432.32445503 432.40062120
646.00000000 429.89529518 433.71082033 431.66214002 432.59432778
646.00000000 670.23335537 671.64164418 674.07569495 673.53551669
646.00000000 430.09861147 433.18499907 433.07215872 432.64418809
646.00000000 671.03510040 674.22802967 673.01508452 674.06644518
536.70000000 670.50754068 672.43277928 674.19576672 673.27876426
646.00000000 671.03510040 674.35968034 673.14181195 674.17817246
711.70000000 780.09072257 783.91127868 781.60014813 783.22554957
711.70000000 779.11480724 782.18830103 781.15579337 782.61187698
711.70000000 320.27875887 322.57252034 322.55561033 324.28308948
711.70000000 780.09072257 783.78992273 781.48527042 783.11303515
471.10000000 780.89022480 784.37774944 783.98102626 782.88610648
471.10000000 320.26773195 322.51682867 324.24764871 322.43522270
471.10000000 780.17714152 782.74756725 782.88888203 783.17607086
471.10000000 320.35024305 324.01625914 323.19689069 322.72573345
711.70000000 319.67165095 322.39328391 321.85980228 322.91295670
471.10000000 320.35024305 323.92085545 323.11471771 322.63822092
668.00000000 348.73105001 351.76497711 351.33280085 351.32417870
668.00000000 350.37497399 353.74153346 353.08552706 352.36076834
668.00000000 239.80000166 242.61153707 242.62609066 242.41007203
668.00000000 348.73105001 351.83078352 351.39720720 351.38381013
602.30000000 349.86354914 351.96062784 352.39955117 353.47123102
602.30000000 239.96783746 243.38370839 242.19018509 242.65803439
602.30000000 349.71406799 352.13892828 353.21518803 352.11469220
602.30000000 240.40319803 243.21093749 243.50321870 242.72240587
668.00000000 239.59671807 242.56049349 242.24023975 242.28813911
602.30000000 240.40319803 243.26622055 243.55500237 242.78919076
493.00000000 700.88886401 701.88281860 704.22923977 704.67833497
493.00000000 701.09366216 703.46373839 704.19870964 704.00478040
493.00000000 589.47983041 591.54883127 592.26544388 592.95198364
493.00000000 700.88886401 701.96663208 704.29944321 704.75025842
427.30000000 699.86843340 702.36612461 701.94563535 703.61893377
427.30000000 590.34456714 592.82661300 592.86421407 593.72946317
427.30000000 699.28292577 703.01699325 701.67258837 701.69569225
427.30000000 591.09771870 592.67211680 594.54484078 594.43995499
493.00000000 590.73047104 592.55088780 593.10244314 594.82316527
427.30000000 591.09771870 592.71649220 594.59237092 594.47823313
580.50000000 170.51944642 173.75307647 173.97604454 172.30830738
580.50000000 170.25662941 173.04130832 172.84415893 173.30333880
580.50000000 760.58659888 764.15895774 762.18373787 764.22224591
580.50000000 170.51944642 173.70802851 173.93464851 172.26463220
514.80000000 169.42243394 172.78382683 172.15539007 171.51550101
514.80000000 760.45351562 762.76570283 762.37384309 764.70444729
514.80000000 169.73950916 172.91746800 171.59773672 172.52785817
514.80000000 759.08715617 763.06006037 762.55383115 760.45366156
580.50000000 759.42758198 761.54441105 763.51486975 761.53967934
514.80000000 759.08715617 762.99579699 762.49251342 760.39488096
405.50000000 520.91263013 522.99357416 525.18447816 523.11891563
405.50000000 519.57020340 522.89496331 523.48793047 521.01473848
405.50000000 410.25992804 412.33064777 414.20201450 412.66614012
405.50000000 520.91263013 522.95227726 525.14911605 523.08447437
689.80000000 520.62436170 523.14803058 523.56522193 523.10263991
689.80000000 410.18789477 411.64359954 414.03099264 412.99344128
689.80000000 519.82315820 522.32436551 522.41122013 522.51905487
689.80000000 409.21659180 412.31198036 412.10107647 411.36583348
405.50000000 409.61667845 412.17488095 412.63938496 412.20111729
689.80000000 409.21659180 412.26472382 412.04744005 411.31264460
514.80000000 390.71390552 391.77884684 395.45597713 393.59433657
514.80000000 390.32991159 393.79409008 392.03267859 393.89930300
514.80000000 280.18650199 283.48839467 282.77107507 282.81563047
514.80000000 390.71390552 391.78655745 395.46589676 393.60365932
580.50000000 390.06300086 392.29631022 393.65235712 392.87618270
580.50000000 280.54001576 282.78254216 284.54028400 282.78867643
580.50000000 390.06325801 392.06878410 392.93563326 393.76660110
580.50000000 280.00365864 283.24837223 282.71804263 282.48662932
514.80000000 279.74380099 282.24890029 283.66300882 281.69865876
580.50000000 280.00365864 283.25506223 282.72206866 282.49255363
689.80000000 739.63651613 741.83853372 742.99271229 741.91082090
689.80000000 740.22157468 743.94751125 741.77263060 742.95299809
689.80000000 630.10618726 631.64534562 633.56565064 633.10581486
689.80000000 739.63651613 741.84506684 743.00240790 741.91604071
405.50000000 740.56339893 743.81317166 744.08694647 742.34609275
405.50000000 631.23427241 633.87778540 634.63535485 633.63934991
405.50000000 740.24813441 742.47810765 742.81388340 744.28540871
405.50000000 631.01073489 633.55088273 634.62915256 633.02460273
689.80000000 629.94542485 632.61002821 632.60398318 632.67203696
405.50000000 631.01073489 633.55763492 634.62995901 633.02628447
427.30000000 220.05872588 222.21768954 222.36168850 223.82287618
427.30000000 220.27894330 224.21795034 222.80460702 222.31012522
427.30000000 460.43920618 464.02775668 461.55664191 464.32804278
427.30000000 220.05872588 222.22393911 222.36821010 223.82971311
493.00000000 219.32270528 222.01862085 221.91328827 221.98360661
493.00000000 460.87949401 463.23004375 462.64222662 465.33491627
493.00000000 219.82500707 221.68126811 222.81386043 222.72435534
493.00000000 459.89305350 462.85820902 462.27322526 463.22317620
427.30000000 461.22023647 463.30142978 463.82030073 465.08838066
493.00000000 459.89305350 462.86383702 462.28114442 463.23225367
602.30000000 569.68644491 572.35177162 571.58107941 573.11541486
602.30000000 570.44966304 571.38240744 573.88002251 574.01380544
602.30000000 110.21423185 113.86860299 111.80707327 112.96748826
602.30000000 569.68644491 572.35809151 571.58673221 573.12303285
668.00000000 569.92678093 573.34053830 571.31242582 572.63159098
668.00000000 109.95989469 112.14692171 112.41792099 113.30884678
668.00000000 569.01831682 570.91119911 572.44475490 571.29663427
668.00000000 110.24855554 112.48115919 112.83269267 113.52283208
602.30000000 110.16240572 113.10313282 112.03704465 113.34928246
668.00000000 110.24855554 112.48839868 112.83629595 113.53045597
646.00000000 129.31260735 131.51535134 132.38578016 132.21669052
646.00000000 129.48141817 131.97817166 131.48767954 133.08106085
646.00000000 370.73038734 372.96448271 374.07630501 373.28790065
646.00000000 129.31260735 131.57168552 132.44942750 132.27896706
536.70000000 130.17181723 132.36088302 133.23448262 133.05237546
536.70000000 369.44111403 371.35962343 372.97506761 372.24415923
536.70000000 129.51652306 132.63572536 132.34104424 132.06280074
536.70000000 369.93383869 372.85144103 372.86453682 372.26226106
646.00000000 369.92486177 373.74096946 372.43777557 371.81659823
536.70000000 369.93383869 372.90423673 372.92015765 372.32686454
471.10000000 479.91823083 482.96681375 483.01774363 482.61508433
471.10000000 479.94038160 482.66026284 482.91229609 482.87020250
471.10000000 719.98822676 722.77374245 723.45650340 722.39039097
471.10000000 479.91823083 482.83529049 482.87051410 482.47745984
711.70000000 480.38861757 483.54574847 483.02458647 483.04871182
711.70000000 720.44608158 723.54706511 723.60069411 722.09822526
711.70000000 479.51385791 481.18337675 482.27681033 482.93617718
711.70000000 720.94454418 723.14261806 723.96648908 724.05655511
471.10000000 719.60420359 722.86387481 721.97534395 722.17593765
711.70000000 720.94454418 722.96811429 723.78804558 723.88323083
733.50000000 299.49056322 301.20727717 303.34258250 301.80028314
733.50000000 299.70004410 302.45483906 302.66621715 301.72164227
733.50000000 539.25053974 541.31196231 541.97333456 542.31121468
733.50000000 299.49056322 301.40761066 303.52920167 301.98665016
624.20000000 298.99208090 302.28900320 301.41147427 301.12188223
624.20000000 539.71381911 541.60191060 543.57690513 542.48633209
624.20000000 300.29528720 303.74259470 301.90149599 303.80902403
624.20000000 539.49096846 543.38377773 540.39096251 542.74026381
733.50000000 540.19225665 542.73891239 543.15603910 543.22345724
624.20000000 539.49096846 543.56173162 540.57898300 542.91203951
558.50000000 650.10404284 651.78443519 654.15008867 652.65382682
558.50000000 649.07156181 651.28627602 651.66611057 652.61313040
558.50000000 191.56015398 192.81059064 194.66884492 195.64229147
558.50000000 650.10404284 651.73496987 654.09921359 652.60921536
449.20000000 649.78661005 651.38750060 653.79325411 652.85010479
449.20000000 190.23233466 191.46931609 194.00824798 193.66580474
449.20000000 649.98298779 654.23358420 652.00783038 652.14666029
449.20000000 189.86760556 192.77380803 193.63905682 191.68316965
558.50000000 190.18744697 192.92809741 193.91855710 191.89521611
449.20000000 189.86760556 192.75166773 193.60026679 191.65482189
692.50000000 369.62260434 371.89497081 372.54095736 372.31948187
692.60000000 370.17637608 372.27514082 373.22829191 372.92455430
692.50000000 410.63105350 412.14831493 414.58880744 413.01962093
692.50000000 369.62260434 371.92655464 372.57722220 372.36023014
473.80000000 370.11563499 373.85120245 373.88165115 371.13510996
473.80000000 409.62365754 412.14779314 412.19780782 412.82206043
473.80000000 369.25710212 372.23445280 370.25867657 373.71175711
473.80000000 409.26991149 412.99828701 411.24526534 411.82452209
692.60000000 409.62837422 412.62305154 411.81291837 412.51660368
473.80000000 409.26991149 413.02838413 411.28671439 411.85305732
517.60000000 720.04484107 722.80896894 722.94586424 722.31798065
517.60000000 720.23944805 722.44423944 723.79257128 722.58166857
517.60000000 759.26922522 763.76632958 759.58463937 762.28928396
517.60000000 720.04484107 722.84468985 722.99062478 722.34966909
648.80000000 720.00619921 723.29912160 722.23580067 722.72862181
648.80000000 759.88434752 763.20114792 762.10776362 762.80779240
648.80000000 720.16860393 723.61538181 723.16709497 722.15518882
648.80000000 760.25846205 762.64712410 763.27306423 763.11104145
517.60000000 760.65283118 762.14736365 764.70043519 763.12699093
648.80000000 760.25846205 762.68062477 763.30696007 763.14751530
605.00000000 199.85744279 201.99987069 203.23229886 202.40943159
605.00000000 199.97598117 202.64683886 203.12084811 202.42206048
605.00000000 580.21362754 583.23196051 583.21005889 582.47885233
605.00000000 199.85744279 201.92508403 203.16419996 202.33932722
736.30000000 200.48362455 202.37376131 203.45364460 203.53507465
736.30000000 580.05341409 582.70733658 582.07745762 582.94992428
736.30000000 200.03392254 202.30587351 201.96461011 203.50244551
736.30000000 579.70099947 582.44295951 581.58432993 582.98064306
605.00000000 580.63563882 584.40155515 582.25270393 583.25534890
736.30000000 579.70099947 582.36264476 581.50476729 582.89886838
430.10000000 549.90676121 552.90500438 552.70907353 552.89698292
430.10000000 549.06351628 552.45926251 551.83037244 551.71276802
430.10000000 230.79934859 232.77600644 234.14018644 234.21125525
430.10000000 549.90676121 552.85321497 552.65559352 552.84553648
561.30000000 550.92712188 553.67504164 554.25239229 553.49377435
561.30000000 229.45354948 232.09364244 233.25256205 231.41385812
561.30000000 549.70633935 553.25691272 552.61553428 551.53688900
561.30000000 229.91296423 233.49001017 232.89311414 231.96742308
430.10000000 230.57621861 232.02996896 232.79231778 235.34654868
561.30000000 229.91296423 233.41492710 232.82231815 231.88950510
473.80000000 110.30883667 112.08378252 112.86284472 114.21879618
473.80000000 109.65377309 111.88349352 111.60126979 113.73168639
473.80000000 320.67743459 323.86966133 323.82853385 322.82976877
473.80000000 110.30883667 112.01403120 112.79596694 114.15221065
692.50000000 109.56794742 113.04240322 111.76680643 112.00581014
692.50000000 320.72441898 321.28804306 324.27428783 324.73122155
692.60000000 109.49461242 112.55276407 112.43828579 111.38563677
692.60000000 320.20293850 322.49832205 323.15182616 323.14810763
473.80000000 319.82097335 321.70011550 323.04830048 323.10485740
692.60000000 320.20293850 322.42287843 323.07938282 323.07740486
648.80000000 460.70461355 462.07341854 463.98621304 464.07436953
648.80000000 460.61141049 463.64174530 462.56834100 463.30221658
648.80000000 670.50537610 675.17588177 671.99278629 672.32292251
648.80000000 460.70461355 462.21789080 464.13646921 464.22342593
517.50000000 460.48872787 463.20452139 464.13807823 461.67479539
517.50000000 670.50645565 672.64135262 674.13895432 673.18802421
517.50000000 460.82282343 463.61460698 462.41040393 464.20897045
517.50000000 669.89905967 671.88951075 673.02548794 672.65239650
648.80000000 670.20581929 673.92341045 673.32398487 671.81771842
517.50000000 669.89905967 672.06627309 673.18677326 672.80517005
561.30000000 289.89962471 293.17686085 292.09796681 292.89568005
561.30000000 289.94274798 292.77954211 292.81068361 292.82722142
561.30000000 490.78658872 492.67166019 494.43148126 493.70270204
561.30000000 289.89962471 293.11191143 292.01852609 292.82873148
430.00000000 291.56537657 294.28531584 293.98887069 294.81991975
430.00000000 489.93192846 493.98956117 492.12924543 491.80176890
430.10000000 289.30602180 291.77196387 292.82658641 291.51891156
430.10000000 490.49464052 495.11490659 491.64995440 493.50184414
561.30000000 490.37105688 491.92735750 494.54733605 492.88518845
430.10000000 490.49464052 495.06355956 491.59962048 493.44488180
736.30000000 640.01497281 641.49484555 643.84456951 642.77787094
736.30000000 639.76767607 642.42471002 641.67107649 643.43252625
736.30000000 139.65516544 141.46555459 142.05797081 143.56940734
736.30000000 640.01497281 641.65140276 644.01182196 642.93905458
605.10000000 639.76848280 641.48615225 643.68589892 642.30468955
605.10000000 139.46773429 141.57582343 141.86035905 143.56289145
605.10000000 639.94062869 643.25885212 642.25539447 642.94435542
605.10000000 139.55731285 143.10828029 141.86559648 141.81960510
736.30000000 140.06810800 142.03214547 143.60548971 143.40900757
605.10000000 139.55731285 143.25226148 142.00864213 141.96280260
627.00000000 240.06297479 243.42297154 242.19507528 243.12496201
627.00000000 240.06297479 243.42297154 242.19507528 243.12496201
627.00000000 189.83910552 193.45335936 192.01332630 192.50440108
627.00000000 240.06297479 243.26945801 242.02378315 242.94379205
670.70000000 239.60470910 241.70300344 243.57717578 241.95966412
670.70000000 189.47559327 190.83336091 193.35825869 191.89918421
670.70000000 239.60470910 241.52614891 243.41808394 241.79274492
670.70000000 189.47559327 191.00187277 193.52259575 192.05743551
627.00000000 189.83910552 193.27855973 191.85504068 192.32796337
670.70000000 189.47559327 190.83336091 193.35825869 191.89918421
452.00000000 589.70789640 594.25217681 591.53392321 591.57292695
452.00000000 589.70789640 594.25217681 591.53392321 591.57292695
452.00000000 539.45808628 542.37791884 542.59319939 541.79438969
452.00000000 589.70789640 594.30063848 591.58351158 591.61962865
495.70000000 590.17647099 593.16140028 591.79544005 593.67948764
495.70000000 539.17519763 542.61014412 541.91058813 540.79373287
495.70000000 590.17647099 593.24262470 591.86664925 593.75608378
495.70000000 539.17519763 542.54259172 541.83960815 540.71466694
452.00000000 539.45808628 542.43255318 542.63967125 541.84493866
495.70000000 539.17519763 542.61014412 541.91058813 540.79373287
714.40000000 420.80920796 423.36537875 422.98266967 424.31504776
714.40000000 420.80920796 423.36537875 422.98266967 424.31504776
714.40000000 709.12328283 712.77173676 710.92643532 711.84385548
714.40000000 420.80920796 423.30975262 422.93418351 424.25752716
408.10000000 420.59663264 424.04212838 423.38326557 423.04928257
408.10000000 709.96868623 713.92077722 711.35703660 712.98526954
408.10000000 420.59663264 424.01341321 423.35527553 423.00990683
408.10000000 709.96868623 713.95276981 711.39952997 713.01709104
714.40000000 709.12328283 712.72436005 710.87733260 711.78990287
408.10000000 709.96868623 713.92077722 711.35703660 712.98526954
539.40000000 770.17196413 773.08016487 772.51521081 773.23608023
539.40000000 770.17196413 773.08016487 772.51521081 773.23608023
539.40000000 359.83535145 361.83291236 363.94470718 361.93956887
539.40000000 770.17196413 773.23998928 772.67413607 773.39887166
583.10000000 769.13996928 770.16935398 773.21737157 772.16802455
583.10000000 360.33628534 363.28438161 362.18808183 364.18372462
583.10000000 769.13996928 770.32431013 773.37053415 772.32534412
583.10000000 360.33628534 363.14585081 362.04062150 364.01676864
539.40000000 359.83535145 361.99768920 364.10007545 362.09347734
583.10000000 360.33628534 363.28438161 362.18808183 364.18372462
495.60000000 331.11346997 334.23375461 334.61410189 332.28204228
495.60000000 331.11346997 334.23375461 334.61410189 332.28204228
495.60000000 100.52921324 102.30922346 103.47738293 104.42772527
495.60000000 331.11346997 334.18498675 334.55977768 332.21506839
451.90000000 329.50629968 330.89106164 333.18012683 332.93160287
451.90000000 100.67710392 103.18149916 103.75954460 103.63569762
451.90000000 329.50629968 330.86210835 333.13406008 332.89674991
451.90000000 100.67710392 103.20959529 103.79859170 103.67142022
495.60000000 100.52921324 102.25405775 103.42481604 104.36365410
451.90000000 100.67710392 103.18149916 103.75954460 103.63569762
670.70000000 680.48954419 684.15842941 683.45307543 682.44762150
670.70000000 680.48954419 684.15842941 683.45307543 682.44762150
670.70000000 449.24547106 452.45202524 453.33559468 450.64834674
670.70000000 680.48954419 684.10278197 683.40357656 682.39394441
626.90000000 679.56582586 681.14210346 683.04669015 682.87204226
626.90000000 449.65741430 451.12990348 454.11038224 452.13436268
626.90000000 679.56582586 681.09287978 682.99286100 682.82095918
626.90000000 449.65741430 451.18899626 454.15549652 452.19161588
670.70000000 449.24547106 452.40655492 453.28411118 450.60003137
626.90000000 449.65741430 451.12990348 454.11038224 452.13436268
408.20000000 159.33780677 161.19565104 162.32529421 162.92824881
408.20000000 159.33780677 161.19565104 162.32529421 162.92824881
408.20000000 630.46186448 633.71457513 633.17947489 632.77799668
408.20000000 159.33780677 161.16710290 162.29505047 162.88941535
714.40000000 159.90116095 162.97239291 162.21032433 162.44255910
714.40000000 630.74161180 633.66282600 633.02249871 633.33076325
714.40000000 159.90116095 162.92316845 162.16016939 162.38907895
714.40000000 630.74161180 633.71050650 633.07888751 633.38163040
408.20000000 630.46186448 633.68922509 633.14780044 632.73472158
714.40000000 630.74161180 633.66282600 633.02249871 633.33076325
583.20000000 510.64811463 514.04479997 512.78719153 513.67869539
583.20000000 510.64811463 514.04479997 512.78719153 513.67869539
583.20000000 280.74506430 282.99037336 283.64454905 284.01503520
583.20000000 510.64811463 514.00233288 512.74472973 513.63183297
539.40000000 511.32838252 515.80901175 513.30995802 513.54651225
539.40000000 280.12898567 282.69363092 283.03873549 283.26956677
539.40000000 511.32838252 515.77175595 513.27266498 513.50556426
539.40000000 280.12898567 282.73053724 283.07950699 283.31337507
583.20000000 280.74506430 282.94491920 283.60447270 283.97363999
539.40000000 280.12898567 282.69363092 283.03873549 283.26956677
572.30000000 179.81475902 183.60649212 182.80105901 181.34002462
572.20000000 179.72052962 183.50001560 181.98048293 181.91906268
572.30000000 470.05163738 472.73941117 473.07007686 472.67843512
572.30000000 179.81475902 183.71435210 182.91641601 181.44065022
725.30000000 180.03121619 181.58255736 184.73851236 181.67344104
725.30000000 469.83006880 473.47500052 472.21611845 472.28937531
725.30000000 180.15271909 182.87008120 182.70569705 183.28502062
725.30000000 468.84390663 471.05861807 470.59061495 472.83014043
572.20000000 469.90906710 473.83067132 472.43162413 472.03298864
725.30000000 468.84390663 471.19011862 470.72232757 472.94958167
747.20000000 530.49830301 533.11573601 533.21434359 534.06095056
747.30000000 530.09967051 533.21546381 532.27737889 533.77504861
747.20000000 120.05509536 122.95787788 123.14906499 122.19309717
747.20000000 530.49830301 533.01997790 533.12778975 533.97398238
550.30000000 530.85367480 533.73270226 532.82240557 534.49197110
550.30000000 119.99376450 122.79672016 122.87387634 122.60824368
550.40000000 529.90398694 531.90199234 533.02860011 533.10409046
550.40000000 121.20434074 124.99891063 123.71688374 123.50600683
747.30000000 119.02326318 122.10877356 121.58871929 121.09028989
550.40000000 121.20434074 124.90255592 123.61212683 123.40037768
484.70000000 350.14224826 351.83412093 353.12233149 353.68063416
484.80000000 350.17431998 353.67032972 353.32266566 351.57770438
484.70000000 300.53266194 303.00108515 302.75300629 304.05547318
484.70000000 350.14224826 351.97031877 353.25309664 353.81727430
462.90000000 350.27466460 353.38665680 353.25637001 352.37688770
462.90000000 300.99357206 304.28471541 304.04003317 302.82053856
462.80000000 349.07622726 350.12360593 353.24577501 352.21007087
462.80000000 299.89309580 302.79329482 303.12703447 301.88569644
484.80000000 301.12986436 303.34593263 305.11597527 303.54511675
462.80000000 299.89309580 302.88754907 303.22093736 301.98314512
659.80000000 700.09113958 702.23129393 703.72855756 702.51173655
659.80000000 699.88967199 702.53374449 703.29311388 702.23363418
659.80000000 650.30562780 652.69689472 653.85473929 652.37507043
659.80000000 700.09113958 702.11623803 703.62513704 702.41620398
637.90000000 700.49899244 703.70637968 703.49891562 702.68645282
637.90000000 649.96070871 652.69733254 652.52152533 652.64968120
637.80000000 700.11661149 703.74347998 702.15019293 702.30378623
637.80000000 650.50285468 652.54259416 653.95981992 653.19171872
659.80000000 650.43238118 653.22305747 652.62529310 653.17585516
637.80000000 650.50285468 652.43469770 653.86436882 653.07813252
616.00000000 440.60091737 442.73630632 442.69510267 444.98748540
616.00000000 439.43455571 442.55431946 441.52210241 442.73990149
616.00000000 559.59664184 562.79821420 561.61419988 562.88485131
616.00000000 440.60091737 442.68325817 442.64655531 444.93657185
419.10000000 440.27181771 442.86848547 442.89058223 443.95533240
419.10000000 559.98399498 563.84236229 562.51032714 562.26729662
419.10000000 439.27661183 441.26145707 442.20874875 443.00426186
419.10000000 559.69990768 562.99492248 563.27431513 561.49672467
616.00000000 559.81721804 562.45128316 561.55459416 564.04241348
419.10000000 559.69990768 562.94956775 563.23649572 561.46303200
441.00000000 789.99743593 792.73481763 793.15723713 792.77278908
441.00000000 791.08943264 794.45124365 792.93752101 794.33517021
441.00000000 210.09366587 212.79261887 213.18280760 212.75995971
441.00000000 789.99743593 792.70479560 793.12430971 792.73369061
594.10000000 788.89096069 791.05449471 791.94848007 791.78924942
594.10000000 210.16125537 212.05960902 213.11939724 213.30536366
594.20000000 790.66166936 793.91453746 793.93077207 792.16377710
594.20000000 210.78551480 213.29870219 213.64902635 213.67478084
441.00000000 210.55299051 213.57974149 214.02299113 212.48260693
594.20000000 210.78551480 213.25147802 213.60191205 213.62890675
703.50000000 259.33533158 261.82527155 262.68050996 261.87993984
703.50000000 259.69814316 262.84040562 261.37085868 263.24035869
703.50000000 380.04569718 383.63682787 381.80505241 382.94479003
703.50000000 259.33533158 261.89086635 262.75315306 261.94203500
681.60000000 260.21100011 263.16564160 261.91548309 263.84505983
681.60000000 380.01693458 381.78232445 382.34325438 384.27204047
681.60000000 260.49406289 263.06343312 262.85274877 264.00450862
681.60000000 379.57761898 381.68831712 382.66570186 382.69450074
703.50000000 379.36303872 381.25834571 383.34206587 381.88303406
681.60000000 379.57761898 381.76093155 382.72513869 382.75766873
528.50000000 610.94450361 613.02056392 614.30382546 613.56367355
528.40000000 609.27370917 612.22486024 612.07575412 611.66676669
528.50000000 729.81341162 732.74678650 732.42203821 732.54428014
528.50000000 610.94450361 613.08415063 614.35864748 613.62458602
506.60000000 610.45527504 613.43269791 612.29023737 613.93216155
506.60000000 731.08275378 734.50347248 733.16886905 734.07802531
506.60000000 609.96095665 613.07252143 611.84297982 613.43341864
506.60000000 730.69106929 733.28027977 733.65142081 733.53518118
528.40000000 730.54216547 733.18510179 733.52222982 733.36195933
506.60000000 730.69106929 733.35254679 733.73029599 733.60842363
419.10000000 311.29251840 311.15677260 315.33389028 315.70975334
419.10000000 309.93653164 312.30027998 313.88995247 312.06630293
419.10000000 691.68521552 693.23318448 695.58959688 694.63807087
419.10000000 311.29251840 311.15979149 315.33792841 315.71250091
441.00000000 310.30802871 313.48657854 313.87834620 311.96738855
441.00000000 690.74516834 694.51068396 693.38674906 693.15265324
441.00000000 309.84172810 313.19304300 313.04200593 311.75894441
441.00000000 689.47791644 690.96265609 693.64484538 692.42118140
419.10000000 690.36844256 693.03290995 693.24042575 693.25817065
441.00000000 689.47791644 690.96865744 693.64946814 692.43038910
594.10000000 660.23361914 662.44451126 663.29794632 662.93777952
594.10000000 659.21280027 662.95020279 660.81369032 662.13771126
594.10000000 340.22369085 343.85706774 342.18297785 342.86164732
594.10000000 660.23361914 662.45124550 663.30599911 662.94125476
616.00000000 659.43848024 661.45583102 662.16908302 662.76335316
616.00000000 340.61387632 342.79853969 342.77911811 344.31216485
615.90000000 660.06441922 662.99313718 662.94942223 662.35008825
615.90000000 339.30013069 342.00782878 342.46881604 341.39107506
594.10000000 339.61344614 344.37238876 339.94836892 342.49249334
615.90000000 339.30013069 342.01320356 342.47640048 341.39922789
506.60000000 130.12024176 133.77873377 132.76210975 132.74411537
506.60000000 130.29936722 133.22178869 133.06488214 133.60156367
506.60000000 170.35057588 174.97572946 172.00801088 172.74449633
506.60000000 130.12024176 133.78456180 132.77281711 132.74975843
703.50000000 130.50771572 133.05689273 133.95580299 133.03975137
703.50000000 170.38290880 174.31550826 173.00362590 172.40155115
703.50000000 130.13263460 133.03710111 132.38859516 133.47918190
703.50000000 169.39183390 172.63303383 172.90385376 171.17227869
506.60000000 169.80386553 173.15614155 171.76217882 173.63031260
703.50000000 169.39183390 172.63894260 172.90639395 171.18328213
681.60000000 480.09999842 481.95874638 483.28208758 483.08878568
681.60000000 480.27897330 482.70562821 483.16707055 482.99022033
681.60000000 520.43294908 522.23373071 523.22954714 523.87262219
681.60000000 480.09999842 481.96679436 483.28816975 483.09442904
528.50000000 479.90684457 482.43031575 482.84482479 482.34464085
528.50000000 519.89377177 522.21439513 522.37287283 523.46455106
528.50000000 480.25989303 483.02944153 483.01663225 482.88964330
528.50000000 520.80134715 523.35971752 525.34609264 522.17450304
681.60000000 520.51469184 522.41406187 522.19365118 525.12994876
528.50000000 520.80134715 523.36490210 525.35160816 522.18231827
725.40000000 219.95763743 222.07806777 221.79714132 223.84402113
725.30000000 220.37705946 223.30866173 222.65796401 222.86464060
725.40000000 779.63223645 782.61676273 781.77540350 782.37542162
725.40000000 219.95763743 222.27151438 221.99063808 224.04530214
747.20000000 219.86357936 222.65262844 222.57201998 221.86472335
747.20000000 779.98230082 782.16866460 783.85042784 782.71675908
747.20000000 220.07699808 222.06210547 222.69470712 223.44310080
747.20000000 779.67057592 782.56100742 782.89138651 781.90680894
725.30000000 780.14460102 781.96378706 783.26340275 783.61286495
747.20000000 779.67057592 782.70129316 783.03979529 782.05512901
550.40000000 570.20995657 572.76749324 572.19747766 573.85817465
550.30000000 570.72367981 575.03654071 572.50729310 573.06197759
550.40000000 430.57801690 433.04910572 433.29840883 433.71395978
550.40000000 570.20995657 572.71668958 572.15531328 573.81147082
572.30000000 570.04227981 572.60114357 572.93994863 572.93665258
572.30000000 430.86201153 432.86454802 433.97603086 433.94232610
572.30000000 569.57471620 571.87487129 572.58091750 572.34717121
572.30000000 429.58863606 433.52040481 431.87410412 431.78501381
550.30000000 430.19062690 432.61915103 433.39471868 432.84582509
572.30000000 429.58863606 433.48180482 431.82512698 431.74176218
637.90000000 399.22691936 402.39870912 402.17864479 401.08170177
637.90000000 400.01664703 401.77697880 402.52745425 403.83664963
637.90000000 249.62694085 252.87962385 253.24740158 250.99749764
637.90000000 399.22691936 402.46241709 402.23228913 401.15718956
484.80000000 400.30362891 402.71903716 403.76339436 402.07619409
484.80000000 250.44189209 254.70964175 252.74925018 252.34880777
484.70000000 399.25809549 402.03575536 403.46325370 400.52253995
484.70000000 249.67557254 252.55247823 252.82069174 252.09795339
637.90000000 248.71346668 251.43056224 251.87633736 251.03363059
484.70000000 249.67557254 252.63317397 252.89189549 252.16790950
462.90000000 750.24234187 753.91767962 752.96837294 752.52665653
462.80000000 750.13844105 753.17047395 753.47973759 752.35531786
462.90000000 599.71355011 601.63670050 603.16495396 602.71996725
462.90000000 750.24234187 753.78839729 752.84430770 752.41597330
659.80000000 749.96215254 754.01196297 751.98918261 752.77640284
659.80000000 601.10801940 603.49608986 604.11717796 603.41885394
659.80000000 749.13147206 750.55049954 752.31586404 752.73629630
659.80000000 599.26244829 601.88400671 601.10078415 603.05979013
462.80000000 599.55416394 601.66200446 602.42760408 602.85599697
659.80000000 599.26244829 601.71261889 600.91440260 602.89885130
523.10000000 190.43617795 193.32311739 193.56356352 192.67606594
523.10000000 189.85940611 194.37903734 191.96622773 191.80155764
523.10000000 530.36794222 532.83231115 533.33370236 533.10351196
523.10000000 190.43617795 193.32311739 193.56356352 192.67606594
610.50000000 191.11240985 193.50277731 194.55763174 193.65907637
610.50000000 530.78506702 535.34980547 532.71833444 532.74616949
610.50000000 189.81800347 191.32736214 194.18789892 192.30844794
610.50000000 529.64490910 531.90717041 531.55094070 533.67461160
523.10000000 530.11616595 532.19416285 532.84756656 533.38361630
610.50000000 529.64490910 531.90717041 531.55094070 533.67461160
698.00000000 540.17824551 541.98021277 543.75247661 542.74308399
698.00000000 540.32336781 542.78176636 543.52817709 542.75404326
698.00000000 179.36596683 182.23118441 181.65444976 182.21529323
698.00000000 540.17824551 541.98021277 543.75247661 542.74308399
435.50000000 539.55094662 542.42755813 542.28532922 542.02370554
435.50000000 180.89033143 183.98969580 184.29520199 182.69875068
435.60000000 541.04822050 542.42241870 545.59501011 543.35091165
435.60000000 180.23161194 183.17150067 183.27043302 182.63300982
698.00000000 179.44146908 182.01750369 181.63071100 182.60547196
435.60000000 180.23161194 183.17150067 183.27043302 182.63300982
435.50000000 360.39910180 364.15115581 362.73870143 362.96422428
435.50000000 360.66351803 362.66816254 364.49057021 363.49617043
435.50000000 350.01317576 353.77727309 354.31020574 350.68916939
435.50000000 360.39910180 364.15115581 362.73870143 362.96422428
523.00000000 359.88117865 363.76476392 363.02033623 361.04602823
523.00000000 349.39261822 352.32336908 351.83220917 352.32143662
523.00000000 360.05538299 363.07724226 362.55421929 362.81701973
523.00000000 350.71107837 353.46244469 354.47746867 352.41014304
435.50000000 350.06797643 352.75421681 352.74653932 353.21369728
523.00000000 350.71107837 353.46244469 354.47746867 352.41014304
610.60000000 710.24740591 712.56250676 713.16590826 713.17474510
610.60000000 710.10249248 712.92330673 713.40648600 712.09658988
610.60000000 700.08749979 702.67678269 703.20249645 702.36702996
610.60000000 710.24740591 712.56250676 713.16590826 713.17474510
698.00000000 710.24530929 713.61265883 712.94275668 712.26081778
698.00000000 700.17284912 702.24947143 703.32502154 703.02467934
698.00000000 709.81549114 713.02997154 711.37314182 713.12598804
698.00000000 699.32985959 703.27034644 701.15041934 701.70587884
610.60000000 699.70273952 702.84324008 702.60670353 701.81328336
698.00000000 699.32985959 703.27034644 701.15041934 701.70587884
654.20000000 280.43621737 283.16220514 282.73614728 283.64592854
654.20000000 279.53978233 282.29954895 282.97829922 281.39181131
654.20000000 609.76440233 612.60439214 612.46802736 612.29568749
654.20000000 280.43621737 283.32473980 282.90112710 283.81582436
566.80000000 280.04535551 284.66048180 281.13465234 282.49859600
566.80000000 610.95191915 614.28706788 612.35776634 614.72477477
566.70000000 280.27575317 282.33669920 283.66268590 283.38059892
566.70000000 609.58624586 612.75150387 611.99246855 612.06638309
654.20000000 609.36873823 612.58648254 611.38934284 612.56666767
566.70000000 609.58624586 612.90620315 612.13667931 612.21215232
479.30000000 629.74497603 630.46310423 632.62626158 634.55498165
479.30000000 631.08751792 634.75816480 634.55271051 632.54843933
479.30000000 260.01774996 263.30964398 262.74709492 262.56649885
479.30000000 629.74497603 630.41296362 632.56351340 634.49550245
741.80000000 629.76964421 633.18469794 632.37500431 631.89072453
741.80000000 260.11552644 263.71313590 262.22063367 262.79671759
741.80000000 629.82927088 632.55439084 632.60097437 632.25905961
741.80000000 260.31453504 263.56720841 263.94536840 261.96294143
479.30000000 260.60842017 264.96476141 262.27291953 263.13125181
741.80000000 260.31453504 263.50597658 263.89496296 261.90682647
741.80000000 100.04708460 103.33181530 103.80211715 100.90073405
741.80000000 101.15101628 105.16889688 102.99523021 103.17137637
741.80000000 439.98253789 442.33071921 442.54246146 443.32862836
741.80000000 100.04708460 103.39213109 103.85790444 100.94980211
654.30000000 100.96116506 104.40908494 102.55786413 104.06678052
654.30000000 440.64082913 444.37396730 443.78046488 442.15882914
654.30000000 99.30464085 102.24927168 102.28752970 101.63622843
654.30000000 439.08433829 440.68653011 441.94973525 442.84390182
741.80000000 440.10436076 442.50094129 443.33505585 442.90989526
654.30000000 439.08433829 440.73548037 442.00961294 442.90130139
566.70000000 450.38230212 453.23553203 453.75986572 452.68854187
566.80000000 450.00071766 453.65583726 452.57078438 452.38572008
566.70000000 791.29678542 794.38007620 794.87407668 793.21803537
566.70000000 450.38230212 453.08778305 453.60258266 452.53516301
479.30000000 450.59777173 453.60942796 453.43539630 453.68074935
479.30000000 790.16625096 792.87614717 793.26994483 792.47893288
479.20000000 450.17376894 452.50548915 454.02319184 452.31408437
479.20000000 789.69961725 793.59634363 792.77424682 791.06763238
566.80000000 789.94516597 791.95436645 793.65859979 792.26665157
479.20000000 789.69961725 793.42269731 792.61182539 790.91026664
457.40000000 410.30772400 412.07133817 414.59374726 412.29747389
457.40000000 409.45065337 412.47500807 413.50273485 410.71458330
457.40000000 660.54990030 663.86995263 664.42811797 661.70930337
457.40000000 410.30772400 412.16044594 414.68793732 412.38570735
544.90000000 410.41585626 414.47415893 413.11796707 411.80211144
544.90000000 660.03668755 661.87938543 663.14907802 663.69349925
544.90000000 410.78153175 413.86975741 414.13169368 412.93102839
544.90000000 660.50290277 664.57787201 663.53050310 661.78232719
457.40000000 660.21340465 662.48491626 663.41295642 663.27311196
544.90000000 660.50290277 664.66345440 663.63777761 661.87987208
632.40000000 759.81858380 763.45668719 763.87180879 760.75853417
632.40000000 759.54560789 761.77897471 763.00872673 762.36709425
632.40000000 310.07450625 313.35120349 312.98383011 312.34655146
632.40000000 759.81858380 763.35652514 763.75143428 760.64524819
719.90000000 759.69537272 761.96442970 763.09764541 762.45781758
719.90000000 309.92672127 312.08263933 312.33232769 313.46296532
719.90000000 760.23212447 763.16736726 761.61302804 763.87024205
719.90000000 310.42288387 313.51590709 314.02155553 312.14055984
632.40000000 310.42169352 312.59238982 312.98707055 313.82263006
719.90000000 310.42288387 313.39448226 313.89093025 312.01825112
544.90000000 229.80307700 232.39949507 232.55002310 232.75837229
544.90000000 230.08393701 235.10899608 231.97400931 231.34335917
544.90000000 129.08567359 132.03659115 131.72070114 131.76544386
544.90000000 229.80307700 232.48957211 232.65005808 232.84953204
632.40000000 230.54356189 234.05907179 232.84493814 232.81829520
632.40000000 129.95258557 133.53847033 132.24232667 132.27092259
632.40000000 230.36800918 232.78353706 232.88138576 233.76814075
632.40000000 129.49745310 132.37984398 133.50942002 130.62387025
544.90000000 129.19574582 132.53444150 131.43801576 132.03026951
632.40000000 129.49745310 132.48576951 133.62248815 130.72613946
719.90000000 580.16827067 583.08591311 582.38835387 583.33957710
719.90000000 580.12339745 582.68850437 583.74976684 582.20345693
719.90000000 479.82538018 482.78435091 481.92472543 482.96169305
719.90000000 580.16827067 582.96939612 582.26650359 583.22554561
457.40000000 580.57820003 583.57850081 584.21834915 582.45178173
457.40000000 480.06398822 483.45480810 483.44597014 481.52546895
457.40000000 580.30944385 583.09374731 583.28008573 582.93369388
457.40000000 480.25383844 482.52681729 483.45303188 483.58233702
719.90000000 480.58169263 483.49710438 483.46402764 482.53748039
457.40000000 480.25383844 482.43420014 483.35504815 483.48970893
676.10000000 140.27065143 143.52013172 143.00474522 142.80354842
676.20000000 139.50294739 142.72326744 142.42106913 141.82641885
676.10000000 749.07677983 751.22753419 751.60890534 752.80750708
676.10000000 140.27065143 143.46789415 142.94812960 142.74197783
588.70000000 140.09542604 142.92352395 142.73622467 143.13608163
588.70000000 750.34973686 753.32224842 752.64840425 753.51302741
588.70000000 139.99123201 142.34768773 143.74591300 142.18471565
588.70000000 750.01094534 751.48809845 752.87412478 754.02299291
676.20000000 750.01296218 753.02780479 752.32923269 752.67398587
588.70000000 750.01094534 751.43333033 752.82191573 753.97847232
501.20000000 490.74989591 494.03665213 493.10251447 493.56206132
501.20000000 490.31575690 493.51191305 492.89425864 492.91340804
501.20000000 401.27268261 404.20933541 403.22369415 404.88239195
501.20000000 490.74989591 493.98241689 493.03570716 493.49476628
413.70000000 489.61297843 492.07456609 492.52769860 492.63805057
413.70000000 400.82828204 403.39178108 402.62810724 404.64772105
413.70000000 490.14281332 492.03705761 494.25863130 492.37417884
413.70000000 399.44593211 402.46835714 400.94249004 403.45924204
501.20000000 400.00809261 403.78054793 402.04624811 402.38303259
413.70000000 399.44593211 402.42751274 400.89635858 403.41354401
588.60000000 319.91621317 324.16383711 321.06308308 322.80226549
588.60000000 318.83230161 320.95198019 322.20536204 321.57777413
588.60000000 219.44288698 222.65086837 222.51013367 221.45090411
588.60000000 319.91621317 324.21666290 321.12626673 322.86369627
501.20000000 320.58041176 324.16508088 324.02853271 322.33804009
501.20000000 220.68714434 224.20778044 223.28106683 223.44149250
501.20000000 319.24488142 322.28526629 321.50313680 322.57558970
501.20000000 220.01263997 221.76811652 223.88893469 222.89309408
588.60000000 220.73208665 222.74732573 223.93042012 223.94125709
501.20000000 220.01263997 221.82715623 223.95636481 222.96653356
413.60000000 670.96291162 673.97983587 674.34446473 672.98475732
413.70000000 670.27384493 673.56375519 673.27423926 672.64996106
413.60000000 570.21831153 572.78443348 573.17979265 572.70163281
413.60000000 670.96291162 674.02701623 674.38483576 673.03508066
676.10000000 670.37623610 672.63557396 673.65711145 672.70915259
676.10000000 569.51754832 572.73132517 572.86302465 571.01893470
676.10000000 669.88467684 673.00903011 672.07272068 672.74714331
676.10000000 570.96700681 571.97343954 575.06895071 573.54901786
413.70000000 570.11346839 573.11197664 573.68679343 571.81189900
676.10000000 570.96700681 572.03110329 575.13251883 573.61087295
730.80000000 340.13102962 342.88765118 343.21463022 342.64681074
730.80000000 339.93194748 343.13474744 342.95678093 342.10480162
730.80000000 370.03080865 372.75032124 372.72033312 373.07075806
730.80000000 340.13102962 342.68334446 343.01564302 342.44672438
490.20000000 340.35327862 343.61235410 343.94825888 342.38563223
490.20000000 370.15550954 373.58110333 372.97856600 372.04007446
490.30000000 340.26117893 343.02362217 342.02730258 343.97105478
490.30000000 369.48156593 373.36046902 371.95746138 372.03055033
730.80000000 370.05508919 372.60601365 373.26430711 372.17574515
490.30000000 369.48156593 373.14474106 371.73186854 371.84451314
555.80000000 689.89348502 691.83058421 693.25406759 692.68586183
555.80000000 690.06760688 692.08531595 694.00468051 692.40871660
555.80000000 720.52902296 722.90333611 723.38179719 723.41366940
555.80000000 689.89348502 691.86520334 693.29735966 692.72132003
665.20000000 689.58645766 692.33621991 691.63066309 692.63004565
665.20000000 720.05398324 723.59920605 723.04021098 721.53222538
665.20000000 690.30955646 692.77526244 693.58523435 692.50323896
665.20000000 720.50403489 723.74990495 722.55824448 722.85079679
555.80000000 720.40172236 722.97612738 724.21008722 722.43025780
665.20000000 720.50403489 723.78572745 722.59932978 722.88949272
643.30000000 170.01202253 172.94603422 173.14203155 172.34472024
643.30000000 169.92821436 172.53380550 172.67257714 172.84005593
643.30000000 549.70009293 552.53770330 553.90930690 550.95128022
643.30000000 170.01202253 172.87946845 173.07489467 172.27712505
577.70000000 169.80422343 172.39797877 172.14734950 173.02189037
577.70000000 549.60888045 552.30856089 552.97790920 551.64564020
577.70000000 170.49758538 173.01141501 174.11097498 172.70914946
577.70000000 550.27143557 552.91127354 553.72792037 552.59252565
643.30000000 549.82818473 553.45677885 552.24069553 551.79449570
577.70000000 550.27143557 552.84579921 553.66113828 552.52993990
468.40000000 520.70120093 522.12160558 525.14783277 523.01636290
468.30000000 519.92880347 521.66653390 522.82754260 523.39295641
468.40000000 200.01293966 202.72259923 203.46582435 201.93028003
468.40000000 520.70120093 522.23966685 525.28733890 523.14518918
402.70000000 519.98545611 522.54659792 523.66071718 521.91952094
402.70000000 200.91455398 202.77373010 203.95190849 204.32787242
402.80000000 520.57519221 522.89729602 524.18255666 523.20569493
402.80000000 199.92078907 202.62523993 203.96810972 201.40088279
468.30000000 199.42493240 202.72687103 201.67638472 202.17955513
402.80000000 199.92078907 202.72168637 204.06235088 201.48800690
424.60000000 250.27334872 253.08550952 254.44574407 251.69425920
424.60000000 249.47652852 252.66516823 252.98159678 251.44401713
424.60000000 290.81884408 293.29393266 294.47940767 292.89151951
424.60000000 250.27334872 253.11468002 254.47563493 251.72373316
621.40000000 250.35413296 252.89394226 253.41741204 252.88235353
621.40000000 289.88601266 292.72058152 292.05033424 292.93036349
621.50000000 249.99945122 253.30631184 252.99511275 251.88532636
621.50000000 290.58869133 291.32629181 294.53324009 293.87297794
424.60000000 289.50340681 293.30813029 291.90757280 291.76233081
621.50000000 290.58869133 291.36608386 294.56959603 293.91872991
599.60000000 599.56315694 600.95090108 603.01610151 603.01035248
599.60000000 600.64844877 601.80549890 604.89123863 603.52419663
599.60000000 639.08585246 642.10801321 641.17406415 642.27336124
599.60000000 599.56315694 600.99084947 603.06245585 603.04724390
446.40000000 599.53791014 601.98509120 601.91318072 603.33482230
446.40000000 639.62363244 641.16422994 642.83550492 643.49436954
446.50000000 601.24995147 605.53463529 604.47019073 602.30237424
446.50000000 640.34748561 642.56358939 643.02813877 643.76867132
599.60000000 640.06248907 642.87151204 643.09429237 642.77250516
446.50000000 640.34748561 642.59420487 643.06380154 643.79996734
512.10000000 429.77718404 432.92887416 432.22613757 432.37205127
512.10000000 430.51112126 434.03946889 432.39031967 433.22399054
512.10000000 460.48648751 463.58723230 463.39094840 462.62784889
512.10000000 429.77718404 432.98538894 432.27096070 432.41657089
534.00000000 430.29685878 433.18644659 432.54149070 433.36936201
534.00000000 460.52003605 463.65383901 463.80713552 462.39016760
533.90000000 430.43596055 433.40297370 432.81254984 433.16126000
533.90000000 460.08210523 463.51238060 463.23617762 461.67818549
512.10000000 460.89797270 463.04320971 463.49628243 464.21515682
533.90000000 460.08210523 463.54390428 463.27048124 461.71965517
687.00000000 780.19732120 782.51451866 782.97131135 783.30597102
687.10000000 780.23820080 782.74958141 783.12506970 782.94963500
687.00000000 110.55597131 113.50225151 113.79256152 112.41292338
687.00000000 780.19732120 782.56795558 783.02071919 783.35464892
709.00000000 780.38849607 784.22801783 782.85619268 782.38180752
709.00000000 110.61092684 112.57338742 113.73026231 113.76188936
709.00000000 779.26498540 781.78672115 781.59493734 782.78397318
709.00000000 110.15438019 112.33122520 112.11011281 114.18992019
687.10000000 109.06472583 111.17297746 111.56090879 112.85093669
709.00000000 110.15438019 112.37731935 112.14824495 114.23983175
577.70000000 119.82139314 122.86627589 124.37497707 120.29002082
577.80000000 119.28394419 120.62595178 121.98202745 123.14332032
577.70000000 240.41820228 242.77382201 243.41433035 243.15485277
577.70000000 119.82139314 122.92125943 124.43078302 120.34216844
643.40000000 120.82303563 124.12454445 122.57088611 123.72523488
643.40000000 239.18131406 243.11024182 241.86336150 240.69675786
643.30000000 120.11441211 121.75515535 122.82932476 123.80314880
643.30000000 238.98947871 241.55106959 241.92040208 241.45964056
577.80000000 239.82624390 242.34347358 243.14746139 242.26956852
643.30000000 238.98947871 241.62337534 241.99339708 241.52055136
402.70000000 468.61568137 470.66484901 472.62409816 471.01185324
402.70000000 469.65160345 473.58012604 473.31278564 470.48974658
402.70000000 590.03413096 593.69528122 592.85759501 592.21631078
402.70000000 468.61568137 470.71169151 472.66935693 471.06168610
468.30000000 469.90706507 472.81372344 472.30589699 472.96056929
468.30000000 589.93015399 592.52486088 594.32291712 591.71731761
468.30000000 470.27713360 474.54459853 473.11472847 471.99590115
468.30000000 590.25493297 591.61122626 593.51415578 594.18083667
402.70000000 590.45654369 593.77380227 592.14275386 594.09724856
468.30000000 590.25493297 591.66788483 593.57613570 594.22858782
665.20000000 299.61495929 302.21218616 302.90897594 301.94798463
665.20000000 299.98445684 301.80036859 303.65698029 302.65847684
665.20000000 770.01320824 772.34594161 772.58647970 772.84158769
665.20000000 299.61495929 302.16379022 302.86698728 301.90019794
555.80000000 300.53646103 304.87210471 300.54361363 304.41539675
555.80000000 770.07582633 771.89882221 773.18276825 773.22811887
555.80000000 301.14089648 303.74095704 303.74926027 304.01455789
555.80000000 770.01790085 773.01355896 771.59659634 773.59055200
665.20000000 769.70568662 773.02638820 772.27110336 771.59959197
555.80000000 770.01790085 772.97263997 771.56179102 773.55076605
490.20000000 650.84685394 652.48174464 652.77695572 655.41067332
490.20000000 650.89495356 652.92274516 654.15562150 653.92543532
490.20000000 420.46720554 424.71566554 423.39363023 422.16721764
490.20000000 650.84685394 652.42493154 652.73231878 655.36391661
730.80000000 650.63410319 653.99262732 654.11332438 652.27570317
730.80000000 419.45941310 422.05354204 422.84204505 421.66290706
730.90000000 650.11300078 652.80656681 651.29328857 654.36284032
730.90000000 419.61197891 422.80113063 422.76920433 421.48867918
490.20000000 419.80600463 422.37529488 422.79928982 422.82559828
730.90000000 419.61197891 422.75189771 422.71595865 421.44374332
534.00000000 380.44623053 383.09986812 383.40651742 383.18751856
534.00000000 380.73126565 383.53738283 385.14654707 381.74683321
534.00000000 160.89499595 165.03516230 164.00503711 162.33110883
534.00000000 380.44623053 382.96476883 383.26650416 383.05398487
512.10000000 378.96232743 381.15218055 381.78677555 382.71468542
512.10000000 160.13275874 162.44310485 162.69436460 163.06842130
512.10000000 379.46802692 382.30976968 382.59092227 381.56975640
512.10000000 160.82102831 163.68954259 164.85853545 162.51337493
534.00000000 161.11112671 164.65522394 163.80935298 162.93962991
512.10000000 160.82102831 163.51498917 164.67426787 162.34956596
709.00000000 730.11654190 732.95403000 731.79555933 733.52488908
709.00000000 729.53739544 732.78853499 732.47868228 731.20044161
709.00000000 509.40619613 511.86260508 511.85558128 512.56381543
709.00000000 730.11654190 733.03115572 731.86518651 733.60313639
687.00000000 730.03722877 732.24232458 732.66835575 733.04985124
687.00000000 510.14771425 513.86286927 511.81314915 512.78938604
687.00000000 730.03357266 733.77409319 731.87365184 732.61396348
687.00000000 509.48119112 511.61666590 512.96187615 511.88050225
709.00000000 509.66717268 512.74845137 512.05780785 512.30810868
687.00000000 509.48119112 511.68859429 513.03437011 511.95524955
446.50000000 210.70810319 214.39941137 213.00895308 213.54612366
446.40000000 209.78607830 212.42512470 214.42830519 211.30695693
446.50000000 679.60079964 683.50518456 682.82204381 681.20494600
446.50000000 210.70810319 214.28430294 212.89681128 213.44049499
599.60000000 209.75074841 211.40415234 212.81528501 213.65670167
599.60000000 679.71706581 682.48463879 682.29666030 682.19509706
599.60000000 210.10831266 212.34029597 213.64015481 212.42965499
599.60000000 679.63410368 680.41303014 682.89838779 684.01322667
446.40000000 679.63338058 682.27272818 681.19429287 683.67338536
599.60000000 679.63410368 680.26832130 682.74213044 683.85906014
621.50000000 559.54021515 562.50700017 561.90972516 562.41173015
621.40000000 559.72255700 563.80839588 561.41682445 562.33294569
621.50000000 329.89364954 332.43807833 332.71972882 332.34523305
621.50000000 559.54021515 562.57493859 561.97885537 562.47705070
424.60000000 560.89573396 562.94554372 565.39301895 562.76780569
424.60000000 329.46001506 330.76027736 332.99920839 333.28543935
424.60000000 559.14555739 564.02921594 562.06514166 559.96892475
424.60000000 330.77047495 333.53349589 333.39796299 333.63663163
621.40000000 330.30378247 332.65230203 333.65963634 332.74168120
424.60000000 330.77047495 333.57935941 333.43949521 333.68741182
