0.49066667 150.00000000 0.46701836 0.50494779 0.49855998
0.49066667 150.00000000 0.46701836 0.50494779 0.49855998
0.49066667 150.00000000 0.46701836 0.50494779 0.49855998
0.49066667 150.00000000 0.46701836 0.50494779 0.49855998
0.49066667 150.00000000 0.46701836 0.50494779 0.49855998
0.49066667 150.00000000 0.46701836 0.50494779 0.49855998
0.52720000 250.00000000 0.54540821 0.49804172 0.53901780
0.52720000 250.00000000 0.54540821 0.49804172 0.53901780
0.52720000 250.00000000 0.54540821 0.49804172 0.53901780
0.52720000 250.00000000 0.54540821 0.49804172 0.53901780
0.52720000 250.00000000 0.54540821 0.49804172 0.53901780
0.52720000 250.00000000 0.54540821 0.49804172 0.53901780
0.53966667 300.00000000 0.55201102 0.52009789 0.54500029
0.53966667 300.00000000 0.55201102 0.52009789 0.54500029
0.54066667 300.00000000 0.54513208 0.52515646 0.55024818
0.53966667 300.00000000 0.55201102 0.52009789 0.54500029
0.52466667 300.00000000 0.53478828 0.52005814 0.51914001
0.52666667 300.00000000 0.53700527 0.52103460 0.52187366
0.52350000 200.00000000 0.53773171 0.51075860 0.52594264
0.52350000 200.00000000 0.53773171 0.51075860 0.52594264
0.52450000 200.00000000 0.53922424 0.51370232 0.52417556
0.52350000 200.00000000 0.53773171 0.51075860 0.52594264
0.52050000 200.00000000 0.52656294 0.52445366 0.51595573
0.52200000 200.00000000 0.52533195 0.52456036 0.52229003
0.53511111 225.00000000 0.54054529 0.51445870 0.55051158
0.53511111 225.00000000 0.54054529 0.51445870 0.55051158
0.53555556 225.00000000 0.54197386 0.51436346 0.55055016
0.53600000 225.00000000 0.54185460 0.51460155 0.55177740
0.53511111 225.00000000 0.54054529 0.51445870 0.55051158
0.53555556 225.00000000 0.54328317 0.51460155 0.54914171
0.55261538 325.00000000 0.55449661 0.54483521 0.55685891
0.55261538 325.00000000 0.55449661 0.54483521 0.55685891
0.55230769 325.00000000 0.55449661 0.54657992 0.55379064
0.55107692 325.00000000 0.55549394 0.55218029 0.54423215
0.55261538 325.00000000 0.55449661 0.54483521 0.55685891
0.55015385 325.00000000 0.55545644 0.54946439 0.54409521
0.53163636 275.00000000 0.54387623 0.52375832 0.52930050
0.53163636 275.00000000 0.54387623 0.52375832 0.52930050
0.53345455 275.00000000 0.54600852 0.52154141 0.53470879
0.53527273 275.00000000 0.54403428 0.51949829 0.54393790
0.52327273 275.00000000 0.50483034 0.50722100 0.55549658
0.53054545 275.00000000 0.52642874 0.51046318 0.55316158
0.52628571 175.00000000 0.50168304 0.52955272 0.55236535
0.52628571 175.00000000 0.50168304 0.52955272 0.55236535
0.52800000 175.00000000 0.50168304 0.52928216 0.55734890
0.53028571 175.00000000 0.50525858 0.53467450 0.55565199
0.52571429 175.00000000 0.47883083 0.55610091 0.55058403
0.52285714 175.00000000 0.47050502 0.55925932 0.54709984
0.52270736 187.50000000 0.49574330 0.53375828 0.54357416
0.52838360 262.50000000 0.53445734 0.49831638 0.55104099
0.52270736 187.50000000 0.49574330 0.53375828 0.54357416
0.51950734 187.50000000 0.47905596 0.53051275 0.55491469
0.52003356 187.50000000 0.49615999 0.52340928 0.54590561
0.52151772 262.50000000 0.54786826 0.50316162 0.51134755
0.52274608 287.50000000 0.54583049 0.50658585 0.51603191
0.52185109 162.50000000 0.47590104 0.53897231 0.55481920
0.52274608 287.50000000 0.54583049 0.50658585 0.51603191
0.52169957 287.50000000 0.54683049 0.50992644 0.50902215
0.53667852 287.50000000 0.55509863 0.50969718 0.54514960
0.52247974 162.50000000 0.46231319 0.55450621 0.55148220
0.53986533 337.50000000 0.55779326 0.53842241 0.52273503
0.51767207 212.50000000 0.51063859 0.50954335 0.53289679
0.54164662 337.50000000 0.56290933 0.54137366 0.51993741
0.54105052 337.50000000 0.55858118 0.54648107 0.51736866
0.53986533 337.50000000 0.55779326 0.53842241 0.52273503
0.52001284 212.50000000 0.50443251 0.52353622 0.53201288
0.52967238 237.50000000 0.54675580 0.50342443 0.53846361
0.53342037 312.50000000 0.54011580 0.52935897 0.53077945
0.52799170 237.50000000 0.54305533 0.49964763 0.54136216
0.52714605 237.50000000 0.54953717 0.49343975 0.53834979
0.52967238 237.50000000 0.54675580 0.50342443 0.53846361
0.53022651 312.50000000 0.54277064 0.52307996 0.52449434
0.51341793 212.50000000 0.49627844 0.50863821 0.53133088
0.54549277 337.50000000 0.56059802 0.53958158 0.53564898
0.51529365 212.50000000 0.49490857 0.51158193 0.53511092
0.51435468 212.50000000 0.49627844 0.51243595 0.53109516
0.51625698 212.50000000 0.48450301 0.51677331 0.54656539
0.52801960 337.50000000 0.56592733 0.50944818 0.50757474
0.52959982 312.50000000 0.55413486 0.50850340 0.52469164
0.50736624 237.50000000 0.50625782 0.48016323 0.53577597
0.53119931 312.50000000 0.55413486 0.50859093 0.52962830
0.53056238 312.50000000 0.55199596 0.51463899 0.52419759
0.55134452 312.50000000 0.56189123 0.54627214 0.54595721
0.52925575 237.50000000 0.53165379 0.50731849 0.54743914
0.52608481 262.50000000 0.55083587 0.50295896 0.52327456
0.51200933 187.50000000 0.49035075 0.51498092 0.53583383
0.52799321 262.50000000 0.55321683 0.50413836 0.52568860
0.52265405 262.50000000 0.54964540 0.50049898 0.51648327
0.52608481 262.50000000 0.55083587 0.50295896 0.52327456
0.51308169 187.50000000 0.48876517 0.51787675 0.53713076
0.53294327 162.50000000 0.48910175 0.54981762 0.56537601
0.53597924 287.50000000 0.54554095 0.50653969 0.55557277
0.53171628 162.50000000 0.47897807 0.55802882 0.56305043
0.53047792 162.50000000 0.47808044 0.55416913 0.56055616
0.53294327 162.50000000 0.48910175 0.54981762 0.56537601
0.53841100 287.50000000 0.54773734 0.51875340 0.54884496
0.53375951 168.80000000 0.48438101 0.56788181 0.55883174
0.51817926 206.30000000 0.49770896 0.51623738 0.54159609
0.53257960 168.80000000 0.48080057 0.56788181 0.55883174
0.53553466 168.80000000 0.48589616 0.57123751 0.55883174
0.52072767 168.80000000 0.48198867 0.54565393 0.54235529
0.52544440 206.30000000 0.52297182 0.51801571 0.53780594
0.52678106 268.80000000 0.50710510 0.51310519 0.55769147
0.54162249 306.30000000 0.55307117 0.52283851 0.54719111
0.52566582 268.80000000 0.50806534 0.51355456 0.55292516
0.52045997 268.80000000 0.51522500 0.49715017 0.54656979
0.52976197 268.80000000 0.53285827 0.51503878 0.53903063
0.54193226 306.30000000 0.55532227 0.53550284 0.53344269
0.52040575 318.80000000 0.54249599 0.50212200 0.51717398
0.52051313 256.30000000 0.54212777 0.50308168 0.52012165
0.52040575 318.80000000 0.54249599 0.50212200 0.51717398
0.52072317 318.80000000 0.54452364 0.50392859 0.51449871
0.53357091 318.80000000 0.57228904 0.49219245 0.53542701
0.51697623 256.30000000 0.51424855 0.48737907 0.54758278
0.51141553 218.80000000 0.50070771 0.49563842 0.53798257
0.52210518 156.30000000 0.46884744 0.55264729 0.54788078
0.51141553 218.80000000 0.50070771 0.49563842 0.53798257
0.51461816 218.80000000 0.51261332 0.49445598 0.53672129
0.52192409 218.80000000 0.52174199 0.51985659 0.52348289
0.51312265 156.30000000 0.46624497 0.54746126 0.52851778
0.51352459 243.80000000 0.51851462 0.48546229 0.53751771
0.51186935 181.30000000 0.46524045 0.53548320 0.53634789
0.51967550 243.80000000 0.52360120 0.49158858 0.54491451
0.51270323 243.80000000 0.51851462 0.48658589 0.53385590
0.51721143 243.80000000 0.51487639 0.49044710 0.54739154
0.51021189 181.30000000 0.47225125 0.51396427 0.54630357
0.53403197 343.80000000 0.55793540 0.52333582 0.52230435
0.52471038 281.30000000 0.54011350 0.51583932 0.51843814
0.53374297 343.80000000 0.55699278 0.52363796 0.52245555
0.53403197 343.80000000 0.55528691 0.52414883 0.52392792
0.53839667 343.80000000 0.55785783 0.53357395 0.52483810
0.52685697 281.30000000 0.54279372 0.51014543 0.52682387
0.52315479 293.80000000 0.52454884 0.51645563 0.52749480
0.52069577 331.30000000 0.55485058 0.49529540 0.51119440
0.52111165 293.80000000 0.52559050 0.51105217 0.52516434
0.52349377 293.80000000 0.52454884 0.51747085 0.52749480
0.52245014 293.80000000 0.55215550 0.50673677 0.51250190
0.52431023 331.30000000 0.54138826 0.51997685 0.51265214
0.51445169 193.80000000 0.48268006 0.53562804 0.52320012
0.52399798 231.30000000 0.53123790 0.51123398 0.52487691
0.51444634 193.80000000 0.48652621 0.53875992 0.51662582
0.51547727 193.80000000 0.48268006 0.53707731 0.52484128
0.51753913 193.80000000 0.49082733 0.53780688 0.52083246
0.51837028 231.30000000 0.52881028 0.49397712 0.52865487
0.50856354 181.30000000 0.47778126 0.51988844 0.53078299
0.51915282 318.80000000 0.54256969 0.50121886 0.51444511
0.50910995 181.30000000 0.47778126 0.51652115 0.53519910
0.50802319 181.30000000 0.48241023 0.51996785 0.52494835
0.51625888 181.30000000 0.47279345 0.51271044 0.56573955
0.53985332 318.80000000 0.57108803 0.52034913 0.52842712
0.53465586 281.30000000 0.53285878 0.50996196 0.55797328
0.51919693 218.80000000 0.52381934 0.50487682 0.52949754
0.53358825 281.30000000 0.53066027 0.50785646 0.55911470
0.53252442 281.30000000 0.53616435 0.50973673 0.54836449
0.53431766 281.30000000 0.54187198 0.52684346 0.53417068
0.52969503 218.80000000 0.52160763 0.52306052 0.54390413
0.54031413 331.30000000 0.54693605 0.54624157 0.52846946
0.53376303 168.80000000 0.48509875 0.57411841 0.55209597
0.54031413 331.30000000 0.54693605 0.54624157 0.52846946
0.54031413 331.30000000 0.54774906 0.54531565 0.52846946
0.51918065 331.30000000 0.53147604 0.51228588 0.51557487
0.52014300 168.80000000 0.48033164 0.55001921 0.53602942
0.51839267 231.30000000 0.53226601 0.49500830 0.52916123
0.52008406 268.80000000 0.51567332 0.50138128 0.54153016
0.51839267 231.30000000 0.53226601 0.49500830 0.52916123
0.51709770 231.30000000 0.53100019 0.49500830 0.52632077
0.51620018 231.30000000 0.52730344 0.48364153 0.53568365
0.52938745 268.80000000 0.53768380 0.51180462 0.53730006
0.51818630 206.30000000 0.49948091 0.52304685 0.53457379
0.53131690 293.80000000 0.53494652 0.50955598 0.54932324
0.51818395 206.30000000 0.50378791 0.51623530 0.53710706
0.51722011 206.30000000 0.49809202 0.52141798 0.53424401
0.52253647 206.30000000 0.51862569 0.52087630 0.53030872
0.52143554 293.80000000 0.54214502 0.51065748 0.51476542
0.52724447 306.30000000 0.54008650 0.51387644 0.52712988
0.51496715 193.80000000 0.48608209 0.52547346 0.53230715
0.52561261 306.30000000 0.53883125 0.51378553 0.52312484
0.52822699 306.30000000 0.53520212 0.51624325 0.53282788
0.54063039 306.30000000 0.56378512 0.52570327 0.53046055
0.51031462 193.80000000 0.47968303 0.52437636 0.52544789
0.52166829 256.30000000 0.53674947 0.48084611 0.54845666
0.51968394 243.80000000 0.54130074 0.48010608 0.53745020
0.52205891 256.30000000 0.53169383 0.48084611 0.55425280
0.52400140 256.30000000 0.53735483 0.48178938 0.55318099
0.50604329 256.30000000 0.50450302 0.47612400 0.53678416
0.50530763 243.80000000 0.50218769 0.48502122 0.52843247
0.51699739 156.30000000 0.47523533 0.54715241 0.52777232
0.52909180 343.80000000 0.54257990 0.52086142 0.52512570
0.51763433 156.30000000 0.47523533 0.54536669 0.53183060
0.51636044 156.30000000 0.47391375 0.53918446 0.53600804
0.51823453 156.30000000 0.46479444 0.55891974 0.53399928
0.55469523 343.80000000 0.57163026 0.55771597 0.53632324
0.52196934 159.40000000 0.46848235 0.56014265 0.54240561
0.51937418 178.10000000 0.46512103 0.55555161 0.53745649
0.52008255 159.40000000 0.46485490 0.55828819 0.54240561
0.52195755 159.40000000 0.46601432 0.56413617 0.54036479
0.52068789 159.40000000 0.47244207 0.55475935 0.53873894
0.51713640 178.10000000 0.46327853 0.54653907 0.54193863
0.51039650 259.40000000 0.51036925 0.47736068 0.54409930
0.51742348 278.10000000 0.49357458 0.50684991 0.55059922
0.51116870 259.40000000 0.51278766 0.47519789 0.54608317
0.50923522 259.40000000 0.51036925 0.47870186 0.53959574
0.51540392 259.40000000 0.50957130 0.48738684 0.54857485
0.52534360 278.10000000 0.49875607 0.51212579 0.56327851
0.52617810 309.40000000 0.55357022 0.50785488 0.51617895
0.52545593 328.10000000 0.54583886 0.51242653 0.51864053
0.52520618 309.40000000 0.55356140 0.50881675 0.51216817
0.52262032 309.40000000 0.54955538 0.50213362 0.51526152
0.54720535 309.40000000 0.56559395 0.53599817 0.53837767
0.54344095 328.10000000 0.54749447 0.54715449 0.53571672
0.51388699 209.40000000 0.50380008 0.51381974 0.52970170
0.50941546 228.10000000 0.50659250 0.48880359 0.53188141
0.51341080 209.40000000 0.50092104 0.51381974 0.53107156
0.51674413 209.40000000 0.51260642 0.51540230 0.52757886
0.53296423 209.40000000 0.53060755 0.53527017 0.53650061
0.53306520 228.10000000 0.54983564 0.51488037 0.53243716
0.51452264 234.40000000 0.52701656 0.48486729 0.53063655
0.51896310 203.10000000 0.50183380 0.52075031 0.53428572
0.51707583 234.40000000 0.52846492 0.48095234 0.54103311
0.51664848 234.40000000 0.52772396 0.48613278 0.53508902
0.51366794 234.40000000 0.51915730 0.48163964 0.54092347
0.53026176 203.10000000 0.52532658 0.52598546 0.54036894
0.52301457 334.30000000 0.54685416 0.50252109 0.51886658
0.51929607 303.10000000 0.53638695 0.50741490 0.51572244
0.52421128 334.30000000 0.54775506 0.50511785 0.51893910
0.52301636 334.30000000 0.54776269 0.50339900 0.51711219
0.52719457 334.30000000 0.55001956 0.51251794 0.51815243
0.52292752 303.10000000 0.54238683 0.50439561 0.52363211
0.53058562 284.40000000 0.51192660 0.50977434 0.56800402
0.52668295 253.10000000 0.52200980 0.50296525 0.55367645
0.52882753 284.40000000 0.50976387 0.50977434 0.56494970
0.53023598 284.40000000 0.52682325 0.49960812 0.56179513
0.53657153 284.40000000 0.53978314 0.51957709 0.55097647
0.53101522 253.10000000 0.53784437 0.50101068 0.55278693
0.51842538 184.40000000 0.48481745 0.52756079 0.54475284
0.52512096 153.10000000 0.47988981 0.56036492 0.53856771
0.51679788 184.40000000 0.48336818 0.52909925 0.54000044
0.51464160 184.40000000 0.46846920 0.52645396 0.55179869
0.51788190 184.40000000 0.49199539 0.51169760 0.55516883
0.49702911 153.10000000 0.46526613 0.52707442 0.49847420
0.52819331 196.90000000 0.50687655 0.52991718 0.54937608
0.52201920 290.60000000 0.55178833 0.50286113 0.51391241
0.52717549 196.90000000 0.50527246 0.53013457 0.54759708
0.52870351 196.90000000 0.51656339 0.53152603 0.53865062
0.52208899 196.90000000 0.50822134 0.52230013 0.53850805
0.53542837 290.60000000 0.55222595 0.51745766 0.53636430
0.53819615 296.90000000 0.56240758 0.51925205 0.53316814
0.51677597 190.60000000 0.49226978 0.53015494 0.53193377
0.53583925 296.90000000 0.55839847 0.52136851 0.52807018
0.53786400 296.90000000 0.55718641 0.52354117 0.53351572
0.51731959 296.90000000 0.53585855 0.50371299 0.51400535
0.50996418 190.60000000 0.49099875 0.51536469 0.52452130
0.54107461 346.80000000 0.56072737 0.53894856 0.52159972
0.53071577 240.60000000 0.55604641 0.48866678 0.55020063
0.54136280 346.80000000 0.56072737 0.53982575 0.52159972
0.54049908 346.80000000 0.55834386 0.53840059 0.52287097
0.54597791 346.80000000 0.56425574 0.54577890 0.52731659
0.52989454 240.60000000 0.54057029 0.49565902 0.55422879
0.51315460 246.90000000 0.51327505 0.49033578 0.53245769
0.54697947 340.60000000 0.56300385 0.55176354 0.52436103
0.51355946 246.90000000 0.51197635 0.49145938 0.53367720
0.51315460 246.90000000 0.51327505 0.49033578 0.53245769
0.51437412 246.90000000 0.51062437 0.48890457 0.54056830
0.53963688 340.60000000 0.57226395 0.52876704 0.51610880
0.51602258 221.90000000 0.50479327 0.50455997 0.53861931
0.53390597 315.60000000 0.57525892 0.49771005 0.52713630
0.51557213 221.90000000 0.50352745 0.50455997 0.53861931
0.51602258 221.90000000 0.50479327 0.50455997 0.53861931
0.53537972 221.90000000 0.53511834 0.51689012 0.55119139
0.53296866 315.60000000 0.55218719 0.52254696 0.52473616
0.54518875 321.80000000 0.55740834 0.53569016 0.54193748
0.51527778 215.60000000 0.50482809 0.51669454 0.52457141
0.54363693 321.80000000 0.55188757 0.53665942 0.54170027
0.54674155 321.80000000 0.55835173 0.54314152 0.53830082
0.54302161 321.80000000 0.56386796 0.52440402 0.53985683
0.51434324 215.60000000 0.50515853 0.51417579 0.52714309
0.52996663 271.90000000 0.54304673 0.50825600 0.53616257
0.53564440 165.60000000 0.47778901 0.57901983 0.55463843
0.53107092 271.90000000 0.54304673 0.51163043 0.53616257
0.53070192 271.90000000 0.54304673 0.51049406 0.53616257
0.53328088 271.90000000 0.54469877 0.52556666 0.52989810
0.53139832 165.60000000 0.47052342 0.57472228 0.55318384
0.51717326 171.90000000 0.47815695 0.54069343 0.53327565
0.51622783 265.60000000 0.54287674 0.49918279 0.50873220
0.51775466 171.90000000 0.47815695 0.54069343 0.53488855
0.51659187 171.90000000 0.47815695 0.54069343 0.53178311
0.51950564 171.90000000 0.49165349 0.54281334 0.52349594
0.51884948 265.60000000 0.54677965 0.50711460 0.50478983
0.53562249 165.60000000 0.50284183 0.56418333 0.54260861
0.51878160 234.40000000 0.51528292 0.49645434 0.54522307
0.53622490 165.60000000 0.50284183 0.56418333 0.54424795
0.52779482 165.60000000 0.49383470 0.54990702 0.54203124
0.53138372 165.60000000 0.46654834 0.58045627 0.55179357
0.52049827 234.40000000 0.52811705 0.49290058 0.53882549
0.52939140 265.60000000 0.53594952 0.52479053 0.52847626
0.54364108 334.30000000 0.55606007 0.54448026 0.52969698
0.52939282 265.60000000 0.53594952 0.52453063 0.52847626
0.52826500 265.60000000 0.53681128 0.52271574 0.52628632
0.51772166 265.60000000 0.54690504 0.50436080 0.50301376
0.52511127 334.30000000 0.54420655 0.51246860 0.51799270
0.55102070 315.60000000 0.55733520 0.54773636 0.54633548
0.53444774 284.40000000 0.54259207 0.50938199 0.55037636
0.55197006 315.60000000 0.55744383 0.54570428 0.55121268
0.54848302 315.60000000 0.55350604 0.53909624 0.55118297
0.53106791 315.60000000 0.54814618 0.51684190 0.52819345
0.53095997 284.40000000 0.54247509 0.51885959 0.53232933
0.52454996 215.60000000 0.52212514 0.52320218 0.52994403
0.51357227 184.40000000 0.48717351 0.52154419 0.53136439
0.52779716 215.60000000 0.53024210 0.52333874 0.53098357
0.52593669 215.60000000 0.52351403 0.52335814 0.53235874
0.51851852 215.60000000 0.51199426 0.52261513 0.52375211
0.51028790 184.40000000 0.47612785 0.50311310 0.55816622
0.53155083 240.60000000 0.55717755 0.49748414 0.54288162
0.52256289 159.40000000 0.48047367 0.55067660 0.54068239
0.52947614 240.60000000 0.55325761 0.49493544 0.54288162
0.53320885 240.60000000 0.55594461 0.50245840 0.54422621
0.52947614 240.60000000 0.54257648 0.49584519 0.54932454
0.52447720 159.40000000 0.48198274 0.55431693 0.54256151
0.54521390 340.60000000 0.56715291 0.54759986 0.51891963
0.51810514 259.40000000 0.51310975 0.48954364 0.55097889
0.54492410 340.60000000 0.56481970 0.54509757 0.52355104
0.54580731 340.60000000 0.56545799 0.55398313 0.51612899
0.53258927 340.60000000 0.56367420 0.52471365 0.50790992
0.51386249 259.40000000 0.51696814 0.47998248 0.54505630
0.54126792 290.60000000 0.55081164 0.52779609 0.54734300
0.54688172 309.40000000 0.56153956 0.53820103 0.53931086
0.54264249 290.60000000 0.55391683 0.52564818 0.55033972
0.53954734 290.60000000 0.54838066 0.52642907 0.54528907
0.54025240 290.60000000 0.54656911 0.51076737 0.56328775
0.53943835 309.40000000 0.55674904 0.53228685 0.52783257
0.50944337 190.60000000 0.48229767 0.51625251 0.53399389
0.51821372 209.40000000 0.49784120 0.52870584 0.53318116
0.50996693 190.60000000 0.48229767 0.51781501 0.53399389
0.51522182 190.60000000 0.49147590 0.51710840 0.54132370
0.51466520 190.60000000 0.50107390 0.51571163 0.52816614
0.53200957 209.40000000 0.53899038 0.52627171 0.53239239
0.51768564 178.10000000 0.47125807 0.54067196 0.54338604
0.54742633 346.80000000 0.57439892 0.55397610 0.51119761
0.51768564 178.10000000 0.47125807 0.54067196 0.54338604
0.51768564 178.10000000 0.47125807 0.54067196 0.54338604
0.52105643 178.10000000 0.47458480 0.54962413 0.53927467
0.55375972 346.80000000 0.57349993 0.56103914 0.52604684
0.52427091 278.10000000 0.54676808 0.51470110 0.51185175
0.51925875 246.90000000 0.54170002 0.49033559 0.52621896
0.52427091 278.10000000 0.54676808 0.51343393 0.51277767
0.52391119 278.10000000 0.54676808 0.51581221 0.50968801
0.51455352 278.10000000 0.49245481 0.50740423 0.54217411
0.50304467 246.90000000 0.50542173 0.47590066 0.52488139
0.52392783 328.10000000 0.56321879 0.49734286 0.50993792
0.51548223 196.90000000 0.48802990 0.51916763 0.54227829
0.52484061 328.10000000 0.56067817 0.49655586 0.51619401
0.52331993 328.10000000 0.56157282 0.49549535 0.51166669
0.53825710 328.10000000 0.54625162 0.53868669 0.52969786
0.51548482 196.90000000 0.48843741 0.52226132 0.53922302
0.52562246 228.10000000 0.52184825 0.52211080 0.53103137
0.54055533 296.90000000 0.55854905 0.52322855 0.54043564
0.52781736 228.10000000 0.52443961 0.51826194 0.53928454
0.52518578 228.10000000 0.52184825 0.52039383 0.53103137
0.53000460 228.10000000 0.54839724 0.50399633 0.53454681
0.52641278 296.90000000 0.54435475 0.51751775 0.51827843
0.52142616 203.10000000 0.50989183 0.51683461 0.53510411
0.52924083 271.90000000 0.55047421 0.52289987 0.51477060
0.52044093 203.10000000 0.50664507 0.51701642 0.53524214
0.51798030 203.10000000 0.50243979 0.51570640 0.53363394
0.51747803 203.10000000 0.49351156 0.52150816 0.53704624
0.52996256 271.90000000 0.53766412 0.51360311 0.53645028
0.54337980 303.10000000 0.55821287 0.52069486 0.54986818
0.52820277 171.90000000 0.49755765 0.54071771 0.55013267
0.54338088 303.10000000 0.55615102 0.52465116 0.54764423
0.53975052 303.10000000 0.55632521 0.52519290 0.53642425
0.51830815 303.10000000 0.53655203 0.50034045 0.51972652
0.51485108 171.90000000 0.47974237 0.53964421 0.52528870
0.52587377 253.10000000 0.54925494 0.51370476 0.51362831
0.54167992 221.90000000 0.53813943 0.53654505 0.54767717
0.52350223 253.10000000 0.54920976 0.51151398 0.50921740
0.52310697 253.10000000 0.54705598 0.50601623 0.51615578
0.53061841 253.10000000 0.53604991 0.50547831 0.54753554
0.52816233 221.90000000 0.52138786 0.51822804 0.54095154
0.53163993 153.10000000 0.48808239 0.56728636 0.54142284
0.55140574 321.80000000 0.56472304 0.53139672 0.55664312
0.53033274 153.10000000 0.48604158 0.56728636 0.53938203
0.53228928 153.10000000 0.48760089 0.56728636 0.54334967
0.51139971 153.10000000 0.46894629 0.53576234 0.53201023
0.53774695 321.80000000 0.56931627 0.51739590 0.52616359
0.52430666 154.70000000 0.48597415 0.55817109 0.53729957
0.52056708 279.70000000 0.54120190 0.50960042 0.51421090
0.52366569 154.70000000 0.48775986 0.55817109 0.53321793
0.52043569 154.70000000 0.47948975 0.55273178 0.53729957
0.52105991 154.70000000 0.48974217 0.53632432 0.54099922
0.52593062 279.70000000 0.52579025 0.49465381 0.55540152
0.52101436 254.70000000 0.53419702 0.49158732 0.53664777
0.51749845 179.70000000 0.47357008 0.53766104 0.54687579
0.52101436 254.70000000 0.53419702 0.49158732 0.53664777
0.52375328 254.70000000 0.53639060 0.49160731 0.54221070
0.52887911 254.70000000 0.54751242 0.49977458 0.53967171
0.52362508 179.70000000 0.47138097 0.54478480 0.56026558
0.54250971 304.70000000 0.54881513 0.53594471 0.54432671
0.52375736 229.70000000 0.52974260 0.50413619 0.53221342
0.54283973 304.70000000 0.54976883 0.53608261 0.54443815
0.54513697 304.70000000 0.55176175 0.54082804 0.54439358
0.51954918 304.70000000 0.54196757 0.51015448 0.50807298
0.52723372 229.70000000 0.53823838 0.51468137 0.52824956
0.51684840 204.70000000 0.49325530 0.51198294 0.54558959
0.53018790 329.70000000 0.56184367 0.49352095 0.53330194
0.51586801 204.70000000 0.49460875 0.50900674 0.54405113
0.51732664 204.70000000 0.49232554 0.51592946 0.54279813
0.51781923 204.70000000 0.49900366 0.52905602 0.52246298
0.54960118 329.70000000 0.56252113 0.54976514 0.53654745
0.51416746 229.70000000 0.50759450 0.49973995 0.53187367
0.54086928 304.70000000 0.55702227 0.52286814 0.54185796
0.51330169 229.70000000 0.50793119 0.49819666 0.53038113
0.51460414 229.70000000 0.51130370 0.49427554 0.53440572
0.53202392 229.70000000 0.55333516 0.50348800 0.53590971
0.52118097 304.70000000 0.54244373 0.50837026 0.51380558
0.53290964 329.70000000 0.55294528 0.52717315 0.51909599
0.52515543 204.70000000 0.51622209 0.51805097 0.53563898
0.53260569 329.70000000 0.55217397 0.52725448 0.51931716
0.53048724 329.70000000 0.55017054 0.52187704 0.51997203
0.54382426 329.70000000 0.55435322 0.54465940 0.53112046
0.52318747 204.70000000 0.51408037 0.52398285 0.53111555
0.53271633 279.70000000 0.54693794 0.50248093 0.54945062
0.52495601 154.70000000 0.48934504 0.55657595 0.54122127
0.53128648 279.70000000 0.54377935 0.50580232 0.54559020
0.53236431 279.70000000 0.54726052 0.50231898 0.54844052
0.52199053 279.70000000 0.50443648 0.50073189 0.55960942
0.50493088 154.70000000 0.47812865 0.52184377 0.51868936
0.51417753 179.70000000 0.47551704 0.53400449 0.53689772
0.52180022 254.70000000 0.54427480 0.51124558 0.51198339
0.51362818 179.70000000 0.47535859 0.53261560 0.53687039
0.51416822 179.70000000 0.48215876 0.53244760 0.53175941
0.52473619 179.70000000 0.48633146 0.54844792 0.54525989
0.52729968 254.70000000 0.53684845 0.49347178 0.55121106
0.51352817 192.20000000 0.49215106 0.51747610 0.53099015
0.51352817 192.20000000 0.49215106 0.51747610 0.53099015
0.51456984 192.20000000 0.49215106 0.51903860 0.53277587
0.51612694 192.20000000 0.49436392 0.52493092 0.53104395
0.50883797 192.20000000 0.49171222 0.51434099 0.51995451
0.51613234 192.20000000 0.50712769 0.51083066 0.53035473
0.53012530 292.20000000 0.53393224 0.50558638 0.54932251
0.53012530 292.20000000 0.53393224 0.50558638 0.54932251
0.53046776 292.20000000 0.53475787 0.50558638 0.54932251
0.53080672 292.20000000 0.52491939 0.51078492 0.55402833
0.53730773 292.20000000 0.55327029 0.51020057 0.54737333
0.53662513 292.20000000 0.54638808 0.51124656 0.55057736
0.52863792 342.20000000 0.54666485 0.51091169 0.52866002
0.52863792 342.20000000 0.54666485 0.51091169 0.52866002
0.52776073 342.20000000 0.54658375 0.51093857 0.52610216
0.52922272 342.20000000 0.54666485 0.51263992 0.52866002
0.52163061 342.20000000 0.53937553 0.51512022 0.50794878
0.52134247 342.20000000 0.54343236 0.51454542 0.50330832
0.52022243 242.20000000 0.52536798 0.49524621 0.53835478
0.52022243 242.20000000 0.52536798 0.49524621 0.53835478
0.52063565 242.20000000 0.52649158 0.49246789 0.54056218
0.51732986 242.20000000 0.52441515 0.49106792 0.53392059
0.53179267 242.20000000 0.54173495 0.50105746 0.55019917
0.53179267 242.20000000 0.53918459 0.50438857 0.54842632
0.51471061 217.20000000 0.51284907 0.50606809 0.52888475
0.51471061 217.20000000 0.51284907 0.50606809 0.52888475
0.51793007 217.20000000 0.51451765 0.51029841 0.53313105
0.51746924 217.20000000 0.51832923 0.50708795 0.53033403
0.51516087 217.20000000 0.51600205 0.50521382 0.52835722
0.51700207 217.20000000 0.52273385 0.50795235 0.52403472
0.52647065 317.20000000 0.54936302 0.50814961 0.52202603
0.52647065 317.20000000 0.54936302 0.50814961 0.52202603
0.52426443 317.20000000 0.54845393 0.50455806 0.52020408
0.52426344 317.20000000 0.55039586 0.50339483 0.51925170
0.53908498 317.20000000 0.54685856 0.53128313 0.53977698
0.53498204 317.20000000 0.54492052 0.52693751 0.53326328
0.51722846 267.20000000 0.50807868 0.50968088 0.53271458
0.51722846 267.20000000 0.50807868 0.50968088 0.53271458
0.51572754 267.20000000 0.50836728 0.50606612 0.53203938
0.51984739 267.20000000 0.50567849 0.51431192 0.53923140
0.51534882 267.20000000 0.54146248 0.50527924 0.50272071
0.51684415 267.20000000 0.54046876 0.51048619 0.50276671
0.52394497 167.20000000 0.47232879 0.55838868 0.54736469
0.52394497 167.20000000 0.47232879 0.55838868 0.54736469
0.52274736 167.20000000 0.47441791 0.55469376 0.54551283
0.52334616 167.20000000 0.47045828 0.55831175 0.54752173
0.52931637 167.20000000 0.48265698 0.55900205 0.55230920
0.52932350 167.20000000 0.48111310 0.55903030 0.55438912
0.52621421 173.40000000 0.48068816 0.55835667 0.54328140
0.55135306 335.90000000 0.56292653 0.55023979 0.53920623
0.52621421 173.40000000 0.48250032 0.55811744 0.54155726
0.52506810 173.40000000 0.48422446 0.55652938 0.53830478
0.51874958 173.40000000 0.49113365 0.53912338 0.52656911
0.52515725 335.90000000 0.54756446 0.50467802 0.52218537
0.52632684 273.40000000 0.55693720 0.50762747 0.51362319
0.52647674 235.90000000 0.54979032 0.50327590 0.53041608
0.52851795 273.40000000 0.55793644 0.51103386 0.51557142
0.52741905 273.40000000 0.56000360 0.50647515 0.51472209
0.53584664 273.40000000 0.54412987 0.51119242 0.55217055
0.51716733 235.90000000 0.52342944 0.48878814 0.53934957
0.54358636 323.40000000 0.56315415 0.53856432 0.52927977
0.50537634 185.90000000 0.47548740 0.50359280 0.54040315
0.54389596 323.40000000 0.56315415 0.53856432 0.53026987
0.54358732 323.40000000 0.55669493 0.53566272 0.53832427
0.54143160 323.40000000 0.55294265 0.53276244 0.53826872
0.50860215 185.90000000 0.47254783 0.50656689 0.54892179
0.53491152 223.40000000 0.53609514 0.51554773 0.55516799
0.52779782 285.90000000 0.54144981 0.51969521 0.52484993
0.53580838 223.40000000 0.53739384 0.51678229 0.55516799
0.53625080 223.40000000 0.54253995 0.51360699 0.55462265
0.53313781 223.40000000 0.52700560 0.52834765 0.54335624
0.53269415 285.90000000 0.54442585 0.52529175 0.53097167
0.52494980 248.40000000 0.54441896 0.48623659 0.54476417
0.53277778 260.90000000 0.53835163 0.50548760 0.55607621
0.52575787 248.40000000 0.54550694 0.48893930 0.54331826
0.52414821 248.40000000 0.54584511 0.48274749 0.54507020
0.50722082 248.40000000 0.51413122 0.47672674 0.53247151
0.51515473 260.90000000 0.51225064 0.48458353 0.54878040
0.54047854 348.40000000 0.57075500 0.53380527 0.51463370
0.51055901 160.90000000 0.47320224 0.53151311 0.53532395
0.53961565 348.40000000 0.56727832 0.53305069 0.51615570
0.54248427 348.40000000 0.57238934 0.54079057 0.51213804
0.55365988 348.40000000 0.57184244 0.56061837 0.52785646
0.52298137 160.90000000 0.45955655 0.56829115 0.55258601
0.51371911 298.40000000 0.53395300 0.49584189 0.51060778
0.52728729 210.90000000 0.52251123 0.52200601 0.53757360
0.51338578 298.40000000 0.53198196 0.49799268 0.50965540
0.51405356 298.40000000 0.53395300 0.49490865 0.51250697
0.51774371 298.40000000 0.53786543 0.50245425 0.51300276
0.52871812 210.90000000 0.52619474 0.52228385 0.53697680
0.51736714 198.40000000 0.51980257 0.52239505 0.51380072
0.54648273 310.90000000 0.56669004 0.54145805 0.52791599
0.51736714 198.40000000 0.51980257 0.52239505 0.51380072
0.52140754 198.40000000 0.51961463 0.52239182 0.52542699
0.52341759 198.40000000 0.52420480 0.52678442 0.52339794
0.54262628 310.90000000 0.56624023 0.53383324 0.52529954
0.50806452 185.90000000 0.48007835 0.50007501 0.54668743
0.50560953 248.40000000 0.50841701 0.47677149 0.53463477
0.51129032 185.90000000 0.48154894 0.50522036 0.55010178
0.51021505 185.90000000 0.48007835 0.50323624 0.55010178
0.51129032 185.90000000 0.47892001 0.50542364 0.55115589
0.51971434 248.40000000 0.51783986 0.49353508 0.55117373
0.53479205 285.90000000 0.54213260 0.52876109 0.53691187
0.55423624 348.40000000 0.57429957 0.56313140 0.52438286
0.53479082 285.90000000 0.54403736 0.52663988 0.53689792
0.53479205 285.90000000 0.54213260 0.52876109 0.53691187
0.53794504 285.90000000 0.54979576 0.53275956 0.53468363
0.54906959 348.40000000 0.56234248 0.55272605 0.53127369
0.54836709 335.90000000 0.56418507 0.55597059 0.52313686
0.53551435 298.40000000 0.54980750 0.52281611 0.53227274
0.54777186 335.90000000 0.56418507 0.55420012 0.52313686
0.54747424 335.90000000 0.56047673 0.55597059 0.52409840
0.52128909 335.90000000 0.54322345 0.50457764 0.51482630
0.51405468 298.40000000 0.53400354 0.49490865 0.51250697
0.52859719 235.90000000 0.54895795 0.49268285 0.54566892
0.52390234 198.40000000 0.53262272 0.51287230 0.52941009
0.52774973 235.90000000 0.54895795 0.49268285 0.54315339
0.52859719 235.90000000 0.54895795 0.49268285 0.54566892
0.51208078 235.90000000 0.52060304 0.48269422 0.53250400
0.52190498 198.50000000 0.52425072 0.51991271 0.52538372
0.53107876 210.90000000 0.53429822 0.52963516 0.52949543
0.51413860 173.40000000 0.48454437 0.54266348 0.51621177
0.53060483 210.90000000 0.53004588 0.53100832 0.53098796
0.53155495 210.90000000 0.52743947 0.53167743 0.53661986
0.52917852 210.90000000 0.52479545 0.52972368 0.53365151
0.51875955 173.40000000 0.49254589 0.53692336 0.52704414
0.54551706 310.90000000 0.56443986 0.53392983 0.53604402
0.53402182 273.40000000 0.54480882 0.51241910 0.54437311
0.54519552 310.90000000 0.55878327 0.53487322 0.54002993
0.54648273 310.90000000 0.56541199 0.53767762 0.53412076
0.54841406 310.90000000 0.56285537 0.54381915 0.53719011
0.53401246 273.40000000 0.53643402 0.52959699 0.53651840
0.52817271 260.90000000 0.52769038 0.51439045 0.54313896
0.53585502 323.40000000 0.54373034 0.53601703 0.52793203
0.52740495 260.90000000 0.52769038 0.51326597 0.54191945
0.52779399 260.90000000 0.52563735 0.51790850 0.54065117
0.52013705 260.90000000 0.51032598 0.49281844 0.55597282
0.54451898 323.40000000 0.55669219 0.53752570 0.53924029
0.51987578 160.90000000 0.48752182 0.53007379 0.54987223
0.51702234 223.40000000 0.51321140 0.50863852 0.53166184
0.51925466 160.90000000 0.48752182 0.52848649 0.54987223
0.52484472 160.90000000 0.49670696 0.54203032 0.54300102
0.52484472 160.90000000 0.47554904 0.55974496 0.55064467
0.53491152 223.40000000 0.54383865 0.50839762 0.55446178
0.51833831 157.80000000 0.47183459 0.54739800 0.54445424
0.51965946 251.50000000 0.53650686 0.48480327 0.53668545
0.51960413 157.80000000 0.47557585 0.54903735 0.54212866
0.51833831 157.80000000 0.47183459 0.54739800 0.54445424
0.51263404 157.80000000 0.45780852 0.54864739 0.53856111
0.52524031 251.50000000 0.53809762 0.49484555 0.54320267
0.51977197 257.80000000 0.54656514 0.49727227 0.51754354
0.52212443 151.50000000 0.48022844 0.55676732 0.53335480
0.51628359 257.80000000 0.54206849 0.49484997 0.51421817
0.51977197 257.80000000 0.54656514 0.49727227 0.51754354
0.51472416 257.80000000 0.51932320 0.47858764 0.54735077
0.50893168 151.50000000 0.46449840 0.53864892 0.52281183
0.53377575 307.80000000 0.54231326 0.50682324 0.55144401
0.52257771 201.50000000 0.50053780 0.52512666 0.54925576
0.53377575 307.80000000 0.54231326 0.50682324 0.55144401
0.53377575 307.80000000 0.54231326 0.50682324 0.55144401
0.54092601 307.80000000 0.55753950 0.53213747 0.53275745
0.52556278 201.50000000 0.52819073 0.52079611 0.53354893
0.51540784 207.80000000 0.49843556 0.51598027 0.53325284
0.54061407 301.50000000 0.55173825 0.53213992 0.53788689
0.51637170 207.80000000 0.49999806 0.51729606 0.53325284
0.51540784 207.80000000 0.49843556 0.51598027 0.53325284
0.52357627 207.80000000 0.52215571 0.51328250 0.53789323
0.51839233 301.50000000 0.53320078 0.50806493 0.51342484
0.53222029 232.80000000 0.55828273 0.48756332 0.55339655
0.53138684 326.50000000 0.54647402 0.52593161 0.52304182
0.53049615 232.80000000 0.55523737 0.48617443 0.55250343
0.53049615 232.80000000 0.55439743 0.48990714 0.54979648
0.52320186 232.80000000 0.53222466 0.49676134 0.53883594
0.55374008 326.50000000 0.55608449 0.55768591 0.54650547
0.54593690 332.80000000 0.57553056 0.53292798 0.52655068
0.51920783 226.50000000 0.51856662 0.50312457 0.53768543
0.54503600 332.80000000 0.57462034 0.53300181 0.52461181
0.54624082 332.80000000 0.57382347 0.53425552 0.52820444
0.52190021 332.80000000 0.54638088 0.51039979 0.50835709
0.53243343 226.50000000 0.53815134 0.52428759 0.53871324
0.52157106 282.80000000 0.54604420 0.50703480 0.51147498
0.51332178 176.50000000 0.47313934 0.53294347 0.53244447
0.51945468 282.80000000 0.53988939 0.50806735 0.51035437
0.52157482 282.80000000 0.54379588 0.51026061 0.51041115
0.52758565 282.80000000 0.54351298 0.51359805 0.52501984
0.51842899 176.50000000 0.45849028 0.53943033 0.55745260
0.52412178 182.80000000 0.48717448 0.54754215 0.54590572
0.53129153 276.50000000 0.53255437 0.51831102 0.54444715
0.52302288 182.80000000 0.48355268 0.54887357 0.54431120
0.52740047 182.80000000 0.49096704 0.55017861 0.54866858
0.51155948 182.80000000 0.47706433 0.51692981 0.54787059
0.52586983 276.50000000 0.51436990 0.51180447 0.55197187
0.50845107 195.30000000 0.47824404 0.51712906 0.52954463
0.52256098 164.00000000 0.48202059 0.53968246 0.55104304
0.50691784 195.30000000 0.47519043 0.51255106 0.53296024
0.50587912 195.30000000 0.48176594 0.51322767 0.52297094
0.51360544 195.30000000 0.49078765 0.52449987 0.52323245
0.52682927 164.00000000 0.47286568 0.55732563 0.55679649
0.53672927 295.30000000 0.54900247 0.52182716 0.54063849
0.53409091 264.00000000 0.53928297 0.52581533 0.53715688
0.53469652 295.30000000 0.54518120 0.52370224 0.53606268
0.53401855 295.30000000 0.54533877 0.52382276 0.53447565
0.51946519 295.30000000 0.54503414 0.49592278 0.51806061
0.52234848 264.00000000 0.54934029 0.50611459 0.50880236
0.55429086 345.30000000 0.56317441 0.56615901 0.53226000
0.55063694 314.00000000 0.56304005 0.53798335 0.54873313
0.55400101 345.30000000 0.56737692 0.56448817 0.52874608
0.55168552 345.30000000 0.56409921 0.55534964 0.53422365
0.54298567 345.30000000 0.56047546 0.53748754 0.53031838
0.53598726 314.00000000 0.54384229 0.53019270 0.53473306
0.52058072 245.30000000 0.54860845 0.49802370 0.51801671
0.53224299 214.00000000 0.52631631 0.53317578 0.53966539
0.51976605 245.30000000 0.54860845 0.49675788 0.51652064
0.51690559 245.30000000 0.54389996 0.49301953 0.51651923
0.52222499 245.30000000 0.51987333 0.49772274 0.54917233
0.51775701 214.00000000 0.50621982 0.50720856 0.54169788
0.53605923 220.30000000 0.53424957 0.52263463 0.54588048
0.53138075 239.00000000 0.55285200 0.49927345 0.54115909
0.53469971 220.30000000 0.53012096 0.52263463 0.54637385
0.53651378 220.30000000 0.53698930 0.52135258 0.54611858
0.52473056 220.30000000 0.51114506 0.51554214 0.54123991
0.52887029 239.00000000 0.53335205 0.50446745 0.54511298
0.54480822 320.30000000 0.56023584 0.53707718 0.53639459
0.54542773 339.00000000 0.56274848 0.55306257 0.51816022
0.54449572 320.30000000 0.56117042 0.53707718 0.53452543
0.54543127 320.30000000 0.56126366 0.53610826 0.53843981
0.52484716 320.30000000 0.56245773 0.49272342 0.51911170
0.52389381 339.00000000 0.54867582 0.51262588 0.50886911
0.53199535 270.30000000 0.53346188 0.52328926 0.53775524
0.53806228 289.00000000 0.54422175 0.52632251 0.54518897
0.53199535 270.30000000 0.53346188 0.52328926 0.53775524
0.53347820 270.30000000 0.53271612 0.52555207 0.54130962
0.52976903 270.30000000 0.53061553 0.50474519 0.54996828
0.53702422 289.00000000 0.54365478 0.51208811 0.55405920
0.53384589 170.30000000 0.50212601 0.55182306 0.55146755
0.51428571 189.00000000 0.48928370 0.51175947 0.54608021
0.53267286 170.30000000 0.50052521 0.55182306 0.54992909
0.53209494 170.30000000 0.49370430 0.55111568 0.55503237
0.52441004 170.30000000 0.48656561 0.54799989 0.54017984
0.51164021 189.00000000 0.48867283 0.51856355 0.52723680
0.52439024 164.00000000 0.47959088 0.54582443 0.55054878
0.51786983 307.80000000 0.54223293 0.50271036 0.50989972
0.52378049 164.00000000 0.47773903 0.54582443 0.55054878
0.51829268 164.00000000 0.47570430 0.54453091 0.53777496
0.52134146 164.00000000 0.48812923 0.53466698 0.54790201
0.53247811 307.80000000 0.56653532 0.50605235 0.52468630
0.53371212 264.00000000 0.54749975 0.50887107 0.54401603
0.51395857 207.80000000 0.49072918 0.52336731 0.52971167
0.53371212 264.00000000 0.54749975 0.50887107 0.54401603
0.53143939 264.00000000 0.54445684 0.50667649 0.54286660
0.52424242 264.00000000 0.54077000 0.51704765 0.51441620
0.52212700 207.80000000 0.51704039 0.51673067 0.53631241
0.53152866 314.00000000 0.53987036 0.52628953 0.52929024
0.51135209 157.80000000 0.45731250 0.54825297 0.53451407
0.53089172 314.00000000 0.53834525 0.52227932 0.53285191
0.53216561 314.00000000 0.54490760 0.52142746 0.53123860
0.55127389 314.00000000 0.55708070 0.54845330 0.54843655
0.51643957 157.80000000 0.46912439 0.55191433 0.53493567
0.51542056 214.00000000 0.49389275 0.51341125 0.54124321
0.51511025 257.80000000 0.50932865 0.48052244 0.55562350
0.51448598 214.00000000 0.48956521 0.51434376 0.54124321
0.52149533 214.00000000 0.51077476 0.52243585 0.53346378
0.51869159 214.00000000 0.50220692 0.51861650 0.53591877
0.51122824 257.80000000 0.50525993 0.48414266 0.54503337
0.50794979 239.00000000 0.50698421 0.47572207 0.53978353
0.51947347 282.80000000 0.50612106 0.49814580 0.55066307
0.50962343 239.00000000 0.50822619 0.47866325 0.54090713
0.50794979 239.00000000 0.50701518 0.48081492 0.53501181
0.52510460 239.00000000 0.54849788 0.48266633 0.54339667
0.53218054 282.80000000 0.53912162 0.52278664 0.53439623
0.54572271 339.00000000 0.56244678 0.54105301 0.53199777
0.52411577 182.80000000 0.48595574 0.54649349 0.54648391
0.54601770 339.00000000 0.56244678 0.54202389 0.53199777
0.54631268 339.00000000 0.56253200 0.54202389 0.53292369
0.54247788 339.00000000 0.56606047 0.53745577 0.52236664
0.51318982 182.80000000 0.48889388 0.50916728 0.54585138
0.54290657 289.00000000 0.54754101 0.52600471 0.55444031
0.51761692 232.80000000 0.51550186 0.49949569 0.53691694
0.54325260 289.00000000 0.54754101 0.52490581 0.55605863
0.54221453 289.00000000 0.54752215 0.52275655 0.55509709
0.53460208 289.00000000 0.54645967 0.52159901 0.53541902
0.51504181 232.80000000 0.51463834 0.48899912 0.53873859
0.51005291 189.00000000 0.48911971 0.51441512 0.52653772
0.52370111 332.80000000 0.54709713 0.50916439 0.51354718
0.51322751 189.00000000 0.49348541 0.51936135 0.52676093
0.51164021 189.00000000 0.49329220 0.51629369 0.52486085
0.51322751 189.00000000 0.49213003 0.51316760 0.53510829
0.52039328 332.80000000 0.54469783 0.50293776 0.51250865
0.52296482 176.50000000 0.46891691 0.55079702 0.55166957
0.52336898 220.30000000 0.51740161 0.51984043 0.52741222
0.52239664 176.50000000 0.46891691 0.55079702 0.55000291
0.52013996 176.50000000 0.46696848 0.54974961 0.54668938
0.51446135 176.50000000 0.46549711 0.53441121 0.54130352
0.53061086 220.30000000 0.52449985 0.52746140 0.53561908
0.51573144 276.50000000 0.49003530 0.50837509 0.54856502
0.52577687 320.30000000 0.55703042 0.49894719 0.52094314
0.51609507 276.50000000 0.49214641 0.50837509 0.54763910
0.52006357 276.50000000 0.50109867 0.50618121 0.55286022
0.52551012 276.50000000 0.51000686 0.50440836 0.56297260
0.54293127 320.30000000 0.58107175 0.51294688 0.53482424
0.52832498 326.50000000 0.54645354 0.51675663 0.52324891
0.52607353 270.30000000 0.54903765 0.52143836 0.50770271
0.52924148 326.50000000 0.55016355 0.51800867 0.52128404
0.52740943 326.50000000 0.54176674 0.51849218 0.52324891
0.54699912 326.50000000 0.55976007 0.54271370 0.53736802
0.53162498 270.30000000 0.54395955 0.51188041 0.53597887
0.52052357 226.50000000 0.51859071 0.49755680 0.54661193
0.53497764 170.30000000 0.49494761 0.55014258 0.56466534
0.52140267 226.50000000 0.51999916 0.50138877 0.54361014
0.52184905 226.50000000 0.51969199 0.49899080 0.54770183
0.53596741 226.50000000 0.54707466 0.52663872 0.53720270
0.52324389 170.30000000 0.48889335 0.54209498 0.54015642
0.52208758 201.50000000 0.52495735 0.51940788 0.52777560
0.51511251 195.30000000 0.49255142 0.52307854 0.52749729
0.52308014 201.50000000 0.52495735 0.52203134 0.52791784
0.51713462 201.50000000 0.50631628 0.52287348 0.52688108
0.52556771 201.50000000 0.52668306 0.52197216 0.53391386
0.51921507 195.30000000 0.49884849 0.53213251 0.52640747
0.51872676 301.50000000 0.53436116 0.50710985 0.51461211
0.51743358 295.30000000 0.53985321 0.49694910 0.51635382
0.51806121 301.50000000 0.53342658 0.50807731 0.51267608
0.51607335 301.50000000 0.53239054 0.50323386 0.51263685
0.52303140 301.50000000 0.53730702 0.51508931 0.51622046
0.52081997 295.30000000 0.54566931 0.50406525 0.51342817
0.52483242 251.50000000 0.52603675 0.48591006 0.56320109
0.54242523 345.30000000 0.55821367 0.55016122 0.51753746
0.52523082 251.50000000 0.52750815 0.48950051 0.55951587
0.51846898 251.50000000 0.52195977 0.48008901 0.55292727
0.52801967 251.50000000 0.54398957 0.49610246 0.54362752
0.54908352 345.30000000 0.56846458 0.55458408 0.52460472
0.52212443 151.50000000 0.46787930 0.56039149 0.54113977
0.52506886 245.30000000 0.54494628 0.48900483 0.54165515
0.52212443 151.50000000 0.46787930 0.56235227 0.53925298
0.52213315 151.50000000 0.47046362 0.56269555 0.53707906
0.50101516 151.50000000 0.46252930 0.52495225 0.51481598
0.50875892 245.30000000 0.50241887 0.47968738 0.54385888
