50.00000000 106.04925970
50.00000000 106.04925970
50.00000000 106.04925970
50.00000000 106.04925970
50.00000000 106.04925970
50.00000000 106.04925970
50.00000000 106.04925970
50.00000000 106.04925970
50.00000000 106.04925970
50.00000000 106.04925970
200.00000000 449.13458693
200.00000000 449.13458693
200.00000000 449.13458693
200.00000000 449.13458693
200.00000000 449.13458693
200.00000000 449.13458693
200.00000000 449.13458693
200.00000000 449.13458693
200.00000000 449.13458693
200.00000000 449.13458693
125.00000000 270.55232534
125.00000000 270.55232534
125.00000000 619.99620911
125.00000000 270.55232534
275.00000000 270.83735252
226.80000000 4061.83153251
275.00000000 270.83735252
226.90000000 4208.91813246
125.00000000 619.99620911
226.80000000 4122.08160050
226.50000000 3691.29069552
226.50000000 3713.71392341
275.00000000 270.44039505
226.50000000 3690.80511158
125.00000000 621.65030312
125.00000000 271.58765065
125.00000000 621.65030312
125.00000000 271.58765065
275.00000000 270.44039505
125.00000000 271.58765065
312.50000000 359.50089513
312.50000000 359.50089513
312.50000000 180.10041080
312.50000000 359.50089513
312.50000000 359.50089513
312.50000000 180.10041080
312.50000000 359.50089513
312.50000000 180.10041080
312.50000000 180.10041080
312.50000000 180.10041080
168.30000000 968.48776442
168.30000000 957.93834336
162.50000000 528.96926009
168.30000000 943.98989776
168.30000000 943.93126923
162.50000000 528.96926009
168.30000000 957.22219130
162.50000000 528.86662645
162.50000000 529.17689827
162.50000000 528.96926009
237.50000000 180.54419852
237.50000000 180.54419852
197.70000000 4843.30439161
237.50000000 180.54419852
87.50000000 179.05166292
87.50000000 710.76107628
87.50000000 179.05166292
87.50000000 710.76107628
197.70000000 4939.83193333
87.50000000 710.76107628
87.50000000 529.73179206
87.50000000 529.73179206
87.50000000 360.36377329
87.50000000 529.73179206
237.50000000 531.15878547
237.50000000 360.03738408
237.50000000 531.15878547
237.50000000 360.03738408
87.50000000 360.36377329
237.50000000 360.03738408
181.30000000 310.88278183
181.30000000 310.20386072
181.30000000 310.88278183
181.30000000 310.88278183
331.30000000 309.22746927
331.30000000 309.22746927
331.30000000 310.91581500
331.30000000 310.91581500
181.30000000 310.20386072
331.30000000 310.91581500
213.00000000 2176.98594068
212.20000000 3174.58889887
213.00000000 2625.94512211
213.00000000 2233.44228000
188.70000000 1018.31674364
188.70000000 996.60232091
181.30000000 659.64883516
181.30000000 659.64883516
212.20000000 2436.22908294
181.30000000 659.64883516
106.30000000 139.59751115
106.30000000 140.37116726
106.30000000 492.81350320
106.30000000 139.59751115
106.30000000 139.59751115
106.30000000 492.81350320
106.30000000 140.37116726
106.30000000 489.37497215
106.30000000 489.37497215
106.30000000 489.37497215
256.30000000 490.99195229
256.30000000 490.40001367
256.30000000 140.28470509
256.30000000 490.99195229
256.30000000 490.99195229
256.30000000 140.28470509
256.30000000 491.29242938
256.30000000 141.76495344
256.30000000 141.76495344
256.30000000 141.76495344
218.80000000 229.71605899
218.80000000 231.09935679
218.80000000 399.12433659
218.80000000 229.71605899
68.80000000 228.59244489
68.80000000 400.54030006
68.80000000 230.25501401
68.80000000 402.75876690
218.80000000 402.07910774
68.80000000 402.75876690
68.80000000 581.98433443
68.80000000 579.15555327
68.80000000 748.26264092
68.80000000 581.98433443
229.10000000 1231.98981495
187.20000000 7247.02022281
218.80000000 579.50639676
187.20000000 4121.95454982
68.80000000 749.21508951
187.20000000 4239.50230332
293.80000000 401.72804151
293.80000000 399.88659955
242.30000000 3446.45025134
293.80000000 401.72804151
293.80000000 401.72804151
242.30000000 3414.16820374
293.80000000 399.88659955
242.30000000 3648.47201847
242.30000000 3424.06169009
242.30000000 3578.60251582
143.80000000 751.42506145
146.60000000 824.68133041
143.80000000 231.65679241
143.80000000 751.42506145
143.80000000 751.42506145
143.80000000 231.65679241
146.60000000 811.85674941
143.80000000 230.69305949
143.80000000 230.69305949
143.80000000 230.69305949
246.90000000 419.01449759
246.90000000 420.24132762
181.90000000 3241.76394996
246.90000000 419.01449759
303.10000000 420.50629574
181.80000000 3939.07654761
303.10000000 420.02445519
182.20000000 3959.65085345
182.40000000 3024.77784552
182.20000000 4038.62986768
96.90000000 767.74421376
96.90000000 767.76212424
96.90000000 420.90065200
96.90000000 767.74421376
161.20000000 1297.72636962
153.10000000 419.85954665
161.40000000 1368.02933335
153.10000000 420.37576896
96.90000000 419.98583965
153.10000000 420.37576896
321.80000000 251.47192000
321.80000000 251.61398515
321.80000000 251.47192000
321.80000000 251.47192000
78.10000000 249.55538091
78.10000000 249.55538091
78.10000000 252.67566572
78.10000000 252.67566572
321.80000000 251.61398515
78.10000000 252.67566572
171.90000000 599.27729458
171.90000000 601.35081000
171.90000000 599.27729458
171.90000000 599.27729458
228.20000000 603.55021469
228.20000000 603.55973740
228.10000000 605.22495525
228.10000000 605.22495525
171.90000000 601.35081000
228.10000000 605.22495525
134.40000000 162.22261388
134.40000000 161.28403892
134.40000000 689.86901196
134.40000000 162.22261388
115.60000000 162.83646476
115.60000000 690.47546818
115.60000000 160.98245003
115.60000000 692.22609613
134.40000000 690.94388722
115.60000000 692.22609613
274.60000000 3948.89486132
274.60000000 1815.05027697
284.40000000 341.40746968
274.60000000 3934.28066401
274.60000000 2677.48490091
265.60000000 342.46349289
265.50000000 513.86720115
265.60000000 341.23000258
284.40000000 340.64755405
265.60000000 341.23000258
59.40000000 337.75578122
59.40000000 338.73403955
59.40000000 158.29610169
59.40000000 337.75578122
340.60000000 340.63684880
340.60000000 160.66840066
340.60000000 341.90603182
340.60000000 161.44814196
59.40000000 163.07531939
340.60000000 161.44814196
203.10000000 1969.81053944
204.00000000 1881.60836992
209.40000000 511.44016822
203.10000000 1954.59452495
190.60000000 690.31070929
190.60000000 510.98534750
190.60000000 689.56954249
190.60000000 509.01394718
209.40000000 508.85978197
190.60000000 509.01394718
303.10000000 200.45167538
303.10000000 200.85554042
255.60000000 3426.24969121
303.10000000 200.45167538
96.90000000 202.03279595
96.90000000 549.55478075
96.90000000 198.64066617
96.90000000 552.20376166
255.30000000 3710.24657442
96.90000000 552.20376166
153.10000000 550.23316267
153.10000000 549.75776031
153.10000000 200.82955051
153.10000000 550.23316267
246.90000000 553.63023347
246.90000000 199.84584520
246.90000000 552.12474949
246.90000000 200.02348288
153.10000000 198.87837234
246.90000000 200.02348288
228.10000000 381.59332499
228.10000000 379.25245850
228.10000000 381.59332499
228.10000000 381.59332499
321.80000000 381.63415117
321.80000000 381.63415117
321.80000000 380.32022910
321.80000000 380.32022910
228.10000000 379.25245850
321.80000000 380.32022910
78.10000000 729.16409350
78.10000000 730.55628421
78.10000000 729.16409350
78.10000000 729.16409350
171.90000000 729.45860439
171.90000000 729.45860439
183.90000000 2017.36916608
183.90000000 1996.13217685
78.10000000 730.55628421
183.90000000 1935.85263222
115.60000000 291.93028338
115.60000000 288.21708440
115.60000000 471.82884336
115.60000000 291.93028338
284.40000000 289.28123688
284.40000000 471.56537067
284.40000000 291.36988331
284.40000000 472.08978295
115.60000000 471.32657303
284.40000000 472.08978295
219.40000000 4343.80243941
219.40000000 3862.06054870
265.60000000 122.29560767
219.40000000 4449.77482987
134.40000000 639.41697907
134.40000000 120.33457683
134.40000000 640.69183032
134.40000000 120.93962452
265.60000000 119.88154446
134.40000000 120.93962452
190.60000000 120.43780279
190.60000000 120.77411202
190.60000000 289.39328482
190.60000000 120.43780279
59.40000000 118.34203717
59.40000000 291.98302844
59.40000000 119.12038902
59.40000000 291.58794175
190.60000000 289.99983094
59.40000000 291.58794175
298.20000000 3081.86319784
298.20000000 3695.65018959
218.90000000 3172.36433352
298.50000000 3141.31463418
209.40000000 470.03429938
209.40000000 642.19732742
209.40000000 472.73457401
219.40000000 3399.46085691
219.40000000 5692.90297542
219.40000000 3432.33895254
214.00000000 280.70928063
214.00000000 280.66653678
189.40000000 4072.91857182
214.00000000 280.70928063
251.50000000 281.31747301
189.00000000 3338.35012387
251.50000000 281.26398483
189.30000000 3103.41042828
189.40000000 4040.97108111
189.30000000 3175.16674552
64.00000000 629.70497138
64.00000000 629.59252900
64.00000000 388.40468750
64.00000000 629.70497138
101.50000000 627.63716832
101.50000000 391.50787047
101.50000000 628.41857528
101.50000000 392.08738475
64.00000000 389.50008814
101.50000000 392.08738475
289.00000000 111.50218738
289.00000000 111.62046252
289.00000000 221.22781946
289.00000000 111.50218738
176.50000000 109.76807004
176.50000000 221.28071373
176.50000000 110.33966628
176.50000000 221.29417878
289.00000000 221.85141664
176.50000000 221.29417878
139.00000000 459.17638144
139.00000000 459.36167323
139.00000000 570.96616914
139.00000000 459.17638144
305.30000000 2828.62093760
246.80000000 3052.51471077
304.80000000 2781.69321456
246.40000000 3032.74845829
139.00000000 569.98935110
246.40000000 3076.28107140
176.50000000 190.72751087
176.50000000 191.24694446
176.50000000 649.11281230
176.50000000 190.72751087
139.00000000 190.39140188
139.00000000 649.28368302
139.00000000 189.68092753
139.00000000 648.53089166
176.50000000 649.42798676
139.00000000 648.53089166
259.40000000 3245.83173402
259.70000000 3567.28556565
326.50000000 300.73100023
259.40000000 3569.78616701
259.40000000 3842.91121719
289.00000000 301.74219739
259.70000000 4001.70627869
289.00000000 301.57574327
326.50000000 301.34514816
289.00000000 301.57574327
101.50000000 370.80212580
101.50000000 370.00227140
101.50000000 128.42035944
101.50000000 370.80212580
214.00000000 371.81628085
214.00000000 131.06121344
214.00000000 370.56412291
214.00000000 130.30514935
101.50000000 129.48936444
214.00000000 130.30514935
194.70000000 3395.86965435
194.40000000 3555.68261496
251.50000000 480.43393610
194.70000000 3750.50328902
64.00000000 718.68005533
64.00000000 480.70254121
64.00000000 723.25855731
64.00000000 483.05339973
251.50000000 480.40895257
64.00000000 483.05339973
345.30000000 149.02939607
345.30000000 151.55853823
230.50000000 1344.18292503
345.30000000 149.02939607
157.80000000 152.50138783
157.80000000 610.74449807
157.80000000 152.11250243
157.80000000 610.37818971
230.20000000 900.09273650
157.80000000 610.37818971
195.30000000 502.59355369
195.30000000 501.09488681
195.30000000 260.72764386
195.30000000 502.59355369
279.90000000 3099.69733032
307.80000000 262.50428688
281.20000000 3233.50219543
307.80000000 261.18904308
195.30000000 260.35311183
307.80000000 261.18904308
270.30000000 321.95613529
270.30000000 320.14407420
270.30000000 432.80214343
270.30000000 321.95613529
232.80000000 322.41272242
232.80000000 430.71511036
232.80000000 319.21026472
232.80000000 429.78376580
270.30000000 431.16457494
232.80000000 429.78376580
120.30000000 670.00063733
120.30000000 669.05722308
120.30000000 780.75517041
120.30000000 670.00063733
82.80000000 670.50732498
82.80000000 780.96783495
82.80000000 669.39491201
82.80000000 780.64214486
120.30000000 779.80897987
82.80000000 780.64214486
82.80000000 410.38471762
82.80000000 410.11286904
82.80000000 520.16407151
82.80000000 410.38471762
270.30000000 409.55213651
269.80000000 614.27491971
270.30000000 411.31161844
269.30000000 4068.98937599
82.80000000 519.10400312
269.30000000 4167.33211810
184.80000000 4089.97127012
184.50000000 3951.56587572
232.80000000 172.65603075
184.80000000 4247.51227017
120.30000000 759.32390078
120.30000000 171.34770689
120.30000000 760.84842283
120.30000000 170.53647667
232.80000000 170.69891931
120.30000000 170.53647667
157.80000000 240.05714048
157.80000000 240.11029284
157.80000000 349.63403920
157.80000000 240.05714048
195.30000000 239.95630329
195.30000000 350.81460165
195.30000000 240.12386143
195.30000000 349.86915594
157.80000000 350.85046587
195.30000000 349.86915594
237.50000000 3403.36197234
237.90000000 3192.75492717
200.20000000 1698.65407901
237.30000000 3309.73475544
237.20000000 1479.87173243
199.80000000 3328.53487561
237.80000000 1538.63079108
200.60000000 3492.96089029
200.60000000 1126.94677849
200.60000000 3694.40028351
92.20000000 262.22461302
92.20000000 258.19996405
92.20000000 149.72231956
92.20000000 262.22461302
185.90000000 261.88874274
185.90000000 149.67940360
185.90000000 259.46949422
185.90000000 148.96079351
92.20000000 150.43807107
185.90000000 148.96079351
230.10000000 2578.13185644
230.30000000 4681.79501630
242.20000000 500.60739702
230.10000000 2588.96260175
230.20000000 1873.14169650
280.80000000 3106.10145329
230.30000000 2869.70775909
280.40000000 3493.14159659
246.20000000 561.05917551
280.40000000 3396.67125812
167.20000000 430.65949788
167.20000000 430.94296123
170.40000000 741.88804556
167.20000000 430.65949788
260.90000000 430.77960199
210.00000000 4905.90357209
260.90000000 431.44995686
210.30000000 4519.76185608
170.40000000 736.59545365
210.30000000 4278.50759301
179.90000000 3614.51896320
179.50000000 3700.80566526
317.20000000 320.40133902
179.90000000 3687.20565148
111.00000000 779.37145490
111.00000000 319.88242270
111.00000000 780.98767769
111.00000000 321.05216776
317.20000000 319.95495358
111.00000000 321.05216776
279.70000000 349.96932825
279.70000000 349.75569957
279.70000000 239.78001593
279.70000000 349.96932825
223.40000000 349.99485510
223.40000000 239.58646032
223.40000000 351.63172494
223.40000000 240.51093506
279.70000000 241.05759685
223.40000000 240.51093506
129.70000000 699.67675230
129.70000000 699.44600147
129.70000000 590.07035882
129.70000000 699.67675230
73.50000000 699.16891357
73.50000000 589.41399482
73.50000000 699.14129952
73.50000000 590.65454881
129.70000000 589.85356412
73.50000000 590.65454881
204.70000000 171.39137203
204.70000000 172.39167019
184.80000000 5692.70963684
204.70000000 171.39137203
148.50000000 171.47513544
153.90000000 989.23241850
148.50000000 172.06160659
154.10000000 1017.78382286
184.80000000 7014.28699433
154.10000000 1034.85223984
54.70000000 519.92424242
54.70000000 518.84577922
54.70000000 412.39838059
54.70000000 519.92424242
270.50000000 3300.11984927
298.40000000 410.09334385
270.40000000 3207.61819303
298.40000000 410.67514302
54.70000000 412.93897635
298.40000000 410.67514302
148.50000000 390.07088560
148.50000000 393.37374909
148.50000000 280.71889970
148.50000000 390.07088560
204.70000000 391.81561831
204.70000000 281.09192331
204.70000000 392.38071505
204.70000000 280.65409356
148.50000000 283.35069214
204.70000000 280.65409356
189.70000000 4624.05652251
190.10000000 2332.75232635
222.90000000 3747.83989704
189.70000000 5124.09744012
54.70000000 740.23840188
54.70000000 628.94343434
54.70000000 738.54656926
54.70000000 631.68000000
222.90000000 3158.36267107
54.70000000 631.68000000
73.50000000 220.28563091
73.50000000 221.42642081
73.50000000 460.67134395
73.50000000 220.28563091
129.70000000 220.78125570
129.70000000 462.24244962
129.70000000 220.27398353
129.70000000 459.03713356
73.50000000 461.21454904
129.70000000 459.03713356
223.40000000 571.45534757
233.90000000 1183.07193946
223.40000000 112.22326314
223.40000000 571.45534757
246.40000000 3562.99606160
279.70000000 111.27275071
246.50000000 3965.49394378
279.70000000 111.87095098
223.40000000 112.57873116
279.70000000 111.87095098
260.90000000 130.77813736
260.90000000 130.88894410
260.90000000 369.64664635
260.90000000 130.77813736
167.20000000 130.66969266
167.20000000 369.74657246
167.20000000 130.63405539
167.20000000 369.43526569
260.90000000 369.42369344
167.20000000 369.43526569
111.00000000 482.12725031
111.00000000 479.06632562
111.00000000 719.32477141
111.00000000 482.12725031
291.10000000 2940.14167559
194.80000000 6916.67545600
292.20000000 2954.22223782
194.70000000 3995.53990661
111.00000000 720.93710498
194.70000000 3919.12731676
335.90000000 301.84462405
335.90000000 301.60574418
260.40000000 3283.34004775
335.90000000 301.84462405
242.20000000 301.01043596
242.20000000 540.90989891
242.20000000 300.16998257
242.20000000 540.10979174
260.20000000 3061.38642070
242.20000000 540.10979174
186.00000000 649.68673845
194.00000000 1033.15849675
185.90000000 191.97552801
186.00000000 649.68673845
92.20000000 650.34557036
92.20000000 192.37372527
92.20000000 651.71683453
92.20000000 190.02246615
185.90000000 191.41159659
92.20000000 190.02246615
300.80000000 369.75178696
300.80000000 370.70762651
300.80000000 410.38132339
300.80000000 369.75178696
113.20000000 370.35436961
113.20000000 410.70294162
113.30000000 370.60284312
113.30000000 409.91651949
300.80000000 411.98231159
113.30000000 409.91651949
152.70000000 763.06064980
150.80000000 721.75357909
157.50000000 1099.99115592
152.70000000 759.46235435
194.70000000 3929.42563939
184.90000000 2376.98721928
194.90000000 3187.44702986
184.00000000 1623.59236778
150.80000000 761.24989669
184.00000000 1863.51279576
225.80000000 201.10857553
225.80000000 201.63718278
238.80000000 1876.78533777
225.80000000 201.10857553
338.30000000 201.86080020
242.10000000 1817.67269669
338.20000000 201.38615106
242.00000000 2147.63733501
225.80000000 579.12655959
242.00000000 2346.62015076
75.80000000 552.14615106
75.80000000 550.33593894
75.80000000 228.75645614
75.80000000 552.14615106
188.30000000 550.83441947
188.30000000 231.26786908
188.30000000 550.63964494
188.30000000 231.92999922
75.80000000 230.26075234
188.30000000 231.92999922
113.30000000 108.88416812
113.30000000 109.84556768
113.30000000 321.68074611
113.30000000 108.88416812
300.70000000 111.41642929
300.70000000 319.95648900
300.80000000 111.71629589
300.80000000 322.49133080
113.30000000 319.71686892
300.80000000 322.49133080
266.30000000 491.36286884
263.20000000 461.42139581
209.70000000 5774.63887105
266.10000000 491.25440924
150.80000000 460.35767141
150.80000000 667.79259269
150.80000000 461.76774277
150.80000000 669.90570716
208.90000000 3607.49459774
150.80000000 669.90570716
188.30000000 291.85325951
188.30000000 290.58404105
188.30000000 490.63060905
188.30000000 291.85325951
75.80000000 290.14406334
75.80000000 489.55552009
75.80000000 293.63941126
75.80000000 493.97681044
188.30000000 490.78128814
75.80000000 493.97681044
218.80000000 2208.75013224
219.50000000 2270.63323849
338.20000000 141.12596086
218.70000000 2241.16289504
219.00000000 1918.88399697
225.80000000 141.07344294
219.20000000 1841.24331485
225.80000000 139.90455769
338.20000000 141.20111974
225.80000000 139.90455769
244.60000000 241.61254055
244.60000000 241.61254055
244.60000000 189.59775902
244.60000000 241.61254055
282.00000000 240.36519369
282.00000000 189.75013121
282.00000000 240.36519369
282.00000000 189.75013121
244.60000000 189.59775902
282.00000000 189.75013121
94.60000000 590.58418762
94.60000000 590.58418762
94.60000000 540.20436503
94.60000000 590.58418762
132.10000000 589.60426128
132.10000000 541.98416665
132.10000000 589.60426128
132.10000000 541.98416665
94.60000000 540.20436503
132.10000000 541.98416665
319.50000000 424.52755665
319.90000000 423.96037317
197.90000000 3587.00592196
319.90000000 423.96037317
57.00000000 422.90288812
57.00000000 711.21575598
57.00000000 422.90288812
57.00000000 711.21575598
197.90000000 3529.19857365
57.00000000 711.21575598
174.80000000 1188.32184461
174.80000000 1197.46825190
169.50000000 360.33168477
174.80000000 1195.18655836
182.30000000 5184.32160349
207.00000000 359.97889329
182.30000000 5015.03287166
207.00000000 359.97889329
169.50000000 360.33168477
207.00000000 359.97889329
132.00000000 330.19894728
132.00000000 330.19894728
132.00000000 99.43326755
132.00000000 330.19894728
94.60000000 332.07805203
94.60000000 100.57275079
94.60000000 332.07805203
94.60000000 100.57275079
132.00000000 99.43326755
94.60000000 100.57275079
206.60000000 5343.55677082
206.60000000 5599.82656968
282.00000000 451.01291864
206.60000000 5102.72430187
206.60000000 4999.94831822
244.50000000 451.20644551
206.60000000 5150.02235118
244.50000000 451.20644551
282.00000000 451.01291864
244.50000000 451.20644551
57.10000000 159.83078398
57.10000000 159.83078398
57.10000000 631.81661805
57.10000000 159.83078398
319.50000000 160.34405652
222.90000000 1903.24283840
319.50000000 160.34405652
222.90000000 1113.02846714
57.10000000 631.81661805
222.90000000 1560.79988744
207.00000000 511.25161637
207.00000000 511.25161637
207.00000000 280.38496953
207.00000000 511.25161637
169.60000000 511.11517443
169.60000000 282.72109626
169.60000000 511.11517443
169.60000000 282.72109626
207.00000000 280.38496953
169.60000000 282.72109626
197.60000000 180.63733544
197.60000000 181.51853204
197.60000000 470.73004813
197.60000000 180.63733544
328.90000000 179.71630440
298.50000000 3054.96940825
328.80000000 181.91832469
298.50000000 3442.20653621
197.60000000 471.15368733
298.50000000 3461.91465774
264.80000000 2914.98810178
265.80000000 2741.05851307
347.70000000 121.33097463
264.80000000 3006.25880219
178.90000000 528.82073801
178.90000000 118.62257169
178.90000000 528.99071455
178.90000000 119.88787015
347.60000000 121.02361805
178.90000000 119.88787015
122.60000000 351.57746373
122.60000000 351.04168124
122.60000000 302.27904043
122.60000000 351.57746373
103.90000000 352.26604307
103.90000000 300.91001716
103.90000000 351.99089006
103.90000000 302.57802089
122.60000000 301.72349449
103.90000000 302.57802089
200.40000000 3227.22387224
200.60000000 4114.51943211
216.20000000 3419.90215831
200.40000000 2478.72934638
201.00000000 3608.67912532
216.50000000 3828.38423075
200.60000000 4455.15185914
216.60000000 4507.74760279
216.60000000 4378.22867164
216.60000000 4591.42719150
235.20000000 440.31244402
235.10000000 440.08152236
235.20000000 559.23711056
235.20000000 440.31244402
66.40000000 440.52662884
66.40000000 561.26668963
66.40000000 441.49181366
66.40000000 560.44686241
235.10000000 561.26940599
66.40000000 560.44686241
85.10000000 790.50310175
85.20000000 791.58865413
85.10000000 210.26360791
85.10000000 790.50310175
177.80000000 4589.58852478
216.40000000 212.15402454
177.10000000 4368.65671221
216.40000000 211.27719910
85.20000000 212.74847404
216.40000000 211.27719910
310.20000000 262.37240236
310.10000000 260.47413862
310.20000000 381.63718362
310.20000000 262.37240236
291.30000000 261.44139623
291.30000000 381.84508714
291.40000000 260.21665487
291.40000000 380.03196129
310.10000000 380.23686143
291.40000000 380.03196129
160.20000000 611.98800674
160.10000000 610.60619492
160.20000000 731.30239828
160.20000000 611.98800674
141.30000000 609.48708795
141.30000000 730.21351102
141.40000000 610.31069679
141.40000000 731.15095242
167.30000000 1108.67715507
141.40000000 730.76919567
66.40000000 311.85290716
66.40000000 310.19547716
66.40000000 688.64229288
66.40000000 311.85290716
85.10000000 310.03121634
85.10000000 688.75455312
85.10000000 308.74372842
85.10000000 689.43114162
66.40000000 690.41464332
85.10000000 689.43114162
212.90000000 5127.85475713
213.00000000 5180.48600107
216.40000000 341.01890221
213.10000000 5225.45253650
212.90000000 4895.82717287
235.10000000 341.69125100
213.00000000 4636.10283840
235.10000000 342.84447742
216.40000000 341.98032614
235.10000000 342.84447742
141.40000000 131.05470331
141.40000000 129.40207867
141.40000000 171.47540691
141.40000000 131.05470331
310.10000000 131.71447540
310.10000000 171.81697934
310.20000000 132.98144867
310.20000000 171.44942547
141.40000000 169.94173668
310.20000000 171.44942547
291.40000000 509.88868714
291.30000000 507.84866376
271.10000000 3007.99167537
291.40000000 509.11375857
160.10000000 479.26399440
160.10000000 519.41864799
160.20000000 480.63821118
160.20000000 521.17312342
270.60000000 3107.89652172
160.20000000 521.17312342
328.90000000 220.15143235
328.90000000 220.25787956
179.90000000 3457.15847309
328.90000000 220.15143235
347.60000000 220.79463219
180.20000000 3112.75916078
347.60000000 220.23334499
179.40000000 3020.16352071
178.90000000 3263.76730692
179.40000000 2926.26535772
178.90000000 570.85105927
178.90000000 571.12813036
178.90000000 429.68578756
178.90000000 570.85105927
197.80000000 573.49420993
197.60000000 432.03161366
197.60000000 570.25927531
197.60000000 430.23503910
178.90000000 429.56340659
197.60000000 430.23503910
253.90000000 400.29924131
253.90000000 400.15590650
253.90000000 250.74116948
253.90000000 400.29924131
122.60000000 398.60950570
122.60000000 249.59533468
122.60000000 399.61934159
122.60000000 251.73914370
253.90000000 250.82780496
122.60000000 251.73914370
103.90000000 751.51529216
103.90000000 751.38176014
103.90000000 601.79903482
103.90000000 751.51529216
186.40000000 1305.71599399
233.60000000 3758.43116431
187.20000000 2306.77930091
233.90000000 3690.39041723
103.90000000 601.21824142
233.90000000 3718.48524100
155.50000000 191.21434236
155.50000000 190.23797801
155.50000000 531.32755492
155.50000000 191.21434236
230.50000000 190.28270834
230.50000000 530.52001925
230.40000000 190.75552896
230.40000000 531.34432534
155.50000000 529.29492484
230.40000000 531.34432534
260.40000000 3360.55699485
260.00000000 3447.98270451
305.40000000 181.94436878
260.30000000 3454.11280845
80.50000000 539.13696808
80.50000000 178.65408462
80.40000000 542.00119870
80.40000000 182.83827844
305.50000000 179.74121872
80.40000000 182.83827844
80.50000000 359.13542477
80.50000000 360.70623926
80.50000000 350.03611603
80.50000000 359.13542477
155.50000000 360.38612241
155.50000000 352.03514188
155.40000000 361.29895782
155.40000000 351.20920596
80.50000000 350.92790201
155.40000000 351.20920596
197.80000000 4170.51409730
197.70000000 4966.09542811
200.50000000 4035.01293446
197.80000000 4189.72291622
197.60000000 1985.53378172
200.50000000 1579.67273822
197.70000000 4075.50501639
201.10000000 1252.51511853
201.10000000 4951.70394208
201.10000000 1970.53773684
267.90000000 280.45209414
267.90000000 279.96362362
230.50000000 3842.05631217
267.90000000 280.45209414
192.90000000 279.40991078
192.90000000 609.39248073
193.00000000 282.88541530
197.90000000 734.38104586
230.20000000 4197.17248466
197.90000000 743.54479524
118.00000000 629.67429085
118.00000000 629.50934008
118.00000000 262.73253137
118.00000000 629.67429085
223.20000000 4408.67646146
342.90000000 261.18960681
223.30000000 1446.07380907
343.00000000 260.96200911
118.00000000 261.62937330
343.00000000 260.96200911
342.90000000 102.18727583
343.00000000 100.65308683
318.50000000 2695.38012928
342.90000000 102.18727583
267.90000000 101.76938232
267.90000000 440.67190956
267.90000000 100.32001772
267.90000000 441.21390535
319.70000000 2748.35755825
267.90000000 441.21390535
193.00000000 449.76213423
193.00000000 450.51500112
177.30000000 3592.16884973
193.00000000 449.76213423
117.90000000 450.78099832
117.90000000 791.00107029
118.00000000 450.56487029
118.00000000 790.12784242
177.50000000 5772.23361562
118.00000000 790.12784242
99.20000000 410.99876937
99.20000000 409.79229539
99.20000000 662.46588552
99.20000000 410.99876937
174.20000000 410.96983729
174.20000000 661.02343018
174.20000000 410.49941114
174.20000000 661.98802054
99.20000000 662.02360689
174.20000000 661.98802054
184.70000000 5790.72251881
184.60000000 4085.09266248
249.20000000 311.22055654
184.60000000 7426.70987739
184.60000000 4777.26256795
324.20000000 312.94325497
184.50000000 4161.69289605
324.20000000 310.74169570
249.20000000 310.66809793
324.20000000 310.74169570
174.20000000 230.93379761
174.20000000 231.29906625
174.20000000 131.57403296
174.20000000 230.93379761
249.20000000 231.72526181
249.20000000 132.05327140
249.20000000 231.53400388
249.20000000 131.51939993
174.20000000 130.53861170
249.20000000 131.51939993
242.60000000 3069.93019392
242.00000000 2951.01887701
292.50000000 3166.59011627
242.60000000 3083.88539872
99.20000000 580.75234328
99.20000000 480.97973090
99.20000000 579.56128551
99.20000000 482.41312581
292.60000000 3110.59795853
99.20000000 482.41312581
286.70000000 139.33800504
286.70000000 139.83791095
187.00000000 2603.39729810
286.70000000 139.33800504
211.70000000 139.58355514
187.00000000 4028.20728461
211.70000000 141.19983980
187.30000000 4190.12932484
187.00000000 2708.05642112
187.30000000 4246.05441625
136.70000000 491.01058652
136.70000000 491.01277646
136.70000000 400.35571582
136.70000000 491.01058652
61.70000000 489.50685788
61.70000000 402.95072436
61.70000000 489.50685788
61.70000000 402.61957938
136.70000000 399.60965940
61.70000000 402.61957938
211.70000000 320.32596838
211.70000000 319.97710621
211.70000000 219.62655189
211.70000000 320.32596838
136.70000000 319.99248876
136.70000000 218.44854088
136.70000000 320.40964096
136.70000000 220.01747044
211.70000000 219.53823724
136.70000000 220.01747044
61.70000000 668.85717643
61.70000000 670.14661681
61.70000000 573.82919090
61.70000000 668.85717643
209.00000000 2791.90322301
246.10000000 3519.33791096
209.20000000 3089.62689093
246.90000000 3525.66583469
61.70000000 571.93753116
246.90000000 3685.00749023
333.60000000 340.63081070
333.60000000 341.19654942
333.60000000 371.21360076
333.60000000 340.63081070
127.30000000 339.95516982
127.30000000 371.29229872
127.30000000 340.43675782
127.30000000 369.55293519
333.60000000 371.34328989
127.30000000 369.55293519
195.70000000 1929.36907020
183.60000000 690.20070215
195.00000000 3752.40899918
195.70000000 1904.76178780
203.70000000 3521.88892117
195.00000000 2785.14590931
203.40000000 3174.81996849
194.70000000 1453.98027828
183.60000000 720.73593381
194.70000000 1840.76121333
258.60000000 171.21002149
258.60000000 169.71102335
254.70000000 4244.15069470
258.60000000 171.21002149
202.40000000 171.23825651
202.40000000 550.19972984
202.40000000 169.73960449
202.40000000 549.94372542
254.90000000 1255.40144953
202.40000000 549.94372542
108.60000000 518.29283894
108.50000000 521.01351311
108.60000000 200.02722764
108.60000000 518.29283894
52.30000000 519.57092262
52.30000000 201.25594425
52.30000000 520.00999372
52.30000000 199.14006975
108.50000000 201.22490188
52.30000000 199.14006975
71.10000000 250.96446661
71.10000000 249.55355113
71.10000000 290.99988553
71.10000000 250.96446661
239.80000000 250.73323013
239.80000000 288.92764066
239.90000000 252.11800906
239.90000000 289.97554345
71.10000000 288.89797004
239.90000000 289.97554345
234.40000000 2584.91783402
221.10000000 601.20401598
219.30000000 5041.60738876
234.40000000 2621.71647614
89.80000000 598.96570883
89.80000000 642.10490904
89.90000000 598.47891719
89.90000000 638.68049268
219.10000000 1063.12123986
89.90000000 638.68049268
146.00000000 431.38130000
146.10000000 431.07570060
146.00000000 459.29714377
146.00000000 431.38130000
164.80000000 430.49008825
164.80000000 459.00604392
164.90000000 431.20844366
164.90000000 458.58211163
146.10000000 460.54539493
164.90000000 458.58211163
179.60000000 4187.77130161
179.80000000 3805.89250279
296.10000000 110.68104858
179.60000000 4137.81868521
179.70000000 3753.09915808
314.90000000 109.79880742
179.90000000 3593.86329813
314.90000000 112.08932148
296.10000000 111.57694666
314.90000000 112.08932148
202.30000000 120.35764282
202.30000000 120.04622812
202.30000000 241.33230318
202.30000000 120.35764282
258.60000000 120.50261109
258.60000000 241.16788781
258.60000000 120.29911008
258.60000000 241.40244476
202.30000000 240.62954870
258.60000000 241.40244476
52.30000000 470.84175987
52.30000000 471.94839423
52.30000000 591.43387776
52.30000000 470.84175987
108.50000000 468.87224029
108.50000000 590.17146665
108.60000000 470.65813391
108.60000000 590.87620688
52.30000000 591.20463089
108.60000000 590.87620688
277.40000000 301.52167208
277.30000000 301.93210421
182.30000000 4061.34130456
277.40000000 301.52167208
183.50000000 302.97505756
182.30000000 6073.95626518
183.60000000 300.41790006
182.20000000 5995.20283109
182.20000000 1955.63300535
182.20000000 6022.44010345
127.40000000 651.34866971
127.30000000 652.03698984
127.40000000 418.36998304
127.40000000 651.34866971
216.30000000 1667.71251895
333.70000000 451.88005390
215.50000000 2372.29338152
333.50000000 450.57974333
127.30000000 421.28290567
333.70000000 450.04540898
164.90000000 379.85399211
164.90000000 380.02127651
164.90000000 159.22565870
164.90000000 379.85399211
146.10000000 380.16576807
146.10000000 161.53480242
146.10000000 379.00174793
146.10000000 161.52784720
164.80000000 159.79610183
146.10000000 161.52784720
192.40000000 5883.80098760
192.60000000 5651.46288644
275.10000000 3442.08546791
192.40000000 6008.89939308
192.40000000 1153.25856576
275.00000000 3305.26914588
192.60000000 2321.34942187
274.30000000 3005.52592168
274.20000000 3343.60132548
274.30000000 2968.92542587
89.80000000 212.12092079
89.80000000 211.22275953
89.80000000 681.14055232
89.80000000 212.12092079
221.10000000 209.75770978
206.80000000 3243.91683914
221.00000000 211.90764416
206.50000000 5230.03612692
89.80000000 681.15449562
206.40000000 5193.10876968
239.80000000 563.23015480
239.80000000 561.33009157
239.80000000 331.25306216
239.80000000 563.23015480
71.10000000 561.06179745
71.10000000 332.81757503
71.10000000 559.14863291
71.10000000 328.02346803
239.80000000 330.44442941
71.10000000 328.02346803
107.40000000 331.95989639
107.40000000 331.59232555
107.40000000 569.95894522
107.40000000 331.95989639
123.80000000 330.23449984
123.80000000 570.31374560
123.90000000 330.05654381
123.90000000 571.32344380
107.40000000 568.89991131
123.90000000 571.32344380
206.70000000 3742.00773361
206.60000000 3906.89393994
257.40000000 218.97333718
206.70000000 3731.28304452
206.70000000 3202.89116628
273.80000000 220.77083672
206.40000000 3578.85390262
273.80000000 220.40920549
257.40000000 220.38809492
273.80000000 220.40920549
182.40000000 150.44964055
182.40000000 150.40280555
182.40000000 390.78214219
182.40000000 150.44964055
348.80000000 152.25131610
348.90000000 396.85726484
348.80000000 149.70141586
348.70000000 392.23637110
182.40000000 391.18748178
348.70000000 392.23637110
281.10000000 3295.23173025
280.50000000 3159.74688045
189.40000000 3407.40657757
281.10000000 3244.53160137
198.80000000 499.98766837
189.10000000 2712.27983609
198.80000000 499.55026095
190.00000000 5702.90203857
190.00000000 3862.02851315
190.00000000 5560.37680052
294.90000000 241.38859950
294.90000000 241.26295537
293.20000000 761.44617291
294.90000000 241.38859950
311.30000000 240.57635630
292.40000000 2800.98441023
311.30000000 241.60503270
292.50000000 2706.48629089
292.60000000 822.35619447
292.50000000 2712.87252319
144.90000000 590.48575677
144.90000000 591.07200458
144.90000000 131.02254105
144.90000000 590.49934597
161.40000000 589.51321987
161.40000000 131.45360516
161.30000000 592.09652468
161.30000000 131.28131228
144.90000000 131.19168668
161.30000000 131.28131228
220.00000000 410.58146317
219.90000000 410.18637678
220.00000000 309.95808640
220.00000000 410.58146317
86.30000000 409.72911740
86.30000000 309.30581741
86.40000000 412.83760264
86.40000000 310.10430198
219.90000000 310.28334588
86.40000000 310.10430198
69.90000000 760.55285627
69.90000000 758.66202811
69.90000000 660.49074476
69.90000000 760.55285627
184.00000000 3733.70585523
212.20000000 3764.98061702
184.60000000 6817.77467123
212.70000000 4897.42955333
69.90000000 659.72415741
213.00000000 4642.68721781
126.20000000 110.07162672
126.10000000 110.09766056
126.20000000 790.20307327
126.20000000 110.07162672
292.50000000 109.91933193
177.40000000 4136.98943577
292.50000000 110.80449863
177.60000000 4717.09407119
126.10000000 788.32810209
177.60000000 4717.59874436
276.20000000 461.81897366
284.30000000 711.91734197
276.20000000 441.74570099
276.20000000 461.81897366
142.60000000 460.86524793
142.60000000 440.83413434
142.60000000 461.59855311
142.60000000 441.72423159
278.70000000 463.82858618
142.60000000 441.53966559
51.20000000 280.72522593
51.20000000 279.47834087
51.20000000 261.33731071
51.20000000 280.72522593
67.50000000 282.23217003
67.50000000 261.79034018
67.50000000 277.24396178
67.50000000 258.53197226
51.20000000 261.49621719
67.50000000 258.53197226
201.20000000 630.93277552
201.10000000 629.94731761
201.20000000 609.71203639
201.20000000 630.93277552
217.60000000 633.86511121
217.60000000 610.37057667
217.60000000 635.93512785
217.60000000 610.11372060
201.10000000 610.74966586
217.60000000 610.11372060
238.60000000 369.47966340
238.60000000 371.22777617
200.40000000 3902.53004853
238.60000000 369.47966340
105.10000000 371.27009115
105.10000000 700.10467215
105.00000000 371.34004892
105.00000000 698.18068633
199.60000000 4069.21593951
105.00000000 698.18068633
88.70000000 719.04566402
88.70000000 718.88629004
88.70000000 350.62406083
88.70000000 719.04566402
195.10000000 6224.54643406
255.10000000 351.92399626
194.90000000 4358.60435793
255.10000000 350.42812841
88.70000000 348.95295663
255.10000000 350.42812841
313.70000000 202.52663997
313.70000000 201.11558740
313.70000000 171.60203789
313.70000000 202.52663997
330.00000000 201.66932143
330.00000000 170.87855898
330.10000000 201.50634100
330.10000000 172.14197033
313.70000000 171.88798483
330.10000000 172.14197033
163.70000000 549.79358245
163.70000000 550.42159990
163.70000000 520.70262650
163.70000000 549.79358245
180.10000000 552.15057473
180.10000000 521.11597115
180.10000000 550.79471921
180.10000000 519.48439537
163.70000000 519.53113457
180.10000000 519.48439537
229.20000000 220.53084420
229.30000000 222.20166078
229.20000000 330.93817022
229.20000000 220.53084420
320.70000000 220.79219990
320.70000000 331.04702087
320.70000000 221.45034719
320.70000000 331.49888784
229.30000000 331.26924994
320.70000000 331.49888784
79.30000000 569.34014484
79.30000000 571.73638794
79.30000000 678.94813291
79.30000000 569.34014484
170.70000000 570.87326854
176.50000000 887.79182258
170.70000000 570.89064645
170.70000000 680.47163146
79.30000000 681.08445716
170.70000000 680.47163146
304.30000000 391.06843622
304.30000000 390.57438024
280.20000000 3750.05089121
304.30000000 391.06843622
95.70000000 390.66580692
95.70000000 499.39879386
95.70000000 390.46421358
95.70000000 501.61207117
281.60000000 3062.08827295
95.70000000 501.61207117
154.30000000 738.66364120
160.20000000 991.05985373
154.30000000 149.61267519
154.30000000 738.66364120
189.60000000 3648.81521400
245.70000000 150.96006626
190.20000000 3593.85994328
245.70000000 151.82989033
154.30000000 150.94557022
245.70000000 151.82989033
191.80000000 309.79318222
191.80000000 311.62922963
191.80000000 410.63257405
191.80000000 309.79318222
58.20000000 311.93771930
58.20000000 408.20504117
58.20000000 307.42476135
58.20000000 410.82192700
191.80000000 411.84177227
58.20000000 410.82192700
212.90000000 3692.84001451
212.70000000 3673.37415993
184.70000000 3924.26815099
212.90000000 3687.79566972
212.90000000 4586.39687235
184.70000000 5110.40389725
208.30000000 665.60882405
184.80000000 4275.10924308
184.80000000 3227.32732472
184.80000000 4142.72270577
116.80000000 129.54619156
116.80000000 131.84287941
116.80000000 590.73974243
116.80000000 129.54619156
283.20000000 130.68268052
237.50000000 3900.83969404
283.20000000 129.81996917
237.60000000 3653.25814731
116.80000000 590.40057758
237.60000000 3555.33782652
266.80000000 478.95061107
266.80000000 481.52682168
266.80000000 240.67009581
266.80000000 478.95061107
133.20000000 480.36838481
133.20000000 241.74578840
133.20000000 480.37188413
133.20000000 239.35190574
266.80000000 241.18028392
133.20000000 239.35190574
319.40000000 965.42687800
320.10000000 923.30818310
323.00000000 109.72876478
319.40000000 967.47467077
76.90000000 441.38445970
76.90000000 111.39188618
76.90000000 442.07522039
76.90000000 111.52425175
323.00000000 109.84370507
76.90000000 111.52425175
177.20000000 5462.45166149
177.50000000 5512.64591485
173.00000000 458.76139363
177.30000000 5524.43290612
177.30000000 6100.27792357
226.90000000 460.21726739
177.50000000 7062.68502618
226.90000000 461.64473329
173.10000000 462.34861654
226.90000000 461.64473329
248.00000000 263.38151411
248.00000000 261.77980113
222.90000000 4598.97919717
248.00000000 263.38151411
301.90000000 261.86906470
222.90000000 5450.25136343
301.90000000 261.48374597
222.80000000 3577.86856880
222.80000000 4578.64433731
222.80000000 4325.34361784
98.10000000 610.26139603
98.10000000 610.69324880
98.10000000 279.03149306
98.10000000 610.26139603
151.90000000 609.18405596
151.90000000 281.30715079
151.90000000 610.18988936
151.90000000 280.14857108
98.10000000 279.88250892
151.90000000 280.14857108
60.60000000 171.78129297
60.60000000 171.18822404
60.60000000 201.32226455
60.60000000 171.78129297
339.50000000 169.95734998
339.50000000 200.23098766
339.40000000 170.11440640
339.40000000 200.32117046
60.60000000 200.18728307
339.40000000 200.32117046
210.50000000 520.97770168
210.50000000 520.45140355
212.00000000 569.12491744
210.50000000 520.97770168
189.40000000 521.99364246
189.40000000 549.52365963
189.40000000 521.05582640
189.40000000 550.87945996
212.50000000 574.97062670
189.40000000 550.87945996
135.60000000 350.99249544
135.60000000 350.26558279
135.60000000 719.15836190
135.60000000 350.99249544
114.40000000 351.79124142
114.40000000 718.86870038
114.40000000 351.28541337
114.40000000 718.88588647
135.60000000 719.61089295
114.40000000 718.88588647
199.70000000 2009.56689598
200.20000000 1656.86054498
285.60000000 371.26413339
199.70000000 1672.60574813
199.70000000 3481.23144294
264.40000000 369.76475729
200.40000000 3338.95784345
264.40000000 370.40568355
285.50000000 370.67809336
264.40000000 370.40568355
271.50000000 140.20181432
271.40000000 141.35208190
271.50000000 270.10245256
271.50000000 140.20181432
222.30000000 140.66208317
222.30000000 271.08732206
222.20000000 141.94950825
222.20000000 272.80704353
271.40000000 272.03248378
222.20000000 272.80704353
121.50000000 488.90299153
121.40000000 489.74518211
121.50000000 620.37689222
121.50000000 488.90299153
72.30000000 490.83292146
72.30000000 619.93405766
72.30000000 492.97601052
72.30000000 621.52649152
121.40000000 620.77339417
72.30000000 621.52649152
346.50000000 321.76952151
346.40000000 320.58869755
311.20000000 2929.95807879
346.50000000 321.76952151
147.30000000 320.43797992
147.30000000 450.41059894
147.30000000 321.28451884
147.30000000 450.91762257
312.30000000 3016.45227617
147.30000000 450.91762257
196.50000000 670.34280596
196.40000000 670.21987944
196.50000000 99.75056153
196.50000000 670.34280596
209.50000000 2087.59950390
297.20000000 100.16822779
209.70000000 2093.30860606
297.30000000 100.65962994
196.40000000 99.11224559
297.30000000 100.65962994
158.90000000 399.64761449
159.00000000 399.44678284
158.90000000 359.77343019
158.90000000 399.64761449
184.70000000 400.45182725
184.70000000 360.31680351
184.70000000 400.53709025
184.70000000 360.77531506
159.00000000 361.19782075
184.70000000 360.77531506
187.10000000 3643.73793296
187.10000000 3959.41559035
197.90000000 3758.38520159
187.10000000 3739.96134394
187.10000000 3419.74109305
197.90000000 3392.71128508
186.80000000 3438.66165324
197.30000000 3572.84342300
197.40000000 2907.97321053
197.30000000 3550.95477701
84.00000000 229.47285326
84.00000000 232.25411015
84.00000000 537.50253282
84.00000000 229.47285326
259.70000000 231.95111233
259.00000000 603.65216027
259.80000000 230.07882661
259.90000000 584.26038180
84.00000000 542.15912220
259.90000000 582.97297457
233.90000000 583.12405933
241.40000000 3422.02671291
233.90000000 190.60747722
233.90000000 583.12405933
109.70000000 581.39268858
109.70000000 193.30751449
109.80000000 579.69919835
109.80000000 191.33867450
234.00000000 190.95954359
109.80000000 191.33867450
290.20000000 269.83885525
290.20000000 270.35434980
290.20000000 139.90912129
290.20000000 269.83885525
166.00000000 272.77333477
166.00000000 140.56832916
166.00000000 271.77695676
166.00000000 140.89211215
290.20000000 140.50521036
166.00000000 140.89211215
140.20000000 619.05075095
140.20000000 619.87468530
140.20000000 490.18698586
140.20000000 619.05075095
226.70000000 3242.25417374
286.00000000 3084.80001884
226.60000000 2962.58876957
285.90000000 3584.00822061
140.20000000 490.52181653
285.90000000 3579.92680424
215.20000000 102.44796319
215.20000000 98.93857992
209.90000000 5166.72740516
215.20000000 102.44796319
241.00000000 103.88740922
209.90000000 4558.44233335
241.00000000 101.50984185
209.90000000 4670.31079135
209.90000000 5285.06678278
209.90000000 4532.48249109
65.20000000 450.24654283
65.20000000 450.87920973
65.20000000 319.48829837
65.20000000 450.24654283
91.00000000 449.48976111
91.00000000 321.18131868
91.00000000 449.70681832
91.00000000 320.84949336
65.20000000 321.52817579
91.00000000 320.84949336
102.70000000 191.60087331
102.70000000 191.39822940
102.70000000 230.11979199
102.70000000 191.60087331
203.50000000 189.16264002
203.50000000 228.92647336
203.50000000 190.25659764
203.50000000 229.82994049
102.70000000 230.41891685
203.50000000 229.82994049
259.70000000 3237.05799604
252.60000000 544.31538756
242.10000000 4414.72371640
259.70000000 3272.56353552
53.60000000 540.47648561
53.60000000 580.20064310
53.60000000 540.30313847
53.60000000 579.53567435
241.80000000 4402.32198831
53.60000000 579.53567435
177.70000000 359.28249424
177.70000000 362.02857859
187.30000000 4393.96088043
177.70000000 359.28249424
128.50000000 359.07047232
128.50000000 751.92161908
128.50000000 361.52033050
128.50000000 750.99514656
187.50000000 4418.89468028
128.50000000 750.99514656
197.00000000 3678.46201809
198.20000000 3789.17421072
327.70000000 400.90784543
197.00000000 3815.88900730
197.10000000 2334.83468722
278.50000000 399.76270342
198.10000000 2030.08065894
278.50000000 400.94885968
327.70000000 401.84558250
278.50000000 400.94885968
74.60000000 379.06146607
74.60000000 381.33089412
74.60000000 600.19246847
74.60000000 379.06146607
137.90000000 380.59967093
137.90000000 601.29329420
137.80000000 379.72417954
137.80000000 600.06695771
74.60000000 600.78942817
137.80000000 600.06695771
192.80000000 5130.57394955
192.10000000 4248.37445537
224.60000000 249.88277053
192.80000000 5032.60385595
192.80000000 1501.21221085
287.90000000 252.31243978
192.00000000 1635.35194745
287.80000000 249.90063818
224.60000000 249.87653886
287.80000000 249.90063818
149.60000000 211.84707262
149.60000000 211.53065776
149.60000000 431.10880321
149.60000000 211.84707262
212.90000000 212.16078476
212.90000000 431.52199704
212.90000000 211.29402573
212.90000000 429.99943632
149.60000000 428.96823574
212.90000000 429.99943632
251.10000000 3440.48160717
250.90000000 3815.16975133
180.00000000 4031.40571989
251.10000000 3519.57538772
62.90000000 561.96110471
62.90000000 780.39383721
62.90000000 560.33751389
62.90000000 780.24604455
180.10000000 3679.89490241
62.90000000 780.24604455
337.00000000 121.17597159
337.10000000 121.07081848
276.20000000 3078.08280096
337.00000000 121.17597159
250.40000000 121.03824488
250.40000000 509.80194185
250.40000000 121.63863222
259.40000000 945.24188657
274.50000000 3187.74417408
259.60000000 931.49690174
187.10000000 471.82489675
187.10000000 469.96453093
187.10000000 161.46741220
187.10000000 471.38091179
100.40000000 469.01358153
100.40000000 159.79079208
100.30000000 471.20098548
100.30000000 160.54730285
187.10000000 160.24051481
100.30000000 160.54730285
262.10000000 292.70612848
262.10000000 290.62388350
262.10000000 343.10381117
262.10000000 292.70612848
175.30000000 290.48811052
175.30000000 340.68933454
175.40000000 291.43413771
175.40000000 340.01227485
262.10000000 340.06146533
175.40000000 340.01227485
112.10000000 639.44990276
112.10000000 639.85577283
112.10000000 690.54774785
112.10000000 639.44990276
219.30000000 1021.42982456
202.90000000 3956.44790683
219.20000000 1444.36137915
203.50000000 4408.66221471
112.10000000 690.15656947
203.50000000 4595.83179477
168.30000000 249.96262273
168.40000000 249.92076924
168.30000000 731.14964507
168.30000000 249.96262273
269.10000000 249.75177771
191.90000000 2825.69398214
269.10000000 251.14347101
191.80000000 2473.33570881
168.40000000 731.23537735
191.80000000 1795.17038512
234.20000000 3353.72927191
234.00000000 2876.75622800
318.30000000 381.47446942
234.20000000 3237.88239381
119.10000000 600.28568169
119.10000000 379.34690745
119.10000000 599.45183650
119.10000000 379.31932769
318.30000000 381.45982113
119.10000000 379.31932769
93.30000000 428.25133687
93.30000000 428.81262098
93.30000000 209.93152127
93.30000000 428.25133687
194.10000000 432.32706731
194.10000000 212.46703067
194.10000000 432.23718918
194.10000000 211.07142950
93.30000000 209.24784492
194.10000000 211.07142950
180.30000000 3282.50999374
179.80000000 3234.94715126
243.30000000 562.72424816
180.30000000 3156.28910837
180.30000000 3093.86420123
251.20000000 2621.85645862
180.00000000 3128.55805513
251.10000000 2599.32432653
243.30000000 562.97277662
251.10000000 2729.28416161
205.80000000 340.47390962
205.90000000 340.63648779
205.80000000 638.31696642
205.80000000 340.47390962
156.60000000 338.96719894
156.60000000 641.04734810
156.70000000 339.11509802
156.70000000 639.19426935
205.90000000 640.29699879
156.70000000 639.19426935
55.80000000 689.77487241
55.80000000 689.92903964
55.80000000 287.46028139
55.80000000 689.77487241
203.20000000 1595.94235292
306.60000000 291.79125684
203.60000000 3721.81553751
306.70000000 290.69825474
55.80000000 291.69190021
306.70000000 290.69825474
280.80000000 161.58205158
280.90000000 161.42626895
280.80000000 119.62967187
280.80000000 161.58205158
231.60000000 160.30618082
231.60000000 120.83440263
231.70000000 162.22260399
231.70000000 121.00640498
280.90000000 120.82491366
231.70000000 121.00640498
130.90000000 509.96799190
130.90000000 510.90556213
130.90000000 471.76793790
130.90000000 509.96799190
81.60000000 509.58081190
81.60000000 470.74105056
81.60000000 511.65135864
81.60000000 471.70002016
130.90000000 470.09342631
81.60000000 471.70002016
320.70000000 228.41680179
320.60000000 229.14756685
199.80000000 3825.77195574
320.70000000 228.41680179
60.60000000 232.66773297
60.60000000 701.83054380
60.50000000 231.86988037
60.50000000 701.36723597
200.20000000 3621.77699662
60.50000000 701.36723597
170.70000000 579.21124159
170.70000000 579.74898236
170.70000000 349.75180715
170.70000000 579.21124159
210.60000000 581.50679262
210.60000000 350.15554073
217.40000000 826.32530091
210.60000000 352.07320435
170.70000000 350.87421578
210.60000000 352.07320435
245.70000000 410.76271620
245.70000000 409.80251917
245.70000000 181.50619997
245.70000000 410.76271620
285.60000000 411.68209605
285.60000000 182.09094059
285.60000000 409.28976387
285.60000000 180.77497249
245.70000000 178.53831695
285.60000000 180.77497249
95.70000000 760.46434802
95.70000000 760.33567326
95.70000000 533.18157121
95.70000000 760.46434802
135.60000000 759.36719974
135.60000000 530.34084782
135.50000000 760.60320428
135.50000000 530.04088877
95.70000000 532.78241411
135.50000000 530.04088877
58.20000000 323.11827084
58.20000000 321.10081172
58.20000000 791.51062552
58.20000000 323.11827084
323.00000000 320.76839393
177.50000000 3354.11165311
323.00000000 320.59676730
177.50000000 3514.50781052
58.20000000 790.45894214
177.50000000 3414.42812507
209.70000000 5169.33581108
209.80000000 5160.14328542
208.20000000 442.36836961
209.70000000 5323.62511108
178.50000000 873.95893395
173.00000000 439.83428294
178.30000000 862.40351007
173.10000000 438.52202137
208.20000000 441.14389169
173.10000000 438.52202137
133.20000000 149.04918400
133.20000000 150.73427809
133.20000000 270.17628614
133.20000000 149.04918400
98.00000000 150.16027938
98.00000000 269.97793556
98.00000000 151.06898177
98.00000000 272.49945893
133.20000000 272.42176261
98.00000000 272.49945893
281.30000000 925.99848275
281.40000000 854.33791619
226.30000000 3550.44383515
281.30000000 925.88200106
248.00000000 501.37822188
226.20000000 3596.94300483
248.10000000 500.46305576
226.70000000 3443.13556630
226.60000000 3588.69408452
226.70000000 3535.92397325
