100.0000 10.0000 0.0000 65.0000
100.0000 10.0000 0.0000 65.0000
100.0000 10.0000 0.0000 65.0000
100.0000 10.0000 0.0000 65.0000
100.0000 10.0000 0.0000 65.0000
100.0000 10.0000 0.0000 65.0000
100.0000 10.0000 0.0000 65.0000
100.0000 10.0000 0.0000 65.0000
100.0000 10.0000 0.0000 65.0000
100.0000 10.0000 0.0000 65.0000
400.0000 45.0000 0.5000 92.5000
400.0000 45.0000 0.5000 92.5000
400.0000 45.0000 0.5000 92.5000
400.0000 45.0000 0.5000 92.5000
400.0000 45.0000 0.5000 92.5000
400.0000 45.0000 0.5000 92.5000
400.0000 45.0000 0.5000 92.5000
400.0000 45.0000 0.5000 92.5000
400.0000 45.0000 0.5000 92.5000
400.0000 45.0000 0.5000 92.5000
550.0000 27.5000 0.2500 78.7500
550.0000 27.5000 0.2500 78.7500
550.0000 62.5000 0.2500 78.7500
550.0000 27.5000 0.2500 78.7500
550.0000 27.5000 0.2500 106.2500
550.0000 62.5000 0.2500 106.2500
550.0000 27.5000 0.2500 106.2500
550.0000 62.5000 0.2500 106.2500
550.0000 62.5000 0.2500 78.7500
550.0000 62.5000 0.2500 106.2500
250.0000 62.5000 0.7500 106.2500
250.0000 62.5000 0.7500 106.2500
250.0000 27.5000 0.7500 106.2500
250.0000 62.5000 0.7500 106.2500
250.0000 62.5000 0.7500 78.7500
250.0000 27.5000 0.7500 78.7500
250.0000 62.5000 0.7500 78.7500
250.0000 27.5000 0.7500 78.7500
250.0000 27.5000 0.7500 106.2500
250.0000 27.5000 0.7500 78.7500
325.0000 36.2500 0.6250 113.1250
325.0000 36.2500 0.6250 113.1250
325.0000 18.7500 0.6250 113.1250
325.0000 36.2500 0.3750 113.1250
325.0000 36.2500 0.6250 113.1250
325.0000 18.7500 0.3750 113.1250
325.0000 36.2500 0.3750 113.1250
325.0000 18.7500 0.6250 113.1250
325.0000 18.7500 0.3750 113.1250
325.0000 18.7500 0.3750 113.1250
625.0000 71.2500 0.1250 85.6250
625.0000 71.2500 0.1250 85.6250
625.0000 53.7500 0.1250 85.6250
625.0000 71.2500 0.8750 85.6250
625.0000 71.2500 0.1250 85.6250
625.0000 53.7500 0.8750 85.6250
625.0000 71.2500 0.8750 85.6250
625.0000 53.7500 0.1250 85.6250
625.0000 53.7500 0.8750 85.6250
625.0000 53.7500 0.8750 85.6250
475.0000 18.7500 0.8750 99.3750
475.0000 18.7500 0.8750 99.3750
475.0000 71.2500 0.8750 99.3750
475.0000 18.7500 0.1250 99.3750
475.0000 18.7500 0.8750 71.8750
475.0000 71.2500 0.1250 71.8750
475.0000 18.7500 0.1250 71.8750
475.0000 71.2500 0.8750 71.8750
475.0000 71.2500 0.1250 99.3750
475.0000 71.2500 0.1250 71.8750
175.0000 53.7500 0.3750 71.8750
175.0000 53.7500 0.3750 71.8750
175.0000 36.2500 0.3750 71.8750
175.0000 53.7500 0.6250 71.8750
175.0000 53.7500 0.3750 99.3750
175.0000 36.2500 0.6250 99.3750
175.0000 53.7500 0.6250 99.3750
175.0000 36.2500 0.3750 99.3750
175.0000 36.2500 0.6250 71.8750
175.0000 36.2500 0.6250 99.3750
212.5000 31.8750 0.9375 89.0625
437.5000 31.8750 0.9375 89.0625
212.5000 31.8750 0.9375 89.0625
212.5000 31.8750 0.4375 89.0625
212.5000 31.8750 0.9375 116.5625
212.5000 31.8750 0.4375 116.5625
437.5000 31.8750 0.4375 116.5625
437.5000 31.8750 0.9375 116.5625
437.5000 31.8750 0.4375 89.0625
437.5000 31.8750 0.4375 116.5625
512.5000 66.8750 0.4375 116.5625
137.5000 66.8750 0.4375 116.5625
512.5000 66.8750 0.4375 116.5625
512.5000 66.8750 0.9375 116.5625
512.5000 66.8750 0.4375 89.0625
512.5000 66.8750 0.9375 89.0625
137.5000 66.8750 0.9375 89.0625
137.5000 66.8750 0.4375 89.0625
137.5000 66.8750 0.9375 116.5625
137.5000 66.8750 0.9375 89.0625
662.5000 14.3750 0.6875 75.3125
287.5000 14.3750 0.6875 75.3125
662.5000 49.3750 0.6875 75.3125
662.5000 14.3750 0.1875 75.3125
662.5000 14.3750 0.6875 75.3125
662.5000 49.3750 0.1875 75.3125
287.5000 14.3750 0.1875 75.3125
287.5000 49.3750 0.6875 75.3125
287.5000 49.3750 0.1875 75.3125
287.5000 49.3750 0.1875 75.3125
362.5000 49.3750 0.1875 102.8125
587.5000 49.3750 0.1875 102.8125
362.5000 14.3750 0.1875 102.8125
362.5000 49.3750 0.6875 102.8125
362.5000 49.3750 0.1875 102.8125
362.5000 14.3750 0.6875 102.8125
587.5000 49.3750 0.6875 102.8125
587.5000 14.3750 0.1875 102.8125
587.5000 14.3750 0.6875 102.8125
587.5000 14.3750 0.6875 102.8125
287.5000 23.1250 0.3125 95.9375
662.5000 23.1250 0.3125 95.9375
287.5000 40.6250 0.3125 95.9375
287.5000 23.1250 0.0625 95.9375
287.5000 23.1250 0.3125 68.4375
287.5000 40.6250 0.0625 68.4375
662.5000 23.1250 0.0625 68.4375
662.5000 40.6250 0.3125 68.4375
662.5000 40.6250 0.0625 95.9375
662.5000 40.6250 0.0625 68.4375
587.5000 58.1250 0.8125 68.4375
362.5000 58.1250 0.8125 68.4375
587.5000 75.6250 0.8125 68.4375
587.5000 58.1250 0.5625 68.4375
587.5000 58.1250 0.8125 95.9375
587.5000 75.6250 0.5625 95.9375
362.5000 58.1250 0.5625 95.9375
362.5000 75.6250 0.8125 95.9375
362.5000 75.6250 0.5625 68.4375
362.5000 75.6250 0.5625 95.9375
437.5000 40.6250 0.0625 109.6875
212.5000 40.6250 0.0625 109.6875
437.5000 58.1250 0.0625 109.6875
437.5000 40.6250 0.3125 109.6875
437.5000 40.6250 0.0625 109.6875
437.5000 58.1250 0.3125 109.6875
212.5000 40.6250 0.3125 109.6875
212.5000 58.1250 0.0625 109.6875
212.5000 58.1250 0.3125 109.6875
212.5000 58.1250 0.3125 109.6875
137.5000 75.6250 0.5625 82.1875
512.5000 75.6250 0.5625 82.1875
137.5000 23.1250 0.5625 82.1875
137.5000 75.6250 0.8125 82.1875
137.5000 75.6250 0.5625 82.1875
137.5000 23.1250 0.8125 82.1875
512.5000 75.6250 0.8125 82.1875
512.5000 23.1250 0.5625 82.1875
512.5000 23.1250 0.8125 82.1875
512.5000 23.1250 0.8125 82.1875
156.2500 42.8125 0.4688 101.0938
268.7500 42.8125 0.4688 101.0938
156.2500 77.8125 0.4688 101.0938
156.2500 42.8125 0.5312 101.0938
156.2500 42.8125 0.4688 111.4062
156.2500 77.8125 0.5312 111.4062
268.7500 42.8125 0.5312 111.4062
268.7500 77.8125 0.4688 111.4062
268.7500 77.8125 0.5312 101.0938
268.7500 77.8125 0.5312 111.4062
456.2500 77.8125 0.9688 73.5938
568.7500 77.8125 0.9688 73.5938
456.2500 42.8125 0.9688 73.5938
456.2500 77.8125 0.0312 73.5938
456.2500 77.8125 0.9688 83.9062
456.2500 42.8125 0.0312 83.9062
568.7500 77.8125 0.0312 83.9062
568.7500 42.8125 0.9688 83.9062
568.7500 42.8125 0.0312 73.5938
568.7500 42.8125 0.0312 83.9062
606.2500 25.3125 0.2188 114.8438
418.7500 25.3125 0.2188 114.8438
606.2500 25.3125 0.2188 114.8438
606.2500 25.3125 0.7812 114.8438
606.2500 25.3125 0.2188 70.1562
606.2500 25.3125 0.7812 70.1562
418.7500 25.3125 0.7812 70.1562
418.7500 25.3125 0.2188 70.1562
418.7500 25.3125 0.7812 114.8438
418.7500 25.3125 0.7812 70.1562
306.2500 60.3125 0.7188 87.3438
118.7500 60.3125 0.7188 87.3438
306.2500 60.3125 0.7188 87.3438
306.2500 60.3125 0.2812 87.3438
306.2500 60.3125 0.7188 97.6562
306.2500 60.3125 0.2812 97.6562
118.7500 60.3125 0.2812 97.6562
118.7500 60.3125 0.7188 97.6562
118.7500 60.3125 0.2812 87.3438
118.7500 60.3125 0.2812 97.6562
381.2500 16.5625 0.8438 80.4688
193.7500 16.5625 0.8438 80.4688
381.2500 69.0625 0.8438 80.4688
381.2500 16.5625 0.9062 80.4688
381.2500 16.5625 0.8438 77.0312
381.2500 69.0625 0.9062 77.0312
193.7500 16.5625 0.9062 77.0312
193.7500 69.0625 0.8438 77.0312
193.7500 69.0625 0.9062 80.4688
193.7500 69.0625 0.9062 77.0312
681.2500 51.5625 0.3438 107.9688
493.7500 51.5625 0.3438 107.9688
681.2500 34.0625 0.3438 107.9688
681.2500 51.5625 0.4062 107.9688
681.2500 51.5625 0.3438 104.5312
681.2500 34.0625 0.4062 104.5312
493.7500 51.5625 0.4062 104.5312
493.7500 34.0625 0.3438 104.5312
493.7500 34.0625 0.4062 107.9688
493.7500 34.0625 0.4062 104.5312
531.2500 34.0625 0.5938 66.7188
643.7500 34.0625 0.5938 66.7188
531.2500 16.5625 0.5938 66.7188
531.2500 34.0625 0.6562 66.7188
531.2500 34.0625 0.5938 118.2812
531.2500 16.5625 0.6562 118.2812
643.7500 34.0625 0.6562 118.2812
643.7500 16.5625 0.5938 118.2812
643.7500 16.5625 0.6562 66.7188
643.7500 16.5625 0.6562 118.2812
231.2500 69.0625 0.0938 94.2188
343.7500 69.0625 0.0938 94.2188
231.2500 51.5625 0.0938 94.2188
231.2500 69.0625 0.1562 94.2188
231.2500 69.0625 0.0938 90.7812
231.2500 51.5625 0.1562 90.7812
343.7500 69.0625 0.1562 90.7812
343.7500 51.5625 0.0938 90.7812
343.7500 51.5625 0.1562 94.2188
343.7500 51.5625 0.1562 90.7812
193.7500 20.9375 0.5312 111.4062
606.2500 20.9375 0.5312 111.4062
193.7500 55.9375 0.5312 111.4062
193.7500 20.9375 0.9688 111.4062
193.7500 20.9375 0.5312 73.5938
193.7500 55.9375 0.9688 73.5938
606.2500 20.9375 0.9688 73.5938
606.2500 55.9375 0.5312 73.5938
606.2500 55.9375 0.9688 111.4062
606.2500 55.9375 0.9688 73.5938
493.7500 55.9375 0.0312 83.9062
306.2500 55.9375 0.0312 83.9062
493.7500 20.9375 0.0312 83.9062
493.7500 55.9375 0.4688 83.9062
493.7500 55.9375 0.0312 101.0938
493.7500 20.9375 0.4688 101.0938
306.2500 55.9375 0.4688 101.0938
306.2500 20.9375 0.0312 101.0938
306.2500 20.9375 0.4688 83.9062
306.2500 20.9375 0.4688 101.0938
643.7500 38.4375 0.7812 97.6562
156.2500 38.4375 0.7812 97.6562
643.7500 38.4375 0.7812 97.6562
643.7500 38.4375 0.7188 97.6562
643.7500 38.4375 0.7812 114.8438
643.7500 38.4375 0.7188 114.8438
156.2500 38.4375 0.7188 114.8438
156.2500 38.4375 0.7812 114.8438
156.2500 38.4375 0.7188 97.6562
156.2500 38.4375 0.7188 114.8438
343.7500 73.4375 0.2812 70.1562
456.2500 73.4375 0.2812 70.1562
343.7500 73.4375 0.2812 70.1562
343.7500 73.4375 0.2188 70.1562
343.7500 73.4375 0.2812 87.3438
343.7500 73.4375 0.2188 87.3438
456.2500 73.4375 0.2188 87.3438
456.2500 73.4375 0.2812 87.3438
456.2500 73.4375 0.2188 70.1562
456.2500 73.4375 0.2188 87.3438
268.7500 29.6875 0.1562 77.0312
531.2500 29.6875 0.1562 77.0312
268.7500 47.1875 0.1562 77.0312
268.7500 29.6875 0.5938 77.0312
268.7500 29.6875 0.1562 107.9688
268.7500 47.1875 0.5938 107.9688
531.2500 29.6875 0.5938 107.9688
531.2500 47.1875 0.1562 107.9688
531.2500 47.1875 0.5938 77.0312
531.2500 47.1875 0.5938 107.9688
568.7500 64.6875 0.6562 104.5312
231.2500 64.6875 0.6562 104.5312
568.7500 12.1875 0.6562 104.5312
568.7500 64.6875 0.0938 104.5312
568.7500 64.6875 0.6562 80.4688
568.7500 12.1875 0.0938 80.4688
231.2500 64.6875 0.0938 80.4688
231.2500 12.1875 0.6562 80.4688
231.2500 12.1875 0.0938 104.5312
231.2500 12.1875 0.0938 80.4688
418.7500 12.1875 0.4062 90.7812
381.2500 12.1875 0.4062 90.7812
418.7500 29.6875 0.4062 90.7812
418.7500 12.1875 0.8438 90.7812
418.7500 12.1875 0.4062 66.7188
418.7500 29.6875 0.8438 66.7188
381.2500 12.1875 0.8438 66.7188
381.2500 29.6875 0.4062 66.7188
381.2500 29.6875 0.8438 90.7812
381.2500 29.6875 0.8438 66.7188
118.7500 47.1875 0.9062 118.2812
681.2500 47.1875 0.9062 118.2812
118.7500 64.6875 0.9062 118.2812
118.7500 47.1875 0.3438 118.2812
118.7500 47.1875 0.9062 94.2188
118.7500 64.6875 0.3438 94.2188
681.2500 47.1875 0.3438 94.2188
681.2500 64.6875 0.9062 94.2188
681.2500 64.6875 0.3438 118.2812
681.2500 64.6875 0.3438 94.2188
128.1250 28.5938 0.7031 95.0781
184.3750 28.5938 0.7031 95.0781
128.1250 74.5312 0.7031 95.0781
128.1250 28.5938 0.7969 95.0781
128.1250 28.5938 0.7031 101.9531
128.1250 74.5312 0.7969 101.9531
184.3750 28.5938 0.7969 101.9531
184.3750 74.5312 0.7031 101.9531
184.3750 74.5312 0.7969 95.0781
184.3750 74.5312 0.7969 101.9531
428.1250 63.5938 0.2031 67.5781
484.3750 63.5938 0.2031 67.5781
428.1250 39.5312 0.2031 67.5781
428.1250 63.5938 0.2969 67.5781
428.1250 63.5938 0.2031 74.4531
428.1250 39.5312 0.2969 74.4531
484.3750 63.5938 0.2969 74.4531
484.3750 39.5312 0.2031 74.4531
484.3750 39.5312 0.2969 67.5781
484.3750 39.5312 0.2969 74.4531
578.1250 11.0938 0.9531 108.8281
634.3750 11.0938 0.9531 108.8281
578.1250 22.0312 0.9531 108.8281
578.1250 11.0938 0.5469 108.8281
578.1250 11.0938 0.9531 88.2031
578.1250 22.0312 0.5469 88.2031
634.3750 11.0938 0.5469 88.2031
634.3750 22.0312 0.9531 88.2031
634.3750 22.0312 0.5469 108.8281
634.3750 22.0312 0.5469 88.2031
278.1250 46.0938 0.4531 81.3281
334.3750 46.0938 0.4531 81.3281
278.1250 57.0312 0.4531 81.3281
278.1250 46.0938 0.0469 81.3281
278.1250 46.0938 0.4531 115.7031
278.1250 57.0312 0.0469 115.7031
334.3750 46.0938 0.0469 115.7031
334.3750 57.0312 0.4531 115.7031
334.3750 57.0312 0.0469 81.3281
334.3750 57.0312 0.0469 115.7031
353.1250 19.8438 0.0781 88.2031
259.3750 19.8438 0.0781 88.2031
353.1250 65.7812 0.0781 88.2031
353.1250 19.8438 0.6719 88.2031
353.1250 19.8438 0.0781 81.3281
353.1250 65.7812 0.6719 81.3281
259.3750 19.8438 0.6719 81.3281
259.3750 65.7812 0.0781 81.3281
259.3750 65.7812 0.6719 88.2031
259.3750 65.7812 0.6719 81.3281
653.1250 54.8438 0.5781 115.7031
559.3750 54.8438 0.5781 115.7031
653.1250 30.7812 0.5781 115.7031
653.1250 54.8438 0.1719 115.7031
653.1250 54.8438 0.5781 108.8281
653.1250 30.7812 0.1719 108.8281
559.3750 54.8438 0.1719 108.8281
559.3750 30.7812 0.5781 108.8281
559.3750 30.7812 0.1719 115.7031
559.3750 30.7812 0.1719 108.8281
503.1250 37.3438 0.3281 74.4531
409.3750 37.3438 0.3281 74.4531
503.1250 13.2812 0.3281 74.4531
503.1250 37.3438 0.9219 74.4531
503.1250 37.3438 0.3281 95.0781
503.1250 13.2812 0.9219 95.0781
409.3750 37.3438 0.9219 95.0781
409.3750 13.2812 0.3281 95.0781
409.3750 13.2812 0.9219 74.4531
409.3750 13.2812 0.9219 95.0781
203.1250 72.3438 0.8281 101.9531
109.3750 72.3438 0.8281 101.9531
203.1250 48.2812 0.8281 101.9531
203.1250 72.3438 0.4219 101.9531
203.1250 72.3438 0.8281 67.5781
203.1250 48.2812 0.4219 67.5781
109.3750 72.3438 0.4219 67.5781
109.3750 48.2812 0.8281 67.5781
109.3750 48.2812 0.4219 101.9531
109.3750 48.2812 0.4219 67.5781
240.6250 15.4688 0.2656 119.1406
521.8750 15.4688 0.2656 119.1406
240.6250 61.4062 0.2656 119.1406
240.6250 15.4688 0.7344 119.1406
240.6250 15.4688 0.2656 84.7656
240.6250 61.4062 0.7344 84.7656
521.8750 15.4688 0.7344 84.7656
521.8750 61.4062 0.2656 84.7656
521.8750 61.4062 0.7344 119.1406
521.8750 61.4062 0.7344 84.7656
540.6250 50.4688 0.7656 91.6406
221.8750 50.4688 0.7656 91.6406
540.6250 26.4062 0.7656 91.6406
540.6250 50.4688 0.2344 91.6406
540.6250 50.4688 0.7656 112.2656
540.6250 26.4062 0.2344 112.2656
221.8750 50.4688 0.2344 112.2656
221.8750 26.4062 0.7656 112.2656
221.8750 26.4062 0.2344 91.6406
221.8750 26.4062 0.2344 112.2656
690.6250 32.9688 0.0156 105.3906
371.8750 32.9688 0.0156 105.3906
690.6250 43.9062 0.0156 105.3906
690.6250 32.9688 0.9844 105.3906
690.6250 32.9688 0.0156 98.5156
690.6250 43.9062 0.9844 98.5156
371.8750 32.9688 0.9844 98.5156
371.8750 43.9062 0.0156 98.5156
371.8750 43.9062 0.9844 105.3906
371.8750 43.9062 0.9844 98.5156
390.6250 67.9688 0.5156 77.8906
671.8750 67.9688 0.5156 77.8906
390.6250 78.9062 0.5156 77.8906
390.6250 67.9688 0.4844 77.8906
390.6250 67.9688 0.5156 71.0156
390.6250 78.9062 0.4844 71.0156
671.8750 67.9688 0.4844 71.0156
671.8750 78.9062 0.5156 71.0156
671.8750 78.9062 0.4844 77.8906
671.8750 78.9062 0.4844 71.0156
315.6250 41.7188 0.8906 71.0156
596.8750 41.7188 0.8906 71.0156
315.6250 52.6562 0.8906 71.0156
315.6250 41.7188 0.8594 71.0156
315.6250 41.7188 0.8906 105.3906
315.6250 52.6562 0.8594 105.3906
596.8750 41.7188 0.8594 105.3906
596.8750 52.6562 0.8906 105.3906
596.8750 52.6562 0.8594 71.0156
596.8750 52.6562 0.8594 105.3906
615.6250 76.7188 0.3906 98.5156
296.8750 76.7188 0.3906 98.5156
615.6250 17.6562 0.3906 98.5156
615.6250 76.7188 0.3594 98.5156
615.6250 76.7188 0.3906 77.8906
615.6250 17.6562 0.3594 77.8906
296.8750 76.7188 0.3594 77.8906
296.8750 17.6562 0.3906 77.8906
296.8750 17.6562 0.3594 98.5156
296.8750 17.6562 0.3594 77.8906
465.6250 24.2188 0.6406 84.7656
146.8750 24.2188 0.6406 84.7656
465.6250 35.1562 0.6406 84.7656
465.6250 24.2188 0.6094 84.7656
465.6250 24.2188 0.6406 91.6406
465.6250 35.1562 0.6094 91.6406
146.8750 24.2188 0.6094 91.6406
146.8750 35.1562 0.6406 91.6406
146.8750 35.1562 0.6094 84.7656
146.8750 35.1562 0.6094 91.6406
165.6250 59.2188 0.1406 112.2656
446.8750 59.2188 0.1406 112.2656
165.6250 70.1562 0.1406 112.2656
165.6250 59.2188 0.1094 112.2656
165.6250 59.2188 0.1406 119.1406
165.6250 70.1562 0.1094 119.1406
446.8750 59.2188 0.1094 119.1406
446.8750 70.1562 0.1406 119.1406
446.8750 70.1562 0.1094 112.2656
446.8750 70.1562 0.1094 119.1406
146.8750 26.4062 0.7969 72.7344
353.1250 26.4062 0.7969 72.7344
146.8750 15.4688 0.7969 72.7344
146.8750 26.4062 0.2656 72.7344
146.8750 26.4062 0.7969 89.9219
146.8750 15.4688 0.2656 89.9219
353.1250 26.4062 0.2656 89.9219
353.1250 15.4688 0.7969 89.9219
353.1250 15.4688 0.2656 72.7344
353.1250 15.4688 0.2656 89.9219
446.8750 61.4062 0.2969 100.2344
653.1250 61.4062 0.2969 100.2344
446.8750 50.4688 0.2969 100.2344
446.8750 61.4062 0.7656 100.2344
446.8750 61.4062 0.2969 117.4219
446.8750 50.4688 0.7656 117.4219
653.1250 61.4062 0.7656 117.4219
653.1250 50.4688 0.2969 117.4219
653.1250 50.4688 0.7656 100.2344
653.1250 50.4688 0.7656 117.4219
596.8750 43.9062 0.5469 86.4844
503.1250 43.9062 0.5469 86.4844
596.8750 67.9688 0.5469 86.4844
596.8750 43.9062 0.0156 86.4844
596.8750 43.9062 0.5469 103.6719
596.8750 67.9688 0.0156 103.6719
503.1250 43.9062 0.0156 103.6719
503.1250 67.9688 0.5469 103.6719
503.1250 67.9688 0.0156 86.4844
503.1250 67.9688 0.0156 103.6719
296.8750 78.9062 0.0469 113.9844
203.1250 78.9062 0.0469 113.9844
296.8750 32.9688 0.0469 113.9844
296.8750 78.9062 0.5156 113.9844
296.8750 78.9062 0.0469 76.1719
296.8750 32.9688 0.5156 76.1719
203.1250 78.9062 0.5156 76.1719
203.1250 32.9688 0.0469 76.1719
203.1250 32.9688 0.5156 113.9844
203.1250 32.9688 0.5156 76.1719
371.8750 35.1562 0.4219 107.1094
128.1250 35.1562 0.4219 107.1094
371.8750 24.2188 0.4219 107.1094
371.8750 35.1562 0.1406 107.1094
371.8750 35.1562 0.4219 96.7969
371.8750 24.2188 0.1406 96.7969
128.1250 35.1562 0.1406 96.7969
128.1250 24.2188 0.4219 96.7969
128.1250 24.2188 0.1406 107.1094
128.1250 24.2188 0.1406 96.7969
671.8750 70.1562 0.9219 79.6094
428.1250 70.1562 0.9219 79.6094
671.8750 59.2188 0.9219 79.6094
671.8750 70.1562 0.6406 79.6094
671.8750 70.1562 0.9219 69.2969
671.8750 59.2188 0.6406 69.2969
428.1250 70.1562 0.6406 69.2969
428.1250 59.2188 0.9219 69.2969
428.1250 59.2188 0.6406 79.6094
428.1250 59.2188 0.6406 69.2969
521.8750 17.6562 0.1719 93.3594
578.1250 17.6562 0.1719 93.3594
521.8750 76.7188 0.1719 93.3594
521.8750 17.6562 0.3906 93.3594
521.8750 17.6562 0.1719 83.0469
521.8750 76.7188 0.3906 83.0469
578.1250 17.6562 0.3906 83.0469
578.1250 76.7188 0.1719 83.0469
578.1250 76.7188 0.3906 93.3594
578.1250 76.7188 0.3906 83.0469
221.8750 52.6562 0.6719 65.8594
278.1250 52.6562 0.6719 65.8594
221.8750 41.7188 0.6719 65.8594
221.8750 52.6562 0.8906 65.8594
221.8750 52.6562 0.6719 110.5469
221.8750 41.7188 0.8906 110.5469
278.1250 52.6562 0.8906 110.5469
278.1250 41.7188 0.6719 110.5469
278.1250 41.7188 0.8906 65.8594
278.1250 41.7188 0.8906 110.5469
184.3750 39.5312 0.2344 83.0469
690.6250 39.5312 0.2344 83.0469
184.3750 28.5938 0.2344 83.0469
184.3750 39.5312 0.2031 83.0469
184.3750 39.5312 0.2344 93.3594
184.3750 28.5938 0.2031 93.3594
690.6250 39.5312 0.2031 93.3594
690.6250 28.5938 0.2344 93.3594
690.6250 28.5938 0.2031 83.0469
690.6250 28.5938 0.2031 93.3594
484.3750 74.5312 0.7344 110.5469
390.6250 74.5312 0.7344 110.5469
484.3750 63.5938 0.7344 110.5469
484.3750 74.5312 0.7031 110.5469
484.3750 74.5312 0.7344 65.8594
484.3750 63.5938 0.7031 65.8594
390.6250 74.5312 0.7031 65.8594
390.6250 63.5938 0.7344 65.8594
390.6250 63.5938 0.7031 110.5469
390.6250 63.5938 0.7031 65.8594
634.3750 22.0312 0.4844 69.2969
240.6250 22.0312 0.4844 69.2969
634.3750 46.0938 0.4844 69.2969
634.3750 22.0312 0.4531 69.2969
634.3750 22.0312 0.4844 79.6094
634.3750 46.0938 0.4531 79.6094
240.6250 22.0312 0.4531 79.6094
240.6250 46.0938 0.4844 79.6094
240.6250 46.0938 0.4531 69.2969
240.6250 46.0938 0.4531 79.6094
334.3750 57.0312 0.9844 96.7969
540.6250 57.0312 0.9844 96.7969
334.3750 11.0938 0.9844 96.7969
334.3750 57.0312 0.9531 96.7969
334.3750 57.0312 0.9844 107.1094
334.3750 11.0938 0.9531 107.1094
540.6250 57.0312 0.9531 107.1094
540.6250 11.0938 0.9844 107.1094
540.6250 11.0938 0.9531 96.7969
540.6250 11.0938 0.9531 107.1094
259.3750 13.2812 0.6094 103.6719
465.6250 13.2812 0.6094 103.6719
259.3750 37.3438 0.6094 103.6719
259.3750 13.2812 0.3281 103.6719
259.3750 13.2812 0.6094 86.4844
259.3750 37.3438 0.3281 86.4844
465.6250 13.2812 0.3281 86.4844
465.6250 37.3438 0.6094 86.4844
465.6250 37.3438 0.3281 103.6719
465.6250 37.3438 0.3281 86.4844
559.3750 48.2812 0.1094 76.1719
165.6250 48.2812 0.1094 76.1719
559.3750 72.3438 0.1094 76.1719
559.3750 48.2812 0.8281 76.1719
559.3750 48.2812 0.1094 113.9844
559.3750 72.3438 0.8281 113.9844
165.6250 48.2812 0.8281 113.9844
165.6250 72.3438 0.1094 113.9844
165.6250 72.3438 0.8281 76.1719
165.6250 72.3438 0.8281 113.9844
409.3750 30.7812 0.8594 117.4219
315.6250 30.7812 0.8594 117.4219
409.3750 54.8438 0.8594 117.4219
409.3750 30.7812 0.0781 117.4219
409.3750 30.7812 0.8594 100.2344
409.3750 54.8438 0.0781 100.2344
315.6250 30.7812 0.0781 100.2344
315.6250 54.8438 0.8594 100.2344
315.6250 54.8438 0.0781 117.4219
315.6250 54.8438 0.0781 100.2344
109.3750 65.7812 0.3594 89.9219
615.6250 65.7812 0.3594 89.9219
109.3750 19.8438 0.3594 89.9219
109.3750 65.7812 0.5781 89.9219
109.3750 65.7812 0.3594 72.7344
109.3750 19.8438 0.5781 72.7344
615.6250 65.7812 0.5781 72.7344
615.6250 19.8438 0.3594 72.7344
615.6250 19.8438 0.5781 89.9219
615.6250 19.8438 0.5781 72.7344
114.0625 37.8906 0.8203 110.9766
489.0625 37.8906 0.8203 110.9766
114.0625 41.1719 0.8203 110.9766
114.0625 37.8906 0.6641 110.9766
114.0625 37.8906 0.8203 76.6016
114.0625 41.1719 0.6641 76.6016
489.0625 37.8906 0.6641 76.6016
489.0625 41.1719 0.8203 76.6016
489.0625 41.1719 0.6641 110.9766
489.0625 41.1719 0.6641 76.6016
414.0625 72.8906 0.3203 83.4766
189.0625 72.8906 0.3203 83.4766
414.0625 76.1719 0.3203 83.4766
414.0625 72.8906 0.1641 83.4766
414.0625 72.8906 0.3203 104.1016
414.0625 76.1719 0.1641 104.1016
189.0625 72.8906 0.1641 104.1016
189.0625 76.1719 0.3203 104.1016
189.0625 76.1719 0.1641 83.4766
189.0625 76.1719 0.1641 104.1016
564.0625 20.3906 0.5703 97.2266
339.0625 20.3906 0.5703 97.2266
564.0625 58.6719 0.5703 97.2266
564.0625 20.3906 0.9141 97.2266
564.0625 20.3906 0.5703 117.8516
564.0625 58.6719 0.9141 117.8516
339.0625 20.3906 0.9141 117.8516
339.0625 58.6719 0.5703 117.8516
339.0625 58.6719 0.9141 97.2266
339.0625 58.6719 0.9141 117.8516
264.0625 55.3906 0.0703 69.7266
639.0625 55.3906 0.0703 69.7266
264.0625 23.6719 0.0703 69.7266
264.0625 55.3906 0.4141 69.7266
264.0625 55.3906 0.0703 90.3516
264.0625 23.6719 0.4141 90.3516
639.0625 55.3906 0.4141 90.3516
639.0625 23.6719 0.0703 90.3516
639.0625 23.6719 0.4141 69.7266
639.0625 23.6719 0.4141 90.3516
339.0625 11.6406 0.4453 76.6016
564.0625 11.6406 0.4453 76.6016
339.0625 32.4219 0.4453 76.6016
339.0625 11.6406 0.7891 76.6016
339.0625 11.6406 0.4453 110.9766
339.0625 32.4219 0.7891 110.9766
564.0625 11.6406 0.7891 110.9766
564.0625 32.4219 0.4453 110.9766
564.0625 32.4219 0.7891 76.6016
564.0625 32.4219 0.7891 110.9766
639.0625 46.6406 0.9453 104.1016
264.0625 46.6406 0.9453 104.1016
639.0625 67.4219 0.9453 104.1016
639.0625 46.6406 0.2891 104.1016
639.0625 46.6406 0.9453 83.4766
639.0625 67.4219 0.2891 83.4766
264.0625 46.6406 0.2891 83.4766
264.0625 67.4219 0.9453 83.4766
264.0625 67.4219 0.2891 104.1016
264.0625 67.4219 0.2891 83.4766
489.0625 29.1406 0.1953 90.3516
114.0625 29.1406 0.1953 90.3516
489.0625 49.9219 0.1953 90.3516
489.0625 29.1406 0.5391 90.3516
489.0625 29.1406 0.1953 69.7266
489.0625 49.9219 0.5391 69.7266
114.0625 29.1406 0.5391 69.7266
114.0625 49.9219 0.1953 69.7266
114.0625 49.9219 0.5391 90.3516
114.0625 49.9219 0.5391 69.7266
189.0625 64.1406 0.6953 117.8516
414.0625 64.1406 0.6953 117.8516
189.0625 14.9219 0.6953 117.8516
189.0625 64.1406 0.0391 117.8516
189.0625 64.1406 0.6953 97.2266
189.0625 14.9219 0.0391 97.2266
414.0625 64.1406 0.0391 97.2266
414.0625 14.9219 0.6953 97.2266
414.0625 14.9219 0.0391 117.8516
414.0625 14.9219 0.0391 97.2266
226.5625 24.7656 0.1328 100.6641
226.5625 24.7656 0.1328 100.6641
226.5625 19.2969 0.1328 100.6641
226.5625 24.7656 0.8516 100.6641
226.5625 24.7656 0.1328 107.5391
226.5625 19.2969 0.8516 107.5391
226.5625 24.7656 0.8516 107.5391
226.5625 19.2969 0.1328 107.5391
226.5625 19.2969 0.8516 100.6641
226.5625 19.2969 0.8516 107.5391
526.5625 59.7656 0.6328 73.1641
526.5625 59.7656 0.6328 73.1641
526.5625 54.2969 0.6328 73.1641
526.5625 59.7656 0.3516 73.1641
526.5625 59.7656 0.6328 80.0391
526.5625 54.2969 0.3516 80.0391
526.5625 59.7656 0.3516 80.0391
526.5625 54.2969 0.6328 80.0391
526.5625 54.2969 0.3516 73.1641
526.5625 54.2969 0.3516 80.0391
676.5625 42.2656 0.3828 114.4141
676.5625 42.2656 0.3828 114.4141
676.5625 71.7969 0.3828 114.4141
676.5625 42.2656 0.6016 114.4141
676.5625 42.2656 0.3828 66.2891
676.5625 71.7969 0.6016 66.2891
676.5625 42.2656 0.6016 66.2891
676.5625 71.7969 0.3828 66.2891
676.5625 71.7969 0.6016 114.4141
676.5625 71.7969 0.6016 66.2891
376.5625 77.2656 0.8828 86.9141
376.5625 77.2656 0.8828 86.9141
376.5625 36.7969 0.8828 86.9141
376.5625 77.2656 0.1016 86.9141
376.5625 77.2656 0.8828 93.7891
376.5625 36.7969 0.1016 93.7891
376.5625 77.2656 0.1016 93.7891
376.5625 36.7969 0.8828 93.7891
376.5625 36.7969 0.1016 86.9141
376.5625 36.7969 0.1016 93.7891
301.5625 33.5156 0.5078 80.0391
301.5625 33.5156 0.5078 80.0391
301.5625 10.5469 0.5078 80.0391
301.5625 33.5156 0.7266 80.0391
301.5625 33.5156 0.5078 73.1641
301.5625 10.5469 0.7266 73.1641
301.5625 33.5156 0.7266 73.1641
301.5625 10.5469 0.5078 73.1641
301.5625 10.5469 0.7266 80.0391
301.5625 10.5469 0.7266 73.1641
601.5625 68.5156 0.0078 107.5391
601.5625 68.5156 0.0078 107.5391
601.5625 45.5469 0.0078 107.5391
601.5625 68.5156 0.2266 107.5391
601.5625 68.5156 0.0078 100.6641
601.5625 45.5469 0.2266 100.6641
601.5625 68.5156 0.2266 100.6641
601.5625 45.5469 0.0078 100.6641
601.5625 45.5469 0.2266 107.5391
601.5625 45.5469 0.2266 100.6641
451.5625 16.0156 0.7578 66.2891
451.5625 16.0156 0.7578 66.2891
451.5625 63.0469 0.7578 66.2891
451.5625 16.0156 0.9766 66.2891
451.5625 16.0156 0.7578 114.4141
451.5625 63.0469 0.9766 114.4141
451.5625 16.0156 0.9766 114.4141
451.5625 63.0469 0.7578 114.4141
451.5625 63.0469 0.9766 66.2891
451.5625 63.0469 0.9766 114.4141
151.5625 51.0156 0.2578 93.7891
151.5625 51.0156 0.2578 93.7891
151.5625 28.0469 0.2578 93.7891
151.5625 51.0156 0.4766 93.7891
151.5625 51.0156 0.2578 86.9141
151.5625 28.0469 0.4766 86.9141
151.5625 51.0156 0.4766 86.9141
151.5625 28.0469 0.2578 86.9141
151.5625 28.0469 0.4766 93.7891
151.5625 28.0469 0.4766 86.9141
170.3125 18.2031 0.6641 92.0703
657.8125 18.2031 0.6641 92.0703
170.3125 47.7344 0.6641 92.0703
170.3125 18.2031 0.1328 92.0703
170.3125 18.2031 0.6641 116.1328
170.3125 47.7344 0.1328 116.1328
657.8125 18.2031 0.1328 116.1328
657.8125 47.7344 0.6641 116.1328
657.8125 47.7344 0.1328 92.0703
657.8125 47.7344 0.1328 116.1328
470.3125 53.2031 0.1641 119.5703
357.8125 53.2031 0.1641 119.5703
470.3125 12.7344 0.1641 119.5703
470.3125 53.2031 0.6328 119.5703
470.3125 53.2031 0.1641 88.6328
470.3125 12.7344 0.6328 88.6328
357.8125 53.2031 0.6328 88.6328
357.8125 12.7344 0.1641 88.6328
357.8125 12.7344 0.6328 119.5703
357.8125 12.7344 0.6328 88.6328
620.3125 35.7031 0.9141 78.3203
207.8125 35.7031 0.9141 78.3203
620.3125 30.2344 0.9141 78.3203
620.3125 35.7031 0.3828 78.3203
620.3125 35.7031 0.9141 74.8828
620.3125 30.2344 0.3828 74.8828
207.8125 35.7031 0.3828 74.8828
207.8125 30.2344 0.9141 74.8828
207.8125 30.2344 0.3828 78.3203
207.8125 30.2344 0.3828 74.8828
320.3125 70.7031 0.4141 105.8203
507.8125 70.7031 0.4141 105.8203
320.3125 65.2344 0.4141 105.8203
320.3125 70.7031 0.8828 105.8203
320.3125 70.7031 0.4141 102.3828
320.3125 65.2344 0.8828 102.3828
507.8125 70.7031 0.8828 102.3828
507.8125 65.2344 0.4141 102.3828
507.8125 65.2344 0.8828 105.8203
507.8125 65.2344 0.8828 102.3828
395.3125 44.4531 0.0391 98.9453
432.8125 44.4531 0.0391 98.9453
395.3125 56.4844 0.0391 98.9453
395.3125 44.4531 0.2578 98.9453
395.3125 44.4531 0.0391 68.0078
395.3125 56.4844 0.2578 68.0078
432.8125 44.4531 0.2578 68.0078
432.8125 56.4844 0.0391 68.0078
432.8125 56.4844 0.2578 98.9453
432.8125 56.4844 0.2578 68.0078
695.3125 79.4531 0.5391 71.4453
132.8125 79.4531 0.5391 71.4453
695.3125 21.4844 0.5391 71.4453
695.3125 79.4531 0.7578 71.4453
695.3125 79.4531 0.5391 95.5078
695.3125 21.4844 0.7578 95.5078
132.8125 79.4531 0.7578 95.5078
132.8125 21.4844 0.5391 95.5078
132.8125 21.4844 0.7578 71.4453
132.8125 21.4844 0.7578 95.5078
545.3125 26.9531 0.2891 112.6953
282.8125 26.9531 0.2891 112.6953
545.3125 38.9844 0.2891 112.6953
545.3125 26.9531 0.0078 112.6953
545.3125 26.9531 0.2891 109.2578
545.3125 38.9844 0.0078 109.2578
282.8125 26.9531 0.0078 109.2578
282.8125 38.9844 0.2891 109.2578
282.8125 38.9844 0.0078 112.6953
282.8125 38.9844 0.0078 109.2578
245.3125 61.9531 0.7891 85.1953
582.8125 61.9531 0.7891 85.1953
245.3125 73.9844 0.7891 85.1953
245.3125 61.9531 0.5078 85.1953
245.3125 61.9531 0.7891 81.7578
245.3125 73.9844 0.5078 81.7578
582.8125 61.9531 0.5078 81.7578
582.8125 73.9844 0.7891 81.7578
582.8125 73.9844 0.5078 85.1953
582.8125 73.9844 0.5078 81.7578
207.8125 31.3281 0.3516 68.0078
395.3125 31.3281 0.3516 68.0078
207.8125 69.6094 0.3516 68.0078
207.8125 31.3281 0.3203 68.0078
207.8125 31.3281 0.3516 71.4453
207.8125 69.6094 0.3203 71.4453
395.3125 31.3281 0.3203 71.4453
395.3125 69.6094 0.3516 71.4453
395.3125 69.6094 0.3203 68.0078
395.3125 69.6094 0.3203 71.4453
507.8125 66.3281 0.8516 95.5078
695.3125 66.3281 0.8516 95.5078
507.8125 34.6094 0.8516 95.5078
507.8125 66.3281 0.8203 95.5078
507.8125 66.3281 0.8516 98.9453
507.8125 34.6094 0.8203 98.9453
695.3125 66.3281 0.8203 98.9453
695.3125 34.6094 0.8516 98.9453
695.3125 34.6094 0.8203 95.5078
695.3125 34.6094 0.8203 98.9453
657.8125 13.8281 0.1016 81.7578
545.3125 13.8281 0.1016 81.7578
657.8125 17.1094 0.1016 81.7578
657.8125 13.8281 0.0703 81.7578
657.8125 13.8281 0.1016 112.6953
657.8125 17.1094 0.0703 112.6953
545.3125 13.8281 0.0703 112.6953
545.3125 17.1094 0.1016 112.6953
545.3125 17.1094 0.0703 81.7578
545.3125 17.1094 0.0703 112.6953
357.8125 48.8281 0.6016 109.2578
245.3125 48.8281 0.6016 109.2578
357.8125 52.1094 0.6016 109.2578
357.8125 48.8281 0.5703 109.2578
357.8125 48.8281 0.6016 85.1953
357.8125 52.1094 0.5703 85.1953
245.3125 48.8281 0.5703 85.1953
245.3125 52.1094 0.6016 85.1953
245.3125 52.1094 0.5703 109.2578
245.3125 52.1094 0.5703 85.1953
282.8125 22.5781 0.9766 116.1328
170.3125 22.5781 0.9766 116.1328
282.8125 78.3594 0.9766 116.1328
282.8125 22.5781 0.1953 116.1328
282.8125 22.5781 0.9766 119.5703
282.8125 78.3594 0.1953 119.5703
170.3125 22.5781 0.1953 119.5703
170.3125 78.3594 0.9766 119.5703
170.3125 78.3594 0.1953 116.1328
170.3125 78.3594 0.1953 119.5703
582.8125 57.5781 0.4766 88.6328
470.3125 57.5781 0.4766 88.6328
582.8125 43.3594 0.4766 88.6328
582.8125 57.5781 0.6953 88.6328
582.8125 57.5781 0.4766 92.0703
582.8125 43.3594 0.6953 92.0703
470.3125 57.5781 0.6953 92.0703
470.3125 43.3594 0.4766 92.0703
470.3125 43.3594 0.6953 88.6328
470.3125 43.3594 0.6953 92.0703
432.8125 40.0781 0.7266 102.3828
620.3125 40.0781 0.7266 102.3828
432.8125 25.8594 0.7266 102.3828
432.8125 40.0781 0.4453 102.3828
432.8125 40.0781 0.7266 78.3203
432.8125 25.8594 0.4453 78.3203
620.3125 40.0781 0.4453 78.3203
620.3125 25.8594 0.7266 78.3203
620.3125 25.8594 0.4453 102.3828
620.3125 25.8594 0.4453 78.3203
132.8125 75.0781 0.2266 74.8828
320.3125 75.0781 0.2266 74.8828
132.8125 60.8594 0.2266 74.8828
132.8125 75.0781 0.9453 74.8828
132.8125 75.0781 0.2266 105.8203
132.8125 60.8594 0.9453 105.8203
320.3125 75.0781 0.9453 105.8203
320.3125 60.8594 0.2266 105.8203
320.3125 60.8594 0.9453 74.8828
320.3125 60.8594 0.9453 105.8203
123.4375 19.2969 0.3984 84.3359
404.6875 19.2969 0.3984 84.3359
123.4375 53.2031 0.3984 84.3359
123.4375 19.2969 0.3984 84.3359
123.4375 19.2969 0.3984 98.0859
123.4375 53.2031 0.3984 98.0859
404.6875 19.2969 0.3984 98.0859
404.6875 53.2031 0.3984 98.0859
404.6875 53.2031 0.3984 84.3359
404.6875 53.2031 0.3984 98.0859
423.4375 54.2969 0.8984 111.8359
104.6875 54.2969 0.8984 111.8359
423.4375 18.2031 0.8984 111.8359
423.4375 54.2969 0.8984 111.8359
423.4375 54.2969 0.8984 70.5859
423.4375 18.2031 0.8984 70.5859
104.6875 54.2969 0.8984 70.5859
104.6875 18.2031 0.8984 70.5859
104.6875 18.2031 0.8984 111.8359
104.6875 18.2031 0.8984 70.5859
573.4375 36.7969 0.1484 70.5859
254.6875 36.7969 0.1484 70.5859
573.4375 35.7031 0.1484 70.5859
573.4375 36.7969 0.1484 70.5859
573.4375 36.7969 0.1484 84.3359
573.4375 35.7031 0.1484 84.3359
254.6875 36.7969 0.1484 84.3359
254.6875 35.7031 0.1484 84.3359
254.6875 35.7031 0.1484 70.5859
254.6875 35.7031 0.1484 84.3359
273.4375 71.7969 0.6484 98.0859
554.6875 71.7969 0.6484 98.0859
273.4375 70.7031 0.6484 98.0859
273.4375 71.7969 0.6484 98.0859
273.4375 71.7969 0.6484 111.8359
273.4375 70.7031 0.6484 111.8359
554.6875 71.7969 0.6484 111.8359
554.6875 70.7031 0.6484 111.8359
554.6875 70.7031 0.6484 98.0859
554.6875 70.7031 0.6484 111.8359
