0.00000000 50.00000000 0.00000000 0.00000000 0.00000000
0.00000000 50.00000000 0.00000000 0.00000000 0.00000000
0.00000000 50.00000000 0.00000000 0.00000000 0.00000000
0.00000000 50.00000000 0.00000000 0.00000000 0.00000000
0.00000000 50.00000000 0.00000000 0.00000000 0.00000000
0.00000000 50.00000000 0.00000000 0.00000000 0.00000000
0.24380226 200.00000000 0.22443054 0.24761066 0.26354746
0.24380226 200.00000000 0.22443054 0.24761066 0.26354746
0.24380226 200.00000000 0.22443054 0.24761066 0.26354746
0.24380226 200.00000000 0.22443054 0.24761066 0.26354746
0.24380226 200.00000000 0.22443054 0.24761066 0.26354746
0.24380226 200.00000000 0.22443054 0.24761066 0.26354746
0.12699545 275.00000000 0.12626436 0.13044102 0.12671542
0.12699545 275.00000000 0.12626436 0.13044102 0.12671542
0.12721541 275.00000000 0.12575502 0.13225677 0.12605476
0.12699545 275.00000000 0.12626436 0.13044102 0.12671542
0.37439961 275.00000000 0.35527430 0.38890394 0.38349977
0.37352427 275.00000000 0.35351430 0.38548531 0.38518072
0.38046761 125.00000000 0.35721570 0.36639437 0.41833300
0.38046761 125.00000000 0.35721570 0.36639437 0.41833300
0.38083554 125.00000000 0.36189103 0.36783663 0.41478439
0.38046761 125.00000000 0.35721570 0.36639437 0.41833300
0.12904118 125.00000000 0.11675482 0.12826231 0.14234403
0.12958402 125.00000000 0.11831767 0.12997646 0.14194323
0.42188275 162.50000000 0.36960085 0.44870336 0.44782934
0.42188275 162.50000000 0.36960085 0.44870336 0.44782934
0.42064875 162.50000000 0.36994379 0.44874397 0.44511533
0.42188275 162.50000000 0.36960085 0.44870336 0.44782934
0.42188275 162.50000000 0.36960085 0.44870336 0.44782934
0.42064875 162.50000000 0.36994379 0.44874397 0.44511533
0.18942699 312.50000000 0.18796418 0.21529554 0.16775298
0.18942699 312.50000000 0.18796418 0.21529554 0.16775298
0.18897356 312.50000000 0.18735571 0.21360225 0.16882364
0.18942699 312.50000000 0.18796418 0.21529554 0.16775298
0.18942699 312.50000000 0.18796418 0.21529554 0.16775298
0.18897356 312.50000000 0.18735571 0.21360225 0.16882364
0.29367782 237.50000000 0.28516560 0.30202978 0.29494636
0.29367782 237.50000000 0.28516560 0.30202978 0.29494636
0.29295287 237.50000000 0.28643973 0.29808982 0.29586894
0.29367782 237.50000000 0.28516560 0.30202978 0.29494636
0.05898485 237.50000000 0.06159243 0.05110354 0.06419347
0.05892144 237.50000000 0.06198323 0.05086377 0.06460823
0.07195664 87.50000000 0.06199864 0.06996597 0.08743785
0.07195664 87.50000000 0.06199864 0.06996597 0.08743785
0.07205561 87.50000000 0.06080691 0.06981763 0.08815445
0.07195664 87.50000000 0.06199864 0.06996597 0.08743785
0.31735893 87.50000000 0.32836249 0.29501494 0.33138294
0.31778422 87.50000000 0.32569570 0.29726923 0.33269929
0.22392612 106.30000000 0.18343454 0.22557887 0.25656606
0.21388472 218.80000000 0.21348765 0.20493572 0.22275078
0.22392612 106.30000000 0.18343454 0.22557887 0.25656606
0.22392612 106.30000000 0.18343454 0.22557887 0.25656606
0.48456099 106.30000000 0.50384529 0.46799512 0.48731468
0.44729595 218.80000000 0.42378041 0.46888984 0.45116498
0.45906458 256.30000000 0.45190015 0.46711433 0.46399359
0.49547351 68.80000000 0.47650260 0.45677362 0.55231970
0.45906458 256.30000000 0.45190015 0.46711433 0.46399359
0.45906458 256.30000000 0.45190015 0.46711433 0.46399359
0.21219044 256.30000000 0.21187081 0.20653948 0.22098242
0.23617175 68.80000000 0.21073371 0.23059737 0.26404469
0.10291835 331.30000000 0.10130370 0.11013661 0.09766150
0.09518297 143.80000000 0.08025534 0.10261643 0.10306609
0.10294136 331.30000000 0.10069568 0.11068366 0.09910465
0.10291835 331.30000000 0.10130370 0.11013661 0.09766150
0.10291835 331.30000000 0.10130370 0.11013661 0.09766150
0.09523210 143.80000000 0.07677443 0.10563615 0.10682943
0.32672223 181.30000000 0.29832631 0.34907605 0.33427462
0.34147742 293.80000000 0.32838170 0.35570331 0.34322355
0.32886099 181.30000000 0.29957431 0.35328485 0.33583097
0.32672223 181.30000000 0.29832631 0.34907605 0.33427462
0.32672223 181.30000000 0.29832631 0.34907605 0.33427462
0.34401774 293.80000000 0.32988994 0.35706812 0.34823904
0.27547934 143.80000000 0.25546438 0.28697684 0.28874678
0.29477703 331.30000000 0.28257834 0.31698688 0.28744193
0.27474380 143.80000000 0.25316287 0.28687931 0.28936471
0.27547934 143.80000000 0.25546438 0.28697684 0.28874678
0.02780872 143.80000000 0.02533340 0.03483204 0.02351671
0.03528206 331.30000000 0.03135824 0.03958561 0.03563524
0.03509080 293.80000000 0.03773237 0.03554393 0.03300123
0.02651104 181.30000000 0.01681753 0.02655094 0.03683302
0.03506667 293.80000000 0.03767033 0.03569481 0.03282104
0.03509080 293.80000000 0.03773237 0.03554393 0.03300123
0.28374183 293.80000000 0.28205137 0.29712582 0.27570090
0.26930690 181.30000000 0.23960596 0.28732977 0.28225598
0.38051056 218.80000000 0.36026024 0.38821824 0.39229938
0.42849384 106.30000000 0.42334902 0.40932440 0.45240630
0.38046301 218.80000000 0.35901493 0.38847846 0.39299017
0.38051056 218.80000000 0.36026024 0.38821824 0.39229938
0.38051056 218.80000000 0.36026024 0.38821824 0.39229938
0.42790091 106.30000000 0.42254934 0.40773569 0.45212121
0.17280721 68.80000000 0.13042411 0.17420801 0.21365669
0.15581662 256.30000000 0.16225041 0.15337259 0.15464744
0.17047254 68.80000000 0.13398990 0.17035024 0.20127365
0.17280721 68.80000000 0.13042411 0.17420801 0.21365669
0.17280721 68.80000000 0.13042411 0.17420801 0.21365669
0.15674106 256.30000000 0.16082889 0.15641713 0.15467071
0.32687882 78.10000000 0.33182796 0.29499119 0.35553828
0.33176452 134.40000000 0.31993808 0.33823999 0.34244405
0.32654413 78.10000000 0.32979371 0.29867923 0.35633084
0.32687882 78.10000000 0.33182796 0.29499119 0.35553828
0.43709329 78.10000000 0.45006707 0.40800608 0.45347669
0.42361946 134.40000000 0.41061951 0.43184127 0.43183670
0.08068765 228.10000000 0.08101268 0.07326966 0.08981077
0.07907095 284.40000000 0.07487510 0.08028802 0.08267029
0.07977171 228.10000000 0.07807139 0.07272693 0.08894930
0.08068765 228.10000000 0.08101268 0.07326966 0.08981077
0.17013360 228.10000000 0.17646442 0.15883728 0.17771543
0.17132372 284.40000000 0.16053189 0.18959840 0.16573692
0.44667688 303.10000000 0.43208980 0.45500426 0.45939310
0.43046327 209.40000000 0.39881971 0.44454447 0.45003865
0.44667688 303.10000000 0.43208980 0.45500426 0.45939310
0.44667688 303.10000000 0.43208980 0.45500426 0.45939310
0.05178050 303.10000000 0.05678402 0.05275023 0.04718268
0.04090975 209.40000000 0.03813067 0.02698942 0.05867342
0.20084937 153.10000000 0.16833296 0.20316157 0.23025621
0.21099796 59.40000000 0.17367018 0.22242929 0.22976628
0.20084937 153.10000000 0.16833296 0.20316157 0.23025621
0.20084937 153.10000000 0.16833296 0.20316157 0.23025621
0.29735477 153.10000000 0.27379748 0.30772976 0.31367890
0.32863936 59.40000000 0.29066788 0.32962121 0.36882766
0.14152458 190.60000000 0.11883757 0.14240919 0.16305473
0.14990730 96.90000000 0.12098486 0.15333174 0.17575300
0.14264427 190.60000000 0.12238593 0.14185737 0.16482116
0.14152458 190.60000000 0.11883757 0.14240919 0.16305473
0.11480590 190.60000000 0.09289180 0.12214201 0.12964625
0.12070035 96.90000000 0.10150932 0.11483618 0.14735052
0.39541340 340.60000000 0.37710741 0.40191491 0.41008882
0.37366406 246.90000000 0.36811576 0.37535869 0.38045668
0.39507725 340.60000000 0.37811019 0.40188442 0.40787770
0.39541340 340.60000000 0.37710741 0.40191491 0.41008882
0.36958747 340.60000000 0.35102992 0.37949840 0.38072478
0.34392192 246.90000000 0.34067924 0.34077690 0.35314371
0.01503508 265.60000000 0.01745058 0.01166360 0.01783110
0.01836275 321.90000000 0.01581952 0.01598999 0.02364337
0.01503252 265.60000000 0.01729803 0.01159150 0.01758298
0.01503508 265.60000000 0.01745058 0.01166360 0.01783110
0.47641599 265.60000000 0.47155605 0.48723714 0.47655177
0.48305653 321.90000000 0.46660386 0.48729079 0.49706626
0.27796029 115.60000000 0.25729958 0.28491249 0.29238480
0.26434875 171.90000000 0.23184569 0.28646893 0.27838142
0.27832468 115.60000000 0.25898130 0.28518765 0.29257863
0.27796029 115.60000000 0.25729958 0.28491249 0.29238480
0.24700136 115.60000000 0.21081058 0.26343798 0.26623597
0.23137477 171.90000000 0.20506547 0.23478326 0.25503836
0.44477764 96.90000000 0.44918305 0.42102838 0.45982734
0.41560646 303.10000000 0.39637072 0.42734704 0.42760567
0.44211441 96.90000000 0.45204817 0.41706571 0.46254238
0.44477764 96.90000000 0.44918305 0.42102838 0.45982734
0.08245910 96.90000000 0.06720814 0.08175548 0.10384461
0.08225779 303.10000000 0.08484536 0.08438442 0.08046907
0.17229774 246.90000000 0.17813732 0.17097532 0.16841863
0.17433697 153.10000000 0.14960671 0.17394195 0.19860121
0.17257516 246.90000000 0.17606513 0.17232548 0.17146255
0.17229774 246.90000000 0.17813732 0.17097532 0.16841863
0.31578588 246.90000000 0.30701513 0.31717135 0.32626070
0.32734293 153.10000000 0.29839499 0.33351957 0.35205468
0.30969329 321.90000000 0.29807212 0.33365114 0.29826960
0.30049613 78.10000000 0.29408193 0.26882843 0.33795177
0.30969329 321.90000000 0.29807212 0.33365114 0.29826960
0.30969329 321.90000000 0.29807212 0.33365114 0.29826960
0.45852267 321.90000000 0.44814506 0.46604739 0.46508387
0.46796221 78.10000000 0.47815918 0.44224709 0.48321517
0.04478258 171.90000000 0.03276860 0.03939969 0.06264894
0.04384419 228.10000000 0.04894791 0.03020820 0.05517498
0.04478258 171.90000000 0.03276860 0.03939969 0.06264894
0.04478258 171.90000000 0.03276860 0.03939969 0.06264894
0.19985679 171.90000000 0.17476035 0.20279070 0.22016904
0.19811836 228.10000000 0.19869973 0.19180865 0.20430262
0.11844323 134.40000000 0.09882460 0.12080897 0.13298065
0.11260083 265.60000000 0.11170244 0.11685082 0.11407390
0.11858466 134.40000000 0.09980079 0.12095831 0.13386394
0.11844323 134.40000000 0.09882460 0.12080897 0.13298065
0.39062931 134.40000000 0.37576983 0.39515878 0.40320945
0.38462252 265.60000000 0.37868554 0.38400856 0.39764954
0.35975317 284.40000000 0.33801237 0.37632810 0.36542504
0.37555367 115.60000000 0.36499489 0.35157291 0.41089707
0.36102324 284.40000000 0.34069397 0.37858047 0.36565829
0.35975317 284.40000000 0.33801237 0.37632810 0.36542504
0.14106024 284.40000000 0.13502878 0.15373965 0.13601984
0.14525688 115.60000000 0.13009442 0.15266549 0.15116835
0.22777891 209.40000000 0.21473927 0.22021621 0.24929403
0.22772280 190.60000000 0.21076927 0.22769914 0.24506296
0.22833159 209.40000000 0.21629801 0.21839116 0.25173729
0.22777891 209.40000000 0.21473927 0.22021621 0.24929403
0.01193914 209.40000000 0.01268267 0.00413725 0.01808189
0.01151861 190.60000000 0.00616355 0.00975416 0.01877207
0.52440678 59.40000000 0.51037818 0.52491000 0.54953590
0.47687956 340.60000000 0.44817936 0.48036740 0.50548566
0.52472336 59.40000000 0.51333858 0.52278883 0.54492495
0.52440678 59.40000000 0.51037818 0.52491000 0.54953590
0.28932203 59.40000000 0.25616105 0.29802012 0.31697822
0.28000002 340.60000000 0.27140879 0.29709500 0.27364579
0.29677628 64.00000000 0.28274627 0.28419294 0.33267709
0.28918040 92.20000000 0.28527482 0.27109491 0.31793517
0.29815705 64.00000000 0.28644981 0.28275496 0.32830077
0.29677628 64.00000000 0.28274627 0.28419294 0.33267709
0.36095380 64.00000000 0.36250077 0.33343286 0.39850979
0.34825583 92.20000000 0.36000286 0.31391041 0.37862755
0.01773672 214.00000000 0.01673959 0.00963294 0.02723343
0.01857649 242.20000000 0.02298535 0.01517101 0.01791085
0.01774200 214.00000000 0.01654753 0.00953020 0.02710895
0.01773672 214.00000000 0.01673959 0.00963294 0.02723343
0.08782165 214.00000000 0.07720724 0.08717035 0.10078268
0.08468577 242.20000000 0.08235704 0.08916158 0.08467115
0.39165586 289.00000000 0.37508101 0.40281963 0.40061777
0.40381996 317.20000000 0.38861354 0.41815779 0.40642967
0.39236566 289.00000000 0.37608214 0.40303908 0.40177549
0.39165586 289.00000000 0.37508101 0.40281963 0.40061777
0.20772603 289.00000000 0.20154826 0.21966025 0.20518587
0.21526948 317.20000000 0.20669766 0.23244998 0.20920332
0.14615631 139.00000000 0.11684092 0.15684999 0.16383837
0.14742110 167.20000000 0.11875667 0.14223441 0.18390554
0.14477283 139.00000000 0.11608954 0.15476133 0.16235422
0.14615631 139.00000000 0.11684092 0.15684999 0.16383837
0.44893347 139.00000000 0.42607745 0.45302109 0.47172576
0.44258145 167.20000000 0.39090172 0.47406520 0.46731630
0.20442162 176.50000000 0.17987914 0.20892053 0.22511613
0.21576549 129.70000000 0.18614527 0.22996995 0.23061325
0.20612735 176.50000000 0.17783025 0.21008420 0.22830748
0.20442162 176.50000000 0.17987914 0.20892053 0.22511613
0.14839394 176.50000000 0.11893234 0.14998279 0.17607828
0.15393742 129.70000000 0.13361617 0.15400480 0.17334332
0.46464452 326.50000000 0.45337022 0.46462697 0.48137824
0.45346454 279.70000000 0.43351695 0.47224237 0.46060659
0.46508454 326.50000000 0.45352730 0.46485478 0.48297651
0.46464452 326.50000000 0.45337022 0.46462697 0.48137824
0.40370011 326.50000000 0.39046330 0.41166693 0.41282383
0.39121233 279.70000000 0.37112768 0.40615381 0.40217015
0.08546053 251.50000000 0.08274771 0.08686406 0.08912944
0.08883423 204.70000000 0.07868366 0.08465697 0.10448485
0.08462214 251.50000000 0.08079530 0.08714611 0.08866677
0.08546053 251.50000000 0.08274771 0.08686406 0.08912944
0.26707519 251.50000000 0.26108053 0.27079240 0.27570817
0.26739082 204.70000000 0.23899610 0.26811612 0.29816051
0.34353853 101.50000000 0.35864655 0.32651150 0.34525803
0.35710438 54.70000000 0.34648513 0.35359045 0.37707431
0.34422442 101.50000000 0.36301692 0.32805434 0.34411484
0.34353853 101.50000000 0.35864655 0.32651150 0.34525803
0.02561714 101.50000000 0.01763206 0.04195485 0.01554945
0.02198773 54.70000000 0.03166667 0.00930736 0.02577381
0.49863693 120.30000000 0.51270700 0.48774011 0.49849301
0.47890198 260.90000000 0.47264633 0.48920595 0.47840646
0.49668733 120.30000000 0.51289870 0.48442202 0.49514323
0.49863693 120.30000000 0.51270700 0.48774011 0.49849301
0.18536971 120.30000000 0.16313954 0.18962444 0.20420455
0.18156324 260.90000000 0.18255728 0.17791890 0.18505906
0.24184850 270.30000000 0.23262315 0.25375719 0.24084855
0.24847625 111.00000000 0.21570097 0.25923088 0.25954852
0.24176894 270.30000000 0.23172031 0.25494416 0.23951950
0.24184850 270.30000000 0.23262315 0.25375719 0.24084855
0.42201492 270.30000000 0.41788557 0.42741211 0.42456265
0.44867132 111.00000000 0.45581752 0.44638895 0.44353154
0.37640357 345.30000000 0.35598395 0.39240083 0.38493424
0.35229533 186.00000000 0.33270021 0.35661525 0.37172042
0.37626595 345.30000000 0.35520824 0.39186145 0.38528075
0.37640357 345.30000000 0.35598395 0.39240083 0.38493424
0.31558137 345.30000000 0.29907764 0.33352722 0.31678266
0.29079281 186.00000000 0.26702504 0.30319217 0.30863803
0.11832717 195.30000000 0.09293848 0.12161481 0.14120394
0.12735869 335.90000000 0.11816033 0.14088931 0.12471415
0.11886098 195.30000000 0.09281131 0.12370570 0.14194042
0.11832717 195.30000000 0.09293848 0.12161481 0.14120394
0.04660187 195.30000000 0.03223265 0.03952797 0.06893596
0.05892483 335.90000000 0.05798998 0.06291545 0.05664170
0.05764412 157.80000000 0.04712231 0.05512126 0.07376042
0.05838676 298.40000000 0.06314345 0.05805821 0.05427638
0.05694625 157.80000000 0.04695411 0.05330615 0.07379843
0.05764412 157.80000000 0.04712231 0.05512126 0.07376042
0.35994414 157.80000000 0.32010960 0.36958712 0.39279957
0.36757127 298.40000000 0.34962355 0.38110128 0.37591489
0.30627876 307.80000000 0.29715537 0.32323956 0.30027405
0.29722292 148.50000000 0.27301898 0.30244023 0.31917816
0.30833052 307.80000000 0.29774134 0.32815438 0.30067712
0.30627876 307.80000000 0.29715537 0.32323956 0.30027405
0.12308494 307.80000000 0.12344563 0.13145298 0.11626992
0.11586551 148.50000000 0.09169442 0.12185586 0.13144697
0.17618581 232.80000000 0.18243118 0.17405918 0.17468509
0.18911119 73.50000000 0.16019204 0.17389081 0.23552141
0.17649320 232.80000000 0.18255261 0.17474064 0.17521428
0.17618581 232.80000000 0.18243118 0.17405918 0.17468509
0.23206552 232.80000000 0.23175196 0.23602174 0.23223997
0.25829888 73.50000000 0.24192543 0.23253549 0.30611128
0.44803115 82.80000000 0.46597813 0.41822965 0.46222237
0.40497371 223.40000000 0.38412840 0.41594182 0.41837691
0.44710147 82.80000000 0.46717362 0.41575059 0.46074797
0.44803115 82.80000000 0.46597813 0.41822965 0.46222237
0.50840435 82.80000000 0.51560931 0.48512758 0.51863436
0.47276836 223.40000000 0.44635702 0.49694338 0.47641384
0.08854500 73.50000000 0.06989588 0.08632331 0.11237220
0.07484322 176.50000000 0.05503805 0.08180460 0.08801877
0.08874902 73.50000000 0.06987913 0.08643530 0.11140364
0.08854500 73.50000000 0.06989588 0.08632331 0.11237220
0.23598737 73.50000000 0.21317621 0.22597147 0.26582444
0.21911397 176.50000000 0.19672857 0.22894887 0.23410808
0.30369830 223.40000000 0.29255846 0.30077067 0.32106031
0.33211756 326.50000000 0.31594228 0.35125148 0.33243415
0.30331706 223.40000000 0.29392102 0.30034462 0.31962289
0.30369830 223.40000000 0.29255846 0.30077067 0.32106031
0.45843591 223.40000000 0.43495932 0.48128723 0.46130092
0.47560697 326.50000000 0.46066663 0.47687463 0.49495871
0.19559728 298.40000000 0.19012801 0.21308207 0.18674803
0.19459644 251.50000000 0.19689414 0.19607879 0.19288799
0.19498250 298.40000000 0.18996863 0.21258156 0.18461895
0.19559728 298.40000000 0.19012801 0.21308207 0.18674803
0.35289224 298.40000000 0.33651920 0.36509546 0.36240248
0.33944654 251.50000000 0.33425507 0.34025468 0.34887087
0.42917037 148.50000000 0.40479812 0.42656183 0.45413601
0.46523531 101.50000000 0.47332221 0.45558844 0.46513945
0.43212639 148.50000000 0.40794713 0.42960412 0.45680998
0.42917037 148.50000000 0.40479812 0.42656183 0.45413601
0.10455116 148.50000000 0.08087524 0.11567614 0.11752677
0.10829116 101.50000000 0.09653464 0.10607011 0.12409985
0.36524927 186.00000000 0.34384395 0.37834191 0.37721042
0.40768544 64.00000000 0.44605660 0.37227328 0.42687315
0.36621246 186.00000000 0.34498095 0.37890552 0.37902599
0.36524927 186.00000000 0.34384395 0.37834191 0.37721042
0.27821160 186.00000000 0.25616856 0.28778322 0.29587145
0.31370883 64.00000000 0.28714053 0.30172957 0.35887275
0.14440001 335.90000000 0.13120039 0.16265202 0.14111082
0.13411409 214.00000000 0.12394232 0.12739268 0.15100616
0.14379018 335.90000000 0.13044416 0.16272181 0.14010571
0.14440001 335.90000000 0.13120039 0.16265202 0.14111082
0.04346441 335.90000000 0.04300790 0.04372884 0.04424477
0.03080588 214.00000000 0.03080024 0.01980289 0.04250133
0.25680247 260.90000000 0.25074508 0.26442528 0.25933180
0.26101258 289.00000000 0.25671490 0.27790796 0.25122934
0.25655629 260.90000000 0.24892971 0.26169326 0.26311869
0.25680247 260.90000000 0.25074508 0.26442528 0.25933180
0.16382092 260.90000000 0.16665891 0.16487875 0.16108761
0.16453406 289.00000000 0.16009678 0.18125515 0.15584456
0.00359556 111.00000000 0.00821303 0.00000000 0.00277778
0.00789870 139.00000000 0.01311957 0.00604723 0.00419580
0.00359556 111.00000000 0.00817927 0.00000000 0.00294118
0.00359556 111.00000000 0.00821303 0.00000000 0.00277778
0.43115991 111.00000000 0.43160402 0.41898956 0.43660174
0.40687403 139.00000000 0.38239805 0.41545659 0.42686850
0.17239749 92.20000000 0.13656072 0.18397677 0.19932089
0.17017083 345.30000000 0.15891460 0.19024698 0.16305912
0.17441354 92.20000000 0.13924897 0.18725498 0.19872231
0.17239749 92.20000000 0.13656072 0.18397677 0.19932089
0.27334677 92.20000000 0.25406588 0.26266240 0.30760696
0.27100374 345.30000000 0.25989254 0.28724549 0.26875233
0.39532258 242.20000000 0.38735719 0.41160811 0.39257620
0.39926983 195.30000000 0.36914185 0.41037301 0.42271069
0.39537734 242.20000000 0.38765029 0.41122610 0.39237599
0.39532258 242.20000000 0.38735719 0.41160811 0.39257620
0.00454221 242.20000000 0.00648358 0.00125000 0.00572754
0.00666413 195.30000000 0.00000000 0.00751057 0.01219630
0.04381882 317.20000000 0.04037695 0.04633957 0.04529707
0.04075253 120.30000000 0.03789087 0.05144104 0.03597519
0.04410811 317.20000000 0.04143832 0.04607326 0.04548178
0.04381882 317.20000000 0.04037695 0.04633957 0.04529707
0.14340222 317.20000000 0.13603220 0.16081721 0.13585486
0.13236364 120.30000000 0.12276411 0.12866588 0.14730159
0.28385119 167.20000000 0.24856261 0.30165638 0.30658995
0.29206205 270.30000000 0.28467365 0.29811691 0.29635634
0.28388904 167.20000000 0.24727555 0.30031247 0.30534118
0.28385119 167.20000000 0.24856261 0.30165638 0.30658995
0.37127518 167.20000000 0.32652199 0.40015206 0.39271310
0.37947751 270.30000000 0.36670625 0.38575960 0.38786628
0.35460403 129.70000000 0.34012171 0.35462964 0.37177373
0.32791158 232.80000000 0.32391343 0.32950131 0.33503465
0.35643252 129.70000000 0.34469884 0.35536938 0.37212316
0.35460403 129.70000000 0.34012171 0.35462964 0.37177373
0.20097872 129.70000000 0.17121308 0.21012929 0.22183647
0.18898391 232.80000000 0.19267642 0.19032144 0.18735756
0.10372814 279.70000000 0.10635747 0.10659903 0.10303174
0.12330264 82.80000000 0.10150801 0.11837593 0.15135355
0.10480425 279.70000000 0.10680306 0.10708210 0.10488165
0.10372814 279.70000000 0.10635747 0.10659903 0.10303174
0.43889491 279.70000000 0.41723594 0.45643020 0.44821599
0.46348788 82.80000000 0.47748583 0.43885733 0.47380834
0.46463603 204.70000000 0.43767919 0.47797060 0.47874779
0.45734491 157.80000000 0.41489325 0.46688057 0.49077335
0.46408304 204.70000000 0.43961202 0.47813277 0.47703801
0.46463603 204.70000000 0.43767919 0.47797060 0.47874779
0.31608394 204.70000000 0.30066491 0.31262530 0.33788539
0.31626872 157.80000000 0.28556452 0.32961098 0.33744068
0.23417508 54.70000000 0.20389553 0.26436576 0.24284334
0.22537803 307.80000000 0.22237694 0.23950891 0.21620639
0.23582492 54.70000000 0.21436429 0.26016481 0.24407765
0.23417508 54.70000000 0.20389553 0.26436576 0.24284334
0.07313131 54.70000000 0.05626927 0.08946460 0.07199448
0.07348635 307.80000000 0.07462836 0.07565626 0.07043767
0.44206421 57.00000000 0.47410722 0.46193297 0.42127424
0.39995133 244.50000000 0.39725782 0.40261689 0.40222598
0.44167315 57.00000000 0.47512004 0.46040129 0.42127424
0.44206421 57.00000000 0.47410722 0.46193297 0.42127424
0.12258664 57.00000000 0.10170193 0.14189009 0.12848351
0.10685959 244.50000000 0.11299201 0.10552647 0.10362270
0.17710705 207.00000000 0.17287820 0.16453998 0.19638781
0.18239883 94.50000000 0.15643571 0.18435893 0.20404256
0.17707543 207.00000000 0.17292322 0.16447336 0.19582070
0.17710705 207.00000000 0.17287820 0.16453998 0.19638781
0.34174151 207.00000000 0.32726773 0.33788074 0.36402187
0.37926355 94.50000000 0.38958346 0.33722409 0.40721277
0.29647531 282.00000000 0.27764283 0.31337362 0.29958642
0.29097635 169.50000000 0.25542951 0.31842364 0.30348317
0.29493980 282.00000000 0.27643509 0.31309992 0.29778350
0.29647531 282.00000000 0.27764283 0.31337362 0.29958642
0.47092423 282.00000000 0.45094407 0.48938265 0.47400015
0.46217993 169.50000000 0.41516660 0.49090054 0.47839680
0.04620551 132.00000000 0.04246073 0.05529891 0.04312119
0.04725983 319.50000000 0.04572340 0.04794288 0.04849801
0.04621998 132.00000000 0.04162534 0.05451278 0.04240469
0.04620551 132.00000000 0.04246073 0.05529891 0.04312119
0.23867474 132.00000000 0.20504154 0.24469641 0.26481479
0.23555739 319.50000000 0.23046289 0.25511411 0.22342559
0.11440046 169.50000000 0.08620790 0.12473252 0.13549971
0.10986980 282.00000000 0.11033900 0.11511315 0.10529136
0.11443997 169.50000000 0.08613465 0.12390322 0.13679216
0.11440046 169.50000000 0.08620790 0.12473252 0.13549971
0.40024859 169.50000000 0.35309703 0.43058474 0.41777405
0.41394966 282.00000000 0.38896539 0.42809873 0.42522263
0.36766849 319.50000000 0.35552260 0.38557068 0.36342324
0.35900208 132.00000000 0.34236651 0.35981017 0.37790873
0.36838947 319.50000000 0.35511456 0.38595427 0.36463363
0.36766849 319.50000000 0.35552260 0.38557068 0.36342324
0.17494736 319.50000000 0.16986358 0.19277015 0.16379429
0.17479842 132.00000000 0.14920423 0.17351079 0.19902221
0.22006669 244.50000000 0.22732472 0.21292107 0.22201293
0.25056607 57.00000000 0.22792712 0.29057849 0.24260296
0.21971945 244.50000000 0.22717101 0.21234075 0.22174859
0.22006669 244.50000000 0.22732472 0.21292107 0.22201293
0.03803039 244.50000000 0.04327170 0.03228268 0.03980661
0.04368356 57.00000000 0.05095754 0.03857143 0.04496834
0.50092578 94.50000000 0.51438735 0.48817913 0.49630873
0.46573851 207.00000000 0.43648074 0.48008628 0.48178665
0.50218365 94.50000000 0.51628844 0.49015569 0.49947134
0.50092578 94.50000000 0.51438735 0.48817913 0.49630873
0.30281889 94.50000000 0.30014209 0.27656065 0.32500974
0.28379510 207.00000000 0.26077073 0.28108447 0.31381629
0.33176622 113.30000000 0.33464777 0.32271484 0.33872525
0.33176622 113.30000000 0.33464777 0.32271484 0.33872525
0.33201574 113.30000000 0.33492719 0.32125859 0.33987206
0.33176622 113.30000000 0.33464777 0.32271484 0.33872525
0.39797724 113.30000000 0.39034348 0.37422095 0.43021685
0.39818915 113.30000000 0.39078167 0.37290869 0.43143302
0.07100983 263.30000000 0.06857091 0.07079411 0.07390309
0.07100983 263.30000000 0.06857091 0.07079411 0.07390309
0.07067572 263.30000000 0.06857086 0.07065426 0.07322303
0.07100983 263.30000000 0.06857091 0.07079411 0.07390309
0.13481971 263.30000000 0.13271345 0.13978714 0.13188155
0.13450922 263.30000000 0.13278194 0.13955016 0.13129644
0.45199877 338.30000000 0.43009104 0.45599041 0.47304949
0.45199877 338.30000000 0.43009104 0.45599041 0.47304949
0.45076358 338.30000000 0.43027163 0.45680710 0.46918633
0.45199877 338.30000000 0.43009104 0.45599041 0.47304949
0.01419764 338.30000000 0.01447674 0.01000302 0.01754691
0.01417299 338.30000000 0.01439613 0.00994851 0.01748210
0.19762297 188.30000000 0.18078874 0.19512335 0.21772863
0.19762297 188.30000000 0.18078874 0.19512335 0.21772863
0.19810851 188.30000000 0.18317460 0.19290937 0.21681524
0.19762297 188.30000000 0.18078874 0.19512335 0.21772863
0.25235174 188.30000000 0.23072682 0.25998933 0.26895942
0.25281662 188.30000000 0.23200850 0.25936461 0.26761211
0.13318131 150.80000000 0.10817183 0.13992626 0.15164043
0.13318131 150.80000000 0.10817183 0.13992626 0.15164043
0.13312654 150.80000000 0.11002746 0.13961075 0.15102108
0.13318131 150.80000000 0.10817183 0.13992626 0.15164043
0.08147624 150.80000000 0.06939606 0.07990415 0.09565437
0.08075387 150.80000000 0.06965437 0.07937955 0.09530568
0.38301831 300.80000000 0.36275710 0.39195340 0.39825312
0.38301831 300.80000000 0.36275710 0.39195340 0.39825312
0.38086539 300.80000000 0.35921868 0.39194700 0.39523236
0.38301831 300.80000000 0.36275710 0.39195340 0.39825312
0.32413884 300.80000000 0.30754469 0.33659117 0.33128816
0.32200423 300.80000000 0.30394417 0.33651932 0.32850490
0.00975818 225.80000000 0.01100016 0.00522660 0.01331853
0.00975818 225.80000000 0.01100016 0.00522660 0.01331853
0.00974870 225.80000000 0.01088037 0.00536341 0.01327424
0.00975818 225.80000000 0.01100016 0.00522660 0.01331853
0.42416965 225.80000000 0.40511037 0.44019807 0.42929865
0.42410708 225.80000000 0.40365336 0.43814552 0.43426238
0.27035429 75.80000000 0.27584933 0.23919963 0.29685091
0.27035429 75.80000000 0.27584933 0.23919963 0.29685091
0.26802720 75.80000000 0.27270348 0.23689504 0.29445789
0.27035429 75.80000000 0.27584933 0.23919963 0.29685091
0.19913830 75.80000000 0.18349981 0.18472133 0.22407760
0.19680792 75.80000000 0.18190084 0.18182529 0.22202664
