50.00000000 98.82504202 0.00000000 0.00000000 0.00000000
50.00000000 98.82504202 0.00000000 0.00000000 0.00000000
50.00000000 98.82504202 0.00000000 0.00000000 0.00000000
50.00000000 98.82504202 0.00000000 0.00000000 0.00000000
50.00000000 98.82504202 0.00000000 0.00000000 0.00000000
50.00000000 98.82504202 0.00000000 0.00000000 0.00000000
50.00000000 98.82504202 0.00000000 0.00000000 0.00000000
50.00000000 98.82504202 0.00000000 0.00000000 0.00000000
50.00000000 98.82504202 0.00000000 0.00000000 0.00000000
50.00000000 98.82504202 0.00000000 0.00000000 0.00000000
200.00000000 451.66620471 0.49355809 0.51391806 0.50194992
200.00000000 451.66620471 0.49355809 0.51391806 0.50194992
200.00000000 451.66620471 0.49355809 0.51391806 0.50194992
200.00000000 451.66620471 0.49355809 0.51391806 0.50194992
200.00000000 451.66620471 0.49355809 0.51391806 0.50194992
200.00000000 451.66620471 0.49355809 0.51391806 0.50194992
200.00000000 451.66620471 0.49355809 0.51391806 0.50194992
200.00000000 451.66620471 0.49355809 0.51391806 0.50194992
200.00000000 451.66620471 0.49355809 0.51391806 0.50194992
200.00000000 451.66620471 0.49355809 0.51391806 0.50194992
125.00000000 270.24405540 0.29111031 0.26334402 0.25427300
125.00000000 270.24405540 0.29111031 0.26334402 0.25427300
125.00000000 621.78495849 0.28508172 0.26043936 0.23690169
125.00000000 270.24405540 0.29111031 0.26334402 0.25427300
275.00000000 271.67389178 0.27516789 0.24355306 0.27841882
226.10000000 4024.12923743 0.13120387 0.23874498 0.28022769
275.00000000 271.67389178 0.27516789 0.24355306 0.27841882
226.10000000 4024.12923743 0.13120387 0.23874498 0.28022769
125.00000000 621.78495849 0.28508172 0.26043936 0.23690169
226.10000000 4024.12923743 0.13120387 0.23874498 0.28022769
226.40000000 3760.82275855 0.35890870 0.78437171 0.73217934
226.40000000 3760.82275855 0.35890870 0.78437171 0.73217934
275.00000000 271.03701415 0.76897029 0.76603022 0.73084070
226.40000000 3760.82275855 0.35890870 0.78437171 0.73217934
125.00000000 620.66602840 0.73476355 0.72497922 0.76020841
125.00000000 269.91050517 0.77412001 0.77935860 0.75824393
125.00000000 620.66602840 0.73476355 0.72497922 0.76020841
125.00000000 269.91050517 0.77412001 0.77935860 0.75824393
275.00000000 271.03701415 0.76897029 0.76603022 0.73084070
125.00000000 269.91050517 0.77412001 0.77935860 0.75824393
312.50000000 361.22803135 0.60156794 0.62267381 0.62571646
312.50000000 361.22803135 0.60156794 0.62267381 0.62571646
312.50000000 182.08593948 0.63556404 0.63184551 0.63112935
312.50000000 361.22803135 0.35867897 0.37856935 0.39721626
312.50000000 361.22803135 0.60156794 0.62267381 0.62571646
312.50000000 182.08593948 0.38765876 0.39400504 0.38782045
312.50000000 361.22803135 0.35867897 0.37856935 0.39721626
312.50000000 182.08593948 0.63556404 0.63184551 0.63112935
312.50000000 182.08593948 0.38765876 0.39400504 0.38782045
312.50000000 182.08593948 0.38765876 0.39400504 0.38782045
168.30000000 951.06148823 0.11873534 0.11901609 0.14764050
168.30000000 951.06148823 0.11873534 0.11901609 0.14764050
162.50000000 530.09592684 0.11448784 0.11746090 0.11906551
168.30000000 951.06148823 0.90547068 0.86395479 0.86473780
168.30000000 951.06148823 0.11873534 0.11901609 0.14764050
162.50000000 530.09592684 0.87005185 0.89523807 0.84719101
168.30000000 951.06148823 0.90547068 0.86395479 0.86473780
162.50000000 530.09592684 0.11448784 0.11746090 0.11906551
162.50000000 530.09592684 0.87005185 0.89523807 0.84719101
162.50000000 530.09592684 0.87005185 0.89523807 0.84719101
237.50000000 180.93933924 0.88406789 0.88448014 0.86192527
237.50000000 180.93933924 0.88406789 0.88448014 0.86192527
197.20000000 4749.22357579 0.40583161 0.86669151 0.87699022
237.50000000 180.93933924 0.13364983 0.13085748 0.13274282
87.50000000 181.58985119 0.85421122 0.88930318 0.86041965
87.50000000 711.09483190 0.15065058 0.15137010 0.11837288
87.50000000 181.58985119 0.11419448 0.13662915 0.12948990
87.50000000 711.09483190 0.81522352 0.84947954 0.86252625
197.20000000 4749.22357579 0.05288341 0.12046303 0.11661626
87.50000000 711.09483190 0.15065058 0.15137010 0.11837288
87.50000000 529.83659588 0.39267125 0.32678693 0.34787091
87.50000000 529.83659588 0.39267125 0.32678693 0.34787091
87.50000000 361.84493608 0.35601331 0.36294622 0.39481585
87.50000000 529.83659588 0.64936078 0.61580180 0.60010417
237.50000000 531.04683691 0.36013026 0.37171038 0.36072780
237.50000000 360.72942611 0.64858394 0.62650467 0.61430535
237.50000000 531.04683691 0.62261894 0.63715562 0.60766745
237.50000000 360.72942611 0.38182939 0.38869038 0.35195610
87.50000000 361.84493608 0.64924421 0.66475133 0.63765216
237.50000000 360.72942611 0.64858394 0.62650467 0.61430535
181.30000000 311.19170227 0.94915545 0.92556964 0.93214801
181.30000000 311.99379646 0.93405247 0.94527156 0.94099759
181.30000000 311.19170227 0.94915545 0.92556964 0.93214801
181.30000000 311.19170227 0.43403428 0.40512897 0.44498160
331.30000000 311.06894301 0.94526459 0.93526164 0.92597745
331.30000000 311.06894301 0.44725485 0.42712440 0.42931427
331.30000000 310.50113605 0.45679012 0.41116261 0.44366372
331.30000000 310.50113605 0.94227978 0.93061253 0.93934310
181.30000000 311.99379646 0.45596456 0.44085782 0.45754172
331.30000000 310.50113605 0.45679012 0.41116261 0.44366372
212.40000000 4522.50203416 0.00000000 0.44858632 0.44376236
212.80000000 2922.73052125 0.00000000 0.42788306 0.44380480
212.40000000 4522.50203416 0.00000000 0.44858632 0.44376236
212.40000000 4522.50203416 0.00000000 0.92536188 0.92894923
188.50000000 1013.78485447 0.41245824 0.43145858 0.45746500
188.50000000 1013.78485447 0.91814287 0.94815936 0.93385569
181.30000000 659.65584721 0.92794347 0.94547239 0.94468781
181.30000000 659.65584721 0.40151189 0.41767368 0.44369105
212.80000000 2922.73052125 0.00000000 0.94464349 0.93789693
181.30000000 659.65584721 0.92794347 0.94547239 0.94468781
106.30000000 140.62314348 0.71041736 0.70182650 0.67427020
106.30000000 138.48488046 0.69800848 0.67986461 0.70903286
106.30000000 489.74421132 0.70625612 0.65663013 0.66899875
106.30000000 140.62314348 0.17715381 0.18104104 0.17316252
106.30000000 140.62314348 0.71041736 0.70182650 0.67427020
106.30000000 489.74421132 0.16618977 0.14806341 0.15014569
106.30000000 138.48488046 0.18194620 0.16731244 0.21030320
106.30000000 491.44165381 0.67067383 0.69773928 0.66248747
106.30000000 491.44165381 0.16385193 0.13486417 0.18221808
106.30000000 491.44165381 0.16385193 0.13486417 0.18221808
256.30000000 492.23462515 0.18157132 0.17556054 0.17123786
256.30000000 491.51402057 0.17751331 0.21280736 0.19541882
256.30000000 140.68031215 0.20683047 0.17572742 0.20007347
256.30000000 492.23462515 0.66669365 0.68493467 0.69215027
256.30000000 492.23462515 0.18157132 0.17556054 0.17123786
256.30000000 140.68031215 0.67574083 0.66716209 0.70702312
256.30000000 491.51402057 0.64758879 0.71196288 0.70941077
256.30000000 140.28449575 0.21158751 0.18758607 0.17925672
256.30000000 140.28449575 0.68258983 0.70093493 0.67677197
256.30000000 140.28449575 0.68258983 0.70093493 0.67677197
218.80000000 231.20645937 0.30269901 0.33339885 0.34134286
218.80000000 231.82338241 0.32522233 0.32089319 0.32556363
218.80000000 401.05355366 0.31104449 0.33960518 0.33808153
218.80000000 231.20645937 0.06041281 0.05503332 0.05922990
68.80000000 228.27508160 0.25571418 0.30087720 0.31477985
68.80000000 398.87938010 0.07123451 0.05053417 0.07277059
68.80000000 229.06553891 0.05151553 0.06947820 0.05399787
68.80000000 402.12797649 0.29536178 0.28124692 0.34202860
218.80000000 398.53099643 0.06344743 0.05962243 0.07151742
68.80000000 402.12797649 0.04123843 0.04151128 0.07588184
68.80000000 582.81862281 0.80670786 0.83415334 0.78337955
68.80000000 579.89371148 0.84127264 0.83711287 0.82643701
68.80000000 752.64364602 0.79372840 0.81241251 0.81499689
68.80000000 582.81862281 0.51122428 0.57419883 0.55420091
229.20000000 1249.74909637 0.81223387 0.82882519 0.80302004
186.70000000 6973.48701833 0.33777821 0.54411246 0.56058214
218.80000000 582.66936907 0.56889495 0.55922234 0.57112156
186.30000000 4087.65001731 0.50153807 0.79905954 0.80465659
68.80000000 752.55907259 0.55372135 0.57172625 0.57076951
186.30000000 4087.65001731 0.34511016 0.54428027 0.57654142
293.80000000 399.64183620 0.05505255 0.06217116 0.06346635
293.80000000 402.43183916 0.06655648 0.05723249 0.06096451
241.30000000 3451.83464137 0.01980689 0.06106429 0.06589387
293.80000000 399.64183620 0.32373451 0.31262291 0.30544063
293.80000000 399.64183620 0.05505255 0.06217116 0.06346635
241.30000000 3451.83464137 0.14653131 0.29999455 0.34123644
293.80000000 402.43183916 0.30492988 0.31236741 0.32749875
241.50000000 3486.49859595 0.04255610 0.06040668 0.06226628
241.50000000 3486.49859595 0.16110313 0.34175076 0.32284606
241.50000000 3486.49859595 0.16110313 0.34175076 0.32284606
143.80000000 751.05781133 0.53623551 0.47730612 0.57035756
146.70000000 829.04200375 0.56130085 0.58697058 0.57610099
143.80000000 229.81782738 0.55782603 0.56486311 0.55100784
143.80000000 751.05781133 0.80075511 0.76704789 0.83652396
143.80000000 751.05781133 0.53623551 0.47730612 0.57035756
143.80000000 229.81782738 0.81455686 0.83760883 0.82740911
146.70000000 829.04200375 0.80677802 0.80314834 0.81180284
143.80000000 230.47895184 0.58794199 0.57125628 0.56360040
143.80000000 230.47895184 0.81174158 0.81810111 0.78578788
143.80000000 230.47895184 0.81174158 0.81810111 0.78578788
246.90000000 420.37630287 0.46902668 0.49129328 0.46238019
246.90000000 421.74952645 0.44277724 0.45534119 0.44782989
182.20000000 3037.93727773 0.09730635 0.44311173 0.45000428
246.90000000 420.37630287 0.50510095 0.56202856 0.52639014
303.10000000 422.22014898 0.49384387 0.45409297 0.46613258
181.80000000 3862.24318273 0.00000000 0.42930441 0.54302916
303.10000000 421.63873772 0.52853994 0.50148103 0.53978410
182.30000000 4070.61190443 0.00000000 0.41569686 0.45888543
182.10000000 2718.81631693 0.10215135 0.53470746 0.54106905
182.30000000 4070.61190443 0.00000000 0.46976777 0.52000512
96.90000000 772.60812356 0.97702381 0.97988620 0.96277307
96.90000000 771.05051067 0.96323180 0.97681870 0.97782271
96.90000000 419.88122658 0.97816342 0.97167182 0.96027655
96.90000000 772.60812356 0.02137592 0.02010913 0.04277738
161.50000000 1349.52272710 0.95227848 0.96456921 0.95475225
153.10000000 420.06625536 0.04045450 0.02564675 0.02591920
161.50000000 1341.89933200 0.02858858 0.02388062 0.01917310
153.10000000 420.15237061 0.96529339 0.96812512 0.95914369
96.90000000 419.04388847 0.02954421 0.02191418 0.03054765
153.10000000 420.15237061 0.02671480 0.03611074 0.02107656
321.80000000 251.18951557 0.23030388 0.22583203 0.21261165
321.80000000 250.76078535 0.21224373 0.23181704 0.21368770
321.80000000 251.18951557 0.23030388 0.22583203 0.21261165
321.80000000 251.18951557 0.79741874 0.81744593 0.79194049
78.10000000 250.68458061 0.20593213 0.27027657 0.19826152
78.10000000 250.68458061 0.74559395 0.76235952 0.76586144
78.10000000 250.75621847 0.75539041 0.73281060 0.77707248
78.10000000 250.75621847 0.23149904 0.25704497 0.22499758
321.80000000 250.76078535 0.78223935 0.78656978 0.77840781
78.10000000 250.75621847 0.75539041 0.73281060 0.77707248
171.90000000 602.51659204 0.66043844 0.71821555 0.71761423
171.90000000 601.43203015 0.73955825 0.71580936 0.69503115
171.90000000 602.51659204 0.66043844 0.71821555 0.71761423
171.90000000 602.51659204 0.26149930 0.25953270 0.27224543
228.10000000 607.37447827 0.71612174 0.69292013 0.71423071
228.10000000 607.37447827 0.27600701 0.29148942 0.30611390
228.30000000 604.76005567 0.29290843 0.26339934 0.29917832
228.30000000 604.76005567 0.70601139 0.70214700 0.71240246
171.90000000 601.43203015 0.27340141 0.28622288 0.27243889
228.30000000 604.76005567 0.29290843 0.26339934 0.29917832
134.40000000 162.40809522 0.85356979 0.83725203 0.85662446
134.40000000 160.77628774 0.85139014 0.84492962 0.83871478
134.40000000 691.58292800 0.84249053 0.82960110 0.85174830
134.40000000 162.40809522 0.91207404 0.91127520 0.91666591
115.60000000 162.56540402 0.81108480 0.83144511 0.85421071
115.60000000 692.10625067 0.90433679 0.90401605 0.87852848
115.60000000 157.95419745 0.91632643 0.90814871 0.91233656
115.60000000 689.41813222 0.84566323 0.82637737 0.87030224
134.40000000 689.48997421 0.92017336 0.91283652 0.90203681
115.60000000 689.41813222 0.91707708 0.90303530 0.93491486
275.40000000 4030.13016862 0.30303662 0.35137061 0.33382597
275.70000000 1784.17961221 0.35270259 0.34150374 0.35459705
284.40000000 340.85340991 0.33424154 0.36868818 0.37512832
275.40000000 4030.13016862 0.36044819 0.42114797 0.40358371
275.00000000 2668.91497687 0.32740257 0.36131700 0.33449074
265.60000000 342.44543905 0.39600940 0.40697470 0.42128738
265.60000000 513.42677813 0.39494081 0.43965894 0.39730092
265.60000000 340.81787672 0.35831147 0.35617177 0.37902802
284.40000000 340.46018018 0.42994827 0.41767880 0.41377117
265.60000000 340.81787672 0.42919596 0.43360313 0.43829176
59.40000000 340.61341808 0.61283146 0.54532388 0.60808443
59.40000000 338.65085618 0.49475404 0.58625297 0.65630127
59.40000000 160.51329827 0.62678470 0.60840235 0.61263323
59.40000000 340.61341808 0.67232476 0.65737424 0.67105964
340.60000000 341.30321735 0.61967480 0.59792556 0.57328568
340.60000000 160.40313816 0.67142903 0.67760287 0.68325261
340.60000000 340.20679358 0.68420157 0.64878581 0.65216269
340.60000000 160.77338791 0.57616872 0.63246995 0.60122567
59.40000000 159.99268548 0.71380337 0.63801791 0.67430192
340.60000000 160.77338791 0.65600131 0.68130898 0.65232607
203.40000000 1875.92026762 0.07888715 0.10543676 0.08100662
203.30000000 2010.48300878 0.09573049 0.09923306 0.08919235
209.40000000 511.31569020 0.10320634 0.11357727 0.09439440
203.40000000 1875.92026762 0.15556592 0.16316285 0.14319995
190.60000000 691.94618396 0.08824592 0.11226805 0.10921272
190.60000000 511.76463294 0.18182963 0.14796616 0.16184961
190.60000000 690.87783493 0.17238766 0.17517833 0.14473202
190.60000000 511.94967687 0.09195466 0.10000559 0.09154940
209.40000000 512.52253730 0.16888705 0.16886726 0.16635622
190.60000000 511.94967687 0.14517440 0.17046011 0.16248162
303.10000000 202.00538391 0.52569531 0.50795916 0.54242078
303.10000000 200.29397927 0.54314257 0.54029512 0.56109838
254.90000000 3383.89758973 0.28881131 0.53119195 0.53029103
303.10000000 202.00538391 0.95540670 0.96211308 0.97089586
96.90000000 197.69140302 0.49432211 0.48704880 0.49600394
96.90000000 550.23919958 0.96467462 0.95716801 0.97427774
96.90000000 200.99461352 0.97446100 0.96325592 0.96511508
96.90000000 549.88199021 0.49518541 0.49686183 0.53230963
254.70000000 3728.34605579 0.47659915 0.97275600 0.97450654
96.90000000 549.88199021 0.96238734 0.97624056 0.97054453
153.10000000 550.81154021 0.01411902 0.03547561 0.03585732
153.10000000 551.23072347 0.04720531 0.03746099 0.03699174
153.10000000 202.29251452 0.02385881 0.02449779 0.03088328
153.10000000 550.81154021 0.46209403 0.46701767 0.47186195
246.90000000 554.57544171 0.03048102 0.03135274 0.02475598
246.90000000 200.32825361 0.48491325 0.48444882 0.47934303
246.70000000 554.97327797 0.47582805 0.44326229 0.48052084
246.90000000 201.16150127 0.03893306 0.02571337 0.03933440
153.10000000 202.35373855 0.46249988 0.45099999 0.46190193
246.90000000 201.16150127 0.47287359 0.43785655 0.47575062
228.10000000 382.12503373 0.78515987 0.79220200 0.78675258
228.10000000 380.77823618 0.77257148 0.78058613 0.77954550
228.10000000 382.12503373 0.78515987 0.79220200 0.78675258
228.10000000 382.12503373 0.73381571 0.73185469 0.72949008
321.80000000 381.24070333 0.78202437 0.78304074 0.78582958
321.80000000 381.24070333 0.72378981 0.72228450 0.73822609
321.80000000 380.01225480 0.70502008 0.70893230 0.69811006
321.80000000 380.01225480 0.75949453 0.76953459 0.75750518
228.10000000 380.77823618 0.70687633 0.73275328 0.72392324
321.80000000 380.01225480 0.70502008 0.70893230 0.69811006
78.10000000 729.99057592 0.21081430 0.27859382 0.25849969
78.10000000 730.72354249 0.27376757 0.33750865 0.30934727
78.10000000 729.99057592 0.21081430 0.27859382 0.25849969
78.10000000 729.99057592 0.14946873 0.19056090 0.18342747
171.90000000 731.72211124 0.27551438 0.28224735 0.27868512
171.90000000 731.72211124 0.22753409 0.21639581 0.22488814
183.40000000 1945.54714975 0.23718329 0.25792941 0.22600739
183.40000000 1945.54714975 0.30274758 0.31998406 0.27916846
78.10000000 730.72354249 0.24314522 0.25629716 0.25565293
183.40000000 1945.54714975 0.23718329 0.25792941 0.22600739
115.60000000 289.46745499 0.15063049 0.15324420 0.16163547
115.60000000 291.92890530 0.16540696 0.18665821 0.16693798
115.60000000 469.82834938 0.15947464 0.14355218 0.14718602
115.60000000 289.46745499 0.56630019 0.59918520 0.61065040
284.40000000 290.85685695 0.17515429 0.16106009 0.15418106
284.30000000 474.10768063 0.60659558 0.59927732 0.60317621
284.40000000 290.81799224 0.57707544 0.60343889 0.60214403
284.40000000 472.18136285 0.16211104 0.17109156 0.16341137
115.60000000 472.06024975 0.60711741 0.61806938 0.55757898
284.40000000 472.18136285 0.62477230 0.60092522 0.58699061
219.50000000 4181.96671504 0.29655266 0.65726811 0.65583290
218.90000000 3619.87059897 0.30634573 0.65450126 0.66401841
265.60000000 120.01263005 0.65052081 0.63059394 0.65606296
219.50000000 4181.96671504 0.03986819 0.09365581 0.11028195
134.40000000 642.07659569 0.65519853 0.63672592 0.64647303
134.40000000 120.39481590 0.09796444 0.07511899 0.10104556
134.40000000 640.01905462 0.07427428 0.09761077 0.11636039
134.40000000 121.07118477 0.65046004 0.68500600 0.65374642
265.60000000 121.26376853 0.09095402 0.11139909 0.09744372
134.40000000 121.07118477 0.07168693 0.08157744 0.08087847
190.60000000 121.37271095 0.38763641 0.42833787 0.41193028
190.60000000 121.43042427 0.40454934 0.43733054 0.41520665
190.60000000 291.46789817 0.41821084 0.41816509 0.42904168
190.60000000 121.37271095 0.83507388 0.84015368 0.86255234
59.40000000 121.97497175 0.41910614 0.37787319 0.39081760
59.40000000 293.24553672 0.78513121 0.86031248 0.83879045
59.40000000 121.26148493 0.84464286 0.83971362 0.79581154
59.40000000 292.25843853 0.39972182 0.38335436 0.41324380
190.60000000 291.79544661 0.84160168 0.84451654 0.82364233
59.40000000 292.25843853 0.81374769 0.86707135 0.87283751
299.20000000 3072.10683738 0.59469900 0.90460186 0.90896388
298.10000000 3232.17244629 0.55666905 0.91425071 0.90527868
219.50000000 2254.22026849 0.00000000 0.90234161 0.92611358
299.20000000 3072.10683738 0.22052999 0.34359498 0.35079914
209.40000000 470.20879439 0.90724085 0.91744851 0.91957620
209.40000000 641.14519897 0.32256216 0.31395951 0.31037720
209.40000000 469.51077631 0.35366125 0.36704496 0.33379124
218.90000000 3641.82734501 0.91057762 0.91838351 0.90084115
219.50000000 3313.51756402 0.00000000 0.31498097 0.34160747
218.90000000 3641.82734501 0.34907275 0.33002817 0.35485190
214.00000000 281.65485351 0.68420519 0.70343999 0.70157080
214.00000000 281.56030246 0.67519427 0.68229783 0.70799419
189.60000000 4071.90230550 0.53639679 0.71444513 0.70838707
214.00000000 281.65485351 0.78514550 0.78805293 0.79503716
251.50000000 281.03926639 0.71344684 0.71559050 0.70041308
189.30000000 3510.42689167 0.20509276 0.77608841 0.79406219
251.50000000 281.49841338 0.79346716 0.80789665 0.79937885
189.40000000 3119.28410454 0.18289113 0.70103568 0.69970352
189.70000000 4042.25324313 0.60808304 0.78481066 0.81461088
189.40000000 3119.28410454 0.19463995 0.79808261 0.79283273
64.00000000 630.57055497 0.18105976 0.16790716 0.20316490
64.00000000 634.08983822 0.26745336 0.18240868 0.27099946
64.00000000 389.52898695 0.20137905 0.24404330 0.22409453
64.00000000 630.57055497 0.29562726 0.28688828 0.29980953
101.50000000 631.91073686 0.22486357 0.24167067 0.19939058
101.50000000 392.42890098 0.29960828 0.29238608 0.29806511
101.50000000 631.78680565 0.32518743 0.27983654 0.34193072
101.50000000 391.98211998 0.20045014 0.21626021 0.21896075
64.00000000 394.24377022 0.33430799 0.30520493 0.33650645
101.50000000 391.98211998 0.28587448 0.28796406 0.28419583
289.00000000 110.93033790 0.95034320 0.95385703 0.94996528
289.00000000 111.68193609 0.94196919 0.95859723 0.95824182
289.00000000 221.10554438 0.95389012 0.95823979 0.95092966
289.00000000 110.93033790 0.56886505 0.55939243 0.51080455
176.50000000 110.74729199 0.94764650 0.96015953 0.95705414
176.50000000 219.79163561 0.55852683 0.52983393 0.54572524
176.50000000 110.92158808 0.53634741 0.60033978 0.56178570
176.50000000 220.35142619 0.96566109 0.95221490 0.95971969
289.00000000 222.19888801 0.56779536 0.57414827 0.55546779
176.50000000 220.35142619 0.54327901 0.55320224 0.53174576
139.00000000 460.19592973 0.44977477 0.45174283 0.47052956
139.00000000 462.78828210 0.45225281 0.46895093 0.45505524
139.00000000 569.99510114 0.42825580 0.47112615 0.44873913
139.00000000 460.19592973 0.03624728 0.05419610 0.05252786
304.90000000 2758.32835052 0.41180253 0.46444062 0.47272373
245.80000000 2755.50139189 0.00369069 0.04632153 0.04165347
305.60000000 2777.68783140 0.03522767 0.04619885 0.05099728
246.60000000 2952.64760588 0.10220337 0.41751689 0.45974139
139.00000000 571.17152548 0.04779547 0.03345690 0.03975058
246.60000000 2952.64760588 0.00671086 0.04302952 0.05398540
176.50000000 192.03489537 0.10508041 0.08268183 0.08283679
176.50000000 190.82153573 0.09206618 0.07869837 0.09550510
176.50000000 651.51540423 0.07416235 0.09477431 0.09678406
176.50000000 192.03489537 0.63984232 0.65485743 0.67898947
139.00000000 194.29046427 0.07476335 0.08309778 0.08093176
139.00000000 651.97118340 0.65765332 0.64687242 0.67057433
139.00000000 192.92544836 0.65370859 0.65323837 0.67094478
139.00000000 650.36770526 0.07242259 0.06509200 0.07675236
176.50000000 650.09387337 0.69054138 0.70542601 0.68113800
139.00000000 650.36770526 0.67590823 0.68366385 0.69353167
259.00000000 3530.76818411 0.21300274 0.58181300 0.58788878
260.10000000 3406.88166501 0.19673129 0.57005399 0.61252622
326.50000000 300.73351109 0.58445010 0.60218593 0.61228442
259.00000000 3530.76818411 0.06379033 0.16721979 0.16695776
260.80000000 4013.60568717 0.39459504 0.57681546 0.58465106
289.00000000 301.20906962 0.16096933 0.15969431 0.15487377
259.60000000 3957.97740295 0.11762978 0.15706260 0.18774322
289.00000000 300.78443105 0.55643587 0.56649876 0.58225640
326.50000000 300.59213910 0.17568759 0.17307610 0.17892686
289.00000000 300.78443105 0.18802794 0.17385638 0.15485595
101.50000000 370.02891993 0.36199252 0.33704611 0.33722395
101.50000000 371.21721572 0.38016146 0.35741765 0.35430620
101.50000000 128.97524446 0.32301054 0.34500494 0.35630575
101.50000000 370.02891993 0.91908033 0.93166336 0.93507267
214.00000000 372.40965661 0.31072101 0.32205427 0.30670715
214.00000000 130.60355133 0.93412044 0.90941892 0.93148942
214.00000000 371.50697896 0.92193412 0.91900714 0.90983336
214.00000000 132.46731017 0.31205247 0.35206102 0.30444909
101.50000000 132.29709347 0.90459587 0.92143861 0.92895959
214.00000000 132.46731017 0.91566315 0.90793332 0.91780059
194.60000000 3223.51640087 0.24253370 0.82181936 0.81851455
195.20000000 3619.44623276 0.26161760 0.81944680 0.84969057
251.50000000 481.15800248 0.80224974 0.82614632 0.83947908
194.60000000 3223.51640087 0.11451941 0.40692852 0.42821015
64.00000000 719.53529228 0.87500397 0.79625528 0.89066582
64.00000000 482.12491224 0.40869915 0.43801074 0.38486220
64.00000000 720.61922581 0.45685493 0.35796860 0.40668440
64.00000000 481.56043117 0.81783125 0.85631828 0.85292772
251.50000000 481.34680305 0.43342882 0.41806208 0.43729043
64.00000000 481.56043117 0.40897865 0.39671929 0.44285964
345.30000000 152.22202227 0.26057618 0.28086579 0.26757800
345.30000000 151.18030491 0.27425214 0.26348272 0.25339845
229.90000000 1034.18916160 0.00000000 0.27186228 0.27826269
345.30000000 152.22202227 0.70277129 0.76560408 0.75850007
157.80000000 151.50534951 0.26566390 0.26031531 0.23569010
157.80000000 611.62551574 0.72764405 0.77272509 0.74064057
157.80000000 151.55282315 0.71753660 0.74619383 0.73342513
157.80000000 611.54072709 0.24550319 0.27668053 0.24966637
229.40000000 2206.51770277 0.00000000 0.71214231 0.74859062
157.80000000 611.54072709 0.70156271 0.72727350 0.71907832
195.30000000 499.75477769 0.75524095 0.80099532 0.77891287
195.30000000 501.39288126 0.74454778 0.74607944 0.78677828
195.30000000 260.69959027 0.76872701 0.76980923 0.77096859
195.30000000 499.75477769 0.20798059 0.25373631 0.26261696
280.90000000 3132.04800853 0.63868127 0.76657291 0.78269618
307.80000000 260.38845171 0.23836849 0.24323188 0.22923411
281.20000000 3121.51151657 0.18650800 0.24042450 0.24167131
307.80000000 262.11482477 0.75534123 0.74001849 0.74917720
195.30000000 261.86460586 0.25391470 0.20048107 0.22692658
307.80000000 262.11482477 0.23740797 0.21301161 0.21573582
270.30000000 319.85795055 0.01071641 0.01871534 0.01695358
270.30000000 319.72525977 0.01215203 0.01129963 0.01475568
270.30000000 432.27043908 0.01701408 0.01629016 0.01802220
270.30000000 319.85795055 0.98513637 0.98005363 0.98485247
232.80000000 320.49844412 0.01737590 0.00960093 0.02078301
232.80000000 430.19598946 0.98883298 0.98639936 0.97970564
232.80000000 322.01021325 0.98155033 0.97872469 0.97686827
232.80000000 431.58321605 0.01347562 0.01701688 0.01230958
270.30000000 432.25417610 0.98394426 0.98008185 0.98476066
232.80000000 431.58321605 0.98266465 0.98377741 0.98228324
120.30000000 671.38480808 0.51737336 0.52650161 0.55643088
120.30000000 670.13665289 0.50602744 0.51369338 0.50783801
120.30000000 781.62576664 0.50974104 0.49404279 0.52267934
120.30000000 671.38480808 0.48631409 0.49414812 0.51678170
82.80000000 672.85069344 0.43940918 0.55872845 0.58302298
82.80000000 782.00971132 0.46289587 0.48929412 0.45689816
82.80000000 670.24870318 0.46999230 0.54168918 0.49239122
82.80000000 784.58363314 0.50652612 0.59976553 0.48678624
120.30000000 782.93388447 0.47570102 0.48205266 0.55127453
82.80000000 784.58363314 0.47467994 0.56159043 0.47422823
82.80000000 409.02107582 0.87753605 0.88887550 0.88987519
82.80000000 411.19669409 0.88024113 0.84090685 0.86987634
82.80000000 519.79279347 0.89739856 0.88584941 0.91113908
82.80000000 409.02107582 0.83034259 0.85955044 0.85307687
270.30000000 411.61465004 0.86517461 0.87672061 0.88135573
269.60000000 637.33967048 0.85529603 0.86920130 0.86469946
270.30000000 410.00685230 0.84243621 0.85491375 0.85786114
270.20000000 4147.80284370 0.87422904 0.90005427 0.88935970
82.80000000 522.22868813 0.83913281 0.87548321 0.81486399
270.20000000 4147.80284370 0.85125419 0.86703679 0.86430453
184.30000000 3834.24640868 0.07451133 0.38702861 0.40538788
184.30000000 3989.63089150 0.14534065 0.38903951 0.38170973
232.80000000 170.16077612 0.38903103 0.41402764 0.41971408
184.30000000 3834.24640868 0.06533097 0.35554116 0.36140941
120.30000000 764.15011209 0.38027104 0.38480156 0.41771823
120.30000000 170.61678299 0.34115127 0.36561826 0.36783504
120.30000000 759.37996345 0.38233023 0.34050864 0.36690282
120.30000000 171.03101166 0.37003502 0.39361728 0.37107762
232.80000000 171.12821141 0.38359958 0.34192593 0.36843028
120.30000000 171.03101166 0.33836237 0.35420354 0.33436896
157.80000000 240.50870883 0.65658657 0.62660046 0.64004888
157.80000000 240.70496912 0.60536069 0.68524373 0.66240382
157.80000000 353.31393461 0.64941992 0.62028079 0.65042200
157.80000000 240.50870883 0.62236784 0.60108759 0.60636867
195.30000000 242.06837095 0.64788725 0.67193141 0.66854364
195.30000000 349.60732867 0.61897154 0.56646987 0.63969993
195.30000000 239.87821184 0.62096511 0.58274703 0.59359278
195.30000000 349.27584336 0.64746365 0.63095950 0.67831782
157.80000000 351.40508388 0.60056030 0.63217456 0.58945053
195.30000000 349.27584336 0.61881804 0.59868991 0.65047055
237.90000000 3268.26401404 0.05168011 0.14651773 0.13598085
237.90000000 3077.72536967 0.03544963 0.14486313 0.16286016
200.20000000 2300.00699757 0.00000000 0.13771908 0.15919744
237.90000000 3268.26401404 0.04382321 0.10263761 0.09637468
238.00000000 1349.43950914 0.00791928 0.11619307 0.15609759
200.20000000 3331.48316235 0.00000000 0.08192217 0.10085390
236.90000000 1210.88784256 0.00427402 0.10781130 0.11802558
201.00000000 3654.92901926 0.00000000 0.11002926 0.13854968
200.30000000 3441.54055990 0.00000000 0.10592148 0.11284368
201.00000000 3654.92901926 0.00000000 0.08761744 0.10400228
92.20000000 262.43902493 0.81053936 0.80221225 0.82643063
92.20000000 259.76156274 0.78747707 0.77144906 0.81113606
92.20000000 151.74695259 0.80617510 0.74765655 0.80641176
92.20000000 262.43902493 0.27076888 0.22909501 0.30137217
185.90000000 261.07529386 0.80095419 0.76517932 0.78198840
185.90000000 150.94159929 0.28364064 0.25811766 0.23584446
185.90000000 261.63055658 0.26517655 0.27371513 0.28175108
185.90000000 151.47563140 0.80501311 0.79719739 0.76272286
92.20000000 149.47444618 0.22345783 0.26555381 0.29353806
185.90000000 151.47563140 0.29745199 0.26480920 0.22957249
230.00000000 2616.53863799 0.32009983 0.31852360 0.27991729
229.80000000 4707.52405236 0.23904131 0.30611932 0.29452777
242.20000000 500.22657674 0.28890940 0.29872456 0.29173680
230.00000000 2616.53863799 0.76006217 0.76840775 0.78857375
230.00000000 1226.31042660 0.00592555 0.30194144 0.31300988
280.50000000 3172.41122752 0.39276503 0.77854647 0.77358674
229.50000000 2711.94483756 0.04460028 0.80023801 0.79938838
280.80000000 3527.83353146 0.14475185 0.30842173 0.31357753
247.10000000 586.08178529 0.77093668 0.75172628 0.80359980
280.80000000 3527.83353146 0.38519701 0.76004634 0.77850998
167.20000000 431.84592647 0.56160441 0.54828856 0.55401603
167.20000000 431.63968690 0.52713173 0.54625091 0.54082857
170.20000000 736.23989663 0.53549971 0.56034742 0.54102678
167.20000000 431.84592647 0.01115485 0.01820510 0.01659298
260.90000000 429.81544283 0.54226165 0.55564559 0.55246942
209.90000000 5424.22066573 0.00605454 0.01512203 0.01700034
260.90000000 430.10542127 0.00840661 0.01702347 0.01310044
209.30000000 4269.98382627 0.20312215 0.55075165 0.52516459
170.70000000 761.75109997 0.01809048 0.01116362 0.01518032
209.30000000 4269.98382627 0.00253205 0.01774797 0.01620292
179.70000000 3680.08791507 0.00000000 0.03734489 0.04799685
179.60000000 3609.08635623 0.00000000 0.03503415 0.03958045
317.20000000 321.88612172 0.04173483 0.03266093 0.04312102
179.70000000 3680.08791507 0.00000000 0.38457493 0.52096253
111.00000000 779.30258816 0.02857435 0.01938947 0.04145585
111.00000000 320.31270124 0.48666806 0.48132000 0.54559093
111.00000000 781.50845439 0.49049980 0.54092415 0.54155619
111.00000000 319.83236018 0.04158576 0.05358918 0.04564334
317.20000000 322.27881367 0.51959617 0.52526204 0.52031061
111.00000000 319.83236018 0.53835100 0.49066695 0.48613980
279.70000000 350.51003688 0.42426083 0.39773074 0.43040671
279.70000000 352.15570169 0.45370945 0.41758658 0.41797219
279.70000000 241.51984147 0.42892387 0.40949104 0.40777275
279.70000000 350.51003688 0.14969841 0.15443108 0.15375937
223.40000000 353.14337269 0.41584775 0.41232944 0.43940433
223.40000000 241.71623732 0.17103989 0.13407931 0.14455079
223.40000000 349.83903025 0.13564674 0.14420607 0.12907196
223.40000000 240.72796525 0.39787055 0.44609926 0.40522293
279.70000000 240.30784841 0.13985548 0.12554343 0.14106316
223.40000000 240.72796525 0.14202066 0.13115012 0.13757440
129.70000000 703.27834924 0.93657573 0.93459691 0.92792293
129.70000000 700.68470167 0.92963549 0.94045382 0.92438203
129.70000000 591.82634677 0.92261656 0.91214908 0.90595869
129.70000000 703.27834924 0.63830199 0.63473774 0.63415175
73.50000000 701.91803602 0.93069813 0.93633733 0.92853370
73.50000000 592.46451977 0.63824777 0.61918396 0.65637720
73.50000000 701.87666467 0.63918484 0.65630597 0.64085446
73.50000000 591.59428631 0.89642472 0.95611912 0.89692318
129.70000000 593.80131893 0.64315518 0.65038765 0.64085704
73.50000000 591.59428631 0.62655623 0.74220739 0.59446173
204.70000000 171.99349860 0.17734638 0.17096199 0.18268119
204.70000000 170.71509484 0.15849225 0.15813384 0.17143153
184.10000000 5900.63450105 0.11913914 0.19654817 0.17774259
204.70000000 171.99349860 0.39674096 0.39901227 0.37496205
148.50000000 171.56248630 0.15972701 0.17006504 0.16192265
153.50000000 971.32045116 0.39784629 0.43860336 0.39164039
148.50000000 172.41916967 0.41064387 0.36356091 0.35592609
154.00000000 1036.36244196 0.19243626 0.19673164 0.21777902
184.50000000 6813.15987721 0.25870535 0.39974160 0.41328499
154.00000000 1036.36244196 0.38844178 0.45639854 0.43612114
54.70000000 520.40323232 0.68867618 0.64984647 0.62405130
54.70000000 518.00687831 0.62965204 0.69739286 0.63553123
54.70000000 408.55309928 0.69668149 0.62690662 0.69080804
54.70000000 520.40323232 0.88073474 0.89732019 0.88252101
269.80000000 3292.40546184 0.54046673 0.65117837 0.66576006
298.40000000 411.10724507 0.90519323 0.89488259 0.88599256
268.80000000 3265.70812207 0.70404020 0.88560119 0.88192636
298.40000000 411.37026637 0.66766092 0.65045012 0.67186918
54.70000000 412.03894175 0.90958261 0.85710571 0.89474947
298.40000000 411.37026637 0.87316516 0.88287243 0.89828497
148.50000000 389.57437369 0.23248797 0.23575283 0.25224127
148.50000000 389.45120366 0.22679166 0.26462410 0.25816105
148.50000000 278.94307207 0.23782310 0.19423144 0.21069485
148.50000000 389.57437369 0.20729013 0.18728226 0.21513173
204.70000000 390.06763749 0.19949004 0.23167211 0.26298196
204.70000000 281.13129511 0.18372659 0.18861060 0.18822218
204.70000000 390.72035636 0.21074019 0.21390065 0.17661240
204.70000000 279.39324726 0.23642173 0.27333594 0.25041856
148.50000000 280.77567096 0.23077457 0.19235392 0.20458358
204.70000000 279.39324726 0.20474870 0.23672690 0.21122350
189.60000000 5338.98816818 0.00000000 0.73417849 0.76305119
189.50000000 4431.17343956 0.00000000 0.74028796 0.71156201
223.20000000 3832.63760589 0.19219676 0.73605338 0.72251375
189.60000000 5338.98816818 0.00000000 0.70000225 0.72963056
54.70000000 741.36795725 0.73621490 0.68907132 0.73512584
54.70000000 635.21667552 0.68681351 0.66888552 0.65977332
54.70000000 740.04657407 0.70814718 0.65263847 0.68716550
54.70000000 628.76277658 0.69255739 0.71292269 0.65366058
222.50000000 2457.21377191 0.12010419 0.69536041 0.72327004
54.70000000 628.76277658 0.66155082 0.67055224 0.62161370
73.50000000 218.87319192 0.45457866 0.48318394 0.51344526
73.50000000 218.26282648 0.52152552 0.43780883 0.44903729
73.50000000 460.01330888 0.45764014 0.49927214 0.50479901
73.50000000 218.87319192 0.43754967 0.44604571 0.48712887
129.70000000 220.49413792 0.44443376 0.44800516 0.50502520
129.70000000 458.92481216 0.43210685 0.47097558 0.51505038
129.70000000 220.77548508 0.43303432 0.44598298 0.41904480
129.70000000 460.90538974 0.50564587 0.50793490 0.48227801
73.50000000 459.82750292 0.45523295 0.35017470 0.41754591
129.70000000 460.90538974 0.47899886 0.48574621 0.46715773
223.40000000 572.21052211 0.98332579 0.98009929 0.97438388
234.10000000 1283.24400095 0.98505550 0.98015267 0.98333570
223.40000000 111.55658471 0.98278865 0.98612183 0.97819585
223.40000000 572.21052211 0.95649288 0.94589332 0.95364101
246.00000000 3509.77019252 0.67513314 0.97714793 0.98211798
279.70000000 111.68145095 0.95345492 0.94144486 0.94537603
246.10000000 3926.45169340 0.58879168 0.95735451 0.95989524
279.70000000 110.09127951 0.97966840 0.97900805 0.98449217
223.40000000 111.33363624 0.95680702 0.95963518 0.95886869
279.70000000 110.09127951 0.94756116 0.95270912 0.96638380
260.90000000 132.19234171 0.60521526 0.59837289 0.62130454
260.90000000 130.97202009 0.63570197 0.62908000 0.61051626
260.90000000 371.52050044 0.58472964 0.59452007 0.61525485
260.90000000 132.19234171 0.33649740 0.34942726 0.34246971
167.20000000 132.18942849 0.64114140 0.58582323 0.60779998
167.20000000 370.43263920 0.32709246 0.36704673 0.35387920
167.20000000 131.37985998 0.32334282 0.32584647 0.34582660
167.20000000 370.85618951 0.62931243 0.57915329 0.63625493
260.90000000 370.33193905 0.32298292 0.32934552 0.32824194
167.20000000 370.85618951 0.33997240 0.32439929 0.34641233
111.00000000 482.44874430 0.11336368 0.11825787 0.12244990
111.00000000 480.67258268 0.08007516 0.13168511 0.09167977
111.00000000 721.28483567 0.15134644 0.14887010 0.10421829
111.00000000 482.44874430 0.85202991 0.79682690 0.82430599
292.40000000 2981.48962456 0.10964721 0.10152015 0.09689918
194.70000000 6280.49672011 0.00000000 0.77421121 0.80715847
292.70000000 3002.92397718 0.71975651 0.82172861 0.84280802
194.70000000 3859.45699156 0.00000000 0.10231868 0.13312707
111.00000000 719.19480653 0.84860925 0.81798864 0.87305811
194.70000000 3859.45699156 0.00000000 0.74001704 0.83153072
335.90000000 301.08490496 0.86122612 0.84309637 0.84885649
335.90000000 301.06112423 0.87795922 0.85830308 0.86317630
259.20000000 2970.71661555 0.24760561 0.85120152 0.85538399
335.90000000 301.08490496 0.08653012 0.06919607 0.08585485
242.20000000 300.40145819 0.86479239 0.85656590 0.85512500
242.20000000 541.38561522 0.08706168 0.08668060 0.09084464
242.20000000 302.37323700 0.06651004 0.06766803 0.07893728
242.20000000 542.04251573 0.83485797 0.83355610 0.86134795
260.00000000 2949.80953679 0.02614133 0.07385847 0.08576575
242.20000000 542.04251573 0.07474429 0.08862232 0.09226145
185.90000000 649.22096747 0.34937333 0.35484198 0.35800093
194.00000000 1047.79055495 0.34502341 0.34091844 0.37204944
185.90000000 190.23088193 0.35033006 0.37926880 0.34564166
185.90000000 649.22096747 0.56275577 0.58016296 0.59982593
92.20000000 651.13015761 0.36607406 0.36829137 0.39214217
92.20000000 189.04738068 0.56220739 0.58428052 0.62393405
92.20000000 652.35786952 0.64807260 0.55655069 0.59373062
92.20000000 191.06878882 0.34508473 0.33965619 0.36446655
185.90000000 189.20094087 0.58712716 0.54435799 0.59519553
92.20000000 191.06878882 0.52446092 0.54493442 0.60076641
300.80000000 370.89051387 0.81881949 0.82005762 0.81775516
300.80000000 370.79616491 0.82577274 0.82465356 0.82271858
300.80000000 411.10136612 0.80665934 0.80865020 0.82842823
300.80000000 370.89051387 0.65688184 0.66386294 0.66627812
113.20000000 368.38542263 0.82254983 0.80890503 0.79301860
113.20000000 409.96715062 0.66640466 0.67014523 0.70280302
113.30000000 370.58884467 0.67007969 0.63780032 0.67088985
113.30000000 412.52666668 0.81883421 0.83487841 0.82179629
300.80000000 411.23990423 0.67331377 0.67631858 0.67615885
113.30000000 412.52666668 0.66121710 0.65546938 0.65377128
152.90000000 767.79886565 0.30762394 0.34193560 0.35869289
150.80000000 719.39713041 0.32602440 0.30805497 0.31423200
157.20000000 1085.32842607 0.33193821 0.34743111 0.32853857
152.90000000 767.79886565 0.17453703 0.16619847 0.17614847
194.50000000 3216.99747698 0.04504127 0.33189032 0.31714657
184.60000000 2376.85935487 0.01135717 0.19951613 0.16690154
194.60000000 2725.53975078 0.03004997 0.16473731 0.14452861
184.20000000 2256.89780157 0.04081271 0.30364673 0.32271376
150.80000000 759.90628702 0.16324063 0.14418145 0.13636252
184.20000000 2256.89780157 0.01591684 0.16239150 0.15184040
225.80000000 200.82677821 0.56611504 0.57367970 0.56504712
225.80000000 201.48550207 0.55169935 0.58999810 0.56467073
239.40000000 2066.58411482 0.58518527 0.58556587 0.56491177
225.80000000 200.82677821 0.91961448 0.91315337 0.91521532
338.30000000 201.73533705 0.59289748 0.55584513 0.58685591
241.70000000 2867.30504743 0.12206125 0.93007768 0.91303209
338.20000000 200.61716030 0.91264028 0.92164303 0.90595039
241.80000000 1529.51412722 0.05163671 0.54636772 0.55760034
225.80000000 582.68819852 0.91257464 0.92703508 0.92008322
241.80000000 1529.51412722 0.08367481 0.90000739 0.91340947
75.80000000 548.20934630 0.06415394 0.05746813 0.07687008
75.80000000 551.38302046 0.07466428 0.05567367 0.09280876
75.80000000 228.11730144 0.06176492 0.07030570 0.05938583
75.80000000 548.20934630 0.40238565 0.42144531 0.44612524
188.30000000 551.59393300 0.06580960 0.07833603 0.08024943
188.30000000 231.49938908 0.42298607 0.37339016 0.41212658
188.30000000 550.15398357 0.40989850 0.43977126 0.43998300
188.30000000 231.93945053 0.07394665 0.08549727 0.07848409
75.80000000 229.98852176 0.43743488 0.42066577 0.46739889
188.30000000 231.93945053 0.42833074 0.45522985 0.41452467
113.30000000 110.97456014 0.45917291 0.46061320 0.41623808
113.30000000 108.98157749 0.43853065 0.48266938 0.49744663
113.30000000 320.91447761 0.48147955 0.41574741 0.43365844
113.30000000 110.97456014 0.76084839 0.78020680 0.81678720
300.70000000 112.22088058 0.44653210 0.44352831 0.46041567
300.70000000 321.18499394 0.78719398 0.79134714 0.80233026
300.80000000 110.51662440 0.78345811 0.79330562 0.76758169
300.80000000 320.75504721 0.43307890 0.44854920 0.45524707
113.30000000 320.12281686 0.78297938 0.80342805 0.81472891
300.80000000 320.75504721 0.79338947 0.78444246 0.79516642
266.60000000 496.88253058 0.94650817 0.95371902 0.94313556
263.20000000 462.07278748 0.93771552 0.93929593 0.94362098
209.70000000 6444.44434243 0.35344830 0.95060071 0.94341364
266.60000000 496.88253058 0.30883317 0.28332217 0.28060507
150.80000000 459.41709165 0.94219699 0.94304549 0.95527864
150.80000000 669.04686755 0.30748511 0.26433383 0.30450160
150.80000000 460.54980901 0.28034794 0.26985637 0.27280467
150.80000000 671.44641754 0.94466711 0.92668123 0.95044727
209.00000000 3561.28527685 0.11783973 0.27792097 0.28529725
150.80000000 671.44641754 0.30163079 0.28970984 0.27808526
188.30000000 291.81572939 0.19688060 0.22013179 0.19330435
188.30000000 290.68701432 0.17929897 0.17463514 0.22215756
188.30000000 491.22254612 0.19111049 0.18853823 0.18869255
188.30000000 291.81572939 0.54826165 0.53952743 0.53813727
75.80000000 290.99935065 0.19920133 0.21674789 0.19474091
75.80000000 489.41689405 0.61712138 0.55077594 0.50483739
75.80000000 291.34797810 0.54621460 0.51085533 0.58793090
75.80000000 491.76918522 0.16700471 0.13836727 0.19877593
188.30000000 490.79498954 0.50712162 0.53240367 0.56611668
75.80000000 491.76918522 0.51541285 0.47706965 0.48691031
219.50000000 2116.72875537 0.00000000 0.68717118 0.69741879
218.50000000 3067.76742740 0.00000000 0.71705525 0.71211407
338.20000000 139.95634472 0.68418763 0.72007913 0.70008806
219.50000000 2116.72875537 0.00000000 0.04216605 0.04064393
219.40000000 1761.96521122 0.69860385 0.69112813 0.69895470
225.80000000 140.36621874 0.03135300 0.04807809 0.04701556
219.00000000 1940.66218510 0.03662955 0.04468362 0.03791123
225.80000000 141.32768860 0.68414964 0.72230920 0.69313175
338.20000000 139.69699634 0.04284259 0.04579982 0.03320295
225.80000000 141.32768860 0.03112541 0.04894943 0.03802045
244.60000000 241.58115842 0.12470766 0.13334149 0.13125452
244.60000000 241.58115842 0.12470766 0.13334149 0.13125452
244.60000000 191.00216892 0.15486946 0.12409579 0.12881669
244.60000000 241.58115842 0.82812632 0.85145426 0.82488135
282.00000000 241.11381422 0.12101166 0.13884487 0.13747316
282.00000000 191.53571790 0.86484152 0.85540699 0.84443006
282.00000000 241.11381422 0.83779614 0.84217477 0.85220409
282.00000000 191.53571790 0.15978305 0.13382134 0.13098000
244.60000000 191.00216892 0.86572049 0.84935666 0.85467158
282.00000000 191.53571790 0.86484152 0.85540699 0.84443006
94.60000000 593.10954035 0.65479822 0.66135640 0.60479551
94.60000000 593.10954035 0.65479822 0.66135640 0.60479551
94.60000000 543.68853234 0.63571556 0.65831734 0.63389231
94.60000000 593.10954035 0.34262418 0.36056433 0.39835016
132.10000000 590.30136748 0.69159139 0.61164910 0.62033048
132.10000000 541.74086339 0.37214635 0.38336387 0.35704000
132.10000000 590.30136748 0.38407920 0.32204158 0.34888873
132.10000000 541.74086339 0.64548721 0.67091347 0.64622354
94.60000000 543.68853234 0.41313672 0.38623143 0.31823024
132.10000000 541.74086339 0.37214635 0.38336387 0.35704000
320.60000000 431.69453561 0.37942437 0.38198779 0.40978051
320.60000000 431.69453561 0.37942437 0.38198779 0.40978051
197.50000000 3585.50451141 0.00000000 0.32138425 0.39641577
320.60000000 431.69453561 0.61486008 0.60541812 0.62127925
57.00000000 422.58228654 0.39358242 0.34249225 0.32689115
57.00000000 712.49531264 0.57162492 0.58313672 0.62573591
57.00000000 422.58228654 0.61293038 0.61087386 0.58208365
57.00000000 712.49531264 0.35852689 0.40878608 0.40427473
197.50000000 3585.50451141 0.00000000 0.49329771 0.59135081
57.00000000 712.49531264 0.57162492 0.58313672 0.62573591
174.00000000 1064.73754248 0.88574468 0.88105291 0.87050076
174.00000000 1064.73754248 0.88574468 0.88105291 0.87050076
169.50000000 361.01145324 0.89001157 0.87546390 0.89166114
174.00000000 1064.73754248 0.10714270 0.10313541 0.12061425
182.00000000 4980.22938308 0.56003923 0.88200419 0.86265423
207.00000000 360.90944125 0.08241804 0.09772668 0.11887448
182.00000000 4980.22938308 0.07623932 0.09517208 0.10485719
207.00000000 360.90944125 0.88188183 0.87857479 0.87433468
169.50000000 361.01145324 0.11902272 0.10662100 0.10378895
207.00000000 360.90944125 0.08241804 0.09772668 0.11887448
132.00000000 329.91391922 0.49597560 0.49705038 0.49604135
132.00000000 329.91391922 0.49597560 0.49705038 0.49604135
132.00000000 99.80299043 0.49327652 0.48859150 0.47632341
132.00000000 329.91391922 0.74734751 0.72322090 0.72400457
94.60000000 328.41890335 0.49582225 0.47900629 0.46000382
94.60000000 99.91057872 0.70270721 0.73879811 0.69701984
94.60000000 328.41890335 0.72376957 0.72045441 0.72160354
94.60000000 99.91057872 0.48742163 0.52060872 0.46876431
132.00000000 99.80299043 0.71048963 0.71764102 0.70704459
94.60000000 99.91057872 0.70270721 0.73879811 0.69701984
206.20000000 5570.48518747 0.00219688 0.00460872 0.00549997
206.20000000 5570.48518747 0.00219688 0.00460872 0.00549997
282.00000000 449.74984217 0.00773082 0.00533683 0.01605845
206.20000000 5570.48518747 0.04436658 0.21028255 0.24205409
205.90000000 4750.34728577 0.00496685 0.01120300 0.00116279
244.50000000 451.22433692 0.23977033 0.22235065 0.23805375
205.90000000 4750.34728577 0.10682989 0.22649462 0.23089751
244.50000000 451.22433692 0.01102320 0.01191101 0.01049495
282.00000000 449.74984217 0.22969933 0.24135020 0.24945181
244.50000000 451.22433692 0.23977033 0.22235065 0.23805375
57.10000000 162.88275106 0.75496494 0.75504800 0.79501328
57.10000000 162.88275106 0.75496494 0.75504800 0.79501328
57.10000000 631.38598976 0.76656513 0.75855906 0.72363952
57.10000000 162.88275106 0.98461538 0.98111765 0.97860839
319.50000000 161.21873893 0.75279273 0.76001500 0.77418008
222.40000000 1780.40923895 0.08550722 0.97685190 0.98376281
319.50000000 161.21873893 0.97562826 0.97073973 0.98564757
222.40000000 1780.40923895 0.06574238 0.75767997 0.75927396
57.10000000 631.38598976 0.97490196 0.98360839 0.98375000
222.40000000 1780.40923895 0.08550722 0.97685190 0.98376281
207.00000000 510.90753193 0.24691269 0.23351055 0.23963561
207.00000000 510.90753193 0.24691269 0.23351055 0.23963561
207.00000000 280.79607650 0.22450014 0.23821855 0.30243440
207.00000000 510.90753193 0.47061084 0.46586182 0.44147557
169.60000000 510.60269351 0.23650948 0.25116920 0.24233509
169.60000000 282.93228522 0.43899678 0.50706669 0.43116885
169.60000000 510.60269351 0.46242815 0.48098882 0.49751900
169.60000000 282.93228522 0.21106963 0.26272481 0.20937194
207.00000000 280.79607650 0.41783821 0.44421426 0.51798703
169.60000000 282.93228522 0.43899678 0.50706669 0.43116885
197.60000000 179.91384150 0.66978559 0.64108471 0.65188037
197.60000000 180.59643202 0.66704404 0.69820001 0.68951997
197.60000000 471.57015832 0.69178409 0.65799416 0.66818092
197.60000000 179.91384150 0.14179210 0.13188991 0.12108717
328.90000000 181.68383326 0.68167756 0.65127782 0.66527680
299.20000000 2992.48405065 0.11154935 0.14091967 0.14335446
328.80000000 180.49052754 0.12464340 0.14053314 0.12621451
297.30000000 3456.43842250 0.47963570 0.65611915 0.65713796
197.60000000 469.42173555 0.13548009 0.11431997 0.14254682
297.30000000 3456.43842250 0.08926718 0.12871279 0.13622810
265.00000000 2987.66763188 0.03433123 0.16512975 0.17345321
264.30000000 2744.23311620 0.04869617 0.16586657 0.16093679
347.70000000 119.78239095 0.16887973 0.16507615 0.14949896
265.00000000 2987.66763188 0.15258539 0.62837938 0.66535722
178.90000000 531.25168691 0.15950161 0.14908453 0.16451400
178.90000000 120.39140401 0.64183494 0.60336651 0.64711276
178.90000000 531.55071210 0.61221014 0.62916494 0.60694990
178.90000000 120.96752708 0.16522948 0.20223859 0.17047513
347.60000000 121.03283333 0.66037786 0.63503856 0.65026447
178.90000000 120.96752708 0.62252860 0.65614278 0.63885990
122.60000000 352.07901916 0.92923597 0.90230759 0.89015845
122.60000000 347.57022180 0.92352261 0.88108637 0.92724601
122.60000000 299.30721712 0.91679014 0.91251151 0.91104270
122.60000000 352.07901916 0.39492603 0.35549071 0.35078098
103.90000000 351.45404863 0.92064723 0.90773952 0.92309828
103.90000000 300.40440563 0.38560703 0.37746656 0.36607731
103.90000000 349.13482259 0.36877560 0.36266384 0.35955036
103.90000000 300.04888252 0.89716966 0.92844994 0.92356910
122.60000000 299.79839263 0.39060428 0.37783403 0.42742907
103.90000000 300.04888252 0.36647014 0.37602016 0.39512430
200.00000000 2706.25276567 0.06443268 0.41211371 0.41833202
200.40000000 3251.96205328 0.06300306 0.39741443 0.38846271
215.60000000 3702.39844932 0.14569846 0.43413530 0.43082039
200.00000000 2706.25276567 0.15451211 0.89076241 0.89679032
200.20000000 3502.38890062 0.14262044 0.40712816 0.43984308
215.20000000 3805.41932583 0.50767262 0.88289643 0.87593115
200.10000000 4686.49520623 0.31345156 0.89326620 0.89391242
216.20000000 4508.73566023 0.20970495 0.40372381 0.41374396
215.80000000 4015.87896515 0.31988999 0.85741284 0.89967435
216.20000000 4508.73566023 0.44798475 0.86631892 0.88386243
235.20000000 442.40399750 0.03845126 0.03510587 0.03120251
235.10000000 442.03630799 0.03957118 0.03520873 0.03225467
235.20000000 562.14859146 0.04723350 0.03794522 0.04232025
235.20000000 442.40399750 0.27048199 0.25855393 0.24489628
66.40000000 442.93611488 0.02262953 0.03989068 0.04412393
66.40000000 560.01858573 0.31522275 0.29617238 0.25208403
66.40000000 444.14532411 0.22151948 0.27275962 0.28442615
66.40000000 559.52264030 0.05115438 0.04959963 0.06234989
235.10000000 561.27676834 0.27439055 0.25089463 0.24367130
66.40000000 559.52264030 0.31367689 0.31365077 0.28717850
85.10000000 793.82257207 0.50734874 0.54826046 0.55184669
85.20000000 788.81710600 0.51539219 0.56084746 0.54208914
85.10000000 211.73740962 0.53961990 0.54705988 0.54478060
85.10000000 793.82257207 0.69149333 0.80269210 0.72846133
178.00000000 4354.90243260 0.19491817 0.53189557 0.52014745
216.40000000 210.79606831 0.78632191 0.77718559 0.76151914
178.20000000 4400.73789484 0.40552031 0.75220738 0.73282965
216.40000000 210.18119272 0.51941758 0.51113615 0.52019142
85.20000000 208.62667058 0.73339547 0.80440601 0.75861261
216.40000000 210.18119272 0.74650941 0.72159180 0.77658575
310.20000000 260.66981576 0.30413756 0.27681665 0.30462780
310.10000000 261.45057168 0.26061168 0.29375041 0.28724125
310.20000000 381.12475308 0.29043104 0.28598524 0.28913438
310.20000000 260.66981576 0.00488997 0.00783102 0.00896366
291.30000000 259.22689590 0.29259673 0.31725241 0.30170101
291.30000000 380.94778327 0.00390612 0.00779528 0.00920927
291.40000000 260.83653278 0.01020330 0.00476602 0.00701518
291.40000000 380.87234715 0.30111499 0.30608233 0.27015908
310.10000000 381.79439724 0.00592533 0.01317327 0.00733976
291.40000000 380.87234715 0.01095367 0.00801543 0.00912148
160.20000000 611.23729991 0.77691390 0.80593219 0.77621518
160.10000000 610.27731228 0.80181099 0.80633581 0.78634531
160.20000000 730.63061579 0.81833512 0.80455647 0.81061821
160.20000000 611.23729991 0.50884349 0.47990886 0.50324473
141.30000000 611.02204659 0.79909832 0.79533568 0.80617095
141.30000000 731.16643565 0.45687783 0.46831768 0.48579255
141.40000000 610.53661181 0.48513292 0.49413502 0.48557410
141.40000000 733.58352358 0.77712855 0.77709781 0.78421587
166.90000000 1116.66293825 0.49338920 0.49303619 0.55039991
141.40000000 733.58352358 0.51909256 0.52799125 0.51151038
66.40000000 306.93264217 0.33465602 0.41671094 0.34693176
66.40000000 310.82746875 0.35144269 0.34567592 0.36909515
66.40000000 688.53226941 0.33796186 0.26236218 0.36726675
66.40000000 306.93264217 0.30938838 0.38689114 0.29749480
85.10000000 310.66656773 0.32423211 0.39113752 0.32491119
85.10000000 692.55909713 0.30327117 0.35077235 0.32450307
85.10000000 311.82180151 0.33923960 0.31978364 0.31046869
85.10000000 691.96353690 0.31042778 0.38323610 0.37400587
66.40000000 691.11619699 0.32739989 0.30823450 0.36363975
85.10000000 691.96353690 0.29670252 0.37024088 0.35458733
212.20000000 5168.07308090 0.79551324 0.85280228 0.84710095
212.70000000 5272.53350988 0.80865112 0.84511850 0.85178800
216.40000000 340.74198816 0.84606028 0.84366978 0.83925140
212.20000000 5168.07308090 0.76203476 0.83687184 0.81651599
212.30000000 4786.63867389 0.59193864 0.86383038 0.83977944
235.10000000 340.53809323 0.79939431 0.83301353 0.82255537
212.50000000 4909.22262794 0.58432068 0.82637255 0.81216868
235.10000000 340.73943084 0.84772700 0.87627861 0.83717063
216.40000000 342.79383666 0.84806884 0.82639274 0.80881754
235.10000000 340.73943084 0.81786494 0.84479640 0.80919054
141.40000000 132.90979103 0.10035841 0.10382884 0.09691810
141.40000000 129.08821280 0.10186087 0.06532104 0.11315447
141.40000000 171.37765957 0.11703049 0.10686795 0.12513005
141.40000000 132.90979103 0.06992537 0.07554941 0.07259417
310.10000000 131.07850708 0.10189059 0.11266391 0.10050292
310.10000000 171.12598149 0.06150330 0.07559715 0.07474615
310.20000000 130.01913982 0.07882992 0.07165622 0.07440778
310.20000000 170.31548147 0.10452293 0.10352913 0.08931887
141.40000000 170.87915671 0.07643823 0.06617903 0.05550186
310.20000000 170.31548147 0.06936622 0.07169530 0.06370193
291.50000000 530.28551231 0.61519234 0.58918878 0.61881530
291.40000000 506.83699461 0.59053944 0.60777518 0.58879788
270.70000000 3009.36256273 0.54054558 0.58342672 0.59694494
291.50000000 530.28551231 0.58895557 0.56418467 0.58936936
160.10000000 482.04445437 0.57729745 0.58501505 0.57788607
160.10000000 521.18750715 0.54968079 0.57719187 0.58858773
160.20000000 480.47418486 0.56009520 0.55568710 0.55754550
160.20000000 520.29601240 0.56283183 0.58536350 0.58641369
269.50000000 3065.37644056 0.50678370 0.56234610 0.56845096
160.20000000 520.29601240 0.52501491 0.55469416 0.54874049
328.90000000 221.37488120 0.97731644 0.97985292 0.97456043
328.90000000 220.42877937 0.98246725 0.97523686 0.97167671
180.00000000 3409.38956076 0.00000000 0.62626694 0.97535824
328.90000000 221.37488120 0.19073909 0.19554847 0.20512381
347.60000000 220.88207011 0.97168646 0.97944982 0.98061020
179.70000000 3150.04793589 0.00000000 0.11092662 0.18768193
347.60000000 221.18868285 0.18171149 0.18886007 0.18977604
179.90000000 3091.99731937 0.00000000 0.54510528 0.97650223
179.70000000 3415.85187200 0.00000000 0.15316595 0.20609908
179.90000000 3091.99731937 0.00000000 0.11068638 0.19194778
178.90000000 570.38819653 0.45577780 0.45773005 0.47723314
178.90000000 572.90317096 0.50615068 0.48494232 0.47381859
178.90000000 430.28988144 0.51461656 0.46928977 0.44503567
178.90000000 570.38819653 0.69383701 0.69310949 0.70665372
198.40000000 580.05021649 0.46067188 0.51119109 0.45496391
197.60000000 429.66903378 0.69916796 0.66463160 0.68816590
197.60000000 571.59209443 0.67247777 0.70531044 0.70117787
197.60000000 430.41693588 0.47884018 0.45513393 0.49673877
178.90000000 431.85540532 0.73923620 0.70032669 0.68215282
197.60000000 430.41693588 0.69366700 0.67137214 0.68842920
253.90000000 401.81248444 0.75334912 0.71862710 0.72342077
253.90000000 400.20776986 0.73254292 0.74139935 0.73443099
253.90000000 250.73634913 0.75265764 0.72344516 0.75428189
253.90000000 401.81248444 0.47801911 0.43951410 0.46417703
122.60000000 402.37022073 0.73607673 0.75928382 0.71949093
122.60000000 251.60398142 0.44062902 0.47971593 0.46929553
122.60000000 401.81413571 0.48689354 0.41240050 0.45289867
122.60000000 249.37954613 0.71297121 0.73599481 0.74123865
253.90000000 250.96296928 0.46285735 0.45202667 0.43448903
122.60000000 249.37954613 0.43081824 0.44526771 0.48933202
103.90000000 749.98324849 0.20097826 0.24990670 0.24411858
103.90000000 750.27025383 0.22077634 0.20247128 0.23244350
103.90000000 601.70548759 0.29164041 0.23365156 0.23156966
103.90000000 749.98324849 0.94972716 0.93569069 0.95636274
187.50000000 1223.82811099 0.00592237 0.19695917 0.21263997
233.20000000 3603.64573203 0.55851773 0.94099930 0.95835058
187.10000000 1254.91167527 0.02825655 0.94597137 0.94207809
233.10000000 3644.35288640 0.13165903 0.23866179 0.23390751
103.90000000 601.38321859 0.93279245 0.92425196 0.96048212
233.10000000 3644.35288640 0.56511080 0.93269209 0.94130151
155.50000000 189.67499017 0.39832640 0.36878110 0.39810103
155.50000000 192.66778137 0.42213894 0.39999611 0.36184640
155.50000000 531.49954739 0.40371963 0.35397955 0.40404534
155.50000000 189.67499017 0.39832640 0.36878110 0.39810103
230.50000000 190.09177278 0.38967127 0.39112561 0.38414302
230.50000000 530.18099653 0.35858204 0.38399999 0.37604764
230.40000000 190.91172242 0.39570273 0.38961784 0.40982448
230.40000000 531.54378506 0.39217979 0.40801490 0.40462421
155.50000000 532.75531976 0.40137878 0.39872278 0.44130764
230.40000000 531.54378506 0.39217979 0.40801490 0.40462421
259.30000000 3339.62765452 0.48631915 0.89596729 0.89412260
259.90000000 3347.84525817 0.47594183 0.89833367 0.90759193
305.40000000 181.08195941 0.90597129 0.88291497 0.89871025
259.30000000 3339.62765452 0.48631915 0.89596729 0.89412260
80.50000000 540.74031663 0.86604211 0.92549584 0.87519977
80.50000000 183.29618827 0.85243955 0.90237911 0.88048215
80.40000000 543.60507377 0.89146370 0.90609036 0.89803420
80.40000000 181.64894538 0.91674740 0.82967058 0.89795738
305.50000000 180.55142718 0.88906359 0.89100007 0.90052795
80.40000000 181.64894538 0.91674740 0.82967058 0.89795738
80.50000000 363.80415882 0.14295812 0.14175045 0.14301312
80.50000000 359.41319444 0.16952680 0.14849961 0.12998665
80.50000000 353.01485045 0.12066699 0.14440976 0.15041084
80.50000000 363.80415882 0.14295812 0.14175045 0.14301312
155.50000000 361.83008586 0.16411344 0.16684345 0.14361954
155.50000000 351.37684485 0.15192995 0.13510713 0.18425570
155.40000000 360.73243890 0.12348361 0.11758860 0.15360851
155.40000000 351.60910941 0.16512799 0.13627490 0.16620099
80.50000000 349.75962963 0.16412132 0.16766498 0.09820864
155.40000000 351.60910941 0.16512799 0.13627490 0.16620099
197.30000000 4077.33791281 0.41093285 0.61623760 0.64381115
197.40000000 4638.81930521 0.32956740 0.66726022 0.67021640
200.40000000 3975.85783547 0.44925656 0.67099856 0.62443668
197.30000000 4077.33791281 0.41093285 0.61623760 0.64381115
197.20000000 2686.00407815 0.00000000 0.65917983 0.64061326
200.10000000 2142.61650230 0.00000000 0.61803809 0.65580075
197.60000000 4643.10902725 0.00000000 0.65085562 0.64303095
200.60000000 2796.17764201 0.00000000 0.65340439 0.63083320
199.70000000 4791.28994715 0.39121453 0.63902353 0.63805324
200.60000000 2796.17764201 0.00000000 0.65340439 0.63083320
267.90000000 281.35178185 0.77003017 0.77708465 0.77171031
267.90000000 281.00806805 0.76598792 0.77197082 0.79619851
229.70000000 3618.69895681 0.46082712 0.78115616 0.78666810
267.90000000 281.35178185 0.01872852 0.01766669 0.02008204
192.90000000 282.00611462 0.75827258 0.77665536 0.76918473
192.90000000 611.86049081 0.02055733 0.02571970 0.01290563
193.00000000 281.14243410 0.01892843 0.03307201 0.03059856
198.10000000 736.42866508 0.78538602 0.78018492 0.78791750
229.90000000 4312.23955056 0.01676151 0.02476968 0.02711255
198.10000000 736.42866508 0.01882331 0.01946739 0.03394802
118.00000000 629.24472818 0.24806744 0.26923011 0.30285825
118.00000000 631.41627275 0.27229607 0.28879634 0.25797050
118.00000000 259.41854528 0.29108825 0.27172857 0.23970638
118.00000000 629.24472818 0.53961433 0.49776895 0.56161645
223.10000000 4151.14689061 0.00000000 0.27891309 0.27474560
342.90000000 259.33999967 0.51769731 0.53003966 0.53414539
222.00000000 2575.64452252 0.00000000 0.53246643 0.52046916
343.00000000 262.41169298 0.26973860 0.27011134 0.29785070
118.00000000 261.28184866 0.51124626 0.47354219 0.47357260
343.00000000 262.41169298 0.54010879 0.50014049 0.54269319
342.90000000 100.54462531 0.50646957 0.56383772 0.50701874
343.00000000 101.68241603 0.52558950 0.51388185 0.52702861
318.50000000 2776.61972178 0.46385932 0.52601673 0.54813827
342.90000000 100.54462531 0.25678640 0.28243143 0.27570038
267.90000000 100.71877251 0.53450611 0.53312687 0.53314444
267.90000000 440.98969955 0.23402960 0.28346870 0.25254397
267.90000000 102.83452360 0.30893872 0.25342548 0.24800449
267.90000000 442.17548785 0.54478941 0.50989146 0.49298802
318.90000000 2752.19946365 0.27025725 0.25394018 0.26731244
267.90000000 442.17548785 0.26758807 0.25842066 0.25783401
193.00000000 450.85866392 0.02375462 0.02413247 0.02465296
193.00000000 449.70030653 0.01898443 0.01075191 0.01807000
177.40000000 3558.11000192 0.01884762 0.02945452 0.02161140
193.00000000 450.85866392 0.77262316 0.77584276 0.77016383
117.90000000 449.98054731 0.02284510 0.02131443 0.02504953
117.90000000 789.45515480 0.76093632 0.79500000 0.76952618
118.00000000 453.07339873 0.76902209 0.74544403 0.77776670
118.00000000 792.34872138 0.03051877 0.00692308 0.02910323
177.10000000 5684.97598571 0.59834360 0.76463362 0.78072654
118.00000000 792.34872138 0.69707750 0.77329802 0.77689432
99.20000000 407.57659658 0.59221628 0.51671348 0.59718893
99.20000000 407.61469883 0.55264017 0.59076916 0.53357325
99.20000000 659.71907800 0.56917659 0.59586689 0.60224328
99.20000000 407.57659658 0.09098250 0.06624929 0.07902377
174.20000000 412.08516565 0.55844866 0.57713693 0.59930351
174.20000000 660.58605511 0.10069859 0.07899508 0.08833127
174.20000000 409.62598166 0.08830406 0.09485857 0.07547941
174.20000000 660.04824317 0.59879336 0.60746384 0.56629258
99.20000000 661.19770811 0.09721349 0.05534646 0.09756088
174.20000000 660.04824317 0.08554160 0.08664044 0.08539443
185.20000000 5768.85374964 0.00633928 0.08127544 0.08811343
184.60000000 3841.48401759 0.02163686 0.10041803 0.09256819
249.20000000 311.70777550 0.07462428 0.08681882 0.08253038
185.20000000 5768.85374964 0.10623649 0.57898359 0.60681929
184.90000000 5010.25701290 0.00000000 0.07623802 0.08232498
324.20000000 311.00682145 0.60725964 0.60395753 0.59019710
184.60000000 3684.46183404 0.00000000 0.37704640 0.59886895
324.20000000 308.90237426 0.09481655 0.09880275 0.07815180
249.20000000 310.75249256 0.59264928 0.58206392 0.56664144
324.20000000 308.90237426 0.59472571 0.58874867 0.58842827
174.20000000 230.01595591 0.83145192 0.83258365 0.86192665
174.20000000 230.39146578 0.82285857 0.81053062 0.84620728
174.20000000 131.06775629 0.82840995 0.82695676 0.86637092
174.20000000 230.01595591 0.34924341 0.35523238 0.35547747
249.20000000 232.16142744 0.82109271 0.82509171 0.84609198
249.20000000 130.14087665 0.33179939 0.32091304 0.34082794
249.20000000 232.83585552 0.33940511 0.34721752 0.33681421
249.20000000 131.24464871 0.83126311 0.82138462 0.83880128
174.20000000 131.03791302 0.34567963 0.33408393 0.35139476
249.20000000 131.24464871 0.31210692 0.32850850 0.32800039
241.00000000 2689.96898883 0.06305284 0.35529892 0.32594032
242.00000000 2614.19463561 0.06861335 0.33446797 0.34564764
291.70000000 3105.79207367 0.25187934 0.34769258 0.32539599
241.00000000 2689.96898883 0.16707180 0.84288456 0.80955598
99.20000000 579.77393199 0.35185674 0.34790902 0.36107107
99.20000000 482.29646155 0.83005264 0.82627157 0.80215258
99.20000000 578.08654319 0.81866975 0.82344855 0.83351321
99.20000000 482.22113259 0.32575084 0.27837391 0.31610451
292.40000000 3077.13871637 0.64486721 0.82797695 0.83344375
99.20000000 482.22113259 0.83313315 0.79392589 0.83132225
286.70000000 140.19304825 0.21999075 0.21531424 0.22459960
286.70000000 139.52359055 0.23957404 0.20696841 0.24053161
186.30000000 2899.06299078 0.00000000 0.22594933 0.23455759
286.70000000 140.19304825 0.47187267 0.43245263 0.44608001
211.70000000 142.12965885 0.19070853 0.21611559 0.23788937
186.40000000 4231.39036960 0.34047424 0.43979117 0.47099677
211.70000000 141.54142551 0.43137259 0.45699521 0.47667726
186.50000000 4068.69812878 0.18104160 0.21467597 0.21313595
186.50000000 2435.95334711 0.00000000 0.49694955 0.45496463
186.50000000 4068.69812878 0.36058838 0.45677253 0.43485840
136.70000000 491.79698538 0.73881067 0.74057138 0.73048089
136.70000000 492.09829139 0.72569113 0.75953471 0.71041388
136.70000000 402.63936612 0.69906071 0.70652535 0.69384853
136.70000000 491.79698538 0.96777053 0.96363401 0.96088714
61.70000000 490.42199223 0.77335052 0.71511016 0.65373347
61.70000000 401.32103107 0.98269264 0.97378788 0.97303857
61.70000000 492.88489335 0.95883284 0.94277061 0.96270274
61.70000000 404.83492139 0.77646262 0.67985916 0.73184328
136.70000000 401.06272559 0.94777890 0.94983208 0.95813315
61.70000000 404.83492139 0.97062753 0.94140191 0.95583639
211.70000000 319.73035722 0.45334480 0.44564645 0.48004974
211.70000000 319.95245200 0.47827868 0.46720676 0.45793789
211.70000000 219.84322353 0.45258508 0.48068152 0.49136740
211.70000000 319.73035722 0.22522992 0.20705357 0.21779344
136.70000000 321.45049006 0.45880577 0.37954206 0.43121929
136.70000000 222.10246529 0.23499823 0.22399135 0.22969076
136.70000000 320.34395387 0.18237270 0.13620684 0.19663925
136.70000000 222.99269255 0.47975950 0.46473380 0.51623341
211.70000000 220.35893389 0.23052441 0.22744983 0.21912820
136.70000000 222.99269255 0.20779599 0.21866632 0.25473541
61.70000000 669.04998615 0.96094762 0.95255250 0.96572715
61.70000000 669.13951038 0.96558040 0.93673646 0.96804838
61.70000000 573.27384520 0.96192677 0.94258465 0.95647479
61.70000000 669.04998615 0.68316195 0.72655597 0.68561499
208.90000000 2705.28225418 0.16423463 0.95359807 0.94635342
246.30000000 3557.01887249 0.43798085 0.69956270 0.69693692
209.90000000 2338.42498961 0.11105401 0.69074586 0.67885050
246.10000000 3538.98686383 0.56498092 0.95680626 0.95802216
61.70000000 572.29245129 0.68304039 0.68811349 0.64245752
246.10000000 3538.98686383 0.42372376 0.73724913 0.71868195
333.60000000 340.62672523 0.12596470 0.11671188 0.11578547
333.60000000 340.59221378 0.11312219 0.12474825 0.11988868
333.60000000 371.06903465 0.11500342 0.11494182 0.12586141
333.60000000 340.62672523 0.93105573 0.92632913 0.93447315
127.30000000 338.65169688 0.10143845 0.12182581 0.10552258
127.30000000 371.12037933 0.94454603 0.92697395 0.93033119
127.30000000 341.69653001 0.93205072 0.92445838 0.92481685
127.30000000 371.84525862 0.10829108 0.07087395 0.12277557
333.60000000 370.87280549 0.93386685 0.93513387 0.91720624
127.30000000 371.84525862 0.94183756 0.92607716 0.92318270
195.30000000 1936.61008632 0.59630812 0.61301223 0.57876448
183.60000000 691.82184872 0.63556505 0.59807417 0.62702956
194.80000000 3658.95153070 0.61094022 0.60491423 0.64056404
195.30000000 1936.61008632 0.41069281 0.39836283 0.39230476
203.30000000 3558.17942099 0.12437237 0.61811316 0.61315119
194.70000000 2268.30183669 0.03341669 0.43014924 0.41722381
202.70000000 2621.99759960 0.08277862 0.43923986 0.45366127
195.00000000 2039.57571965 0.05697542 0.62047650 0.62947902
183.60000000 719.98652613 0.42141947 0.47388876 0.42310311
195.00000000 2039.57571965 0.03822110 0.43472890 0.45120222
258.60000000 171.21123796 0.40388489 0.34746828 0.37640936
258.60000000 170.07477569 0.37284244 0.36060563 0.37218823
255.10000000 4336.74427002 0.34276465 0.37434144 0.36533232
258.60000000 171.21123796 0.69406907 0.67375138 0.68944069
202.40000000 168.53629150 0.40078038 0.39237735 0.36758067
202.40000000 550.88642088 0.68533794 0.70523180 0.66607862
202.40000000 171.29569314 0.69775914 0.67043448 0.65757820
202.40000000 551.24532660 0.36332948 0.33962979 0.34890644
254.90000000 1159.99944523 0.66499657 0.68099273 0.68159804
202.40000000 551.24532660 0.67019702 0.65943247 0.67513080
108.60000000 518.97767284 0.84340425 0.85463866 0.85666106
108.50000000 521.17658247 0.86114025 0.86803198 0.86265513
108.60000000 201.71892009 0.86124977 0.83353751 0.84612328
108.60000000 518.97767284 0.13120012 0.15511467 0.19786742
52.30000000 518.61419719 0.81302429 0.83451346 0.82186007
52.30000000 199.30835286 0.19574620 0.17569886 0.20827381
52.30000000 521.49626800 0.17973722 0.20214728 0.16381988
52.30000000 202.62969564 0.85228426 0.88882962 0.83762306
108.50000000 201.51307906 0.18222627 0.16087509 0.20616577
52.30000000 202.62969564 0.16981739 0.21211929 0.11574198
71.10000000 252.58146783 0.71695492 0.72421348 0.73096140
71.10000000 252.45458128 0.73249397 0.73855131 0.75010094
71.10000000 292.58335457 0.68491036 0.73579137 0.75237883
71.10000000 252.58146783 0.49056204 0.52867381 0.56086564
239.80000000 251.15159672 0.74169965 0.72797735 0.73191300
239.80000000 291.33637852 0.54825447 0.57327540 0.55557238
239.90000000 250.24025362 0.55630139 0.55502653 0.58925470
239.90000000 290.11038040 0.73095339 0.76147390 0.77798162
71.10000000 291.12237760 0.55582446 0.54421200 0.57270727
239.90000000 290.11038040 0.57530117 0.56667329 0.55968650
233.70000000 2751.72280497 0.26605573 0.24102250 0.22413339
221.10000000 602.45562025 0.23576196 0.25173124 0.23776251
219.30000000 5148.36273474 0.24249273 0.21153886 0.26853732
233.70000000 2751.72280497 0.05912438 0.05827711 0.04929362
89.80000000 600.79322838 0.25225465 0.22949449 0.24555087
89.80000000 639.97670535 0.06534247 0.07398981 0.04999972
89.90000000 600.87230797 0.04297893 0.06534123 0.05181244
89.90000000 639.47965826 0.22427581 0.24240400 0.24041353
218.80000000 1048.83444076 0.05257880 0.05741812 0.05007719
89.90000000 639.47965826 0.05318021 0.04249148 0.05436083
146.00000000 429.50835485 0.98984061 0.99223785 0.99128538
146.10000000 431.75294264 0.98841007 0.98689370 0.98561594
146.00000000 458.47678009 0.98387254 0.98741931 0.99457792
146.00000000 429.50835485 0.77916323 0.81396523 0.81662313
164.80000000 430.88714745 0.99423116 0.98431063 0.98386788
164.80000000 461.14377687 0.80021347 0.80058545 0.78518676
164.90000000 432.12567627 0.81032171 0.79014681 0.79556088
164.90000000 462.52190110 0.99800000 0.99318008 0.98953202
146.10000000 462.17252087 0.81658386 0.80585144 0.78071762
164.90000000 462.52190110 0.82237315 0.80394255 0.78883690
179.90000000 4177.98820977 0.00000000 0.47394138 0.51354090
180.10000000 3825.81576741 0.00000000 0.40479309 0.50713489
296.10000000 111.84236574 0.49293009 0.49430580 0.51373498
179.90000000 4177.98820977 0.00000000 0.29052445 0.33320486
179.70000000 3740.17688954 0.00000000 0.39452131 0.48603695
314.90000000 111.45671817 0.27625551 0.29269964 0.30548415
180.00000000 3728.87433955 0.00000000 0.22622024 0.31011059
314.90000000 110.21598055 0.49907411 0.51229339 0.48444406
296.10000000 110.68435719 0.32955800 0.33712419 0.30249028
314.90000000 110.21598055 0.31834338 0.33402641 0.31636868
202.30000000 121.66381162 0.94916023 0.92449149 0.91682311
202.30000000 122.08455010 0.91010182 0.92528805 0.93824715
202.30000000 241.69456870 0.94039533 0.94349907 0.92748256
202.30000000 121.66381162 0.65782645 0.63599819 0.58347811
258.60000000 121.54069929 0.93222766 0.92142236 0.93328408
258.60000000 238.90437931 0.59820377 0.59911888 0.59053058
258.60000000 121.72465569 0.59989913 0.61191840 0.63255183
258.60000000 239.81353871 0.93284771 0.90711127 0.93490162
202.30000000 242.13339805 0.60889948 0.62862449 0.62476990
258.60000000 239.81353871 0.65225336 0.63732200 0.62329985
52.30000000 473.04985486 0.40232194 0.44734984 0.46337361
52.30000000 470.63923964 0.38950384 0.44954634 0.46243159
52.30000000 592.42108128 0.46306699 0.43592953 0.43158771
52.30000000 473.04985486 0.10821936 0.12251029 0.16219704
108.50000000 473.28396889 0.43269173 0.44662290 0.44784455
108.50000000 588.98349137 0.12491439 0.15492899 0.12501287
108.60000000 472.08310892 0.12872848 0.10087470 0.11601943
108.60000000 590.61860534 0.40459678 0.39122037 0.46459220
52.30000000 588.48222061 0.13536305 0.12683016 0.09693426
108.60000000 590.61860534 0.12744167 0.11991709 0.14208852
277.40000000 301.03985320 0.68725898 0.67304873 0.69553215
277.30000000 300.06065625 0.68515595 0.67183508 0.71780001
182.00000000 4110.04658681 0.00000000 0.63260527 0.69133687
277.40000000 301.03985320 0.86842069 0.86940636 0.85974737
183.50000000 300.67940696 0.65806702 0.69608871 0.68887929
181.90000000 6246.01931766 0.85397355 0.83814172 0.83299449
183.60000000 301.35802903 0.85933301 0.85827131 0.87773664
181.90000000 6192.09008121 0.68059607 0.67943357 0.66810547
181.70000000 2377.03880419 0.00000000 0.85170955 0.84950075
181.90000000 6192.09008121 0.84330263 0.87387835 0.86339749
127.40000000 651.10406199 0.21268806 0.17193749 0.16505396
127.30000000 651.27945742 0.18420024 0.15763025 0.16714013
127.40000000 421.59074123 0.14442129 0.19304152 0.17201520
127.40000000 651.10406199 0.37438233 0.36726473 0.37707630
215.60000000 3633.16071873 0.00000000 0.18871077 0.20496754
333.90000000 527.88319138 0.37001058 0.34950964 0.37972525
215.90000000 2202.31478840 0.00000000 0.35950425 0.34475063
333.30000000 482.04622409 0.16215846 0.18442411 0.16241267
127.30000000 420.37876993 0.34305982 0.36971629 0.36442452
333.30000000 482.04622409 0.36521082 0.36931340 0.36311993
164.90000000 380.46959773 0.31232321 0.31921369 0.28773395
164.80000000 379.98674865 0.31174729 0.31936978 0.28726916
164.90000000 161.88573788 0.29668065 0.29374474 0.31288344
164.90000000 380.46959773 0.99649123 0.98945192 0.98366060
146.10000000 380.69056304 0.31231572 0.25107928 0.28815985
146.10000000 161.35607409 0.98766284 0.99389099 0.99271176
146.10000000 381.15262819 0.98349830 0.98804503 0.99414557
146.10000000 160.85973553 0.28224503 0.30060332 0.28310918
164.80000000 160.97353537 0.98943250 0.99515528 0.99450228
146.10000000 160.85973553 0.98579884 0.99398077 0.99289960
191.70000000 6022.32371135 0.00000000 0.72235731 0.77322577
192.50000000 5817.68980492 0.00000000 0.67464745 0.82648536
274.90000000 3370.40286693 0.50981903 0.81845725 0.82138820
191.70000000 6022.32371135 0.00000000 0.45125442 0.47377451
192.30000000 5552.09647761 0.00000000 0.80312833 0.82261410
275.40000000 3273.52861491 0.43532157 0.50469700 0.48436768
192.00000000 4189.50423882 0.00000000 0.48974545 0.48177083
275.10000000 3078.17303671 0.73577228 0.80623135 0.79315375
275.00000000 3325.73612305 0.33601222 0.48135069 0.48663347
275.10000000 3078.17303671 0.46491890 0.49084753 0.47413180
89.80000000 211.92873917 0.04933055 0.02644188 0.06589739
89.80000000 210.63783959 0.06277651 0.03248318 0.07210499
89.80000000 682.05098695 0.06566817 0.06942385 0.06861287
89.80000000 211.92873917 0.77008883 0.71475523 0.77022351
221.10000000 211.22980327 0.05251562 0.04246005 0.06401531
206.20000000 3268.51703984 0.70343985 0.74637534 0.73988037
221.00000000 210.26711739 0.75083822 0.77670947 0.76577740
205.90000000 5208.87688767 0.03788180 0.06364153 0.04745644
89.80000000 682.00830212 0.76845957 0.73903695 0.72708967
205.90000000 5208.87688767 0.61088693 0.72890724 0.74812345
239.80000000 562.94142654 0.56470607 0.55166466 0.54729412
239.80000000 562.72683860 0.57523901 0.55091056 0.56485544
239.80000000 328.94319188 0.51929089 0.52420169 0.54939569
239.80000000 562.94142654 0.24359759 0.23757187 0.22122546
71.10000000 558.66192624 0.48991415 0.55853854 0.53503522
71.10000000 333.73425817 0.19850548 0.25454606 0.23726377
71.10000000 559.93563784 0.23911755 0.27382358 0.22363384
71.10000000 331.29623742 0.49543556 0.52887590 0.58382585
239.80000000 332.11450699 0.26429199 0.24464093 0.24827594
71.10000000 331.29623742 0.20510682 0.26046753 0.22701674
