107.04925970 0.00000000
107.04925970 0.00000000
107.04925970 0.00000000
107.04925970 0.00000000
107.04925970 0.00000000
107.04925970 0.00000000
107.04925970 0.00000000
107.04925970 0.00000000
107.04925970 0.00000000
107.04925970 0.00000000
450.06406645 0.49822613
450.06944839 0.49822362
450.05393326 0.49822362
450.07457876 0.49872613
450.07096346 0.49822362
450.07755894 0.49822613
450.07246351 0.49822362
450.05945092 0.49822362
450.05094824 0.49822362
450.05796575 0.49822362
271.82355513 0.26055987
272.23288353 0.26393453
273.56779442 0.25888457
272.23288221 0.26393453
593.27244497 0.10916097
593.33893248 0.10210316
592.45459181 0.11165689
593.83567023 0.10150729
273.56594966 0.25888457
592.92759830 0.09776985
593.30217025 0.31742018
592.37055199 0.31078300
593.34158799 0.31896117
591.89071244 0.31333856
272.70699465 0.73965833
272.60316524 0.74207404
271.73977995 0.73820410
272.25512703 0.73322171
592.02341577 0.33622847
271.13710548 0.74226223
610.16903849 0.02954010
609.93309012 0.03012742
608.72520938 0.02896121
609.09745307 0.01721223
610.38711245 0.02953893
607.86319159 0.01352044
610.69626416 0.01474002
610.44165955 0.02460926
610.59234756 0.01729251
608.82189026 0.01911883
362.16772328 0.13884928
361.78661795 0.13025384
362.38109060 0.12603860
362.13900527 0.85913831
361.30495589 0.12285250
362.03561489 0.86583039
362.15748923 0.85523382
362.24602225 0.12865519
361.55819196 0.86682960
361.73732092 0.85644867
529.15891399 0.79258151
530.03727302 0.80591506
529.73298255 0.80673061
529.48651140 0.09898002
181.87110886 0.86737484
181.98976689 0.12082033
182.53662079 0.11839386
182.50550860 0.87035521
529.85965887 0.11404911
182.04266331 0.12254992
183.26637887 0.38140593
183.26524251 0.38140593
183.26637887 0.38140593
183.26637887 0.65626592
528.91905695 0.32549634
528.69164054 0.57934953
528.90118861 0.59080460
528.60901254 0.32100313
183.26637887 0.65626592
528.80751045 0.59306426
402.31714975 0.94912243
401.43963613 0.93411619
402.09436398 0.94913991
401.74839381 0.45881365
609.62715013 0.00471748
612.19798658 0.00281256
610.51894841 0.00229589
611.15801953 0.00730192
401.44006734 0.42561645
610.99357577 0.00366144
610.21469965 0.00233923
614.13447779 0.00000000
611.37045630 0.00117345
610.78382488 0.00507061
402.82512992 0.44996589
402.82277053 0.93986887
400.15040956 0.93745897
400.15040956 0.44917594
610.08215040 0.00439045
400.15040956 0.93745897
232.86996969 0.68862678
232.35383913 0.69082875
232.24538274 0.69289513
233.05360985 0.19580775
232.43410788 0.69902615
232.34691416 0.20516576
232.36504353 0.18555485
232.37598686 0.69082875
232.38472905 0.18485555
232.34684100 0.18555485
569.18444996 0.13060787
570.48431536 0.13513482
567.88787977 0.12848745
569.05144947 0.46534996
570.23934982 0.12727537
570.07178450 0.48515709
571.15465626 0.46426097
570.26927438 0.13215620
572.35470606 0.47793236
570.15855580 0.45304836
492.22601881 0.30198574
491.14258212 0.31292350
492.22018534 0.30334576
492.21304082 0.06739638
140.81445739 0.29333756
141.13704565 0.05774038
142.33940801 0.06428763
141.75881395 0.31163556
491.51929344 0.06434758
141.03760969 0.06547416
143.72225601 0.80141468
142.02733164 0.80847578
141.32750053 0.79075108
142.09898377 0.55604243
492.40580112 0.79585490
491.69261186 0.55110023
491.07558485 0.53717513
491.16075683 0.80981199
141.60312260 0.55607883
490.91392165 0.54883930
606.26696381 0.01229400
605.32365704 0.01408923
605.15486801 0.01508344
604.26108266 0.05895617
604.84898413 0.01232917
605.89887965 0.06846978
605.00188321 0.05540854
606.79491444 0.02359809
604.92550828 0.05554047
605.00506493 0.06322560
312.56752710 0.57353367
312.69511060 0.56252616
312.56752710 0.57353367
312.56752710 0.81953538
312.56752710 0.57353367
312.56752710 0.81953538
312.69666999 0.81060807
312.14315623 0.55030197
312.14316236 0.80167230
312.14432969 0.80167230
546.01142486 0.40358650
546.38847526 0.37701496
545.31476793 0.38954885
545.34350860 0.45467381
607.42567264 0.04997302
608.45839055 0.06149104
610.22709482 0.05056500
606.98448078 0.03044418
546.02906317 0.42931190
610.14334380 0.03936601
202.06798385 0.97016465
203.44072854 0.96903114
200.97809117 0.97107456
201.91746091 0.03462010
340.66487426 0.96667069
341.56465329 0.03026459
343.14855329 0.03414756
342.90891394 0.96694519
202.95460193 0.02991310
342.91135170 0.03130203
610.30435209 0.00231025
610.53265008 0.00239467
611.64544668 0.00164802
612.24234149 0.01484290
163.06015822 0.21974406
162.80908264 0.76532870
160.96096672 0.77784085
160.96002806 0.20448008
611.89886874 0.00906609
160.96194195 0.77784085
381.39707488 0.72694971
384.96690997 0.70021901
381.39772423 0.72694971
381.39576328 0.25996946
511.87372707 0.70618757
511.86223202 0.25519296
513.67533898 0.26946328
514.09127119 0.69016949
384.96690997 0.27901799
513.87036723 0.27957627
290.99674471 0.84385878
291.51776383 0.82990807
290.99516849 0.84385878
290.99305754 0.90355435
251.31228538 0.84593318
250.23549610 0.89767178
254.20396470 0.90800105
254.20396470 0.83987415
291.51776383 0.89892684
254.20396470 0.90800105
587.90500620 0.13979577
600.62987186 0.09846276
564.23484956 0.13485783
587.06334350 0.16033968
573.24532530 0.20742902
549.54655531 0.25416238
582.18025475 0.21878672
581.80093070 0.18777565
598.33470246 0.13616767
581.96447481 0.22847464
121.69703369 0.58655876
123.32167477 0.60004344
123.51827466 0.58652190
121.06480107 0.64616732
610.85724932 0.00037594
610.52254904 0.00037736
612.52591666 0.00030960
609.61623778 0.00031646
122.42197410 0.64626335
611.42050387 0.00030864
474.52372288 0.08396808
471.95977482 0.08150797
474.49558323 0.08396808
474.48541909 0.14370725
423.20769450 0.09944955
423.20769450 0.15301208
422.29318745 0.14259010
422.12221557 0.08849724
471.96139226 0.14200261
422.20784409 0.14489676
609.90234109 0.04973396
608.79900963 0.04848842
609.04429795 0.04850229
609.03275716 0.07653741
203.02867224 0.55743281
203.03176503 0.96391577
202.79276538 0.96567789
202.70656446 0.52910732
609.40707955 0.08182210
202.22361494 0.96537168
341.56866929 0.02958491
339.21431118 0.03133860
341.65915071 0.02755918
341.59495619 0.46389766
547.07432054 0.02677560
546.17097238 0.38912462
546.70823291 0.37756276
546.86901320 0.02743225
339.21560988 0.46242679
546.14455905 0.37436126
511.74080853 0.74435724
509.88044219 0.76154167
510.57248109 0.75570341
512.32677279 0.69183378
611.38136970 0.01179414
610.90538245 0.01337174
612.18527759 0.01277225
607.57837266 0.01275766
510.27662905 0.70507172
609.04421528 0.01536965
161.75978091 0.26341138
160.56138959 0.27529435
161.75461540 0.26341138
161.75169511 0.19827340
380.45380604 0.26597788
380.81498574 0.19316655
380.14469715 0.21841293
381.06175604 0.28949586
162.51128601 0.20309966
380.64127547 0.21168611
251.49186096 0.15008677
252.03873603 0.16859638
251.85815297 0.14586175
250.64926533 0.58310941
600.91869218 0.04459577
600.13421969 0.17954608
600.77437063 0.17807963
600.01375393 0.04925978
251.74593779 0.58369692
600.50167497 0.18363993
582.36229957 0.36772426
583.54943016 0.35767277
583.62600088 0.36812868
583.46782411 0.05732976
291.75875977 0.64798855
292.72972025 0.09210502
292.03589771 0.09677806
292.03589771 0.66119440
583.99514899 0.06412729
292.03589771 0.09677806
420.26034444 0.39566379
421.51644404 0.40862560
421.41837739 0.40735944
420.26034446 0.84421879
121.81125322 0.39853609
121.81266597 0.83703955
121.76570167 0.84729964
121.76781268 0.39724215
421.33795856 0.85206802
121.76727522 0.84729964
609.29113611 0.00000000
592.81142484 0.12780953
613.44067797 0.00000000
608.45056497 0.00000000
472.04297876 0.90233684
472.11464543 0.39903176
471.74359721 0.34422946
489.57142101 0.81416632
609.99569947 0.01746173
488.85300131 0.31543277
484.66654190 0.70091499
480.27584853 0.70597320
484.58566735 0.69153846
484.73908578 0.79506792
566.36755533 0.51795749
565.69623168 0.56620803
562.61383911 0.58794643
562.78297350 0.50674285
480.30516129 0.79814789
562.80225393 0.58146625
129.97446458 0.20041562
132.24024849 0.20050020
130.53671670 0.19345067
131.26558345 0.28076318
221.84664411 0.18093866
221.74696586 0.28140857
222.14686867 0.29006137
222.90881386 0.19313035
132.36621622 0.30557081
221.81002470 0.28603156
602.92551130 0.24911135
602.62117350 0.24285108
602.76159720 0.24065474
603.56093585 0.14597258
392.46309400 0.95155912
391.04833861 0.54723749
392.02594421 0.56699120
393.30570980 0.95674691
603.44972904 0.14441485
393.30792109 0.55840212
302.55875308 0.45553066
299.65249138 0.42185495
302.04337991 0.45263698
302.00690539 0.05463631
611.90981225 0.00359206
610.09516819 0.00144406
612.06813361 0.00000000
612.04978039 0.00358569
300.51577802 0.04299662
611.22264958 0.00000000
390.90433953 0.06732910
393.69367943 0.08321719
390.90319353 0.06732910
390.90433639 0.68001607
300.37206436 0.07473737
300.37319762 0.66714404
301.66226420 0.67332668
301.66075510 0.08257454
393.69444279 0.67688886
301.66233522 0.67332668
611.27954130 0.00337535
610.71647870 0.00286231
611.00621613 0.00459570
610.89445898 0.00184238
602.85498344 0.15349028
601.64835486 0.03886901
603.65424819 0.04899197
603.81575479 0.15232865
610.46614589 0.00143113
603.25543512 0.04507397
221.56272659 0.32702079
220.22820590 0.31946527
221.82479762 0.33572091
221.56884220 0.91821802
484.30825960 0.32784681
481.37946891 0.91934780
480.94518710 0.90909930
480.82128772 0.33323898
219.50713629 0.92332555
481.91326840 0.91750232
560.88998481 0.59770671
565.92626263 0.60872054
561.60727576 0.61259776
561.55400674 0.32260446
131.97224176 0.81767514
131.97122254 0.42902012
134.61923753 0.44185098
134.61923753 0.82314850
563.99373737 0.32141414
134.62108938 0.44185098
612.06990399 0.00000000
610.22685542 0.00000000
610.00695245 0.00082645
611.45670701 0.00082645
351.35217646 0.26808181
351.35300291 0.74482117
352.40814734 0.73165688
352.91459110 0.29543216
611.56057103 0.00000000
352.91383959 0.74518307
433.31247593 0.76163783
433.91686952 0.77715777
433.13079384 0.75649808
433.58401376 0.24245320
610.18031785 0.04143828
610.90248143 0.01329956
610.87943708 0.00904206
610.36802124 0.03602872
433.91776223 0.21748479
608.46969217 0.01084446
551.55708866 0.01084488
587.41315415 0.00808208
566.31680434 0.00850936
551.04742899 0.55680010
493.36718240 0.01301057
508.85217599 0.93161680
519.84660722 0.91511847
519.30508788 0.01130207
586.13465810 0.48604103
519.57266138 0.93069541
260.33277854 0.49442098
310.75043370 0.45116516
260.33225250 0.49442098
260.33174764 0.46677237
170.72860286 0.50813147
170.73116721 0.47328978
232.99668128 0.43825291
233.89048246 0.43964483
311.83223180 0.41172723
233.69765856 0.42137381
170.88438611 0.89543706
172.07976583 0.88945352
170.88438606 0.89543706
170.88247523 0.87132126
586.97284589 0.44766921
587.48931631 0.44041550
588.68942302 0.41741479
587.45837266 0.43135742
172.08242809 0.85026023
588.42077432 0.40716171
521.28465428 0.36965391
520.98125564 0.36005439
522.00288104 0.38113919
521.22002645 0.34013200
263.10920996 0.39869294
262.82387700 0.37016737
261.49077856 0.35767533
261.75422307 0.38270022
520.97098881 0.32936356
261.51309437 0.35767533
350.61760344 0.63151476
351.15588918 0.66440874
350.36965191 0.63285991
350.36335475 0.60846251
431.27943319 0.64625232
431.91125997 0.61550625
433.24262376 0.61152931
433.24127241 0.64028251
351.15588918 0.63312353
433.24125390 0.61152931
610.60751834 0.00846347
610.39308780 0.00717119
610.40687699 0.01082938
611.57841236 0.00725830
611.23049515 0.00000000
611.36177672 0.00000000
610.32945835 0.00000000
610.76554162 0.00000000
609.38135244 0.00672263
611.35638676 0.00000000
189.10997742 0.78799872
191.72183215 0.80848483
189.11269863 0.78799872
189.11001395 0.28424400
412.42999564 0.81054848
412.43131095 0.25490744
411.80963007 0.27573790
412.24753540 0.81289316
191.72128323 0.24699526
412.24867509 0.27614371
537.72227590 0.25326335
539.33056050 0.26495779
538.25480415 0.25776563
537.63034119 0.67575173
609.72465750 0.00089693
611.31839671 0.00224419
611.12300482 0.00214730
610.96134122 0.00030488
539.85839632 0.68132719
610.96581380 0.00244836
372.68097658 0.53909937
372.77537512 0.53725667
371.48727122 0.54173971
372.68233681 0.01341059
576.68684306 0.34394576
577.09266681 0.00770502
576.93758577 0.00758261
576.86740515 0.34727343
372.19954220 0.01667853
576.23372849 0.00952411
610.43261671 0.00066667
608.71974537 0.00000000
610.81080838 0.00134234
609.40828705 0.01211277
242.02223850 0.05183319
241.33082260 0.50296572
244.57095578 0.53733740
244.56316082 0.04238547
610.66415336 0.00891167
244.57005191 0.53733740
595.72056147 0.15008233
595.60679640 0.16726305
595.34495238 0.16358328
597.56791264 0.04780974
499.57454119 0.41087111
499.91910343 0.12641103
502.64463065 0.13299603
502.96541132 0.37833448
598.35414200 0.07335342
502.86104930 0.13458333
327.78496341 0.80149777
280.99191249 0.92010583
323.59078010 0.87652599
327.99354734 0.55995670
217.04508473 0.79945223
212.01116647 0.60490464
152.03447740 0.63284639
151.01179611 0.92119651
280.51249934 0.64616569
151.64175441 0.64619491
463.60262236 0.17429488
462.01250548 0.17820717
462.96045435 0.17406208
463.63315491 0.38655890
324.28789176 0.17283543
322.93762089 0.38702823
322.85173170 0.39003478
322.16908872 0.17043973
463.70761901 0.38756810
322.82914809 0.38298692
111.24839052 0.67977752
110.53173168 0.65586964
111.24929143 0.67977752
111.24839052 0.88988341
609.16546939 0.10641033
607.51180970 0.14894773
606.32232288 0.15095807
607.22004064 0.10287442
110.88125728 0.89208253
607.19312778 0.15454556
320.56360770 0.23111254
331.77896782 0.23431295
320.56360770 0.23111254
320.56252074 0.19096322
460.76869643 0.24711002
460.80310503 0.21461431
451.35487213 0.20034991
437.29118934 0.23242445
316.45712127 0.20541896
437.07418084 0.20758579
605.13560095 0.10257390
605.72675981 0.10919505
606.56149004 0.10940792
606.97242517 0.10413219
111.67114678 0.72524712
111.20105521 0.70197492
110.03481508 0.70129551
110.02816139 0.73151070
605.88807820 0.10293376
110.03275840 0.70129551
153.59935525 0.48455075
151.20341297 0.47265169
153.10023239 0.47146496
153.59621142 0.45332210
282.55915337 0.48956614
282.55537967 0.46118448
283.09338554 0.42519886
283.09421210 0.45929769
151.20172541 0.44851130
283.09503166 0.42519886
500.50124545 0.95461294
502.62828114 0.95193592
499.94616567 0.95815808
500.55925581 0.92163501
594.49348824 0.38022621
597.03148676 0.37348289
597.49015802 0.36472761
596.86452058 0.36836472
502.43794378 0.93150883
598.48422922 0.34928013
577.92751265 0.39038435
576.20492633 0.39023661
578.18542525 0.39598506
576.71819189 0.19787502
373.51607780 0.62035231
373.51376405 0.32592912
369.91545235 0.32439746
371.65384535 0.60724534
576.51403709 0.20440970
372.20356983 0.32796890
242.18280564 0.12066232
242.92696070 0.12073368
241.26072969 0.11372526
243.41883863 0.81588986
609.95068733 0.00178829
611.05006272 0.01826279
611.64165186 0.02539535
610.60009166 0.00240999
242.92696070 0.84188117
611.05744091 0.02289262
611.75225775 0.00146590
611.12450198 0.00316874
612.56383763 0.00195131
612.61155045 0.00048780
538.76091173 0.77238443
538.54438894 0.06260129
537.82587578 0.07654649
537.55087065 0.76522430
610.70685554 0.00000000
537.42146197 0.07276432
413.09868927 0.36032002
413.69937804 0.37371285
413.09868927 0.36032002
413.09868927 0.55764882
193.96528379 0.36969096
193.96528379 0.59246753
193.13939757 0.56997275
192.92873816 0.37405299
413.79912433 0.55520449
192.93361061 0.57991014
608.38944560 0.08415435
607.44318121 0.09941742
611.11439698 0.09462449
610.02415414 0.06510025
244.30452712 0.81467954
244.30452712 0.66962662
243.04625572 0.65831278
243.67381643 0.82553934
609.06568508 0.07609357
243.67178558 0.66130461
330.86535459 0.30350812
331.75627430 0.31323328
330.86097632 0.30350812
330.86197042 0.14933667
577.31668469 0.18165772
576.00344949 0.10396882
575.36457983 0.10154979
576.31069198 0.18818466
331.75734957 0.15354764
576.22108452 0.09724088
511.63040329 0.55510683
509.25415587 0.52246171
511.58426361 0.54113005
511.66383009 0.88695668
610.97298587 0.00035461
611.15806299 0.00142477
610.62230578 0.00176823
610.50284646 0.00059172
508.40649825 0.87797964
612.25139249 0.00058824
161.80576767 0.07655307
162.26053648 0.07596398
161.80653103 0.07655307
161.80655969 0.40921887
422.10907617 0.06347550
422.11137212 0.40081248
422.18891163 0.41614703
422.14038736 0.07205303
162.29188552 0.40986856
422.80095639 0.43096825
241.34056617 0.44572991
242.27230678 0.44082666
241.33948041 0.44572991
241.36518702 0.80433557
608.31097930 0.05771037
608.85352145 0.10616600
608.79860244 0.08796276
609.94936513 0.05427305
242.81217082 0.77523126
607.66604929 0.08835906
577.30958578 0.58766474
576.09946148 0.57992839
577.77130752 0.59471016
577.10399380 0.17797677
332.73893013 0.94488621
332.41405822 0.29437136
330.75646601 0.28739968
330.75873883 0.94613469
577.16818182 0.16363636
330.75647741 0.28739968
421.66983118 0.19144597
423.23887737 0.22602627
421.44232040 0.20068823
421.66771998 0.53612853
162.35959470 0.19122283
162.43172585 0.52481960
165.37855630 0.56852692
165.37855630 0.22469968
423.23887737 0.57804209
165.37855630 0.56852692
613.21160274 0.00000000
611.86668905 0.00047847
610.45367185 0.00105263
610.31455729 0.00000000
511.54458987 0.68188900
511.21983847 0.04867048
509.45537839 0.03875160
511.00547192 0.66426515
611.14118444 0.00000000
510.80482295 0.03573869
546.57924973 0.11124543
546.38981935 0.11212235
546.09351406 0.10593541
546.73881230 0.72276280
599.39532551 0.04761958
600.27580746 0.27965493
598.92383489 0.26833612
599.19855611 0.04310120
546.99342447 0.73141050
598.91730509 0.27133137
202.99910464 0.63032270
202.45246636 0.63148328
203.34221813 0.62690889
202.61842683 0.35789613
293.14211197 0.62669239
292.73329103 0.36012212
292.51546352 0.34251634
293.44820994 0.63286936
202.51979996 0.35177579
292.94645871 0.35196609
585.00912647 0.05794780
584.40343320 0.06407684
611.36740037 0.01182841
584.32181238 0.09504772
155.10652294 0.37441537
183.28503185 0.51588076
155.07520980 0.59713153
183.07875171 0.32864850
610.72061981 0.01653916
183.14119403 0.52113091
370.84726701 0.87432502
370.64658838 0.88359469
370.89229193 0.87466304
370.98734940 0.09343500
460.36687523 0.88573172
461.50863950 0.09569277
460.58579306 0.09668523
461.22717904 0.88889053
370.77132439 0.09123789
460.00348139 0.09610908
292.47368074 0.51793515
292.47500071 0.51793515
292.46904033 0.51793515
292.46904521 0.75202884
200.84509331 0.49838040
200.84374668 0.72071230
200.84173802 0.72071230
200.84178182 0.49838040
292.47236483 0.75202884
200.84179089 0.72071230
600.14058219 0.00099010
600.07622289 0.00199123
600.22274229 0.00265676
600.29151663 0.07649211
547.77798031 0.00566120
547.46617147 0.20384255
547.85291501 0.19319809
547.23212483 0.00698456
600.66635064 0.07546267
547.59943351 0.20317415
111.04171760 0.74268310
111.04082475 0.74268310
111.03992404 0.74268310
111.04214238 0.97607407
610.72913512 0.01637579
610.42332237 0.01995420
612.50756585 0.02215250
610.83712710 0.02123613
111.04080899 0.97607407
611.63112354 0.02216381
462.74159847 0.26062136
462.78556649 0.25928803
462.56166814 0.26323675
462.81976888 0.49659628
370.10485008 0.25642174
369.98474482 0.47038460
370.58730713 0.47964889
371.42715767 0.25781613
462.87657688 0.49258009
369.20145819 0.48501527
440.61359455 0.66308156
443.08037022 0.66073902
440.61241808 0.66308156
440.61243176 0.14438212
611.38494074 0.00235294
609.58398671 0.00000000
612.17454927 0.00030120
610.49181030 0.00426576
442.14078460 0.14198895
611.31730762 0.00030120
609.79904600 0.00000000
610.33601774 0.00000000
610.78143201 0.00000000
611.33130173 0.00000000
401.89646037 0.15197782
402.26087877 0.62875687
400.53139778 0.61724405
401.18417029 0.15764460
610.57118323 0.00000000
400.83719522 0.64336564
262.36078347 0.91421569
261.46616821 0.90664215
262.06239627 0.91194888
262.93944582 0.38885673
223.42274023 0.92073073
222.16599070 0.39453924
222.78331615 0.37783413
222.78238227 0.90485208
261.47002353 0.40005049
222.78331615 0.37783413
587.85844799 0.22233994
588.67120447 0.20452191
588.38653179 0.22332418
587.79787805 0.47088470
562.87390018 0.29610127
562.22393763 0.66379918
564.36281218 0.63736354
563.84960755 0.28907541
588.40746747 0.44755436
563.61730367 0.64826676
528.78593351 0.04104550
530.10416937 0.02867433
529.06408585 0.04711402
528.73982603 0.23339882
130.14630997 0.03440864
130.27481401 0.26319329
131.58248887 0.24907835
131.58111278 0.03230565
528.79172138 0.22005489
131.58249736 0.24907835
271.56415074 0.42974980
179.11781860 0.56934106
186.37232886 0.53776603
270.86634601 0.59822232
509.08721339 0.42937135
427.67176619 0.74804811
483.54551682 0.74250635
483.59096719 0.51942595
179.11781860 0.76364924
483.55238910 0.73949866
609.38539404 0.01247482
608.73455207 0.02124305
609.28076887 0.01245867
610.06430437 0.00036630
604.84513625 0.06166990
606.44517699 0.00036630
604.13259036 0.00140845
606.20179067 0.06017010
609.31204691 0.00211767
605.88438889 0.00070423
352.53689319 0.81252742
352.79104220 0.78557494
352.53767975 0.81252742
352.53934575 0.50975669
313.60537305 0.81145593
313.60697197 0.52565791
312.90637208 0.50698737
313.16360795 0.78316775
352.36207826 0.51191089
313.16875450 0.49702161
131.95759851 0.35940876
130.21584481 0.33535883
131.95855089 0.35940876
131.95951243 0.33259451
183.87092269 0.34912506
183.86900894 0.32025952
181.07923924 0.29155251
181.24528866 0.33916141
131.69099084 0.31200677
180.34906494 0.30187104
482.10835127 0.84006401
507.66000995 0.70629298
482.85656545 0.83369226
482.89664762 0.79994698
529.87758546 0.76684923
529.00301562 0.74504825
545.62831693 0.63696087
491.45842971 0.78898941
453.25449254 0.81151511
491.90496484 0.76416845
312.28594703 0.11009857
312.64767343 0.09721077
313.23213437 0.10915660
312.08461973 0.06961756
608.98151435 0.00819115
609.44241747 0.00182840
609.46518721 0.00733415
609.49360448 0.00441457
311.60644947 0.07263282
609.92931327 0.00732896
604.73626071 0.13131843
606.01864620 0.10021637
604.70810624 0.13240601
602.70430528 0.12120526
350.94628321 0.60171232
349.70402543 0.55673102
352.53524717 0.57903879
352.53774618 0.61653842
605.57335077 0.11590652
352.53935231 0.57903879
610.18699164 0.00350656
609.64176665 0.00710117
613.15241766 0.00635815
612.37139920 0.00000000
612.41740314 0.00000000
610.85995217 0.00000000
613.41537309 0.00000000
608.42133379 0.00000000
610.09263464 0.00114943
609.87563742 0.00000000
402.62758794 0.47113967
402.46764547 0.47635177
402.63421358 0.49127710
402.62244031 0.67828528
442.51685170 0.46991345
442.53932342 0.67470622
440.87203628 0.68562617
441.02620292 0.46783386
401.21874027 0.68619814
440.78655991 0.67595518
563.88685542 0.53157614
563.51706963 0.53127525
562.60093076 0.53297548
563.03747323 0.31531369
261.65053249 0.71025976
261.74055211 0.43517723
263.36380300 0.43885214
262.51854767 0.70860690
564.48735927 0.33792377
263.53354031 0.44144608
222.16114121 0.23159652
221.14561736 0.22622721
222.16114121 0.23159652
222.16114121 0.93687974
586.78398427 0.13553248
587.08923877 0.48344327
588.03113020 0.47223141
587.62364990 0.12376399
221.98718822 0.94935447
587.96093878 0.47434734
343.52355687 0.39363908
341.33143236 0.39409520
343.52514417 0.39363908
343.52355687 0.39363908
521.28979376 0.33701745
521.44242821 0.33547590
518.87074424 0.37895620
519.01996807 0.38299658
341.55884807 0.39011465
519.18810155 0.38202136
609.00143139 0.07275421
609.87579826 0.06298984
610.31314208 0.08216872
608.88265932 0.08406579
171.64834603 0.88770602
170.50240670 0.88904680
174.33609166 0.89080153
174.33609166 0.89080153
612.48953940 0.08211745
174.33609166 0.89080153
172.34011171 0.15279914
172.41167317 0.15069626
173.13217675 0.14902688
171.57584594 0.15373131
341.95770228 0.15687767
342.87242976 0.15239520
342.38118826 0.13625499
342.38823797 0.13625499
172.41167317 0.15069626
342.38350067 0.13625499
520.90847425 0.60643231
520.77156069 0.59365896
520.68174354 0.60781351
520.38034268 0.59939790
609.68370994 0.04102305
609.56234069 0.04760824
609.58266412 0.05730845
611.07858171 0.06056693
521.54617282 0.60878804
610.32200229 0.05300450
581.27926467 0.45211774
582.49289728 0.41910511
581.15332853 0.45528701
581.84508790 0.01262092
430.46847986 0.76193824
430.63677249 0.02761159
432.59151950 0.01967588
433.42139573 0.77772926
582.60450185 0.01047331
433.42456453 0.01935369
251.65075854 0.27917777
250.64118653 0.26960208
252.81487983 0.28361526
251.64859899 0.53487100
611.80104348 0.00000000
610.47081694 0.00000000
610.54612541 0.00000000
610.66777378 0.00000000
250.61390561 0.51082091
611.50409875 0.00060976
611.16558194 0.00000000
612.35898163 0.00000000
611.22675743 0.00080646
611.19529774 0.00000000
583.19021823 0.27761954
582.26667290 0.15929534
581.93001071 0.17459836
582.56641060 0.31509418
610.38729824 0.00000000
581.26317556 0.15905448
430.74396372 0.02925397
433.33381410 0.02379631
430.74396372 0.02925397
430.74396372 0.78734591
253.84890373 0.02231561
253.84789363 0.77272356
252.17975522 0.76735904
252.17684897 0.02167818
432.02097828 0.77191621
252.18225181 0.76735904
214.41962182 0.60282093
210.83637659 0.61411413
214.41964355 0.60282093
214.42046927 0.08474112
380.03218233 0.58175814
380.03134924 0.09749098
381.23936578 0.08291924
381.23936578 0.59827577
210.83637659 0.08310642
381.23936578 0.08291924
556.01279115 0.06223721
556.54770240 0.06187393
556.40428608 0.06982150
556.30065703 0.47279544
611.42076142 0.00074631
610.33748000 0.00895972
610.56849134 0.00677563
611.95339435 0.00136366
556.55445987 0.46562691
611.39555836 0.00678746
361.79960410 0.82656325
380.93537718 0.82467625
348.58308440 0.82356444
362.23019213 0.33332233
512.13858628 0.68607071
498.30949893 0.28611468
556.21036362 0.28589207
555.25511866 0.66604709
382.35908508 0.33993504
555.15968147 0.28496860
612.76443320 0.00416956
611.82315838 0.00616464
611.06659608 0.00311162
611.67218832 0.01346892
211.24734314 0.33051008
211.24578337 0.83212604
211.89890562 0.82552865
211.89823486 0.32925170
611.95170701 0.01431444
211.89960007 0.82552865
602.04156165 0.05405883
602.78986467 0.05605273
604.25352289 0.07524448
602.93044620 0.11333431
469.70802709 0.20138409
469.79085536 0.45296825
470.80196108 0.45493104
470.80604631 0.19721407
603.77791285 0.12094897
470.81802639 0.45714073
302.50348361 0.68762501
302.54116794 0.70465329
303.59319818 0.70775277
302.88310487 0.95576067
122.19624304 0.70225964
122.97053934 0.96136575
173.17806100 0.95922409
122.56676044 0.70461459
302.76734319 0.95774589
122.35982835 0.96371323
471.85487485 0.46390291
471.52905299 0.46143810
471.20162931 0.43774232
471.26392155 0.20323703
301.21661503 0.46223350
302.50980877 0.20257506
302.44602624 0.21965803
303.03549051 0.46198512
472.25074209 0.21019595
302.66901296 0.21148156
121.44998457 0.95408951
120.32975612 0.96507738
121.43506173 0.95408951
121.42123457 0.72214506
603.32430698 0.24797811
604.29497909 0.18413264
601.51253467 0.17677833
603.21451661 0.24659451
120.33251707 0.71479273
602.05468122 0.16492017
609.31889727 0.00000000
612.03955674 0.00104167
611.67475464 0.00000000
613.10492175 0.00418623
282.46641683 0.14958305
282.46641683 0.91963336
282.41168010 0.93051638
282.02265323 0.12071128
610.05531807 0.00069686
282.59842250 0.93549965
411.13570637 0.63908300
411.17112065 0.61240657
412.03511188 0.61303837
410.54668743 0.42503152
595.56919239 0.23182452
597.40851534 0.15326018
595.36590039 0.15443175
595.69510312 0.22161216
411.27386520 0.41509379
596.53668544 0.16886858
570.03037820 0.25290017
573.44264654 0.26937041
569.83686881 0.24839551
571.07119236 0.44837545
452.24825568 0.35751934
451.23646881 0.67214472
451.61761393 0.69419099
451.61761393 0.41341782
574.14519571 0.46284908
451.62713774 0.69577829
231.67747478 0.86178696
231.23152467 0.87255144
231.67475363 0.86178696
231.67884949 0.17800279
100.50944441 0.87615671
100.50875488 0.18216017
100.46193509 0.17908381
100.15750137 0.87340345
231.20333897 0.16845545
100.02282276 0.17915876
142.10509806 0.73161391
141.34697125 0.73697108
142.10946977 0.73161391
142.10892329 0.54402306
537.79156128 0.66337832
537.65888274 0.49565621
539.05279760 0.47407348
539.52372188 0.64391166
142.33895897 0.55239657
538.41459596 0.49123280
492.08908560 0.25187367
492.59292078 0.23871248
492.09884530 0.25011067
492.37919358 0.05578905
191.97757039 0.24993928
192.57219257 0.05542737
193.15539126 0.05041538
193.16245207 0.25097403
492.77551512 0.05739720
193.16045207 0.05041538
322.14429732 0.99265059
321.00603368 0.99137538
321.68633455 0.99150559
322.45186002 0.80366374
361.76680820 0.98954196
362.25850825 0.80083782
360.67326901 0.79985096
359.45738449 0.99026907
320.87646160 0.80875616
361.40071052 0.80956723
606.69572329 0.08552652
607.65108164 0.07956488
607.23240945 0.07561757
608.62775404 0.06090819
612.80840463 0.02117846
610.22420695 0.01288697
609.14929888 0.01293662
611.71158595 0.01943494
607.53010257 0.04560738
609.42874300 0.01078397
451.22799317 0.92420614
452.15752479 0.92982073
451.78554513 0.92198392
451.18848678 0.61459796
570.81595888 0.65192550
571.80778025 0.41886694
570.26993042 0.44015142
569.71758826 0.65656683
451.88986530 0.62296141
570.10070801 0.42435299
102.14994943 0.42054626
102.28966219 0.43826583
102.14910219 0.42054626
102.15077412 0.10545288
232.32765999 0.43513166
231.66376364 0.11765084
232.79846992 0.11880014
232.68246084 0.43741872
102.94622625 0.11314303
232.71304953 0.11881304
597.33086816 0.24316740
594.75526824 0.26081901
596.28695007 0.24659946
597.17886737 0.31681360
412.43691264 0.67665790
412.98915979 0.85447546
411.51352866 0.86076427
411.82743945 0.69044807
595.69495080 0.31383994
410.77789552 0.85744635
281.56807749 0.16670434
282.85208843 0.19655581
281.55368134 0.16670434
281.56071245 0.34478473
609.69283714 0.00061350
608.57163277 0.00302309
613.15870327 0.00000000
610.29595695 0.00123457
283.13715949 0.35874295
610.74438215 0.00000000
362.77626653 0.30039452
361.79526224 0.30976889
362.77315305 0.30039452
362.77155433 0.99366299
320.78349147 0.30057571
320.77796552 0.99287492
323.38669945 0.99576947
323.38501877 0.32217788
361.79526224 0.99408892
323.38585911 0.99576947
609.22180425 0.02666838
609.60344194 0.03435194
610.58231915 0.02523876
609.92593740 0.01621592
606.15215989 0.11753172
606.18682250 0.08077779
606.59194632 0.07880025
607.46155338 0.13297498
609.77006147 0.02053849
607.04154476 0.08655172
190.71386155 0.05199139
194.96684022 0.05053229
190.71338625 0.05199139
190.71237142 0.72874142
489.88816664 0.05184810
490.78613424 0.72654107
453.11951388 0.72314580
508.31796016 0.04807542
250.71172467 0.64874291
508.30839629 0.63621521
539.76582928 0.50783531
538.10242233 0.47562305
540.36162099 0.51541877
540.06473149 0.23468795
144.37517273 0.52834212
144.37517273 0.25295857
140.70818221 0.24379318
140.70663051 0.53162241
538.08689623 0.19656858
140.70974201 0.24379318
233.16492318 0.30650076
233.13470295 0.30530749
233.19641810 0.30524297
232.80859079 0.86018047
274.94835779 0.30482180
274.09944095 0.85062893
272.19453864 0.86053724
272.15912547 0.31213191
231.85443059 0.86243652
272.17943043 0.85890562
569.88958817 0.55151841
568.67876674 0.54229585
570.08765758 0.55675071
570.30619031 0.26996900
591.43274129 0.36363453
592.48432282 0.14860711
591.53447642 0.17802814
592.10109426 0.37072977
569.05895516 0.23973824
591.85133748 0.17104325
402.24343742 0.04275593
402.39060561 0.05314840
401.95629531 0.04312635
401.90886029 0.60408349
611.29176610 0.00000000
611.97508851 0.00000000
611.80866160 0.00000000
610.59379734 0.00000000
402.38854354 0.61177164
613.28523068 0.00106383
611.62563166 0.00234990
611.91765025 0.00325546
610.19836248 0.00234375
611.86987825 0.00155644
441.42750914 0.51631053
441.76701974 0.10576879
442.01564502 0.10456692
441.20574426 0.54381322
610.45591115 0.00040650
441.59507384 0.11199145
608.31736007 0.15304375
606.98898719 0.13881271
608.50741509 0.14411722
607.42723516 0.11632852
610.54995738 0.06393412
610.62114235 0.04041935
609.71856186 0.04466263
609.02785008 0.04999684
608.05591846 0.11666551
610.28522108 0.04854515
322.01954035 0.42922878
327.10284332 0.40022302
322.80343965 0.43212741
322.01953036 0.25253421
352.19134725 0.43061445
351.76008186 0.25986336
353.93723123 0.25271822
353.93723123 0.41451342
327.10284332 0.22142945
353.93723123 0.25271822
491.87375921 0.66250293
491.74369372 0.65365433
491.51472421 0.65231680
492.08001124 0.97097160
181.39273133 0.66334549
181.33060760 0.98546821
182.76026676 0.99472460
182.76026098 0.67254362
491.77622216 0.97748723
182.76026098 0.99472460
139.64761699 0.17951091
142.75670358 0.16524159
139.07338079 0.18283640
140.58190359 0.48672737
530.02592955 0.16050672
529.98373839 0.44592584
530.97368635 0.45147822
530.86095869 0.14995236
142.71820648 0.48661140
530.59143760 0.43876421
271.70632129 0.74565218
271.40558352 0.73014307
271.70634631 0.74565218
271.70724721 0.69914210
604.32487129 0.15281267
604.82446987 0.15187438
605.64319591 0.14212809
604.56201130 0.15572134
269.16727153 0.67298906
604.93924293 0.14821502
591.89348103 0.10438899
573.52798338 0.11337985
592.33197495 0.09732857
592.62798583 0.07612291
313.82566341 0.22693012
313.31044705 0.17465692
332.72591179 0.17674739
330.23475581 0.23241232
571.17445911 0.09221168
330.12117972 0.17995741
126.94901211 0.98113103
102.51791466 0.97918790
124.47378789 0.98052544
126.47872702 0.92699249
161.42275083 0.98250626
157.69369177 0.92602224
141.61536377 0.91825860
142.41286192 0.98145891
103.34118366 0.92972441
143.09131213 0.92322483
450.21289881 0.47457370
452.13780866 0.47644567
450.87381923 0.48644738
450.22692980 0.42047725
491.19399183 0.46198310
491.52259217 0.40179356
491.67993982 0.40401579
491.90702904 0.46262717
452.11563164 0.41784008
491.47883504 0.39881184
538.65088970 0.08640350
536.47249943 0.10258776
538.17863500 0.08904198
537.85803756 0.69631907
222.40136406 0.10876508
222.12563035 0.81172343
223.57700545 0.82508588
223.57700545 0.10906506
537.51206819 0.72479056
223.57700545 0.82508588
192.39701825 0.61058179
191.80598766 0.59321152
192.76874734 0.59978639
192.39601154 0.30526100
563.60580211 0.44625403
563.66055445 0.23450239
563.60960095 0.23275854
563.08201860 0.46298358
191.53481668 0.28393166
563.12554883 0.21979495
612.21762905 0.01213408
610.82751611 0.01359302
610.15875790 0.01081514
611.57592789 0.01984516
611.82524336 0.00000000
609.48495515 0.00225227
609.59953579 0.00198458
611.07784011 0.00132232
610.44457831 0.01921095
610.50783690 0.00165459
362.96141072 0.88530099
359.73938025 0.85845427
362.96141072 0.88530099
362.96141072 0.05517658
401.30109175 0.84920645
401.30246161 0.04690511
401.55752539 0.05665542
401.80111156 0.86961674
359.10867781 0.05330351
401.42448275 0.05861064
509.63201392 0.20262547
512.21785263 0.18966911
510.02887604 0.20386004
509.84335349 0.31918173
612.51698148 0.00121951
613.01057083 0.00972671
612.06209594 0.00548789
611.68800381 0.00313728
512.08768216 0.31503493
609.90610887 0.00666679
161.29017384 0.69807761
162.72895432 0.70511576
161.52133495 0.69647790
160.65656246 0.81782655
382.67768616 0.70020228
380.42801384 0.82746967
383.47217143 0.84119315
383.46935006 0.72524604
162.72992484 0.82791727
383.46934108 0.84119315
609.75156623 0.03585301
610.74450908 0.05216547
609.58006436 0.03423027
609.35719337 0.00652429
202.00956999 0.45695350
202.82284107 0.08312100
201.10627078 0.07554548
200.16337309 0.46056661
608.25574986 0.00776247
200.02121042 0.07715289
340.82119538 0.94701044
342.37178250 0.94972016
339.60543166 0.94321129
339.33432962 0.57145483
545.54531832 0.80595343
547.42241574 0.45423815
547.67905557 0.49452617
547.64274166 0.79704127
341.82507392 0.58669244
546.63269136 0.49527362
431.09274127 0.55975030
432.81650132 0.56620297
431.31098778 0.55099993
431.09376947 0.18150835
109.35152195 0.57601089
109.35563258 0.21177671
112.50768571 0.21017829
112.50975823 0.57704243
432.78006053 0.22222710
112.50945206 0.21017829
611.06872303 0.00135774
611.49309570 0.00000000
611.65996568 0.00019212
610.27337097 0.01972794
482.32928153 0.06512754
483.28296577 0.59635554
461.40431889 0.70490228
461.00137473 0.06950413
612.26394777 0.00069930
461.40966110 0.71101214
252.00171825 0.82009839
254.53208955 0.82532924
252.35349434 0.82380597
252.52652813 0.44542660
600.60620113 0.27722700
600.16069029 0.12974499
601.81423286 0.16430157
598.85187172 0.27205021
254.53061896 0.45693591
598.38307917 0.15796211
582.80461101 0.18699115
582.86843077 0.18557637
582.44647152 0.19038597
581.35928690 0.53316763
291.64480590 0.33590607
291.64400046 0.95947418
291.22558120 0.95449038
291.70363782 0.30558095
582.73228697 0.55176747
291.70086221 0.95031308
609.94096457 0.01093128
609.51921910 0.00971136
611.18354513 0.01191149
610.49486372 0.00604061
162.53740173 0.76392216
162.53740173 0.13911366
161.91336043 0.14441277
161.91416709 0.76489619
611.04239813 0.00000000
161.91009538 0.14441277
381.19429090 0.26766560
381.14047610 0.26552750
383.10029797 0.26050046
380.37408990 0.65201122
510.52960805 0.28384590
512.57022454 0.63390462
511.46118221 0.63622090
512.62866341 0.25051796
381.96603776 0.65298775
511.40660049 0.62416575
556.78863546 0.41352545
494.96004977 0.43400137
555.40891238 0.40781295
555.98303229 0.31938441
607.38472083 0.06115295
608.23817229 0.04239779
537.87165004 0.12074710
605.58833619 0.08855415
563.47424899 0.28742729
606.13812244 0.07017546
211.25182072 0.01024351
211.99368228 0.01105043
211.25352851 0.01024351
211.25124604 0.89739204
331.07500299 0.01486382
331.07555486 0.89832322
331.17408255 0.89072804
331.69466861 0.00958104
211.86905916 0.89603355
331.69514373 0.89325747
121.95426757 0.37098594
120.84162198 0.37840171
121.95644692 0.37098594
121.95645214 0.26281844
610.64692849 0.00000000
611.79757737 0.00072993
610.92843427 0.00000000
610.29750800 0.00000000
120.40387613 0.25868240
610.77701996 0.00000000
471.64612174 0.88269469
472.87649882 0.88151663
473.63358273 0.86944785
472.00784747 0.75912512
422.64606805 0.88428362
422.48922861 0.76418837
422.32943803 0.76547024
422.29311564 0.88539021
472.62648632 0.76299012
422.01525629 0.76155805
291.06808138 0.13630147
291.60028851 0.13278006
291.78710915 0.13402599
290.83648450 0.01926702
252.63552187 0.11983316
252.06757559 0.02065972
252.13184087 0.01986747
252.41939587 0.13869395
292.28157769 0.01946201
252.41941199 0.02156084
599.80811172 0.23367816
601.40984077 0.23993609
598.84541251 0.20848614
598.72228423 0.17767154
581.60001280 0.33568388
583.45986463 0.29133785
584.28676824 0.30078856
582.61506643 0.37739547
599.47933967 0.16559619
582.18943739 0.28854820
586.64057980 0.49573841
588.96215045 0.49367464
585.89091450 0.50024962
587.04719416 0.04433971
503.26467153 0.96898277
503.35718689 0.07087930
502.16698347 0.07151931
502.58842616 0.97021826
588.29004892 0.03018751
502.65803377 0.06928135
261.83280681 0.48879321
262.69671637 0.48788739
261.82232179 0.47523168
261.83234617 0.56050398
151.49421178 0.48182644
151.49418455 0.54572312
152.25514610 0.57710260
152.25517042 0.49838891
262.83925112 0.55793274
152.24895080 0.57710260
609.46970726 0.00034364
610.15607966 0.00000000
611.40266188 0.00000000
611.34731287 0.00000000
323.16163568 0.74845370
321.89402566 0.32028345
323.97104712 0.30701016
324.55632100 0.71821224
607.37368973 0.00000000
323.18118595 0.30515831
441.48982757 0.23897726
441.64105539 0.24428008
442.37342101 0.22704118
441.45472364 0.81705241
606.51785529 0.03506998
606.34155804 0.13892384
607.28396641 0.14062492
605.34336675 0.03831332
440.37063131 0.81729593
607.46461670 0.13766545
350.99995464 0.35815944
351.95410930 0.36586901
351.13436121 0.36147451
349.96738150 0.43998358
411.54764319 0.35981761
410.28891689 0.43365598
411.21565121 0.43049503
412.16702401 0.37299558
351.63436651 0.44320933
411.31273553 0.44057231
611.12029462 0.04575899
607.57064899 0.04939136
609.97799964 0.05599102
609.50239188 0.04570625
610.27418279 0.00181272
611.60302010 0.00121127
609.60368928 0.00330918
610.42206455 0.00219807
608.92815231 0.05491188
610.47755755 0.00107527
171.81367275 0.12771623
170.82214868 0.10845952
171.57684322 0.12615373
171.82731931 0.19469169
570.14517179 0.08908011
570.82914213 0.13538108
569.54003695 0.12576064
569.84040814 0.07767608
170.82214868 0.17299153
569.09498438 0.12462997
520.54306651 0.58366540
521.41486375 0.60383848
520.62860012 0.57988145
520.26260573 0.65028436
233.06658891 0.64863415
233.06755045 0.71540362
233.38093926 0.67937987
233.12821346 0.62524411
520.91546759 0.64455552
233.12598724 0.68729341
606.31406228 0.01449327
606.92123137 0.01084305
603.31691435 0.01532956
604.83570405 0.07660850
372.63034550 0.06048576
372.63034550 0.38336328
370.48918154 0.36913340
371.02047089 0.06251683
604.52106750 0.07666299
370.78721987 0.36045176
312.10752149 0.55788023
312.54647132 0.55400368
312.35048058 0.56214142
313.96337993 0.88539568
610.42793385 0.01460675
609.88494305 0.01827396
611.11593025 0.02253351
611.37399945 0.01513275
313.11766494 0.87220320
609.59377631 0.01786293
405.26934354 0.30236694
480.52080703 0.30059871
506.99048031 0.25801412
406.16845870 0.12511124
450.83304966 0.28383153
553.58739994 0.09004963
537.93991657 0.10528894
537.81883313 0.28002971
480.06476359 0.11882315
538.47192383 0.10582197
131.14278846 0.80053760
131.54246888 0.81084342
131.14278846 0.80053760
131.14178843 0.62721597
191.02169269 0.80699325
191.02169269 0.62807525
189.63799199 0.63503441
189.64080836 0.79263056
131.54383875 0.61556393
189.64077031 0.63503441
221.12591464 0.68910378
224.08628349 0.71641477
220.84976062 0.68846719
220.80238035 0.00246914
452.51525707 0.67499219
451.80296254 0.00434021
453.46166617 0.00731625
453.46632083 0.71471834
224.08446516 0.00363651
453.45605870 0.00731625
563.23916572 0.13900853
563.63687527 0.13774750
562.98436190 0.14315824
562.40403119 0.37603281
101.83666932 0.19145367
102.41965854 0.50487925
102.52767458 0.50117637
103.05656513 0.17528179
561.67451933 0.35717366
102.45456434 0.50040862
392.38301603 0.93813804
388.06686357 0.93121220
391.20878811 0.93699143
392.38341815 0.24282969
282.77445320 0.93613616
281.72518442 0.25789882
293.25813870 0.25781065
328.58767121 0.80094424
422.84433325 0.22901629
328.72073612 0.21756639
608.10452512 0.00688441
610.89861402 0.00378394
608.76915789 0.00693821
609.87464199 0.00693665
595.85958300 0.18175621
596.53527478 0.30559964
595.34951464 0.28586583
597.39055970 0.17089277
610.94077946 0.00486509
598.42688714 0.29884936
150.12767189 0.54529287
150.46752551 0.51837366
150.12767189 0.54529287
150.12767189 0.61278020
304.23080227 0.53677938
304.23080227 0.59919868
301.61686516 0.59706420
300.69304305 0.51751142
151.90306385 0.59430150
301.23471742 0.59986569
500.66930252 0.02514551
503.10901883 0.02532642
501.83953943 0.02735055
502.00612168 0.10305553
604.16597213 0.00574857
603.05808395 0.01854583
604.29890072 0.02219986
601.10819252 0.00793651
502.83852438 0.09067064
602.47242864 0.03487183
332.39671188 0.76572758
332.93880915 0.77969868
332.16683741 0.77262363
332.39508024 0.83895636
481.85361097 0.76781641
481.78698119 0.82701448
481.10736991 0.84699119
481.29966948 0.76704185
332.94025842 0.85580027
481.33616219 0.84550559
607.78736391 0.03025145
608.47466163 0.02952936
609.32279477 0.03948342
607.83183660 0.04608398
131.90416894 0.26212368
130.81009034 0.33595637
132.62270835 0.35066325
132.06220115 0.29206310
608.27649448 0.03924540
131.48973184 0.36056901
610.42642415 0.00104712
611.29944030 0.00000000
610.05678772 0.00052356
610.91132193 0.00210808
553.71548840 0.12570625
555.16494723 0.79104300
555.87145437 0.77359455
556.18413365 0.12596039
611.77172162 0.00215302
555.68298275 0.77075699
420.16762791 0.65494659
410.36378445 0.65912553
378.56564155 0.64980445
421.05679704 0.46270878
248.37939796 0.65000006
204.66938921 0.47917912
211.25181747 0.46896089
211.25181747 0.65009811
410.41718705 0.47712576
211.25124280 0.46896089
578.44696013 0.25565563
575.27284068 0.23062906
577.30304306 0.24499204
577.57698143 0.43830164
393.39872695 0.40427722
392.55676080 0.71313703
392.04249554 0.72890800
392.04249554 0.42883717
575.07854505 0.43783008
392.04249554 0.72890800
241.51414010 0.89161240
242.95703673 0.89830244
241.51945747 0.89161240
241.51764928 0.22111513
610.20391676 0.00523265
611.81749809 0.00349352
610.45615757 0.00119364
610.93119212 0.00638121
242.42337085 0.23235922
610.14115182 0.00079211
370.84474385 0.45658912
371.22327284 0.47761022
370.84474385 0.45658912
370.84474385 0.89439512
588.23040966 0.25394861
585.09002193 0.45705044
586.90737730 0.43759410
588.36216477 0.21808633
371.22450741 0.91697226
587.66581121 0.46279572
610.84231142 0.02155223
611.49645703 0.02338496
610.31256208 0.02037240
610.61099100 0.00489478
261.80481926 0.96863886
262.44548427 0.40749979
262.84820010 0.39752739
262.61368331 0.96680103
609.67911062 0.00821800
262.43847283 0.40398349
202.15690879 0.22485468
203.01601216 0.21357632
202.58092708 0.22237494
203.21048208 0.65791735
432.38676813 0.22022743
432.62540755 0.65448551
433.53164542 0.65591514
433.28659836 0.21087227
202.98111875 0.63854694
433.28758189 0.65012455
547.04613321 0.62895308
545.75580049 0.62059374
545.51563892 0.62522540
546.00467556 0.13876787
610.11126195 0.00000000
610.38815053 0.00000000
611.84319158 0.00000000
611.86127181 0.00000000
545.10521639 0.12560251
611.50318657 0.00000000
462.24813237 0.84555461
460.44711343 0.83572341
462.23826825 0.84479712
462.25711021 0.52666401
343.05238974 0.84093265
343.05240088 0.52552113
342.01797574 0.53739762
340.76154438 0.83047109
461.68664958 0.51466314
340.75845421 0.53215443
113.18419043 0.33919945
181.44501614 0.30740626
113.18558887 0.33919945
113.18488204 0.03424787
608.96350204 0.02821022
608.61417007 0.00388445
608.46194964 0.00193240
566.33206021 0.06897887
136.36956724 0.03416979
565.88364330 0.00913528
597.35929656 0.22558462
596.12722269 0.20689502
596.81375938 0.22956866
596.98351861 0.28002462
519.73151796 0.54758462
521.24931655 0.75119884
521.31000790 0.74307525
520.53613880 0.55000256
597.29757547 0.27174553
521.76011948 0.73318361
285.55776042 0.07908272
281.53660147 0.09490663
285.55776042 0.07908272
285.55776042 0.27152840
173.48320721 0.12341557
173.48320721 0.33619818
173.11176505 0.26787616
173.11178642 0.08646427
281.53744893 0.28375736
173.11261975 0.26787616
613.16463431 0.01620244
611.54228465 0.00873046
610.06068239 0.01250000
613.85009500 0.00912578
124.71809296 0.59359136
124.71809296 0.47918432
120.45967230 0.46446072
120.45341625 0.60078076
611.93947617 0.00873115
120.45498550 0.46446072
381.35429568 0.09137337
383.15670631 0.09925113
380.51637095 0.08744935
382.09844791 0.96403415
469.62178732 0.10206469
471.25855060 0.95771669
473.46475809 0.95793133
472.48445915 0.10462715
382.36402065 0.96451999
472.48003290 0.96126203
548.21560588 0.70485045
546.45119686 0.70658537
547.08890750 0.70982518
548.51258443 0.18162397
600.45168626 0.25798438
601.42236107 0.07156203
599.21416220 0.06217379
599.87440824 0.26477392
546.93042749 0.16664980
600.88348887 0.06811176
201.30981747 0.33078100
203.60057315 0.36608446
202.13970808 0.33297818
201.53456240 0.72017271
292.23778401 0.34922419
291.87775093 0.71983543
293.67507541 0.72073906
293.67507541 0.33974359
203.60057315 0.71113575
293.67507541 0.72073906
110.13186142 0.20994191
111.74804080 0.22569260
110.12889915 0.20994191
110.12832136 0.09078147
610.63905385 0.00355759
609.59800037 0.00237043
611.52382459 0.00114943
610.49621042 0.00224747
111.74804080 0.09246794
611.87625709 0.00113636
462.05400862 0.72942332
463.03116035 0.72955051
462.62529326 0.71466431
462.59733688 0.59469226
381.60964086 0.71641978
382.37513320 0.58797713
381.89801629 0.59511300
382.09649285 0.71573386
461.78531593 0.58859217
382.48438347 0.58066819
291.48018576 0.46821820
292.19165557 0.48836302
291.14712600 0.46772492
291.02602731 0.33611504
211.09646366 0.46601781
211.39807577 0.33756135
211.88619415 0.35172505
212.69043447 0.46205305
292.79093173 0.34439242
213.38600345 0.34694946
598.52981279 0.30388854
601.77364600 0.32680562
601.18490944 0.34310702
598.41060352 0.25972320
556.19007436 0.79466078
555.49447470 0.66061890
554.90753561 0.66742693
554.02551592 0.78595293
599.05642375 0.25983315
554.97671898 0.67231421
