300.0000 10.0000 0.9000 65.0000
300.0000 10.0000 0.9000 65.0000
300.0000 10.0000 0.9000 65.0000
300.0000 10.0000 0.9000 65.0000
300.0000 10.0000 0.9000 65.0000
300.0000 10.0000 0.9000 65.0000
500.0000 45.0000 0.9500 92.5000
500.0000 45.0000 0.9500 92.5000
500.0000 45.0000 0.9500 92.5000
500.0000 45.0000 0.9500 92.5000
500.0000 45.0000 0.9500 92.5000
500.0000 45.0000 0.9500 92.5000
600.0000 27.5000 0.9250 78.7500
600.0000 27.5000 0.9250 78.7500
600.0000 62.5000 0.9250 78.7500
600.0000 27.5000 0.9250 78.7500
600.0000 27.5000 0.9250 106.2500
600.0000 62.5000 0.9250 106.2500
400.0000 62.5000 0.9750 106.2500
400.0000 62.5000 0.9750 106.2500
400.0000 27.5000 0.9750 106.2500
400.0000 62.5000 0.9750 106.2500
400.0000 62.5000 0.9750 78.7500
400.0000 27.5000 0.9750 78.7500
450.0000 36.2500 0.9625 113.1250
450.0000 36.2500 0.9625 113.1250
450.0000 18.7500 0.9625 113.1250
450.0000 36.2500 0.9375 113.1250
450.0000 36.2500 0.9625 113.1250
450.0000 18.7500 0.9375 113.1250
650.0000 71.2500 0.9125 85.6250
650.0000 71.2500 0.9125 85.6250
650.0000 53.7500 0.9125 85.6250
650.0000 71.2500 0.9875 85.6250
650.0000 71.2500 0.9125 85.6250
650.0000 53.7500 0.9875 85.6250
550.0000 18.7500 0.9875 99.3750
550.0000 18.7500 0.9875 99.3750
550.0000 71.2500 0.9875 99.3750
550.0000 18.7500 0.9125 99.3750
550.0000 18.7500 0.9875 71.8750
550.0000 71.2500 0.9125 71.8750
350.0000 53.7500 0.9375 71.8750
350.0000 53.7500 0.9375 71.8750
350.0000 36.2500 0.9375 71.8750
350.0000 53.7500 0.9625 71.8750
350.0000 53.7500 0.9375 99.3750
350.0000 36.2500 0.9625 99.3750
375.0000 31.8750 0.9938 89.0625
525.0000 31.8750 0.9938 89.0625
375.0000 31.8750 0.9938 89.0625
375.0000 31.8750 0.9437 89.0625
375.0000 31.8750 0.9938 116.5625
525.0000 31.8750 0.9437 116.5625
575.0000 66.8750 0.9437 116.5625
325.0000 66.8750 0.9437 116.5625
575.0000 66.8750 0.9437 116.5625
575.0000 66.8750 0.9938 116.5625
575.0000 66.8750 0.9437 89.0625
325.0000 66.8750 0.9938 89.0625
675.0000 14.3750 0.9688 75.3125
425.0000 14.3750 0.9688 75.3125
675.0000 49.3750 0.9688 75.3125
675.0000 14.3750 0.9188 75.3125
675.0000 14.3750 0.9688 75.3125
425.0000 49.3750 0.9188 75.3125
475.0000 49.3750 0.9188 102.8125
625.0000 49.3750 0.9188 102.8125
475.0000 14.3750 0.9188 102.8125
475.0000 49.3750 0.9688 102.8125
475.0000 49.3750 0.9188 102.8125
625.0000 14.3750 0.9688 102.8125
425.0000 23.1250 0.9313 95.9375
675.0000 23.1250 0.9313 95.9375
425.0000 40.6250 0.9313 95.9375
425.0000 23.1250 0.9062 95.9375
425.0000 23.1250 0.9313 68.4375
675.0000 40.6250 0.9062 68.4375
625.0000 58.1250 0.9812 68.4375
475.0000 58.1250 0.9812 68.4375
625.0000 75.6250 0.9812 68.4375
625.0000 58.1250 0.9563 68.4375
625.0000 58.1250 0.9812 95.9375
475.0000 75.6250 0.9563 95.9375
525.0000 40.6250 0.9062 109.6875
375.0000 40.6250 0.9062 109.6875
525.0000 58.1250 0.9062 109.6875
525.0000 40.6250 0.9313 109.6875
525.0000 40.6250 0.9062 109.6875
375.0000 58.1250 0.9313 109.6875
325.0000 75.6250 0.9563 82.1875
575.0000 75.6250 0.9563 82.1875
325.0000 23.1250 0.9563 82.1875
325.0000 75.6250 0.9812 82.1875
325.0000 75.6250 0.9563 82.1875
575.0000 23.1250 0.9812 82.1875
337.5000 42.8125 0.9469 101.0938
412.5000 42.8125 0.9469 101.0938
337.5000 77.8125 0.9469 101.0938
337.5000 42.8125 0.9531 101.0938
337.5000 42.8125 0.9469 111.4062
412.5000 77.8125 0.9531 111.4062
537.5000 77.8125 0.9969 73.5938
612.5000 77.8125 0.9969 73.5938
537.5000 42.8125 0.9969 73.5938
537.5000 77.8125 0.9031 73.5938
537.5000 77.8125 0.9969 83.9062
612.5000 42.8125 0.9031 83.9062
637.5000 25.3125 0.9219 114.8438
512.5000 25.3125 0.9219 114.8438
637.5000 25.3125 0.9219 114.8438
637.5000 25.3125 0.9781 114.8438
637.5000 25.3125 0.9219 70.1562
512.5000 25.3125 0.9781 70.1562
437.5000 60.3125 0.9719 87.3438
312.5000 60.3125 0.9719 87.3438
437.5000 60.3125 0.9719 87.3438
437.5000 60.3125 0.9281 87.3438
437.5000 60.3125 0.9719 97.6562
312.5000 60.3125 0.9281 97.6562
487.5000 16.5625 0.9844 80.4688
362.5000 16.5625 0.9844 80.4688
487.5000 69.0625 0.9844 80.4688
487.5000 16.5625 0.9906 80.4688
487.5000 16.5625 0.9844 77.0312
362.5000 69.0625 0.9906 77.0312
687.5000 51.5625 0.9344 107.9688
562.5000 51.5625 0.9344 107.9688
687.5000 34.0625 0.9344 107.9688
687.5000 51.5625 0.9406 107.9688
687.5000 51.5625 0.9344 104.5312
562.5000 34.0625 0.9406 104.5312
587.5000 34.0625 0.9594 66.7188
662.5000 34.0625 0.9594 66.7188
587.5000 16.5625 0.9594 66.7188
587.5000 34.0625 0.9656 66.7188
587.5000 34.0625 0.9594 118.2812
662.5000 16.5625 0.9656 118.2812
387.5000 69.0625 0.9094 94.2188
462.5000 69.0625 0.9094 94.2188
387.5000 51.5625 0.9094 94.2188
387.5000 69.0625 0.9156 94.2188
387.5000 69.0625 0.9094 90.7812
462.5000 51.5625 0.9156 90.7812
362.5000 20.9375 0.9531 111.4062
637.5000 20.9375 0.9531 111.4062
362.5000 55.9375 0.9531 111.4062
362.5000 20.9375 0.9969 111.4062
362.5000 20.9375 0.9531 73.5938
637.5000 55.9375 0.9969 73.5938
562.5000 55.9375 0.9031 83.9062
437.5000 55.9375 0.9031 83.9062
562.5000 20.9375 0.9031 83.9062
562.5000 55.9375 0.9469 83.9062
562.5000 55.9375 0.9031 101.0938
437.5000 20.9375 0.9469 101.0938
662.5000 38.4375 0.9781 97.6562
337.5000 38.4375 0.9781 97.6562
662.5000 38.4375 0.9781 97.6562
662.5000 38.4375 0.9719 97.6562
662.5000 38.4375 0.9781 114.8438
337.5000 38.4375 0.9719 114.8438
462.5000 73.4375 0.9281 70.1562
537.5000 73.4375 0.9281 70.1562
462.5000 73.4375 0.9281 70.1562
462.5000 73.4375 0.9219 70.1562
462.5000 73.4375 0.9281 87.3438
537.5000 73.4375 0.9219 87.3438
412.5000 29.6875 0.9156 77.0312
587.5000 29.6875 0.9156 77.0312
412.5000 47.1875 0.9156 77.0312
412.5000 29.6875 0.9594 77.0312
412.5000 29.6875 0.9156 107.9688
587.5000 47.1875 0.9594 107.9688
612.5000 64.6875 0.9656 104.5312
387.5000 64.6875 0.9656 104.5312
612.5000 12.1875 0.9656 104.5312
612.5000 64.6875 0.9094 104.5312
612.5000 64.6875 0.9656 80.4688
387.5000 12.1875 0.9094 80.4688
512.5000 12.1875 0.9406 90.7812
487.5000 12.1875 0.9406 90.7812
512.5000 29.6875 0.9406 90.7812
512.5000 12.1875 0.9844 90.7812
512.5000 12.1875 0.9406 66.7188
487.5000 29.6875 0.9844 66.7188
312.5000 47.1875 0.9906 118.2812
687.5000 47.1875 0.9906 118.2812
312.5000 64.6875 0.9906 118.2812
312.5000 47.1875 0.9344 118.2812
312.5000 47.1875 0.9906 94.2188
687.5000 64.6875 0.9344 94.2188
318.7500 28.5938 0.9703 95.0781
356.2500 28.5938 0.9703 95.0781
318.7500 74.5312 0.9703 95.0781
318.7500 28.5938 0.9797 95.0781
318.7500 28.5938 0.9703 101.9531
356.2500 74.5312 0.9797 101.9531
518.7500 63.5938 0.9203 67.5781
556.2500 63.5938 0.9203 67.5781
518.7500 39.5312 0.9203 67.5781
518.7500 63.5938 0.9297 67.5781
518.7500 63.5938 0.9203 74.4531
556.2500 39.5312 0.9297 74.4531
618.7500 11.0938 0.9953 108.8281
656.2500 11.0938 0.9953 108.8281
618.7500 22.0312 0.9953 108.8281
618.7500 11.0938 0.9547 108.8281
618.7500 11.0938 0.9953 88.2031
656.2500 22.0312 0.9547 88.2031
418.7500 46.0938 0.9453 81.3281
456.2500 46.0938 0.9453 81.3281
418.7500 57.0312 0.9453 81.3281
418.7500 46.0938 0.9047 81.3281
418.7500 46.0938 0.9453 115.7031
456.2500 57.0312 0.9047 115.7031
468.7500 19.8438 0.9078 88.2031
406.2500 19.8438 0.9078 88.2031
468.7500 65.7812 0.9078 88.2031
468.7500 19.8438 0.9672 88.2031
468.7500 19.8438 0.9078 81.3281
406.2500 65.7812 0.9672 81.3281
668.7500 54.8438 0.9578 115.7031
606.2500 54.8438 0.9578 115.7031
668.7500 30.7812 0.9578 115.7031
668.7500 54.8438 0.9172 115.7031
668.7500 54.8438 0.9578 108.8281
606.2500 30.7812 0.9172 108.8281
568.7500 37.3438 0.9328 74.4531
506.2500 37.3438 0.9328 74.4531
568.7500 13.2812 0.9328 74.4531
568.7500 37.3438 0.9922 74.4531
568.7500 37.3438 0.9328 95.0781
506.2500 13.2812 0.9922 95.0781
368.7500 72.3438 0.9828 101.9531
306.2500 72.3438 0.9828 101.9531
368.7500 48.2812 0.9828 101.9531
368.7500 72.3438 0.9422 101.9531
368.7500 72.3438 0.9828 67.5781
306.2500 48.2812 0.9422 67.5781
393.7500 15.4688 0.9266 119.1406
581.2500 15.4688 0.9266 119.1406
393.7500 61.4062 0.9266 119.1406
393.7500 15.4688 0.9734 119.1406
393.7500 15.4688 0.9266 84.7656
581.2500 61.4062 0.9734 84.7656
593.7500 50.4688 0.9766 91.6406
381.2500 50.4688 0.9766 91.6406
593.7500 26.4062 0.9766 91.6406
593.7500 50.4688 0.9234 91.6406
593.7500 50.4688 0.9766 112.2656
381.2500 26.4062 0.9234 112.2656
693.7500 32.9688 0.9016 105.3906
481.2500 32.9688 0.9016 105.3906
693.7500 43.9062 0.9016 105.3906
693.7500 32.9688 0.9984 105.3906
693.7500 32.9688 0.9016 98.5156
481.2500 43.9062 0.9984 98.5156
493.7500 67.9688 0.9516 77.8906
681.2500 67.9688 0.9516 77.8906
493.7500 78.9062 0.9516 77.8906
493.7500 67.9688 0.9484 77.8906
493.7500 67.9688 0.9516 71.0156
681.2500 78.9062 0.9484 71.0156
443.7500 41.7188 0.9891 71.0156
631.2500 41.7188 0.9891 71.0156
443.7500 52.6562 0.9891 71.0156
443.7500 41.7188 0.9859 71.0156
443.7500 41.7188 0.9891 105.3906
631.2500 52.6562 0.9859 105.3906
643.7500 76.7188 0.9391 98.5156
431.2500 76.7188 0.9391 98.5156
643.7500 17.6562 0.9391 98.5156
643.7500 76.7188 0.9359 98.5156
643.7500 76.7188 0.9391 77.8906
431.2500 17.6562 0.9359 77.8906
543.7500 24.2188 0.9641 84.7656
331.2500 24.2188 0.9641 84.7656
543.7500 35.1562 0.9641 84.7656
543.7500 24.2188 0.9609 84.7656
543.7500 24.2188 0.9641 91.6406
331.2500 35.1562 0.9609 91.6406
343.7500 59.2188 0.9141 112.2656
531.2500 59.2188 0.9141 112.2656
343.7500 70.1562 0.9141 112.2656
343.7500 59.2188 0.9109 112.2656
343.7500 59.2188 0.9141 119.1406
531.2500 70.1562 0.9109 119.1406
331.2500 26.4062 0.9797 72.7344
468.7500 26.4062 0.9797 72.7344
331.2500 15.4688 0.9797 72.7344
331.2500 26.4062 0.9266 72.7344
331.2500 26.4062 0.9797 89.9219
468.7500 15.4688 0.9266 89.9219
531.2500 61.4062 0.9297 100.2344
668.7500 61.4062 0.9297 100.2344
531.2500 50.4688 0.9297 100.2344
531.2500 61.4062 0.9766 100.2344
531.2500 61.4062 0.9297 117.4219
668.7500 50.4688 0.9766 117.4219
631.2500 43.9062 0.9547 86.4844
568.7500 43.9062 0.9547 86.4844
631.2500 67.9688 0.9547 86.4844
631.2500 43.9062 0.9016 86.4844
631.2500 43.9062 0.9547 103.6719
568.7500 67.9688 0.9016 103.6719
431.2500 78.9062 0.9047 113.9844
368.7500 78.9062 0.9047 113.9844
431.2500 32.9688 0.9047 113.9844
431.2500 78.9062 0.9516 113.9844
431.2500 78.9062 0.9047 76.1719
368.7500 32.9688 0.9516 76.1719
481.2500 35.1562 0.9422 107.1094
318.7500 35.1562 0.9422 107.1094
481.2500 24.2188 0.9422 107.1094
481.2500 35.1562 0.9141 107.1094
481.2500 35.1562 0.9422 96.7969
318.7500 24.2188 0.9141 96.7969
681.2500 70.1562 0.9922 79.6094
518.7500 70.1562 0.9922 79.6094
681.2500 59.2188 0.9922 79.6094
681.2500 70.1562 0.9641 79.6094
681.2500 70.1562 0.9922 69.2969
518.7500 59.2188 0.9641 69.2969
581.2500 17.6562 0.9172 93.3594
618.7500 17.6562 0.9172 93.3594
581.2500 76.7188 0.9172 93.3594
581.2500 17.6562 0.9391 93.3594
581.2500 17.6562 0.9172 83.0469
618.7500 76.7188 0.9391 83.0469
381.2500 52.6562 0.9672 65.8594
418.7500 52.6562 0.9672 65.8594
381.2500 41.7188 0.9672 65.8594
381.2500 52.6562 0.9891 65.8594
381.2500 52.6562 0.9672 110.5469
418.7500 41.7188 0.9891 110.5469
356.2500 39.5312 0.9234 83.0469
693.7500 39.5312 0.9234 83.0469
356.2500 28.5938 0.9234 83.0469
356.2500 39.5312 0.9203 83.0469
356.2500 39.5312 0.9234 93.3594
693.7500 28.5938 0.9203 93.3594
556.2500 74.5312 0.9734 110.5469
493.7500 74.5312 0.9734 110.5469
556.2500 63.5938 0.9734 110.5469
556.2500 74.5312 0.9703 110.5469
556.2500 74.5312 0.9734 65.8594
493.7500 63.5938 0.9703 65.8594
656.2500 22.0312 0.9484 69.2969
393.7500 22.0312 0.9484 69.2969
656.2500 46.0938 0.9484 69.2969
656.2500 22.0312 0.9453 69.2969
656.2500 22.0312 0.9484 79.6094
393.7500 46.0938 0.9453 79.6094
456.2500 57.0312 0.9984 96.7969
593.7500 57.0312 0.9984 96.7969
456.2500 11.0938 0.9984 96.7969
456.2500 57.0312 0.9953 96.7969
456.2500 57.0312 0.9984 107.1094
593.7500 11.0938 0.9953 107.1094
406.2500 13.2812 0.9609 103.6719
543.7500 13.2812 0.9609 103.6719
406.2500 37.3438 0.9609 103.6719
406.2500 13.2812 0.9328 103.6719
406.2500 13.2812 0.9609 86.4844
543.7500 37.3438 0.9328 86.4844
606.2500 48.2812 0.9109 76.1719
343.7500 48.2812 0.9109 76.1719
606.2500 72.3438 0.9109 76.1719
606.2500 48.2812 0.9828 76.1719
606.2500 48.2812 0.9109 113.9844
343.7500 72.3438 0.9828 113.9844
506.2500 30.7812 0.9859 117.4219
443.7500 30.7812 0.9859 117.4219
506.2500 54.8438 0.9859 117.4219
506.2500 30.7812 0.9078 117.4219
506.2500 30.7812 0.9859 100.2344
443.7500 54.8438 0.9078 100.2344
306.2500 65.7812 0.9359 89.9219
643.7500 65.7812 0.9359 89.9219
306.2500 19.8438 0.9359 89.9219
306.2500 65.7812 0.9578 89.9219
306.2500 65.7812 0.9359 72.7344
643.7500 19.8438 0.9578 72.7344
309.3750 37.8906 0.9820 110.9766
559.3750 37.8906 0.9820 110.9766
309.3750 41.1719 0.9820 110.9766
309.3750 37.8906 0.9664 110.9766
309.3750 37.8906 0.9820 76.6016
559.3750 41.1719 0.9664 76.6016
509.3750 72.8906 0.9320 83.4766
359.3750 72.8906 0.9320 83.4766
509.3750 76.1719 0.9320 83.4766
509.3750 72.8906 0.9164 83.4766
509.3750 72.8906 0.9320 104.1016
359.3750 76.1719 0.9164 104.1016
609.3750 20.3906 0.9570 97.2266
459.3750 20.3906 0.9570 97.2266
609.3750 58.6719 0.9570 97.2266
609.3750 20.3906 0.9914 97.2266
609.3750 20.3906 0.9570 117.8516
459.3750 58.6719 0.9914 117.8516
409.3750 55.3906 0.9070 69.7266
659.3750 55.3906 0.9070 69.7266
409.3750 23.6719 0.9070 69.7266
409.3750 55.3906 0.9414 69.7266
409.3750 55.3906 0.9070 90.3516
659.3750 23.6719 0.9414 90.3516
459.3750 11.6406 0.9445 76.6016
609.3750 11.6406 0.9445 76.6016
459.3750 32.4219 0.9445 76.6016
459.3750 11.6406 0.9789 76.6016
459.3750 11.6406 0.9445 110.9766
609.3750 32.4219 0.9789 110.9766
659.3750 46.6406 0.9945 104.1016
409.3750 46.6406 0.9945 104.1016
659.3750 67.4219 0.9945 104.1016
659.3750 46.6406 0.9289 104.1016
659.3750 46.6406 0.9945 83.4766
409.3750 67.4219 0.9289 83.4766
559.3750 29.1406 0.9195 90.3516
309.3750 29.1406 0.9195 90.3516
559.3750 49.9219 0.9195 90.3516
559.3750 29.1406 0.9539 90.3516
559.3750 29.1406 0.9195 69.7266
309.3750 49.9219 0.9539 69.7266
359.3750 64.1406 0.9695 117.8516
509.3750 64.1406 0.9695 117.8516
359.3750 14.9219 0.9695 117.8516
359.3750 64.1406 0.9039 117.8516
359.3750 64.1406 0.9695 97.2266
509.3750 14.9219 0.9039 97.2266
384.3750 24.7656 0.9133 100.6641
384.3750 24.7656 0.9133 100.6641
384.3750 19.2969 0.9133 100.6641
384.3750 24.7656 0.9852 100.6641
384.3750 24.7656 0.9133 107.5391
384.3750 19.2969 0.9852 107.5391
584.3750 59.7656 0.9633 73.1641
584.3750 59.7656 0.9633 73.1641
584.3750 54.2969 0.9633 73.1641
584.3750 59.7656 0.9352 73.1641
584.3750 59.7656 0.9633 80.0391
584.3750 54.2969 0.9352 80.0391
684.3750 42.2656 0.9383 114.4141
684.3750 42.2656 0.9383 114.4141
684.3750 71.7969 0.9383 114.4141
684.3750 42.2656 0.9602 114.4141
684.3750 42.2656 0.9383 66.2891
684.3750 71.7969 0.9602 66.2891
484.3750 77.2656 0.9883 86.9141
484.3750 77.2656 0.9883 86.9141
484.3750 36.7969 0.9883 86.9141
484.3750 77.2656 0.9102 86.9141
484.3750 77.2656 0.9883 93.7891
484.3750 36.7969 0.9102 93.7891
434.3750 33.5156 0.9508 80.0391
434.3750 33.5156 0.9508 80.0391
434.3750 10.5469 0.9508 80.0391
434.3750 33.5156 0.9727 80.0391
434.3750 33.5156 0.9508 73.1641
434.3750 10.5469 0.9727 73.1641
634.3750 68.5156 0.9008 107.5391
634.3750 68.5156 0.9008 107.5391
634.3750 45.5469 0.9008 107.5391
634.3750 68.5156 0.9227 107.5391
634.3750 68.5156 0.9008 100.6641
634.3750 45.5469 0.9227 100.6641
534.3750 16.0156 0.9758 66.2891
534.3750 16.0156 0.9758 66.2891
534.3750 63.0469 0.9758 66.2891
534.3750 16.0156 0.9977 66.2891
534.3750 16.0156 0.9758 114.4141
534.3750 63.0469 0.9977 114.4141
334.3750 51.0156 0.9258 93.7891
334.3750 51.0156 0.9258 93.7891
334.3750 28.0469 0.9258 93.7891
334.3750 51.0156 0.9477 93.7891
334.3750 51.0156 0.9258 86.9141
334.3750 28.0469 0.9477 86.9141
346.8750 18.2031 0.9664 92.0703
671.8750 18.2031 0.9664 92.0703
346.8750 47.7344 0.9664 92.0703
346.8750 18.2031 0.9133 92.0703
346.8750 18.2031 0.9664 116.1328
671.8750 47.7344 0.9133 116.1328
546.8750 53.2031 0.9164 119.5703
471.8750 53.2031 0.9164 119.5703
546.8750 12.7344 0.9164 119.5703
546.8750 53.2031 0.9633 119.5703
546.8750 53.2031 0.9164 88.6328
471.8750 12.7344 0.9633 88.6328
646.8750 35.7031 0.9914 78.3203
371.8750 35.7031 0.9914 78.3203
646.8750 30.2344 0.9914 78.3203
646.8750 35.7031 0.9383 78.3203
646.8750 35.7031 0.9914 74.8828
371.8750 30.2344 0.9383 74.8828
446.8750 70.7031 0.9414 105.8203
571.8750 70.7031 0.9414 105.8203
446.8750 65.2344 0.9414 105.8203
446.8750 70.7031 0.9883 105.8203
446.8750 70.7031 0.9414 102.3828
571.8750 65.2344 0.9883 102.3828
496.8750 44.4531 0.9039 98.9453
521.8750 44.4531 0.9039 98.9453
496.8750 56.4844 0.9039 98.9453
496.8750 44.4531 0.9258 98.9453
496.8750 44.4531 0.9039 68.0078
521.8750 56.4844 0.9258 68.0078
696.8750 79.4531 0.9539 71.4453
321.8750 79.4531 0.9539 71.4453
696.8750 21.4844 0.9539 71.4453
696.8750 79.4531 0.9758 71.4453
696.8750 79.4531 0.9539 95.5078
321.8750 21.4844 0.9758 95.5078
596.8750 26.9531 0.9289 112.6953
421.8750 26.9531 0.9289 112.6953
596.8750 38.9844 0.9289 112.6953
596.8750 26.9531 0.9008 112.6953
596.8750 26.9531 0.9289 109.2578
421.8750 38.9844 0.9008 109.2578
396.8750 61.9531 0.9789 85.1953
621.8750 61.9531 0.9789 85.1953
396.8750 73.9844 0.9789 85.1953
396.8750 61.9531 0.9508 85.1953
396.8750 61.9531 0.9789 81.7578
621.8750 73.9844 0.9508 81.7578
371.8750 31.3281 0.9352 68.0078
496.8750 31.3281 0.9352 68.0078
371.8750 69.6094 0.9352 68.0078
371.8750 31.3281 0.9320 68.0078
371.8750 31.3281 0.9352 71.4453
496.8750 69.6094 0.9320 71.4453
571.8750 66.3281 0.9852 95.5078
696.8750 66.3281 0.9852 95.5078
571.8750 34.6094 0.9852 95.5078
571.8750 66.3281 0.9820 95.5078
571.8750 66.3281 0.9852 98.9453
696.8750 34.6094 0.9820 98.9453
671.8750 13.8281 0.9102 81.7578
596.8750 13.8281 0.9102 81.7578
671.8750 17.1094 0.9102 81.7578
671.8750 13.8281 0.9070 81.7578
671.8750 13.8281 0.9102 112.6953
596.8750 17.1094 0.9070 112.6953
471.8750 48.8281 0.9602 109.2578
396.8750 48.8281 0.9602 109.2578
471.8750 52.1094 0.9602 109.2578
471.8750 48.8281 0.9570 109.2578
471.8750 48.8281 0.9602 85.1953
396.8750 52.1094 0.9570 85.1953
421.8750 22.5781 0.9977 116.1328
346.8750 22.5781 0.9977 116.1328
421.8750 78.3594 0.9977 116.1328
421.8750 22.5781 0.9195 116.1328
421.8750 22.5781 0.9977 119.5703
346.8750 78.3594 0.9195 119.5703
621.8750 57.5781 0.9477 88.6328
546.8750 57.5781 0.9477 88.6328
621.8750 43.3594 0.9477 88.6328
621.8750 57.5781 0.9695 88.6328
621.8750 57.5781 0.9477 92.0703
546.8750 43.3594 0.9695 92.0703
521.8750 40.0781 0.9727 102.3828
646.8750 40.0781 0.9727 102.3828
521.8750 25.8594 0.9727 102.3828
521.8750 40.0781 0.9445 102.3828
521.8750 40.0781 0.9727 78.3203
646.8750 25.8594 0.9445 78.3203
321.8750 75.0781 0.9227 74.8828
446.8750 75.0781 0.9227 74.8828
321.8750 60.8594 0.9227 74.8828
321.8750 75.0781 0.9945 74.8828
321.8750 75.0781 0.9227 105.8203
446.8750 60.8594 0.9945 105.8203
315.6250 19.2969 0.9398 84.3359
503.1250 19.2969 0.9398 84.3359
315.6250 53.2031 0.9398 84.3359
315.6250 19.2969 0.9398 84.3359
315.6250 19.2969 0.9398 98.0859
503.1250 53.2031 0.9398 98.0859
515.6250 54.2969 0.9898 111.8359
303.1250 54.2969 0.9898 111.8359
515.6250 18.2031 0.9898 111.8359
515.6250 54.2969 0.9898 111.8359
515.6250 54.2969 0.9898 70.5859
303.1250 18.2031 0.9898 70.5859
615.6250 36.7969 0.9148 70.5859
403.1250 36.7969 0.9148 70.5859
615.6250 35.7031 0.9148 70.5859
615.6250 36.7969 0.9148 70.5859
615.6250 36.7969 0.9148 84.3359
403.1250 35.7031 0.9148 84.3359
415.6250 71.7969 0.9648 98.0859
603.1250 71.7969 0.9648 98.0859
415.6250 70.7031 0.9648 98.0859
415.6250 71.7969 0.9648 98.0859
415.6250 71.7969 0.9648 111.8359
603.1250 70.7031 0.9648 111.8359
465.6250 28.0469 0.9773 104.9609
653.1250 28.0469 0.9773 104.9609
465.6250 61.9531 0.9773 104.9609
465.6250 28.0469 0.9023 104.9609
465.6250 28.0469 0.9773 91.2109
653.1250 61.9531 0.9023 91.2109
665.6250 63.0469 0.9273 77.4609
453.1250 63.0469 0.9273 77.4609
665.6250 26.9531 0.9273 77.4609
665.6250 63.0469 0.9523 77.4609
665.6250 63.0469 0.9273 118.7109
453.1250 26.9531 0.9523 118.7109
565.6250 10.5469 0.9523 118.7109
353.1250 10.5469 0.9523 118.7109
565.6250 44.4531 0.9523 118.7109
565.6250 10.5469 0.9273 118.7109
565.6250 10.5469 0.9523 104.9609
353.1250 44.4531 0.9273 104.9609
365.6250 45.5469 0.9023 91.2109
553.1250 45.5469 0.9023 91.2109
365.6250 79.4531 0.9023 91.2109
365.6250 45.5469 0.9773 91.2109
365.6250 45.5469 0.9023 77.4609
553.1250 79.4531 0.9773 77.4609
390.6250 41.1719 0.9586 74.0234
328.1250 41.1719 0.9586 74.0234
390.6250 66.3281 0.9586 74.0234
390.6250 41.1719 0.9086 74.0234
390.6250 41.1719 0.9586 87.7734
328.1250 66.3281 0.9086 87.7734
590.6250 76.1719 0.9086 101.5234
528.1250 76.1719 0.9086 101.5234
590.6250 31.3281 0.9086 101.5234
590.6250 76.1719 0.9586 101.5234
590.6250 76.1719 0.9086 115.2734
528.1250 31.3281 0.9586 115.2734
690.6250 23.6719 0.9836 87.7734
628.1250 23.6719 0.9836 87.7734
690.6250 13.8281 0.9836 87.7734
690.6250 23.6719 0.9336 87.7734
690.6250 23.6719 0.9836 101.5234
628.1250 13.8281 0.9336 101.5234
490.6250 58.6719 0.9336 115.2734
428.1250 58.6719 0.9336 115.2734
490.6250 48.8281 0.9336 115.2734
490.6250 58.6719 0.9836 115.2734
490.6250 58.6719 0.9336 74.0234
428.1250 48.8281 0.9836 74.0234
440.6250 14.9219 0.9211 108.3984
478.1250 14.9219 0.9211 108.3984
440.6250 75.0781 0.9211 108.3984
440.6250 14.9219 0.9461 108.3984
440.6250 14.9219 0.9211 94.6484
478.1250 75.0781 0.9461 94.6484
640.6250 49.9219 0.9711 80.8984
678.1250 49.9219 0.9711 80.8984
640.6250 40.0781 0.9711 80.8984
640.6250 49.9219 0.9961 80.8984
640.6250 49.9219 0.9711 67.1484
678.1250 40.0781 0.9961 67.1484
540.6250 32.4219 0.9461 94.6484
578.1250 32.4219 0.9461 94.6484
540.6250 22.5781 0.9461 94.6484
540.6250 32.4219 0.9211 94.6484
540.6250 32.4219 0.9461 80.8984
578.1250 22.5781 0.9211 80.8984
340.6250 67.4219 0.9961 67.1484
378.1250 67.4219 0.9961 67.1484
340.6250 57.5781 0.9961 67.1484
340.6250 67.4219 0.9711 67.1484
340.6250 67.4219 0.9961 108.3984
378.1250 57.5781 0.9711 108.3984
328.1250 34.6094 0.9117 116.9922
615.6250 34.6094 0.9117 116.9922
328.1250 37.8906 0.9117 116.9922
328.1250 34.6094 0.9930 116.9922
328.1250 34.6094 0.9117 79.1797
615.6250 37.8906 0.9930 79.1797
528.1250 69.6094 0.9617 89.4922
415.6250 69.6094 0.9617 89.4922
528.1250 72.8906 0.9617 89.4922
528.1250 69.6094 0.9430 89.4922
528.1250 69.6094 0.9617 106.6797
415.6250 72.8906 0.9430 106.6797
628.1250 17.1094 0.9367 103.2422
315.6250 17.1094 0.9367 103.2422
628.1250 55.3906 0.9367 103.2422
628.1250 17.1094 0.9680 103.2422
628.1250 17.1094 0.9367 92.9297
315.6250 55.3906 0.9680 92.9297
428.1250 52.1094 0.9867 75.7422
515.6250 52.1094 0.9867 75.7422
428.1250 20.3906 0.9867 75.7422
428.1250 52.1094 0.9180 75.7422
428.1250 52.1094 0.9867 65.4297
515.6250 20.3906 0.9180 65.4297
478.1250 25.8594 0.9742 68.8672
565.6250 25.8594 0.9742 68.8672
478.1250 29.1406 0.9742 68.8672
478.1250 25.8594 0.9555 68.8672
478.1250 25.8594 0.9742 99.8047
565.6250 29.1406 0.9555 99.8047
678.1250 60.8594 0.9242 96.3672
365.6250 60.8594 0.9242 96.3672
678.1250 64.1406 0.9242 96.3672
678.1250 60.8594 0.9055 96.3672
678.1250 60.8594 0.9242 72.3047
365.6250 64.1406 0.9055 72.3047
578.1250 43.3594 0.9992 82.6172
465.6250 43.3594 0.9992 82.6172
578.1250 46.6406 0.9992 82.6172
578.1250 43.3594 0.9805 82.6172
578.1250 43.3594 0.9992 86.0547
465.6250 46.6406 0.9805 86.0547
378.1250 78.3594 0.9492 110.1172
665.6250 78.3594 0.9492 110.1172
378.1250 11.6406 0.9492 110.1172
378.1250 78.3594 0.9305 110.1172
378.1250 78.3594 0.9492 113.5547
665.6250 11.6406 0.9305 113.5547
353.1250 12.7344 0.9930 92.9297
440.6250 12.7344 0.9930 92.9297
353.1250 24.7656 0.9930 92.9297
353.1250 12.7344 0.9617 92.9297
353.1250 12.7344 0.9930 103.2422
440.6250 24.7656 0.9617 103.2422
553.1250 47.7344 0.9430 65.4297
640.6250 47.7344 0.9430 65.4297
553.1250 59.7656 0.9430 65.4297
553.1250 47.7344 0.9117 65.4297
553.1250 47.7344 0.9430 75.7422
640.6250 59.7656 0.9117 75.7422
653.1250 30.2344 0.9680 106.6797
540.6250 30.2344 0.9680 106.6797
653.1250 77.2656 0.9680 106.6797
653.1250 30.2344 0.9867 106.6797
653.1250 30.2344 0.9680 89.4922
540.6250 77.2656 0.9867 89.4922
453.1250 65.2344 0.9180 79.1797
340.6250 65.2344 0.9180 79.1797
453.1250 42.2656 0.9180 79.1797
453.1250 65.2344 0.9367 79.1797
453.1250 65.2344 0.9180 116.9922
340.6250 42.2656 0.9367 116.9922
403.1250 38.9844 0.9305 86.0547
390.6250 38.9844 0.9305 86.0547
403.1250 16.0156 0.9305 86.0547
403.1250 38.9844 0.9992 86.0547
403.1250 38.9844 0.9305 82.6172
390.6250 16.0156 0.9992 82.6172
603.1250 73.9844 0.9805 113.5547
590.6250 73.9844 0.9805 113.5547
603.1250 51.0156 0.9805 113.5547
603.1250 73.9844 0.9492 113.5547
603.1250 73.9844 0.9805 110.1172
590.6250 51.0156 0.9492 110.1172
503.1250 21.4844 0.9055 72.3047
690.6250 21.4844 0.9055 72.3047
503.1250 68.5156 0.9055 72.3047
503.1250 21.4844 0.9742 72.3047
503.1250 21.4844 0.9055 96.3672
690.6250 68.5156 0.9742 96.3672
303.1250 56.4844 0.9555 99.8047
490.6250 56.4844 0.9555 99.8047
303.1250 33.5156 0.9555 99.8047
303.1250 56.4844 0.9242 99.8047
303.1250 56.4844 0.9555 68.8672
490.6250 33.5156 0.9242 68.8672
