50.00000000 105.04925970
50.00000000 105.04925970
50.00000000 105.04925970
50.00000000 105.04925970
50.00000000 105.04925970
50.00000000 105.04925970
50.00000000 105.04925970
50.00000000 105.04925970
50.00000000 105.04925970
50.00000000 105.04925970
200.00000000 448.09962966
200.00000000 448.09962966
200.00000000 448.09962966
200.00000000 448.09962966
200.00000000 448.09962966
200.00000000 448.09962966
200.00000000 448.09962966
200.00000000 448.09962966
200.00000000 448.09962966
200.00000000 448.09962966
125.00000000 269.55232534
125.00000000 269.55232534
125.00000000 617.29806359
125.00000000 269.55232534
275.00000000 269.81275279
275.00000000 620.90736026
275.00000000 269.81275279
275.00000000 620.90736026
125.00000000 617.29806359
275.00000000 620.90736026
275.00000000 618.78128399
275.00000000 618.78128399
275.00000000 268.92467116
275.00000000 618.78128399
125.00000000 620.65030312
125.00000000 270.58765065
125.00000000 620.65030312
125.00000000 270.58765065
275.00000000 268.92467116
125.00000000 270.58765065
312.50000000 359.46398049
312.50000000 359.46398049
312.50000000 180.08631770
312.50000000 359.46398049
312.50000000 359.46398049
312.50000000 180.08631770
312.50000000 359.46398049
312.50000000 180.08631770
312.50000000 180.08631770
312.50000000 180.08631770
162.50000000 710.09400717
162.50000000 710.09400717
162.50000000 528.84658058
162.50000000 710.09400717
162.50000000 710.09400717
162.50000000 528.84658058
162.50000000 710.09400717
162.50000000 528.84658058
162.50000000 528.84658058
162.50000000 528.84658058
237.50000000 180.90178946
237.50000000 180.90178946
237.50000000 709.72545182
237.50000000 180.90178946
87.50000000 178.34410770
87.50000000 708.80084400
87.50000000 178.34410770
87.50000000 708.80084400
237.50000000 709.72545182
87.50000000 708.80084400
87.50000000 528.83150470
87.50000000 528.83150470
87.50000000 359.50490913
87.50000000 528.83150470
237.50000000 530.32833432
237.50000000 360.22728754
237.50000000 530.32833432
237.50000000 360.22728754
87.50000000 359.50490913
237.50000000 360.22728754
181.30000000 309.85504769
181.30000000 310.08889639
181.30000000 309.85504769
181.30000000 309.85504769
331.30000000 309.11000859
331.30000000 309.11000859
331.30000000 309.66490343
331.30000000 309.66490343
181.30000000 310.08889639
331.30000000 309.66490343
331.30000000 661.22658266
331.30000000 659.85717229
331.30000000 661.22658266
331.30000000 661.22658266
181.30000000 659.88042421
181.30000000 659.88042421
181.30000000 661.18510436
181.30000000 661.18510436
331.30000000 659.85717229
181.30000000 661.18510436
106.30000000 138.84806098
106.30000000 139.50049256
106.30000000 489.06019963
106.30000000 138.84806098
106.30000000 138.84806098
106.30000000 489.06019963
106.30000000 139.50049256
106.30000000 488.82641176
106.30000000 488.82641176
106.30000000 488.82641176
256.30000000 489.59189486
256.30000000 491.25677375
256.30000000 139.31053285
256.30000000 489.59189486
256.30000000 489.59189486
256.30000000 139.31053285
256.30000000 491.25677375
256.30000000 140.34526648
256.30000000 140.34526648
256.30000000 140.34526648
218.80000000 228.21184056
218.80000000 229.76455598
218.80000000 398.55051428
218.80000000 228.21184056
68.80000000 227.57843137
68.80000000 399.59677838
68.80000000 229.27835221
68.80000000 401.89701681
218.80000000 401.09286220
68.80000000 401.89701681
68.80000000 581.03868591
68.80000000 578.26607845
68.80000000 751.46472415
68.80000000 581.03868591
218.80000000 581.05263394
218.80000000 750.09275542
218.80000000 579.92177986
218.80000000 749.92318294
68.80000000 748.21653879
218.80000000 749.92318294
293.80000000 399.90864352
293.80000000 399.29130185
293.80000000 580.67055366
293.80000000 399.90864352
293.80000000 399.90864352
293.80000000 580.67055366
293.80000000 399.29130185
293.80000000 579.81379275
293.80000000 579.81379275
293.80000000 579.81379275
143.80000000 749.99241811
143.80000000 748.62131097
143.80000000 230.86325812
143.80000000 749.99241811
143.80000000 749.99241811
143.80000000 230.86325812
143.80000000 748.62131097
143.80000000 229.91651520
143.80000000 229.91651520
143.80000000 229.91651520
246.90000000 418.10197366
246.90000000 419.08268574
246.90000000 769.25771416
246.90000000 418.10197366
303.10000000 419.75096482
303.10000000 770.53041742
303.10000000 419.59799813
303.10000000 769.13288369
246.90000000 768.86836134
303.10000000 769.13288369
96.90000000 766.60621400
96.90000000 770.69375460
96.90000000 419.99834130
96.90000000 766.60621400
153.10000000 768.05962303
153.10000000 418.57223517
153.10000000 769.63689675
153.10000000 419.44588769
96.90000000 419.05947844
153.10000000 419.44588769
321.90000000 252.44176016
321.90000000 249.87349283
321.90000000 252.44176016
321.90000000 252.44176016
78.10000000 248.58858652
78.10000000 248.58858652
78.10000000 251.71023660
78.10000000 251.71023660
321.90000000 249.87349283
78.10000000 251.71023660
171.90000000 599.09638118
171.90000000 600.99422689
171.90000000 599.09638118
171.90000000 599.09638118
228.10000000 599.31468499
228.10000000 599.31468499
228.10000000 600.51078392
228.10000000 600.51078392
171.90000000 600.99422689
228.10000000 600.51078392
134.40000000 161.34426365
134.40000000 160.38595462
134.40000000 687.46232434
134.40000000 161.34426365
115.60000000 162.03560140
115.60000000 689.58083630
115.60000000 160.52840338
115.60000000 691.18515031
134.40000000 690.15475487
115.60000000 691.18515031
284.40000000 511.86152429
284.40000000 510.85811564
284.40000000 341.94017574
284.40000000 511.86152429
265.60000000 510.61544792
265.60000000 340.71627187
265.60000000 510.68244077
265.60000000 340.43889115
284.40000000 340.51717306
265.60000000 340.43889115
59.40000000 336.77431327
59.40000000 337.76279953
59.40000000 157.35483051
59.40000000 336.77431327
340.60000000 341.16322780
340.60000000 160.97147792
340.60000000 341.91536293
340.60000000 160.66340337
59.40000000 162.08585416
340.60000000 160.66340337
209.40000000 688.84158190
209.40000000 688.75925151
209.40000000 509.83192834
209.40000000 688.84158190
190.60000000 688.96208046
190.60000000 508.46846638
190.60000000 687.64845523
190.60000000 509.54255585
209.40000000 507.15407584
190.60000000 509.54255585
303.10000000 199.39545381
303.10000000 202.03079085
303.10000000 549.98172850
303.10000000 199.39545381
96.90000000 201.05546672
96.90000000 548.56837769
96.90000000 197.66743042
96.90000000 552.22948598
303.10000000 551.16906798
96.90000000 552.22948598
153.10000000 548.68560372
153.10000000 548.17766826
153.10000000 199.88908049
153.10000000 548.68560372
246.90000000 550.28225171
246.90000000 200.14028540
246.90000000 548.59586284
246.90000000 199.48516644
153.10000000 198.72762270
246.90000000 199.48516644
228.10000000 382.12327073
228.10000000 378.72697742
228.10000000 382.12327073
228.10000000 382.12327073
321.90000000 381.20525077
321.90000000 381.20525077
321.90000000 380.39975232
321.90000000 380.39975232
228.10000000 378.72697742
321.90000000 380.39975232
78.10000000 728.32640735
78.10000000 731.21849501
78.10000000 728.32640735
78.10000000 728.32640735
171.90000000 728.57348391
171.90000000 728.57348391
171.90000000 729.80341277
171.90000000 729.80341277
78.10000000 731.21849501
171.90000000 729.80341277
115.60000000 290.93048487
115.60000000 287.83634381
115.60000000 470.79518039
115.60000000 290.93048487
284.40000000 289.42020615
284.40000000 469.01161143
284.40000000 291.24040530
284.40000000 471.37561364
115.60000000 470.57255085
284.40000000 471.37561364
265.60000000 640.60013200
265.60000000 639.18689956
265.60000000 120.91946297
265.60000000 640.60013200
134.40000000 640.45074151
134.40000000 119.33703107
134.40000000 639.58002644
134.40000000 119.96894088
265.60000000 120.06023582
134.40000000 119.96894088
190.60000000 119.98598623
190.60000000 119.93470300
190.60000000 289.52970427
190.60000000 119.98598623
59.40000000 117.45024261
59.40000000 291.05029223
59.40000000 118.23966242
59.40000000 290.65864991
190.60000000 288.42650159
59.40000000 290.65864991
340.60000000 469.74038849
340.60000000 470.81633273
340.60000000 639.40789101
340.60000000 469.74038849
209.40000000 468.69658276
209.40000000 639.35189126
209.40000000 470.40468774
209.40000000 641.58264606
340.60000000 639.72518646
209.40000000 641.58264606
214.00000000 280.03491158
214.00000000 279.48259675
214.00000000 739.61958595
214.00000000 280.03491158
251.50000000 279.06662769
251.50000000 739.54180148
251.50000000 280.24473876
251.50000000 739.50311679
214.00000000 740.35016601
251.50000000 739.50311679
64.00000000 628.80822421
64.00000000 629.22419452
64.00000000 387.75000000
64.00000000 628.80822421
101.50000000 626.59891718
101.50000000 390.73511167
101.50000000 628.18707588
101.50000000 391.30424433
64.00000000 389.04628878
101.50000000 391.30424433
289.00000000 110.77255824
289.00000000 111.37011518
289.00000000 221.85099854
289.00000000 110.77255824
176.50000000 109.32364184
176.50000000 220.09687492
176.50000000 109.54942744
176.50000000 220.68442317
289.00000000 220.50862886
176.50000000 220.68442317
139.00000000 458.77123902
139.00000000 458.44713313
139.00000000 569.33797520
139.00000000 458.77123902
326.50000000 460.14593377
326.50000000 569.16113205
326.50000000 460.58212936
326.50000000 569.67211441
139.00000000 568.59409527
326.50000000 569.67211441
176.50000000 190.24534149
176.50000000 190.26643675
176.50000000 649.79007506
176.50000000 190.24534149
139.00000000 190.08788530
139.00000000 647.81437897
139.00000000 188.69768025
139.00000000 647.64168279
176.50000000 648.29760766
139.00000000 647.64168279
326.50000000 541.40647870
326.50000000 540.89594712
326.50000000 299.80400999
326.50000000 541.40647870
289.00000000 542.26165335
289.00000000 301.95687610
289.00000000 540.97381889
289.00000000 300.42759686
326.50000000 300.56622659
289.00000000 300.42759686
101.50000000 370.03292565
101.50000000 369.18350806
101.50000000 127.42134954
101.50000000 370.03292565
214.00000000 370.72170726
214.00000000 130.03804396
214.00000000 369.97451857
214.00000000 128.63147249
101.50000000 128.49728504
214.00000000 128.63147249
251.50000000 721.14320710
251.50000000 718.94094358
251.50000000 479.43512659
251.50000000 721.14320710
64.00000000 717.73723367
64.00000000 479.70412851
64.00000000 722.77411477
64.00000000 482.05339973
251.50000000 479.76888562
64.00000000 482.05339973
345.30000000 149.69327509
345.30000000 150.73760889
345.30000000 609.58897440
345.30000000 149.69327509
157.80000000 150.92577163
157.80000000 609.94341793
157.80000000 149.88442392
157.80000000 609.28238520
345.30000000 611.29512794
157.80000000 609.28238520
195.30000000 500.51438187
195.30000000 499.42729398
195.30000000 259.78685230
195.30000000 500.51438187
307.80000000 502.33350316
307.80000000 260.87832738
307.80000000 499.94968913
307.80000000 260.08076336
195.30000000 259.62739233
307.80000000 260.08076336
270.30000000 321.40883332
270.30000000 318.89753359
270.30000000 431.63114231
270.30000000 321.40883332
232.80000000 321.16352730
232.80000000 430.67300530
232.80000000 319.33624575
232.80000000 429.28754649
270.30000000 429.74565326
232.80000000 429.28754649
120.30000000 669.09034921
120.30000000 670.34927435
120.30000000 779.52978534
120.30000000 669.09034921
82.80000000 669.74239472
82.80000000 779.41171184
82.80000000 671.84637094
82.80000000 781.60049776
120.30000000 780.86228656
82.80000000 781.60049776
82.80000000 409.52747751
82.80000000 409.27010569
82.80000000 519.35823701
82.80000000 409.52747751
270.30000000 408.43976437
270.30000000 520.33157155
270.30000000 411.49385966
270.30000000 520.81577699
82.80000000 519.77958140
270.30000000 520.81577699
232.80000000 760.63832823
232.80000000 760.15561609
232.80000000 171.44253390
232.80000000 760.63832823
120.30000000 759.69816518
120.30000000 170.36704273
120.30000000 759.93291646
120.30000000 169.57720073
232.80000000 170.13056594
120.30000000 169.57720073
157.80000000 239.56754743
157.80000000 239.26485240
157.80000000 348.49606455
157.80000000 239.56754743
195.30000000 239.16819236
195.30000000 349.84020076
195.30000000 238.61213018
195.30000000 350.69023391
157.80000000 350.05270871
195.30000000 350.69023391
307.80000000 589.12498785
307.80000000 589.94291427
307.80000000 699.55596435
307.80000000 589.12498785
345.30000000 589.06382649
345.30000000 700.12569205
345.30000000 590.53460155
345.30000000 701.12849752
307.80000000 699.76562360
345.30000000 701.12849752
92.20000000 261.31804582
92.20000000 257.36593169
92.20000000 148.82311989
92.20000000 261.31804582
186.00000000 260.47884091
186.00000000 150.23604585
186.00000000 258.49366852
186.00000000 148.88634282
92.20000000 149.53983888
186.00000000 148.88634282
242.20000000 610.79000081
242.20000000 612.54880085
242.20000000 497.92846030
242.20000000 610.79000081
335.90000000 611.30360416
335.90000000 500.60426686
335.90000000 611.36318482
335.90000000 500.59315454
242.20000000 501.52704667
335.90000000 500.59315454
167.20000000 429.83935388
167.20000000 429.94663850
167.20000000 670.88054489
167.20000000 429.83935388
260.90000000 432.17426225
260.90000000 670.54353545
260.90000000 429.47422174
260.90000000 671.30129141
167.20000000 669.44171520
260.90000000 671.30129141
317.20000000 779.76290035
317.20000000 779.61555699
317.20000000 319.51157756
317.20000000 779.76290035
111.00000000 778.52284925
111.00000000 319.15996825
111.00000000 779.97672619
111.00000000 320.37804710
317.20000000 319.74721655
111.00000000 320.37804710
279.70000000 348.84248972
279.70000000 350.14454086
279.70000000 240.87350540
279.70000000 348.84248972
223.40000000 348.63079944
223.40000000 239.86591834
223.40000000 349.65290548
223.40000000 238.83328989
279.70000000 240.07604821
223.40000000 238.83328989
129.70000000 699.66545995
129.70000000 698.78374082
129.70000000 589.97097132
129.70000000 699.66545995
73.50000000 700.20330775
73.50000000 588.85309145
73.50000000 698.44465630
73.50000000 589.60155803
129.70000000 588.66615002
73.50000000 589.60155803
204.70000000 170.49230524
204.70000000 170.24068102
204.70000000 760.68879884
204.70000000 170.49230524
148.50000000 170.48014443
148.50000000 760.39704310
148.50000000 170.72484315
148.50000000 761.59369778
204.70000000 761.29151200
148.50000000 761.59369778
54.70000000 518.92424242
54.70000000 517.84577922
54.70000000 411.40016631
54.70000000 518.92424242
298.40000000 519.30085003
298.40000000 409.57827645
298.40000000 519.27270678
298.40000000 409.96803744
54.70000000 411.94076207
298.40000000 409.96803744
148.50000000 388.67520117
148.50000000 392.57694353
148.50000000 280.20209865
148.50000000 388.67520117
204.70000000 389.74016360
204.70000000 279.47964277
204.70000000 390.43219727
204.70000000 281.34850923
148.50000000 282.33922031
204.70000000 281.34850923
298.40000000 741.14299611
298.40000000 740.28240007
298.40000000 630.92170410
298.40000000 741.14299611
54.70000000 740.29898990
54.70000000 628.59528620
54.70000000 737.69074796
54.70000000 630.68181818
298.40000000 629.90839533
54.70000000 630.68181818
73.50000000 219.39424550
73.50000000 220.58030238
73.50000000 459.68626435
73.50000000 219.39424550
129.70000000 219.96682216
129.70000000 462.05752976
129.70000000 219.49926805
129.70000000 458.86864495
73.50000000 460.23513503
129.70000000 458.86864495
223.40000000 568.28838754
223.40000000 570.04687566
223.40000000 110.77421302
223.40000000 568.28838754
279.70000000 569.46485661
279.70000000 109.74100147
279.70000000 569.66936655
279.70000000 110.81078969
223.40000000 111.37612435
279.70000000 110.81078969
260.90000000 129.61325401
260.90000000 130.72694931
260.90000000 368.95878396
260.90000000 129.61325401
167.20000000 129.48167231
167.20000000 368.71265102
167.20000000 129.63583406
167.20000000 368.43704793
260.90000000 370.51956927
167.20000000 368.43704793
111.00000000 481.18580151
111.00000000 477.80767622
111.00000000 718.33338836
111.00000000 481.18580151
317.20000000 481.77253240
317.20000000 720.75838645
317.20000000 479.10216430
317.20000000 719.83045473
111.00000000 719.59559445
317.20000000 719.83045473
335.90000000 300.90667253
335.90000000 298.84447918
335.90000000 540.34803473
335.90000000 300.90667253
242.20000000 298.86105076
242.20000000 538.55607925
242.20000000 299.16879592
242.20000000 538.28803001
335.90000000 539.59823110
242.20000000 538.28803001
186.00000000 650.53524548
186.00000000 651.11386670
186.00000000 190.91128893
186.00000000 650.53524548
92.20000000 649.47559941
92.20000000 191.47800528
92.20000000 649.48984300
92.20000000 189.12097621
186.00000000 190.65481492
92.20000000 189.12097621
300.80000000 369.26038902
300.80000000 370.14540730
300.80000000 408.87154597
300.80000000 369.26038902
113.20000000 369.52580677
113.20000000 409.82521436
113.30000000 369.71148096
113.30000000 408.99340982
300.80000000 410.77968283
113.30000000 408.99340982
150.80000000 718.87697165
150.80000000 721.59727658
150.80000000 759.67780991
150.80000000 718.87697165
263.30000000 719.51857639
263.30000000 758.94590327
263.30000000 720.02904511
263.30000000 759.30207833
150.80000000 760.75120834
263.30000000 759.30207833
225.80000000 200.06170560
225.80000000 199.39554549
225.80000000 581.19956500
225.80000000 200.06170560
338.30000000 200.53484820
338.30000000 581.69128088
338.20000000 198.90929619
338.20000000 580.21173487
225.80000000 578.81870114
338.20000000 580.21173487
75.80000000 551.24243951
75.80000000 549.53523604
75.80000000 227.85817544
75.80000000 551.24243951
188.30000000 549.92990438
188.30000000 229.99872575
188.30000000 552.06479504
188.30000000 231.02732612
75.80000000 229.42023559
188.30000000 231.02732612
113.30000000 107.98763772
113.30000000 108.95495850
113.30000000 320.60158361
113.30000000 107.98763772
300.70000000 109.61215159
300.70000000 319.66095902
300.80000000 110.24500731
300.80000000 321.95794713
113.30000000 318.80206382
300.80000000 321.95794713
263.30000000 460.25339521
263.20000000 458.86963242
263.30000000 671.75617704
263.30000000 460.25339521
150.80000000 459.96315614
150.80000000 671.23675573
150.80000000 461.07938341
150.80000000 669.33642890
263.20000000 668.47511291
150.80000000 669.33642890
188.30000000 289.96785255
188.30000000 289.30457412
188.30000000 489.75464470
188.30000000 289.96785255
75.80000000 289.28468148
75.80000000 488.63748604
75.80000000 292.76738118
75.80000000 493.04785145
188.30000000 490.14729286
75.80000000 493.04785145
338.20000000 639.79503549
338.20000000 640.14923801
338.20000000 139.44967015
338.20000000 639.79503549
225.80000000 640.95018110
225.80000000 140.46026787
225.80000000 638.36177273
225.80000000 139.79146216
338.20000000 140.87850311
225.80000000 139.79146216
244.60000000 240.76349464
244.60000000 240.76349464
244.60000000 189.62245618
244.60000000 240.76349464
282.10000000 238.22076320
282.10000000 189.39550648
282.10000000 238.22076320
282.10000000 189.39550648
244.60000000 189.62245618
282.10000000 189.39550648
94.60000000 590.80269132
94.60000000 590.80269132
94.60000000 539.25606429
94.60000000 590.80269132
132.10000000 587.60928688
132.10000000 541.14326634
132.10000000 587.60928688
132.10000000 541.14326634
94.60000000 539.25606429
132.10000000 541.14326634
319.50000000 420.56559117
319.50000000 420.56559117
319.50000000 711.35322774
319.50000000 420.56559117
57.00000000 421.92234517
57.00000000 707.78450977
57.00000000 421.92234517
57.00000000 707.78450977
319.50000000 711.35322774
57.00000000 707.78450977
169.50000000 768.54364652
169.50000000 768.54364652
169.50000000 359.87399611
169.50000000 768.54364652
207.00000000 769.42104660
207.00000000 359.80119536
207.00000000 769.42104660
207.00000000 359.80119536
169.50000000 359.87399611
207.00000000 359.80119536
132.00000000 330.32461393
132.00000000 330.32461393
132.00000000 98.60290221
132.00000000 330.32461393
94.60000000 331.01240935
94.60000000 99.62672735
94.60000000 331.01240935
94.60000000 99.62672735
132.00000000 98.60290221
94.60000000 99.62672735
282.00000000 681.47049846
282.00000000 681.47049846
282.00000000 450.31131547
282.00000000 681.47049846
244.50000000 680.72806038
244.50000000 449.64180162
244.50000000 680.72806038
244.50000000 449.64180162
282.00000000 450.31131547
244.50000000 449.64180162
57.10000000 158.82458529
57.10000000 158.82458529
57.10000000 630.89390502
57.10000000 158.82458529
319.50000000 161.68723932
319.50000000 630.57524641
319.50000000 161.68723932
319.50000000 630.57524641
57.10000000 630.89390502
319.50000000 630.57524641
207.00000000 511.56767622
207.00000000 511.56767622
207.00000000 279.72662010
207.00000000 511.56767622
169.60000000 509.70665167
169.60000000 281.82864565
169.60000000 509.70665167
169.60000000 281.82864565
207.00000000 279.72662010
169.60000000 281.82864565
197.60000000 180.28847964
197.60000000 180.27338941
197.60000000 468.45746193
197.60000000 180.28847964
328.90000000 179.84915988
328.90000000 469.83895014
328.80000000 180.31558530
328.80000000 471.17496327
197.60000000 471.36182758
328.80000000 471.17496327
347.70000000 531.12960975
347.70000000 529.80688711
347.70000000 119.81667386
347.70000000 531.12960975
178.90000000 528.59706114
178.90000000 118.21095594
178.90000000 528.60744415
178.90000000 118.12554062
347.70000000 120.08547259
178.90000000 118.12554062
122.60000000 350.59280138
122.60000000 350.05418239
122.60000000 301.32055092
122.60000000 350.59280138
103.90000000 351.28426722
103.90000000 300.05415778
103.90000000 351.01394973
103.90000000 301.58452244
122.60000000 300.77130870
103.90000000 301.58452244
272.70000000 699.00039425
272.60000000 701.15615310
272.70000000 648.31735090
272.70000000 699.00039425
253.90000000 699.94146424
253.90000000 649.01402293
253.90000000 700.26847360
253.90000000 651.09482473
272.60000000 651.60227258
253.90000000 651.09482473
235.20000000 440.24699289
235.10000000 440.34617812
235.20000000 559.52466519
235.20000000 440.24699289
66.40000000 439.62726884
66.40000000 560.32544620
66.40000000 440.55165084
66.40000000 559.51315144
235.10000000 560.94494706
66.40000000 559.51315144
85.20000000 791.57580846
85.20000000 790.76391551
85.20000000 209.29289721
85.20000000 791.57580846
216.40000000 792.28735792
216.40000000 211.49031480
216.40000000 789.27255972
216.40000000 210.99129806
85.20000000 211.78486418
216.40000000 210.99129806
310.20000000 260.82266294
310.10000000 260.35392341
310.20000000 381.67096240
310.20000000 260.82266294
291.30000000 260.64577065
291.30000000 380.97980648
291.40000000 259.20622565
291.40000000 379.31122443
310.10000000 378.24593966
291.40000000 379.31122443
160.20000000 610.05768441
160.10000000 610.52059758
160.20000000 730.57919097
160.20000000 610.05768441
141.40000000 608.61088415
141.40000000 729.22327647
141.40000000 610.56636709
141.40000000 730.74680547
160.10000000 731.99303296
141.40000000 730.74680547
66.40000000 310.93720251
66.40000000 309.29624604
66.40000000 687.67384304
66.40000000 310.93720251
85.10000000 308.99093083
85.10000000 687.82402514
85.10000000 307.91405381
85.10000000 688.53596085
66.40000000 689.48536135
85.10000000 688.53596085
216.40000000 660.90919317
216.40000000 661.79502454
216.40000000 339.96635459
216.40000000 660.90919317
235.10000000 659.45534859
235.10000000 340.36218144
235.10000000 661.92387565
235.10000000 340.64440433
216.40000000 341.60970214
235.10000000 340.64440433
141.40000000 129.75178204
141.40000000 128.32058165
141.40000000 170.60417755
141.40000000 129.75178204
310.10000000 130.58504595
310.10000000 170.28834127
310.20000000 131.42110941
310.20000000 171.29765615
141.40000000 169.32246301
310.20000000 171.29765615
291.40000000 479.92425691
291.40000000 478.82430139
291.40000000 519.64133227
291.40000000 479.92425691
160.10000000 479.43681518
160.10000000 518.10143308
160.20000000 480.29861187
160.20000000 519.67751189
291.40000000 519.02457439
160.20000000 519.67751189
328.90000000 219.31594434
328.90000000 218.74448934
328.90000000 778.62791437
328.90000000 219.31594434
347.60000000 219.41164640
347.60000000 779.53660009
347.60000000 219.62574190
347.60000000 778.98313155
328.90000000 780.64154847
347.60000000 778.98313155
178.90000000 569.18752908
178.90000000 569.52431761
178.90000000 430.22538534
178.90000000 569.18752908
197.60000000 570.52055812
197.60000000 430.03905518
197.60000000 569.07163960
197.60000000 430.15831225
178.90000000 428.69971958
197.60000000 430.15831225
253.90000000 400.00642486
253.90000000 400.44253322
253.90000000 249.84190210
253.90000000 400.00642486
122.60000000 397.60950570
122.60000000 248.76906966
122.60000000 398.62100160
122.60000000 250.87785982
253.90000000 250.01784766
122.60000000 250.87785982
103.90000000 750.13960070
103.90000000 750.24159386
103.90000000 600.74903571
103.90000000 750.13960070
272.60000000 750.07042342
272.60000000 599.72961802
272.70000000 748.45788412
272.70000000 599.57565271
103.90000000 600.28901636
272.70000000 599.57565271
155.50000000 189.96172668
155.50000000 189.47259303
155.50000000 531.25521034
155.50000000 189.96172668
230.50000000 190.44456157
230.50000000 529.48488882
230.40000000 189.97191056
230.40000000 529.31502517
155.50000000 528.41914387
230.40000000 529.31502517
305.40000000 540.25707110
305.50000000 539.30543756
305.40000000 180.72096934
305.40000000 540.25707110
80.50000000 538.14945304
80.50000000 177.71868495
80.40000000 541.01234182
80.40000000 181.88411178
305.50000000 179.18097928
80.40000000 181.88411178
80.50000000 358.79553169
80.50000000 359.64503458
80.50000000 349.21198923
80.50000000 358.79553169
155.50000000 359.88220867
155.50000000 350.83893005
155.40000000 360.89218828
155.40000000 350.64722084
80.50000000 350.10828913
155.40000000 350.64722084
230.50000000 709.52545305
230.50000000 711.61143567
230.50000000 699.48585774
230.50000000 709.52545305
305.50000000 709.59557172
305.50000000 698.66062982
305.40000000 711.00554326
305.40000000 701.10191086
230.50000000 700.79148020
305.40000000 701.10191086
267.90000000 279.39674599
267.90000000 281.21561774
267.90000000 610.58192686
267.90000000 279.39674599
192.90000000 278.39088615
192.90000000 608.18672672
193.00000000 281.48334105
193.00000000 609.59121589
267.90000000 609.55847647
193.00000000 609.59121589
118.00000000 628.89050480
118.00000000 628.48556347
118.00000000 261.85312411
118.00000000 628.89050480
342.90000000 630.03283338
342.90000000 260.90863676
343.00000000 630.39355413
343.00000000 259.62318528
118.00000000 260.80337005
343.00000000 259.62318528
342.90000000 100.17084953
343.00000000 99.51635829
342.90000000 440.11765812
342.90000000 100.17084953
267.90000000 101.07919986
267.90000000 440.17240225
267.90000000 100.20672690
267.90000000 439.98510488
343.00000000 439.99935141
267.90000000 439.98510488
193.00000000 450.11991548
193.00000000 448.46289008
193.00000000 789.51405665
193.00000000 450.11991548
117.90000000 449.89091354
117.90000000 789.45238327
118.00000000 449.73711850
118.00000000 788.28910834
193.00000000 789.91321064
118.00000000 788.28910834
99.20000000 410.21611435
99.20000000 409.00910021
99.20000000 661.48595704
99.20000000 410.21611435
174.20000000 409.83698246
174.20000000 659.42178941
174.20000000 409.00662247
174.20000000 660.48634045
99.20000000 661.04479922
174.20000000 660.48634045
249.20000000 761.03225921
249.20000000 759.92683796
249.20000000 311.16823082
249.20000000 761.03225921
324.20000000 760.67239342
324.20000000 311.07156208
324.20000000 761.10380259
324.20000000 310.69723086
249.20000000 310.41891533
324.20000000 310.69723086
174.20000000 230.81381502
174.20000000 229.62118716
174.20000000 130.87713328
174.20000000 230.81381502
249.20000000 230.20060399
249.20000000 130.22817341
249.20000000 230.30143621
249.20000000 129.60127048
174.20000000 130.77844766
249.20000000 129.60127048
324.30000000 581.49915460
324.20000000 579.73836830
324.30000000 479.43944156
324.30000000 581.49915460
99.20000000 579.93738657
99.20000000 480.25001778
99.20000000 578.74674273
99.20000000 481.69149877
324.20000000 479.04331504
99.20000000 481.69149877
286.70000000 139.23575089
286.70000000 139.74404457
286.70000000 750.49844628
286.70000000 139.23575089
211.70000000 140.88265702
211.70000000 749.74427004
211.70000000 139.72956080
211.70000000 748.83839582
286.70000000 749.70950646
211.70000000 748.83839582
136.70000000 490.22698587
136.70000000 492.03269620
136.70000000 399.41070516
136.70000000 490.22698587
61.70000000 490.02744412
61.70000000 401.97513120
61.70000000 490.45531465
61.70000000 401.64728958
136.70000000 398.71785233
61.70000000 401.64728958
211.70000000 319.84546959
211.70000000 319.57544942
211.70000000 218.11130598
211.70000000 319.84546959
136.70000000 319.04797819
136.70000000 217.71097197
136.70000000 319.51570144
136.70000000 219.20936755
211.70000000 218.40856700
136.70000000 219.20936755
61.70000000 667.85717643
61.70000000 669.14986905
61.70000000 572.82919090
61.70000000 667.85717643
286.70000000 669.90706792
286.70000000 570.58853589
286.70000000 669.21631802
286.70000000 569.14698396
61.70000000 570.94075697
286.70000000 569.14698396
333.60000000 340.04054471
333.60000000 340.37599878
333.60000000 370.09308211
333.60000000 340.04054471
127.30000000 339.22529908
127.30000000 370.47913679
127.30000000 339.72636385
127.30000000 368.65553569
333.60000000 371.43563171
127.30000000 368.65553569
183.60000000 689.94276462
183.60000000 689.72090012
183.60000000 719.95748628
183.60000000 689.94276462
277.40000000 689.48851318
277.40000000 721.07199334
277.30000000 689.55157880
277.30000000 719.65067519
183.60000000 720.06775109
277.30000000 719.65067519
258.60000000 171.14212039
258.60000000 170.91500373
258.60000000 551.86263539
258.60000000 171.14212039
202.40000000 170.44480895
202.40000000 549.98938193
202.40000000 168.93664538
202.40000000 548.91334551
258.60000000 549.75216023
202.40000000 548.91334551
108.60000000 517.34258501
108.50000000 520.07447636
108.60000000 199.35894380
108.60000000 517.34258501
52.30000000 518.58442187
52.30000000 200.33428669
52.30000000 519.06498675
52.30000000 198.28037224
108.50000000 200.33371154
52.30000000 198.28037224
71.10000000 250.28892782
71.10000000 248.86656556
71.10000000 290.30775185
71.10000000 250.28892782
239.90000000 249.91412497
239.90000000 289.38423887
239.90000000 249.40129891
239.90000000 289.66394017
71.10000000 287.89401408
239.90000000 289.66394017
221.10000000 601.75990360
221.10000000 598.86138459
221.10000000 641.78472857
221.10000000 601.75990360
89.80000000 599.83774965
89.80000000 639.47315128
89.90000000 597.56708810
89.90000000 637.78884617
221.10000000 640.90586917
89.90000000 637.78884617
146.00000000 429.32442569
146.10000000 428.16859588
146.00000000 458.59704328
146.00000000 429.32442569
164.80000000 429.67023765
164.80000000 458.24245167
164.90000000 429.95050803
164.90000000 457.66774249
146.10000000 459.53472665
164.90000000 457.66774249
296.10000000 780.55841716
296.10000000 781.39377711
296.10000000 109.38292170
296.10000000 780.55841716
314.90000000 779.53825601
314.90000000 110.51880712
314.90000000 780.67248258
314.90000000 110.18090225
296.10000000 110.46651807
314.90000000 110.18090225
202.30000000 119.60342132
202.40000000 119.48359746
202.30000000 240.95710966
202.30000000 119.60342132
258.60000000 119.63140548
258.60000000 240.05821765
258.60000000 119.42398392
258.60000000 240.57050274
202.40000000 239.49856959
258.60000000 240.57050274
52.30000000 469.85503998
52.30000000 470.95793705
52.30000000 590.52214412
52.30000000 469.85503998
108.60000000 468.10190946
108.60000000 589.21457078
108.60000000 470.00599733
108.60000000 589.51259183
52.30000000 588.87623367
108.60000000 589.51259183
277.40000000 300.40075992
277.40000000 300.24299463
277.40000000 770.64896423
277.40000000 300.40075992
183.50000000 300.08734327
183.50000000 770.73710881
183.60000000 298.64580805
183.60000000 769.07323840
277.40000000 770.38743447
183.60000000 769.07323840
127.40000000 650.35023855
127.30000000 651.03698984
127.40000000 417.88860808
127.40000000 650.35023855
333.60000000 649.25420379
333.60000000 420.59068038
333.60000000 650.40924722
333.60000000 419.41564076
127.30000000 420.15189709
333.60000000 419.41564076
164.90000000 379.18309111
164.90000000 379.30847153
164.90000000 159.00231133
164.90000000 379.18309111
146.10000000 379.30140695
146.10000000 161.55071794
146.10000000 378.45144920
146.10000000 161.49690491
164.90000000 158.23078603
146.10000000 161.49690491
314.90000000 730.12633472
314.90000000 730.84437362
314.90000000 511.46117897
314.90000000 730.12633472
296.10000000 730.36292643
296.10000000 510.49862405
296.10000000 731.73487357
296.10000000 510.52559320
314.90000000 509.76848119
296.10000000 510.52559320
89.80000000 211.21111065
89.80000000 210.31760309
89.80000000 680.23619192
89.80000000 211.21111065
221.10000000 208.89380369
221.10000000 679.08993904
221.00000000 211.23090274
221.00000000 681.67553350
89.80000000 682.00607784
221.00000000 681.67553350
239.80000000 558.30442502
239.90000000 559.88298329
239.80000000 331.73588672
239.80000000 558.30442502
71.10000000 560.21396658
71.10000000 332.02041866
71.10000000 558.28808630
71.10000000 327.15011737
239.90000000 330.60619902
71.10000000 327.15011737
107.40000000 331.09278845
107.40000000 330.65752273
107.40000000 569.02796743
107.40000000 331.09278845
123.80000000 329.47893665
123.80000000 569.33876082
123.90000000 329.28346273
123.90000000 569.53665036
107.40000000 571.23604809
123.90000000 569.53665036
257.40000000 679.35707224
257.40000000 678.18383479
257.40000000 218.91252638
257.40000000 679.35707224
273.80000000 680.53790634
273.80000000 220.60080041
273.80000000 679.22644596
273.80000000 219.46131184
257.40000000 219.01691129
273.80000000 219.46131184
182.40000000 150.43237014
182.40000000 149.72497279
182.40000000 390.33246251
182.40000000 150.43237014
348.80000000 150.35662674
348.80000000 390.62064314
348.80000000 149.37803009
348.80000000 389.18446500
182.40000000 390.46859045
348.80000000 389.18446500
332.40000000 498.55925906
332.40000000 500.18428995
332.40000000 739.78537123
332.40000000 498.55925906
198.80000000 499.16932450
198.80000000 740.60121643
198.80000000 500.05626071
198.80000000 741.12202719
332.40000000 741.79493618
198.80000000 741.12202719
294.90000000 240.46188089
294.90000000 240.19963353
294.90000000 479.73375024
294.90000000 240.46188089
311.30000000 238.71473348
311.30000000 480.11157961
311.30000000 240.66279776
311.30000000 479.03957483
294.90000000 479.84658058
311.30000000 479.03957483
144.90000000 590.61085224
144.90000000 590.32739528
144.90000000 130.19160670
144.90000000 590.61085224
161.40000000 589.28187495
161.40000000 130.70439844
161.30000000 591.11040425
161.30000000 130.66645341
144.90000000 130.37717440
161.30000000 130.66645341
220.00000000 410.42849592
219.90000000 408.84005289
220.00000000 310.51702355
220.00000000 410.42849592
86.30000000 408.77927677
86.30000000 308.16146909
86.40000000 411.87355808
86.40000000 309.11316025
219.90000000 308.44912198
86.40000000 309.11316025
69.90000000 759.55575482
69.90000000 761.20382886
69.90000000 659.61213950
69.90000000 759.55575482
236.30000000 759.98216674
236.30000000 659.67753663
236.30000000 760.08208791
236.30000000 660.60503883
69.90000000 656.15550384
236.30000000 660.60503883
126.20000000 109.07241412
126.10000000 109.09844181
126.20000000 789.43822296
126.20000000 109.07241412
292.50000000 109.01192991
292.50000000 788.39172040
292.50000000 110.26647999
292.50000000 789.66524569
126.10000000 787.51300935
292.50000000 789.66524569
276.20000000 461.00949341
276.10000000 461.63291538
276.20000000 441.06179070
276.20000000 461.00949341
142.60000000 459.92192636
142.60000000 439.93404349
142.60000000 460.63457440
142.60000000 441.85847630
276.10000000 441.35363645
142.60000000 441.85847630
51.20000000 279.85395216
51.20000000 278.57789744
51.20000000 260.39376320
51.20000000 279.85395216
67.50000000 281.27354532
67.50000000 260.78273834
67.50000000 276.28992506
67.50000000 257.62256984
51.20000000 260.56851584
67.50000000 257.62256984
201.20000000 628.63264003
201.10000000 629.68769155
201.20000000 609.79961368
201.20000000 628.63264003
217.60000000 627.63406664
217.60000000 608.99910106
217.60000000 629.90225566
217.60000000 608.92969026
201.10000000 609.65959668
217.60000000 608.92969026
238.70000000 368.66961725
238.60000000 368.76932359
238.70000000 699.51487810
238.70000000 368.66961725
105.10000000 370.01025074
105.10000000 699.42825835
105.10000000 370.07485420
105.10000000 697.42197158
238.60000000 699.97334369
105.10000000 697.42197158
88.70000000 720.76896282
88.70000000 718.71748653
88.70000000 349.89243616
88.70000000 720.76896282
255.10000000 720.22099178
255.10000000 350.98792654
255.10000000 720.02251952
255.10000000 349.99993401
88.70000000 348.00487141
255.10000000 349.99993401
313.70000000 201.77225014
313.70000000 200.86536601
313.70000000 170.47584524
313.70000000 201.77225014
330.00000000 200.18544167
330.00000000 169.85033375
330.10000000 201.41818116
330.10000000 171.26488280
313.70000000 170.38963307
330.10000000 171.26488280
163.70000000 549.98393627
163.70000000 548.50678905
163.70000000 519.67082593
163.70000000 549.98393627
180.10000000 550.95757849
180.10000000 520.64206208
180.10000000 548.22894686
180.10000000 518.58240471
163.70000000 518.76565887
180.10000000 518.58240471
229.20000000 219.45461052
229.30000000 220.08467380
229.20000000 330.03385103
229.20000000 219.45461052
320.70000000 220.40605551
320.70000000 329.51462654
320.70000000 220.49554399
320.70000000 330.76965678
229.30000000 329.63449513
320.70000000 330.76965678
79.30000000 568.16729468
79.30000000 570.78550187
79.30000000 677.99187085
79.30000000 568.16729468
170.70000000 569.88790382
170.70000000 680.62885121
170.70000000 569.91349170
170.70000000 679.82508812
79.30000000 680.12674051
170.70000000 679.82508812
304.30000000 391.45717538
304.30000000 390.03930633
304.30000000 500.99535098
304.30000000 391.45717538
95.70000000 389.79824479
95.70000000 499.37324053
95.70000000 389.49445639
95.70000000 500.96007306
304.30000000 500.77379280
95.70000000 500.96007306
154.30000000 738.16848145
154.30000000 739.68382879
154.30000000 148.72336662
154.30000000 738.16848145
245.70000000 739.41446722
245.70000000 149.23418868
245.70000000 740.78672869
245.70000000 151.02824743
154.30000000 150.48299481
245.70000000 151.02824743
191.80000000 310.03110624
191.80000000 310.86146099
191.80000000 410.37151234
191.80000000 310.03110624
58.20000000 311.07518790
58.20000000 407.22897864
58.20000000 306.49513981
58.20000000 409.87501543
191.80000000 411.22687076
58.20000000 409.87501543
342.13333333 660.72399771
341.80000000 660.31255641
342.13333333 761.59194532
342.13333333 660.72399771
208.20000000 661.35910021
208.20000000 761.62342162
208.20000000 660.59143184
208.20000000 760.14280258
341.80000000 760.71720167
208.20000000 760.14280258
116.80000000 129.03430767
116.80000000 130.82099000
116.80000000 589.59538919
116.80000000 129.03430767
283.20000000 131.60765775
283.20000000 591.26847361
283.20000000 129.56533812
283.20000000 589.61499193
116.80000000 589.47002829
283.20000000 589.61499193
266.80000000 479.86271501
266.80000000 480.12904753
266.80000000 239.17081111
266.80000000 479.86271501
133.20000000 479.02178637
133.20000000 239.48549599
133.20000000 479.80242546
133.20000000 239.07344971
266.80000000 240.71628941
133.20000000 239.07344971
323.10000000 439.84449259
323.00000000 438.91336141
323.10000000 110.27539950
323.10000000 439.84449259
76.90000000 440.44553683
76.90000000 110.55439560
76.90000000 441.41814764
76.90000000 111.08252632
323.00000000 109.26876323
76.90000000 111.08252632
173.10000000 790.65131835
173.10000000 790.49876947
173.10000000 459.32060907
173.10000000 790.65131835
226.90000000 790.05805832
226.90000000 459.64319865
226.90000000 789.67370515
226.90000000 460.22435687
173.10000000 459.49534899
226.90000000 460.22435687
248.00000000 261.84788761
248.00000000 261.31846027
248.00000000 630.70841292
248.00000000 261.84788761
301.90000000 260.73472745
301.90000000 630.70589247
301.90000000 261.21526687
301.90000000 631.25502520
248.00000000 630.58378663
301.90000000 631.25502520
98.10000000 609.44097259
98.10000000 609.90731476
98.10000000 278.07230141
98.10000000 609.44097259
151.90000000 608.36736024
151.90000000 280.70435629
151.90000000 608.78271191
151.90000000 279.65642894
98.10000000 278.91407301
151.90000000 279.65642894
60.60000000 170.78795963
60.60000000 170.19153005
60.60000000 200.32551680
60.60000000 170.78795963
339.50000000 168.49966591
339.50000000 199.11868806
339.40000000 170.20769313
339.40000000 199.84396941
60.60000000 199.18894974
339.40000000 199.84396941
210.50000000 521.25816138
210.60000000 521.62306764
210.50000000 550.82378049
210.50000000 521.25816138
189.40000000 520.58133951
189.40000000 549.18084938
189.40000000 521.23824693
189.40000000 552.37588692
210.60000000 552.35913550
189.40000000 552.37588692
135.60000000 350.07868505
135.60000000 349.35258170
135.60000000 718.35187929
135.60000000 350.07868505
114.40000000 350.53814060
114.40000000 717.79928684
114.40000000 350.01781681
114.40000000 718.51849768
135.60000000 719.53332570
114.40000000 718.51849768
285.60000000 700.08143688
285.60000000 700.12887860
285.60000000 369.50489004
285.60000000 700.08143688
264.50000000 700.12223286
264.50000000 368.76775073
264.40000000 699.94241556
264.40000000 369.31011390
285.60000000 369.38066597
264.40000000 369.31011390
271.50000000 139.23878838
271.40000000 140.24335081
271.50000000 269.89154509
271.50000000 139.23878838
222.30000000 140.54472489
222.30000000 269.60809307
222.20000000 140.28533838
222.20000000 271.00257984
271.40000000 270.51569819
222.20000000 271.00257984
121.50000000 488.14389740
121.40000000 488.81587252
121.50000000 619.21426173
121.50000000 488.14389740
72.30000000 489.99216402
72.30000000 619.08645465
72.30000000 492.17402137
72.30000000 620.65256715
121.40000000 619.77469819
72.30000000 620.65256715
346.50000000 321.60454617
346.40000000 319.12694671
346.50000000 451.40904337
346.50000000 321.60454617
147.30000000 318.87254452
147.30000000 450.02839564
147.30000000 320.35724719
147.30000000 449.60343788
346.40000000 449.92300264
147.30000000 449.60343788
196.50000000 668.40201788
196.40000000 668.98062843
196.50000000 99.56601055
196.50000000 668.40201788
297.20000000 669.12686637
297.20000000 99.72180336
297.30000000 669.53243430
297.30000000 99.80148468
196.40000000 98.13813670
297.30000000 99.80148468
159.00000000 398.33520460
159.00000000 398.28381522
159.00000000 358.94893243
159.00000000 398.33520460
184.70000000 399.25529089
184.70000000 359.69569932
184.80000000 398.90945782
184.80000000 359.95619801
159.00000000 360.33236806
184.80000000 359.95619801
308.90000000 750.04067494
309.00000000 749.64980060
308.90000000 711.62983992
308.90000000 750.04067494
334.70000000 751.68406257
334.70000000 711.22445769
334.70000000 749.96713231
334.70000000 708.58188051
309.00000000 709.17978647
334.70000000 708.58188051
84.00000000 228.47404374
84.00000000 231.25411015
84.00000000 536.50253282
84.00000000 228.47404374
259.70000000 230.91789965
259.70000000 541.08089913
259.80000000 229.91164026
259.80000000 539.93650133
84.00000000 541.16150316
259.80000000 539.93650133
233.90000000 579.47035687
234.00000000 580.74456762
233.90000000 189.12160960
233.90000000 579.47035687
109.70000000 580.31122948
109.70000000 191.84766158
109.80000000 580.71626599
109.80000000 190.48696136
234.00000000 191.28574436
109.80000000 190.48696136
290.20000000 269.94929864
290.20000000 269.45121244
290.20000000 138.48207652
290.20000000 269.94929864
166.00000000 270.68612464
166.00000000 139.43074798
166.00000000 270.20882242
166.00000000 139.72651244
290.20000000 138.57194432
166.00000000 139.72651244
140.20000000 619.29500541
140.20000000 619.37207217
140.20000000 489.06639260
140.20000000 619.29500541
316.00000000 620.29306286
316.00000000 490.19532908
316.00000000 620.61262207
316.00000000 490.34179836
140.20000000 489.54542175
316.00000000 490.34179836
215.20000000 101.06008992
215.20000000 99.08835028
215.20000000 670.38266555
215.20000000 101.06008992
241.00000000 101.23844467
241.00000000 670.32548748
241.00000000 100.79566625
241.00000000 669.80446587
215.20000000 671.87502002
241.00000000 669.80446587
65.20000000 449.47329400
65.20000000 449.70050719
65.20000000 318.52951049
65.20000000 449.47329400
91.00000000 448.35751155
91.00000000 320.50439560
91.00000000 448.75377532
91.00000000 319.65343805
65.20000000 320.48507993
91.00000000 319.65343805
102.70000000 190.71379413
102.70000000 190.49558531
102.70000000 229.29510371
102.70000000 190.71379413
203.50000000 188.34540944
203.50000000 229.91231936
203.50000000 189.36478620
203.50000000 230.37148375
102.70000000 229.57770432
203.50000000 230.37148375
252.70000000 540.98305954
252.70000000 541.31634846
252.70000000 581.23030690
252.70000000 540.98305954
53.60000000 539.41404343
53.60000000 580.47159329
53.60000000 539.37017759
53.60000000 579.42746512
252.70000000 581.66672714
53.60000000 579.42746512
177.70000000 358.67007918
177.70000000 360.80044931
177.70000000 750.27562683
177.70000000 358.67007918
128.50000000 357.97226745
128.50000000 747.69754228
128.50000000 360.75672934
128.50000000 751.05095554
177.70000000 751.34473331
128.50000000 751.05095554
327.70000000 710.03503343
327.70000000 709.30931626
327.70000000 398.17360433
327.70000000 710.03503343
278.50000000 710.74353525
278.50000000 399.09499340
278.50000000 709.91391383
278.50000000 399.65869410
327.70000000 400.19837273
278.50000000 399.65869410
74.60000000 378.13532910
74.60000000 380.38842073
74.60000000 599.31731532
74.60000000 378.13532910
137.90000000 379.54852758
137.90000000 599.79467845
137.80000000 378.82787998
137.80000000 599.05886007
74.60000000 599.91563205
137.80000000 599.05886007
224.60000000 729.86957390
224.60000000 729.73306579
224.60000000 249.28119382
224.60000000 729.86957390
287.90000000 729.85197654
287.90000000 250.25515434
287.80000000 728.70784965
287.80000000 250.29505227
224.60000000 250.04093424
287.80000000 250.29505227
149.60000000 210.95944834
149.60000000 209.93715492
149.60000000 429.83040894
149.60000000 210.95944834
212.90000000 210.99531706
212.90000000 431.45223019
212.90000000 210.58107578
212.90000000 427.74589518
149.60000000 428.43515961
212.90000000 427.74589518
299.60000000 558.76282761
299.60000000 561.30763794
299.60000000 779.38720016
299.60000000 558.76282761
62.90000000 560.96266721
62.90000000 779.36893881
62.90000000 560.04860151
62.90000000 777.40611882
299.60000000 780.98421709
62.90000000 777.40611882
337.00000000 120.31253933
337.10000000 121.33096418
337.00000000 510.80235054
337.00000000 120.31253933
250.40000000 120.03983534
250.40000000 510.01854432
250.40000000 120.87395593
250.40000000 510.78167715
337.10000000 511.52776545
250.40000000 510.78167715
187.20000000 470.33356708
187.10000000 470.56046493
187.20000000 161.49901062
187.20000000 470.33356708
100.40000000 468.91904505
100.40000000 158.79603960
100.30000000 470.20198548
100.30000000 159.54830285
187.10000000 159.58562471
100.30000000 159.54830285
262.10000000 291.81245195
262.10000000 289.22299945
262.10000000 340.50919289
262.10000000 291.81245195
175.30000000 289.92778864
175.30000000 340.40260579
175.40000000 290.52906201
175.40000000 340.68759195
262.10000000 339.32523836
175.40000000 340.68759195
112.10000000 639.39780541
112.10000000 638.99918243
112.10000000 689.70524391
112.10000000 639.39780541
325.40000000 637.94176917
325.40000000 689.11271130
325.40000000 641.69074516
325.40000000 690.87433479
112.10000000 687.12750890
325.40000000 690.87433479
168.30000000 248.96381320
168.40000000 248.91985973
168.30000000 730.41535686
168.30000000 248.96381320
269.10000000 250.37135246
269.10000000 728.71876573
269.10000000 249.34434673
269.10000000 729.89506179
168.40000000 730.49146986
269.10000000 729.89506179
318.30000000 600.11719521
318.30000000 600.07605595
318.30000000 379.62794117
318.30000000 600.11719521
119.10000000 598.97806216
119.10000000 378.37954949
119.10000000 598.32301376
119.10000000 378.46804875
318.30000000 379.85836562
119.10000000 378.46804875
93.30000000 427.29224608
93.30000000 427.89512001
93.30000000 209.12755249
93.30000000 427.29224608
194.10000000 430.70755831
194.10000000 210.84777854
194.10000000 430.64871277
194.10000000 210.32842460
93.30000000 209.04973786
194.10000000 210.32842460
243.30000000 778.40553721
243.30000000 778.03919265
243.30000000 557.88986796
243.30000000 778.40553721
344.20000000 780.17141129
344.20000000 560.00861450
344.20000000 780.46769809
344.20000000 560.61023222
243.30000000 559.72953521
344.20000000 560.61023222
205.80000000 339.11085951
205.90000000 339.10493341
205.80000000 639.93666733
205.80000000 339.11085951
156.60000000 338.52500811
156.60000000 639.42875953
156.70000000 337.65239582
156.70000000 638.53788012
205.90000000 639.55138541
156.70000000 638.53788012
55.80000000 693.28710602
55.80000000 688.79944729
55.80000000 286.46206710
55.80000000 693.28710602
306.60000000 691.08802304
306.60000000 290.68087138
306.70000000 691.51032648
306.70000000 290.16380945
55.80000000 290.69544031
306.70000000 290.16380945
280.80000000 158.50430699
280.90000000 161.29211035
280.80000000 118.65329116
280.80000000 158.50430699
231.60000000 159.74845084
231.60000000 119.21533713
231.70000000 160.77211260
231.70000000 121.00463613
280.90000000 120.40812327
231.70000000 121.00463613
130.90000000 509.03649393
130.90000000 510.13290214
130.90000000 470.43616813
130.90000000 509.03649393
81.60000000 508.98311729
81.60000000 469.75451181
81.60000000 510.71203731
81.60000000 470.65548721
130.90000000 469.14074876
81.60000000 470.65548721
320.70000000 230.18358430
320.70000000 229.49809868
320.70000000 699.22106297
320.70000000 230.18358430
60.60000000 231.66773297
60.60000000 700.70631412
60.50000000 230.87149328
60.50000000 700.52534181
320.70000000 699.47538446
60.50000000 700.52534181
170.70000000 579.06264027
170.70000000 580.08135513
170.70000000 349.08479136
170.70000000 579.06264027
210.60000000 579.84346397
210.60000000 349.11476136
210.60000000 579.86517260
210.60000000 350.75783953
170.70000000 350.51302267
210.60000000 350.75783953
245.70000000 410.57174558
245.70000000 408.80373542
245.70000000 180.69868309
245.70000000 410.57174558
285.60000000 410.56222897
285.60000000 180.79833394
285.60000000 409.44966664
285.60000000 179.79774854
245.70000000 179.07752822
285.60000000 179.79774854
95.70000000 760.12462228
95.70000000 758.95722285
95.70000000 532.36020605
95.70000000 760.12462228
135.60000000 758.83791126
135.60000000 529.51972815
135.50000000 760.17948673
135.50000000 529.19813092
95.70000000 531.49823980
135.50000000 529.19813092
58.20000000 322.25434700
58.20000000 320.23622151
58.20000000 790.58788023
58.20000000 322.25434700
323.00000000 319.42136994
323.00000000 790.41838649
323.00000000 319.75251321
323.00000000 789.80447208
58.20000000 789.54132086
323.00000000 789.80447208
208.20000000 671.41685446
208.20000000 669.45088052
208.20000000 440.27790071
208.20000000 671.41685446
173.00000000 670.36336196
173.00000000 439.87029371
173.10000000 669.21177165
173.10000000 437.10126959
208.20000000 439.88427634
173.10000000 437.10126959
133.20000000 148.43653744
133.20000000 150.18037796
133.20000000 269.31432411
133.20000000 148.43653744
98.00000000 149.46081125
98.00000000 269.02664468
98.00000000 150.24207778
98.00000000 271.53819512
133.20000000 271.16612518
98.00000000 271.53819512
283.20000000 499.81328777
283.20000000 498.80445730
283.20000000 620.01095194
283.20000000 499.81328777
248.00000000 500.84733169
248.00000000 618.92642193
248.10000000 500.24139995
248.10000000 618.20697949
283.20000000 620.08806494
248.10000000 618.20697949
