300.0000 10.0000 0.9000 0.9000
300.0000 10.0000 0.9000 0.9000
300.0000 10.0000 0.9000 0.9000
300.0000 10.0000 0.9000 0.9000
300.0000 10.0000 0.9000 0.9000
300.0000 10.0000 0.9000 0.9000
500.0000 32.5000 0.9500 0.9500
500.0000 32.5000 0.9500 0.9500
500.0000 32.5000 0.9500 0.9500
500.0000 32.5000 0.9500 0.9500
500.0000 32.5000 0.9500 0.9500
500.0000 32.5000 0.9500 0.9500
600.0000 21.2500 0.9250 0.9250
600.0000 21.2500 0.9250 0.9250
600.0000 43.7500 0.9250 0.9250
600.0000 21.2500 0.9250 0.9250
600.0000 21.2500 0.9250 0.9750
600.0000 43.7500 0.9250 0.9750
400.0000 43.7500 0.9750 0.9750
400.0000 43.7500 0.9750 0.9750
400.0000 21.2500 0.9750 0.9750
400.0000 43.7500 0.9750 0.9750
400.0000 43.7500 0.9750 0.9250
400.0000 21.2500 0.9750 0.9250
450.0000 26.8750 0.9625 0.9875
450.0000 26.8750 0.9625 0.9875
450.0000 15.6250 0.9625 0.9875
450.0000 26.8750 0.9375 0.9875
450.0000 26.8750 0.9625 0.9875
450.0000 15.6250 0.9375 0.9875
650.0000 49.3750 0.9125 0.9375
650.0000 49.3750 0.9125 0.9375
650.0000 38.1250 0.9125 0.9375
650.0000 49.3750 0.9875 0.9375
650.0000 49.3750 0.9125 0.9375
650.0000 38.1250 0.9875 0.9375
550.0000 15.6250 0.9875 0.9625
550.0000 15.6250 0.9875 0.9625
550.0000 49.3750 0.9875 0.9625
550.0000 15.6250 0.9125 0.9625
550.0000 15.6250 0.9875 0.9125
550.0000 49.3750 0.9125 0.9125
350.0000 38.1250 0.9375 0.9125
350.0000 38.1250 0.9375 0.9125
350.0000 26.8750 0.9375 0.9125
350.0000 38.1250 0.9625 0.9125
350.0000 38.1250 0.9375 0.9625
350.0000 26.8750 0.9625 0.9625
375.0000 24.0625 0.9938 0.9437
525.0000 24.0625 0.9938 0.9437
375.0000 24.0625 0.9938 0.9437
375.0000 24.0625 0.9437 0.9437
375.0000 24.0625 0.9938 0.9938
525.0000 24.0625 0.9437 0.9938
575.0000 46.5625 0.9437 0.9938
325.0000 46.5625 0.9437 0.9938
575.0000 46.5625 0.9437 0.9938
575.0000 46.5625 0.9938 0.9938
575.0000 46.5625 0.9437 0.9437
325.0000 46.5625 0.9938 0.9437
675.0000 12.8125 0.9688 0.9188
425.0000 12.8125 0.9688 0.9188
675.0000 35.3125 0.9688 0.9188
675.0000 12.8125 0.9188 0.9188
675.0000 12.8125 0.9688 0.9188
425.0000 35.3125 0.9188 0.9188
475.0000 35.3125 0.9188 0.9688
625.0000 35.3125 0.9188 0.9688
475.0000 12.8125 0.9188 0.9688
475.0000 35.3125 0.9688 0.9688
475.0000 35.3125 0.9188 0.9688
625.0000 12.8125 0.9688 0.9688
425.0000 18.4375 0.9313 0.9563
675.0000 18.4375 0.9313 0.9563
425.0000 29.6875 0.9313 0.9563
425.0000 18.4375 0.9062 0.9563
425.0000 18.4375 0.9313 0.9062
675.0000 29.6875 0.9062 0.9062
625.0000 40.9375 0.9812 0.9062
475.0000 40.9375 0.9812 0.9062
625.0000 52.1875 0.9812 0.9062
625.0000 40.9375 0.9563 0.9062
625.0000 40.9375 0.9812 0.9563
475.0000 52.1875 0.9563 0.9563
525.0000 29.6875 0.9062 0.9812
375.0000 29.6875 0.9062 0.9812
525.0000 40.9375 0.9062 0.9812
525.0000 29.6875 0.9313 0.9812
525.0000 29.6875 0.9062 0.9812
375.0000 40.9375 0.9313 0.9812
325.0000 52.1875 0.9563 0.9313
575.0000 52.1875 0.9563 0.9313
325.0000 18.4375 0.9563 0.9313
325.0000 52.1875 0.9812 0.9313
325.0000 52.1875 0.9563 0.9313
575.0000 18.4375 0.9812 0.9313
337.5000 31.0938 0.9469 0.9656
412.5000 31.0938 0.9469 0.9656
337.5000 53.5938 0.9469 0.9656
337.5000 31.0938 0.9531 0.9656
337.5000 31.0938 0.9469 0.9844
412.5000 53.5938 0.9531 0.9844
537.5000 53.5938 0.9969 0.9156
612.5000 53.5938 0.9969 0.9156
537.5000 31.0938 0.9969 0.9156
537.5000 53.5938 0.9031 0.9156
537.5000 53.5938 0.9969 0.9344
612.5000 31.0938 0.9031 0.9344
637.5000 19.8438 0.9219 0.9906
512.5000 19.8438 0.9219 0.9906
637.5000 19.8438 0.9219 0.9906
637.5000 19.8438 0.9781 0.9906
637.5000 19.8438 0.9219 0.9094
512.5000 19.8438 0.9781 0.9094
437.5000 42.3438 0.9719 0.9406
312.5000 42.3438 0.9719 0.9406
437.5000 42.3438 0.9719 0.9406
437.5000 42.3438 0.9281 0.9406
437.5000 42.3438 0.9719 0.9594
312.5000 42.3438 0.9281 0.9594
487.5000 14.2188 0.9844 0.9281
362.5000 14.2188 0.9844 0.9281
487.5000 47.9688 0.9844 0.9281
487.5000 14.2188 0.9906 0.9281
487.5000 14.2188 0.9844 0.9219
362.5000 47.9688 0.9906 0.9219
687.5000 36.7188 0.9344 0.9781
562.5000 36.7188 0.9344 0.9781
687.5000 25.4688 0.9344 0.9781
687.5000 36.7188 0.9406 0.9781
687.5000 36.7188 0.9344 0.9719
562.5000 25.4688 0.9406 0.9719
587.5000 25.4688 0.9594 0.9031
662.5000 25.4688 0.9594 0.9031
587.5000 14.2188 0.9594 0.9031
587.5000 25.4688 0.9656 0.9031
587.5000 25.4688 0.9594 0.9969
662.5000 14.2188 0.9656 0.9969
387.5000 47.9688 0.9094 0.9531
462.5000 47.9688 0.9094 0.9531
387.5000 36.7188 0.9094 0.9531
387.5000 47.9688 0.9156 0.9531
387.5000 47.9688 0.9094 0.9469
462.5000 36.7188 0.9156 0.9469
362.5000 17.0312 0.9531 0.9844
637.5000 17.0312 0.9531 0.9844
362.5000 39.5312 0.9531 0.9844
362.5000 17.0312 0.9969 0.9844
362.5000 17.0312 0.9531 0.9156
637.5000 39.5312 0.9969 0.9156
562.5000 39.5312 0.9031 0.9344
437.5000 39.5312 0.9031 0.9344
562.5000 17.0312 0.9031 0.9344
562.5000 39.5312 0.9469 0.9344
562.5000 39.5312 0.9031 0.9656
437.5000 17.0312 0.9469 0.9656
662.5000 28.2812 0.9781 0.9594
337.5000 28.2812 0.9781 0.9594
662.5000 28.2812 0.9781 0.9594
662.5000 28.2812 0.9719 0.9594
662.5000 28.2812 0.9781 0.9906
337.5000 28.2812 0.9719 0.9906
462.5000 50.7812 0.9281 0.9094
537.5000 50.7812 0.9281 0.9094
462.5000 50.7812 0.9281 0.9094
462.5000 50.7812 0.9219 0.9094
462.5000 50.7812 0.9281 0.9406
537.5000 50.7812 0.9219 0.9406
412.5000 22.6562 0.9156 0.9219
587.5000 22.6562 0.9156 0.9219
412.5000 33.9062 0.9156 0.9219
412.5000 22.6562 0.9594 0.9219
412.5000 22.6562 0.9156 0.9781
587.5000 33.9062 0.9594 0.9781
612.5000 45.1562 0.9656 0.9719
387.5000 45.1562 0.9656 0.9719
612.5000 11.4062 0.9656 0.9719
612.5000 45.1562 0.9094 0.9719
612.5000 45.1562 0.9656 0.9281
387.5000 11.4062 0.9094 0.9281
512.5000 11.4062 0.9406 0.9469
487.5000 11.4062 0.9406 0.9469
512.5000 22.6562 0.9406 0.9469
512.5000 11.4062 0.9844 0.9469
512.5000 11.4062 0.9406 0.9031
487.5000 22.6562 0.9844 0.9031
312.5000 33.9062 0.9906 0.9969
687.5000 33.9062 0.9906 0.9969
312.5000 45.1562 0.9906 0.9969
312.5000 33.9062 0.9344 0.9969
312.5000 33.9062 0.9906 0.9531
687.5000 45.1562 0.9344 0.9531
318.7500 21.9531 0.9703 0.9547
356.2500 21.9531 0.9703 0.9547
318.7500 51.4844 0.9703 0.9547
318.7500 21.9531 0.9797 0.9547
318.7500 21.9531 0.9703 0.9672
356.2500 51.4844 0.9797 0.9672
518.7500 44.4531 0.9203 0.9047
556.2500 44.4531 0.9203 0.9047
518.7500 28.9844 0.9203 0.9047
518.7500 44.4531 0.9297 0.9047
518.7500 44.4531 0.9203 0.9172
556.2500 28.9844 0.9297 0.9172
618.7500 10.7031 0.9953 0.9797
656.2500 10.7031 0.9953 0.9797
618.7500 17.7344 0.9953 0.9797
618.7500 10.7031 0.9547 0.9797
618.7500 10.7031 0.9953 0.9422
656.2500 17.7344 0.9547 0.9422
418.7500 33.2031 0.9453 0.9297
456.2500 33.2031 0.9453 0.9297
418.7500 40.2344 0.9453 0.9297
418.7500 33.2031 0.9047 0.9297
418.7500 33.2031 0.9453 0.9922
456.2500 40.2344 0.9047 0.9922
468.7500 16.3281 0.9078 0.9422
406.2500 16.3281 0.9078 0.9422
468.7500 45.8594 0.9078 0.9422
468.7500 16.3281 0.9672 0.9422
468.7500 16.3281 0.9078 0.9297
406.2500 45.8594 0.9672 0.9297
668.7500 38.8281 0.9578 0.9922
606.2500 38.8281 0.9578 0.9922
668.7500 23.3594 0.9578 0.9922
668.7500 38.8281 0.9172 0.9922
668.7500 38.8281 0.9578 0.9797
606.2500 23.3594 0.9172 0.9797
568.7500 27.5781 0.9328 0.9172
506.2500 27.5781 0.9328 0.9172
568.7500 12.1094 0.9328 0.9172
568.7500 27.5781 0.9922 0.9172
568.7500 27.5781 0.9328 0.9547
506.2500 12.1094 0.9922 0.9547
368.7500 50.0781 0.9828 0.9672
306.2500 50.0781 0.9828 0.9672
368.7500 34.6094 0.9828 0.9672
368.7500 50.0781 0.9422 0.9672
368.7500 50.0781 0.9828 0.9047
306.2500 34.6094 0.9422 0.9047
393.7500 13.5156 0.9266 0.9984
581.2500 13.5156 0.9266 0.9984
393.7500 43.0469 0.9266 0.9984
393.7500 13.5156 0.9734 0.9984
393.7500 13.5156 0.9266 0.9359
581.2500 43.0469 0.9734 0.9359
593.7500 36.0156 0.9766 0.9484
381.2500 36.0156 0.9766 0.9484
593.7500 20.5469 0.9766 0.9484
593.7500 36.0156 0.9234 0.9484
593.7500 36.0156 0.9766 0.9859
381.2500 20.5469 0.9234 0.9859
693.7500 24.7656 0.9016 0.9734
481.2500 24.7656 0.9016 0.9734
693.7500 31.7969 0.9016 0.9734
693.7500 24.7656 0.9984 0.9734
693.7500 24.7656 0.9016 0.9609
481.2500 31.7969 0.9984 0.9609
493.7500 47.2656 0.9516 0.9234
681.2500 47.2656 0.9516 0.9234
493.7500 54.2969 0.9516 0.9234
493.7500 47.2656 0.9484 0.9234
493.7500 47.2656 0.9516 0.9109
681.2500 54.2969 0.9484 0.9109
443.7500 30.3906 0.9891 0.9109
631.2500 30.3906 0.9891 0.9109
443.7500 37.4219 0.9891 0.9109
443.7500 30.3906 0.9859 0.9109
443.7500 30.3906 0.9891 0.9734
631.2500 37.4219 0.9859 0.9734
643.7500 52.8906 0.9391 0.9609
431.2500 52.8906 0.9391 0.9609
643.7500 14.9219 0.9391 0.9609
643.7500 52.8906 0.9359 0.9609
643.7500 52.8906 0.9391 0.9234
431.2500 14.9219 0.9359 0.9234
543.7500 19.1406 0.9641 0.9359
331.2500 19.1406 0.9641 0.9359
543.7500 26.1719 0.9641 0.9359
543.7500 19.1406 0.9609 0.9359
543.7500 19.1406 0.9641 0.9484
331.2500 26.1719 0.9609 0.9484
343.7500 41.6406 0.9141 0.9859
531.2500 41.6406 0.9141 0.9859
343.7500 48.6719 0.9141 0.9859
343.7500 41.6406 0.9109 0.9859
343.7500 41.6406 0.9141 0.9984
531.2500 48.6719 0.9109 0.9984
331.2500 20.5469 0.9797 0.9141
468.7500 20.5469 0.9797 0.9141
331.2500 13.5156 0.9797 0.9141
331.2500 20.5469 0.9266 0.9141
331.2500 20.5469 0.9797 0.9453
468.7500 13.5156 0.9266 0.9453
531.2500 43.0469 0.9297 0.9641
668.7500 43.0469 0.9297 0.9641
531.2500 36.0156 0.9297 0.9641
531.2500 43.0469 0.9766 0.9641
531.2500 43.0469 0.9297 0.9953
668.7500 36.0156 0.9766 0.9953
631.2500 31.7969 0.9547 0.9391
568.7500 31.7969 0.9547 0.9391
631.2500 47.2656 0.9547 0.9391
631.2500 31.7969 0.9016 0.9391
631.2500 31.7969 0.9547 0.9703
568.7500 47.2656 0.9016 0.9703
431.2500 54.2969 0.9047 0.9891
368.7500 54.2969 0.9047 0.9891
431.2500 24.7656 0.9047 0.9891
431.2500 54.2969 0.9516 0.9891
431.2500 54.2969 0.9047 0.9203
368.7500 24.7656 0.9516 0.9203
481.2500 26.1719 0.9422 0.9766
318.7500 26.1719 0.9422 0.9766
481.2500 19.1406 0.9422 0.9766
481.2500 26.1719 0.9141 0.9766
481.2500 26.1719 0.9422 0.9578
318.7500 19.1406 0.9141 0.9578
681.2500 48.6719 0.9922 0.9266
518.7500 48.6719 0.9922 0.9266
681.2500 41.6406 0.9922 0.9266
681.2500 48.6719 0.9641 0.9266
681.2500 48.6719 0.9922 0.9078
518.7500 41.6406 0.9641 0.9078
581.2500 14.9219 0.9172 0.9516
618.7500 14.9219 0.9172 0.9516
581.2500 52.8906 0.9172 0.9516
581.2500 14.9219 0.9391 0.9516
581.2500 14.9219 0.9172 0.9328
618.7500 52.8906 0.9391 0.9328
381.2500 37.4219 0.9672 0.9016
418.7500 37.4219 0.9672 0.9016
381.2500 30.3906 0.9672 0.9016
381.2500 37.4219 0.9891 0.9016
381.2500 37.4219 0.9672 0.9828
418.7500 30.3906 0.9891 0.9828
356.2500 28.9844 0.9234 0.9328
693.7500 28.9844 0.9234 0.9328
356.2500 21.9531 0.9234 0.9328
356.2500 28.9844 0.9203 0.9328
356.2500 28.9844 0.9234 0.9516
693.7500 21.9531 0.9203 0.9516
556.2500 51.4844 0.9734 0.9828
493.7500 51.4844 0.9734 0.9828
556.2500 44.4531 0.9734 0.9828
556.2500 51.4844 0.9703 0.9828
556.2500 51.4844 0.9734 0.9016
493.7500 44.4531 0.9703 0.9016
656.2500 17.7344 0.9484 0.9078
393.7500 17.7344 0.9484 0.9078
656.2500 33.2031 0.9484 0.9078
656.2500 17.7344 0.9453 0.9078
656.2500 17.7344 0.9484 0.9266
393.7500 33.2031 0.9453 0.9266
456.2500 40.2344 0.9984 0.9578
593.7500 40.2344 0.9984 0.9578
456.2500 10.7031 0.9984 0.9578
456.2500 40.2344 0.9953 0.9578
456.2500 40.2344 0.9984 0.9766
593.7500 10.7031 0.9953 0.9766
406.2500 12.1094 0.9609 0.9703
543.7500 12.1094 0.9609 0.9703
406.2500 27.5781 0.9609 0.9703
406.2500 12.1094 0.9328 0.9703
406.2500 12.1094 0.9609 0.9391
543.7500 27.5781 0.9328 0.9391
606.2500 34.6094 0.9109 0.9203
343.7500 34.6094 0.9109 0.9203
606.2500 50.0781 0.9109 0.9203
606.2500 34.6094 0.9828 0.9203
606.2500 34.6094 0.9109 0.9891
343.7500 50.0781 0.9828 0.9891
506.2500 23.3594 0.9859 0.9953
443.7500 23.3594 0.9859 0.9953
506.2500 38.8281 0.9859 0.9953
506.2500 23.3594 0.9078 0.9953
506.2500 23.3594 0.9859 0.9641
443.7500 38.8281 0.9078 0.9641
306.2500 45.8594 0.9359 0.9453
643.7500 45.8594 0.9359 0.9453
306.2500 16.3281 0.9359 0.9453
306.2500 45.8594 0.9578 0.9453
306.2500 45.8594 0.9359 0.9141
643.7500 16.3281 0.9578 0.9141
309.3750 27.9297 0.9820 0.9836
559.3750 27.9297 0.9820 0.9836
309.3750 30.0391 0.9820 0.9836
309.3750 27.9297 0.9664 0.9836
309.3750 27.9297 0.9820 0.9211
559.3750 30.0391 0.9664 0.9211
509.3750 50.4297 0.9320 0.9336
359.3750 50.4297 0.9320 0.9336
509.3750 52.5391 0.9320 0.9336
509.3750 50.4297 0.9164 0.9336
509.3750 50.4297 0.9320 0.9711
359.3750 52.5391 0.9164 0.9711
609.3750 16.6797 0.9570 0.9586
459.3750 16.6797 0.9570 0.9586
609.3750 41.2891 0.9570 0.9586
609.3750 16.6797 0.9914 0.9586
609.3750 16.6797 0.9570 0.9961
459.3750 41.2891 0.9914 0.9961
409.3750 39.1797 0.9070 0.9086
659.3750 39.1797 0.9070 0.9086
409.3750 18.7891 0.9070 0.9086
409.3750 39.1797 0.9414 0.9086
409.3750 39.1797 0.9070 0.9461
659.3750 18.7891 0.9414 0.9461
459.3750 11.0547 0.9445 0.9211
609.3750 11.0547 0.9445 0.9211
459.3750 24.4141 0.9445 0.9211
459.3750 11.0547 0.9789 0.9211
459.3750 11.0547 0.9445 0.9836
609.3750 24.4141 0.9789 0.9836
659.3750 33.5547 0.9945 0.9711
409.3750 33.5547 0.9945 0.9711
659.3750 46.9141 0.9945 0.9711
659.3750 33.5547 0.9289 0.9711
659.3750 33.5547 0.9945 0.9336
409.3750 46.9141 0.9289 0.9336
559.3750 22.3047 0.9195 0.9461
309.3750 22.3047 0.9195 0.9461
559.3750 35.6641 0.9195 0.9461
559.3750 22.3047 0.9539 0.9461
559.3750 22.3047 0.9195 0.9086
309.3750 35.6641 0.9539 0.9086
359.3750 44.8047 0.9695 0.9961
509.3750 44.8047 0.9695 0.9961
359.3750 13.1641 0.9695 0.9961
359.3750 44.8047 0.9039 0.9961
359.3750 44.8047 0.9695 0.9586
509.3750 13.1641 0.9039 0.9586
384.3750 19.4922 0.9133 0.9648
384.3750 19.4922 0.9133 0.9648
384.3750 15.9766 0.9133 0.9648
384.3750 19.4922 0.9852 0.9648
384.3750 19.4922 0.9133 0.9773
384.3750 15.9766 0.9852 0.9773
584.3750 41.9922 0.9633 0.9148
584.3750 41.9922 0.9633 0.9148
584.3750 38.4766 0.9633 0.9148
584.3750 41.9922 0.9352 0.9148
584.3750 41.9922 0.9633 0.9273
584.3750 38.4766 0.9352 0.9273
684.3750 30.7422 0.9383 0.9898
684.3750 30.7422 0.9383 0.9898
684.3750 49.7266 0.9383 0.9898
684.3750 30.7422 0.9602 0.9898
684.3750 30.7422 0.9383 0.9023
684.3750 49.7266 0.9602 0.9023
484.3750 53.2422 0.9883 0.9398
484.3750 53.2422 0.9883 0.9398
484.3750 27.2266 0.9883 0.9398
484.3750 53.2422 0.9102 0.9398
484.3750 53.2422 0.9883 0.9523
484.3750 27.2266 0.9102 0.9523
434.3750 25.1172 0.9508 0.9273
434.3750 25.1172 0.9508 0.9273
434.3750 10.3516 0.9508 0.9273
434.3750 25.1172 0.9727 0.9273
434.3750 25.1172 0.9508 0.9148
434.3750 10.3516 0.9727 0.9148
634.3750 47.6172 0.9008 0.9773
634.3750 47.6172 0.9008 0.9773
634.3750 32.8516 0.9008 0.9773
634.3750 47.6172 0.9227 0.9773
634.3750 47.6172 0.9008 0.9648
634.3750 32.8516 0.9227 0.9648
534.3750 13.8672 0.9758 0.9023
534.3750 13.8672 0.9758 0.9023
534.3750 44.1016 0.9758 0.9023
534.3750 13.8672 0.9977 0.9023
534.3750 13.8672 0.9758 0.9898
534.3750 44.1016 0.9977 0.9898
334.3750 36.3672 0.9258 0.9523
334.3750 36.3672 0.9258 0.9523
334.3750 21.6016 0.9258 0.9523
334.3750 36.3672 0.9477 0.9523
334.3750 36.3672 0.9258 0.9398
334.3750 21.6016 0.9477 0.9398
346.8750 15.2734 0.9664 0.9492
671.8750 15.2734 0.9664 0.9492
346.8750 34.2578 0.9664 0.9492
346.8750 15.2734 0.9133 0.9492
346.8750 15.2734 0.9664 0.9930
671.8750 34.2578 0.9133 0.9930
546.8750 37.7734 0.9164 0.9992
471.8750 37.7734 0.9164 0.9992
546.8750 11.7578 0.9164 0.9992
546.8750 37.7734 0.9633 0.9992
546.8750 37.7734 0.9164 0.9430
471.8750 11.7578 0.9633 0.9430
646.8750 26.5234 0.9914 0.9242
371.8750 26.5234 0.9914 0.9242
646.8750 23.0078 0.9914 0.9242
646.8750 26.5234 0.9383 0.9242
646.8750 26.5234 0.9914 0.9180
371.8750 23.0078 0.9383 0.9180
446.8750 49.0234 0.9414 0.9742
571.8750 49.0234 0.9414 0.9742
446.8750 45.5078 0.9414 0.9742
446.8750 49.0234 0.9883 0.9742
446.8750 49.0234 0.9414 0.9680
571.8750 45.5078 0.9883 0.9680
496.8750 32.1484 0.9039 0.9617
521.8750 32.1484 0.9039 0.9617
496.8750 39.8828 0.9039 0.9617
496.8750 32.1484 0.9258 0.9617
496.8750 32.1484 0.9039 0.9055
521.8750 39.8828 0.9258 0.9055
696.8750 54.6484 0.9539 0.9117
321.8750 54.6484 0.9539 0.9117
696.8750 17.3828 0.9539 0.9117
696.8750 54.6484 0.9758 0.9117
696.8750 54.6484 0.9539 0.9555
321.8750 17.3828 0.9758 0.9555
596.8750 20.8984 0.9289 0.9867
421.8750 20.8984 0.9289 0.9867
596.8750 28.6328 0.9289 0.9867
596.8750 20.8984 0.9008 0.9867
596.8750 20.8984 0.9289 0.9805
421.8750 28.6328 0.9008 0.9805
396.8750 43.3984 0.9789 0.9367
621.8750 43.3984 0.9789 0.9367
396.8750 51.1328 0.9789 0.9367
396.8750 43.3984 0.9508 0.9367
396.8750 43.3984 0.9789 0.9305
621.8750 51.1328 0.9508 0.9305
371.8750 23.7109 0.9352 0.9055
496.8750 23.7109 0.9352 0.9055
371.8750 48.3203 0.9352 0.9055
371.8750 23.7109 0.9320 0.9055
371.8750 23.7109 0.9352 0.9117
496.8750 48.3203 0.9320 0.9117
571.8750 46.2109 0.9852 0.9555
696.8750 46.2109 0.9852 0.9555
571.8750 25.8203 0.9852 0.9555
571.8750 46.2109 0.9820 0.9555
571.8750 46.2109 0.9852 0.9617
696.8750 25.8203 0.9820 0.9617
671.8750 12.4609 0.9102 0.9305
596.8750 12.4609 0.9102 0.9305
671.8750 14.5703 0.9102 0.9305
671.8750 12.4609 0.9070 0.9305
671.8750 12.4609 0.9102 0.9867
596.8750 14.5703 0.9070 0.9867
471.8750 34.9609 0.9602 0.9805
396.8750 34.9609 0.9602 0.9805
471.8750 37.0703 0.9602 0.9805
471.8750 34.9609 0.9570 0.9805
471.8750 34.9609 0.9602 0.9367
396.8750 37.0703 0.9570 0.9367
421.8750 18.0859 0.9977 0.9930
346.8750 18.0859 0.9977 0.9930
421.8750 53.9453 0.9977 0.9930
421.8750 18.0859 0.9195 0.9930
421.8750 18.0859 0.9977 0.9992
346.8750 53.9453 0.9195 0.9992
621.8750 40.5859 0.9477 0.9430
546.8750 40.5859 0.9477 0.9430
621.8750 31.4453 0.9477 0.9430
621.8750 40.5859 0.9695 0.9430
621.8750 40.5859 0.9477 0.9492
546.8750 31.4453 0.9695 0.9492
521.8750 29.3359 0.9727 0.9680
646.8750 29.3359 0.9727 0.9680
521.8750 20.1953 0.9727 0.9680
521.8750 29.3359 0.9445 0.9680
521.8750 29.3359 0.9727 0.9242
646.8750 20.1953 0.9445 0.9242
321.8750 51.8359 0.9227 0.9180
446.8750 51.8359 0.9227 0.9180
321.8750 42.6953 0.9227 0.9180
321.8750 51.8359 0.9945 0.9180
321.8750 51.8359 0.9227 0.9742
446.8750 42.6953 0.9945 0.9742
315.6250 15.9766 0.9398 0.9352
503.1250 15.9766 0.9398 0.9352
315.6250 37.7734 0.9398 0.9352
315.6250 15.9766 0.9398 0.9352
315.6250 15.9766 0.9398 0.9602
503.1250 37.7734 0.9398 0.9602
515.6250 38.4766 0.9898 0.9852
303.1250 38.4766 0.9898 0.9852
515.6250 15.2734 0.9898 0.9852
515.6250 38.4766 0.9898 0.9852
515.6250 38.4766 0.9898 0.9102
303.1250 15.2734 0.9898 0.9102
615.6250 27.2266 0.9148 0.9102
403.1250 27.2266 0.9148 0.9102
615.6250 26.5234 0.9148 0.9102
615.6250 27.2266 0.9148 0.9102
615.6250 27.2266 0.9148 0.9352
403.1250 26.5234 0.9148 0.9352
415.6250 49.7266 0.9648 0.9602
603.1250 49.7266 0.9648 0.9602
415.6250 49.0234 0.9648 0.9602
415.6250 49.7266 0.9648 0.9602
415.6250 49.7266 0.9648 0.9852
603.1250 49.0234 0.9648 0.9852
465.6250 21.6016 0.9773 0.9727
653.1250 21.6016 0.9773 0.9727
465.6250 43.3984 0.9773 0.9727
465.6250 21.6016 0.9023 0.9727
465.6250 21.6016 0.9773 0.9477
653.1250 43.3984 0.9023 0.9477
665.6250 44.1016 0.9273 0.9227
453.1250 44.1016 0.9273 0.9227
665.6250 20.8984 0.9273 0.9227
665.6250 44.1016 0.9523 0.9227
665.6250 44.1016 0.9273 0.9977
453.1250 20.8984 0.9523 0.9977
565.6250 10.3516 0.9523 0.9977
353.1250 10.3516 0.9523 0.9977
565.6250 32.1484 0.9523 0.9977
565.6250 10.3516 0.9273 0.9977
565.6250 10.3516 0.9523 0.9727
353.1250 32.1484 0.9273 0.9727
365.6250 32.8516 0.9023 0.9477
553.1250 32.8516 0.9023 0.9477
365.6250 54.6484 0.9023 0.9477
365.6250 32.8516 0.9773 0.9477
365.6250 32.8516 0.9023 0.9227
553.1250 54.6484 0.9773 0.9227
390.6250 30.0391 0.9586 0.9164
328.1250 30.0391 0.9586 0.9164
390.6250 46.2109 0.9586 0.9164
390.6250 30.0391 0.9086 0.9164
390.6250 30.0391 0.9586 0.9414
328.1250 46.2109 0.9086 0.9414
590.6250 52.5391 0.9086 0.9664
528.1250 52.5391 0.9086 0.9664
590.6250 23.7109 0.9086 0.9664
590.6250 52.5391 0.9586 0.9664
590.6250 52.5391 0.9086 0.9914
528.1250 23.7109 0.9586 0.9914
690.6250 18.7891 0.9836 0.9414
628.1250 18.7891 0.9836 0.9414
690.6250 12.4609 0.9836 0.9414
690.6250 18.7891 0.9336 0.9414
690.6250 18.7891 0.9836 0.9664
628.1250 12.4609 0.9336 0.9664
490.6250 41.2891 0.9336 0.9914
428.1250 41.2891 0.9336 0.9914
490.6250 34.9609 0.9336 0.9914
490.6250 41.2891 0.9836 0.9914
490.6250 41.2891 0.9336 0.9164
428.1250 34.9609 0.9836 0.9164
440.6250 13.1641 0.9211 0.9789
478.1250 13.1641 0.9211 0.9789
440.6250 51.8359 0.9211 0.9789
440.6250 13.1641 0.9461 0.9789
440.6250 13.1641 0.9211 0.9539
478.1250 51.8359 0.9461 0.9539
640.6250 35.6641 0.9711 0.9289
678.1250 35.6641 0.9711 0.9289
640.6250 29.3359 0.9711 0.9289
640.6250 35.6641 0.9961 0.9289
640.6250 35.6641 0.9711 0.9039
678.1250 29.3359 0.9961 0.9039
540.6250 24.4141 0.9461 0.9539
578.1250 24.4141 0.9461 0.9539
540.6250 18.0859 0.9461 0.9539
540.6250 24.4141 0.9211 0.9539
540.6250 24.4141 0.9461 0.9289
578.1250 18.0859 0.9211 0.9289
340.6250 46.9141 0.9961 0.9039
378.1250 46.9141 0.9961 0.9039
340.6250 40.5859 0.9961 0.9039
340.6250 46.9141 0.9711 0.9039
340.6250 46.9141 0.9961 0.9789
378.1250 40.5859 0.9711 0.9789
328.1250 25.8203 0.9117 0.9945
615.6250 25.8203 0.9117 0.9945
328.1250 27.9297 0.9117 0.9945
328.1250 25.8203 0.9930 0.9945
328.1250 25.8203 0.9117 0.9258
615.6250 27.9297 0.9930 0.9258
528.1250 48.3203 0.9617 0.9445
415.6250 48.3203 0.9617 0.9445
528.1250 50.4297 0.9617 0.9445
528.1250 48.3203 0.9430 0.9445
528.1250 48.3203 0.9617 0.9758
415.6250 50.4297 0.9430 0.9758
628.1250 14.5703 0.9367 0.9695
315.6250 14.5703 0.9367 0.9695
628.1250 39.1797 0.9367 0.9695
628.1250 14.5703 0.9680 0.9695
628.1250 14.5703 0.9367 0.9508
315.6250 39.1797 0.9680 0.9508
428.1250 37.0703 0.9867 0.9195
515.6250 37.0703 0.9867 0.9195
428.1250 16.6797 0.9867 0.9195
428.1250 37.0703 0.9180 0.9195
428.1250 37.0703 0.9867 0.9008
515.6250 16.6797 0.9180 0.9008
478.1250 20.1953 0.9742 0.9070
565.6250 20.1953 0.9742 0.9070
478.1250 22.3047 0.9742 0.9070
478.1250 20.1953 0.9555 0.9070
478.1250 20.1953 0.9742 0.9633
565.6250 22.3047 0.9555 0.9633
678.1250 42.6953 0.9242 0.9570
365.6250 42.6953 0.9242 0.9570
678.1250 44.8047 0.9242 0.9570
678.1250 42.6953 0.9055 0.9570
678.1250 42.6953 0.9242 0.9133
365.6250 44.8047 0.9055 0.9133
578.1250 31.4453 0.9992 0.9320
465.6250 31.4453 0.9992 0.9320
578.1250 33.5547 0.9992 0.9320
578.1250 31.4453 0.9805 0.9320
578.1250 31.4453 0.9992 0.9383
465.6250 33.5547 0.9805 0.9383
378.1250 53.9453 0.9492 0.9820
665.6250 53.9453 0.9492 0.9820
378.1250 11.0547 0.9492 0.9820
378.1250 53.9453 0.9305 0.9820
378.1250 53.9453 0.9492 0.9883
665.6250 11.0547 0.9305 0.9883
353.1250 11.7578 0.9930 0.9508
440.6250 11.7578 0.9930 0.9508
353.1250 19.4922 0.9930 0.9508
353.1250 11.7578 0.9617 0.9508
353.1250 11.7578 0.9930 0.9695
440.6250 19.4922 0.9617 0.9695
553.1250 34.2578 0.9430 0.9008
640.6250 34.2578 0.9430 0.9008
553.1250 41.9922 0.9430 0.9008
553.1250 34.2578 0.9117 0.9008
553.1250 34.2578 0.9430 0.9195
640.6250 41.9922 0.9117 0.9195
653.1250 23.0078 0.9680 0.9758
540.6250 23.0078 0.9680 0.9758
653.1250 53.2422 0.9680 0.9758
653.1250 23.0078 0.9867 0.9758
653.1250 23.0078 0.9680 0.9445
540.6250 53.2422 0.9867 0.9445
453.1250 45.5078 0.9180 0.9258
340.6250 45.5078 0.9180 0.9258
453.1250 30.7422 0.9180 0.9258
453.1250 45.5078 0.9367 0.9258
453.1250 45.5078 0.9180 0.9945
340.6250 30.7422 0.9367 0.9945
403.1250 28.6328 0.9305 0.9383
390.6250 28.6328 0.9305 0.9383
403.1250 13.8672 0.9305 0.9383
403.1250 28.6328 0.9992 0.9383
403.1250 28.6328 0.9305 0.9320
390.6250 13.8672 0.9992 0.9320
603.1250 51.1328 0.9805 0.9883
590.6250 51.1328 0.9805 0.9883
603.1250 36.3672 0.9805 0.9883
603.1250 51.1328 0.9492 0.9883
603.1250 51.1328 0.9805 0.9820
590.6250 36.3672 0.9492 0.9820
503.1250 17.3828 0.9055 0.9133
690.6250 17.3828 0.9055 0.9133
503.1250 47.6172 0.9055 0.9133
503.1250 17.3828 0.9742 0.9133
503.1250 17.3828 0.9055 0.9570
690.6250 47.6172 0.9742 0.9570
303.1250 39.8828 0.9555 0.9633
490.6250 39.8828 0.9555 0.9633
303.1250 25.1172 0.9555 0.9633
303.1250 39.8828 0.9242 0.9633
303.1250 39.8828 0.9555 0.9070
490.6250 25.1172 0.9242 0.9070
304.6875 24.9414 0.9293 0.9191
660.9375 24.9414 0.9293 0.9191
304.6875 40.4102 0.9293 0.9191
304.6875 24.9414 0.9863 0.9191
304.6875 24.9414 0.9293 0.9246
660.9375 40.4102 0.9863 0.9246
504.6875 47.4414 0.9793 0.9691
460.9375 47.4414 0.9793 0.9691
504.6875 17.9102 0.9793 0.9691
504.6875 47.4414 0.9363 0.9691
504.6875 47.4414 0.9793 0.9746
460.9375 17.9102 0.9363 0.9746
604.6875 13.6914 0.9043 0.9441
360.9375 13.6914 0.9043 0.9441
604.6875 29.1602 0.9043 0.9441
604.6875 13.6914 0.9613 0.9441
604.6875 13.6914 0.9043 0.9996
360.9375 29.1602 0.9613 0.9996
404.6875 36.1914 0.9543 0.9941
560.9375 36.1914 0.9543 0.9941
404.6875 51.6602 0.9543 0.9941
404.6875 36.1914 0.9113 0.9941
404.6875 36.1914 0.9543 0.9496
560.9375 51.6602 0.9113 0.9496
454.6875 19.3164 0.9918 0.9816
510.9375 19.3164 0.9918 0.9816
454.6875 34.7852 0.9918 0.9816
454.6875 19.3164 0.9738 0.9816
454.6875 19.3164 0.9918 0.9871
510.9375 34.7852 0.9738 0.9871
654.6875 41.8164 0.9418 0.9316
310.9375 41.8164 0.9418 0.9316
654.6875 12.2852 0.9418 0.9316
654.6875 41.8164 0.9238 0.9316
654.6875 41.8164 0.9418 0.9371
310.9375 12.2852 0.9238 0.9371
554.6875 30.5664 0.9668 0.9566
410.9375 30.5664 0.9668 0.9566
554.6875 23.5352 0.9668 0.9566
554.6875 30.5664 0.9988 0.9566
554.6875 30.5664 0.9668 0.9121
410.9375 23.5352 0.9988 0.9121
354.6875 53.0664 0.9168 0.9066
610.9375 53.0664 0.9168 0.9066
354.6875 46.0352 0.9168 0.9066
354.6875 53.0664 0.9488 0.9066
354.6875 53.0664 0.9168 0.9621
610.9375 46.0352 0.9488 0.9621
379.6875 10.8789 0.9730 0.9254
485.9375 10.8789 0.9730 0.9254
379.6875 54.4727 0.9730 0.9254
379.6875 10.8789 0.9676 0.9254
379.6875 10.8789 0.9730 0.9809
485.9375 54.4727 0.9676 0.9809
579.6875 33.3789 0.9230 0.9754
685.9375 33.3789 0.9230 0.9754
579.6875 31.9727 0.9230 0.9754
579.6875 33.3789 0.9176 0.9754
579.6875 33.3789 0.9230 0.9309
685.9375 31.9727 0.9176 0.9309
679.6875 22.1289 0.9980 0.9004
585.9375 22.1289 0.9980 0.9004
679.6875 20.7227 0.9980 0.9004
679.6875 22.1289 0.9926 0.9004
679.6875 22.1289 0.9980 0.9059
585.9375 20.7227 0.9926 0.9059
479.6875 44.6289 0.9480 0.9504
385.9375 44.6289 0.9480 0.9504
479.6875 43.2227 0.9480 0.9504
479.6875 44.6289 0.9426 0.9504
479.6875 44.6289 0.9480 0.9559
385.9375 43.2227 0.9426 0.9559
429.6875 27.7539 0.9105 0.9629
335.9375 27.7539 0.9105 0.9629
429.6875 48.8477 0.9105 0.9629
429.6875 27.7539 0.9801 0.9629
429.6875 27.7539 0.9105 0.9184
335.9375 48.8477 0.9801 0.9184
629.6875 50.2539 0.9605 0.9129
535.9375 50.2539 0.9605 0.9129
629.6875 26.3477 0.9605 0.9129
629.6875 50.2539 0.9301 0.9129
629.6875 50.2539 0.9605 0.9684
535.9375 26.3477 0.9301 0.9684
529.6875 16.5039 0.9355 0.9879
635.9375 16.5039 0.9355 0.9879
529.6875 15.0977 0.9355 0.9879
529.6875 16.5039 0.9551 0.9879
529.6875 16.5039 0.9355 0.9934
635.9375 15.0977 0.9551 0.9934
329.6875 39.0039 0.9855 0.9379
435.9375 39.0039 0.9855 0.9379
329.6875 37.5977 0.9855 0.9379
329.6875 39.0039 0.9051 0.9379
329.6875 39.0039 0.9855 0.9434
435.9375 37.5977 0.9051 0.9434
342.1875 17.9102 0.9199 0.9598
573.4375 17.9102 0.9199 0.9598
342.1875 24.9414 0.9199 0.9598
342.1875 17.9102 0.9332 0.9598
342.1875 17.9102 0.9199 0.9902
573.4375 24.9414 0.9332 0.9902
542.1875 40.4102 0.9699 0.9098
373.4375 40.4102 0.9699 0.9098
542.1875 47.4414 0.9699 0.9098
542.1875 40.4102 0.9832 0.9098
542.1875 40.4102 0.9699 0.9402
373.4375 47.4414 0.9832 0.9402
642.1875 29.1602 0.9449 0.9848
473.4375 29.1602 0.9449 0.9848
642.1875 36.1914 0.9449 0.9848
642.1875 29.1602 0.9082 0.9848
642.1875 29.1602 0.9449 0.9152
473.4375 36.1914 0.9082 0.9152
442.1875 51.6602 0.9949 0.9348
673.4375 51.6602 0.9949 0.9348
442.1875 13.6914 0.9949 0.9348
442.1875 51.6602 0.9582 0.9348
442.1875 51.6602 0.9949 0.9652
673.4375 13.6914 0.9582 0.9652
492.1875 23.5352 0.9574 0.9473
623.4375 23.5352 0.9574 0.9473
492.1875 30.5664 0.9574 0.9473
492.1875 23.5352 0.9207 0.9473
492.1875 23.5352 0.9574 0.9027
623.4375 30.5664 0.9207 0.9027
692.1875 46.0352 0.9074 0.9973
423.4375 46.0352 0.9074 0.9973
692.1875 53.0664 0.9074 0.9973
692.1875 46.0352 0.9707 0.9973
692.1875 46.0352 0.9074 0.9527
423.4375 53.0664 0.9707 0.9527
592.1875 12.2852 0.9824 0.9223
323.4375 12.2852 0.9824 0.9223
592.1875 41.8164 0.9824 0.9223
592.1875 12.2852 0.9457 0.9223
592.1875 12.2852 0.9824 0.9777
323.4375 41.8164 0.9457 0.9777
392.1875 34.7852 0.9324 0.9723
523.4375 34.7852 0.9324 0.9723
392.1875 19.3164 0.9324 0.9723
392.1875 34.7852 0.9957 0.9723
392.1875 34.7852 0.9324 0.9277
523.4375 19.3164 0.9957 0.9277
367.1875 31.9727 0.9762 0.9910
398.4375 31.9727 0.9762 0.9910
367.1875 10.8789 0.9762 0.9910
367.1875 31.9727 0.9145 0.9910
367.1875 31.9727 0.9762 0.9090
398.4375 10.8789 0.9145 0.9090
567.1875 54.4727 0.9262 0.9410
598.4375 54.4727 0.9262 0.9410
567.1875 33.3789 0.9262 0.9410
567.1875 54.4727 0.9645 0.9410
567.1875 54.4727 0.9262 0.9590
598.4375 33.3789 0.9645 0.9590
667.1875 20.7227 0.9512 0.9660
698.4375 20.7227 0.9512 0.9660
667.1875 44.6289 0.9512 0.9660
667.1875 20.7227 0.9395 0.9660
667.1875 20.7227 0.9512 0.9840
698.4375 44.6289 0.9395 0.9840
467.1875 43.2227 0.9012 0.9160
498.4375 43.2227 0.9012 0.9160
467.1875 22.1289 0.9012 0.9160
467.1875 43.2227 0.9895 0.9160
467.1875 43.2227 0.9012 0.9340
498.4375 22.1289 0.9895 0.9340
417.1875 15.0977 0.9387 0.9035
448.4375 15.0977 0.9387 0.9035
417.1875 16.5039 0.9387 0.9035
417.1875 15.0977 0.9270 0.9035
417.1875 15.0977 0.9387 0.9965
448.4375 16.5039 0.9270 0.9965
617.1875 37.5977 0.9887 0.9535
648.4375 37.5977 0.9887 0.9535
617.1875 39.0039 0.9887 0.9535
617.1875 37.5977 0.9770 0.9535
617.1875 37.5977 0.9887 0.9465
648.4375 39.0039 0.9770 0.9465
517.1875 26.3477 0.9137 0.9285
548.4375 26.3477 0.9137 0.9285
517.1875 50.2539 0.9137 0.9285
517.1875 26.3477 0.9020 0.9285
517.1875 26.3477 0.9137 0.9215
548.4375 50.2539 0.9020 0.9215
317.1875 48.8477 0.9637 0.9785
348.4375 48.8477 0.9637 0.9785
317.1875 27.7539 0.9637 0.9785
317.1875 48.8477 0.9520 0.9785
317.1875 48.8477 0.9637 0.9715
348.4375 27.7539 0.9520 0.9715
323.4375 12.9883 0.9996 0.9738
604.6875 12.9883 0.9996 0.9738
323.4375 21.4258 0.9996 0.9738
323.4375 12.9883 0.9066 0.9738
323.4375 12.9883 0.9996 0.9574
604.6875 21.4258 0.9066 0.9574
523.4375 35.4883 0.9496 0.9238
404.6875 35.4883 0.9496 0.9238
523.4375 43.9258 0.9496 0.9238
523.4375 35.4883 0.9566 0.9238
523.4375 35.4883 0.9496 0.9074
404.6875 43.9258 0.9566 0.9074
623.4375 24.2383 0.9746 0.9988
304.6875 24.2383 0.9746 0.9988
623.4375 32.6758 0.9746 0.9988
623.4375 24.2383 0.9316 0.9988
623.4375 24.2383 0.9746 0.9324
304.6875 32.6758 0.9316 0.9324
423.4375 46.7383 0.9246 0.9488
504.6875 46.7383 0.9246 0.9488
423.4375 10.1758 0.9246 0.9488
423.4375 46.7383 0.9816 0.9488
423.4375 46.7383 0.9246 0.9824
504.6875 10.1758 0.9816 0.9824
473.4375 29.8633 0.9371 0.9363
554.6875 29.8633 0.9371 0.9363
473.4375 27.0508 0.9371 0.9363
473.4375 29.8633 0.9441 0.9363
473.4375 29.8633 0.9371 0.9449
554.6875 27.0508 0.9441 0.9449
673.4375 52.3633 0.9871 0.9863
354.6875 52.3633 0.9871 0.9863
673.4375 49.5508 0.9871 0.9863
673.4375 52.3633 0.9941 0.9863
673.4375 52.3633 0.9871 0.9949
354.6875 49.5508 0.9941 0.9949
573.4375 18.6133 0.9121 0.9113
454.6875 18.6133 0.9121 0.9113
573.4375 38.3008 0.9121 0.9113
573.4375 18.6133 0.9191 0.9113
573.4375 18.6133 0.9121 0.9699
454.6875 38.3008 0.9191 0.9699
373.4375 41.1133 0.9621 0.9613
654.6875 41.1133 0.9621 0.9613
373.4375 15.8008 0.9621 0.9613
373.4375 41.1133 0.9691 0.9613
373.4375 41.1133 0.9621 0.9199
654.6875 15.8008 0.9691 0.9199
398.4375 21.4258 0.9059 0.9801
429.6875 21.4258 0.9059 0.9801
398.4375 12.9883 0.9059 0.9801
398.4375 21.4258 0.9379 0.9801
398.4375 21.4258 0.9059 0.9387
429.6875 12.9883 0.9379 0.9387
598.4375 43.9258 0.9559 0.9301
629.6875 43.9258 0.9559 0.9301
598.4375 35.4883 0.9559 0.9301
598.4375 43.9258 0.9879 0.9301
598.4375 43.9258 0.9559 0.9887
629.6875 35.4883 0.9879 0.9887
698.4375 10.1758 0.9309 0.9551
529.6875 10.1758 0.9309 0.9551
698.4375 46.7383 0.9309 0.9551
698.4375 10.1758 0.9129 0.9551
698.4375 10.1758 0.9309 0.9637
529.6875 46.7383 0.9129 0.9637
498.4375 32.6758 0.9809 0.9051
329.6875 32.6758 0.9809 0.9051
498.4375 24.2383 0.9809 0.9051
498.4375 32.6758 0.9629 0.9051
498.4375 32.6758 0.9809 0.9137
329.6875 24.2383 0.9629 0.9137
448.4375 15.8008 0.9684 0.9176
379.6875 15.8008 0.9684 0.9176
448.4375 18.6133 0.9684 0.9176
448.4375 15.8008 0.9004 0.9176
448.4375 15.8008 0.9684 0.9512
379.6875 18.6133 0.9004 0.9512
648.4375 38.3008 0.9184 0.9676
579.6875 38.3008 0.9184 0.9676
648.4375 41.1133 0.9184 0.9676
648.4375 38.3008 0.9504 0.9676
648.4375 38.3008 0.9184 0.9012
579.6875 41.1133 0.9504 0.9012
548.4375 27.0508 0.9934 0.9426
679.6875 27.0508 0.9934 0.9426
548.4375 52.3633 0.9934 0.9426
548.4375 27.0508 0.9254 0.9426
548.4375 27.0508 0.9934 0.9262
679.6875 52.3633 0.9254 0.9262
348.4375 49.5508 0.9434 0.9926
479.6875 49.5508 0.9434 0.9926
348.4375 29.8633 0.9434 0.9926
348.4375 49.5508 0.9754 0.9926
348.4375 49.5508 0.9434 0.9762
479.6875 29.8633 0.9754 0.9762
335.9375 28.4570 0.9527 0.9082
517.1875 28.4570 0.9527 0.9082
335.9375 42.5195 0.9527 0.9082
335.9375 28.4570 0.9598 0.9082
335.9375 28.4570 0.9527 0.9293
517.1875 42.5195 0.9598 0.9293
535.9375 50.9570 0.9027 0.9582
317.1875 50.9570 0.9027 0.9582
535.9375 20.0195 0.9027 0.9582
535.9375 50.9570 0.9098 0.9582
535.9375 50.9570 0.9027 0.9793
317.1875 20.0195 0.9098 0.9793
635.9375 17.2070 0.9777 0.9332
417.1875 17.2070 0.9777 0.9332
635.9375 31.2695 0.9777 0.9332
635.9375 17.2070 0.9848 0.9332
635.9375 17.2070 0.9777 0.9543
417.1875 31.2695 0.9848 0.9543
435.9375 39.7070 0.9277 0.9832
617.1875 39.7070 0.9277 0.9832
435.9375 53.7695 0.9277 0.9832
435.9375 39.7070 0.9348 0.9832
435.9375 39.7070 0.9277 0.9043
617.1875 53.7695 0.9348 0.9043
485.9375 11.5820 0.9152 0.9957
667.1875 11.5820 0.9152 0.9957
485.9375 36.8945 0.9152 0.9957
485.9375 11.5820 0.9973 0.9957
485.9375 11.5820 0.9152 0.9668
667.1875 36.8945 0.9973 0.9668
685.9375 34.0820 0.9652 0.9457
467.1875 34.0820 0.9652 0.9457
685.9375 14.3945 0.9652 0.9457
685.9375 34.0820 0.9473 0.9457
685.9375 34.0820 0.9652 0.9168
467.1875 14.3945 0.9473 0.9168
585.9375 22.8320 0.9402 0.9707
367.1875 22.8320 0.9402 0.9707
585.9375 25.6445 0.9402 0.9707
585.9375 22.8320 0.9723 0.9707
585.9375 22.8320 0.9402 0.9418
367.1875 25.6445 0.9723 0.9418
385.9375 45.3320 0.9902 0.9207
567.1875 45.3320 0.9902 0.9207
385.9375 48.1445 0.9902 0.9207
385.9375 45.3320 0.9223 0.9207
385.9375 45.3320 0.9902 0.9918
567.1875 48.1445 0.9223 0.9918
360.9375 20.0195 0.9465 0.9395
342.1875 20.0195 0.9465 0.9395
360.9375 50.9570 0.9465 0.9395
360.9375 20.0195 0.9910 0.9395
360.9375 20.0195 0.9465 0.9730
342.1875 50.9570 0.9910 0.9730
560.9375 42.5195 0.9965 0.9895
542.1875 42.5195 0.9965 0.9895
560.9375 28.4570 0.9965 0.9895
560.9375 42.5195 0.9410 0.9895
560.9375 42.5195 0.9965 0.9230
542.1875 28.4570 0.9410 0.9230
660.9375 31.2695 0.9215 0.9145
642.1875 31.2695 0.9215 0.9145
660.9375 17.2070 0.9215 0.9145
660.9375 31.2695 0.9660 0.9145
660.9375 31.2695 0.9215 0.9480
642.1875 17.2070 0.9660 0.9480
460.9375 53.7695 0.9715 0.9645
442.1875 53.7695 0.9715 0.9645
460.9375 39.7070 0.9715 0.9645
460.9375 53.7695 0.9160 0.9645
460.9375 53.7695 0.9715 0.9980
442.1875 39.7070 0.9160 0.9980
410.9375 25.6445 0.9840 0.9520
492.1875 25.6445 0.9840 0.9520
410.9375 45.3320 0.9840 0.9520
410.9375 25.6445 0.9535 0.9520
410.9375 25.6445 0.9840 0.9355
492.1875 45.3320 0.9535 0.9355
610.9375 48.1445 0.9340 0.9020
692.1875 48.1445 0.9340 0.9020
610.9375 22.8320 0.9340 0.9020
610.9375 48.1445 0.9035 0.9020
610.9375 48.1445 0.9340 0.9855
692.1875 22.8320 0.9035 0.9855
510.9375 14.3945 0.9590 0.9770
592.1875 14.3945 0.9590 0.9770
510.9375 11.5820 0.9590 0.9770
510.9375 14.3945 0.9785 0.9770
510.9375 14.3945 0.9590 0.9605
592.1875 11.5820 0.9785 0.9605
310.9375 36.8945 0.9090 0.9270
392.1875 36.8945 0.9090 0.9270
310.9375 34.0820 0.9090 0.9270
310.9375 36.8945 0.9285 0.9270
310.9375 36.8945 0.9090 0.9105
392.1875 34.0820 0.9285 0.9105
307.8125 18.9648 0.9598 0.9902
401.5625 18.9648 0.9598 0.9902
307.8125 49.1992 0.9598 0.9902
307.8125 18.9648 0.9465 0.9902
307.8125 18.9648 0.9598 0.9035
401.5625 49.1992 0.9465 0.9035
507.8125 41.4648 0.9098 0.9402
601.5625 41.4648 0.9098 0.9402
507.8125 26.6992 0.9098 0.9402
507.8125 41.4648 0.9965 0.9402
507.8125 41.4648 0.9098 0.9535
601.5625 26.6992 0.9965 0.9535
607.8125 30.2148 0.9848 0.9652
501.5625 30.2148 0.9848 0.9652
607.8125 15.4492 0.9848 0.9652
607.8125 30.2148 0.9215 0.9652
607.8125 30.2148 0.9848 0.9785
501.5625 15.4492 0.9215 0.9785
407.8125 52.7148 0.9348 0.9152
301.5625 52.7148 0.9348 0.9152
407.8125 37.9492 0.9348 0.9152
407.8125 52.7148 0.9715 0.9152
407.8125 52.7148 0.9348 0.9285
301.5625 37.9492 0.9715 0.9285
457.8125 24.5898 0.9223 0.9027
351.5625 24.5898 0.9223 0.9027
457.8125 54.8242 0.9223 0.9027
457.8125 24.5898 0.9090 0.9027
457.8125 24.5898 0.9223 0.9910
351.5625 54.8242 0.9090 0.9910
657.8125 47.0898 0.9723 0.9527
551.5625 47.0898 0.9723 0.9527
657.8125 32.3242 0.9723 0.9527
657.8125 47.0898 0.9590 0.9527
657.8125 47.0898 0.9723 0.9410
551.5625 32.3242 0.9590 0.9410
557.8125 13.3398 0.9473 0.9277
651.5625 13.3398 0.9473 0.9277
557.8125 21.0742 0.9473 0.9277
557.8125 13.3398 0.9340 0.9277
557.8125 13.3398 0.9473 0.9160
651.5625 21.0742 0.9340 0.9160
357.8125 35.8398 0.9973 0.9777
451.5625 35.8398 0.9973 0.9777
357.8125 43.5742 0.9973 0.9777
357.8125 35.8398 0.9840 0.9777
357.8125 35.8398 0.9973 0.9660
451.5625 43.5742 0.9840 0.9660
382.8125 27.4023 0.9410 0.9590
626.5625 27.4023 0.9410 0.9590
382.8125 35.1367 0.9410 0.9590
382.8125 27.4023 0.9027 0.9590
382.8125 27.4023 0.9410 0.9973
626.5625 35.1367 0.9027 0.9973
582.8125 49.9023 0.9910 0.9090
426.5625 49.9023 0.9910 0.9090
582.8125 12.6367 0.9910 0.9090
582.8125 49.9023 0.9527 0.9090
582.8125 49.9023 0.9910 0.9473
426.5625 12.6367 0.9527 0.9473
682.8125 16.1523 0.9160 0.9840
326.5625 16.1523 0.9160 0.9840
682.8125 23.8867 0.9160 0.9840
682.8125 16.1523 0.9277 0.9840
682.8125 16.1523 0.9160 0.9223
326.5625 23.8867 0.9277 0.9223
482.8125 38.6523 0.9660 0.9340
526.5625 38.6523 0.9660 0.9340
482.8125 46.3867 0.9660 0.9340
482.8125 38.6523 0.9777 0.9340
482.8125 38.6523 0.9660 0.9723
526.5625 46.3867 0.9777 0.9723
432.8125 10.5273 0.9785 0.9465
576.5625 10.5273 0.9785 0.9465
432.8125 40.7617 0.9785 0.9465
432.8125 10.5273 0.9402 0.9465
432.8125 10.5273 0.9785 0.9098
576.5625 40.7617 0.9402 0.9098
632.8125 33.0273 0.9285 0.9965
376.5625 33.0273 0.9285 0.9965
632.8125 18.2617 0.9285 0.9965
632.8125 33.0273 0.9902 0.9965
632.8125 33.0273 0.9285 0.9598
376.5625 18.2617 0.9902 0.9598
532.8125 21.7773 0.9535 0.9215
476.5625 21.7773 0.9535 0.9215
532.8125 29.5117 0.9535 0.9215
532.8125 21.7773 0.9152 0.9215
532.8125 21.7773 0.9535 0.9848
476.5625 29.5117 0.9152 0.9848
332.8125 44.2773 0.9035 0.9715
676.5625 44.2773 0.9035 0.9715
332.8125 52.0117 0.9035 0.9715
332.8125 44.2773 0.9652 0.9715
332.8125 44.2773 0.9035 0.9348
676.5625 52.0117 0.9652 0.9348
345.3125 23.1836 0.9879 0.9309
314.0625 23.1836 0.9879 0.9309
345.3125 16.8555 0.9879 0.9309
345.3125 23.1836 0.9996 0.9309
345.3125 23.1836 0.9879 0.9816
314.0625 16.8555 0.9996 0.9816
545.3125 45.6836 0.9379 0.9809
514.0625 45.6836 0.9379 0.9809
545.3125 39.3555 0.9379 0.9809
545.3125 45.6836 0.9496 0.9809
545.3125 45.6836 0.9379 0.9316
514.0625 39.3555 0.9496 0.9316
645.3125 11.9336 0.9629 0.9059
614.0625 11.9336 0.9629 0.9059
645.3125 50.6055 0.9629 0.9059
645.3125 11.9336 0.9746 0.9059
645.3125 11.9336 0.9629 0.9066
614.0625 50.6055 0.9746 0.9066
445.3125 34.4336 0.9129 0.9559
414.0625 34.4336 0.9129 0.9559
445.3125 28.1055 0.9129 0.9559
445.3125 34.4336 0.9246 0.9559
445.3125 34.4336 0.9129 0.9566
414.0625 28.1055 0.9246 0.9566
495.3125 17.5586 0.9254 0.9684
464.0625 17.5586 0.9254 0.9684
495.3125 11.2305 0.9254 0.9684
495.3125 17.5586 0.9621 0.9684
495.3125 17.5586 0.9254 0.9191
464.0625 11.2305 0.9621 0.9191
695.3125 40.0586 0.9754 0.9184
664.0625 40.0586 0.9754 0.9184
695.3125 33.7305 0.9754 0.9184
695.3125 40.0586 0.9121 0.9184
695.3125 40.0586 0.9754 0.9691
664.0625 33.7305 0.9121 0.9691
595.3125 28.8086 0.9004 0.9934
564.0625 28.8086 0.9004 0.9934
595.3125 44.9805 0.9004 0.9934
595.3125 28.8086 0.9871 0.9934
595.3125 28.8086 0.9004 0.9941
564.0625 44.9805 0.9871 0.9941
395.3125 51.3086 0.9504 0.9434
364.0625 51.3086 0.9504 0.9434
395.3125 22.4805 0.9504 0.9434
395.3125 51.3086 0.9371 0.9434
395.3125 51.3086 0.9504 0.9441
364.0625 22.4805 0.9371 0.9441
370.3125 14.7461 0.9066 0.9246
539.0625 14.7461 0.9066 0.9246
370.3125 30.9180 0.9066 0.9246
370.3125 14.7461 0.9559 0.9246
370.3125 14.7461 0.9066 0.9129
539.0625 30.9180 0.9559 0.9129
570.3125 37.2461 0.9566 0.9746
339.0625 37.2461 0.9566 0.9746
570.3125 53.4180 0.9566 0.9746
570.3125 37.2461 0.9059 0.9746
570.3125 37.2461 0.9566 0.9629
339.0625 53.4180 0.9059 0.9629
670.3125 25.9961 0.9316 0.9496
439.0625 25.9961 0.9316 0.9496
670.3125 42.1680 0.9316 0.9496
670.3125 25.9961 0.9809 0.9496
670.3125 25.9961 0.9316 0.9879
439.0625 42.1680 0.9809 0.9879
470.3125 48.4961 0.9816 0.9996
639.0625 48.4961 0.9816 0.9996
470.3125 19.6680 0.9816 0.9996
470.3125 48.4961 0.9309 0.9996
470.3125 48.4961 0.9816 0.9379
639.0625 19.6680 0.9309 0.9379
420.3125 31.6211 0.9691 0.9871
689.0625 31.6211 0.9691 0.9871
420.3125 25.2930 0.9691 0.9871
420.3125 31.6211 0.9934 0.9871
420.3125 31.6211 0.9691 0.9754
689.0625 25.2930 0.9934 0.9754
620.3125 54.1211 0.9191 0.9371
489.0625 54.1211 0.9191 0.9371
620.3125 47.7930 0.9191 0.9371
620.3125 54.1211 0.9434 0.9371
620.3125 54.1211 0.9191 0.9254
489.0625 47.7930 0.9434 0.9254
520.3125 20.3711 0.9941 0.9621
389.0625 20.3711 0.9941 0.9621
520.3125 36.5430 0.9941 0.9621
520.3125 20.3711 0.9684 0.9621
520.3125 20.3711 0.9941 0.9004
389.0625 36.5430 0.9684 0.9004
320.3125 42.8711 0.9441 0.9121
589.0625 42.8711 0.9441 0.9121
320.3125 14.0430 0.9441 0.9121
320.3125 42.8711 0.9184 0.9121
320.3125 42.8711 0.9441 0.9504
589.0625 14.0430 0.9184 0.9504
314.0625 30.9180 0.9176 0.9418
457.8125 30.9180 0.9176 0.9418
314.0625 18.9648 0.9176 0.9418
314.0625 30.9180 0.9730 0.9418
314.0625 30.9180 0.9176 0.9645
457.8125 18.9648 0.9730 0.9645
514.0625 53.4180 0.9676 0.9918
657.8125 53.4180 0.9676 0.9918
514.0625 41.4648 0.9676 0.9918
514.0625 53.4180 0.9230 0.9918
514.0625 53.4180 0.9676 0.9145
657.8125 41.4648 0.9230 0.9145
614.0625 19.6680 0.9426 0.9168
557.8125 19.6680 0.9426 0.9168
614.0625 52.7148 0.9426 0.9168
614.0625 19.6680 0.9980 0.9168
614.0625 19.6680 0.9426 0.9395
557.8125 52.7148 0.9980 0.9395
414.0625 42.1680 0.9926 0.9668
357.8125 42.1680 0.9926 0.9668
414.0625 30.2148 0.9926 0.9668
414.0625 42.1680 0.9480 0.9668
414.0625 42.1680 0.9926 0.9895
357.8125 30.2148 0.9480 0.9895
464.0625 14.0430 0.9551 0.9543
307.8125 14.0430 0.9551 0.9543
464.0625 13.3398 0.9551 0.9543
464.0625 14.0430 0.9855 0.9543
464.0625 14.0430 0.9551 0.9270
307.8125 13.3398 0.9855 0.9270
664.0625 36.5430 0.9051 0.9043
507.8125 36.5430 0.9051 0.9043
664.0625 35.8398 0.9051 0.9043
664.0625 36.5430 0.9355 0.9043
664.0625 36.5430 0.9051 0.9770
507.8125 35.8398 0.9355 0.9770
564.0625 25.2930 0.9801 0.9793
607.8125 25.2930 0.9801 0.9793
564.0625 47.0898 0.9801 0.9793
564.0625 25.2930 0.9605 0.9793
564.0625 25.2930 0.9801 0.9520
607.8125 47.0898 0.9605 0.9520
364.0625 47.7930 0.9301 0.9293
407.8125 47.7930 0.9301 0.9293
364.0625 24.5898 0.9301 0.9293
364.0625 47.7930 0.9105 0.9293
364.0625 47.7930 0.9301 0.9020
407.8125 24.5898 0.9105 0.9020
389.0625 16.8555 0.9863 0.9105
682.8125 16.8555 0.9863 0.9105
389.0625 27.4023 0.9863 0.9105
389.0625 16.8555 0.9793 0.9105
389.0625 16.8555 0.9863 0.9332
682.8125 27.4023 0.9793 0.9332
589.0625 39.3555 0.9363 0.9605
482.8125 39.3555 0.9363 0.9605
589.0625 49.9023 0.9363 0.9605
589.0625 39.3555 0.9293 0.9605
589.0625 39.3555 0.9363 0.9832
482.8125 49.9023 0.9293 0.9832
689.0625 28.1055 0.9613 0.9355
382.8125 28.1055 0.9613 0.9355
689.0625 38.6523 0.9613 0.9355
689.0625 28.1055 0.9543 0.9355
689.0625 28.1055 0.9613 0.9582
382.8125 38.6523 0.9543 0.9582
489.0625 50.6055 0.9113 0.9855
582.8125 50.6055 0.9113 0.9855
489.0625 16.1523 0.9113 0.9855
489.0625 50.6055 0.9043 0.9855
489.0625 50.6055 0.9113 0.9082
582.8125 16.1523 0.9043 0.9082
439.0625 22.4805 0.9488 0.9980
532.8125 22.4805 0.9488 0.9980
439.0625 21.7773 0.9488 0.9980
439.0625 22.4805 0.9668 0.9980
439.0625 22.4805 0.9488 0.9707
532.8125 21.7773 0.9668 0.9707
639.0625 44.9805 0.9988 0.9480
332.8125 44.9805 0.9988 0.9480
639.0625 44.2773 0.9988 0.9480
639.0625 44.9805 0.9168 0.9480
639.0625 44.9805 0.9988 0.9207
332.8125 44.2773 0.9168 0.9207
539.0625 11.2305 0.9238 0.9730
432.8125 11.2305 0.9238 0.9730
539.0625 33.0273 0.9238 0.9730
539.0625 11.2305 0.9918 0.9730
539.0625 11.2305 0.9238 0.9457
432.8125 33.0273 0.9918 0.9457
339.0625 33.7305 0.9738 0.9230
632.8125 33.7305 0.9738 0.9230
339.0625 10.5273 0.9738 0.9230
339.0625 33.7305 0.9418 0.9230
339.0625 33.7305 0.9738 0.9957
632.8125 10.5273 0.9418 0.9957
326.5625 12.6367 0.9332 0.9762
370.3125 12.6367 0.9332 0.9762
326.5625 45.6836 0.9332 0.9762
326.5625 12.6367 0.9199 0.9762
326.5625 12.6367 0.9332 0.9488
370.3125 45.6836 0.9199 0.9488
526.5625 35.1367 0.9832 0.9262
570.3125 35.1367 0.9832 0.9262
526.5625 23.1836 0.9832 0.9262
526.5625 35.1367 0.9699 0.9262
526.5625 35.1367 0.9832 0.9988
570.3125 23.1836 0.9699 0.9988
626.5625 23.8867 0.9082 0.9512
670.3125 23.8867 0.9082 0.9512
626.5625 11.9336 0.9082 0.9512
626.5625 23.8867 0.9449 0.9512
626.5625 23.8867 0.9082 0.9738
670.3125 11.9336 0.9449 0.9738
426.5625 46.3867 0.9582 0.9012
470.3125 46.3867 0.9582 0.9012
426.5625 34.4336 0.9582 0.9012
426.5625 46.3867 0.9949 0.9012
426.5625 46.3867 0.9582 0.9238
470.3125 34.4336 0.9949 0.9238
476.5625 29.5117 0.9957 0.9137
420.3125 29.5117 0.9957 0.9137
476.5625 51.3086 0.9957 0.9137
476.5625 29.5117 0.9324 0.9137
476.5625 29.5117 0.9957 0.9613
420.3125 51.3086 0.9324 0.9613
676.5625 52.0117 0.9457 0.9637
620.3125 52.0117 0.9457 0.9637
676.5625 28.8086 0.9457 0.9637
676.5625 52.0117 0.9824 0.9637
676.5625 52.0117 0.9457 0.9113
620.3125 28.8086 0.9824 0.9113
576.5625 18.2617 0.9707 0.9387
520.3125 18.2617 0.9707 0.9387
576.5625 17.5586 0.9707 0.9387
576.5625 18.2617 0.9074 0.9387
576.5625 18.2617 0.9707 0.9363
520.3125 17.5586 0.9074 0.9363
376.5625 40.7617 0.9207 0.9887
320.3125 40.7617 0.9207 0.9887
376.5625 40.0586 0.9207 0.9887
376.5625 40.7617 0.9574 0.9887
376.5625 40.7617 0.9207 0.9863
320.3125 40.0586 0.9574 0.9863
351.5625 26.6992 0.9645 0.9699
595.3125 26.6992 0.9645 0.9699
351.5625 37.2461 0.9645 0.9699
351.5625 26.6992 0.9262 0.9699
351.5625 26.6992 0.9645 0.9551
595.3125 37.2461 0.9262 0.9551
551.5625 49.1992 0.9145 0.9199
395.3125 49.1992 0.9145 0.9199
551.5625 14.7461 0.9145 0.9199
551.5625 49.1992 0.9762 0.9199
551.5625 49.1992 0.9145 0.9051
395.3125 14.7461 0.9762 0.9051
651.5625 15.4492 0.9895 0.9949
495.3125 15.4492 0.9895 0.9949
651.5625 25.9961 0.9895 0.9949
651.5625 15.4492 0.9012 0.9949
651.5625 15.4492 0.9895 0.9301
495.3125 25.9961 0.9012 0.9301
451.5625 37.9492 0.9395 0.9449
695.3125 37.9492 0.9395 0.9449
451.5625 48.4961 0.9395 0.9449
451.5625 37.9492 0.9512 0.9449
451.5625 37.9492 0.9395 0.9801
695.3125 48.4961 0.9512 0.9801
401.5625 21.0742 0.9020 0.9324
645.3125 21.0742 0.9020 0.9324
401.5625 42.8711 0.9020 0.9324
401.5625 21.0742 0.9137 0.9324
401.5625 21.0742 0.9020 0.9426
645.3125 42.8711 0.9137 0.9426
601.5625 43.5742 0.9520 0.9824
445.3125 43.5742 0.9520 0.9824
601.5625 20.3711 0.9520 0.9824
601.5625 43.5742 0.9637 0.9824
601.5625 43.5742 0.9520 0.9926
445.3125 20.3711 0.9637 0.9926
501.5625 32.3242 0.9270 0.9074
345.3125 32.3242 0.9270 0.9074
501.5625 31.6211 0.9270 0.9074
501.5625 32.3242 0.9387 0.9074
501.5625 32.3242 0.9270 0.9676
345.3125 31.6211 0.9387 0.9676
301.5625 54.8242 0.9770 0.9574
545.3125 54.8242 0.9770 0.9574
301.5625 54.1211 0.9770 0.9574
301.5625 54.8242 0.9887 0.9574
301.5625 54.8242 0.9770 0.9176
545.3125 54.1211 0.9887 0.9176
302.3438 32.4121 0.9678 0.9295
611.7188 32.4121 0.9678 0.9295
302.3438 14.8340 0.9678 0.9295
302.3438 32.4121 0.9365 0.9295
302.3438 32.4121 0.9678 0.9357
611.7188 14.8340 0.9365 0.9357
502.3438 54.9121 0.9178 0.9795
411.7188 54.9121 0.9178 0.9795
502.3438 37.3340 0.9178 0.9795
502.3438 54.9121 0.9865 0.9795
502.3438 54.9121 0.9178 0.9857
411.7188 37.3340 0.9865 0.9857
602.3438 21.1621 0.9928 0.9045
311.7188 21.1621 0.9928 0.9045
602.3438 48.5840 0.9928 0.9045
602.3438 21.1621 0.9115 0.9045
602.3438 21.1621 0.9928 0.9607
311.7188 48.5840 0.9115 0.9607
402.3438 43.6621 0.9428 0.9545
511.7188 43.6621 0.9428 0.9545
402.3438 26.0840 0.9428 0.9545
402.3438 43.6621 0.9615 0.9545
402.3438 43.6621 0.9428 0.9107
511.7188 26.0840 0.9615 0.9107
452.3438 15.5371 0.9053 0.9670
561.7188 15.5371 0.9053 0.9670
452.3438 20.4590 0.9053 0.9670
452.3438 15.5371 0.9240 0.9670
452.3438 15.5371 0.9053 0.9732
561.7188 20.4590 0.9240 0.9732
652.3438 38.0371 0.9553 0.9170
361.7188 38.0371 0.9553 0.9170
652.3438 42.9590 0.9553 0.9170
652.3438 38.0371 0.9740 0.9170
652.3438 38.0371 0.9553 0.9232
361.7188 42.9590 0.9740 0.9232
552.3438 26.7871 0.9303 0.9920
461.7188 26.7871 0.9303 0.9920
552.3438 54.2090 0.9303 0.9920
552.3438 26.7871 0.9490 0.9920
552.3438 26.7871 0.9303 0.9482
461.7188 54.2090 0.9490 0.9482
352.3438 49.2871 0.9803 0.9420
661.7188 49.2871 0.9803 0.9420
352.3438 31.7090 0.9803 0.9420
352.3438 49.2871 0.9990 0.9420
352.3438 49.2871 0.9803 0.9982
661.7188 31.7090 0.9990 0.9982
377.3438 18.3496 0.9365 0.9232
436.7188 18.3496 0.9365 0.9232
377.3438 23.2715 0.9365 0.9232
377.3438 18.3496 0.9178 0.9232
377.3438 18.3496 0.9365 0.9670
436.7188 23.2715 0.9178 0.9670
577.3438 40.8496 0.9865 0.9732
636.7188 40.8496 0.9865 0.9732
577.3438 45.7715 0.9865 0.9732
577.3438 40.8496 0.9678 0.9732
577.3438 40.8496 0.9865 0.9170
636.7188 45.7715 0.9678 0.9170
677.3438 29.5996 0.9115 0.9482
536.7188 29.5996 0.9115 0.9482
677.3438 34.5215 0.9115 0.9482
677.3438 29.5996 0.9428 0.9482
677.3438 29.5996 0.9115 0.9420
536.7188 34.5215 0.9428 0.9420
477.3438 52.0996 0.9615 0.9982
336.7188 52.0996 0.9615 0.9982
477.3438 12.0215 0.9615 0.9982
477.3438 52.0996 0.9928 0.9982
477.3438 52.0996 0.9615 0.9920
336.7188 12.0215 0.9928 0.9920
427.3438 23.9746 0.9990 0.9857
386.7188 23.9746 0.9990 0.9857
427.3438 28.8965 0.9990 0.9857
427.3438 23.9746 0.9303 0.9857
427.3438 23.9746 0.9990 0.9295
386.7188 28.8965 0.9303 0.9295
627.3438 46.4746 0.9490 0.9357
586.7188 46.4746 0.9490 0.9357
627.3438 51.3965 0.9490 0.9357
627.3438 46.4746 0.9803 0.9357
627.3438 46.4746 0.9490 0.9795
586.7188 51.3965 0.9803 0.9795
527.3438 12.7246 0.9740 0.9607
686.7188 12.7246 0.9740 0.9607
527.3438 40.1465 0.9740 0.9607
527.3438 12.7246 0.9053 0.9607
527.3438 12.7246 0.9740 0.9545
686.7188 40.1465 0.9053 0.9545
327.3438 35.2246 0.9240 0.9107
486.7188 35.2246 0.9240 0.9107
327.3438 17.6465 0.9240 0.9107
327.3438 35.2246 0.9553 0.9107
327.3438 35.2246 0.9240 0.9045
486.7188 17.6465 0.9553 0.9045
339.8438 11.3184 0.9834 0.9889
524.2188 11.3184 0.9834 0.9889
339.8438 49.9902 0.9834 0.9889
339.8438 11.3184 0.9834 0.9889
339.8438 11.3184 0.9834 0.9514
524.2188 49.9902 0.9834 0.9514
539.8438 33.8184 0.9334 0.9389
324.2188 33.8184 0.9334 0.9389
539.8438 27.4902 0.9334 0.9389
539.8438 33.8184 0.9334 0.9389
539.8438 33.8184 0.9334 0.9014
324.2188 27.4902 0.9334 0.9014
639.8438 22.5684 0.9584 0.9639
424.2188 22.5684 0.9584 0.9639
639.8438 16.2402 0.9584 0.9639
639.8438 22.5684 0.9584 0.9639
639.8438 22.5684 0.9584 0.9264
424.2188 16.2402 0.9584 0.9264
439.8438 45.0684 0.9084 0.9139
624.2188 45.0684 0.9084 0.9139
439.8438 38.7402 0.9084 0.9139
439.8438 45.0684 0.9084 0.9139
439.8438 45.0684 0.9084 0.9764
624.2188 38.7402 0.9084 0.9764
489.8438 28.1934 0.9459 0.9014
674.2188 28.1934 0.9459 0.9014
489.8438 44.3652 0.9459 0.9014
489.8438 28.1934 0.9709 0.9014
489.8438 28.1934 0.9459 0.9389
674.2188 44.3652 0.9709 0.9389
689.8438 50.6934 0.9959 0.9514
474.2188 50.6934 0.9959 0.9514
689.8438 21.8652 0.9959 0.9514
689.8438 50.6934 0.9209 0.9514
689.8438 50.6934 0.9959 0.9889
474.2188 21.8652 0.9209 0.9889
589.8438 16.9434 0.9209 0.9264
374.2188 16.9434 0.9209 0.9264
589.8438 10.6152 0.9209 0.9264
589.8438 16.9434 0.9959 0.9264
589.8438 16.9434 0.9209 0.9639
374.2188 10.6152 0.9959 0.9639
389.8438 39.4434 0.9709 0.9764
574.2188 39.4434 0.9709 0.9764
389.8438 33.1152 0.9709 0.9764
389.8438 39.4434 0.9459 0.9764
389.8438 39.4434 0.9709 0.9139
574.2188 33.1152 0.9459 0.9139
364.8438 25.3809 0.9146 0.9576
349.2188 25.3809 0.9146 0.9576
364.8438 41.5527 0.9146 0.9576
364.8438 25.3809 0.9646 0.9576
364.8438 25.3809 0.9146 0.9451
349.2188 41.5527 0.9646 0.9451
564.8438 47.8809 0.9646 0.9076
549.2188 47.8809 0.9646 0.9076
564.8438 19.0527 0.9646 0.9076
564.8438 47.8809 0.9146 0.9076
564.8438 47.8809 0.9646 0.9951
549.2188 19.0527 0.9146 0.9951
664.8438 14.1309 0.9396 0.9826
649.2188 14.1309 0.9396 0.9826
664.8438 30.3027 0.9396 0.9826
664.8438 14.1309 0.9896 0.9826
664.8438 14.1309 0.9396 0.9701
649.2188 30.3027 0.9896 0.9701
464.8438 36.6309 0.9896 0.9326
449.2188 36.6309 0.9896 0.9326
464.8438 52.8027 0.9896 0.9326
464.8438 36.6309 0.9396 0.9326
464.8438 36.6309 0.9896 0.9201
449.2188 52.8027 0.9396 0.9201
414.8438 19.7559 0.9521 0.9451
499.2188 19.7559 0.9521 0.9451
414.8438 35.9277 0.9521 0.9451
414.8438 19.7559 0.9771 0.9451
414.8438 19.7559 0.9521 0.9576
499.2188 35.9277 0.9771 0.9576
614.8438 42.2559 0.9021 0.9951
699.2188 42.2559 0.9021 0.9951
614.8438 13.4277 0.9021 0.9951
614.8438 42.2559 0.9271 0.9951
614.8438 42.2559 0.9021 0.9076
699.2188 13.4277 0.9271 0.9076
514.8438 31.0059 0.9771 0.9201
599.2188 31.0059 0.9771 0.9201
514.8438 24.6777 0.9771 0.9201
514.8438 31.0059 0.9521 0.9201
514.8438 31.0059 0.9771 0.9326
599.2188 24.6777 0.9521 0.9326
314.8438 53.5059 0.9271 0.9701
399.2188 53.5059 0.9271 0.9701
314.8438 47.1777 0.9271 0.9701
314.8438 53.5059 0.9021 0.9701
314.8438 53.5059 0.9271 0.9826
399.2188 47.1777 0.9021 0.9826
321.0938 20.4590 0.9100 0.9779
655.4688 20.4590 0.9100 0.9779
321.0938 53.5059 0.9100 0.9779
321.0938 20.4590 0.9568 0.9779
321.0938 20.4590 0.9100 0.9967
655.4688 53.5059 0.9568 0.9967
521.0938 42.9590 0.9600 0.9279
455.4688 42.9590 0.9600 0.9279
521.0938 31.0059 0.9600 0.9279
521.0938 42.9590 0.9068 0.9279
521.0938 42.9590 0.9600 0.9467
455.4688 31.0059 0.9068 0.9467
621.0938 31.7090 0.9350 0.9529
355.4688 31.7090 0.9350 0.9529
621.0938 19.7559 0.9350 0.9529
621.0938 31.7090 0.9818 0.9529
621.0938 31.7090 0.9350 0.9217
355.4688 19.7559 0.9818 0.9217
421.0938 54.2090 0.9850 0.9029
555.4688 54.2090 0.9850 0.9029
421.0938 42.2559 0.9850 0.9029
421.0938 54.2090 0.9318 0.9029
421.0938 54.2090 0.9850 0.9717
555.4688 42.2559 0.9318 0.9717
471.0938 26.0840 0.9725 0.9154
505.4688 26.0840 0.9725 0.9154
471.0938 47.8809 0.9725 0.9154
471.0938 26.0840 0.9943 0.9154
471.0938 26.0840 0.9725 0.9092
505.4688 47.8809 0.9943 0.9092
671.0938 48.5840 0.9225 0.9654
305.4688 48.5840 0.9225 0.9654
671.0938 25.3809 0.9225 0.9654
671.0938 48.5840 0.9443 0.9654
671.0938 48.5840 0.9225 0.9592
305.4688 25.3809 0.9443 0.9592
571.0938 14.8340 0.9975 0.9404
405.4688 14.8340 0.9975 0.9404
571.0938 14.1309 0.9975 0.9404
571.0938 14.8340 0.9693 0.9404
571.0938 14.8340 0.9975 0.9842
405.4688 14.1309 0.9693 0.9842
371.0938 37.3340 0.9475 0.9904
605.4688 37.3340 0.9475 0.9904
371.0938 36.6309 0.9475 0.9904
371.0938 37.3340 0.9193 0.9904
371.0938 37.3340 0.9475 0.9342
605.4688 36.6309 0.9193 0.9342
396.0938 28.8965 0.9912 0.9717
480.4688 28.8965 0.9912 0.9717
396.0938 39.4434 0.9912 0.9717
396.0938 28.8965 0.9881 0.9717
396.0938 28.8965 0.9912 0.9029
480.4688 39.4434 0.9881 0.9029
596.0938 51.3965 0.9412 0.9217
680.4688 51.3965 0.9412 0.9217
596.0938 16.9434 0.9412 0.9217
596.0938 51.3965 0.9381 0.9217
596.0938 51.3965 0.9412 0.9529
680.4688 16.9434 0.9381 0.9529
696.0938 17.6465 0.9662 0.9967
580.4688 17.6465 0.9662 0.9967
696.0938 28.1934 0.9662 0.9967
696.0938 17.6465 0.9631 0.9967
696.0938 17.6465 0.9662 0.9779
580.4688 28.1934 0.9631 0.9779
496.0938 40.1465 0.9162 0.9467
380.4688 40.1465 0.9162 0.9467
496.0938 50.6934 0.9162 0.9467
496.0938 40.1465 0.9131 0.9467
496.0938 40.1465 0.9162 0.9279
380.4688 50.6934 0.9131 0.9279
446.0938 12.0215 0.9287 0.9342
330.4688 12.0215 0.9287 0.9342
446.0938 33.8184 0.9287 0.9342
446.0938 12.0215 0.9506 0.9342
446.0938 12.0215 0.9287 0.9904
330.4688 33.8184 0.9506 0.9904
646.0938 34.5215 0.9787 0.9842
530.4688 34.5215 0.9787 0.9842
646.0938 11.3184 0.9787 0.9842
646.0938 34.5215 0.9006 0.9842
646.0938 34.5215 0.9787 0.9404
530.4688 11.3184 0.9006 0.9404
546.0938 23.2715 0.9037 0.9092
630.4688 23.2715 0.9037 0.9092
546.0938 22.5684 0.9037 0.9092
546.0938 23.2715 0.9756 0.9092
546.0938 23.2715 0.9037 0.9154
630.4688 22.5684 0.9756 0.9154
346.0938 45.7715 0.9537 0.9592
430.4688 45.7715 0.9537 0.9592
346.0938 45.0684 0.9537 0.9592
346.0938 45.7715 0.9256 0.9592
346.0938 45.7715 0.9537 0.9654
430.4688 45.0684 0.9256 0.9654
333.5938 21.8652 0.9381 0.9436
567.9688 21.8652 0.9381 0.9436
333.5938 12.7246 0.9381 0.9436
333.5938 21.8652 0.9100 0.9436
333.5938 21.8652 0.9381 0.9186
567.9688 12.7246 0.9100 0.9186
533.5938 44.3652 0.9881 0.9936
367.9688 44.3652 0.9881 0.9936
533.5938 35.2246 0.9881 0.9936
533.5938 44.3652 0.9600 0.9936
533.5938 44.3652 0.9881 0.9686
367.9688 35.2246 0.9600 0.9686
633.5938 10.6152 0.9131 0.9186
467.9688 10.6152 0.9131 0.9186
633.5938 46.4746 0.9131 0.9186
633.5938 10.6152 0.9350 0.9186
633.5938 10.6152 0.9131 0.9936
467.9688 46.4746 0.9350 0.9936
433.5938 33.1152 0.9631 0.9686
667.9688 33.1152 0.9631 0.9686
433.5938 23.9746 0.9631 0.9686
433.5938 33.1152 0.9850 0.9686
433.5938 33.1152 0.9631 0.9436
667.9688 23.9746 0.9850 0.9436
483.5938 16.2402 0.9756 0.9561
617.9688 16.2402 0.9756 0.9561
483.5938 18.3496 0.9756 0.9561
483.5938 16.2402 0.9475 0.9561
483.5938 16.2402 0.9756 0.9811
617.9688 18.3496 0.9475 0.9811
683.5938 38.7402 0.9256 0.9061
417.9688 38.7402 0.9256 0.9061
683.5938 40.8496 0.9256 0.9061
683.5938 38.7402 0.9975 0.9061
683.5938 38.7402 0.9256 0.9311
417.9688 40.8496 0.9975 0.9311
583.5938 27.4902 0.9506 0.9811
317.9688 27.4902 0.9506 0.9811
583.5938 52.0996 0.9506 0.9811
583.5938 27.4902 0.9225 0.9811
583.5938 27.4902 0.9506 0.9061
317.9688 52.0996 0.9225 0.9061
383.5938 49.9902 0.9006 0.9311
517.9688 49.9902 0.9006 0.9311
383.5938 29.5996 0.9006 0.9311
383.5938 49.9902 0.9725 0.9311
383.5938 49.9902 0.9006 0.9561
517.9688 29.5996 0.9725 0.9561
358.5938 13.4277 0.9568 0.9123
392.9688 13.4277 0.9568 0.9123
358.5938 26.7871 0.9568 0.9123
358.5938 13.4277 0.9412 0.9123
358.5938 13.4277 0.9568 0.9873
392.9688 26.7871 0.9412 0.9873
558.5938 35.9277 0.9068 0.9623
592.9688 35.9277 0.9068 0.9623
558.5938 49.2871 0.9068 0.9623
558.5938 35.9277 0.9912 0.9623
558.5938 35.9277 0.9068 0.9373
592.9688 49.2871 0.9912 0.9373
658.5938 24.6777 0.9818 0.9373
692.9688 24.6777 0.9818 0.9373
658.5938 38.0371 0.9818 0.9373
658.5938 24.6777 0.9162 0.9373
658.5938 24.6777 0.9818 0.9123
692.9688 38.0371 0.9162 0.9123
458.5938 47.1777 0.9318 0.9873
492.9688 47.1777 0.9318 0.9873
458.5938 15.5371 0.9318 0.9873
458.5938 47.1777 0.9662 0.9873
458.5938 47.1777 0.9318 0.9623
492.9688 15.5371 0.9662 0.9623
408.5938 30.3027 0.9193 0.9998
442.9688 30.3027 0.9193 0.9998
408.5938 32.4121 0.9193 0.9998
408.5938 30.3027 0.9037 0.9998
408.5938 30.3027 0.9193 0.9248
442.9688 32.4121 0.9037 0.9248
608.5938 52.8027 0.9693 0.9498
642.9688 52.8027 0.9693 0.9498
608.5938 54.9121 0.9693 0.9498
608.5938 52.8027 0.9537 0.9498
608.5938 52.8027 0.9693 0.9748
642.9688 54.9121 0.9537 0.9748
508.5938 19.0527 0.9443 0.9748
542.9688 19.0527 0.9443 0.9748
508.5938 43.6621 0.9443 0.9748
508.5938 19.0527 0.9287 0.9748
508.5938 19.0527 0.9443 0.9998
542.9688 43.6621 0.9287 0.9998
308.5938 41.5527 0.9943 0.9248
342.9688 41.5527 0.9943 0.9248
308.5938 21.1621 0.9943 0.9248
308.5938 41.5527 0.9787 0.9248
308.5938 41.5527 0.9943 0.9498
342.9688 21.1621 0.9787 0.9498
311.7188 14.4824 0.9498 0.9615
452.3438 14.4824 0.9498 0.9615
311.7188 28.5449 0.9498 0.9615
311.7188 14.4824 0.9967 0.9615
311.7188 14.4824 0.9498 0.9428
452.3438 28.5449 0.9967 0.9428
511.7188 36.9824 0.9998 0.9115
652.3438 36.9824 0.9998 0.9115
511.7188 51.0449 0.9998 0.9115
511.7188 36.9824 0.9467 0.9115
511.7188 36.9824 0.9998 0.9928
652.3438 51.0449 0.9467 0.9928
611.7188 25.7324 0.9248 0.9865
552.3438 25.7324 0.9248 0.9865
611.7188 39.7949 0.9248 0.9865
611.7188 25.7324 0.9717 0.9865
611.7188 25.7324 0.9248 0.9678
552.3438 39.7949 0.9717 0.9678
411.7188 48.2324 0.9748 0.9365
352.3438 48.2324 0.9748 0.9365
411.7188 17.2949 0.9748 0.9365
411.7188 48.2324 0.9217 0.9365
411.7188 48.2324 0.9748 0.9178
352.3438 17.2949 0.9217 0.9178
461.7188 31.3574 0.9873 0.9490
302.3438 31.3574 0.9873 0.9490
461.7188 22.9199 0.9873 0.9490
461.7188 31.3574 0.9592 0.9490
461.7188 31.3574 0.9873 0.9553
302.3438 22.9199 0.9592 0.9553
661.7188 53.8574 0.9373 0.9990
502.3438 53.8574 0.9373 0.9990
661.7188 45.4199 0.9373 0.9990
661.7188 53.8574 0.9092 0.9990
661.7188 53.8574 0.9373 0.9053
502.3438 45.4199 0.9092 0.9053
561.7188 20.1074 0.9623 0.9240
602.3438 20.1074 0.9623 0.9240
561.7188 34.1699 0.9623 0.9240
561.7188 20.1074 0.9842 0.9240
561.7188 20.1074 0.9623 0.9303
602.3438 34.1699 0.9842 0.9303
361.7188 42.6074 0.9123 0.9740
402.3438 42.6074 0.9123 0.9740
361.7188 11.6699 0.9123 0.9740
361.7188 42.6074 0.9342 0.9740
361.7188 42.6074 0.9123 0.9803
402.3438 11.6699 0.9342 0.9803
386.7188 22.9199 0.9561 0.9928
677.3438 22.9199 0.9561 0.9928
386.7188 20.1074 0.9561 0.9928
386.7188 22.9199 0.9529 0.9928
386.7188 22.9199 0.9561 0.9615
677.3438 20.1074 0.9529 0.9615
586.7188 45.4199 0.9061 0.9428
477.3438 45.4199 0.9061 0.9428
586.7188 42.6074 0.9061 0.9428
586.7188 45.4199 0.9029 0.9428
586.7188 45.4199 0.9061 0.9115
477.3438 42.6074 0.9029 0.9115
686.7188 11.6699 0.9811 0.9678
377.3438 11.6699 0.9811 0.9678
686.7188 53.8574 0.9811 0.9678
686.7188 11.6699 0.9779 0.9678
686.7188 11.6699 0.9811 0.9365
377.3438 53.8574 0.9779 0.9365
486.7188 34.1699 0.9311 0.9178
577.3438 34.1699 0.9311 0.9178
486.7188 31.3574 0.9311 0.9178
486.7188 34.1699 0.9279 0.9178
486.7188 34.1699 0.9311 0.9865
577.3438 31.3574 0.9279 0.9865
436.7188 17.2949 0.9186 0.9053
527.3438 17.2949 0.9186 0.9053
436.7188 14.4824 0.9186 0.9053
436.7188 17.2949 0.9904 0.9053
436.7188 17.2949 0.9186 0.9490
527.3438 14.4824 0.9904 0.9490
636.7188 39.7949 0.9686 0.9553
327.3438 39.7949 0.9686 0.9553
636.7188 36.9824 0.9686 0.9553
636.7188 39.7949 0.9404 0.9553
636.7188 39.7949 0.9686 0.9990
327.3438 36.9824 0.9404 0.9990
536.7188 28.5449 0.9436 0.9303
427.3438 28.5449 0.9436 0.9303
536.7188 48.2324 0.9436 0.9303
536.7188 28.5449 0.9654 0.9303
536.7188 28.5449 0.9436 0.9740
427.3438 48.2324 0.9654 0.9740
336.7188 51.0449 0.9936 0.9803
627.3438 51.0449 0.9936 0.9803
336.7188 25.7324 0.9936 0.9803
336.7188 51.0449 0.9154 0.9803
336.7188 51.0449 0.9936 0.9240
627.3438 25.7324 0.9154 0.9240
349.2188 27.1387 0.9029 0.9209
364.8438 27.1387 0.9029 0.9209
349.2188 35.5762 0.9029 0.9209
349.2188 27.1387 0.9498 0.9209
349.2188 27.1387 0.9029 0.9709
364.8438 35.5762 0.9498 0.9709
549.2188 49.6387 0.9529 0.9709
564.8438 49.6387 0.9529 0.9709
549.2188 13.0762 0.9529 0.9709
549.2188 49.6387 0.9998 0.9709
549.2188 49.6387 0.9529 0.9209
564.8438 13.0762 0.9998 0.9209
649.2188 15.8887 0.9279 0.9459
664.8438 15.8887 0.9279 0.9459
649.2188 24.3262 0.9279 0.9459
649.2188 15.8887 0.9248 0.9459
649.2188 15.8887 0.9279 0.9459
664.8438 24.3262 0.9248 0.9459
449.2188 38.3887 0.9779 0.9959
464.8438 38.3887 0.9779 0.9959
449.2188 46.8262 0.9779 0.9959
449.2188 38.3887 0.9748 0.9959
449.2188 38.3887 0.9779 0.9959
464.8438 46.8262 0.9748 0.9959
499.2188 10.2637 0.9654 0.9834
414.8438 10.2637 0.9654 0.9834
499.2188 41.2012 0.9654 0.9834
499.2188 10.2637 0.9123 0.9834
499.2188 10.2637 0.9654 0.9334
414.8438 41.2012 0.9123 0.9334
699.2188 32.7637 0.9154 0.9334
614.8438 32.7637 0.9154 0.9334
699.2188 18.7012 0.9154 0.9334
699.2188 32.7637 0.9623 0.9334
699.2188 32.7637 0.9154 0.9834
614.8438 18.7012 0.9623 0.9834
599.2188 21.5137 0.9904 0.9584
514.8438 21.5137 0.9904 0.9584
599.2188 29.9512 0.9904 0.9584
599.2188 21.5137 0.9373 0.9584
599.2188 21.5137 0.9904 0.9584
514.8438 29.9512 0.9373 0.9584
399.2188 44.0137 0.9404 0.9084
314.8438 44.0137 0.9404 0.9084
399.2188 52.4512 0.9404 0.9084
399.2188 44.0137 0.9873 0.9084
399.2188 44.0137 0.9404 0.9084
314.8438 52.4512 0.9873 0.9084
374.2188 18.7012 0.9967 0.9271
589.8438 18.7012 0.9967 0.9271
374.2188 44.0137 0.9967 0.9271
374.2188 18.7012 0.9061 0.9271
374.2188 18.7012 0.9967 0.9271
589.8438 44.0137 0.9061 0.9271
574.2188 41.2012 0.9467 0.9771
389.8438 41.2012 0.9467 0.9771
574.2188 21.5137 0.9467 0.9771
574.2188 41.2012 0.9561 0.9771
574.2188 41.2012 0.9467 0.9771
389.8438 21.5137 0.9561 0.9771
674.2188 29.9512 0.9717 0.9021
489.8438 29.9512 0.9717 0.9021
674.2188 10.2637 0.9717 0.9021
674.2188 29.9512 0.9311 0.9021
674.2188 29.9512 0.9717 0.9521
489.8438 10.2637 0.9311 0.9521
474.2188 52.4512 0.9217 0.9521
689.8438 52.4512 0.9217 0.9521
474.2188 32.7637 0.9217 0.9521
474.2188 52.4512 0.9811 0.9521
474.2188 52.4512 0.9217 0.9021
689.8438 32.7637 0.9811 0.9021
424.2188 24.3262 0.9342 0.9646
639.8438 24.3262 0.9342 0.9646
424.2188 49.6387 0.9342 0.9646
424.2188 24.3262 0.9436 0.9646
424.2188 24.3262 0.9342 0.9646
639.8438 49.6387 0.9436 0.9646
624.2188 46.8262 0.9842 0.9146
439.8438 46.8262 0.9842 0.9146
624.2188 27.1387 0.9842 0.9146
624.2188 46.8262 0.9936 0.9146
624.2188 46.8262 0.9842 0.9146
439.8438 27.1387 0.9936 0.9146
524.2188 13.0762 0.9092 0.9896
339.8438 13.0762 0.9092 0.9896
524.2188 15.8887 0.9092 0.9896
524.2188 13.0762 0.9186 0.9896
524.2188 13.0762 0.9092 0.9396
339.8438 15.8887 0.9186 0.9396
324.2188 35.5762 0.9592 0.9396
539.8438 35.5762 0.9592 0.9396
324.2188 38.3887 0.9592 0.9396
324.2188 35.5762 0.9686 0.9396
324.2188 35.5762 0.9592 0.9896
539.8438 38.3887 0.9686 0.9896
317.9688 26.4355 0.9795 0.9068
408.5938 26.4355 0.9795 0.9068
317.9688 33.4668 0.9795 0.9068
317.9688 26.4355 0.9232 0.9068
317.9688 26.4355 0.9795 0.9756
408.5938 33.4668 0.9232 0.9756
517.9688 48.9355 0.9295 0.9568
608.5938 48.9355 0.9295 0.9568
517.9688 10.9668 0.9295 0.9568
517.9688 48.9355 0.9732 0.9568
517.9688 48.9355 0.9295 0.9256
608.5938 10.9668 0.9732 0.9256
617.9688 15.1855 0.9545 0.9318
508.5938 15.1855 0.9545 0.9318
617.9688 22.2168 0.9545 0.9318
617.9688 15.1855 0.9482 0.9318
617.9688 15.1855 0.9545 0.9006
508.5938 22.2168 0.9482 0.9006
417.9688 37.6855 0.9045 0.9818
308.5938 37.6855 0.9045 0.9818
417.9688 44.7168 0.9045 0.9818
417.9688 37.6855 0.9982 0.9818
417.9688 37.6855 0.9045 0.9506
308.5938 44.7168 0.9982 0.9506
467.9688 20.8105 0.9420 0.9943
358.5938 20.8105 0.9420 0.9943
467.9688 39.0918 0.9420 0.9943
467.9688 20.8105 0.9357 0.9943
467.9688 20.8105 0.9420 0.9131
358.5938 39.0918 0.9357 0.9131
667.9688 43.3105 0.9920 0.9443
558.5938 43.3105 0.9920 0.9443
667.9688 16.5918 0.9920 0.9443
667.9688 43.3105 0.9857 0.9443
667.9688 43.3105 0.9920 0.9631
558.5938 16.5918 0.9857 0.9631
567.9688 32.0605 0.9170 0.9693
658.5938 32.0605 0.9170 0.9693
567.9688 27.8418 0.9170 0.9693
567.9688 32.0605 0.9107 0.9693
567.9688 32.0605 0.9170 0.9881
658.5938 27.8418 0.9107 0.9881
367.9688 54.5605 0.9670 0.9193
458.5938 54.5605 0.9670 0.9193
367.9688 50.3418 0.9670 0.9193
367.9688 54.5605 0.9607 0.9193
367.9688 54.5605 0.9670 0.9381
458.5938 50.3418 0.9607 0.9381
392.9688 12.3730 0.9232 0.9381
633.5938 12.3730 0.9232 0.9381
392.9688 47.5293 0.9232 0.9381
392.9688 12.3730 0.9295 0.9381
392.9688 12.3730 0.9232 0.9193
633.5938 47.5293 0.9295 0.9193
592.9688 34.8730 0.9732 0.9881
433.5938 34.8730 0.9732 0.9881
592.9688 25.0293 0.9732 0.9881
592.9688 34.8730 0.9795 0.9881
592.9688 34.8730 0.9732 0.9693
433.5938 25.0293 0.9795 0.9693
692.9688 23.6230 0.9482 0.9131
333.5938 23.6230 0.9482 0.9131
692.9688 13.7793 0.9482 0.9131
692.9688 23.6230 0.9045 0.9131
692.9688 23.6230 0.9482 0.9943
333.5938 13.7793 0.9045 0.9943
492.9688 46.1230 0.9982 0.9631
533.5938 46.1230 0.9982 0.9631
492.9688 36.2793 0.9982 0.9631
492.9688 46.1230 0.9545 0.9631
492.9688 46.1230 0.9982 0.9443
533.5938 36.2793 0.9545 0.9443
442.9688 29.2480 0.9607 0.9506
583.5938 29.2480 0.9607 0.9506
442.9688 53.1543 0.9607 0.9506
442.9688 29.2480 0.9170 0.9506
442.9688 29.2480 0.9607 0.9818
583.5938 53.1543 0.9170 0.9818
642.9688 51.7480 0.9107 0.9006
383.5938 51.7480 0.9107 0.9006
642.9688 30.6543 0.9107 0.9006
642.9688 51.7480 0.9670 0.9006
642.9688 51.7480 0.9107 0.9318
383.5938 30.6543 0.9670 0.9318
542.9688 17.9980 0.9857 0.9756
483.5938 17.9980 0.9857 0.9756
542.9688 19.4043 0.9857 0.9756
542.9688 17.9980 0.9420 0.9756
542.9688 17.9980 0.9857 0.9068
483.5938 19.4043 0.9420 0.9068
342.9688 40.4980 0.9357 0.9256
683.5938 40.4980 0.9357 0.9256
342.9688 41.9043 0.9357 0.9256
342.9688 40.4980 0.9920 0.9256
342.9688 40.4980 0.9357 0.9568
683.5938 41.9043 0.9920 0.9568
330.4688 16.5918 0.9701 0.9725
321.0938 16.5918 0.9701 0.9725
330.4688 32.0605 0.9701 0.9725
330.4688 16.5918 0.9701 0.9725
330.4688 16.5918 0.9701 0.9100
321.0938 32.0605 0.9701 0.9100
530.4688 39.0918 0.9201 0.9225
521.0938 39.0918 0.9201 0.9225
530.4688 54.5605 0.9201 0.9225
530.4688 39.0918 0.9201 0.9225
530.4688 39.0918 0.9201 0.9600
521.0938 54.5605 0.9201 0.9600
630.4688 27.8418 0.9951 0.9975
621.0938 27.8418 0.9951 0.9975
630.4688 43.3105 0.9951 0.9975
630.4688 27.8418 0.9951 0.9975
630.4688 27.8418 0.9951 0.9850
621.0938 43.3105 0.9951 0.9850
430.4688 50.3418 0.9451 0.9475
421.0938 50.3418 0.9451 0.9475
430.4688 20.8105 0.9451 0.9475
430.4688 50.3418 0.9451 0.9475
430.4688 50.3418 0.9451 0.9350
421.0938 20.8105 0.9451 0.9350
480.4688 22.2168 0.9076 0.9350
471.0938 22.2168 0.9076 0.9350
480.4688 26.4355 0.9076 0.9350
480.4688 22.2168 0.9826 0.9350
480.4688 22.2168 0.9076 0.9975
471.0938 26.4355 0.9826 0.9975
680.4688 44.7168 0.9576 0.9850
671.0938 44.7168 0.9576 0.9850
680.4688 48.9355 0.9576 0.9850
680.4688 44.7168 0.9326 0.9850
680.4688 44.7168 0.9576 0.9475
671.0938 48.9355 0.9326 0.9475
580.4688 10.9668 0.9326 0.9100
571.0938 10.9668 0.9326 0.9100
580.4688 37.6855 0.9326 0.9100
580.4688 10.9668 0.9576 0.9100
580.4688 10.9668 0.9326 0.9225
571.0938 37.6855 0.9576 0.9225
380.4688 33.4668 0.9826 0.9600
371.0938 33.4668 0.9826 0.9600
380.4688 15.1855 0.9826 0.9600
380.4688 33.4668 0.9076 0.9600
380.4688 33.4668 0.9826 0.9725
371.0938 15.1855 0.9076 0.9725
355.4688 30.6543 0.9264 0.9787
546.0938 30.6543 0.9264 0.9787
355.4688 17.9980 0.9264 0.9787
355.4688 30.6543 0.9764 0.9787
355.4688 30.6543 0.9264 0.9912
546.0938 17.9980 0.9764 0.9912
555.4688 53.1543 0.9764 0.9287
346.0938 53.1543 0.9764 0.9287
555.4688 40.4980 0.9764 0.9287
555.4688 53.1543 0.9264 0.9287
555.4688 53.1543 0.9764 0.9412
346.0938 40.4980 0.9264 0.9412
655.4688 19.4043 0.9014 0.9537
446.0938 19.4043 0.9014 0.9537
655.4688 51.7480 0.9014 0.9537
655.4688 19.4043 0.9514 0.9537
655.4688 19.4043 0.9014 0.9162
446.0938 51.7480 0.9514 0.9162
455.4688 41.9043 0.9514 0.9037
646.0938 41.9043 0.9514 0.9037
455.4688 29.2480 0.9514 0.9037
455.4688 41.9043 0.9014 0.9037
455.4688 41.9043 0.9514 0.9662
646.0938 29.2480 0.9014 0.9662
405.4688 13.7793 0.9889 0.9162
696.0938 13.7793 0.9889 0.9162
405.4688 12.3730 0.9889 0.9162
405.4688 13.7793 0.9639 0.9162
405.4688 13.7793 0.9889 0.9037
696.0938 12.3730 0.9639 0.9037
605.4688 36.2793 0.9389 0.9662
496.0938 36.2793 0.9389 0.9662
605.4688 34.8730 0.9389 0.9662
605.4688 36.2793 0.9139 0.9662
605.4688 36.2793 0.9389 0.9537
496.0938 34.8730 0.9139 0.9537
505.4688 25.0293 0.9639 0.9412
396.0938 25.0293 0.9639 0.9412
505.4688 46.1230 0.9639 0.9412
505.4688 25.0293 0.9889 0.9412
505.4688 25.0293 0.9639 0.9787
396.0938 46.1230 0.9889 0.9787
305.4688 47.5293 0.9139 0.9912
596.0938 47.5293 0.9139 0.9912
305.4688 23.6230 0.9139 0.9912
305.4688 47.5293 0.9389 0.9912
305.4688 47.5293 0.9139 0.9287
596.0938 23.6230 0.9389 0.9287
303.9062 17.4707 0.9900 0.9479
350.7812 17.4707 0.9900 0.9479
303.9062 42.0801 0.9900 0.9479
303.9062 17.4707 0.9502 0.9479
303.9062 17.4707 0.9900 0.9393
350.7812 42.0801 0.9502 0.9393
503.9062 39.9707 0.9400 0.9979
550.7812 39.9707 0.9400 0.9979
503.9062 19.5801 0.9400 0.9979
503.9062 39.9707 0.9002 0.9979
503.9062 39.9707 0.9400 0.9893
550.7812 19.5801 0.9002 0.9893
603.9062 28.7207 0.9650 0.9229
650.7812 28.7207 0.9650 0.9229
603.9062 30.8301 0.9650 0.9229
603.9062 28.7207 0.9752 0.9229
603.9062 28.7207 0.9650 0.9643
650.7812 30.8301 0.9752 0.9643
403.9062 51.2207 0.9150 0.9729
450.7812 51.2207 0.9150 0.9729
403.9062 53.3301 0.9150 0.9729
403.9062 51.2207 0.9252 0.9729
403.9062 51.2207 0.9150 0.9143
450.7812 53.3301 0.9252 0.9143
453.9062 23.0957 0.9275 0.9604
400.7812 23.0957 0.9275 0.9604
453.9062 36.4551 0.9275 0.9604
453.9062 23.0957 0.9877 0.9604
453.9062 23.0957 0.9275 0.9518
400.7812 36.4551 0.9877 0.9518
653.9062 45.5957 0.9775 0.9104
600.7812 45.5957 0.9775 0.9104
653.9062 13.9551 0.9775 0.9104
653.9062 45.5957 0.9377 0.9104
653.9062 45.5957 0.9775 0.9018
600.7812 13.9551 0.9377 0.9018
553.9062 11.8457 0.9025 0.9854
500.7812 11.8457 0.9025 0.9854
553.9062 25.2051 0.9025 0.9854
553.9062 11.8457 0.9627 0.9854
553.9062 11.8457 0.9025 0.9268
500.7812 25.2051 0.9627 0.9268
353.9062 34.3457 0.9525 0.9354
300.7812 34.3457 0.9525 0.9354
353.9062 47.7051 0.9525 0.9354
353.9062 34.3457 0.9127 0.9354
353.9062 34.3457 0.9525 0.9768
300.7812 47.7051 0.9127 0.9768
378.9062 31.5332 0.9088 0.9041
575.7812 31.5332 0.9088 0.9041
378.9062 50.5176 0.9088 0.9041
378.9062 31.5332 0.9939 0.9041
378.9062 31.5332 0.9088 0.9580
575.7812 50.5176 0.9939 0.9580
578.9062 54.0332 0.9588 0.9541
375.7812 54.0332 0.9588 0.9541
578.9062 28.0176 0.9588 0.9541
578.9062 54.0332 0.9439 0.9541
578.9062 54.0332 0.9588 0.9080
375.7812 28.0176 0.9439 0.9080
678.9062 20.2832 0.9338 0.9291
475.7812 20.2832 0.9338 0.9291
678.9062 16.7676 0.9338 0.9291
678.9062 20.2832 0.9689 0.9291
678.9062 20.2832 0.9338 0.9330
475.7812 16.7676 0.9689 0.9330
478.9062 42.7832 0.9838 0.9791
675.7812 42.7832 0.9838 0.9791
478.9062 39.2676 0.9838 0.9791
478.9062 42.7832 0.9189 0.9791
478.9062 42.7832 0.9838 0.9830
675.7812 39.2676 0.9189 0.9830
428.9062 14.6582 0.9713 0.9916
625.7812 14.6582 0.9713 0.9916
428.9062 44.8926 0.9713 0.9916
428.9062 14.6582 0.9564 0.9916
428.9062 14.6582 0.9713 0.9455
625.7812 44.8926 0.9564 0.9455
628.9062 37.1582 0.9213 0.9416
425.7812 37.1582 0.9213 0.9416
628.9062 22.3926 0.9213 0.9416
628.9062 37.1582 0.9064 0.9416
628.9062 37.1582 0.9213 0.9955
425.7812 22.3926 0.9064 0.9955
528.9062 25.9082 0.9963 0.9666
325.7812 25.9082 0.9963 0.9666
528.9062 11.1426 0.9963 0.9666
528.9062 25.9082 0.9814 0.9666
528.9062 25.9082 0.9963 0.9705
325.7812 11.1426 0.9814 0.9705
328.9062 48.4082 0.9463 0.9166
525.7812 48.4082 0.9463 0.9166
328.9062 33.6426 0.9463 0.9166
328.9062 48.4082 0.9314 0.9166
328.9062 48.4082 0.9463 0.9205
525.7812 33.6426 0.9314 0.9205
341.4062 24.5020 0.9619 0.9822
463.2812 24.5020 0.9619 0.9822
341.4062 23.7988 0.9619 0.9822
341.4062 24.5020 0.9033 0.9822
341.4062 24.5020 0.9619 0.9736
463.2812 23.7988 0.9033 0.9736
541.4062 47.0020 0.9119 0.9322
663.2812 47.0020 0.9119 0.9322
541.4062 46.2988 0.9119 0.9322
541.4062 47.0020 0.9533 0.9322
541.4062 47.0020 0.9119 0.9236
663.2812 46.2988 0.9533 0.9236
641.4062 13.2520 0.9869 0.9572
563.2812 13.2520 0.9869 0.9572
641.4062 35.0488 0.9869 0.9572
641.4062 13.2520 0.9283 0.9572
641.4062 13.2520 0.9869 0.9486
563.2812 35.0488 0.9283 0.9486
441.4062 35.7520 0.9369 0.9072
363.2812 35.7520 0.9369 0.9072
441.4062 12.5488 0.9369 0.9072
441.4062 35.7520 0.9783 0.9072
441.4062 35.7520 0.9369 0.9986
363.2812 12.5488 0.9783 0.9986
491.4062 18.8770 0.9244 0.9197
313.2812 18.8770 0.9244 0.9197
491.4062 29.4238 0.9244 0.9197
491.4062 18.8770 0.9408 0.9197
491.4062 18.8770 0.9244 0.9361
313.2812 29.4238 0.9408 0.9361
691.4062 41.3770 0.9744 0.9697
513.2812 41.3770 0.9744 0.9697
691.4062 51.9238 0.9744 0.9697
691.4062 41.3770 0.9908 0.9697
691.4062 41.3770 0.9744 0.9861
513.2812 51.9238 0.9908 0.9861
591.4062 30.1270 0.9494 0.9447
613.2812 30.1270 0.9494 0.9447
591.4062 40.6738 0.9494 0.9447
591.4062 30.1270 0.9158 0.9447
591.4062 30.1270 0.9494 0.9611
613.2812 40.6738 0.9158 0.9611
391.4062 52.6270 0.9994 0.9947
413.2812 52.6270 0.9994 0.9947
391.4062 18.1738 0.9994 0.9947
391.4062 52.6270 0.9658 0.9947
391.4062 52.6270 0.9994 0.9111
413.2812 18.1738 0.9658 0.9111
366.4062 10.4395 0.9432 0.9635
688.2812 10.4395 0.9432 0.9635
366.4062 15.3613 0.9432 0.9635
366.4062 10.4395 0.9471 0.9635
366.4062 10.4395 0.9432 0.9299
688.2812 15.3613 0.9471 0.9299
566.4062 32.9395 0.9932 0.9135
488.2812 32.9395 0.9932 0.9135
566.4062 37.8613 0.9932 0.9135
566.4062 32.9395 0.9971 0.9135
566.4062 32.9395 0.9932 0.9799
488.2812 37.8613 0.9971 0.9799
666.4062 21.6895 0.9182 0.9885
388.2812 21.6895 0.9182 0.9885
666.4062 49.1113 0.9182 0.9885
666.4062 21.6895 0.9221 0.9885
666.4062 21.6895 0.9182 0.9549
388.2812 49.1113 0.9221 0.9549
466.4062 44.1895 0.9682 0.9385
588.2812 44.1895 0.9682 0.9385
466.4062 26.6113 0.9682 0.9385
466.4062 44.1895 0.9721 0.9385
466.4062 44.1895 0.9682 0.9049
588.2812 26.6113 0.9721 0.9049
416.4062 27.3145 0.9807 0.9260
538.2812 27.3145 0.9807 0.9260
416.4062 20.9863 0.9807 0.9260
416.4062 27.3145 0.9096 0.9260
416.4062 27.3145 0.9807 0.9674
538.2812 20.9863 0.9096 0.9674
616.4062 49.8145 0.9307 0.9760
338.2812 49.8145 0.9307 0.9760
616.4062 43.4863 0.9307 0.9760
616.4062 49.8145 0.9596 0.9760
616.4062 49.8145 0.9307 0.9174
338.2812 43.4863 0.9596 0.9174
516.4062 16.0645 0.9557 0.9010
438.2812 16.0645 0.9557 0.9010
516.4062 54.7363 0.9557 0.9010
516.4062 16.0645 0.9346 0.9010
516.4062 16.0645 0.9557 0.9424
438.2812 54.7363 0.9346 0.9424
316.4062 38.5645 0.9057 0.9510
638.2812 38.5645 0.9057 0.9510
316.4062 32.2363 0.9057 0.9510
316.4062 38.5645 0.9846 0.9510
316.4062 38.5645 0.9057 0.9924
638.2812 32.2363 0.9846 0.9924
322.6562 29.4238 0.9322 0.9963
307.0312 29.4238 0.9322 0.9963
322.6562 25.9082 0.9322 0.9963
322.6562 29.4238 0.9299 0.9963
322.6562 29.4238 0.9322 0.9783
307.0312 25.9082 0.9299 0.9783
522.6562 51.9238 0.9822 0.9463
507.0312 51.9238 0.9822 0.9463
522.6562 48.4082 0.9822 0.9463
522.6562 51.9238 0.9799 0.9463
522.6562 51.9238 0.9822 0.9283
507.0312 48.4082 0.9799 0.9283
622.6562 18.1738 0.9072 0.9713
607.0312 18.1738 0.9072 0.9713
622.6562 37.1582 0.9072 0.9713
622.6562 18.1738 0.9049 0.9713
622.6562 18.1738 0.9072 0.9033
607.0312 37.1582 0.9049 0.9033
422.6562 40.6738 0.9572 0.9213
407.0312 40.6738 0.9572 0.9213
422.6562 14.6582 0.9572 0.9213
422.6562 40.6738 0.9549 0.9213
422.6562 40.6738 0.9572 0.9533
407.0312 14.6582 0.9549 0.9533
472.6562 12.5488 0.9947 0.9088
457.0312 12.5488 0.9947 0.9088
472.6562 31.5332 0.9947 0.9088
472.6562 12.5488 0.9174 0.9088
472.6562 12.5488 0.9947 0.9158
457.0312 31.5332 0.9174 0.9158
672.6562 35.0488 0.9447 0.9588
657.0312 35.0488 0.9447 0.9588
672.6562 54.0332 0.9447 0.9588
672.6562 35.0488 0.9674 0.9588
672.6562 35.0488 0.9447 0.9658
657.0312 54.0332 0.9674 0.9658
572.6562 23.7988 0.9697 0.9338
557.0312 23.7988 0.9697 0.9338
572.6562 42.7832 0.9697 0.9338
572.6562 23.7988 0.9424 0.9338
572.6562 23.7988 0.9697 0.9908
557.0312 42.7832 0.9424 0.9908
372.6562 46.2988 0.9197 0.9838
357.0312 46.2988 0.9197 0.9838
372.6562 20.2832 0.9197 0.9838
372.6562 46.2988 0.9924 0.9838
372.6562 46.2988 0.9197 0.9408
357.0312 20.2832 0.9924 0.9408
397.6562 20.9863 0.9635 0.9525
532.0312 20.9863 0.9635 0.9525
397.6562 11.8457 0.9635 0.9525
397.6562 20.9863 0.9236 0.9525
397.6562 20.9863 0.9635 0.9221
532.0312 11.8457 0.9236 0.9221
597.6562 43.4863 0.9135 0.9025
332.0312 43.4863 0.9135 0.9025
597.6562 34.3457 0.9135 0.9025
597.6562 43.4863 0.9736 0.9025
597.6562 43.4863 0.9135 0.9721
332.0312 34.3457 0.9736 0.9721
697.6562 32.2363 0.9885 0.9775
432.0312 32.2363 0.9885 0.9775
697.6562 45.5957 0.9885 0.9775
697.6562 32.2363 0.9486 0.9775
697.6562 32.2363 0.9885 0.9971
432.0312 45.5957 0.9486 0.9971
497.6562 54.7363 0.9385 0.9275
632.0312 54.7363 0.9385 0.9275
497.6562 23.0957 0.9385 0.9275
497.6562 54.7363 0.9986 0.9275
497.6562 54.7363 0.9385 0.9471
632.0312 23.0957 0.9986 0.9471
447.6562 26.6113 0.9010 0.9400
682.0312 26.6113 0.9010 0.9400
447.6562 17.4707 0.9010 0.9400
447.6562 26.6113 0.9361 0.9400
447.6562 26.6113 0.9010 0.9846
682.0312 17.4707 0.9361 0.9846
647.6562 49.1113 0.9510 0.9900
482.0312 49.1113 0.9510 0.9900
647.6562 39.9707 0.9510 0.9900
647.6562 49.1113 0.9861 0.9900
647.6562 49.1113 0.9510 0.9346
482.0312 39.9707 0.9861 0.9346
547.6562 15.3613 0.9260 0.9150
382.0312 15.3613 0.9260 0.9150
547.6562 51.2207 0.9260 0.9150
547.6562 15.3613 0.9111 0.9150
547.6562 15.3613 0.9260 0.9096
382.0312 51.2207 0.9111 0.9096
347.6562 37.8613 0.9760 0.9650
582.0312 37.8613 0.9760 0.9650
347.6562 28.7207 0.9760 0.9650
347.6562 37.8613 0.9611 0.9650
347.6562 37.8613 0.9760 0.9596
582.0312 28.7207 0.9611 0.9596
335.1562 13.9551 0.9166 0.9369
419.5312 13.9551 0.9166 0.9369
335.1562 38.5645 0.9166 0.9369
335.1562 13.9551 0.9768 0.9369
335.1562 13.9551 0.9166 0.9064
419.5312 38.5645 0.9768 0.9064
535.1562 36.4551 0.9666 0.9869
619.5312 36.4551 0.9666 0.9869
535.1562 16.0645 0.9666 0.9869
535.1562 36.4551 0.9268 0.9869
535.1562 36.4551 0.9666 0.9564
619.5312 16.0645 0.9268 0.9564
635.1562 25.2051 0.9416 0.9119
519.5312 25.2051 0.9416 0.9119
635.1562 27.3145 0.9416 0.9119
635.1562 25.2051 0.9518 0.9119
635.1562 25.2051 0.9416 0.9814
519.5312 27.3145 0.9518 0.9814
435.1562 47.7051 0.9916 0.9619
319.5312 47.7051 0.9916 0.9619
435.1562 49.8145 0.9916 0.9619
435.1562 47.7051 0.9018 0.9619
435.1562 47.7051 0.9916 0.9314
319.5312 49.8145 0.9018 0.9314
485.1562 30.8301 0.9541 0.9744
369.5312 30.8301 0.9541 0.9744
485.1562 32.9395 0.9541 0.9744
485.1562 30.8301 0.9643 0.9744
485.1562 30.8301 0.9541 0.9939
369.5312 32.9395 0.9643 0.9939
685.1562 53.3301 0.9041 0.9244
569.5312 53.3301 0.9041 0.9244
685.1562 10.4395 0.9041 0.9244
685.1562 53.3301 0.9143 0.9244
685.1562 53.3301 0.9041 0.9439
569.5312 10.4395 0.9143 0.9439
585.1562 19.5801 0.9791 0.9994
669.5312 19.5801 0.9791 0.9994
585.1562 21.6895 0.9791 0.9994
585.1562 19.5801 0.9893 0.9994
585.1562 19.5801 0.9791 0.9189
669.5312 21.6895 0.9893 0.9189
385.1562 42.0801 0.9291 0.9494
469.5312 42.0801 0.9291 0.9494
385.1562 44.1895 0.9291 0.9494
385.1562 42.0801 0.9393 0.9494
385.1562 42.0801 0.9291 0.9689
469.5312 44.1895 0.9393 0.9689
360.1562 22.3926 0.9854 0.9182
644.5312 22.3926 0.9854 0.9182
360.1562 52.6270 0.9854 0.9182
360.1562 22.3926 0.9705 0.9182
360.1562 22.3926 0.9854 0.9877
644.5312 52.6270 0.9705 0.9877
560.1562 44.8926 0.9354 0.9682
444.5312 44.8926 0.9354 0.9682
560.1562 30.1270 0.9354 0.9682
560.1562 44.8926 0.9205 0.9682
560.1562 44.8926 0.9354 0.9377
444.5312 30.1270 0.9205 0.9377
660.1562 11.1426 0.9604 0.9432
344.5312 11.1426 0.9604 0.9432
660.1562 18.8770 0.9604 0.9432
660.1562 11.1426 0.9955 0.9432
660.1562 11.1426 0.9604 0.9127
344.5312 18.8770 0.9955 0.9127
460.1562 33.6426 0.9104 0.9932
544.5312 33.6426 0.9104 0.9932
460.1562 41.3770 0.9104 0.9932
460.1562 33.6426 0.9455 0.9932
460.1562 33.6426 0.9104 0.9627
544.5312 41.3770 0.9455 0.9627
410.1562 16.7676 0.9479 0.9807
594.5312 16.7676 0.9479 0.9807
410.1562 47.0020 0.9479 0.9807
410.1562 16.7676 0.9830 0.9807
410.1562 16.7676 0.9479 0.9002
594.5312 47.0020 0.9830 0.9002
610.1562 39.2676 0.9979 0.9307
394.5312 39.2676 0.9979 0.9307
610.1562 24.5020 0.9979 0.9307
610.1562 39.2676 0.9330 0.9307
610.1562 39.2676 0.9979 0.9502
394.5312 24.5020 0.9330 0.9502
510.1562 28.0176 0.9229 0.9557
494.5312 28.0176 0.9229 0.9557
510.1562 13.2520 0.9229 0.9557
510.1562 28.0176 0.9580 0.9557
510.1562 28.0176 0.9229 0.9752
494.5312 13.2520 0.9580 0.9752
310.1562 50.5176 0.9729 0.9057
694.5312 50.5176 0.9729 0.9057
310.1562 35.7520 0.9729 0.9057
310.1562 50.5176 0.9080 0.9057
310.1562 50.5176 0.9729 0.9252
694.5312 35.7520 0.9080 0.9252
307.0312 23.4473 0.9205 0.9674
510.1562 23.4473 0.9205 0.9674
307.0312 44.5410 0.9205 0.9674
307.0312 23.4473 0.9166 0.9674
307.0312 23.4473 0.9205 0.9322
510.1562 44.5410 0.9166 0.9322
507.0312 45.9473 0.9705 0.9174
310.1562 45.9473 0.9705 0.9174
507.0312 22.0410 0.9705 0.9174
507.0312 45.9473 0.9666 0.9174
507.0312 45.9473 0.9705 0.9822
310.1562 22.0410 0.9666 0.9822
607.0312 12.1973 0.9455 0.9924
410.1562 12.1973 0.9455 0.9924
607.0312 10.7910 0.9455 0.9924
607.0312 12.1973 0.9416 0.9924
607.0312 12.1973 0.9455 0.9572
410.1562 10.7910 0.9416 0.9572
407.0312 34.6973 0.9955 0.9424
610.1562 34.6973 0.9955 0.9424
407.0312 33.2910 0.9955 0.9424
407.0312 34.6973 0.9916 0.9424
407.0312 34.6973 0.9955 0.9072
610.1562 33.2910 0.9916 0.9072
457.0312 17.8223 0.9580 0.9299
660.1562 17.8223 0.9580 0.9299
457.0312 50.1660 0.9580 0.9299
457.0312 17.8223 0.9291 0.9299
457.0312 17.8223 0.9580 0.9697
660.1562 50.1660 0.9291 0.9697
657.0312 40.3223 0.9080 0.9799
460.1562 40.3223 0.9080 0.9799
657.0312 27.6660 0.9080 0.9799
657.0312 40.3223 0.9791 0.9799
657.0312 40.3223 0.9080 0.9197
460.1562 27.6660 0.9791 0.9197
557.0312 29.0723 0.9830 0.9049
360.1562 29.0723 0.9830 0.9049
557.0312 16.4160 0.9830 0.9049
557.0312 29.0723 0.9041 0.9049
557.0312 29.0723 0.9830 0.9447
360.1562 16.4160 0.9041 0.9447
357.0312 51.5723 0.9330 0.9549
560.1562 51.5723 0.9330 0.9549
357.0312 38.9160 0.9330 0.9549
357.0312 51.5723 0.9541 0.9549
357.0312 51.5723 0.9330 0.9947
560.1562 38.9160 0.9541 0.9947
382.0312 15.0098 0.9768 0.9861
335.1562 15.0098 0.9768 0.9861
382.0312 36.1035 0.9768 0.9861
382.0312 15.0098 0.9354 0.9861
382.0312 15.0098 0.9768 0.9635
335.1562 36.1035 0.9354 0.9635
582.0312 37.5098 0.9268 0.9361
535.1562 37.5098 0.9268 0.9361
582.0312 13.6035 0.9268 0.9361
582.0312 37.5098 0.9854 0.9361
582.0312 37.5098 0.9268 0.9135
535.1562 13.6035 0.9854 0.9135
682.0312 26.2598 0.9518 0.9611
635.1562 26.2598 0.9518 0.9611
682.0312 24.8535 0.9518 0.9611
682.0312 26.2598 0.9104 0.9611
682.0312 26.2598 0.9518 0.9385
635.1562 24.8535 0.9104 0.9385
482.0312 48.7598 0.9018 0.9111
435.1562 48.7598 0.9018 0.9111
482.0312 47.3535 0.9018 0.9111
482.0312 48.7598 0.9604 0.9111
482.0312 48.7598 0.9018 0.9885
435.1562 47.3535 0.9604 0.9885
432.0312 31.8848 0.9393 0.9236
485.1562 31.8848 0.9393 0.9236
432.0312 41.7285 0.9393 0.9236
432.0312 31.8848 0.9229 0.9236
432.0312 31.8848 0.9393 0.9260
485.1562 41.7285 0.9229 0.9260
632.0312 54.3848 0.9893 0.9736
685.1562 54.3848 0.9893 0.9736
632.0312 19.2285 0.9893 0.9736
632.0312 54.3848 0.9729 0.9736
632.0312 54.3848 0.9893 0.9760
685.1562 19.2285 0.9729 0.9760
532.0312 20.6348 0.9143 0.9486
585.1562 20.6348 0.9143 0.9486
532.0312 30.4785 0.9143 0.9486
532.0312 20.6348 0.9479 0.9486
532.0312 20.6348 0.9143 0.9510
585.1562 30.4785 0.9479 0.9510
332.0312 43.1348 0.9643 0.9986
385.1562 43.1348 0.9643 0.9986
332.0312 52.9785 0.9643 0.9986
332.0312 43.1348 0.9979 0.9986
332.0312 43.1348 0.9643 0.9010
385.1562 52.9785 0.9979 0.9010
344.5312 19.2285 0.9299 0.9018
622.6562 19.2285 0.9299 0.9018
344.5312 20.6348 0.9299 0.9018
344.5312 19.2285 0.9635 0.9018
344.5312 19.2285 0.9299 0.9541
622.6562 20.6348 0.9635 0.9541
544.5312 41.7285 0.9799 0.9518
422.6562 41.7285 0.9799 0.9518
544.5312 43.1348 0.9799 0.9518
544.5312 41.7285 0.9135 0.9518
544.5312 41.7285 0.9799 0.9041
422.6562 43.1348 0.9135 0.9041
644.5312 30.4785 0.9049 0.9268
322.6562 30.4785 0.9049 0.9268
644.5312 54.3848 0.9049 0.9268
644.5312 30.4785 0.9885 0.9268
644.5312 30.4785 0.9049 0.9291
322.6562 54.3848 0.9885 0.9291
444.5312 52.9785 0.9549 0.9768
522.6562 52.9785 0.9549 0.9768
444.5312 31.8848 0.9549 0.9768
444.5312 52.9785 0.9385 0.9768
444.5312 52.9785 0.9549 0.9791
522.6562 31.8848 0.9385 0.9791
494.5312 24.8535 0.9924 0.9893
572.6562 24.8535 0.9924 0.9893
494.5312 15.0098 0.9924 0.9893
494.5312 24.8535 0.9760 0.9893
494.5312 24.8535 0.9924 0.9416
572.6562 15.0098 0.9760 0.9416
694.5312 47.3535 0.9424 0.9393
372.6562 47.3535 0.9424 0.9393
694.5312 37.5098 0.9424 0.9393
694.5312 47.3535 0.9260 0.9393
694.5312 47.3535 0.9424 0.9916
372.6562 37.5098 0.9260 0.9916
594.5312 13.6035 0.9674 0.9643
472.6562 13.6035 0.9674 0.9643
594.5312 48.7598 0.9674 0.9643
594.5312 13.6035 0.9510 0.9643
594.5312 13.6035 0.9674 0.9666
472.6562 48.7598 0.9510 0.9666
394.5312 36.1035 0.9174 0.9143
672.6562 36.1035 0.9174 0.9143
394.5312 26.2598 0.9174 0.9143
394.5312 36.1035 0.9010 0.9143
394.5312 36.1035 0.9174 0.9166
672.6562 26.2598 0.9010 0.9166
369.5312 27.6660 0.9736 0.9455
447.6562 27.6660 0.9736 0.9455
369.5312 29.0723 0.9736 0.9455
369.5312 27.6660 0.9822 0.9455
369.5312 27.6660 0.9736 0.9479
447.6562 29.0723 0.9822 0.9479
569.5312 50.1660 0.9236 0.9955
647.6562 50.1660 0.9236 0.9955
569.5312 51.5723 0.9236 0.9955
569.5312 50.1660 0.9322 0.9955
569.5312 50.1660 0.9236 0.9979
647.6562 51.5723 0.9322 0.9979
669.5312 16.4160 0.9986 0.9205
547.6562 16.4160 0.9986 0.9205
669.5312 40.3223 0.9986 0.9205
669.5312 16.4160 0.9572 0.9205
669.5312 16.4160 0.9986 0.9729
547.6562 40.3223 0.9572 0.9729
469.5312 38.9160 0.9486 0.9705
347.6562 38.9160 0.9486 0.9705
469.5312 17.8223 0.9486 0.9705
469.5312 38.9160 0.9072 0.9705
469.5312 38.9160 0.9486 0.9229
347.6562 17.8223 0.9072 0.9229
419.5312 10.7910 0.9111 0.9580
397.6562 10.7910 0.9111 0.9580
419.5312 23.4473 0.9111 0.9580
419.5312 10.7910 0.9697 0.9580
419.5312 10.7910 0.9111 0.9604
397.6562 23.4473 0.9697 0.9604
619.5312 33.2910 0.9611 0.9080
597.6562 33.2910 0.9611 0.9080
619.5312 45.9473 0.9611 0.9080
619.5312 33.2910 0.9197 0.9080
619.5312 33.2910 0.9611 0.9104
597.6562 45.9473 0.9197 0.9104
519.5312 22.0410 0.9361 0.9830
697.6562 22.0410 0.9361 0.9830
519.5312 34.6973 0.9361 0.9830
519.5312 22.0410 0.9947 0.9830
519.5312 22.0410 0.9361 0.9354
697.6562 34.6973 0.9947 0.9354
319.5312 44.5410 0.9861 0.9330
497.6562 44.5410 0.9861 0.9330
319.5312 12.1973 0.9861 0.9330
319.5312 44.5410 0.9447 0.9330
319.5312 44.5410 0.9861 0.9854
497.6562 12.1973 0.9447 0.9854
313.2812 11.4941 0.9502 0.9127
553.9062 11.4941 0.9502 0.9127
313.2812 17.1191 0.9502 0.9127
313.2812 11.4941 0.9900 0.9127
313.2812 11.4941 0.9502 0.9994
553.9062 17.1191 0.9900 0.9994
513.2812 33.9941 0.9002 0.9627
353.9062 33.9941 0.9002 0.9627
513.2812 39.6191 0.9002 0.9627
513.2812 33.9941 0.9400 0.9627
513.2812 33.9941 0.9002 0.9494
353.9062 39.6191 0.9400 0.9494
613.2812 22.7441 0.9752 0.9377
453.9062 22.7441 0.9752 0.9377
613.2812 50.8691 0.9752 0.9377
613.2812 22.7441 0.9650 0.9377
613.2812 22.7441 0.9752 0.9244
453.9062 50.8691 0.9650 0.9244
413.2812 45.2441 0.9252 0.9877
653.9062 45.2441 0.9252 0.9877
413.2812 28.3691 0.9252 0.9877
413.2812 45.2441 0.9150 0.9877
413.2812 45.2441 0.9252 0.9744
653.9062 28.3691 0.9150 0.9744
463.2812 28.3691 0.9127 0.9752
603.9062 28.3691 0.9127 0.9752
463.2812 11.4941 0.9127 0.9752
463.2812 28.3691 0.9525 0.9752
463.2812 28.3691 0.9127 0.9119
603.9062 11.4941 0.9525 0.9119
663.2812 50.8691 0.9627 0.9252
403.9062 50.8691 0.9627 0.9252
663.2812 33.9941 0.9627 0.9252
663.2812 50.8691 0.9025 0.9252
663.2812 50.8691 0.9627 0.9619
403.9062 33.9941 0.9025 0.9619
563.2812 17.1191 0.9377 0.9502
303.9062 17.1191 0.9377 0.9502
563.2812 45.2441 0.9377 0.9502
563.2812 17.1191 0.9775 0.9502
563.2812 17.1191 0.9377 0.9869
303.9062 45.2441 0.9775 0.9869
363.2812 39.6191 0.9877 0.9002
503.9062 39.6191 0.9877 0.9002
363.2812 22.7441 0.9877 0.9002
363.2812 39.6191 0.9275 0.9002
363.2812 39.6191 0.9877 0.9369
503.9062 22.7441 0.9275 0.9369
388.2812 25.5566 0.9439 0.9314
378.9062 25.5566 0.9439 0.9314
388.2812 31.1816 0.9439 0.9314
388.2812 25.5566 0.9588 0.9314
388.2812 25.5566 0.9439 0.9057
378.9062 31.1816 0.9588 0.9057
588.2812 48.0566 0.9939 0.9814
578.9062 48.0566 0.9939 0.9814
588.2812 53.6816 0.9939 0.9814
588.2812 48.0566 0.9088 0.9814
588.2812 48.0566 0.9939 0.9557
578.9062 53.6816 0.9088 0.9557
688.2812 14.3066 0.9189 0.9064
678.9062 14.3066 0.9189 0.9064
688.2812 42.4316 0.9189 0.9064
688.2812 14.3066 0.9838 0.9064
688.2812 14.3066 0.9189 0.9807
678.9062 42.4316 0.9838 0.9807
488.2812 36.8066 0.9689 0.9564
478.9062 36.8066 0.9689 0.9564
488.2812 19.9316 0.9689 0.9564
488.2812 36.8066 0.9338 0.9564
488.2812 36.8066 0.9689 0.9307
478.9062 19.9316 0.9338 0.9307
438.2812 19.9316 0.9814 0.9689
428.9062 19.9316 0.9814 0.9689
438.2812 25.5566 0.9814 0.9689
438.2812 19.9316 0.9963 0.9689
438.2812 19.9316 0.9814 0.9932
428.9062 25.5566 0.9963 0.9932
638.2812 42.4316 0.9314 0.9189
628.9062 42.4316 0.9314 0.9189
638.2812 48.0566 0.9314 0.9189
638.2812 42.4316 0.9463 0.9189
638.2812 42.4316 0.9314 0.9432
628.9062 48.0566 0.9463 0.9432
538.2812 31.1816 0.9564 0.9939
528.9062 31.1816 0.9564 0.9939
538.2812 36.8066 0.9564 0.9939
538.2812 31.1816 0.9713 0.9939
538.2812 31.1816 0.9564 0.9182
528.9062 36.8066 0.9713 0.9182
338.2812 53.6816 0.9064 0.9439
328.9062 53.6816 0.9064 0.9439
338.2812 14.3066 0.9064 0.9439
338.2812 53.6816 0.9213 0.9439
338.2812 53.6816 0.9064 0.9682
328.9062 14.3066 0.9213 0.9682
325.7812 29.7754 0.9971 0.9533
666.4062 29.7754 0.9971 0.9533
325.7812 46.6504 0.9971 0.9533
325.7812 29.7754 0.9432 0.9533
325.7812 29.7754 0.9971 0.9150
666.4062 46.6504 0.9432 0.9150
525.7812 52.2754 0.9471 0.9033
466.4062 52.2754 0.9471 0.9033
525.7812 24.1504 0.9471 0.9033
525.7812 52.2754 0.9932 0.9033
525.7812 52.2754 0.9471 0.9650
466.4062 24.1504 0.9932 0.9650
625.7812 18.5254 0.9721 0.9783
366.4062 18.5254 0.9721 0.9783
625.7812 12.9004 0.9721 0.9783
625.7812 18.5254 0.9182 0.9783
625.7812 18.5254 0.9721 0.9900
366.4062 12.9004 0.9182 0.9900
425.7812 41.0254 0.9221 0.9283
566.4062 41.0254 0.9221 0.9283
425.7812 35.4004 0.9221 0.9283
425.7812 41.0254 0.9682 0.9283
425.7812 41.0254 0.9221 0.9400
566.4062 35.4004 0.9682 0.9400
475.7812 12.9004 0.9346 0.9408
516.4062 12.9004 0.9346 0.9408
475.7812 52.2754 0.9346 0.9408
475.7812 12.9004 0.9057 0.9408
475.7812 12.9004 0.9346 0.9775
516.4062 52.2754 0.9057 0.9775
675.7812 35.4004 0.9846 0.9908
316.4062 35.4004 0.9846 0.9908
675.7812 29.7754 0.9846 0.9908
675.7812 35.4004 0.9557 0.9908
675.7812 35.4004 0.9846 0.9275
316.4062 29.7754 0.9557 0.9275
575.7812 24.1504 0.9096 0.9158
416.4062 24.1504 0.9096 0.9158
575.7812 18.5254 0.9096 0.9158
575.7812 24.1504 0.9307 0.9158
575.7812 24.1504 0.9096 0.9025
416.4062 18.5254 0.9307 0.9025
375.7812 46.6504 0.9596 0.9658
616.4062 46.6504 0.9596 0.9658
375.7812 41.0254 0.9596 0.9658
375.7812 46.6504 0.9807 0.9658
375.7812 46.6504 0.9596 0.9525
616.4062 41.0254 0.9807 0.9525
350.7812 15.7129 0.9033 0.9971
491.4062 15.7129 0.9033 0.9971
350.7812 32.5879 0.9033 0.9971
350.7812 15.7129 0.9119 0.9971
350.7812 15.7129 0.9033 0.9838
491.4062 32.5879 0.9119 0.9838
550.7812 38.2129 0.9533 0.9471
691.4062 38.2129 0.9533 0.9471
550.7812 10.0879 0.9533 0.9471
550.7812 38.2129 0.9619 0.9471
550.7812 38.2129 0.9533 0.9338
691.4062 10.0879 0.9619 0.9338
650.7812 26.9629 0.9283 0.9721
591.4062 26.9629 0.9283 0.9721
650.7812 21.3379 0.9283 0.9721
650.7812 26.9629 0.9369 0.9721
650.7812 26.9629 0.9283 0.9088
591.4062 21.3379 0.9369 0.9088
450.7812 49.4629 0.9783 0.9221
391.4062 49.4629 0.9783 0.9221
450.7812 43.8379 0.9783 0.9221
450.7812 49.4629 0.9869 0.9221
450.7812 49.4629 0.9783 0.9588
391.4062 43.8379 0.9869 0.9588
400.7812 21.3379 0.9658 0.9096
341.4062 21.3379 0.9658 0.9096
400.7812 38.2129 0.9658 0.9096
400.7812 21.3379 0.9494 0.9096
400.7812 21.3379 0.9658 0.9213
341.4062 38.2129 0.9494 0.9213
600.7812 43.8379 0.9158 0.9596
541.4062 43.8379 0.9158 0.9596
600.7812 15.7129 0.9158 0.9596
600.7812 43.8379 0.9994 0.9596
600.7812 43.8379 0.9158 0.9713
541.4062 15.7129 0.9994 0.9713
500.7812 10.0879 0.9908 0.9346
641.4062 10.0879 0.9908 0.9346
500.7812 26.9629 0.9908 0.9346
500.7812 10.0879 0.9244 0.9346
500.7812 10.0879 0.9908 0.9963
641.4062 26.9629 0.9244 0.9963
300.7812 32.5879 0.9408 0.9846
441.4062 32.5879 0.9408 0.9846
300.7812 49.4629 0.9408 0.9846
300.7812 32.5879 0.9744 0.9846
300.7812 32.5879 0.9408 0.9463
441.4062 49.4629 0.9744 0.9463
