0.26400000 300.20000000 0.24822682 0.27944260 0.26210317
0.26400000 300.20000000 0.24822682 0.27944260 0.26210317
0.26400000 300.20000000 0.24822682 0.27944260 0.26210317
0.26400000 300.20000000 0.24822682 0.27944260 0.26210317
0.26400000 300.20000000 0.24822682 0.27944260 0.26210317
0.26400000 300.20000000 0.24822682 0.27944260 0.26210317
0.52000000 661.70000000 0.52697602 0.52956387 0.50130465
0.52000000 661.70000000 0.52697602 0.52956387 0.50130465
0.52000000 661.70000000 0.52697602 0.52956387 0.50130465
0.52000000 661.70000000 0.52697602 0.52956387 0.50130465
0.52000000 661.70000000 0.52697602 0.52956387 0.50130465
0.52000000 661.70000000 0.52697602 0.52956387 0.50130465
0.52327273 1211.50000000 0.53417705 0.50745828 0.53188066
0.52327273 1211.50000000 0.53417705 0.50745828 0.53188066
0.51636364 1208.10000000 0.52090332 0.51986637 0.50555397
0.52327273 1211.50000000 0.53417705 0.50745828 0.53188066
0.50945455 698.10000000 0.53846885 0.50337153 0.48379279
0.53890909 685.30000000 0.53295802 0.58109099 0.49767418
0.53280000 305.80000000 0.52569335 0.51824603 0.55126991
0.53280000 305.80000000 0.52569335 0.51824603 0.55126991
0.52160000 311.00000000 0.53056831 0.50099381 0.53538767
0.53280000 305.80000000 0.52569335 0.51824603 0.55126991
0.52960000 550.50000000 0.48943468 0.58759604 0.51932619
0.52800000 553.30000000 0.55376947 0.53868930 0.49031501
0.54334621 362.80000000 0.53258610 0.52146266 0.57614633
0.54334621 362.80000000 0.53258610 0.52146266 0.57614633
0.50276074 356.70000000 0.49259210 0.50566351 0.51397852
0.51629933 361.60000000 0.50052339 0.52155735 0.51923363
0.54334621 362.80000000 0.53258610 0.52146266 0.57614633
0.53537075 350.30000000 0.52730948 0.56526639 0.50794113
0.53792087 1195.10000000 0.53115626 0.52367716 0.56303324
0.53792087 1195.10000000 0.53115626 0.52367716 0.56303324
0.53021627 1181.10000000 0.53399801 0.53785394 0.51835720
0.53088494 1175.10000000 0.52457010 0.54431120 0.52160658
0.53792087 1195.10000000 0.53115626 0.52367716 0.56303324
0.53889674 1181.90000000 0.53788547 0.52645590 0.55025935
0.52842960 671.20000000 0.52756581 0.49491771 0.56062178
0.52842960 671.20000000 0.52756581 0.49491771 0.56062178
0.51827997 688.30000000 0.50958560 0.53746799 0.50528209
0.52422615 694.40000000 0.50905491 0.53223362 0.53365858
0.53222530 1217.20000000 0.51473400 0.54633699 0.53575127
0.54487111 1223.70000000 0.55944317 0.54817606 0.52643512
0.47885319 450.10000000 0.46397731 0.47031314 0.50591651
0.47885319 450.10000000 0.46397731 0.47031314 0.50591651
0.49038662 448.90000000 0.43047352 0.50026249 0.53764892
0.44698276 447.60000000 0.37594299 0.49287382 0.46692109
0.52567921 263.20000000 0.50671047 0.53952458 0.52484318
0.53943312 244.80000000 0.52724265 0.50596730 0.58168618
0.50047611 375.00000000 0.48081316 0.51306384 0.51168690
0.52788949 782.60000000 0.54171078 0.53678729 0.50533526
0.50047611 375.00000000 0.48081316 0.51306384 0.51168690
0.54276142 378.20000000 0.52632894 0.57385768 0.52919960
0.53522306 224.00000000 0.51639851 0.58106364 0.51675489
0.52058984 450.10000000 0.51149165 0.52116364 0.52963547
0.52634971 539.00000000 0.52235683 0.50702950 0.54575802
0.54931799 141.80000000 0.55116590 0.50468833 0.58690078
0.52634971 539.00000000 0.52235683 0.50702950 0.54575802
0.53728873 528.00000000 0.51454514 0.56298115 0.53067764
0.54737506 887.60000000 0.53729900 0.55146601 0.55251825
0.49126172 244.90000000 0.49511536 0.49544562 0.47351708
0.53487606 1572.30000000 0.53023687 0.54202184 0.53229809
0.54373057 686.70000000 0.55961788 0.53452012 0.53827504
0.55661013 1567.80000000 0.56857244 0.55814399 0.54142077
0.54574309 1570.30000000 0.53461059 0.53566438 0.56498389
0.53487606 1572.30000000 0.53023687 0.54202184 0.53229809
0.53821873 677.70000000 0.51327712 0.56947878 0.53555216
0.52232408 473.10000000 0.49423105 0.55622627 0.51682155
0.52346358 775.40000000 0.53113795 0.52271229 0.51532993
0.52069698 482.70000000 0.49978008 0.52289941 0.54121597
0.53938741 482.00000000 0.50073212 0.56086073 0.55403613
0.52232408 473.10000000 0.49423105 0.55622627 0.51682155
0.53504678 773.40000000 0.50421182 0.53772834 0.55980774
0.51662296 439.50000000 0.54609350 0.49960255 0.50807735
0.52552051 1030.70000000 0.51600927 0.51910302 0.53925566
0.53271659 432.00000000 0.55188714 0.48760056 0.56411840
0.53684926 440.20000000 0.55908416 0.54066247 0.51847120
0.52293124 797.90000000 0.53592879 0.49301810 0.54059364
0.53457486 1840.30000000 0.50648847 0.51256837 0.58325171
0.54222911 1630.90000000 0.55170141 0.53754557 0.53728647
0.53115779 1013.40000000 0.53603237 0.51576762 0.54386880
0.54118316 1624.00000000 0.51466838 0.57046538 0.53947892
0.54904112 1637.70000000 0.52305703 0.58859248 0.53773359
0.52550556 884.70000000 0.51609113 0.55177513 0.50427909
0.54995750 544.20000000 0.53854827 0.56993060 0.54322228
0.49864689 505.30000000 0.48916220 0.48956799 0.51930364
0.53988715 255.80000000 0.55784085 0.53239751 0.52374469
0.51598592 500.70000000 0.50978687 0.51577071 0.52242500
0.54019731 501.90000000 0.54798892 0.53454917 0.53535825
0.49864689 505.30000000 0.48916220 0.48956799 0.51930364
0.53996650 250.00000000 0.54113437 0.53766909 0.54574957
0.43612532 281.70000000 0.46644499 0.38479382 0.45524978
0.53412269 1043.50000000 0.53250678 0.53122646 0.53662092
0.44488491 291.10000000 0.43027847 0.44069501 0.46405274
0.43878943 276.10000000 0.42602135 0.45212909 0.44247889
0.43612532 281.70000000 0.46644499 0.38479382 0.45524978
0.52867370 1065.20000000 0.51269295 0.53109971 0.53746903
0.50073028 219.60000000 0.50925826 0.47236431 0.52487693
0.53352681 370.20000000 0.52972637 0.52096038 0.54720935
0.53007141 227.90000000 0.52429415 0.45442088 0.59948725
0.50959104 218.50000000 0.52412994 0.53535356 0.47348447
0.56450828 187.60000000 0.56230259 0.57310716 0.54965266
0.50298507 314.10000000 0.47972871 0.52529529 0.49497261
0.51645024 1128.50000000 0.48151889 0.51625017 0.55558686
0.54252409 1400.40000000 0.56470159 0.52976848 0.53232564
0.53309009 1101.80000000 0.53523287 0.54571130 0.52285028
0.56599824 1118.80000000 0.56125810 0.55773565 0.57512065
0.53178388 905.80000000 0.53088566 0.52793706 0.53504667
0.54886953 1131.80000000 0.55873128 0.54353907 0.54090663
0.53116315 644.70000000 0.52208183 0.53355024 0.53419043
0.52343131 443.50000000 0.57121366 0.47469208 0.52278446
0.53116315 644.70000000 0.52208183 0.53355024 0.53419043
0.52556344 651.40000000 0.50150713 0.53349520 0.54268501
0.53545901 1621.20000000 0.51613330 0.53421128 0.55569037
0.52817726 1118.00000000 0.55981362 0.50352217 0.52467286
0.55000424 556.00000000 0.55404290 0.54640612 0.54493800
0.40564972 226.60000000 0.39738312 0.35788615 0.45784220
0.55000424 556.00000000 0.55404290 0.54640612 0.54493800
0.54212715 556.80000000 0.60869905 0.49707759 0.52417281
0.50554707 448.10000000 0.50708263 0.48720738 0.52220004
0.44293785 182.90000000 0.43559943 0.40274288 0.48219747
0.55302838 798.10000000 0.52672363 0.54837082 0.58218246
0.52110180 407.70000000 0.48652041 0.51802280 0.54070694
0.51888123 811.80000000 0.54435582 0.51239494 0.50021004
0.54562414 811.30000000 0.52982724 0.56720308 0.54411528
0.51622761 865.70000000 0.53516642 0.48341655 0.52998757
0.53352663 427.50000000 0.50440945 0.52689010 0.56908420
0.53728998 824.30000000 0.55700705 0.52108099 0.53314086
0.51357592 592.60000000 0.51791205 0.53018395 0.49225936
0.53261170 817.70000000 0.55506441 0.51768098 0.52140175
0.53819476 825.80000000 0.53167539 0.55395528 0.52938991
0.53584440 884.50000000 0.52320657 0.52473375 0.55705035
0.51315954 649.10000000 0.51906614 0.50716997 0.51546245
0.53876436 1536.60000000 0.54088140 0.56385470 0.51193659
0.52252665 1861.80000000 0.50567376 0.52580445 0.53772557
0.54557810 1543.10000000 0.54251044 0.56860030 0.52456184
0.51994467 1531.20000000 0.55228362 0.53770417 0.47074188
0.51961413 539.30000000 0.52444607 0.53654909 0.49821096
0.54519649 652.10000000 0.53373750 0.54535538 0.55494831
0.55193403 375.00000000 0.55012241 0.55935519 0.53562203
0.51249490 541.40000000 0.51361997 0.50439927 0.51689268
0.55098951 359.70000000 0.54593785 0.54494638 0.56243436
0.53371064 368.50000000 0.56372697 0.55591064 0.49103217
0.54491004 400.00000000 0.52958915 0.52241842 0.58538892
0.51307630 587.70000000 0.50798147 0.54523992 0.48834850
0.49645619 233.20000000 0.46334701 0.48102444 0.53449195
0.53150730 671.70000000 0.51147832 0.57109513 0.51278687
0.50772122 222.80000000 0.47826123 0.52411057 0.52108588
0.51282216 223.00000000 0.51077575 0.50547131 0.50955214
0.53353737 482.60000000 0.51476630 0.52397858 0.56823714
0.53581184 1510.30000000 0.54465556 0.51691868 0.54530260
0.53423028 982.40000000 0.50973629 0.52031076 0.56973082
0.53946609 588.40000000 0.53753629 0.55554799 0.52611290
0.53866561 980.50000000 0.52119265 0.52277163 0.57056562
0.55528620 965.70000000 0.56809940 0.55863030 0.53681834
0.52492347 691.70000000 0.51040048 0.54443719 0.51670231
0.53106697 419.30000000 0.55018539 0.50097920 0.54170889
0.51660185 955.60000000 0.52369074 0.53005077 0.49589491
0.51473548 237.30000000 0.52042427 0.48978968 0.51091733
0.51660185 955.60000000 0.52369074 0.53005077 0.49589491
0.52437743 945.10000000 0.52705118 0.54086172 0.50366784
0.51787988 686.60000000 0.52381308 0.52213403 0.50612356
0.54039273 166.90000000 0.55665364 0.53718621 0.53093066
0.53985788 915.50000000 0.55599244 0.52038843 0.54565922
0.53619091 1206.90000000 0.53787149 0.54433599 0.52657612
0.53985788 915.50000000 0.55599244 0.52038843 0.54565922
0.54680743 911.50000000 0.53282771 0.56712874 0.53900527
0.52239222 631.30000000 0.51760134 0.53651485 0.51426864
0.52653605 838.40000000 0.51910216 0.56001818 0.50090211
0.53492537 610.80000000 0.54020680 0.51008625 0.55718812
0.56553270 1216.70000000 0.54685950 0.57729785 0.57623645
0.53350470 606.50000000 0.53820876 0.51836200 0.53909468
0.52004975 602.30000000 0.50140171 0.53184247 0.52135309
0.54316750 324.70000000 0.53793161 0.56079872 0.52509228
0.53726628 642.10000000 0.52124421 0.53338537 0.55526934
0.53162590 728.20000000 0.54849772 0.52667394 0.51956139
0.53892054 297.40000000 0.53977645 0.50711203 0.57226469
0.54607487 730.80000000 0.54761159 0.53681730 0.55251898
0.53060292 732.60000000 0.52680854 0.55784613 0.50610894
0.53691376 1205.40000000 0.53827072 0.52863599 0.54316450
0.53294603 491.70000000 0.51508548 0.53302570 0.54889819
0.54204375 705.00000000 0.52769373 0.55030248 0.54309002
0.54199780 639.90000000 0.51877808 0.56779728 0.53971046
0.52529506 698.60000000 0.49099090 0.52507989 0.56058733
0.50996810 711.30000000 0.51473724 0.52622568 0.48398590
0.49712919 1215.10000000 0.45839542 0.51640200 0.51998217
0.53201157 1103.60000000 0.52562019 0.54542526 0.52551220
0.44110169 115.20000000 0.41950067 0.48592488 0.42343439
0.52555460 676.80000000 0.53860130 0.52847280 0.51237961
0.45437853 117.60000000 0.46559960 0.41098911 0.47748192
0.44607345 114.60000000 0.40662505 0.39325817 0.51860428
0.44437853 189.70000000 0.48313287 0.45867863 0.41038478
0.53319217 1079.50000000 0.53286048 0.52692905 0.54018877
0.45781250 206.50000000 0.43257278 0.44017686 0.50745868
0.53030622 295.00000000 0.49715050 0.56945939 0.51733523
0.46875000 202.60000000 0.45139225 0.46949670 0.49795828
0.48750000 202.30000000 0.54369761 0.44074850 0.46782314
0.47031250 184.60000000 0.41299721 0.47734251 0.51603275
0.53041141 257.30000000 0.54334599 0.56181812 0.48394999
0.53271028 1212.80000000 0.55923292 0.52315197 0.51380091
0.54336972 1373.70000000 0.56660029 0.55080897 0.51047316
0.53037383 1210.80000000 0.48521919 0.54836495 0.55544353
0.53084112 1214.70000000 0.54625282 0.52395521 0.52363697
0.55327103 1045.10000000 0.57441854 0.54623236 0.54321478
0.54995749 1183.50000000 0.54799387 0.54220199 0.56071258
0.53252595 687.50000000 0.50974781 0.56737911 0.52139552
0.53405452 754.20000000 0.53548711 0.53549576 0.53059598
0.52975779 687.00000000 0.52488604 0.54279672 0.51875531
0.53979239 685.20000000 0.52865309 0.51500180 0.56959605
0.53702422 1050.80000000 0.53335748 0.54113399 0.54170461
0.52521675 1143.50000000 0.53535160 0.54158462 0.49669973
0.54172662 573.90000000 0.55798347 0.51883410 0.54640045
0.52091175 689.40000000 0.52304212 0.51777245 0.52781401
0.53669065 571.30000000 0.55158268 0.56505734 0.49479434
0.53669065 567.00000000 0.49527533 0.56689403 0.54881172
0.56187050 293.10000000 0.55052544 0.57203232 0.56810865
0.50596664 344.10000000 0.49771083 0.48751349 0.52803646
0.52974127 621.60000000 0.53499751 0.52379944 0.53041918
0.53665474 466.10000000 0.51425744 0.51528646 0.58350996
0.53083911 630.60000000 0.54822067 0.56285688 0.48309022
0.52066962 630.40000000 0.54752227 0.51338291 0.50538899
0.56031715 732.90000000 0.55224368 0.53548263 0.58377758
0.54047704 540.10000000 0.52495397 0.56036105 0.53682470
0.53628825 687.10000000 0.54171834 0.55000862 0.51500619
0.53912314 591.00000000 0.54574971 0.53312130 0.53934782
0.52679406 686.90000000 0.52378416 0.52657226 0.52906141
0.53019925 686.50000000 0.54641429 0.53148095 0.51232321
0.53477702 780.70000000 0.52593640 0.53331909 0.54442556
0.52235663 664.60000000 0.51891805 0.52335500 0.52177134
0.54629735 1224.10000000 0.55492346 0.53365631 0.54645264
0.55932090 976.00000000 0.53305301 0.58721296 0.55415148
0.55823847 1224.90000000 0.55487638 0.56273831 0.55222805
0.53241004 1211.10000000 0.52317441 0.54115353 0.53643825
0.54116708 772.20000000 0.53892987 0.52366792 0.55972491
0.53643472 633.70000000 0.51370860 0.54154619 0.55629284
0.53307125 278.20000000 0.53160342 0.51938418 0.55287902
0.43882155 154.90000000 0.39987664 0.48314177 0.45197288
0.54093380 275.20000000 0.50746371 0.53398496 0.58508459
0.52018055 284.00000000 0.49801721 0.54721769 0.52898408
0.48169288 583.40000000 0.47138851 0.51884505 0.45168587
0.26700337 305.70000000 0.17638877 0.28568391 0.32528711
0.55028926 239.20000000 0.53088678 0.55441060 0.56454237
0.53468612 519.10000000 0.51718648 0.55099568 0.53617374
0.50212810 248.20000000 0.51081415 0.51883617 0.46974535
0.53367080 241.70000000 0.52549396 0.52830400 0.54257030
0.53530992 473.90000000 0.51813830 0.53954424 0.55318771
0.54772178 1014.50000000 0.54468076 0.55142174 0.54579657
0.52457155 881.60000000 0.51316270 0.54064151 0.51802083
0.52792793 360.00000000 0.52700809 0.52815255 0.52104098
0.52536422 906.30000000 0.51448052 0.50779592 0.55886655
0.51127511 896.40000000 0.49756588 0.53248976 0.50437893
0.51460435 592.80000000 0.51404275 0.52265029 0.50781706
0.53783784 255.60000000 0.49118262 0.54044755 0.57997629
0.51345397 871.80000000 0.50600788 0.51604223 0.51768957
0.50376344 463.70000000 0.51014271 0.50858572 0.49633767
0.53258608 861.10000000 0.55063322 0.53691506 0.51172937
0.54155399 884.60000000 0.56787227 0.53460301 0.52400653
0.54329982 997.00000000 0.52781927 0.55024378 0.55204111
0.53279570 545.70000000 0.53535742 0.52035248 0.54583932
0.52075615 880.70000000 0.55654706 0.51019006 0.50017234
0.53021677 1499.50000000 0.54495614 0.55119583 0.49636318
0.53864731 879.00000000 0.55360267 0.51075685 0.55435322
0.52488488 883.10000000 0.52717697 0.54656384 0.50696872
0.53817111 1031.10000000 0.55026699 0.51299280 0.55059729
0.54868692 1765.70000000 0.54207267 0.54796073 0.55548047
0.53675724 816.10000000 0.52912009 0.54849572 0.53293870
0.55496285 1558.40000000 0.55074514 0.56130444 0.55292231
0.53106506 825.00000000 0.54926237 0.52026487 0.52048034
0.53799887 825.90000000 0.53516361 0.53668240 0.53950635
0.52657018 396.80000000 0.53632452 0.51506730 0.52946610
0.51374043 755.60000000 0.50541207 0.52948112 0.51083738
0.54486230 910.70000000 0.54848678 0.56240327 0.52034146
0.53401506 425.50000000 0.52019841 0.52862882 0.55435494
0.54905241 901.40000000 0.54150981 0.57197404 0.53595749
0.51138162 903.70000000 0.50612964 0.52280044 0.50537395
0.54905770 1399.60000000 0.56053488 0.53560108 0.54787520
0.54277617 645.30000000 0.54987383 0.55327935 0.52546821
0.53436991 905.30000000 0.52672330 0.57922246 0.49788934
0.45596076 294.30000000 0.41372265 0.49385809 0.45245134
0.54293880 901.50000000 0.53337495 0.55010788 0.54458492
0.52962113 898.50000000 0.49584540 0.56458558 0.52600464
0.51717663 769.20000000 0.51156510 0.51381443 0.52417663
0.50618290 256.10000000 0.48852505 0.50844496 0.54097402
0.48304437 183.30000000 0.45619081 0.50820323 0.49004612
0.53048326 501.30000000 0.52372689 0.52411641 0.54338248
0.53492507 193.50000000 0.50709509 0.53910817 0.54881240
0.52170144 187.90000000 0.49980519 0.52787210 0.54387090
0.53260359 169.50000000 0.54003146 0.51371118 0.54108480
0.54300128 444.80000000 0.55103996 0.52576024 0.55283188
0.43539430 369.40000000 0.39272754 0.39495427 0.51404004
0.52349127 882.80000000 0.53557928 0.51544032 0.52009064
0.44516846 364.60000000 0.45394372 0.46555655 0.42796035
0.40418364 375.50000000 0.43927193 0.38022467 0.39637810
0.48302481 262.90000000 0.52412121 0.43468222 0.48193468
0.53545198 605.80000000 0.52222419 0.55436483 0.52813074
0.53085963 618.10000000 0.53937110 0.51578416 0.53422071
0.53202098 911.80000000 0.52254639 0.55117145 0.52076671
0.53495556 626.30000000 0.52924038 0.55334100 0.52148051
0.50893658 612.90000000 0.48889572 0.53055828 0.51165486
0.52953235 455.40000000 0.52507182 0.54905662 0.51302466
0.53721975 672.80000000 0.52029943 0.54105689 0.54967874
0.51654845 1111.70000000 0.52787581 0.50871297 0.51374850
0.52644027 945.50000000 0.53939917 0.50852847 0.53109989
0.52682880 1115.20000000 0.54489468 0.52162418 0.51285340
0.54022469 1106.90000000 0.55036011 0.51788142 0.55354042
0.53050324 782.90000000 0.54330751 0.52596078 0.51972717
0.53995289 651.60000000 0.50944011 0.54790474 0.56211842
0.51650190 328.70000000 0.51006094 0.51691874 0.52322609
0.55277616 222.90000000 0.55336127 0.53268171 0.57696618
0.53129421 318.60000000 0.50881046 0.51814001 0.56771326
0.52925358 318.90000000 0.51623484 0.53896926 0.53515169
0.53064121 693.90000000 0.53519488 0.51321386 0.54978263
0.52109299 471.60000000 0.47676233 0.55172505 0.53609244
0.51774194 453.40000000 0.52575756 0.48232235 0.54961774
0.48281250 160.40000000 0.42939859 0.50998939 0.50614758
0.51451613 443.20000000 0.49419171 0.49818760 0.54591514
0.51021505 461.30000000 0.50417176 0.49841489 0.52878709
0.54139785 563.90000000 0.49733129 0.55741411 0.56639586
0.48281250 191.20000000 0.46411277 0.48603947 0.49768162
0.54897477 1457.90000000 0.53517003 0.55244805 0.56088221
0.53084112 926.20000000 0.54600547 0.54175948 0.50498384
0.54123934 1459.30000000 0.55073692 0.53982354 0.53150473
0.56534293 1449.80000000 0.57568161 0.55714539 0.56305762
0.55046109 1832.30000000 0.56526251 0.54169065 0.54149457
0.51682243 1165.20000000 0.50517821 0.51046471 0.53458723
0.52624963 842.30000000 0.55335823 0.51061204 0.51513327
0.52560554 949.40000000 0.53608729 0.51882165 0.52445033
0.53776157 837.70000000 0.50870476 0.55421422 0.55108994
0.53968170 848.20000000 0.51763461 0.53141796 0.57254720
0.51975538 1050.30000000 0.55475783 0.48610900 0.51512045
0.53944637 1171.90000000 0.51374661 0.57966398 0.52155731
0.44144144 650.50000000 0.40060194 0.48869734 0.43616657
0.50791367 817.20000000 0.45399842 0.51154671 0.55218867
0.47567568 649.50000000 0.43508535 0.47857620 0.50691580
0.44954955 651.50000000 0.45097945 0.46383960 0.43390871
0.53603604 262.20000000 0.55416524 0.53294005 0.52332328
0.49712230 321.30000000 0.48772138 0.48905644 0.51032374
0.53042309 371.50000000 0.49977701 0.53305874 0.55213579
0.52824830 1408.20000000 0.53693906 0.51333141 0.53154477
0.54558205 373.60000000 0.44008414 0.58654213 0.60074489
0.50105189 364.90000000 0.44710479 0.51551918 0.52720136
0.50321412 295.70000000 0.45923783 0.50765609 0.55330398
0.52505403 1112.10000000 0.52861300 0.51105019 0.53484673
0.51776689 542.70000000 0.49704528 0.53467923 0.52110225
0.50433281 450.20000000 0.51733708 0.47906614 0.51596195
0.53136755 555.40000000 0.52637440 0.54236677 0.52315986
0.52105567 562.80000000 0.49608987 0.53313789 0.53706182
0.53098323 1428.50000000 0.54484785 0.51981180 0.52929551
0.54790424 1153.60000000 0.54869734 0.54009911 0.55167214
0.54603694 1721.50000000 0.57037856 0.51237755 0.55558538
0.53449725 658.70000000 0.56461881 0.50043752 0.53636001
0.54163641 1734.20000000 0.56359951 0.50731912 0.55241844
0.55138583 1737.80000000 0.54526780 0.55596291 0.55132277
0.52900423 1376.00000000 0.54852003 0.52953379 0.51124485
0.55377410 521.70000000 0.56219944 0.54720680 0.54298520
0.51916524 489.90000000 0.48530906 0.53434009 0.53449788
0.52274976 806.40000000 0.50895777 0.53832600 0.51857510
0.54784716 497.80000000 0.54403692 0.53653401 0.55920833
0.52570573 494.80000000 0.52414193 0.53000371 0.52326341
0.53047120 412.00000000 0.51712117 0.53509909 0.53818397
0.52052344 670.40000000 0.51193852 0.52020617 0.52730805
0.55586762 332.20000000 0.57755929 0.54264050 0.55349210
0.52918825 613.30000000 0.54669747 0.52001740 0.51932278
0.52813357 334.40000000 0.51796708 0.52443387 0.54057821
0.52973166 337.40000000 0.49064735 0.52511708 0.56669479
0.54043530 477.20000000 0.51439707 0.55405223 0.55801435
0.51804610 862.20000000 0.51036213 0.52757469 0.51967890
0.54987199 1302.10000000 0.54536259 0.56347773 0.53604985
0.48900970 391.30000000 0.48631608 0.45084710 0.52642610
0.55058116 1297.00000000 0.53712643 0.54778655 0.56931210
0.53807860 1303.60000000 0.54315288 0.53213432 0.53682231
0.53914619 618.10000000 0.55203427 0.54709106 0.51841487
0.53377902 184.00000000 0.49438861 0.55487200 0.57041340
0.53105930 419.10000000 0.56025378 0.50060131 0.53176979
0.52406676 326.10000000 0.52267339 0.48959725 0.56647051
0.51344811 415.50000000 0.50579629 0.53389169 0.50055905
0.50467001 421.90000000 0.49711627 0.50375826 0.51196762
0.53444524 560.90000000 0.50277658 0.53640508 0.56264936
0.53489075 430.80000000 0.51197992 0.48741327 0.59527756
0.39144781 197.90000000 0.39725533 0.37301319 0.42258998
0.53995727 1067.00000000 0.56570331 0.53911199 0.51754384
0.43501684 187.00000000 0.34097487 0.49178767 0.46462426
0.40033670 193.70000000 0.41761533 0.36734467 0.40834383
0.36380471 273.90000000 0.35433102 0.31915470 0.42637235
0.53865117 1546.50000000 0.55155638 0.52519136 0.53957542
0.45087719 137.90000000 0.40824506 0.48370768 0.46158594
0.53129475 574.70000000 0.55617366 0.53439571 0.50548745
0.48596491 133.80000000 0.44023682 0.47315521 0.55392943
0.48245614 127.00000000 0.48152342 0.45997838 0.48518025
0.36666667 262.80000000 0.37413872 0.38467020 0.33464912
0.53991301 1132.30000000 0.55858621 0.56548389 0.49934084
0.54492754 826.30000000 0.52229680 0.57373278 0.53537316
0.53975364 380.60000000 0.49898947 0.56222484 0.55495169
0.53768116 821.70000000 0.52850042 0.54138814 0.54206050
0.54299517 827.50000000 0.54711908 0.52200931 0.55406246
0.52657005 535.10000000 0.51241952 0.54426442 0.52558746
0.54276596 259.40000000 0.50726165 0.55603667 0.55884410
0.52978723 850.70000000 0.53969562 0.52630485 0.52352873
0.53570136 501.50000000 0.55694177 0.51646262 0.52875865
0.52092199 856.70000000 0.53695127 0.50635946 0.51776078
0.53546099 842.10000000 0.55267912 0.51193017 0.54276328
0.53156028 568.60000000 0.49954811 0.53554891 0.55734250
0.51921337 343.80000000 0.51590340 0.51187322 0.52916382
0.51893939 713.40000000 0.52314870 0.50400406 0.53621882
0.54772237 1732.90000000 0.53345993 0.57703943 0.53254182
0.52045455 707.30000000 0.50631498 0.52975670 0.52645107
0.53939394 706.70000000 0.51160993 0.52097036 0.57319719
0.53560606 450.30000000 0.55054536 0.48793051 0.56584568
0.53709835 1100.40000000 0.54418867 0.53353498 0.53422314
0.54454925 767.20000000 0.56471066 0.52553035 0.54102936
0.53723404 1315.80000000 0.53525072 0.53518435 0.54123771
0.51096067 786.20000000 0.52027146 0.47743626 0.53247871
0.54573964 788.50000000 0.54327269 0.53470008 0.56173540
0.53393317 381.50000000 0.53047880 0.54349086 0.53137358
0.54397163 643.40000000 0.53459625 0.55796160 0.54098030
0.54176724 827.10000000 0.53745743 0.54226468 0.54669245
0.52500000 352.90000000 0.51158368 0.51988968 0.54270188
0.53678194 832.50000000 0.53715837 0.55289415 0.51797817
0.53178683 826.40000000 0.53622701 0.53209408 0.52882331
0.54710325 1264.70000000 0.53672705 0.55847120 0.54412877
0.52424242 518.20000000 0.52342393 0.53572155 0.51338608
0.53292740 835.50000000 0.53752003 0.55698611 0.49981889
0.49298246 195.20000000 0.44802662 0.52219346 0.50933948
0.54151723 833.50000000 0.55104904 0.53615230 0.53591856
0.53580629 841.40000000 0.50954590 0.54162628 0.55812533
0.53785547 1328.80000000 0.52929362 0.54995598 0.53281690
0.31929825 303.60000000 0.30635600 0.33150521 0.34063582
0.55754759 193.70000000 0.54571659 0.56331923 0.56104794
0.52608696 415.60000000 0.54321058 0.52236325 0.51910241
0.51958567 192.70000000 0.47393391 0.54061031 0.54592880
0.53776036 193.60000000 0.53001473 0.55645738 0.52808305
0.52491601 280.30000000 0.48975089 0.56128327 0.53028230
0.53526570 606.30000000 0.54151167 0.53377997 0.53373607
0.52957615 314.10000000 0.47673910 0.52643428 0.58074263
0.52957615 314.10000000 0.47673910 0.52643428 0.58074263
0.51269213 313.90000000 0.47924666 0.53292719 0.52986797
0.53306940 312.90000000 0.52454233 0.53381917 0.53443619
0.52502717 277.20000000 0.52523446 0.54020274 0.51480949
0.53129949 275.90000000 0.53251895 0.54141982 0.50951045
0.55905346 1312.50000000 0.54726375 0.57777825 0.54849910
0.55905346 1312.50000000 0.54726375 0.57777825 0.54849910
0.53931617 1307.70000000 0.52404627 0.56845035 0.52863240
0.54803405 1304.00000000 0.55043062 0.55378623 0.54062832
0.53512789 1127.00000000 0.54520271 0.49438856 0.56689176
0.53588691 1133.40000000 0.49318447 0.57487986 0.54144207
0.53297027 720.30000000 0.55033735 0.51926903 0.52881812
0.53297027 720.30000000 0.55033735 0.51926903 0.52881812
0.51727933 722.20000000 0.52543742 0.51558107 0.51049246
0.53089403 731.50000000 0.51303516 0.54686252 0.53630179
0.56283448 1970.40000000 0.52441286 0.60419150 0.55808391
0.55484020 1970.80000000 0.53870108 0.54547510 0.57996085
0.52784532 679.40000000 0.54153366 0.53551298 0.51456447
0.52784532 679.40000000 0.54153366 0.53551298 0.51456447
0.52152145 696.80000000 0.51735604 0.51817510 0.53344783
0.52254025 685.70000000 0.54450480 0.50292771 0.51579932
0.52308060 608.70000000 0.53226840 0.52913503 0.50767704
0.53798548 594.80000000 0.53405136 0.53789176 0.54308943
0.51517439 657.70000000 0.52725893 0.50744426 0.51234730
0.51517439 657.70000000 0.52725893 0.50744426 0.51234730
0.50924945 649.30000000 0.54738013 0.48860547 0.49359501
0.52857837 640.30000000 0.49159727 0.51635255 0.57642645
0.53116998 736.10000000 0.52722424 0.50779860 0.55432204
0.51058720 735.90000000 0.47779816 0.51370978 0.54062452
0.52625581 737.80000000 0.51972255 0.53236585 0.52248198
0.52625581 737.80000000 0.51972255 0.53236585 0.52248198
0.53261351 743.10000000 0.53686862 0.50449590 0.55671516
0.52593909 724.90000000 0.51601564 0.55905369 0.50671152
0.52425692 848.10000000 0.51450735 0.53253188 0.52439188
0.53057364 849.50000000 0.52053954 0.53964212 0.53263241
0.53808456 1316.10000000 0.53143647 0.53390051 0.55142976
0.53808456 1316.10000000 0.53143647 0.53390051 0.55142976
0.53810423 1314.90000000 0.52057195 0.56340808 0.53025969
0.54516224 1322.40000000 0.56791431 0.56386933 0.50790411
0.54514848 474.50000000 0.51465451 0.55143853 0.56353921
0.53280236 481.60000000 0.53767626 0.54447149 0.51560239
0.49878947 255.20000000 0.50080149 0.46956985 0.52955702
0.49878947 255.20000000 0.50080149 0.46956985 0.52955702
0.51054386 253.40000000 0.50410466 0.52731225 0.50527160
0.53152632 246.40000000 0.53319102 0.52878653 0.54302362
0.51866667 283.50000000 0.50166660 0.52464978 0.53049281
0.49622807 286.90000000 0.47807144 0.49717792 0.50080955
