3.99800000 0.52333333 6.89305526 6.91650025 6.88527077 0.53116652 0.52878278 0.50783949
3.99800000 0.52333333 6.89305526 6.91650025 6.88527077 0.53116652 0.52878278 0.50783949
3.99800000 0.52333333 6.89305526 6.91650025 6.88527077 0.53116652 0.52878278 0.50783949
3.99800000 0.52333333 6.89305526 6.91650025 6.88527077 0.53116652 0.52878278 0.50783949
3.99800000 0.52333333 6.89305526 6.91650025 6.88527077 0.53116652 0.52878278 0.50783949
3.99800000 0.52333333 6.89305526 6.91650025 6.88527077 0.53116652 0.52878278 0.50783949
3.88360000 0.52960000 6.45052553 6.44151887 6.48108991 0.54203427 0.52094590 0.53018740
3.88360000 0.52960000 6.45052553 6.44151887 6.48108991 0.54203427 0.52094590 0.53018740
3.88360000 0.52960000 6.45052553 6.44151887 6.48108991 0.54203427 0.52094590 0.53018740
3.88360000 0.52960000 6.45052553 6.44151887 6.48108991 0.54203427 0.52094590 0.53018740
3.88360000 0.52960000 6.45052553 6.44151887 6.48108991 0.54203427 0.52094590 0.53018740
3.88360000 0.52960000 6.45052553 6.44151887 6.48108991 0.54203427 0.52094590 0.53018740
3.98866667 0.52766667 6.79878206 6.76985980 6.80024618 0.54199888 0.51597200 0.52692524
3.98866667 0.52766667 6.79878206 6.76985980 6.80024618 0.54199888 0.51597200 0.52692524
3.98866667 0.52766667 6.79878206 6.76985980 6.80024618 0.54199888 0.51597200 0.52692524
3.98866667 0.52766667 6.79878206 6.76985980 6.80024618 0.54199888 0.51597200 0.52692524
3.98766667 0.52833333 6.78515683 6.79303231 6.78644163 0.54206292 0.51475556 0.52965516
3.98766667 0.52833333 6.78515683 6.79303231 6.78644163 0.54206292 0.51475556 0.52965516
4.18500000 0.52600000 6.77445460 6.78127224 6.78381194 0.52695078 0.53701226 0.51439664
4.18500000 0.52600000 6.77445460 6.78127224 6.78381194 0.52695078 0.53701226 0.51439664
4.18500000 0.52600000 6.77445460 6.78127224 6.78381194 0.52695078 0.53701226 0.51439664
4.18500000 0.52600000 6.77445460 6.78127224 6.78381194 0.52695078 0.53701226 0.51439664
4.17800000 0.52450000 6.80163992 6.76028820 6.80567316 0.52549193 0.53261665 0.51516456
4.17800000 0.52450000 6.80163992 6.76028820 6.80567316 0.52549193 0.53261665 0.51516456
4.01688889 0.52666667 6.76030406 6.75736197 6.76738669 0.53970080 0.52112540 0.52081646
4.01688889 0.52666667 6.76030406 6.75736197 6.76738669 0.53970080 0.52112540 0.52081646
4.01688889 0.52666667 6.76030406 6.75736197 6.76738669 0.53970080 0.52112540 0.52081646
4.01688889 0.52800000 6.75916285 6.75470411 6.77006096 0.53820674 0.52886741 0.51847811
4.01688889 0.52666667 6.76030406 6.75736197 6.76738669 0.53970080 0.52112540 0.52081646
4.01688889 0.52800000 6.75916285 6.75470411 6.77006096 0.53820674 0.52886741 0.51847811
4.12123077 0.53384615 6.71876197 6.73924988 6.71196476 0.55104460 0.51782710 0.53415434
4.12123077 0.53384615 6.71876197 6.73924988 6.71196476 0.55104460 0.51782710 0.53415434
4.12123077 0.53384615 6.71876197 6.73924988 6.71196476 0.55104460 0.51782710 0.53415434
4.12123077 0.53323077 6.72167972 6.73933639 6.71573708 0.54636366 0.51695956 0.53741470
4.12123077 0.53384615 6.71876197 6.73924988 6.71196476 0.55104460 0.51782710 0.53415434
4.12123077 0.53323077 6.72167972 6.73933639 6.71573708 0.54636366 0.51695956 0.53741470
4.01781818 0.53745455 6.82713002 6.82556486 6.81038767 0.55271942 0.53229883 0.53197923
4.01781818 0.53745455 6.82713002 6.82556486 6.81038767 0.55271942 0.53229883 0.53197923
4.01781818 0.53745455 6.82713002 6.82556486 6.81038767 0.55271942 0.53229883 0.53197923
4.01781818 0.53672727 6.82618718 6.82563295 6.81582966 0.55303328 0.53379679 0.52789404
4.03381818 0.53818182 6.84373574 6.85919504 6.83603343 0.55465624 0.53344211 0.53104636
4.03381818 0.53672727 6.84256882 6.85813121 6.83747579 0.55303584 0.53810228 0.52377785
3.96171429 0.52228571 6.73015362 6.69160849 6.73557463 0.52158763 0.53575555 0.51359107
3.96171429 0.52228571 6.73015362 6.69160849 6.73557463 0.52158763 0.53575555 0.51359107
3.96171429 0.52228571 6.73015362 6.69160849 6.73557463 0.52158763 0.53575555 0.51359107
3.96171429 0.52171429 6.73179297 6.69068557 6.73006585 0.51955227 0.53788851 0.51022110
3.94685714 0.52342857 6.69854665 6.67917186 6.71483781 0.52342592 0.53544042 0.51559107
3.94685714 0.52342857 6.69973622 6.67844722 6.71289154 0.52108665 0.54161157 0.51022110
3.94986915 0.52161793 6.69775224 6.69770884 6.70527750 0.51807295 0.53165555 0.51897460
3.99353757 0.53447450 6.69723229 6.70187972 6.69526891 0.55296198 0.52336021 0.52510567
3.94986915 0.52161793 6.69775224 6.69770884 6.70527750 0.51807295 0.53165555 0.51897460
3.94986915 0.52375981 6.69138655 6.69927497 6.69549916 0.51839986 0.52881849 0.52844784
3.95787063 0.52215838 6.70278762 6.68929333 6.69416311 0.51790419 0.53191567 0.52018664
3.89486402 0.53180710 6.60182610 6.62379951 6.62220244 0.54858225 0.52308823 0.52243555
4.05669159 0.52518148 6.35093135 6.37364325 6.38546692 0.54255722 0.51475851 0.52006583
4.00000000 0.52560403 6.95607582 6.93985846 6.95347017 0.53002647 0.53122787 0.51369167
4.05669159 0.52518148 6.35093135 6.37364325 6.38546692 0.54255722 0.51475851 0.52006583
4.05669159 0.52622314 6.34864801 6.37548541 6.38874251 0.54374702 0.51412406 0.52284166
4.02015341 0.52483546 6.36448805 6.38545221 6.40220262 0.54130480 0.51585573 0.51872852
3.96860183 0.51944634 6.83943025 6.82137152 6.84905807 0.51810340 0.53499583 0.50215599
3.99732587 0.52977806 6.61122331 6.61363010 6.61495962 0.53985631 0.51455661 0.53514589
4.00522633 0.53033041 6.70450816 6.66560975 6.66764562 0.52597571 0.54416727 0.51880734
3.99732587 0.52977806 6.61122331 6.61363010 6.61495962 0.53985631 0.51455661 0.53514589
3.99732587 0.53066915 6.60850604 6.61373490 6.61124586 0.54334645 0.51233630 0.53630318
3.99732587 0.52977806 6.61122331 6.61363010 6.61495962 0.53985631 0.51455661 0.53514589
4.00522633 0.52798078 6.70446250 6.66431106 6.66794109 0.52044474 0.53934557 0.52203889
4.09769173 0.52463568 6.66267281 6.65491228 6.68158422 0.54534647 0.52239308 0.50970142
3.78175637 0.52799521 6.37027218 6.39256140 6.35167047 0.54938220 0.51171188 0.52409506
4.09769173 0.52463568 6.66267281 6.65491228 6.68158422 0.54534647 0.52239308 0.50970142
4.09769173 0.52421905 6.66147991 6.65898833 6.68570017 0.54873527 0.51841402 0.50804529
4.09769173 0.52463568 6.66267281 6.65491228 6.68158422 0.54534647 0.52239308 0.50970142
3.78175637 0.52415725 6.37302715 6.39308323 6.35535055 0.54271930 0.50891557 0.52217113
4.02970148 0.53269112 6.65686682 6.64086660 6.65539124 0.52766478 0.54805570 0.52121277
3.88503766 0.53303689 6.65203900 6.68113361 6.65311216 0.54050839 0.51418102 0.54421360
4.02970148 0.53269112 6.65686682 6.64086660 6.65539124 0.52766478 0.54805570 0.52121277
4.02970148 0.52939587 6.65999281 6.64507592 6.65298566 0.52167931 0.54101249 0.52386140
4.02875587 0.53174993 6.69290006 6.67234009 6.68226291 0.52601832 0.54394315 0.52365180
3.88593928 0.53303952 6.66611595 6.66511488 6.63778268 0.54668863 0.51603933 0.53632648
3.76703428 0.52703469 6.36575900 6.39321582 6.37825281 0.54967175 0.51292082 0.52042304
4.11872319 0.52211112 6.62039218 6.65883394 6.67811866 0.54398247 0.51796367 0.50640825
3.76703428 0.52703469 6.36575900 6.39321582 6.37825281 0.54967175 0.51292082 0.52042304
3.76703428 0.52735725 6.36575900 6.39527767 6.37746612 0.55054500 0.51188990 0.52106984
3.78047329 0.52415622 6.36339525 6.38071443 6.37168505 0.54381197 0.50782804 0.52217558
4.18145055 0.52674361 6.73098250 6.76860047 6.75367428 0.55260567 0.51856970 0.51182307
4.01182190 0.53409572 6.69306592 6.70020214 6.68599826 0.55025204 0.52539887 0.52450905
3.95837410 0.52483218 6.69281211 6.70076817 6.67603136 0.52520596 0.53129192 0.52276216
4.01182190 0.53409572 6.69306592 6.70020214 6.68599826 0.55025204 0.52539887 0.52450905
4.01182190 0.53409572 6.69159145 6.69803635 6.68359608 0.54960266 0.52761455 0.52339069
4.01182190 0.53409572 6.69306592 6.70020214 6.68599826 0.55025204 0.52539887 0.52450905
3.95837410 0.52696553 6.69577524 6.70043945 6.67444406 0.52686276 0.53342589 0.52550666
3.99138453 0.52498296 6.84448668 6.86664735 6.86083403 0.52381435 0.53673522 0.51167118
4.05701461 0.52657399 6.35595572 6.36726692 6.40269994 0.54541976 0.51496661 0.52038416
3.99138453 0.52498675 6.84448668 6.86664735 6.86083403 0.52532950 0.53494950 0.51167118
3.99138453 0.51882905 6.84439896 6.86828669 6.86283403 0.51643673 0.53551051 0.50215599
3.99138453 0.52498296 6.84448668 6.86664735 6.86083403 0.52381435 0.53673522 0.51167118
4.05701461 0.52692122 6.35595572 6.36940644 6.40144877 0.54663928 0.51504251 0.52080382
4.00000000 0.52070654 7.00000000 7.00000000 7.00000000 0.51716863 0.54076976 0.50461055
3.94523005 0.52833591 6.55639931 6.54562438 6.53350924 0.52006042 0.53683688 0.53023153
4.00000000 0.52070654 7.00000000 7.00000000 7.00000000 0.51716863 0.54076976 0.50461055
4.00000000 0.52248168 7.00000000 7.00000000 7.00000000 0.51895435 0.54596996 0.50261055
4.05330727 0.52070654 6.97185181 6.96210751 6.97760263 0.51716863 0.54076976 0.50478939
3.99321326 0.52785048 6.53652208 6.52023629 6.53257208 0.52285631 0.53391702 0.52893283
3.96317345 0.53052211 6.68495649 6.67016118 6.67725365 0.54653424 0.53240292 0.51724208
4.04309680 0.52496434 6.78614782 6.78761467 6.79223223 0.54344584 0.51407109 0.51752734
3.96317345 0.53052211 6.68495649 6.67016118 6.67725365 0.54653424 0.53240292 0.51724208
3.96317345 0.53274427 6.68457599 6.66515879 6.67321918 0.54772482 0.53666386 0.51900448
3.96987044 0.53274427 6.69445893 6.68673895 6.67769961 0.54989760 0.53268337 0.52057541
4.02906474 0.52496328 6.79531681 6.78794462 6.82012090 0.54140206 0.51809284 0.51548986
4.00188679 0.52664675 6.57387149 6.59880788 6.61419105 0.55003785 0.50763279 0.52409569
3.93289914 0.53179110 6.74746722 6.76285887 6.73481560 0.54570914 0.52298642 0.53438268
4.00188679 0.52664675 6.57387149 6.59880788 6.61419105 0.55003785 0.50763279 0.52409569
4.00188679 0.52570829 6.57766582 6.59698315 6.60941435 0.54434433 0.50773078 0.52662405
3.98934071 0.52758325 6.58517036 6.60977617 6.60900581 0.54983325 0.51059769 0.52411538
3.93171510 0.52905976 6.73860737 6.73617828 6.74313592 0.54364213 0.52351667 0.52624356
4.02147166 0.52787902 6.86832976 6.87004988 6.88518577 0.53288732 0.53481395 0.51687361
3.94304263 0.51887555 6.70847580 6.72045020 6.72995927 0.52055274 0.52711181 0.50907355
4.02147166 0.52787902 6.86832976 6.87004988 6.88518577 0.53288732 0.53481395 0.51687361
4.02147166 0.53108165 6.87074582 6.86885963 6.88663505 0.53312615 0.54042702 0.52171078
4.02376524 0.52742240 6.84627772 6.86166642 6.84685661 0.53153597 0.53366453 0.51838876
3.95458517 0.52272171 6.71325049 6.70840360 6.73627007 0.53039509 0.52264349 0.51512352
3.97252074 0.52500843 6.65550805 6.69050386 6.66884758 0.54630477 0.51571149 0.51240327
4.00386133 0.51185417 6.68976045 6.69279835 6.72673019 0.50490051 0.52909360 0.50532994
3.97252074 0.52500843 6.65550805 6.69050386 6.66884758 0.54630477 0.51571149 0.51240327
3.97252074 0.52418539 6.65788165 6.69289985 6.66782718 0.54152357 0.51451879 0.51595532
3.99302435 0.52459860 6.73005988 6.75552775 6.74492656 0.54630477 0.51442944 0.51240327
4.01489588 0.51295610 6.68773832 6.68801591 6.71080992 0.50653985 0.53249222 0.50381479
4.21466794 0.53549478 6.63113188 6.64631034 6.61769495 0.54157840 0.52017481 0.54404304
3.93853638 0.52861361 6.67205833 6.67216774 6.67133964 0.54370083 0.51972631 0.52201744
4.21466794 0.53549478 6.63113188 6.64631034 6.61769495 0.54157840 0.52017481 0.54404304
4.21466794 0.53665757 6.63019730 6.64452405 6.61769495 0.54340583 0.52207116 0.54397077
4.19924571 0.53578632 6.62735908 6.64553160 6.63795368 0.54157840 0.51934148 0.54571913
3.93424194 0.52754474 6.65447694 6.65588252 6.66764059 0.54272043 0.51979885 0.51977450
4.08476469 0.52414966 6.73568156 6.76313223 6.76682673 0.54370820 0.50541699 0.52537797
3.92425199 0.53034343 6.63514017 6.64617835 6.63146967 0.54962111 0.51728629 0.52334878
4.08476469 0.52448980 6.73568156 6.76313223 6.76682673 0.54370820 0.50649226 0.52537797
4.08476469 0.52414966 6.73568156 6.76313223 6.76577410 0.54483180 0.50434172 0.52549602
4.10347101 0.52314783 6.77005130 6.75823197 6.76446825 0.54018126 0.50569272 0.52667744
3.88047629 0.52792924 6.66946314 6.65388425 6.65658583 0.54441419 0.51445803 0.52435625
4.05573420 0.52527109 6.87387283 6.87954845 6.87174915 0.52631652 0.53831873 0.50896505
4.01642783 0.52613823 6.77743937 6.76573924 6.79198533 0.54389389 0.52053518 0.51409909
4.05573420 0.52527109 6.87387283 6.87954845 6.87174915 0.52631652 0.53831873 0.50896505
4.05573420 0.52424016 6.87387283 6.87954845 6.87174915 0.52631652 0.53686535 0.50721066
4.01650019 0.52578655 6.90846156 6.88359685 6.87724142 0.52631652 0.53831873 0.51035394
4.05747873 0.52613636 6.79566702 6.80155413 6.80604625 0.54136224 0.52674584 0.51016701
3.95477809 0.51625584 6.74354091 6.73936021 6.76898091 0.51334728 0.53128638 0.50816350
3.99654285 0.52633229 6.60058114 6.63289771 6.60730673 0.54527026 0.50883684 0.52674540
3.95477809 0.51625584 6.74354091 6.73936021 6.76898091 0.51334728 0.53128638 0.50816350
3.95477809 0.51460446 6.74396460 6.73280602 6.77495239 0.50641566 0.54138946 0.50060472
4.01708457 0.51791330 6.69782985 6.68139334 6.73092757 0.51498662 0.53307209 0.50978627
3.98307407 0.53009503 6.62037043 6.61003636 6.61943740 0.55076392 0.51356050 0.52758969
3.95307791 0.52826658 6.63476251 6.63605628 6.63636588 0.54838770 0.52097537 0.51470402
4.01738930 0.52970759 6.86196803 6.85649788 6.85890250 0.53137395 0.53303572 0.52582619
3.95307791 0.52826658 6.63476251 6.63605628 6.63636588 0.54838770 0.52097537 0.51470402
3.95307791 0.53003332 6.63556732 6.63820619 6.63565434 0.54760458 0.52335953 0.51822302
3.94597814 0.52648595 6.66190451 6.67181817 6.65371983 0.54327445 0.52094895 0.51453133
4.02694273 0.52879435 6.85440622 6.86151235 6.86803484 0.52882733 0.53394368 0.52512686
3.89436265 0.52853074 6.63923760 6.66034097 6.64625877 0.54435378 0.51359495 0.52684234
4.00000000 0.52011130 6.99836066 6.99827586 7.00000000 0.51413378 0.54453690 0.50261055
3.89436265 0.52853074 6.63923760 6.66034097 6.64625877 0.54435378 0.51359495 0.52684234
3.89436265 0.52853074 6.63839015 6.66034097 6.64716786 0.54427531 0.51446452 0.52597711
3.87019710 0.52883376 6.67182964 6.65635690 6.66257588 0.54534012 0.51458145 0.52609002
4.10072203 0.52069949 6.93806792 6.93958481 6.94188595 0.51725553 0.54456250 0.50097121
4.03415249 0.52527429 6.74332101 6.75079457 6.76358622 0.54052445 0.52415605 0.51184467
3.96688953 0.53200216 6.68408035 6.67080031 6.67686578 0.54800914 0.53749605 0.51574471
4.03415249 0.52527429 6.74332101 6.75079457 6.76358622 0.54052445 0.52415605 0.51184467
4.03415249 0.52440849 6.74332101 6.75346884 6.76358622 0.54043510 0.52148177 0.51184467
4.06918570 0.52570533 6.77530823 6.77314374 6.77744198 0.54423257 0.52415605 0.50942238
3.95685929 0.53125590 6.66712767 6.65212342 6.65889373 0.54885296 0.53322058 0.51695599
3.97040946 0.52640355 6.55882334 6.54257848 6.54666874 0.52173414 0.53041132 0.52865405
4.08680086 0.52587820 6.78326387 6.81261635 6.78672563 0.54421439 0.51033572 0.52574637
3.97040946 0.52640355 6.55882334 6.54257848 6.54666874 0.52173414 0.53041132 0.52865405
3.97040946 0.52930679 6.56031405 6.53793268 6.54815751 0.52582193 0.53645756 0.52727593
3.96264950 0.52736973 6.54921552 6.55383737 6.54160950 0.52151769 0.53643642 0.52574572
4.10995449 0.52348448 6.78366277 6.79202083 6.78657228 0.53999358 0.50569272 0.52744128
4.05191608 0.52105235 6.79744177 6.80324680 6.79116588 0.53679623 0.50907804 0.51744043
4.00103894 0.52680679 6.87864441 6.87183478 6.89870184 0.52612513 0.54577086 0.50730764
4.05191608 0.52105235 6.79744177 6.80324680 6.79116588 0.53679623 0.50907804 0.51744043
4.05191608 0.52627366 6.79747755 6.79908686 6.79208171 0.54545620 0.51498893 0.51854347
4.00359264 0.52105022 6.77725241 6.80037313 6.81051353 0.53678813 0.51094786 0.51536944
4.02219166 0.52578655 6.87162213 6.88793700 6.86291103 0.52631652 0.53831873 0.51035394
4.00976107 0.53023164 6.97257438 6.98388678 6.97931426 0.54342118 0.52372923 0.53054323
3.88268906 0.52582979 6.56157922 6.59140998 6.58573208 0.54269359 0.51720117 0.51780711
4.00976107 0.53023164 6.97257438 6.98388678 6.97931426 0.54342118 0.52372923 0.53054323
4.00976107 0.53101137 6.97139791 6.98388678 6.97931426 0.54700445 0.52249627 0.52988063
3.99454645 0.52906128 6.74153576 6.75146637 6.75873980 0.54221636 0.52239029 0.52918240
4.05660291 0.52336572 6.76874150 6.80245769 6.78080809 0.54278940 0.51203346 0.51444409
3.93408868 0.51695656 6.71540890 6.71592115 6.73959368 0.51817178 0.53069745 0.50090397
4.20768103 0.53781612 6.65426686 6.64012175 6.62611597 0.54274951 0.52467880 0.54522701
3.93408868 0.51695656 6.71540890 6.71592115 6.73959368 0.51817178 0.53069745 0.50090397
3.93408868 0.52399967 6.70519778 6.71813471 6.73663659 0.53228188 0.52694905 0.51333780
3.97759677 0.51504165 6.75055489 6.75451595 6.74906660 0.51817178 0.52897331 0.49700700
4.23269798 0.53666096 6.59888845 6.62274143 6.61985716 0.54239807 0.52033344 0.54659632
3.93977201 0.52320755 6.67458822 6.67746693 6.74099031 0.52492479 0.53273125 0.51551575
4.19598268 0.51826627 6.77959834 6.77757077 6.81069638 0.51376591 0.52756701 0.51184505
3.93977201 0.52320755 6.67458822 6.67746693 6.74099031 0.52492479 0.53273125 0.51551575
3.93977201 0.52132469 6.67458822 6.67746693 6.74099031 0.52114654 0.53301498 0.51313480
3.96609277 0.52383255 6.67601264 6.69497281 6.73153551 0.52659145 0.53273125 0.51551575
4.17575168 0.51770448 6.79888231 6.79595799 6.78722436 0.51160542 0.52768738 0.51184505
3.99152510 0.52908969 6.57838826 6.57884055 6.61894663 0.54456388 0.52248614 0.52237455
4.09457724 0.53146515 6.52587072 6.54775046 6.55052933 0.55551187 0.52813745 0.51385964
3.99152510 0.52908969 6.57838826 6.57884055 6.61894663 0.54456388 0.52248614 0.52237455
3.99152510 0.52869914 6.57846179 6.57750722 6.61873421 0.54220830 0.52494307 0.52107776
3.85692753 0.52947431 6.52498886 6.54176898 6.56136087 0.54456388 0.52498227 0.52131072
4.10716588 0.53470256 6.54633803 6.55677891 6.54943934 0.55579630 0.53039799 0.52102446
4.03620942 0.52797474 6.81057667 6.83469025 6.81953569 0.54160143 0.51650225 0.52580781
3.89302858 0.53092612 6.61135175 6.63713509 6.60435384 0.54381480 0.51970140 0.52962016
4.03620942 0.52797474 6.81057667 6.83469025 6.81953569 0.54160143 0.51650225 0.52580781
4.03620942 0.52733062 6.80963327 6.83654226 6.81860976 0.54160143 0.51474112 0.52596338
4.05270905 0.52829836 6.80869645 6.82240530 6.79677361 0.54165387 0.51855618 0.52481059
3.92868726 0.53123193 6.59785030 6.60150431 6.62029952 0.54832969 0.51965363 0.52564909
4.01002051 0.52866484 6.86928466 6.88484844 6.88578145 0.52171711 0.53666181 0.52992395
3.97150655 0.52166935 6.68125965 6.68354760 6.72405638 0.53936587 0.51778636 0.51017420
4.01002051 0.52866484 6.86928466 6.88484844 6.88578145 0.52171711 0.53666181 0.52992395
4.01002051 0.52867396 6.87224092 6.88814307 6.88578145 0.52287779 0.53425926 0.53051199
3.99523582 0.52914331 6.88474841 6.87173807 6.87601954 0.52297580 0.53682561 0.53082973
3.95396461 0.52517812 6.70191567 6.67894833 6.69800526 0.54398240 0.51877181 0.51460912
4.20564466 0.52392253 6.72138422 6.75719188 6.75402133 0.53994098 0.51708989 0.51603021
4.00443833 0.52781078 6.86052772 6.86670821 6.90005272 0.52509525 0.53184652 0.52539420
4.20564466 0.52434806 6.72138422 6.75719188 6.75402133 0.54119098 0.51708989 0.51603021
4.20564466 0.52392071 6.71713831 6.75873785 6.75268824 0.54553494 0.51549081 0.51208666
4.18047281 0.52349700 6.71996307 6.72295638 6.73280291 0.53994098 0.51708989 0.51482539
3.98769922 0.52929344 6.89925888 6.89512822 6.89927428 0.52711562 0.53987986 0.52033541
3.87884976 0.53155152 6.64932774 6.67460677 6.64998749 0.54302283 0.51830253 0.53232311
3.99076342 0.52490989 6.35380697 6.35556655 6.38117700 0.53888159 0.51340669 0.52257323
3.87884976 0.53155152 6.64932774 6.67460677 6.64998749 0.54302283 0.51830253 0.53232311
3.87884976 0.53275360 6.64842366 6.67353253 6.65526974 0.54919244 0.51721481 0.53085149
3.87676557 0.53095451 6.65430443 6.66077284 6.67561334 0.54303878 0.51647571 0.53220463
4.01451494 0.53018716 6.36450629 6.36802836 6.37866605 0.54450028 0.52020986 0.52645637
3.98663949 0.52549666 6.84885271 6.84124537 6.85364979 0.54394014 0.51866681 0.51645107
3.95100526 0.53301951 6.75062984 6.75304166 6.74025357 0.54514151 0.52716739 0.52381027
3.98663949 0.52549666 6.84885271 6.84124537 6.85364979 0.54394014 0.51866681 0.51645107
3.98663949 0.52795775 6.84908520 6.83917989 6.85059635 0.54490606 0.51849403 0.52261588
4.03236842 0.52584878 6.81619113 6.83684018 6.83454998 0.54191199 0.51651872 0.52169306
3.99842208 0.53301951 6.99887640 6.99773831 6.99130956 0.54311148 0.52153146 0.53134169
4.00814336 0.51846651 6.90415248 6.87484311 6.89945603 0.51501110 0.53255779 0.50371087
4.04900688 0.52055004 6.85284924 6.88025363 6.85823510 0.52751653 0.52855680 0.51090342
4.00814336 0.51846651 6.90415248 6.87484311 6.89945603 0.51501110 0.53255779 0.50371087
4.00814336 0.52225323 6.90094882 6.87325580 6.89945603 0.52258838 0.53134494 0.51123322
4.03361927 0.51683901 6.86153066 6.85738967 6.86959173 0.51681284 0.52951747 0.50041530
4.01765130 0.52054155 6.88297935 6.88373701 6.89413629 0.53357180 0.51990611 0.51336387
3.77502849 0.52867761 6.42479226 6.42182132 6.42284690 0.52040719 0.54180145 0.52443454
4.01686337 0.52614409 6.83483686 6.82710837 6.82065469 0.53977250 0.51066171 0.52857425
3.77502849 0.52867761 6.42479226 6.42182132 6.42284690 0.52040719 0.54180145 0.52443454
3.77502849 0.52512172 6.42340167 6.42011808 6.42462590 0.51698478 0.53925073 0.51977053
3.76687558 0.52817259 6.44262295 6.44056462 6.42830662 0.52045454 0.53889033 0.52612946
4.01960896 0.52442232 6.82579080 6.81974792 6.84214723 0.53876554 0.50970876 0.52562337
3.91812722 0.52123601 6.40741413 6.44867396 6.41951339 0.54176548 0.50194302 0.52124780
4.02465142 0.52150179 6.76229168 6.73209739 6.77200961 0.51692310 0.53254665 0.51363423
3.91812722 0.52157271 6.40741413 6.44867396 6.41951339 0.54176548 0.50299566 0.52124780
3.91812722 0.52427541 6.40640468 6.45088858 6.42014407 0.54067748 0.50644187 0.52683287
3.95216353 0.52022591 6.38314253 6.42437807 6.40417848 0.53965932 0.50307909 0.51937044
4.01888399 0.52517222 6.74582169 6.73303120 6.76706458 0.52411658 0.53396398 0.51786495
4.01729773 0.53488531 6.71676255 6.69291004 6.74189639 0.54035618 0.52284543 0.53900679
4.28807400 0.52699689 6.75353466 6.73924382 6.70907418 0.54504856 0.51697620 0.51789887
4.01729773 0.53488531 6.71676255 6.69291004 6.74189639 0.54035618 0.52284543 0.53900679
4.01729773 0.53546168 6.71831473 6.69455410 6.73307148 0.54269751 0.52050906 0.54139548
4.03749479 0.53546085 6.71305778 6.68305986 6.71022862 0.54023653 0.52392094 0.53984713
4.33088174 0.52782849 6.78280464 6.78169113 6.77184422 0.54562249 0.52112956 0.51611962
3.99068497 0.52371548 6.67879203 6.69923531 6.69778862 0.53946476 0.51325689 0.52286332
3.93981197 0.53494135 6.51226276 6.49013667 6.48299374 0.54581826 0.51871461 0.54004249
3.99068497 0.52371548 6.67879203 6.69923531 6.69778862 0.53946476 0.51325689 0.52286332
3.99068497 0.52290576 6.67887924 6.69923531 6.69892498 0.53812755 0.51325689 0.52172696
3.99797571 0.52371548 6.76143642 6.80400269 6.79623656 0.53946476 0.51325689 0.52286332
4.00586165 0.53523202 6.47982352 6.48002768 6.45601480 0.54675800 0.51780685 0.54095158
3.92114467 0.52453222 6.68474935 6.68522419 6.73623507 0.53055993 0.53009690 0.51256525
4.03740908 0.52820876 6.80263402 6.80399522 6.80864278 0.55019347 0.51196201 0.52255572
3.92114467 0.52453222 6.68474935 6.68522419 6.73623507 0.53055993 0.53009690 0.51256525
3.92114467 0.52408177 6.68474935 6.68522419 6.73623507 0.53055993 0.53009690 0.51134574
3.92925686 0.52588561 6.68933756 6.70921859 6.71839251 0.53468450 0.53161566 0.51149227
4.01933896 0.52536166 6.81620961 6.80741958 6.78838153 0.54534865 0.50705132 0.52346750
3.94188483 0.53044833 6.51123719 6.53730859 6.49489938 0.54626231 0.51233403 0.53295607
3.95038760 0.52687769 6.68483197 6.67651513 6.66293950 0.52208161 0.54353514 0.51620608
3.94188483 0.53044833 6.51123719 6.53730859 6.49489938 0.54626231 0.51233403 0.53295607
3.94188483 0.53231265 6.51123719 6.53730859 6.49206390 0.54626231 0.51217619 0.53866409
3.93255935 0.52951568 6.51518720 6.53713210 6.50696788 0.54723119 0.51167328 0.52986513
4.05238157 0.52826873 6.71774289 6.66584421 6.69063168 0.52353264 0.54325456 0.51880479
3.94773714 0.53386287 6.66323652 6.68198119 6.70271263 0.55144239 0.53569179 0.51608111
4.18485214 0.52414020 6.89055359 6.86812052 6.86826003 0.52470553 0.54033805 0.51197325
3.94773714 0.53386287 6.66323652 6.68198119 6.70271263 0.55144239 0.53569179 0.51608111
3.94773714 0.53423052 6.66323652 6.68198119 6.70271263 0.55263287 0.53569179 0.51608111
3.94113984 0.53239093 6.63340893 6.67575906 6.66721596 0.54729684 0.53574012 0.51608111
4.08938664 0.52656444 6.94550187 6.93779463 6.95784043 0.52640765 0.54607780 0.51197325
4.29142527 0.52066163 6.74304275 6.74072470 6.70975785 0.52047127 0.53538433 0.50923249
3.92771457 0.53162009 6.65013235 6.64072407 6.66344940 0.54810559 0.52946161 0.52239984
4.29142527 0.52066163 6.74304275 6.74072470 6.70975785 0.52047127 0.53538433 0.50923249
4.29142527 0.52066163 6.74304275 6.73902979 6.70975785 0.52047127 0.53535511 0.50923249
4.19951720 0.52065823 6.69413959 6.69411229 6.67294712 0.52047127 0.53707925 0.50756582
3.99849340 0.53237622 6.67878952 6.68681054 6.67653277 0.55253082 0.52735060 0.52239984
4.11600949 0.52293173 6.82340039 6.82694083 6.83705872 0.51916955 0.54606457 0.50821257
4.17920895 0.52051100 6.71611126 6.74150536 6.73642269 0.54061968 0.51445517 0.50791583
4.11600949 0.52293173 6.82340039 6.82694083 6.83705872 0.51916955 0.54606457 0.50821257
4.11600949 0.52595473 6.82338783 6.83068209 6.83933844 0.53021036 0.53694418 0.51670287
4.12257393 0.52111720 6.91839595 6.92408424 6.92734385 0.51724647 0.54431019 0.50667411
4.21374977 0.52391889 6.74735000 6.75261207 6.76069351 0.54125512 0.51990033 0.51241193
3.99700383 0.53199177 6.70074957 6.70666522 6.70489958 0.54833588 0.53172593 0.52157920
3.88633390 0.53305300 6.64982596 6.66591829 6.66582398 0.54479592 0.51598048 0.53704174
3.99700383 0.53199177 6.70074957 6.70666522 6.70489958 0.54833588 0.53172593 0.52157920
3.99700383 0.52972762 6.69975318 6.71272029 6.70493692 0.54741534 0.52683985 0.51987554
3.99699390 0.53161299 6.70067148 6.70796037 6.72837653 0.54728325 0.53063438 0.52255960
3.87555992 0.53125570 6.65749355 6.66011909 6.64340986 0.54397335 0.51654200 0.53224457
4.02947760 0.52757786 6.79392175 6.79527033 6.80533139 0.54917595 0.51096870 0.52205228
3.97961576 0.52690511 6.84517490 6.84635458 6.85400587 0.54071105 0.52095289 0.52134507
4.02947760 0.52757786 6.79392175 6.79527033 6.80533139 0.54917595 0.51096870 0.52205228
4.02947760 0.52820976 6.78939747 6.79444827 6.80832004 0.55065958 0.51361845 0.51949082
4.02059273 0.52599357 6.80091740 6.81689467 6.80212565 0.54725287 0.50899918 0.52127829
4.08056832 0.52443909 6.77287596 6.80095823 6.79445551 0.54271180 0.51760067 0.51520783
3.97587855 0.52779500 6.72086603 6.69294369 6.71665136 0.52636415 0.53928262 0.51876243
4.02387192 0.51954759 6.89335611 6.87993662 6.90028547 0.52060020 0.53280589 0.50331075
3.97587855 0.52779500 6.72086603 6.69294369 6.71665136 0.52636415 0.53928262 0.51876243
3.97587855 0.52595177 6.72345960 6.69123507 6.71336082 0.52074379 0.53976136 0.51892157
4.05197244 0.52639750 6.72534020 6.68052102 6.68641480 0.52230658 0.53733562 0.52000978
4.03198884 0.52225029 6.89156792 6.89817208 6.91385421 0.52331333 0.53121197 0.50912782
4.27104426 0.52741355 6.69343712 6.71429412 6.67384430 0.54405181 0.52078957 0.51682332
4.01195755 0.52507469 6.75563981 6.76833352 6.80802767 0.53281332 0.52672136 0.52002436
4.27104426 0.52741355 6.69343712 6.71429412 6.67384430 0.54405181 0.52078957 0.51682332
4.27104426 0.52782849 6.69196288 6.71478137 6.67367485 0.54645549 0.52174006 0.51439927
4.32378976 0.52866183 6.73995653 6.73267423 6.72880708 0.54668182 0.52203957 0.51680863
3.91401730 0.52634041 6.68459561 6.64269896 6.73727913 0.52750325 0.53780525 0.51866958
3.92748577 0.53523719 6.49829025 6.50134033 6.48666313 0.54237355 0.52212970 0.54110811
3.91054054 0.53139590 6.57713589 6.55851754 6.60621701 0.54697675 0.52032584 0.52874712
3.92748577 0.53523719 6.49829025 6.50134033 6.48666313 0.54237355 0.52212970 0.54110811
3.92748577 0.53582284 6.49835341 6.50039694 6.48929149 0.54403453 0.52045801 0.54266041
4.00675436 0.53582370 6.46056701 6.43897298 6.45220763 0.54333502 0.52396704 0.54035053
3.94177903 0.52908375 6.55199733 6.55130906 6.58736684 0.54691827 0.51796187 0.52416028
4.02821543 0.52476597 6.83759916 6.84942115 6.83371728 0.53955290 0.51165167 0.52390314
4.04397327 0.52927132 6.78073280 6.80692703 6.81916728 0.54637501 0.51645612 0.52518471
4.02821543 0.52476597 6.83759916 6.84942115 6.83371728 0.53955290 0.51165167 0.52390314
4.02821543 0.52442588 6.84045101 6.84925933 6.83178975 0.53893523 0.50977703 0.52585605
4.01239128 0.52407750 6.81744817 6.84331489 6.83550516 0.53758531 0.51262255 0.52296567
4.02264955 0.52765633 6.79629898 6.81245553 6.80675028 0.54156168 0.51663788 0.52486115
4.01678975 0.52464591 6.77188141 6.77414041 6.77404977 0.52470064 0.53447579 0.51363423
4.05252905 0.53201413 6.86263057 6.86969409 6.86074034 0.53148799 0.53936364 0.52706623
4.01678975 0.52464591 6.77188141 6.77414041 6.77404977 0.52470064 0.53447579 0.51363423
4.01678975 0.52045192 6.77337395 6.77450355 6.77556492 0.51669357 0.53262011 0.51071062
4.03462937 0.52413061 6.74592199 6.76934107 6.78486155 0.52301558 0.53455099 0.51420241
4.02961722 0.52865573 6.87832355 6.86327016 6.88670859 0.52538611 0.53983317 0.52304037
4.15105141 0.51938359 6.76811218 6.78068226 6.74976709 0.51912352 0.52383559 0.51344671
4.02681281 0.53488614 6.71716933 6.72594215 6.70601526 0.54177138 0.51607892 0.54517350
4.15105141 0.51938359 6.76811218 6.78068226 6.74976709 0.51912352 0.52383559 0.51344671
4.15105141 0.51769820 6.76811218 6.78068226 6.74976709 0.51581208 0.52176386 0.51344671
4.19989329 0.51994225 6.80370128 6.82480772 6.82965835 0.51912352 0.52530618 0.51344671
4.01817144 0.53402159 6.72469016 6.73298733 6.72283254 0.54323479 0.51602682 0.54082509
4.09421753 0.53074444 6.53575828 6.55964563 6.57491974 0.55088363 0.52498731 0.52014365
3.85702413 0.52209440 6.59753778 6.61444723 6.59044691 0.53692333 0.51354453 0.52051510
4.09421753 0.53074444 6.53575828 6.55964563 6.57491974 0.55088363 0.52498731 0.52014365
4.09421753 0.52966530 6.53575828 6.55964563 6.57491974 0.55088363 0.52169153 0.52014365
4.09889766 0.53398314 6.54272082 6.55374831 6.54409117 0.55604883 0.52932551 0.52009259
3.99838057 0.52250255 6.79195506 6.83358144 6.82144657 0.53942333 0.51068293 0.52159933
3.97714619 0.53123286 6.57467773 6.60344486 6.56224183 0.55194385 0.51696904 0.52484657
3.81409665 0.52664457 6.40061953 6.44141947 6.41388088 0.51848451 0.53928114 0.52295798
3.97714619 0.53123286 6.57467773 6.60344486 6.56224183 0.55194385 0.51696904 0.52484657
3.97714619 0.53062310 6.57370685 6.60344486 6.56224183 0.55108915 0.51696904 0.52392913
3.87595541 0.52940359 6.61406248 6.62021447 6.61772170 0.54832969 0.51504597 0.52484657
3.76688594 0.52512431 6.43683531 6.44177674 6.42821311 0.51395603 0.53928114 0.52273963
3.95879108 0.52079216 6.67224805 6.66459408 6.68438014 0.54068761 0.51650845 0.50745026
3.89421239 0.52494085 6.39408415 6.41774132 6.40872880 0.54376461 0.50795012 0.52424338
3.95879108 0.52079216 6.67224805 6.66459408 6.68438014 0.54068761 0.51650845 0.50745026
3.95879108 0.52079216 6.67224805 6.66428628 6.68438014 0.53940556 0.51824482 0.50745026
3.92898950 0.52035356 6.67254288 6.67500625 6.70027208 0.53797094 0.51809182 0.50745026
3.91306648 0.52325735 6.39900518 6.40374381 6.37344021 0.53958033 0.50589716 0.52516081
4.02610837 0.52830339 6.87619662 6.87773182 6.88419134 0.52864491 0.53901406 0.51797151
3.97793439 0.53349929 6.63525571 6.65739797 6.67000788 0.54843321 0.53565956 0.51834497
4.02610837 0.52830339 6.87619662 6.87773182 6.88419134 0.52864491 0.53901406 0.51797151
4.02610837 0.52977881 6.87655376 6.87488333 6.88419134 0.52990966 0.53677575 0.52277548
4.00147783 0.52879842 6.90364179 6.88302692 6.89576564 0.52864491 0.53868939 0.51911590
3.94738035 0.53422916 6.66724153 6.65400397 6.68351024 0.54974463 0.53916577 0.51678764
4.02606284 0.53117835 6.36022517 6.39039059 6.39420983 0.54630267 0.51924040 0.52836680
4.31470488 0.52008024 6.82541001 6.79222162 6.78695891 0.52397052 0.52842621 0.51115557
4.02606284 0.53117835 6.36022517 6.39039059 6.39420983 0.54630267 0.51924040 0.52836680
4.02606284 0.52787476 6.35656229 6.39420054 6.39560845 0.54336575 0.51440136 0.52579568
4.00793491 0.53183624 6.34715008 6.36343163 6.37110618 0.54835612 0.52109631 0.52645637
4.27982456 0.51543588 6.74687324 6.73037640 6.68889973 0.51129876 0.53201964 0.50395461
4.21058324 0.53223367 6.85424281 6.85687432 6.84150752 0.54079858 0.52497018 0.52818781
3.96439607 0.52453426 6.67529218 6.68326051 6.70699107 0.53211997 0.53161566 0.51051580
4.21058324 0.53223367 6.85424281 6.85687432 6.84150752 0.54079858 0.52497018 0.52818781
4.21058324 0.53222744 6.85440291 6.85423818 6.84126944 0.54497199 0.52129646 0.52723092
3.99881734 0.53341788 7.00000000 7.00000000 6.99391460 0.54313849 0.52493892 0.52938897
3.92970323 0.52768538 6.68542826 6.69250105 6.73208045 0.53274563 0.53033650 0.52027385
4.01372549 0.52250658 6.87861441 6.87750600 6.87636817 0.53209275 0.52234513 0.52057541
3.95462743 0.53199919 6.50369923 6.52908529 6.51328172 0.54625349 0.51421300 0.53586707
4.01372549 0.52185298 6.87861441 6.87750600 6.87893227 0.53209275 0.52234513 0.51801131
4.01372549 0.52446312 6.88065523 6.87422731 6.88329867 0.53332435 0.52987914 0.51516244
4.00588660 0.52185298 6.88368489 6.89763529 6.90529976 0.53209275 0.52234513 0.51801131
3.96705172 0.53200596 6.50488306 6.51594565 6.50003635 0.55188847 0.51391513 0.53053324
3.99806871 0.51969418 6.92824821 6.90775533 6.93755845 0.52481374 0.53191853 0.50360014
4.05542243 0.52912186 6.55867809 6.60343602 6.57035629 0.55056364 0.51767850 0.51904670
3.99806871 0.51969418 6.92824821 6.90775533 6.93755845 0.52481374 0.53191853 0.50360014
3.99806871 0.52292836 6.92639635 6.90775533 6.93755845 0.53101772 0.53185906 0.50781487
4.01162547 0.51645999 6.90465723 6.90311740 6.89715846 0.52481374 0.52803649 0.49847847
4.05649770 0.53090630 6.56483579 6.58787210 6.55705329 0.55574256 0.52008029 0.51665609
4.01649375 0.53159487 6.59310003 6.61712109 6.60976853 0.54858737 0.52272190 0.52520676
4.02671012 0.52031347 6.71133392 6.73754294 6.72332078 0.51739755 0.53267575 0.51522439
4.01649375 0.53159487 6.59310003 6.61712109 6.60976853 0.54858737 0.52272190 0.52520676
4.01649375 0.53002779 6.59417530 6.61834060 6.61209380 0.54614600 0.52048784 0.52474177
3.90224487 0.53120581 6.60607916 6.59660996 6.59928743 0.54747337 0.52057363 0.52724643
4.00891061 0.51864060 6.72906787 6.73099065 6.72279042 0.51581369 0.53358039 0.51007467
3.77325065 0.52377912 6.38110430 6.38258834 6.38808024 0.53933493 0.51390761 0.52062697
3.95909246 0.52156446 6.71105402 6.71431200 6.71905006 0.54109397 0.51820784 0.50594464
3.77325065 0.52377912 6.38110430 6.38258834 6.38808024 0.53933493 0.51390761 0.52062697
3.77325065 0.52443917 6.38011420 6.38271759 6.38913854 0.53732443 0.51351784 0.52441425
3.79685181 0.52345125 6.37266148 6.38356876 6.39090650 0.53841298 0.51277241 0.52168825
3.95471426 0.52025631 6.67893623 6.68072800 6.69505664 0.53498868 0.52058806 0.50583602
4.09719034 0.53150885 6.51242340 6.53036220 6.51065620 0.53071693 0.52992772 0.53014632
4.10343741 0.53109515 6.51557573 6.53810988 6.51029878 0.55232182 0.51663265 0.52284563
4.09719034 0.53150885 6.51242340 6.53036220 6.51065620 0.53071693 0.52992772 0.53014632
4.09719034 0.53200383 6.51383185 6.52639047 6.51392182 0.52949135 0.53417470 0.53005851
4.11083692 0.52955524 6.52596879 6.52388276 6.54076715 0.52652646 0.53146618 0.52772903
4.23536336 0.52958092 6.47521057 6.45889333 6.44343726 0.54719344 0.51347630 0.52645160
3.95952345 0.52069489 6.65815325 6.66632339 6.69038432 0.53453076 0.52067200 0.50710744
3.77321613 0.52574957 6.35550072 6.38329709 6.38015079 0.54404018 0.51584282 0.51969308
3.95952345 0.52069489 6.65815325 6.66632339 6.69038432 0.53453076 0.52067200 0.50710744
3.95952345 0.51895576 6.65677122 6.66685274 6.69330099 0.53598396 0.51901742 0.50165872
3.97779761 0.52112968 6.69569762 6.69521583 6.70264949 0.53328076 0.52208693 0.50892972
3.74925690 0.52345125 6.38619715 6.40527122 6.39558738 0.53737415 0.51496295 0.52069022
4.10707286 0.53049553 6.51184581 6.52469553 6.53694629 0.54433313 0.51835908 0.52713738
4.10696318 0.53102582 6.50817498 6.49248562 6.52189262 0.52242633 0.54519952 0.52372304
4.10707286 0.53049553 6.51184581 6.52469553 6.53694629 0.54433313 0.51835908 0.52713738
4.10707286 0.52988302 6.50814536 6.53114689 6.53774026 0.54645028 0.51376629 0.52816828
4.15439901 0.53140462 6.51960301 6.50499888 6.51683014 0.54613123 0.52029246 0.52628600
4.12016738 0.53302248 6.52381229 6.51284025 6.52693041 0.52705462 0.53978962 0.53067222
4.03039811 0.52734127 6.57595410 6.60479580 6.57717678 0.54934654 0.51870554 0.51453721
4.07756179 0.52227482 6.89817829 6.89328775 6.86460854 0.53218704 0.52848053 0.51166765
4.03039811 0.52734127 6.57595410 6.60479580 6.57717678 0.54934654 0.51870554 0.51453721
4.03039811 0.53090630 6.57365147 6.60243145 6.57444126 0.55143010 0.52140631 0.51973195
4.06578597 0.52877240 6.57195838 6.57678326 6.57481933 0.55242020 0.52320194 0.51121356
3.99869711 0.52099707 6.90860613 6.93013770 6.92424356 0.52951680 0.52981825 0.50577406
3.98942272 0.51752017 6.74233157 6.74234147 6.76780672 0.51174222 0.53619083 0.50806878
3.99764706 0.52924656 6.79606394 6.80324440 6.81170382 0.54531499 0.51681190 0.52704671
3.98942272 0.51752017 6.74233157 6.74234147 6.76780672 0.51174222 0.53619083 0.50806878
3.98942272 0.51752948 6.74233043 6.74527407 6.76569918 0.51565205 0.53414499 0.50694967
3.96103662 0.51863128 6.74059698 6.73354962 6.72066623 0.51346635 0.53426775 0.51155436
3.81310020 0.53042304 6.56543982 6.59499129 6.59076104 0.54484272 0.51846043 0.52948183
4.04057103 0.52340512 6.87743930 6.85628228 6.88102712 0.52397761 0.53543568 0.51198171
4.04057103 0.52340512 6.87743930 6.85628228 6.88102712 0.52397761 0.53543568 0.51198171
4.04057103 0.52340512 6.87743930 6.85628228 6.88102712 0.52397761 0.53543568 0.51198171
4.04057103 0.52079555 6.87891992 6.85725794 6.87782612 0.51701604 0.53502226 0.51115494
4.03070218 0.52340512 6.88358316 6.87924039 6.89224083 0.52397761 0.53543568 0.51198171
4.03070218 0.52183452 6.88551186 6.88058922 6.88919936 0.52033848 0.53502226 0.51115494
4.01746575 0.52465052 6.81498597 6.82339821 6.81680172 0.54085949 0.50877200 0.52422589
4.01746575 0.52465052 6.81498597 6.82339821 6.81680172 0.54085949 0.50877200 0.52422589
4.01746575 0.52465052 6.81498597 6.82339821 6.81680172 0.54085949 0.50877200 0.52422589
4.01746575 0.52533312 6.81629180 6.82027949 6.81875050 0.54103442 0.51192127 0.52344004
4.02532376 0.52465052 6.80591862 6.80056383 6.79839710 0.54192332 0.50780112 0.52422589
4.02532376 0.52567675 6.80823455 6.79841105 6.80023626 0.54103442 0.51095040 0.52563784
3.98099756 0.53506641 6.57908974 6.58731388 6.54719265 0.53989584 0.51946884 0.54579543
3.98099756 0.53506641 6.57908974 6.58731388 6.54719265 0.53989584 0.51946884 0.54579543
3.98099756 0.53506641 6.57908974 6.58731388 6.54719265 0.53989584 0.51946884 0.54579543
3.98099756 0.53535369 6.57943327 6.58540297 6.54825085 0.54137720 0.52225658 0.54214789
3.89743150 0.53535710 6.60680157 6.64346343 6.59206561 0.54321148 0.52062429 0.54221417
3.89743150 0.53506044 6.60770452 6.64265871 6.59212006 0.54306733 0.52156214 0.54026877
4.12056253 0.52767065 6.61264925 6.62871517 6.60698155 0.54459047 0.51837141 0.51879319
4.12056253 0.52767065 6.61264925 6.62871517 6.60698155 0.54459047 0.51837141 0.51879319
4.12056253 0.52767065 6.61264925 6.62871517 6.60698155 0.54459047 0.51837141 0.51879319
4.12056253 0.52642928 6.60957502 6.62641799 6.60830151 0.54033186 0.51815197 0.51913825
4.07802435 0.52808387 6.57295542 6.60658009 6.55996557 0.54571406 0.51727468 0.51995598
4.07802435 0.52643098 6.56984200 6.60672302 6.56557277 0.54033186 0.51586477 0.52142463
4.02257430 0.52623557 6.85628163 6.88414627 6.88593026 0.52583046 0.54153254 0.51666385
4.02257430 0.52623557 6.85628163 6.88414627 6.88593026 0.52583046 0.54153254 0.51666385
4.02257430 0.52623557 6.85628163 6.88414627 6.88593026 0.52583046 0.54153254 0.51666385
4.02257430 0.52393354 6.85455749 6.88579917 6.88593026 0.52468163 0.53857802 0.51351966
3.99724559 0.52623557 6.87494897 6.85422232 6.84742630 0.52440189 0.54153254 0.51780021
3.99724559 0.52347060 6.87449066 6.85424189 6.84742630 0.52321104 0.53729597 0.51465602
4.01985199 0.52963117 6.80949843 6.80501359 6.80946500 0.55080681 0.51589430 0.52300804
4.01985199 0.52963117 6.80949843 6.80501359 6.80946500 0.55080681 0.51589430 0.52300804
4.01985199 0.52963117 6.80949843 6.80501359 6.80946500 0.55080681 0.51589430 0.52300804
4.01985199 0.52836736 6.81021945 6.80593951 6.80642969 0.55121744 0.50824744 0.52687792
4.03026010 0.52963117 6.79124966 6.79947351 6.80763709 0.55080681 0.51495972 0.52387760
4.03026010 0.52836736 6.79111597 6.80329637 6.80764976 0.55121744 0.50626888 0.52866491
4.20061071 0.52955587 6.71847863 6.73141154 6.74576326 0.54747131 0.53207488 0.51225714
4.20061071 0.52955587 6.71847863 6.73141154 6.74576326 0.54747131 0.53207488 0.51225714
4.20061071 0.52955587 6.71847863 6.73141154 6.74576326 0.54747131 0.53207488 0.51225714
4.20061071 0.52880401 6.71859127 6.73482233 6.74461383 0.54634755 0.52882263 0.51381919
4.15457683 0.52731008 6.70753133 6.68971346 6.73363895 0.54305959 0.52910446 0.51352751
4.15457683 0.53067248 6.70652353 6.68858986 6.73260561 0.54651929 0.53125345 0.51797075
3.99821429 0.52868192 6.82310471 6.81388455 6.81939575 0.52991527 0.53980476 0.52193711
3.99821429 0.52868192 6.82310471 6.81388455 6.81939575 0.52991527 0.53980476 0.52193711
3.99821429 0.52868192 6.82310471 6.81388455 6.81939575 0.52991527 0.53980476 0.52193711
3.99821429 0.52390932 6.82549175 6.81446236 6.81722857 0.52404707 0.53758752 0.51358469
3.99821429 0.52808668 6.82114393 6.81388455 6.81939575 0.53009034 0.53780476 0.52193711
3.99821429 0.52450813 6.82353097 6.81446236 6.81722857 0.52600786 0.53758752 0.51358469
4.00175404 0.51962328 6.77522646 6.75000269 6.79254866 0.51819968 0.53782973 0.50616202
3.96427861 0.53141613 6.66083133 6.67538593 6.63959981 0.54290742 0.51557188 0.53521776
4.00175404 0.51962328 6.77522646 6.75000269 6.79254866 0.51819968 0.53782973 0.50616202
4.00175404 0.52076606 6.77721058 6.75518632 6.78894242 0.52237429 0.53537705 0.50906121
4.01270015 0.52019799 6.79085635 6.76902788 6.79978017 0.52301363 0.53782973 0.50282868
3.99880775 0.53439943 6.63494434 6.65826536 6.62561338 0.54961254 0.51815761 0.53508469
3.98173846 0.53619957 6.66677473 6.65849960 6.66157963 0.55203323 0.53503770 0.52220678
4.00254778 0.52476920 6.72224781 6.73898892 6.73765370 0.54477166 0.51692559 0.51569410
3.98173846 0.53619957 6.66677473 6.65849960 6.66157963 0.55203323 0.53503770 0.52220678
3.98173846 0.53400444 6.66542841 6.65484361 6.66173062 0.54926024 0.53288106 0.52105604
3.93964600 0.53473169 6.66889006 6.68254564 6.70662171 0.54809306 0.53625120 0.52107991
3.97245222 0.52561486 6.67909960 6.72140599 6.72646072 0.54993752 0.51552468 0.51393807
3.96259603 0.53278103 6.66597208 6.64372568 6.62829528 0.54783552 0.51879497 0.53474729
3.99784946 0.51804127 6.88573934 6.89904217 6.89607791 0.51982551 0.52448063 0.50973351
3.96259603 0.53278103 6.66597208 6.64372568 6.62829528 0.54783552 0.51879497 0.53474729
3.96259603 0.53030520 6.66227187 6.64821012 6.63019691 0.54779820 0.51414848 0.53172103
3.96321045 0.53401751 6.62773074 6.65341354 6.65639959 0.54886645 0.52069587 0.53567321
4.00161581 0.52395525 6.88568210 6.90815672 6.89006529 0.52778948 0.52116985 0.52257295
3.95568946 0.52997678 6.71254819 6.69294979 6.68005106 0.53783784 0.53118447 0.52338296
3.91988590 0.52466200 6.65547431 6.67913532 6.67822938 0.54098404 0.51624129 0.52120349
3.95568946 0.52997678 6.71254819 6.69294979 6.68005106 0.53783784 0.53118447 0.52338296
3.95568946 0.52729020 6.71360150 6.69279495 6.68190519 0.53836628 0.52726046 0.51875298
3.97050969 0.53042521 6.69709857 6.70210559 6.69265639 0.53783784 0.53246653 0.52338296
3.92234695 0.52430990 6.65956819 6.68469936 6.66032865 0.54006949 0.51300685 0.52392769
4.02416764 0.52576597 6.97409016 6.98858691 6.98631751 0.54064598 0.51498998 0.52728299
4.04407604 0.53200707 6.80853916 6.81383801 6.81685214 0.54712741 0.52247051 0.52773215
4.02416764 0.52576597 6.97409016 6.98858691 6.98631751 0.54064598 0.51498998 0.52728299
4.02416764 0.52576921 6.97409016 6.98858691 6.98492862 0.53974870 0.52121380 0.52252109
4.03341916 0.52495628 6.72129683 6.75459040 6.75114254 0.53837335 0.51710045 0.52491324
3.97930887 0.53239169 6.68827121 6.68706061 6.70613200 0.54989749 0.52578184 0.52347371
3.82319105 0.53645391 6.48833428 6.46684288 6.46697674 0.54451436 0.52552458 0.53886505
3.98195652 0.52079969 6.68990894 6.68759290 6.71876149 0.52717027 0.53759344 0.50349194
3.82319105 0.53645391 6.48833428 6.46684288 6.46697674 0.54451436 0.52552458 0.53886505
3.82319105 0.53588249 6.48915194 6.46516204 6.46344141 0.54202331 0.52529911 0.53985422
3.81830600 0.53760169 6.49060370 6.46222805 6.46671001 0.54352159 0.52626832 0.54245691
3.91177019 0.51892469 6.66296123 6.65194197 6.68816170 0.52341182 0.53592678 0.50349194
4.01676057 0.52480416 6.84242898 6.88264725 6.86228751 0.54212361 0.50936780 0.52510766
4.01611600 0.53105845 6.84569470 6.85245763 6.84760689 0.52460059 0.54557099 0.52406818
4.01676057 0.52480416 6.84242898 6.88264725 6.86228751 0.54212361 0.50936780 0.52510766
4.01676057 0.52647752 6.84638353 6.88377625 6.86135293 0.54594432 0.51665569 0.51881862
4.03183430 0.52480416 6.85229444 6.85338507 6.86408045 0.54212361 0.50936780 0.52510766
4.00095238 0.53105394 6.87635249 6.83622921 6.87079186 0.52956137 0.53840936 0.52545890
3.98640171 0.52776763 6.86599293 6.85232955 6.87889585 0.52654482 0.54066732 0.51885330
4.10582408 0.52492065 6.49514883 6.53566059 6.52980436 0.54309449 0.51116487 0.52212443
3.98640171 0.52776763 6.86599293 6.85232955 6.87889585 0.52654482 0.54066732 0.51885330
3.98640171 0.52827014 6.87036451 6.85217082 6.87889585 0.52796110 0.53774507 0.52224362
3.99344957 0.52574996 6.86193844 6.85862480 6.90676057 0.52187896 0.53910482 0.51885330
4.09875117 0.52749196 6.49840228 6.50939657 6.50673194 0.54682619 0.51529138 0.52212509
4.03549840 0.52234234 6.92951831 6.90529122 6.88921125 0.52450284 0.52286477 0.51896672
4.03341916 0.52697726 6.72036076 6.75206584 6.75219517 0.53935272 0.52172467 0.52491732
4.03549840 0.52234234 6.92951831 6.90529122 6.88921125 0.52450284 0.52286477 0.51896672
4.03549840 0.52287998 6.92951831 6.90529122 6.88921125 0.52450284 0.52447767 0.51896672
4.00753269 0.52287998 6.89380211 6.91081656 6.91723733 0.52450284 0.52286477 0.52081857
4.10468001 0.52657404 6.74693109 6.75173704 6.74101108 0.53953158 0.52177098 0.52381842
3.93284750 0.52536008 6.67136670 6.67745173 6.65260609 0.54222027 0.51528185 0.52287676
3.81830600 0.53702697 6.49141360 6.46148670 6.46665164 0.53935819 0.52689399 0.54442398
3.93284750 0.52536008 6.67136670 6.67745173 6.65260609 0.54222027 0.51528185 0.52287676
3.93284750 0.52501043 6.67030287 6.67745173 6.65354067 0.54210763 0.51528185 0.52194218
3.93073733 0.52536008 6.65288325 6.67957515 6.65418240 0.54222027 0.51528185 0.52287676
3.83180269 0.53788904 6.47893561 6.47379850 6.46797735 0.54106960 0.52798064 0.54444487
3.95951759 0.53291134 6.63892423 6.66182561 6.62213986 0.54781493 0.51722652 0.53319051
4.00233777 0.52614419 6.76752686 6.80380357 6.78915509 0.54403753 0.51262212 0.52380155
3.95951759 0.53291134 6.63892423 6.66182561 6.62213986 0.54781493 0.51722652 0.53319051
3.95951759 0.53231610 6.63980918 6.66094066 6.62213986 0.54604502 0.51905488 0.53132968
3.96427683 0.53410181 6.64076247 6.66602245 6.66143109 0.54864166 0.51815761 0.53508469
4.01676057 0.52614644 6.84444159 6.88377625 6.86036284 0.54690586 0.51457032 0.51883145
3.92582041 0.52434367 6.66577770 6.66693901 6.67577904 0.54479808 0.51440955 0.51658753
3.98639663 0.52827014 6.86939574 6.89371527 6.85330081 0.52943169 0.53795178 0.52075108
3.92582041 0.52434367 6.66577770 6.66693901 6.67577904 0.54479808 0.51440955 0.51658753
3.92582041 0.52391994 6.66577770 6.66693901 6.67577904 0.54349938 0.51440955 0.51658753
3.99364046 0.52519293 6.71561744 6.74105916 6.75585511 0.54837367 0.51552468 0.51393807
3.98640171 0.52978021 6.86889392 6.85074224 6.87889585 0.52943169 0.54081298 0.52224362
4.04456782 0.52869104 6.87632200 6.86319077 6.86814728 0.52179583 0.54632757 0.51902052
4.01270015 0.51731446 6.78902822 6.77094492 6.80129532 0.51473361 0.54548941 0.49665007
4.04456782 0.52869104 6.87632200 6.86319077 6.86814728 0.52179583 0.54632757 0.51902052
4.04456782 0.52868653 6.88482987 6.86745290 6.87104826 0.51995495 0.53951332 0.52686552
4.06448883 0.52869104 6.87781709 6.86890721 6.86909434 0.52179583 0.54632757 0.51902052
3.99134941 0.52134077 6.79267870 6.78761203 6.76645768 0.52202641 0.53684764 0.50930387
4.11868997 0.52652733 6.47663730 6.51255952 6.52009956 0.54299344 0.51408517 0.52420301
3.93964600 0.53546563 6.66876395 6.68151734 6.70454060 0.54821917 0.53638394 0.52322006
4.11868997 0.52652733 6.47663730 6.51255952 6.52009956 0.54299344 0.51408517 0.52420301
4.11868997 0.52588528 6.47663730 6.51359773 6.52004717 0.54298525 0.51324820 0.52310777
4.12254745 0.52717042 6.49596628 6.52377605 6.52569846 0.54299344 0.51408517 0.52616549
3.92499799 0.53437074 6.64853741 6.67163257 6.66515397 0.54926024 0.53284779 0.52214917
4.09505158 0.52971117 6.72688629 6.75568632 6.75384803 0.54550008 0.52249101 0.52305602
4.02567079 0.52999752 6.64338913 6.62293819 6.61047444 0.54576017 0.51429629 0.53276315
4.09505158 0.52971117 6.72688629 6.75568632 6.75384803 0.54550008 0.52249101 0.52305602
4.09505158 0.53086060 6.72693213 6.75450984 6.75162852 0.54527033 0.52261518 0.52688966
4.08202181 0.53162688 6.74725135 6.75959673 6.77263594 0.54878894 0.52579150 0.52187793
3.96259603 0.53123304 6.66140981 6.64821012 6.63210167 0.54962180 0.51618216 0.53068447
4.02547360 0.52390916 6.72630634 6.73379505 6.73366572 0.53521497 0.53637673 0.50905610
3.93329596 0.53042120 6.73148774 6.69482893 6.70729458 0.53789084 0.53241676 0.52332885
4.02547360 0.52390916 6.72630634 6.73379505 6.73366572 0.53521497 0.53637673 0.50905610
4.02547360 0.51644798 6.73194105 6.73936373 6.74250600 0.52281038 0.53919208 0.49141958
4.03419643 0.52452640 6.75082070 6.77550867 6.75002307 0.53710176 0.53641925 0.50905610
3.95568946 0.52818506 6.71230280 6.69392548 6.68190519 0.53836628 0.52883263 0.51988934
4.03548335 0.51894703 6.89236419 6.88367783 6.88125260 0.52330872 0.52682585 0.50925911
4.15505755 0.53002909 6.44867121 6.48970168 6.47087717 0.54023854 0.52626363 0.52412829
4.03548335 0.51894703 6.89236419 6.88367783 6.88125260 0.52330872 0.52682585 0.50925911
4.03548335 0.51894703 6.89236419 6.88367783 6.88125260 0.52330872 0.52682585 0.50925911
4.00127792 0.52084979 6.85961480 6.88595728 6.84366924 0.52704997 0.52682585 0.51158470
3.89581357 0.53002751 6.46659379 6.48227412 6.48626488 0.53780706 0.52730280 0.52526465
4.05545803 0.53295780 6.68402130 6.67865229 6.70099959 0.54694559 0.52244224 0.53351305
4.13733444 0.52212008 6.58614628 6.56287470 6.56304112 0.52097069 0.53944029 0.50691126
4.05545803 0.53295780 6.68402130 6.67865229 6.70099959 0.54694559 0.52244224 0.53351305
4.05545803 0.53295780 6.68402130 6.67865229 6.70099959 0.54694559 0.52244224 0.53351305
3.99729285 0.53140591 6.75812667 6.76263604 6.78899073 0.54450267 0.52224231 0.53093199
4.14127745 0.52014639 6.60225053 6.54006596 6.59371120 0.52485748 0.53743518 0.49818136
4.02632197 0.52599835 6.81930215 6.80737937 6.80867100 0.54407068 0.51733190 0.51752548
4.09329343 0.52800355 6.85113560 6.85793851 6.82860923 0.53324017 0.52838803 0.52542855
4.02632197 0.52599835 6.81930215 6.80737937 6.80867100 0.54407068 0.51733190 0.51752548
4.02632197 0.52599835 6.81930215 6.80737937 6.80867100 0.54407068 0.51733190 0.51752548
4.03607809 0.52567050 6.80141372 6.81348871 6.79290354 0.54212307 0.51749179 0.51849635
3.98808679 0.52849860 6.88558587 6.90017822 6.91723740 0.53025509 0.53291156 0.52542855
4.00769231 0.53177025 6.88098477 6.86525675 6.88970272 0.52900562 0.54428240 0.52146796
4.09254802 0.52305450 6.80504017 6.79284998 6.79777677 0.53476332 0.51105976 0.52371768
4.00769231 0.53177025 6.88098477 6.86525675 6.88970272 0.52900562 0.54428240 0.52146796
4.00769231 0.53177025 6.88098477 6.86525675 6.88970272 0.52900562 0.54428240 0.52146796
4.04042642 0.53032795 6.87249061 6.87913566 6.88947610 0.52757705 0.54165082 0.52146796
3.99401993 0.52305560 6.78775796 6.81279183 6.78649554 0.53475301 0.51307501 0.52182088
3.91838279 0.51977764 6.68508270 6.66704015 6.66455286 0.53555466 0.51480610 0.50870149
3.94150673 0.53046566 6.65178618 6.62515855 6.62355376 0.54646197 0.51327722 0.53343690
3.91838279 0.51977764 6.68508270 6.66704015 6.66455286 0.53555466 0.51480610 0.50870149
3.91838279 0.52450237 6.68523461 6.66306086 6.65685535 0.54164394 0.51671091 0.51508799
3.95919047 0.52106519 6.64799765 6.68215233 6.63455109 0.53941139 0.51599658 0.50718634
3.91241534 0.53200409 6.64289658 6.64974695 6.62115211 0.55178158 0.51764794 0.52762103
4.20402963 0.53213213 6.53003690 6.55826063 6.50487239 0.54751561 0.51517478 0.53182130
4.02560524 0.52714514 6.84693687 6.86074394 6.83813451 0.54241639 0.52821538 0.51564398
4.20402963 0.53213213 6.53003690 6.55826063 6.50487239 0.54751561 0.51517478 0.53182130
4.20402963 0.53033304 6.52901583 6.55989576 6.50695556 0.54755469 0.51638543 0.52507700
4.19440103 0.53213394 6.51468791 6.54753703 6.51105919 0.54929852 0.51419069 0.53091241
4.00883591 0.52537913 6.84276729 6.84966183 6.86137328 0.54101372 0.52048453 0.51931906
4.03853971 0.52618600 6.79730938 6.82426904 6.80985478 0.54042404 0.51696121 0.52202257
3.99887648 0.52129237 6.88788416 6.87850502 6.88603772 0.51583339 0.53400913 0.51277033
4.03853971 0.52653936 6.79730938 6.82426904 6.80985478 0.54157346 0.51696121 0.52202257
4.03853971 0.52512844 6.79730938 6.82655208 6.80986212 0.54156413 0.51561731 0.51896563
4.02934992 0.52477132 6.80549316 6.82955353 6.80716978 0.53937140 0.51683737 0.51860433
4.00453261 0.52184771 6.92004237 6.91235025 6.90997940 0.51964170 0.53239993 0.51232827
4.03336036 0.51641446 6.70088642 6.69121989 6.71296933 0.51436264 0.53396420 0.50494062
4.07487051 0.53270941 6.65469709 6.65838637 6.65996398 0.55081812 0.52730213 0.52174074
4.03336036 0.51641446 6.70088642 6.69121989 6.71296933 0.51436264 0.53396420 0.50494062
4.03336036 0.51475710 6.70163892 6.70196952 6.71463599 0.50977013 0.53275254 0.50422585
3.98577433 0.51695791 6.73146536 6.72966822 6.74203871 0.51592663 0.53396420 0.50494062
4.12045336 0.53451970 6.66915001 6.65000075 6.66413678 0.55408537 0.52846978 0.52251015
3.99541340 0.52791994 6.88077606 6.89175874 6.92423545 0.52473429 0.54597161 0.51247321
3.88048780 0.52439024 6.68207509 6.62212711 6.67522173 0.52147827 0.54493099 0.50572655
3.99541340 0.52791994 6.88077606 6.89175874 6.92423545 0.52473429 0.54597161 0.51247321
3.99541340 0.52586081 6.88087543 6.88919722 6.92423545 0.52783525 0.53703828 0.51091417
4.04559393 0.52689168 6.87099611 6.87407196 6.88042471 0.52031510 0.54597161 0.51396575
3.88902439 0.52682927 6.66477620 6.63364262 6.65593445 0.52841564 0.54364291 0.50691686
3.78193999 0.52724576 6.37323281 6.39341752 6.38355513 0.54702259 0.51095178 0.52674199
4.01136364 0.53257576 6.63561740 6.64117386 6.64310597 0.54698221 0.52521574 0.52516281
3.78193999 0.52724576 6.37323281 6.39341752 6.38355513 0.54702259 0.51095178 0.52674199
3.78193999 0.52386280 6.37953927 6.39768742 6.38294308 0.54083778 0.50795734 0.52519111
3.78531837 0.52792258 6.35918418 6.36373519 6.38015826 0.54600218 0.51526882 0.52595837
4.06856061 0.53030303 6.68617417 6.68554799 6.70254833 0.54626206 0.52254574 0.52157517
3.93571249 0.53431851 6.60848689 6.65208545 6.60344353 0.54065238 0.51822464 0.54143080
3.94013029 0.52518256 6.64536544 6.62320290 6.63379078 0.54537744 0.50981333 0.52199372
3.93571249 0.53431851 6.60848689 6.65208545 6.60344353 0.54065238 0.51822464 0.54143080
3.93571249 0.53547541 6.60503984 6.65114782 6.60031138 0.54234669 0.51724343 0.54492452
3.94440814 0.53663148 6.61201381 6.63573712 6.62746866 0.53989503 0.52366211 0.54393080
3.97038210 0.52995965 6.64167613 6.62366977 6.62968644 0.54838172 0.51057261 0.53230964
4.06197943 0.52627344 6.64153914 6.67927591 6.66213705 0.54224117 0.52053283 0.52170068
4.00000000 0.53177570 6.52106546 6.54000799 6.54145348 0.52177628 0.55437924 0.52068317
4.06197943 0.52627344 6.64153914 6.67927591 6.66213705 0.54224117 0.52053283 0.52170068
4.06197943 0.52382778 6.64404781 6.68405355 6.66499360 0.53986361 0.51659279 0.51990536
4.12355567 0.52464410 6.66809688 6.67321634 6.67922132 0.54103090 0.51873587 0.51928725
3.97149533 0.52757009 6.54662386 6.52065290 6.51841401 0.52073806 0.54585978 0.51684226
3.94963595 0.53058824 6.69831297 6.70552681 6.69684553 0.52952354 0.53952723 0.52148894
4.04142259 0.52677824 6.74339416 6.76686274 6.77729624 0.54742086 0.52570931 0.50945557
3.94963595 0.53058824 6.69831297 6.70552681 6.69684553 0.52952354 0.53952723 0.52148894
3.94963595 0.52877622 6.70101765 6.70415655 6.69692087 0.52695184 0.53414085 0.52437991
3.97231386 0.53149733 6.70209179 6.70369332 6.68287475 0.53228229 0.54205528 0.51894107
3.93305439 0.52719665 6.61175144 6.65632469 6.64597989 0.55003762 0.52192050 0.51205609
3.94569120 0.52669782 6.52916243 6.54584994 6.54940630 0.54707803 0.50867644 0.52448488
4.04690100 0.53214211 6.64770059 6.64496096 6.63215590 0.54022313 0.51684288 0.53781332
3.94569120 0.52669782 6.52916243 6.54584994 6.54940630 0.54707803 0.50867644 0.52448488
3.94569120 0.52919587 6.53096873 6.54590867 6.55127562 0.54809669 0.51431449 0.52554619
3.95629381 0.52857185 6.53928073 6.54029487 6.53232182 0.54986158 0.51154221 0.52444238
4.01947428 0.53332292 6.64735108 6.65399098 6.62419128 0.54206761 0.52125029 0.53540215
4.09509635 0.53347137 6.63764127 6.65586278 6.66435306 0.54691179 0.53634558 0.51858793
3.92041522 0.52525952 6.62021786 6.60375763 6.58227738 0.53936384 0.51189733 0.52713093
4.09509635 0.53347137 6.63764127 6.65586278 6.66435306 0.54691179 0.53634558 0.51858793
4.09509635 0.53347410 6.63679433 6.65801027 6.66467050 0.54785343 0.53647082 0.51772639
4.10727211 0.53568949 6.65998604 6.66422193 6.68309127 0.55224054 0.53758090 0.51858793
3.95467128 0.52387543 6.59977683 6.59606787 6.60188602 0.54137062 0.51174302 0.52132614
4.04229102 0.52028208 6.71716987 6.72003950 6.75479021 0.51752045 0.54496076 0.49620066
4.12063492 0.52328042 6.52647409 6.49128311 6.52268804 0.52264560 0.53642705 0.51087894
4.04229102 0.52028208 6.71716987 6.72003950 6.75479021 0.51752045 0.54496076 0.49620066
4.04229102 0.52087375 6.71892426 6.72182522 6.75127169 0.51789460 0.53811815 0.50608670
4.03347781 0.51734778 6.78832977 6.77277542 6.79817310 0.51225729 0.54351699 0.49506130
4.11746032 0.52222222 6.52629462 6.50987440 6.52600558 0.52290311 0.53203090 0.51224272
4.00000000 0.52621951 6.82262015 6.78127281 6.82026367 0.52493501 0.54718523 0.50525019
4.01591544 0.52891831 6.82412714 6.80916421 6.79566049 0.54697093 0.51942879 0.52148743
4.00000000 0.52621951 6.82262015 6.78127281 6.82026367 0.52493501 0.54718523 0.50525019
4.00000000 0.52012195 6.84060740 6.78643538 6.83053251 0.51550205 0.54659117 0.49629282
3.87682927 0.52560976 6.64769595 6.64012041 6.66770249 0.52490254 0.54394594 0.50691686
4.01462308 0.52697132 6.81988676 6.81442162 6.80490099 0.53915319 0.52127725 0.52097868
4.00416667 0.53295455 6.67248729 6.65703403 6.67480770 0.55189549 0.52352205 0.52242628
4.00433854 0.52984021 6.86390316 6.85215191 6.87310676 0.52612061 0.54142815 0.52146796
4.00416667 0.53295455 6.67248729 6.65703403 6.67480770 0.55189549 0.52352205 0.52242628
4.00416667 0.53333333 6.67606477 6.65452777 6.67804722 0.55060439 0.52735359 0.52182055
3.99924242 0.53106061 6.66986456 6.68358828 6.65843554 0.54752953 0.52246637 0.52261684
4.02887170 0.52935247 6.87006506 6.88631117 6.86537540 0.52016133 0.54154785 0.52635130
3.97006159 0.52900524 6.64747737 6.63716826 6.61481898 0.54748886 0.51055090 0.53049668
4.02977909 0.52148271 6.88912131 6.85791094 6.89566461 0.52670032 0.52841315 0.51217187
3.97006159 0.52900524 6.64747737 6.63716826 6.61481898 0.54748886 0.51055090 0.53049668
3.97006159 0.52486307 6.64761530 6.63709675 6.61795908 0.54732001 0.50786997 0.52077224
3.94361927 0.52868373 6.62587405 6.63621385 6.65895174 0.54851979 0.51247843 0.52685196
4.01078368 0.51895509 6.93425618 6.94240396 6.93557530 0.52122361 0.53296194 0.50458729
3.97056075 0.52803738 6.52616626 6.52504143 6.55213288 0.52073806 0.54730905 0.51684226
4.04266281 0.53140440 6.73224222 6.76215118 6.78082685 0.54802134 0.52224231 0.52779227
3.97056075 0.52803738 6.52616626 6.52504143 6.55213288 0.52073806 0.54730905 0.51684226
3.97056075 0.52757009 6.52705580 6.52407368 6.54748308 0.51712044 0.54399581 0.52157183
3.96962617 0.52803738 6.53180576 6.53431558 6.54075813 0.52478166 0.54735232 0.51263195
3.94453594 0.52869273 6.66536156 6.65378461 6.68978388 0.54547846 0.51958432 0.52545239
3.97405858 0.52426778 6.67869807 6.71704874 6.71196780 0.54984499 0.51610257 0.50789289
4.03253139 0.52618349 6.80963076 6.81750152 6.83636199 0.54259921 0.51994399 0.51657345
3.97405858 0.52426778 6.67869807 6.71704874 6.71196780 0.54984499 0.51610257 0.50789289
3.97405858 0.52719665 6.67883398 6.71273405 6.71088084 0.55230648 0.51913525 0.51176831
3.95104603 0.52552301 6.59674879 6.63081352 6.66630801 0.55011681 0.51913721 0.50939357
4.06046663 0.52653936 6.81321146 6.81336679 6.80906936 0.54168362 0.51909491 0.51954038
4.01857455 0.53568280 6.64637145 6.63474784 6.63808570 0.54555984 0.51453785 0.54484758
4.03227947 0.51804780 6.71628831 6.70589531 6.71821517 0.51689542 0.53287151 0.50833046
4.01857455 0.53568280 6.64637145 6.63474784 6.63808570 0.54555984 0.51453785 0.54484758
4.01857455 0.53509282 6.64817325 6.63207847 6.64160496 0.54542113 0.52103815 0.53703589
3.99941527 0.53479610 6.65612326 6.65200846 6.64461381 0.54399949 0.51651583 0.54227681
3.97866150 0.51640845 6.72669561 6.70607296 6.74535874 0.51592663 0.53200341 0.50494062
3.96193772 0.52629758 6.57074319 6.60038988 6.59911260 0.54366643 0.51117958 0.52756194
3.97509805 0.52107259 6.73575255 6.70383017 6.72565358 0.53667167 0.51736043 0.50795270
3.96193772 0.52629758 6.57074319 6.60038988 6.59911260 0.54366643 0.51117958 0.52756194
3.96193772 0.52560554 6.57275573 6.59827057 6.59815106 0.54356417 0.51198837 0.52425931
3.98339100 0.52491349 6.55808767 6.57933510 6.57625836 0.54294639 0.50893210 0.52654154
3.95576439 0.52149623 6.72486744 6.71151726 6.72553072 0.53941139 0.51847516 0.50590429
4.10846561 0.52169312 6.52273138 6.51302727 6.52226597 0.51978020 0.52792521 0.51867554
4.19291128 0.53123304 6.52594866 6.54735384 6.54324579 0.54587900 0.51601615 0.52995777
4.10846561 0.52169312 6.52273138 6.51302727 6.52226597 0.51978020 0.52792521 0.51867554
4.10846561 0.52433862 6.52249069 6.51139915 6.52554422 0.52526670 0.53250205 0.51699867
4.10317460 0.52116402 6.52313686 6.51023264 6.52929317 0.51816729 0.52792521 0.51867554
4.19470223 0.53153063 6.52248141 6.55965845 6.54073269 0.54579452 0.51392982 0.53281994
4.03853685 0.51390922 6.90274938 6.88836207 6.91018173 0.50535462 0.53261548 0.50232937
3.98412793 0.52741670 6.71517998 6.66315696 6.67931510 0.53135824 0.53323592 0.51537612
4.03853685 0.51390922 6.90274938 6.88836207 6.91018173 0.50535462 0.53261548 0.50232937
4.03853685 0.52072098 6.90066604 6.88838611 6.91018173 0.51413848 0.53757163 0.50894150
4.00624358 0.51447740 6.92450821 6.90455464 6.91318467 0.50535462 0.53417798 0.50267770
3.92375566 0.52877211 6.71669154 6.69741353 6.70760919 0.53400884 0.53241561 0.51859613
4.09621069 0.53343797 6.66977165 6.66799540 6.67479123 0.55292763 0.52820966 0.52022809
3.95849591 0.52951421 6.51584622 6.53542558 6.55534507 0.55179399 0.51260701 0.52449844
4.09621069 0.53343797 6.66977165 6.66799540 6.67479123 0.55292763 0.52820966 0.52022809
4.09621069 0.53270810 6.66866054 6.67025168 6.67035253 0.55197357 0.52687981 0.52068635
4.11610030 0.53488725 6.63058169 6.66045166 6.67693937 0.55292763 0.53168734 0.52164143
3.98251266 0.53013727 6.54145362 6.54593151 6.55289847 0.55077218 0.51346990 0.52682912
3.91759817 0.53046753 6.62324443 6.65767584 6.63929945 0.54649506 0.51506220 0.53143701
4.06622933 0.53272653 6.64584047 6.66371358 6.67149447 0.54786465 0.53273001 0.51840383
3.91759817 0.53046753 6.62324443 6.65767584 6.63929945 0.54649506 0.51506220 0.53143701
3.91759817 0.53107540 6.62414533 6.65769268 6.63930321 0.54463154 0.51492035 0.53527504
3.89036416 0.53109323 6.64184051 6.65129195 6.65306187 0.54809440 0.51224161 0.53410478
4.10617466 0.53643023 6.66238496 6.68363419 6.69117007 0.55139631 0.53730627 0.52203760
4.02340455 0.52582161 6.83598625 6.85240136 6.84245402 0.54107761 0.52648597 0.51403108
3.87263502 0.52088407 6.66403884 6.65954337 6.64327633 0.51768281 0.53217630 0.51233006
4.02340455 0.52626408 6.83598625 6.85240136 6.84245402 0.54107761 0.52791454 0.51403108
4.02340455 0.52846868 6.83476673 6.85240136 6.84126354 0.54211575 0.53103284 0.51683446
4.02163658 0.52714514 6.85513014 6.85570910 6.87147889 0.53943305 0.52792229 0.51832722
4.03405573 0.52380805 6.68260310 6.67136120 6.71262617 0.52104747 0.53966110 0.51104801
3.98461406 0.53147628 6.90784578 6.88738721 6.89590069 0.53197030 0.53653819 0.53023645
4.06555468 0.52739403 6.86620279 6.85234132 6.84473836 0.52358967 0.54242684 0.51577849
3.98461406 0.53147628 6.90784578 6.88738721 6.89590069 0.53197030 0.53653819 0.53023645
3.98461406 0.52751096 6.90649998 6.88915126 6.89590069 0.52532245 0.54289555 0.51737555
3.99306438 0.53097877 6.90797230 6.91078346 6.89914673 0.53197030 0.53518684 0.53023645
4.04555992 0.52279173 6.87746143 6.88029961 6.89705074 0.51576895 0.54768580 0.50467309
3.98308398 0.52371785 6.80573999 6.79545583 6.79728735 0.53386096 0.51428215 0.52405632
3.76838067 0.52284700 6.35651640 6.38907457 6.36590223 0.53993587 0.50676615 0.52467960
3.98308398 0.52371785 6.80573999 6.79545583 6.79728735 0.53386096 0.51428215 0.52405632
3.98308398 0.52604123 6.80490566 6.79667322 6.79519030 0.53570539 0.51699429 0.52599142
4.00695804 0.52305450 6.79749646 6.79568052 6.80923545 0.53386096 0.51214257 0.52405632
3.75043518 0.52453848 6.37228059 6.38470028 6.35586089 0.54095628 0.50811340 0.52766418
4.16543509 0.52962910 6.57874758 6.56365769 6.56885779 0.53985078 0.52335684 0.52482336
3.95395828 0.53460501 6.61379888 6.63871209 6.60949796 0.54458728 0.51910794 0.53777686
4.16543509 0.52962910 6.57874758 6.56365769 6.56885779 0.53985078 0.52335684 0.52482336
4.16543509 0.53081958 6.57954410 6.55878186 6.57010641 0.54048420 0.52568729 0.52586112
3.91806741 0.53082116 6.46963110 6.47935707 6.45697002 0.54085511 0.52242365 0.52850828
3.96929882 0.53576024 6.63837191 6.59489690 6.60464692 0.54240016 0.52192004 0.54049639
4.12939613 0.52541826 6.59363702 6.56915737 6.56760365 0.52714242 0.53974107 0.51110467
4.18060063 0.52382778 6.86751612 6.88025530 6.88579949 0.53851551 0.51292617 0.52497700
4.12939613 0.52607616 6.59178517 6.56915737 6.56760365 0.52899428 0.53974107 0.51110467
4.12939613 0.52476473 6.59222689 6.57558962 6.56531278 0.52863225 0.52922038 0.51816039
4.13733444 0.52476473 6.57005672 6.57828448 6.55320195 0.52910614 0.53550756 0.51110467
4.05137050 0.52260494 6.67082639 6.65659048 6.69650798 0.53713319 0.51618800 0.51919046
