50.00000000
50.00000000
50.00000000
50.00000000
50.00000000
50.00000000
50.00000000
50.00000000
50.00000000
50.00000000
50.00000000
50.00000000
200.00000000
200.00000000
200.00000000
200.00000000
200.00000000
200.00000000
200.00000000
200.00000000
200.00000000
200.00000000
200.00000000
200.00000000
275.00000000
275.00000000
275.00000000
275.00000000
275.00000000
275.00000000
275.00000000
275.00000000
275.00000000
275.00000000
275.00000000
275.00000000
125.00000000
125.00000000
125.00000000
125.00000000
125.00000000
125.00000000
125.00000000
125.00000000
125.00000000
125.00000000
125.00000000
125.00000000
162.53333333
87.46666667
162.53333333
162.53333333
162.53333333
162.53333333
162.53333333
87.46666667
87.46666667
87.46666667
87.46666667
87.46666667
312.46666667
237.46666667
312.46666667
312.46666667
312.46666667
312.46666667
312.46666667
237.46666667
237.46666667
237.46666667
237.46666667
237.46666667
237.46666667
312.46666667
237.46666667
237.46666667
237.46666667
237.46666667
237.46666667
312.46666667
312.46666667
312.46666667
312.46666667
312.46666667
87.46666667
162.53333333
87.46666667
87.46666667
87.46666667
87.46666667
87.46666667
162.53333333
162.53333333
162.53333333
162.53333333
162.53333333
106.26666667
143.73333333
106.26666667
106.26666667
106.26666667
106.26666667
106.26666667
143.73333333
143.73333333
143.73333333
143.73333333
143.73333333
256.26666667
293.73333333
256.26666667
256.26666667
256.26666667
256.26666667
256.26666667
293.73333333
293.73333333
293.73333333
293.73333333
293.73333333
