6.00000000
6.00000000
6.00000000
6.00000000
6.00000000
6.00000000
6.00000000
6.00000000
6.00000000
6.00000000
6.00000000
6.00000000
450.95073166
452.09316544
451.96887897
453.56037126
453.70482590
452.27745037
451.92870166
452.36463101
451.78420320
451.57300013
451.98373415
453.14710187
595.28477758
593.96756845
594.43131844
594.08417645
594.70340968
594.54467750
594.77469991
594.92277128
594.32812570
595.12549334
595.30400367
594.53338276
276.23794187
276.67069246
275.23911044
275.07834166
276.72397119
277.20930232
277.12096813
275.23807291
276.62526100
276.43634598
275.76427820
276.47126144
364.41651929
364.77710567
364.27633297
364.56285219
365.22850790
536.23542251
536.82405514
537.36315939
537.25090034
537.65950587
363.99516422
535.22863985
610.80961814
610.30644467
610.51882413
610.68343367
610.78677703
189.28739333
188.44705046
189.21350015
190.30257764
189.44784431
611.16255288
189.63826992
537.04974644
536.62520785
536.55366673
536.28041529
536.60613714
363.73857690
364.55709293
363.78191834
363.75433650
365.12030369
535.51846336
363.75483351
188.72019181
189.28469490
189.10828329
189.10079524
188.44842792
610.13230020
611.62211219
610.68425982
609.73070477
610.61931604
189.42324442
609.85512242
495.12872995
494.96912145
495.30250571
493.40436980
494.62141429
320.91381935
318.86432573
320.75174113
319.47347644
319.76868200
496.11499943
320.06880741
146.20614270
144.86985142
146.39806630
144.89202587
144.03343519
606.37073050
605.46991501
607.16053637
607.60155119
606.94461820
146.98179069
606.20949771
