0.00000000
0.00000000
0.00000000
0.00000000
0.00000000
0.00000000
0.00000000
0.00000000
0.00000000
0.00000000
0.00000000
0.00000000
0.02466667
0.33735343
-0.15984236
0.14686869
-0.05701650
0.06917055
-0.50458928
-0.12843771
-0.02342903
-0.27601814
0.00675908
0.98862332
-0.25352710
0.13039050
0.20543101
-0.12560386
0.01462489
-0.19232742
-0.05992403
-0.04752880
-0.20897202
-0.15633251
0.01078349
-0.30367931
0.00529101
0.63763441
0.54859355
-0.04426243
0.24923507
0.43311999
-0.58241542
-0.02741935
0.25555556
0.23833978
0.21744516
-0.24992320
-0.05820989
-0.55655431
0.31997021
0.30741243
-0.11418858
0.15178508
-0.38200409
-0.14090909
0.25904737
0.21639330
0.50833333
0.31305294
0.04560437
-0.43044520
0.09271430
-0.19826053
0.09906071
-0.08815156
-0.17975342
0.06441632
0.44498339
0.05280762
-0.06134454
-0.07900584
-0.38323417
0.04122415
0.44753868
-0.11873227
0.07392085
-0.11223629
-0.26165656
0.37697667
-0.26583311
0.25833060
0.00885080
-0.17916040
0.10590739
-0.22713103
-0.20692884
-0.21590909
0.33434343
-0.49588015
-0.21998316
0.08056642
-0.14279835
0.01290209
0.13828965
-0.15956673
0.00854641
-0.29104725
-0.49366277
0.34250867
0.44276730
-0.23974843
0.06853583
-0.37745079
0.15438309
0.60802759
0.43830290
-0.55621252
-0.30588662
-0.25551299
0.17450541
-0.13057896
-0.37397774
-0.13710231
0.06306323
0.10562525
-0.09056766
-0.07241564
-0.42905559
-0.09564395
