nan nan
nan nan
nan nan
1.00000000 0.01536485
1.00000000 0.00049064
1.00000000 0.00504209
1.00000000 0.00483598
1.00000000 0.00638129
1.00000000 0.00104725
1.00000000 0.01079060
1.00000000 -0.00039323
1.00000000 -0.00038185
1.00000000 -0.00977085
nan nan
1.00000000 -0.00523714
1.00000000 0.00234836
1.00000000 0.01273231
1.00000000 0.00422906
1.00000000 -0.00849916
1.00000000 -0.00535701
1.00000000 0.00204240
1.00000000 0.01889772
1.00000000 -0.01393152
1.00000000 -0.00121973
nan nan
nan nan
nan nan
nan nan
nan nan
nan nan
nan nan
nan nan
nan nan
nan nan
nan nan
nan nan
nan nan
nan nan
nan nan
nan nan
nan nan
nan nan
nan nan
nan nan
nan nan
nan nan
nan nan
nan nan
nan nan
nan nan
nan nan
nan nan
nan nan
nan nan
nan nan
nan nan
nan nan
nan nan
nan nan
nan nan
nan nan
nan nan
nan nan
1.00000000 0.01837530
1.00000000 0.01305464
nan nan
1.00000000 0.00264170
1.00000000 -0.00152909
1.00000000 -0.00317990
1.00000000 -0.26457762
1.00000000 -0.00505283
1.00000000 0.00952414
1.00000000 0.05715276
1.00000000 -0.03026580
1.00000000 0.00101707
1.00000000 0.04489564
nan nan
1.00000000 -0.00008211
1.00000000 -0.00445327
1.00000000 -0.00436257
1.00000000 -0.00963025
1.00000000 -0.00681847
1.00000000 -0.00403307
1.00000000 0.01464520
1.00000000 0.00686050
1.00000000 -0.08096775
1.00000000 0.00345650
nan nan
1.00000000 -0.00650865
1.00000000 0.00322173
1.00000000 0.03087871
1.00000000 -0.00761067
1.00000000 0.00722213
1.00000000 -0.00482580
1.00000000 0.02189183
1.00000000 0.01186542
1.00000000 0.00064412
1.00000000 -0.01337339
nan nan
1.00000000 0.01144208
1.00000000 -0.01270627
1.00000000 -0.00413400
1.00000000 -0.00137874
1.00000000 0.01963340
1.00000000 -0.01737057
1.00000000 0.02238057
1.00000000 0.01282916
1.00000000 0.00734934
1.00000000 -0.00141428
nan nan
1.00000000 -0.00207805
1.00000000 -0.01333387
1.00000000 0.00471938
1.00000000 -0.01226515
1.00000000 -0.00141265
1.00000000 -0.04135230
1.00000000 -0.01712439
1.00000000 -0.02354640
1.00000000 0.03869283
1.00000000 0.00783634
