nan
nan
nan
0.01536485
0.00049064
0.00504209
0.00483598
0.00638129
0.00104725
0.01079060
-0.00039323
-0.00038185
-0.00977085
nan
-0.00523714
0.00234836
0.01273231
0.00422906
-0.00849916
-0.00535701
0.00204240
0.01889772
-0.01393152
-0.00121973
nan
nan
nan
nan
nan
nan
nan
nan
nan
nan
nan
nan
nan
nan
nan
nan
nan
nan
nan
nan
nan
nan
nan
nan
nan
nan
nan
nan
nan
nan
nan
nan
nan
nan
nan
nan
nan
nan
nan
0.01837530
0.01305464
nan
0.00264170
-0.00152909
-0.00317990
-0.26457762
-0.00505283
0.00952414
0.05715276
-0.03026580
0.00101707
0.04489564
nan
-0.00008211
-0.00445327
-0.00436257
-0.00963025
-0.00681847
-0.00403307
0.01464520
0.00686050
-0.08096775
0.00345650
nan
-0.00650865
0.00322173
0.03087871
-0.00761067
0.00722213
-0.00482580
0.02189183
0.01186542
0.00064412
-0.01337339
nan
0.01144208
-0.01270627
-0.00413400
-0.00137874
0.01963340
-0.01737057
0.02238057
0.01282916
0.00734934
-0.00141428
nan
-0.00207805
-0.01333387
0.00471938
-0.01226515
-0.00141265
-0.04135230
-0.01712439
-0.02354640
0.03869283
0.00783634
