100.0000 10.0000 0.9000 0.0000
100.0000 10.0000 0.9000 0.0000
100.0000 10.0000 0.9000 0.0000
100.0000 10.0000 0.9000 0.0000
100.0000 10.0000 0.9000 0.0000
100.0000 10.0000 0.9000 0.0000
400.0000 45.0000 0.9500 0.2500
400.0000 45.0000 0.9500 0.2500
400.0000 45.0000 0.9500 0.2500
400.0000 45.0000 0.9500 0.2500
400.0000 45.0000 0.9500 0.2500
400.0000 45.0000 0.9500 0.2500
550.0000 27.5000 0.9250 0.1250
550.0000 27.5000 0.9250 0.1250
550.0000 62.5000 0.9250 0.1250
550.0000 27.5000 0.9250 0.1250
550.0000 27.5000 0.9250 0.3750
550.0000 62.5000 0.9250 0.3750
250.0000 62.5000 0.9750 0.3750
250.0000 62.5000 0.9750 0.3750
250.0000 27.5000 0.9750 0.3750
250.0000 62.5000 0.9750 0.3750
250.0000 62.5000 0.9750 0.1250
250.0000 27.5000 0.9750 0.1250
325.0000 36.2500 0.9625 0.4375
325.0000 36.2500 0.9625 0.4375
325.0000 18.7500 0.9625 0.4375
325.0000 36.2500 0.9375 0.4375
325.0000 36.2500 0.9625 0.4375
325.0000 18.7500 0.9375 0.4375
625.0000 71.2500 0.9125 0.1875
625.0000 71.2500 0.9125 0.1875
625.0000 53.7500 0.9125 0.1875
625.0000 71.2500 0.9875 0.1875
625.0000 71.2500 0.9125 0.1875
625.0000 53.7500 0.9875 0.1875
475.0000 18.7500 0.9875 0.3125
475.0000 18.7500 0.9875 0.3125
475.0000 71.2500 0.9875 0.3125
475.0000 18.7500 0.9125 0.3125
475.0000 18.7500 0.9875 0.0625
475.0000 71.2500 0.9125 0.0625
175.0000 53.7500 0.9375 0.0625
175.0000 53.7500 0.9375 0.0625
175.0000 36.2500 0.9375 0.0625
175.0000 53.7500 0.9625 0.0625
175.0000 53.7500 0.9375 0.3125
175.0000 36.2500 0.9625 0.3125
212.5000 31.8750 0.9938 0.2188
437.5000 31.8750 0.9938 0.2188
212.5000 31.8750 0.9938 0.2188
212.5000 31.8750 0.9437 0.2188
212.5000 31.8750 0.9938 0.4688
437.5000 31.8750 0.9437 0.4688
512.5000 66.8750 0.9437 0.4688
137.5000 66.8750 0.9437 0.4688
512.5000 66.8750 0.9437 0.4688
512.5000 66.8750 0.9938 0.4688
512.5000 66.8750 0.9437 0.2188
137.5000 66.8750 0.9938 0.2188
662.5000 14.3750 0.9688 0.0938
287.5000 14.3750 0.9688 0.0938
662.5000 49.3750 0.9688 0.0938
662.5000 14.3750 0.9188 0.0938
662.5000 14.3750 0.9688 0.0938
287.5000 49.3750 0.9188 0.0938
362.5000 49.3750 0.9188 0.3438
587.5000 49.3750 0.9188 0.3438
362.5000 14.3750 0.9188 0.3438
362.5000 49.3750 0.9688 0.3438
362.5000 49.3750 0.9188 0.3438
587.5000 14.3750 0.9688 0.3438
287.5000 23.1250 0.9313 0.2812
662.5000 23.1250 0.9313 0.2812
287.5000 40.6250 0.9313 0.2812
287.5000 23.1250 0.9062 0.2812
287.5000 23.1250 0.9313 0.0312
662.5000 40.6250 0.9062 0.0312
587.5000 58.1250 0.9812 0.0312
362.5000 58.1250 0.9812 0.0312
587.5000 75.6250 0.9812 0.0312
587.5000 58.1250 0.9563 0.0312
587.5000 58.1250 0.9812 0.2812
362.5000 75.6250 0.9563 0.2812
437.5000 40.6250 0.9062 0.4062
212.5000 40.6250 0.9062 0.4062
437.5000 58.1250 0.9062 0.4062
437.5000 40.6250 0.9313 0.4062
437.5000 40.6250 0.9062 0.4062
212.5000 58.1250 0.9313 0.4062
137.5000 75.6250 0.9563 0.1562
512.5000 75.6250 0.9563 0.1562
137.5000 23.1250 0.9563 0.1562
137.5000 75.6250 0.9812 0.1562
137.5000 75.6250 0.9563 0.1562
512.5000 23.1250 0.9812 0.1562
156.2500 42.8125 0.9469 0.3281
268.7500 42.8125 0.9469 0.3281
156.2500 77.8125 0.9469 0.3281
156.2500 42.8125 0.9531 0.3281
156.2500 42.8125 0.9469 0.4219
268.7500 77.8125 0.9531 0.4219
456.2500 77.8125 0.9969 0.0781
568.7500 77.8125 0.9969 0.0781
456.2500 42.8125 0.9969 0.0781
456.2500 77.8125 0.9031 0.0781
456.2500 77.8125 0.9969 0.1719
568.7500 42.8125 0.9031 0.1719
606.2500 25.3125 0.9219 0.4531
418.7500 25.3125 0.9219 0.4531
606.2500 25.3125 0.9219 0.4531
606.2500 25.3125 0.9781 0.4531
606.2500 25.3125 0.9219 0.0469
418.7500 25.3125 0.9781 0.0469
306.2500 60.3125 0.9719 0.2031
118.7500 60.3125 0.9719 0.2031
306.2500 60.3125 0.9719 0.2031
306.2500 60.3125 0.9281 0.2031
306.2500 60.3125 0.9719 0.2969
118.7500 60.3125 0.9281 0.2969
381.2500 16.5625 0.9844 0.1406
193.7500 16.5625 0.9844 0.1406
381.2500 69.0625 0.9844 0.1406
381.2500 16.5625 0.9906 0.1406
381.2500 16.5625 0.9844 0.1094
193.7500 69.0625 0.9906 0.1094
681.2500 51.5625 0.9344 0.3906
493.7500 51.5625 0.9344 0.3906
681.2500 34.0625 0.9344 0.3906
681.2500 51.5625 0.9406 0.3906
681.2500 51.5625 0.9344 0.3594
493.7500 34.0625 0.9406 0.3594
531.2500 34.0625 0.9594 0.0156
643.7500 34.0625 0.9594 0.0156
531.2500 16.5625 0.9594 0.0156
531.2500 34.0625 0.9656 0.0156
531.2500 34.0625 0.9594 0.4844
643.7500 16.5625 0.9656 0.4844
231.2500 69.0625 0.9094 0.2656
343.7500 69.0625 0.9094 0.2656
231.2500 51.5625 0.9094 0.2656
231.2500 69.0625 0.9156 0.2656
231.2500 69.0625 0.9094 0.2344
343.7500 51.5625 0.9156 0.2344
193.7500 20.9375 0.9531 0.4219
606.2500 20.9375 0.9531 0.4219
193.7500 55.9375 0.9531 0.4219
193.7500 20.9375 0.9969 0.4219
193.7500 20.9375 0.9531 0.0781
606.2500 55.9375 0.9969 0.0781
493.7500 55.9375 0.9031 0.1719
306.2500 55.9375 0.9031 0.1719
493.7500 20.9375 0.9031 0.1719
493.7500 55.9375 0.9469 0.1719
493.7500 55.9375 0.9031 0.3281
306.2500 20.9375 0.9469 0.3281
643.7500 38.4375 0.9781 0.2969
156.2500 38.4375 0.9781 0.2969
643.7500 38.4375 0.9781 0.2969
643.7500 38.4375 0.9719 0.2969
643.7500 38.4375 0.9781 0.4531
156.2500 38.4375 0.9719 0.4531
343.7500 73.4375 0.9281 0.0469
456.2500 73.4375 0.9281 0.0469
343.7500 73.4375 0.9281 0.0469
343.7500 73.4375 0.9219 0.0469
343.7500 73.4375 0.9281 0.2031
456.2500 73.4375 0.9219 0.2031
268.7500 29.6875 0.9156 0.1094
531.2500 29.6875 0.9156 0.1094
268.7500 47.1875 0.9156 0.1094
268.7500 29.6875 0.9594 0.1094
268.7500 29.6875 0.9156 0.3906
531.2500 47.1875 0.9594 0.3906
568.7500 64.6875 0.9656 0.3594
231.2500 64.6875 0.9656 0.3594
568.7500 12.1875 0.9656 0.3594
568.7500 64.6875 0.9094 0.3594
568.7500 64.6875 0.9656 0.1406
231.2500 12.1875 0.9094 0.1406
418.7500 12.1875 0.9406 0.2344
381.2500 12.1875 0.9406 0.2344
418.7500 29.6875 0.9406 0.2344
418.7500 12.1875 0.9844 0.2344
418.7500 12.1875 0.9406 0.0156
381.2500 29.6875 0.9844 0.0156
118.7500 47.1875 0.9906 0.4844
681.2500 47.1875 0.9906 0.4844
118.7500 64.6875 0.9906 0.4844
118.7500 47.1875 0.9344 0.4844
118.7500 47.1875 0.9906 0.2656
681.2500 64.6875 0.9344 0.2656
128.1250 28.5938 0.9703 0.2734
184.3750 28.5938 0.9703 0.2734
128.1250 74.5312 0.9703 0.2734
128.1250 28.5938 0.9797 0.2734
128.1250 28.5938 0.9703 0.3359
184.3750 74.5312 0.9797 0.3359
428.1250 63.5938 0.9203 0.0234
484.3750 63.5938 0.9203 0.0234
428.1250 39.5312 0.9203 0.0234
428.1250 63.5938 0.9297 0.0234
428.1250 63.5938 0.9203 0.0859
484.3750 39.5312 0.9297 0.0859
578.1250 11.0938 0.9953 0.3984
634.3750 11.0938 0.9953 0.3984
578.1250 22.0312 0.9953 0.3984
578.1250 11.0938 0.9547 0.3984
578.1250 11.0938 0.9953 0.2109
634.3750 22.0312 0.9547 0.2109
278.1250 46.0938 0.9453 0.1484
334.3750 46.0938 0.9453 0.1484
278.1250 57.0312 0.9453 0.1484
278.1250 46.0938 0.9047 0.1484
278.1250 46.0938 0.9453 0.4609
334.3750 57.0312 0.9047 0.4609
353.1250 19.8438 0.9078 0.2109
259.3750 19.8438 0.9078 0.2109
353.1250 65.7812 0.9078 0.2109
353.1250 19.8438 0.9672 0.2109
353.1250 19.8438 0.9078 0.1484
259.3750 65.7812 0.9672 0.1484
653.1250 54.8438 0.9578 0.4609
559.3750 54.8438 0.9578 0.4609
653.1250 30.7812 0.9578 0.4609
653.1250 54.8438 0.9172 0.4609
653.1250 54.8438 0.9578 0.3984
559.3750 30.7812 0.9172 0.3984
503.1250 37.3438 0.9328 0.0859
409.3750 37.3438 0.9328 0.0859
503.1250 13.2812 0.9328 0.0859
503.1250 37.3438 0.9922 0.0859
503.1250 37.3438 0.9328 0.2734
409.3750 13.2812 0.9922 0.2734
203.1250 72.3438 0.9828 0.3359
109.3750 72.3438 0.9828 0.3359
203.1250 48.2812 0.9828 0.3359
203.1250 72.3438 0.9422 0.3359
203.1250 72.3438 0.9828 0.0234
109.3750 48.2812 0.9422 0.0234
240.6250 15.4688 0.9266 0.4922
521.8750 15.4688 0.9266 0.4922
240.6250 61.4062 0.9266 0.4922
240.6250 15.4688 0.9734 0.4922
240.6250 15.4688 0.9266 0.1797
521.8750 61.4062 0.9734 0.1797
540.6250 50.4688 0.9766 0.2422
221.8750 50.4688 0.9766 0.2422
540.6250 26.4062 0.9766 0.2422
540.6250 50.4688 0.9234 0.2422
540.6250 50.4688 0.9766 0.4297
221.8750 26.4062 0.9234 0.4297
690.6250 32.9688 0.9016 0.3672
371.8750 32.9688 0.9016 0.3672
690.6250 43.9062 0.9016 0.3672
690.6250 32.9688 0.9984 0.3672
690.6250 32.9688 0.9016 0.3047
371.8750 43.9062 0.9984 0.3047
390.6250 67.9688 0.9516 0.1172
671.8750 67.9688 0.9516 0.1172
390.6250 78.9062 0.9516 0.1172
390.6250 67.9688 0.9484 0.1172
390.6250 67.9688 0.9516 0.0547
671.8750 78.9062 0.9484 0.0547
315.6250 41.7188 0.9891 0.0547
596.8750 41.7188 0.9891 0.0547
315.6250 52.6562 0.9891 0.0547
315.6250 41.7188 0.9859 0.0547
315.6250 41.7188 0.9891 0.3672
596.8750 52.6562 0.9859 0.3672
615.6250 76.7188 0.9391 0.3047
296.8750 76.7188 0.9391 0.3047
615.6250 17.6562 0.9391 0.3047
615.6250 76.7188 0.9359 0.3047
615.6250 76.7188 0.9391 0.1172
296.8750 17.6562 0.9359 0.1172
465.6250 24.2188 0.9641 0.1797
146.8750 24.2188 0.9641 0.1797
465.6250 35.1562 0.9641 0.1797
465.6250 24.2188 0.9609 0.1797
465.6250 24.2188 0.9641 0.2422
146.8750 35.1562 0.9609 0.2422
165.6250 59.2188 0.9141 0.4297
446.8750 59.2188 0.9141 0.4297
165.6250 70.1562 0.9141 0.4297
165.6250 59.2188 0.9109 0.4297
165.6250 59.2188 0.9141 0.4922
446.8750 70.1562 0.9109 0.4922
146.8750 26.4062 0.9797 0.0703
353.1250 26.4062 0.9797 0.0703
146.8750 15.4688 0.9797 0.0703
146.8750 26.4062 0.9266 0.0703
146.8750 26.4062 0.9797 0.2266
353.1250 15.4688 0.9266 0.2266
446.8750 61.4062 0.9297 0.3203
653.1250 61.4062 0.9297 0.3203
446.8750 50.4688 0.9297 0.3203
446.8750 61.4062 0.9766 0.3203
446.8750 61.4062 0.9297 0.4766
653.1250 50.4688 0.9766 0.4766
596.8750 43.9062 0.9547 0.1953
503.1250 43.9062 0.9547 0.1953
596.8750 67.9688 0.9547 0.1953
596.8750 43.9062 0.9016 0.1953
596.8750 43.9062 0.9547 0.3516
503.1250 67.9688 0.9016 0.3516
296.8750 78.9062 0.9047 0.4453
203.1250 78.9062 0.9047 0.4453
296.8750 32.9688 0.9047 0.4453
296.8750 78.9062 0.9516 0.4453
296.8750 78.9062 0.9047 0.1016
203.1250 32.9688 0.9516 0.1016
371.8750 35.1562 0.9422 0.3828
128.1250 35.1562 0.9422 0.3828
371.8750 24.2188 0.9422 0.3828
371.8750 35.1562 0.9141 0.3828
371.8750 35.1562 0.9422 0.2891
128.1250 24.2188 0.9141 0.2891
671.8750 70.1562 0.9922 0.1328
428.1250 70.1562 0.9922 0.1328
671.8750 59.2188 0.9922 0.1328
671.8750 70.1562 0.9641 0.1328
671.8750 70.1562 0.9922 0.0391
428.1250 59.2188 0.9641 0.0391
521.8750 17.6562 0.9172 0.2578
578.1250 17.6562 0.9172 0.2578
521.8750 76.7188 0.9172 0.2578
521.8750 17.6562 0.9391 0.2578
521.8750 17.6562 0.9172 0.1641
578.1250 76.7188 0.9391 0.1641
221.8750 52.6562 0.9672 0.0078
278.1250 52.6562 0.9672 0.0078
221.8750 41.7188 0.9672 0.0078
221.8750 52.6562 0.9891 0.0078
221.8750 52.6562 0.9672 0.4141
278.1250 41.7188 0.9891 0.4141
184.3750 39.5312 0.9234 0.1641
690.6250 39.5312 0.9234 0.1641
184.3750 28.5938 0.9234 0.1641
184.3750 39.5312 0.9203 0.1641
184.3750 39.5312 0.9234 0.2578
690.6250 28.5938 0.9203 0.2578
484.3750 74.5312 0.9734 0.4141
390.6250 74.5312 0.9734 0.4141
484.3750 63.5938 0.9734 0.4141
484.3750 74.5312 0.9703 0.4141
484.3750 74.5312 0.9734 0.0078
390.6250 63.5938 0.9703 0.0078
634.3750 22.0312 0.9484 0.0391
240.6250 22.0312 0.9484 0.0391
634.3750 46.0938 0.9484 0.0391
634.3750 22.0312 0.9453 0.0391
634.3750 22.0312 0.9484 0.1328
240.6250 46.0938 0.9453 0.1328
334.3750 57.0312 0.9984 0.2891
540.6250 57.0312 0.9984 0.2891
334.3750 11.0938 0.9984 0.2891
334.3750 57.0312 0.9953 0.2891
334.3750 57.0312 0.9984 0.3828
540.6250 11.0938 0.9953 0.3828
259.3750 13.2812 0.9609 0.3516
465.6250 13.2812 0.9609 0.3516
259.3750 37.3438 0.9609 0.3516
259.3750 13.2812 0.9328 0.3516
259.3750 13.2812 0.9609 0.1953
465.6250 37.3438 0.9328 0.1953
559.3750 48.2812 0.9109 0.1016
165.6250 48.2812 0.9109 0.1016
559.3750 72.3438 0.9109 0.1016
559.3750 48.2812 0.9828 0.1016
559.3750 48.2812 0.9109 0.4453
165.6250 72.3438 0.9828 0.4453
409.3750 30.7812 0.9859 0.4766
315.6250 30.7812 0.9859 0.4766
409.3750 54.8438 0.9859 0.4766
409.3750 30.7812 0.9078 0.4766
409.3750 30.7812 0.9859 0.3203
315.6250 54.8438 0.9078 0.3203
109.3750 65.7812 0.9359 0.2266
615.6250 65.7812 0.9359 0.2266
109.3750 19.8438 0.9359 0.2266
109.3750 65.7812 0.9578 0.2266
109.3750 65.7812 0.9359 0.0703
615.6250 19.8438 0.9578 0.0703
114.0625 37.8906 0.9820 0.4180
489.0625 37.8906 0.9820 0.4180
114.0625 41.1719 0.9820 0.4180
114.0625 37.8906 0.9664 0.4180
114.0625 37.8906 0.9820 0.1055
489.0625 41.1719 0.9664 0.1055
414.0625 72.8906 0.9320 0.1680
189.0625 72.8906 0.9320 0.1680
414.0625 76.1719 0.9320 0.1680
414.0625 72.8906 0.9164 0.1680
414.0625 72.8906 0.9320 0.3555
189.0625 76.1719 0.9164 0.3555
564.0625 20.3906 0.9570 0.2930
339.0625 20.3906 0.9570 0.2930
564.0625 58.6719 0.9570 0.2930
564.0625 20.3906 0.9914 0.2930
564.0625 20.3906 0.9570 0.4805
339.0625 58.6719 0.9914 0.4805
264.0625 55.3906 0.9070 0.0430
639.0625 55.3906 0.9070 0.0430
264.0625 23.6719 0.9070 0.0430
264.0625 55.3906 0.9414 0.0430
264.0625 55.3906 0.9070 0.2305
639.0625 23.6719 0.9414 0.2305
339.0625 11.6406 0.9445 0.1055
564.0625 11.6406 0.9445 0.1055
339.0625 32.4219 0.9445 0.1055
339.0625 11.6406 0.9789 0.1055
339.0625 11.6406 0.9445 0.4180
564.0625 32.4219 0.9789 0.4180
639.0625 46.6406 0.9945 0.3555
264.0625 46.6406 0.9945 0.3555
639.0625 67.4219 0.9945 0.3555
639.0625 46.6406 0.9289 0.3555
639.0625 46.6406 0.9945 0.1680
264.0625 67.4219 0.9289 0.1680
489.0625 29.1406 0.9195 0.2305
114.0625 29.1406 0.9195 0.2305
489.0625 49.9219 0.9195 0.2305
489.0625 29.1406 0.9539 0.2305
489.0625 29.1406 0.9195 0.0430
114.0625 49.9219 0.9539 0.0430
189.0625 64.1406 0.9695 0.4805
414.0625 64.1406 0.9695 0.4805
189.0625 14.9219 0.9695 0.4805
189.0625 64.1406 0.9039 0.4805
189.0625 64.1406 0.9695 0.2930
414.0625 14.9219 0.9039 0.2930
226.5625 24.7656 0.9133 0.3242
226.5625 24.7656 0.9133 0.3242
226.5625 19.2969 0.9133 0.3242
226.5625 24.7656 0.9852 0.3242
226.5625 24.7656 0.9133 0.3867
226.5625 19.2969 0.9852 0.3867
526.5625 59.7656 0.9633 0.0742
526.5625 59.7656 0.9633 0.0742
526.5625 54.2969 0.9633 0.0742
526.5625 59.7656 0.9352 0.0742
526.5625 59.7656 0.9633 0.1367
526.5625 54.2969 0.9352 0.1367
676.5625 42.2656 0.9383 0.4492
676.5625 42.2656 0.9383 0.4492
676.5625 71.7969 0.9383 0.4492
676.5625 42.2656 0.9602 0.4492
676.5625 42.2656 0.9383 0.0117
676.5625 71.7969 0.9602 0.0117
376.5625 77.2656 0.9883 0.1992
376.5625 77.2656 0.9883 0.1992
376.5625 36.7969 0.9883 0.1992
376.5625 77.2656 0.9102 0.1992
376.5625 77.2656 0.9883 0.2617
376.5625 36.7969 0.9102 0.2617
301.5625 33.5156 0.9508 0.1367
301.5625 33.5156 0.9508 0.1367
301.5625 10.5469 0.9508 0.1367
301.5625 33.5156 0.9727 0.1367
301.5625 33.5156 0.9508 0.0742
301.5625 10.5469 0.9727 0.0742
601.5625 68.5156 0.9008 0.3867
601.5625 68.5156 0.9008 0.3867
601.5625 45.5469 0.9008 0.3867
601.5625 68.5156 0.9227 0.3867
601.5625 68.5156 0.9008 0.3242
601.5625 45.5469 0.9227 0.3242
451.5625 16.0156 0.9758 0.0117
451.5625 16.0156 0.9758 0.0117
451.5625 63.0469 0.9758 0.0117
451.5625 16.0156 0.9977 0.0117
451.5625 16.0156 0.9758 0.4492
451.5625 63.0469 0.9977 0.4492
151.5625 51.0156 0.9258 0.2617
151.5625 51.0156 0.9258 0.2617
151.5625 28.0469 0.9258 0.2617
151.5625 51.0156 0.9477 0.2617
151.5625 51.0156 0.9258 0.1992
151.5625 28.0469 0.9477 0.1992
