50.00000000 98.82504202 0.00000000 0.00000000 0.00000000
50.00000000 98.82504202 0.00000000 0.00000000 0.00000000
50.00000000 98.82504202 0.00000000 0.00000000 0.00000000
50.00000000 98.82504202 0.00000000 0.00000000 0.00000000
50.00000000 98.82504202 0.00000000 0.00000000 0.00000000
50.00000000 98.82504202 0.00000000 0.00000000 0.00000000
50.00000000 98.82504202 0.00000000 0.00000000 0.00000000
50.00000000 98.82504202 0.00000000 0.00000000 0.00000000
50.00000000 98.82504202 0.00000000 0.00000000 0.00000000
50.00000000 98.82504202 0.00000000 0.00000000 0.00000000
200.00000000 451.66620471 0.49355809 0.51391806 0.50194992
200.00000000 451.66620471 0.49355809 0.51391806 0.50194992
200.00000000 451.66620471 0.49355809 0.51391806 0.50194992
200.00000000 451.66620471 0.49355809 0.51391806 0.50194992
200.00000000 451.66620471 0.49355809 0.51391806 0.50194992
200.00000000 451.66620471 0.49355809 0.51391806 0.50194992
200.00000000 451.66620471 0.49355809 0.51391806 0.50194992
200.00000000 451.66620471 0.49355809 0.51391806 0.50194992
200.00000000 451.66620471 0.49355809 0.51391806 0.50194992
200.00000000 451.66620471 0.49355809 0.51391806 0.50194992
125.00000000 270.24405540 0.29111031 0.26334402 0.25427300
125.00000000 270.24405540 0.29111031 0.26334402 0.25427300
125.00000000 621.78495849 0.28508172 0.26043936 0.23690169
125.00000000 270.24405540 0.29111031 0.26334402 0.25427300
275.00000000 271.67389178 0.27516789 0.24355306 0.27841882
226.10000000 4120.65300439 0.21382128 0.20511538 0.23488148
275.00000000 271.67389178 0.27516789 0.24355306 0.27841882
226.10000000 4120.65300439 0.21382128 0.20511538 0.23488148
125.00000000 621.78495849 0.28508172 0.26043936 0.23690169
226.10000000 4120.65300439 0.21382128 0.20511538 0.23488148
226.40000000 4080.43686748 0.62731662 0.63707640 0.59857601
226.40000000 4080.43686748 0.62731662 0.63707640 0.59857601
275.00000000 271.03701415 0.76897029 0.76603022 0.73084070
226.40000000 4080.43686748 0.62731662 0.63707640 0.59857601
125.00000000 620.66602840 0.73476355 0.72497922 0.76020841
125.00000000 269.91050517 0.77412001 0.77935860 0.75824393
125.00000000 620.66602840 0.73476355 0.72497922 0.76020841
125.00000000 269.91050517 0.77412001 0.77935860 0.75824393
275.00000000 271.03701415 0.76897029 0.76603022 0.73084070
125.00000000 269.91050517 0.77412001 0.77935860 0.75824393
312.50000000 361.22803135 0.60156794 0.62267381 0.62571646
312.50000000 361.22803135 0.60156794 0.62267381 0.62571646
312.50000000 182.08593948 0.63556404 0.63184551 0.63112935
312.50000000 361.22803135 0.35867897 0.37856935 0.39721626
312.50000000 361.22803135 0.60156794 0.62267381 0.62571646
312.50000000 182.08593948 0.38765876 0.39400504 0.38782045
312.50000000 361.22803135 0.35867897 0.37856935 0.39721626
312.50000000 182.08593948 0.63556404 0.63184551 0.63112935
312.50000000 182.08593948 0.38765876 0.39400504 0.38782045
312.50000000 182.08593948 0.38765876 0.39400504 0.38782045
168.30000000 890.36936023 0.12642284 0.12294864 0.13466493
168.30000000 890.36936023 0.12642284 0.12294864 0.13466493
162.50000000 529.67267197 0.12991987 0.12687371 0.12660559
168.30000000 890.36936023 0.90136652 0.86783725 0.86623341
168.30000000 890.36936023 0.12642284 0.12294864 0.13466493
162.50000000 529.67267197 0.89856505 0.87333563 0.86206780
168.30000000 890.36936023 0.90136652 0.86783725 0.86623341
162.50000000 529.67267197 0.12991987 0.12687371 0.12660559
162.50000000 529.67267197 0.89856505 0.87333563 0.86206780
162.50000000 529.67267197 0.89856505 0.87333563 0.86206780
237.50000000 180.93933924 0.88406789 0.88448014 0.86192527
237.50000000 180.93933924 0.88406789 0.88448014 0.86192527
197.20000000 4772.13609100 0.74102759 0.71548049 0.72344189
237.50000000 180.93933924 0.13364983 0.13085748 0.13274282
87.50000000 181.58985119 0.85421122 0.88930318 0.86041965
87.50000000 711.09483190 0.15065058 0.15137010 0.11837288
87.50000000 181.58985119 0.11419448 0.13662915 0.12948990
87.50000000 711.09483190 0.81522352 0.84947954 0.86252625
197.20000000 4772.13609100 0.09409264 0.10872602 0.09372998
87.50000000 711.09483190 0.15065058 0.15137010 0.11837288
87.50000000 529.83659588 0.39267125 0.32678693 0.34787091
87.50000000 529.83659588 0.39267125 0.32678693 0.34787091
87.50000000 361.84493608 0.35601331 0.36294622 0.39481585
87.50000000 529.83659588 0.64936078 0.61580180 0.60010417
237.50000000 531.04683691 0.36013026 0.37171038 0.36072780
237.50000000 360.72942611 0.64858394 0.62650467 0.61430535
237.50000000 531.04683691 0.62261894 0.63715562 0.60766745
237.50000000 360.72942611 0.38182939 0.38869038 0.35195610
87.50000000 361.84493608 0.64924421 0.66475133 0.63765216
237.50000000 360.72942611 0.64858394 0.62650467 0.61430535
181.30000000 311.19170227 0.94915545 0.92556964 0.93214801
181.30000000 311.99379646 0.93405247 0.94527156 0.94099759
181.30000000 311.19170227 0.94915545 0.92556964 0.93214801
181.30000000 311.19170227 0.43403428 0.40512897 0.44498160
331.30000000 311.06894301 0.94526459 0.93526164 0.92597745
331.30000000 311.06894301 0.44725485 0.42712440 0.42931427
331.30000000 310.50113605 0.45679012 0.41116261 0.44366372
331.30000000 310.50113605 0.94227978 0.93061253 0.93934310
181.30000000 311.99379646 0.45596456 0.44085782 0.45754172
331.30000000 310.50113605 0.45679012 0.41116261 0.44366372
212.10000000 3428.78797379 0.31445402 0.29015038 0.28471820
212.80000000 3436.15184768 0.26886148 0.27074793 0.29942748
212.10000000 3428.78797379 0.31445402 0.29015038 0.28471820
212.10000000 3428.78797379 0.60458968 0.59675599 0.60527964
188.40000000 920.46462518 0.41686541 0.41483704 0.44844517
188.40000000 920.46462518 0.92899150 0.93556335 0.92608345
181.30000000 659.65584721 0.92794347 0.94547239 0.94468781
181.30000000 659.65584721 0.40151189 0.41767368 0.44369105
212.80000000 3436.15184768 0.61805275 0.58906810 0.60757068
181.30000000 659.65584721 0.92794347 0.94547239 0.94468781
106.30000000 140.62314348 0.71041736 0.70182650 0.67427020
106.30000000 138.48488046 0.69800848 0.67986461 0.70903286
106.30000000 490.18814862 0.68931758 0.71547990 0.61583192
106.30000000 140.62314348 0.17715381 0.18104104 0.17316252
106.30000000 140.62314348 0.71041736 0.70182650 0.67427020
106.30000000 490.18814862 0.16147767 0.19065683 0.15560492
106.30000000 138.48488046 0.18194620 0.16731244 0.21030320
106.30000000 491.44165381 0.67067383 0.69773928 0.66248747
106.30000000 491.44165381 0.16385193 0.13486417 0.18221808
106.30000000 491.44165381 0.16385193 0.13486417 0.18221808
256.30000000 492.23462515 0.18157132 0.17556054 0.17123786
256.80000000 491.12620854 0.19773818 0.20855755 0.18285957
256.30000000 140.68031215 0.20683047 0.17572742 0.20007347
256.30000000 492.23462515 0.66669365 0.68493467 0.69215027
256.30000000 492.23462515 0.18157132 0.17556054 0.17123786
256.30000000 140.68031215 0.67574083 0.66716209 0.70702312
256.80000000 491.12620854 0.69078903 0.71607606 0.69037268
256.30000000 140.28449575 0.21158751 0.18758607 0.17925672
256.30000000 140.28449575 0.68258983 0.70093493 0.67677197
256.30000000 140.28449575 0.68258983 0.70093493 0.67677197
218.80000000 231.20645937 0.30269901 0.33339885 0.34134286
218.80000000 231.82338241 0.32522233 0.32089319 0.32556363
218.80000000 401.05355366 0.31104449 0.33960518 0.33808153
218.80000000 231.20645937 0.06041281 0.05503332 0.05922990
68.80000000 228.27508160 0.25571418 0.30087720 0.31477985
68.80000000 398.87938010 0.07123451 0.05053417 0.07277059
68.80000000 229.06553891 0.05151553 0.06947820 0.05399787
68.80000000 402.12797649 0.29536178 0.28124692 0.34202860
218.80000000 398.53099643 0.06344743 0.05962243 0.07151742
68.80000000 402.12797649 0.04123843 0.04151128 0.07588184
68.80000000 582.81862281 0.80670786 0.83415334 0.78337955
68.80000000 579.89371148 0.84127264 0.83711287 0.82643701
68.80000000 752.64364602 0.79372840 0.81241251 0.81499689
68.80000000 582.81862281 0.51122428 0.57419883 0.55420091
229.20000000 1138.21381778 0.81774558 0.80990955 0.81171199
186.70000000 5175.80984054 0.48797196 0.47764151 0.47583057
218.80000000 582.66936907 0.56889495 0.55922234 0.57112156
186.30000000 4943.29069395 0.72264948 0.73302483 0.68234405
68.80000000 752.55907259 0.55372135 0.57172625 0.57076951
186.30000000 4943.29069395 0.49169098 0.50850501 0.49263876
293.80000000 399.64183620 0.05505255 0.06217116 0.06346635
293.80000000 402.43183916 0.06655648 0.05723249 0.06096451
241.90000000 3830.51371674 0.04363446 0.05582110 0.04158833
293.80000000 399.64183620 0.32373451 0.31262291 0.30544063
293.80000000 399.64183620 0.05505255 0.06217116 0.06346635
241.90000000 3830.51371674 0.25574849 0.26025338 0.26056174
293.80000000 402.43183916 0.30492988 0.31236741 0.32749875
241.50000000 3828.08455490 0.05847485 0.05218069 0.05416622
241.50000000 3828.08455490 0.27784929 0.29222388 0.25566635
241.50000000 3828.08455490 0.27784929 0.29222388 0.25566635
143.80000000 751.05781133 0.53623551 0.47730612 0.57035756
146.70000000 803.53422598 0.55540493 0.58733178 0.57713585
143.80000000 229.81782738 0.55782603 0.56486311 0.55100784
143.80000000 751.05781133 0.80075511 0.76704789 0.83652396
143.80000000 751.05781133 0.53623551 0.47730612 0.57035756
143.80000000 229.81782738 0.81455686 0.83760883 0.82740911
146.70000000 803.53422598 0.79689660 0.80887589 0.81452615
143.80000000 230.47895184 0.58794199 0.57125628 0.56360040
143.80000000 230.47895184 0.81174158 0.81810111 0.78578788
143.80000000 230.47895184 0.81174158 0.81810111 0.78578788
246.90000000 420.37630287 0.46902668 0.49129328 0.46238019
246.90000000 421.74952645 0.44277724 0.45534119 0.44782989
182.20000000 4590.72925782 0.31424922 0.32860179 0.35285559
246.90000000 420.37630287 0.50510095 0.56202856 0.52639014
303.10000000 422.22014898 0.49384387 0.45512389 0.46520665
181.80000000 3746.75282950 0.31935447 0.32373726 0.30776205
303.10000000 421.63873772 0.52853994 0.50148103 0.53978410
182.30000000 3753.54101709 0.28993135 0.25632906 0.27472975
182.10000000 4590.20218437 0.41587670 0.37416119 0.40145022
182.30000000 3753.54101709 0.32704922 0.29668962 0.31020889
96.90000000 772.60812356 0.97702381 0.97988620 0.96277307
96.90000000 771.05051067 0.96323180 0.97681870 0.97782271
96.90000000 419.88122658 0.97816342 0.97167182 0.96027655
96.90000000 772.60812356 0.02137592 0.02010913 0.04277738
161.50000000 1209.23367102 0.95118993 0.96795681 0.95313218
153.10000000 420.06625536 0.04045450 0.02564675 0.02591920
161.50000000 1209.00943555 0.03821332 0.01572673 0.01752182
153.10000000 420.15237061 0.96529339 0.96812512 0.95914369
96.90000000 419.04388847 0.02954421 0.02191418 0.03054765
153.10000000 420.15237061 0.02671480 0.03611074 0.02107656
321.80000000 251.18951557 0.23030388 0.22583203 0.21261165
321.80000000 250.76078535 0.21224373 0.23181704 0.21368770
321.80000000 251.18951557 0.23030388 0.22583203 0.21261165
321.80000000 251.18951557 0.79741874 0.81744593 0.79194049
78.10000000 250.68458061 0.20593213 0.27027657 0.19826152
78.10000000 250.68458061 0.74559395 0.76235952 0.76586144
78.10000000 250.75621847 0.75539041 0.73281060 0.77707248
78.10000000 250.75621847 0.23149904 0.25704497 0.22499758
321.80000000 250.76078535 0.78223935 0.78656978 0.77840781
78.10000000 250.75621847 0.75539041 0.73281060 0.77707248
171.90000000 602.51659204 0.66043844 0.71821555 0.71761423
171.90000000 601.43203015 0.73955825 0.71580936 0.69503115
171.90000000 602.51659204 0.66043844 0.71821555 0.71761423
171.90000000 602.51659204 0.26149930 0.25953270 0.27224543
228.10000000 607.37447827 0.71915350 0.68371962 0.72243292
228.10000000 607.37447827 0.28213113 0.28164286 0.31288064
228.30000000 604.76005567 0.28825536 0.26661945 0.29837205
228.30000000 604.76005567 0.70286770 0.69879407 0.71750223
171.90000000 601.43203015 0.27340141 0.28622288 0.27243889
228.30000000 604.76005567 0.28825536 0.26661945 0.29837205
134.40000000 162.40809522 0.85356979 0.83725203 0.85662446
134.40000000 160.77628774 0.85139014 0.84492962 0.83871478
134.40000000 691.58292800 0.84249053 0.82960110 0.85174830
134.40000000 162.40809522 0.91207404 0.91127520 0.91666591
115.60000000 162.56540402 0.81108480 0.83144511 0.85421071
115.60000000 692.10625067 0.90433679 0.90401605 0.87852848
115.60000000 157.95419745 0.91632643 0.90814871 0.91233656
115.60000000 689.41813222 0.84566323 0.82637737 0.87030224
134.40000000 689.48997421 0.92017336 0.91283652 0.90203681
115.60000000 689.41813222 0.91707708 0.90303530 0.93491486
275.40000000 3964.05599691 0.32922579 0.33840235 0.32619555
275.30000000 1870.77195606 0.32293487 0.38038556 0.36527245
284.40000000 340.85340991 0.33424154 0.36868818 0.37512832
275.40000000 3964.05599691 0.39465596 0.40040072 0.39625621
275.00000000 2539.82950991 0.35513620 0.33680768 0.32783770
265.60000000 342.44543905 0.39600940 0.40697470 0.42128738
265.60000000 513.42677813 0.39630650 0.43469245 0.40062052
265.60000000 340.81787672 0.35831147 0.35617177 0.37902802
284.40000000 340.46018018 0.42994827 0.41767880 0.41377117
265.60000000 340.81787672 0.42919596 0.43360313 0.43829176
59.40000000 340.61341808 0.61283146 0.54532388 0.60808443
59.40000000 338.65085618 0.49475404 0.58625297 0.65630127
59.40000000 160.51329827 0.62678470 0.60840235 0.61263323
59.40000000 340.61341808 0.67232476 0.65737424 0.67105964
340.60000000 341.30321735 0.61967480 0.59792556 0.57328568
340.60000000 160.40313816 0.67142903 0.67760287 0.68325261
340.60000000 340.20679358 0.68420157 0.64878581 0.65216269
340.60000000 160.77338791 0.57616872 0.63246995 0.60122567
59.40000000 159.99268548 0.71380337 0.63801791 0.67430192
340.60000000 160.77338791 0.65600131 0.68130898 0.65232607
203.40000000 1950.48165302 0.09235711 0.07978777 0.09929752
203.30000000 2101.08768485 0.10577581 0.10130244 0.07901228
209.40000000 511.31569020 0.10320634 0.11357727 0.09439440
203.40000000 1950.48165302 0.15841610 0.14363900 0.16767404
190.60000000 691.94618396 0.08824592 0.11226805 0.10921272
190.60000000 511.76463294 0.18182963 0.14796616 0.16184961
190.60000000 690.87783493 0.17238766 0.17517833 0.14473202
190.60000000 511.94967687 0.09195466 0.10000559 0.09154940
209.40000000 512.52253730 0.16888705 0.16886726 0.16635622
190.60000000 511.94967687 0.14517440 0.17046011 0.16248162
303.10000000 202.00538391 0.52569531 0.50795916 0.54242078
303.10000000 200.29397927 0.54314257 0.54029512 0.56109838
254.90000000 3696.72285625 0.45182659 0.46622360 0.43936004
303.10000000 202.00538391 0.95540670 0.96211308 0.97089586
96.90000000 197.69140302 0.49432211 0.48704880 0.49600394
96.90000000 550.23919958 0.96467462 0.95716801 0.97427774
96.90000000 200.99461352 0.97446100 0.96325592 0.96511508
96.90000000 549.88199021 0.49518541 0.49686183 0.53230963
254.70000000 3736.02251376 0.81819185 0.81949830 0.81738192
96.90000000 549.88199021 0.96238734 0.97624056 0.97054453
153.10000000 550.81154021 0.01411902 0.03547561 0.03585732
153.10000000 551.23072347 0.04720531 0.03746099 0.03699174
153.10000000 202.29251452 0.02385881 0.02449779 0.03088328
153.10000000 550.81154021 0.46209403 0.46701767 0.47186195
246.90000000 554.57537287 0.03048102 0.03245164 0.02353646
246.90000000 200.32825361 0.48491325 0.48444882 0.47934303
246.70000000 554.97327797 0.48445132 0.44093379 0.47485829
246.90000000 201.16150127 0.03893306 0.02571337 0.03933440
153.10000000 202.35373855 0.46249988 0.45099999 0.46190193
246.90000000 201.16150127 0.47287359 0.43785655 0.47575062
228.10000000 382.12503373 0.78515987 0.79220200 0.78675258
228.10000000 380.77823618 0.77257148 0.78058613 0.77954550
228.10000000 382.12503373 0.78515987 0.79220200 0.78675258
228.10000000 382.12503373 0.73381571 0.73185469 0.72949008
321.80000000 381.24070333 0.78202437 0.78304074 0.78582958
321.80000000 381.24070333 0.72378981 0.72228450 0.73822609
321.80000000 380.01225480 0.70502008 0.70893230 0.69811006
321.80000000 380.01225480 0.75949453 0.76953459 0.75750518
228.10000000 380.77823618 0.70687633 0.73275328 0.72392324
321.80000000 380.01225480 0.70502008 0.70893230 0.69811006
78.10000000 729.99057592 0.21081430 0.27859382 0.25849969
78.10000000 730.72354249 0.27376757 0.33750865 0.30934727
78.10000000 729.99057592 0.21081430 0.27859382 0.25849969
78.10000000 729.99057592 0.14946873 0.19056090 0.18342747
171.90000000 731.72211124 0.27551438 0.28224735 0.27868512
171.90000000 731.72211124 0.22753409 0.21639581 0.22488814
183.40000000 1754.18256894 0.24291894 0.23003039 0.24964830
183.40000000 1754.18256894 0.30154698 0.29564032 0.30696693
78.10000000 730.72354249 0.24314522 0.25629716 0.25565293
183.40000000 1754.18256894 0.24291894 0.23003039 0.24964830
115.60000000 289.46745499 0.15063049 0.15324420 0.16163547
115.60000000 291.92890530 0.16540696 0.18665821 0.16693798
115.60000000 469.82834938 0.15947464 0.14355218 0.14718602
115.60000000 289.46745499 0.56630019 0.59918520 0.61065040
284.40000000 290.85685695 0.17515429 0.16106009 0.15418106
284.30000000 474.10768063 0.60789596 0.59900656 0.60178165
284.40000000 290.81799224 0.57707544 0.60343889 0.60214403
284.40000000 472.18136285 0.16229134 0.17100399 0.16343077
115.60000000 472.06024975 0.60711741 0.61806938 0.55757898
284.40000000 472.18136285 0.62470151 0.60304917 0.58504077
219.50000000 4269.18117171 0.53476972 0.56484191 0.53087491
218.90000000 4213.75251981 0.53402732 0.56911230 0.53574281
265.60000000 120.01263005 0.65052081 0.63059394 0.65606296
219.50000000 4269.18117171 0.08457379 0.08533527 0.07542018
134.40000000 642.07659569 0.65519853 0.63672592 0.64647303
134.40000000 120.39481590 0.09796444 0.07511899 0.10104556
134.40000000 640.01905462 0.07427428 0.09761077 0.11636039
134.40000000 121.07118477 0.65046004 0.68500600 0.65374642
265.60000000 121.26376853 0.09095402 0.11139909 0.09744372
134.40000000 121.07118477 0.07168693 0.08157744 0.08087847
190.60000000 121.37271095 0.38763641 0.42833787 0.41193028
190.60000000 121.43042427 0.40454934 0.43733054 0.41520665
190.60000000 291.46789817 0.41821084 0.41816509 0.42904168
190.60000000 121.37271095 0.83507388 0.84015368 0.86255234
59.40000000 121.97497175 0.41910614 0.37787319 0.39081760
59.40000000 293.24553672 0.78513121 0.86031248 0.83879045
59.40000000 121.26148493 0.84464286 0.83971362 0.79581154
59.40000000 292.25843853 0.39972182 0.38335436 0.41324380
190.60000000 291.79544661 0.84160168 0.84451654 0.82364233
59.40000000 292.25843853 0.81374769 0.86707135 0.87283751
299.20000000 3279.04723971 0.78350630 0.81714426 0.81213133
298.20000000 3321.89372339 0.79147895 0.81215063 0.79203627
219.50000000 3336.42108328 0.59422889 0.56900470 0.60595948
299.20000000 3279.04723971 0.28820505 0.31569040 0.31339670
209.40000000 470.20879439 0.90724085 0.91744851 0.91957620
209.40000000 641.14519897 0.32238855 0.31394243 0.31037720
209.40000000 471.17436718 0.33322381 0.34333169 0.34633286
218.90000000 3363.02478439 0.92359891 0.90379366 0.90076242
219.50000000 3334.95113899 0.20110273 0.22094267 0.24382636
218.90000000 3363.02478439 0.32804410 0.36539423 0.33878443
214.00000000 281.65485351 0.68420519 0.70343999 0.70157080
214.00000000 281.56030246 0.67519427 0.68229783 0.70799419
189.60000000 4743.45465378 0.69670786 0.63123298 0.64635970
214.00000000 281.65485351 0.78514550 0.78805293 0.79503716
251.50000000 281.03926639 0.71344684 0.71559050 0.70041308
189.30000000 4495.96495563 0.59213696 0.59523304 0.58320827
251.50000000 281.49841338 0.79346716 0.80789665 0.79937885
189.40000000 4504.05996044 0.54765679 0.52448864 0.53206524
189.70000000 4772.71914325 0.75981977 0.71229365 0.74881368
189.40000000 4504.05996044 0.60827011 0.59318642 0.60761460
64.00000000 630.57055497 0.18105976 0.16790716 0.20316490
64.00000000 633.02548289 0.23368517 0.23775046 0.20046421
64.00000000 389.52898695 0.20137905 0.24404330 0.22409453
64.00000000 630.57055497 0.29562726 0.28688828 0.29980953
101.50000000 631.91073686 0.22486357 0.24167067 0.19939058
101.50000000 392.42890098 0.29960828 0.29238608 0.29806511
101.50000000 633.14871672 0.26983883 0.33541172 0.31979290
101.50000000 391.98211998 0.20045014 0.21626021 0.21896075
64.00000000 394.24377022 0.33430799 0.30520493 0.33650645
101.50000000 391.98211998 0.28587448 0.28796406 0.28419583
289.00000000 110.93033790 0.95034320 0.95385703 0.94996528
289.00000000 111.68193609 0.94196919 0.95859723 0.95824182
289.00000000 221.10554438 0.95389012 0.95823979 0.95092966
289.00000000 110.93033790 0.56886505 0.55939243 0.51080455
176.50000000 110.74729199 0.94764650 0.96015953 0.95705414
176.50000000 219.79163561 0.55852683 0.52983393 0.54572524
176.50000000 110.92158808 0.53634741 0.60033978 0.56178570
176.50000000 220.35142619 0.96566109 0.95221490 0.95971969
289.00000000 222.19888801 0.56779536 0.57414827 0.55546779
176.50000000 220.35142619 0.54327901 0.55320224 0.53174576
139.00000000 460.19592973 0.44977477 0.45174283 0.47052956
139.00000000 462.78828210 0.45225281 0.46895093 0.45505524
139.00000000 569.99510114 0.42825580 0.47112615 0.44873913
139.00000000 460.19592973 0.03624728 0.05419610 0.05252786
305.70000000 2970.36051684 0.45589457 0.44388902 0.42783111
245.80000000 3474.66604508 0.03261680 0.02939540 0.03087786
305.60000000 2976.49130823 0.03685829 0.05577832 0.04251597
246.60000000 3481.69969005 0.32412194 0.33667765 0.34122968
139.00000000 571.17152548 0.04779547 0.03345690 0.03975058
246.60000000 3481.69969005 0.03412613 0.03828155 0.03270010
176.50000000 192.03489537 0.10508041 0.08268183 0.08283679
176.50000000 190.82153573 0.09206618 0.07869837 0.09550510
176.50000000 651.51540423 0.07416235 0.09477431 0.09678406
176.50000000 192.03489537 0.63984232 0.65485743 0.67898947
139.00000000 194.29046427 0.07476335 0.08309778 0.08093176
139.00000000 651.97118340 0.65765332 0.64687242 0.67057433
139.00000000 192.92544836 0.65370859 0.65323837 0.67094478
139.00000000 650.36770526 0.07242259 0.06509200 0.07675236
176.50000000 650.09387337 0.69054138 0.70542601 0.68113800
139.00000000 650.36770526 0.67590823 0.68366385 0.69353167
259.90000000 3473.46437371 0.47396909 0.42968104 0.44818532
260.20000000 3471.34271960 0.45389415 0.49517541 0.45624319
326.50000000 300.73351109 0.58445010 0.60218593 0.61228442
259.90000000 3473.46437371 0.15925870 0.11716008 0.13772221
259.80000000 3907.68323286 0.50826142 0.54887683 0.54685702
289.00000000 301.20906962 0.16096933 0.15969431 0.15487377
259.60000000 3907.56091913 0.16833197 0.14769917 0.15002468
289.00000000 300.78443105 0.55643587 0.56649876 0.58225640
326.50000000 300.59213910 0.17568759 0.17307610 0.17892686
289.00000000 300.78443105 0.18802794 0.17385638 0.15485595
101.50000000 370.02891993 0.36199252 0.33704611 0.33722395
101.50000000 371.21721572 0.38016146 0.35741765 0.35430620
101.50000000 128.97524446 0.32301054 0.34500494 0.35630575
101.50000000 370.02891993 0.91908033 0.93166336 0.93507267
214.00000000 372.40965661 0.31072101 0.32205427 0.30670715
214.00000000 130.60355133 0.93412044 0.90941892 0.93148942
214.00000000 371.50697896 0.92193412 0.91900714 0.90983336
214.00000000 132.46731017 0.31205247 0.35206102 0.30444909
101.50000000 132.29709347 0.90459587 0.92143861 0.92895959
214.00000000 132.46731017 0.91566315 0.90793332 0.91780059
194.60000000 4480.84985049 0.65436785 0.62347868 0.62558302
195.20000000 4487.08202953 0.64853146 0.62854461 0.65144892
251.50000000 481.15800248 0.80224974 0.82614632 0.83947908
194.60000000 4480.84985049 0.33942396 0.30494939 0.31487824
64.00000000 719.53529228 0.87500397 0.79625528 0.89066582
64.00000000 482.12491224 0.40869915 0.43801074 0.38486220
64.00000000 720.61922581 0.45685493 0.35796860 0.40668440
64.00000000 481.56043117 0.81783125 0.85631828 0.85292772
251.50000000 481.34680305 0.43342882 0.41806208 0.43729043
64.00000000 481.56043117 0.40897865 0.39671929 0.44285964
345.30000000 152.22202227 0.26057618 0.28086579 0.26757800
345.30000000 151.18030491 0.27425214 0.26348272 0.25339845
230.00000000 3294.04873743 0.17931527 0.18412542 0.19245970
345.30000000 152.22202227 0.70277129 0.76560408 0.75850007
157.80000000 151.50534951 0.26566390 0.26031531 0.23569010
157.80000000 611.62551574 0.72764405 0.77272509 0.74064057
157.80000000 151.55282315 0.71753660 0.74619383 0.73342513
157.80000000 611.54072709 0.24550319 0.27668053 0.24966637
229.40000000 3286.49005781 0.49570321 0.48088507 0.48008051
157.80000000 611.54072709 0.70156271 0.72727350 0.71907832
195.30000000 499.75477769 0.75524095 0.80099532 0.77891287
195.30000000 501.39288126 0.74454778 0.74607944 0.78677828
195.30000000 260.69959027 0.76872701 0.76980923 0.77096859
195.30000000 499.75477769 0.20798059 0.25373631 0.26261696
280.60000000 3414.76470955 0.72664302 0.72302684 0.71997105
307.80000000 260.38845171 0.23836849 0.24323188 0.22923411
280.80000000 3401.38294627 0.22396460 0.21077920 0.22873791
307.80000000 262.11482477 0.75534123 0.74001849 0.74917720
195.30000000 261.86460586 0.25391470 0.20048107 0.22692658
307.80000000 262.11482477 0.23740797 0.21301161 0.21573582
270.30000000 319.85795055 0.01071641 0.01871534 0.01695358
270.30000000 319.72525977 0.01215203 0.01129963 0.01475568
270.30000000 432.27043908 0.01701408 0.01629016 0.01802220
270.30000000 319.85795055 0.98513637 0.98005363 0.98485247
232.80000000 320.49844412 0.01737590 0.00960093 0.02078301
232.80000000 430.19598946 0.98883298 0.98639936 0.97970564
232.80000000 322.01021325 0.98155033 0.97872469 0.97686827
232.80000000 431.58321605 0.01347562 0.01701688 0.01230958
270.30000000 432.25417610 0.98394426 0.98008185 0.98476066
232.80000000 431.58321605 0.98266465 0.98377741 0.98228324
120.30000000 671.38480808 0.51737336 0.52650161 0.55643088
120.30000000 670.13665289 0.50602744 0.51369338 0.50783801
120.30000000 781.62576664 0.50974104 0.49404279 0.52267934
120.30000000 671.38480808 0.48631409 0.49414812 0.51678170
82.80000000 672.85069344 0.43940918 0.55872845 0.58302298
82.80000000 782.00971132 0.46289587 0.48929412 0.45689816
82.80000000 670.24870318 0.46999230 0.54168918 0.49239122
82.80000000 784.58363314 0.50652612 0.59976553 0.48678624
120.30000000 782.93388447 0.47570102 0.48205266 0.55127453
82.80000000 784.58363314 0.47467994 0.56159043 0.47422823
82.80000000 409.02107582 0.87753605 0.88887550 0.88987519
82.80000000 411.19669409 0.88024113 0.84090685 0.86987634
82.80000000 519.79279347 0.89739856 0.88584941 0.91113908
82.80000000 409.02107582 0.83034259 0.85955044 0.85307687
270.30000000 411.61465004 0.86517461 0.87672061 0.88135573
269.60000000 637.71096439 0.87486721 0.84983318 0.86641353
270.30000000 410.00685230 0.84243621 0.85491375 0.85786114
270.30000000 4129.46040591 0.88204095 0.88477869 0.89819082
82.80000000 522.22868813 0.83913281 0.87548321 0.81486399
270.30000000 4129.46040591 0.84937747 0.86198253 0.87204287
184.30000000 4875.44102725 0.32529841 0.29680083 0.31466845
184.30000000 4798.29675295 0.29874775 0.32290151 0.29515910
232.80000000 170.16077612 0.38903103 0.41402764 0.41971408
184.30000000 4875.44102725 0.29305157 0.27135960 0.28181568
120.30000000 764.15011209 0.38027104 0.38480156 0.41771823
120.30000000 170.61678299 0.34115127 0.36561826 0.36783504
120.30000000 759.37996345 0.38233023 0.34050864 0.36690282
120.30000000 171.03101166 0.37003502 0.39361728 0.37107762
232.80000000 171.12821141 0.38359958 0.34192593 0.36843028
120.30000000 171.03101166 0.33836237 0.35420354 0.33436896
157.80000000 240.50870883 0.65658657 0.62660046 0.64004888
157.80000000 240.70496912 0.60536069 0.68524373 0.66240382
157.80000000 353.31393461 0.64941992 0.62028079 0.65042200
157.80000000 240.50870883 0.62236784 0.60108759 0.60636867
195.30000000 242.06837095 0.64788725 0.67193141 0.66854364
195.30000000 349.60732867 0.61897154 0.56646987 0.63969993
195.30000000 239.87821184 0.62096511 0.58274703 0.59359278
195.30000000 349.27584336 0.64746365 0.63095950 0.67831782
157.80000000 351.40508388 0.60056030 0.63217456 0.58945053
195.30000000 349.27584336 0.61881804 0.59868991 0.65047055
237.90000000 3679.67893971 0.11659963 0.10177734 0.11865761
237.90000000 3690.09137901 0.12625786 0.10538426 0.11683532
200.20000000 3689.21805890 0.08174748 0.09478466 0.11228636
237.90000000 3679.67893971 0.08471688 0.07196698 0.08907755
238.00000000 3286.65941988 0.10624344 0.09937057 0.07767012
200.20000000 3289.86451288 0.05348219 0.07534152 0.05153822
236.90000000 3287.25489452 0.07280861 0.08298177 0.07553049
201.00000000 3302.15709153 0.08167918 0.08099983 0.08637955
200.30000000 3693.70950039 0.07093718 0.07098151 0.07258649
201.00000000 3302.15709153 0.06635932 0.05728279 0.06886488
92.20000000 262.43902493 0.81053936 0.80221225 0.82643063
92.20000000 259.76156274 0.78747707 0.77144906 0.81113606
92.20000000 151.74695259 0.80617510 0.74765655 0.80641176
92.20000000 262.43902493 0.27076888 0.22909501 0.30137217
185.90000000 261.07529386 0.80095419 0.76517932 0.78198840
185.90000000 150.94159929 0.28364064 0.25811766 0.23584446
185.90000000 261.63055658 0.26517655 0.27371513 0.28175108
185.90000000 151.47563140 0.80501311 0.79719739 0.76272286
92.20000000 149.47444618 0.22345783 0.26555381 0.29353806
185.90000000 151.47563140 0.29745199 0.26480920 0.22957249
230.00000000 2883.71361339 0.29482964 0.31919068 0.30258486
229.80000000 4655.33319591 0.27806136 0.28052904 0.28306526
242.20000000 500.22657674 0.28890940 0.29872456 0.29173680
230.00000000 2883.71361339 0.77289146 0.76863698 0.78094362
230.00000000 3380.19035626 0.21612179 0.19464448 0.21490337
280.50000000 3363.93937334 0.63692767 0.66590155 0.65304683
229.50000000 3379.31694015 0.55165699 0.55266899 0.53481859
280.90000000 3365.99262026 0.25638969 0.24978806 0.25484696
247.10000000 567.45184569 0.77204345 0.76443841 0.78599952
280.90000000 3365.99262026 0.64233677 0.63680704 0.63705755
167.20000000 431.84592647 0.56160441 0.54828856 0.55401603
167.20000000 431.63968690 0.52713173 0.54625091 0.54082857
170.20000000 719.41674392 0.54218236 0.55322242 0.53973067
167.20000000 431.84592647 0.01115485 0.01820510 0.01659298
260.90000000 429.81544283 0.54226165 0.55564559 0.55246942
209.70000000 4349.92599810 0.00837287 0.01898574 0.00750147
260.90000000 430.10542127 0.00840661 0.01702347 0.01310044
209.30000000 4345.50683087 0.40848235 0.43708536 0.44972458
170.70000000 733.26172799 0.01701521 0.01230610 0.01455966
209.30000000 4345.50683087 0.01345084 0.01320307 0.01022384
179.70000000 3582.89540994 0.03199568 0.02968669 0.02210527
179.60000000 3582.80517246 0.03169027 0.02966142 0.02962617
317.20000000 321.88612172 0.04173483 0.03266093 0.04312102
179.70000000 3582.89540994 0.28278360 0.29360892 0.30694939
111.00000000 779.30258816 0.02857435 0.01938947 0.04145585
111.00000000 320.31270124 0.48666806 0.48132000 0.54559093
111.00000000 781.50845439 0.49049980 0.54092415 0.54155619
111.00000000 319.83236018 0.04158576 0.05358918 0.04564334
317.20000000 322.27881367 0.51959617 0.52526204 0.52031061
111.00000000 319.83236018 0.53835100 0.49066695 0.48613980
279.70000000 350.51003688 0.42426083 0.39773074 0.43040671
279.70000000 352.15570169 0.45370945 0.41758658 0.41797219
279.70000000 241.51984147 0.42892387 0.40949104 0.40777275
279.70000000 350.51003688 0.14969841 0.15443108 0.15375937
223.40000000 353.14337269 0.41584775 0.41232944 0.43940433
223.40000000 241.71623732 0.17103989 0.13407931 0.14455079
223.40000000 349.83903025 0.13564674 0.14420607 0.12907196
223.40000000 240.72796525 0.39787055 0.44609926 0.40522293
279.70000000 240.30784841 0.13985548 0.12554343 0.14106316
223.40000000 240.72796525 0.14202066 0.13115012 0.13757440
129.70000000 703.27834924 0.93657573 0.93459691 0.92792293
129.70000000 700.68470167 0.92963549 0.94045382 0.92438203
129.70000000 591.82634677 0.92261656 0.91214908 0.90595869
129.70000000 703.27834924 0.63830199 0.63473774 0.63415175
73.50000000 701.91803602 0.93069813 0.93633733 0.92853370
73.50000000 592.46451977 0.63824777 0.61918396 0.65637720
73.50000000 701.87666467 0.63918484 0.65630597 0.64085446
73.50000000 591.59428631 0.89642472 0.95611912 0.89692318
129.70000000 593.80131893 0.64315518 0.65038765 0.64085704
73.50000000 591.59428631 0.62655623 0.74220739 0.59446173
204.70000000 171.99349860 0.17734638 0.17096199 0.18268119
204.70000000 170.71509484 0.15849225 0.15813384 0.17143153
184.10000000 5530.50527257 0.17159592 0.16490600 0.16447235
204.70000000 171.99349860 0.39674096 0.39901227 0.37496205
148.50000000 171.56248630 0.15972701 0.17006504 0.16192265
153.50000000 917.62034764 0.39274787 0.44661923 0.38579408
148.50000000 172.41916967 0.41064387 0.36356091 0.35592609
154.00000000 949.18963977 0.20010473 0.18848539 0.21529548
184.50000000 5522.00967421 0.37590872 0.35113743 0.35075085
154.00000000 949.18963977 0.39372127 0.45120744 0.43088866
54.70000000 520.40323232 0.68867618 0.64984647 0.62405130
54.70000000 518.00687831 0.62965204 0.69739286 0.63553123
54.70000000 408.55309928 0.69668149 0.62690662 0.69080804
54.70000000 520.40323232 0.88073474 0.89732019 0.88252101
269.80000000 3563.99182178 0.59659450 0.61638373 0.63850533
298.40000000 411.10724507 0.90519323 0.89488259 0.88599256
268.80000000 3541.20923390 0.83597020 0.82904907 0.81366868
298.40000000 411.37026637 0.66766092 0.65045012 0.67186918
54.70000000 412.03894175 0.90958261 0.85710571 0.89474947
298.40000000 411.37026637 0.87316516 0.88287243 0.89828497
148.50000000 389.57437369 0.23248797 0.23575283 0.25224127
148.50000000 389.45120366 0.22679166 0.26462410 0.25816105
148.50000000 278.94307207 0.23782310 0.19423144 0.21069485
148.50000000 389.57437369 0.20729013 0.18728226 0.21513173
204.70000000 390.06763749 0.19949004 0.23167211 0.26298196
204.70000000 281.13129511 0.18372659 0.18861060 0.18822218
204.70000000 390.72035636 0.21074019 0.21390065 0.17661240
204.70000000 279.39324726 0.23642173 0.27333594 0.25041856
148.50000000 280.77567096 0.23077457 0.19235392 0.20458358
204.70000000 279.39324726 0.20474870 0.23672690 0.21122350
189.60000000 3808.09108977 0.46812081 0.46344166 0.49894300
189.50000000 3814.70058308 0.42461396 0.46732370 0.47869031
222.40000000 3799.15309030 0.55616874 0.53820702 0.56538018
189.60000000 3808.09108977 0.44347146 0.44251589 0.47961559
54.70000000 741.36795725 0.73621490 0.68907132 0.73512584
54.70000000 635.47888889 0.66838249 0.67010343 0.74951368
54.70000000 740.04657407 0.70814718 0.65263847 0.68716550
54.70000000 628.76277658 0.69255739 0.71292269 0.65366058
222.50000000 3804.60084687 0.54425451 0.50452505 0.54222009
54.70000000 628.76277658 0.66155082 0.67055224 0.62161370
73.50000000 218.87319192 0.45457866 0.48318394 0.51344526
73.50000000 218.26282648 0.52152552 0.43780883 0.44903729
73.50000000 460.01330888 0.45764014 0.49927214 0.50479901
73.50000000 218.87319192 0.43754967 0.44604571 0.48712887
129.70000000 220.49413792 0.44443376 0.44800516 0.50502520
129.70000000 458.92481216 0.43210685 0.47097558 0.51505038
129.70000000 220.77548508 0.43303432 0.44598298 0.41904480
129.70000000 460.90538974 0.50564587 0.50793490 0.48227801
73.50000000 459.82750292 0.45523295 0.35017470 0.41754591
129.70000000 460.90538974 0.47899886 0.48574621 0.46715773
223.40000000 572.21052211 0.98332579 0.98009929 0.97438388
234.10000000 1176.63340770 0.98292122 0.97864546 0.98539747
223.40000000 111.55658471 0.98278865 0.98612183 0.97819585
223.40000000 572.21052211 0.95649288 0.94589332 0.95364101
246.00000000 3907.22120313 0.90263490 0.88386737 0.87460352
279.70000000 111.68145095 0.95345492 0.94144486 0.94537603
246.10000000 4046.90009521 0.84979010 0.86192186 0.82321366
279.70000000 110.09127951 0.97966840 0.97900805 0.98449217
223.40000000 111.33363624 0.95680702 0.95963518 0.95886869
279.70000000 110.09127951 0.94756116 0.95270912 0.96638380
260.90000000 132.19234171 0.60521526 0.59837289 0.62130454
260.90000000 130.97202009 0.63570197 0.62908000 0.61051626
260.90000000 371.52050044 0.58472964 0.59452007 0.61525485
260.90000000 132.19234171 0.33649740 0.34942726 0.34246971
167.20000000 132.18942849 0.64114140 0.58582323 0.60779998
167.20000000 370.43263920 0.32709246 0.36704673 0.35387920
167.20000000 131.37985998 0.32334282 0.32584647 0.34582660
167.20000000 370.85618951 0.62931243 0.57915329 0.63625493
260.90000000 370.33193905 0.32298292 0.32934552 0.32824194
167.20000000 370.85618951 0.33997240 0.32439929 0.34641233
111.00000000 482.44874430 0.11336368 0.11825787 0.12244990
111.00000000 480.67258268 0.08007516 0.13168511 0.09167977
111.00000000 721.28483567 0.15134644 0.14887010 0.10421829
111.00000000 482.44874430 0.85202991 0.79682690 0.82430599
292.40000000 3246.60904692 0.10837626 0.10374108 0.09392401
194.70000000 3581.26017470 0.49313511 0.51383782 0.48680728
292.70000000 3229.93638383 0.79942004 0.78672621 0.79112404
194.70000000 3587.84579072 0.06934911 0.07870836 0.08199023
111.00000000 719.19480653 0.84860925 0.81798864 0.87305811
194.70000000 3587.84579072 0.50045531 0.50617731 0.51462437
335.90000000 301.08490496 0.86122612 0.84309637 0.84885649
335.90000000 301.06112423 0.87795922 0.85830308 0.86317630
259.20000000 3375.44491866 0.64856657 0.66311599 0.66991920
335.90000000 301.08490496 0.08653012 0.06919607 0.08585485
242.20000000 300.40145819 0.86479239 0.85656590 0.85512500
242.20000000 541.38561522 0.08706168 0.08668060 0.09084464
242.20000000 302.37323700 0.06651004 0.06766803 0.07893728
242.20000000 542.04251573 0.83485797 0.83477561 0.85973505
260.00000000 3377.87222771 0.06811231 0.05477333 0.06654198
242.20000000 542.04251573 0.07474429 0.08862232 0.09226145
185.90000000 649.22096747 0.34937333 0.35484198 0.35800093
194.00000000 958.29823544 0.34486031 0.34995336 0.36836529
185.90000000 190.23088193 0.35033006 0.37926880 0.34564166
185.90000000 649.22096747 0.56275577 0.58016296 0.59982593
92.20000000 651.13015761 0.36607406 0.36829137 0.39214217
92.20000000 189.04738068 0.56220739 0.58428052 0.62393405
92.20000000 652.35786952 0.64807260 0.55655069 0.59373062
92.20000000 191.06878882 0.34508473 0.33965619 0.36446655
185.90000000 189.20094087 0.58712716 0.54435799 0.59519553
92.20000000 191.06878882 0.52446092 0.54493442 0.60076641
300.80000000 370.89051387 0.81881949 0.82005762 0.81775516
300.80000000 370.79616491 0.82577274 0.82465356 0.82271858
300.80000000 411.10136612 0.80665934 0.80865020 0.82842823
300.80000000 370.89051387 0.65688184 0.66386294 0.66627812
113.20000000 368.38542263 0.82254983 0.80890503 0.79301860
113.20000000 409.96715062 0.66640466 0.67014523 0.70280302
113.30000000 370.58884467 0.67007969 0.63780032 0.67088985
113.30000000 412.52666668 0.81883421 0.83487841 0.82179629
300.80000000 411.23990423 0.67331377 0.67631858 0.67615885
113.30000000 412.52666668 0.66121710 0.65546938 0.65377128
153.00000000 753.01796822 0.29123052 0.36095936 0.34499866
150.80000000 719.39713041 0.32602440 0.30805497 0.31423200
157.20000000 996.28889869 0.31829044 0.36333008 0.33128141
153.00000000 753.01796822 0.17477539 0.18804191 0.17353421
194.50000000 4310.17559697 0.25786746 0.20822821 0.24667222
184.60000000 4317.08365715 0.11880777 0.13816322 0.12373148
194.60000000 4312.38142211 0.12273665 0.10793392 0.11502138
184.20000000 4304.22530794 0.21713169 0.21803254 0.22817605
150.80000000 759.90628702 0.16324063 0.14418145 0.13636252
184.20000000 4304.22530794 0.11416705 0.09414271 0.11850135
225.80000000 200.82677821 0.56611504 0.57367970 0.56504712
225.80000000 201.48550207 0.55169935 0.58999810 0.56467073
239.40000000 1891.82863964 0.59005973 0.60678001 0.54167686
225.80000000 200.82677821 0.91961448 0.91315337 0.91521532
338.30000000 201.73533705 0.59289748 0.55584513 0.58685591
241.70000000 3354.25562362 0.62605316 0.67754679 0.66806823
338.20000000 200.61716030 0.91264028 0.92164303 0.90595039
241.80000000 3355.72366985 0.39121897 0.39314939 0.40326897
225.80000000 582.68819852 0.91257464 0.92703508 0.92008322
241.80000000 3355.72366985 0.64215491 0.65095839 0.65154230
75.80000000 548.20934630 0.06415394 0.05746813 0.07687008
75.80000000 551.38302046 0.07466428 0.05567367 0.09280876
75.80000000 228.11730144 0.06176492 0.07030570 0.05938583
75.80000000 548.20934630 0.40238565 0.42144531 0.44612524
188.30000000 551.59393300 0.06580960 0.07833603 0.08024943
188.30000000 231.49938908 0.42298607 0.37339016 0.41212658
188.30000000 550.15398357 0.40989850 0.43977126 0.43998300
188.30000000 231.93945053 0.07394665 0.08549727 0.07848409
75.80000000 229.98852176 0.43743488 0.42066577 0.46739889
188.30000000 231.93945053 0.42833074 0.45522985 0.41452467
113.30000000 110.97456014 0.45917291 0.46061320 0.41623808
113.30000000 108.98157749 0.43853065 0.48266938 0.49744663
113.30000000 320.91447761 0.48147955 0.41574741 0.43365844
113.30000000 110.97456014 0.76084839 0.78020680 0.81678720
300.70000000 112.22088058 0.44653210 0.44352831 0.46041567
300.70000000 321.18499394 0.78719398 0.79134714 0.80233026
300.80000000 110.51662440 0.78345811 0.79330562 0.76758169
300.80000000 320.75504721 0.43307890 0.44854920 0.45524707
113.30000000 320.12281686 0.78297938 0.80342805 0.81472891
300.80000000 320.75504721 0.79338947 0.78444246 0.79516642
266.10000000 486.80971570 0.95162298 0.95862853 0.95070406
263.20000000 462.07278748 0.93771552 0.93929593 0.94362098
209.70000000 4305.84259984 0.76940945 0.73551574 0.76158749
266.10000000 486.80971570 0.29141145 0.27750840 0.31825493
150.80000000 459.41709165 0.94219699 0.94304549 0.95527864
150.80000000 669.04686755 0.30748511 0.26433383 0.30450160
150.80000000 460.54980901 0.28034794 0.26985637 0.27280467
150.80000000 671.44641754 0.94466711 0.92668123 0.95044727
209.00000000 4272.80814457 0.22036593 0.23160603 0.23787565
150.80000000 671.44641754 0.30163079 0.28970984 0.27808526
188.30000000 291.81572939 0.19688060 0.22013179 0.19330435
188.30000000 290.68701432 0.17929897 0.17463514 0.22215756
188.30000000 491.22254612 0.19111049 0.18853823 0.18869255
188.30000000 291.81572939 0.54826165 0.53952743 0.53813727
75.80000000 290.99935065 0.19920133 0.21674789 0.19474091
75.80000000 489.41689405 0.61712138 0.55077594 0.50483739
75.80000000 291.34797810 0.54621460 0.51085533 0.58793090
75.80000000 491.76918522 0.16700471 0.13836727 0.19877593
188.30000000 490.79498954 0.50712162 0.53240367 0.56611668
75.80000000 491.76918522 0.51541285 0.47706965 0.48691031
219.50000000 3364.80343429 0.45235312 0.42571254 0.46967152
218.50000000 3354.65268310 0.48009314 0.46376938 0.44031741
338.20000000 139.95634472 0.68418763 0.72007913 0.70008806
219.50000000 3364.80343429 0.01947878 0.02757195 0.03492372
219.40000000 1842.07082313 0.69863280 0.69993211 0.68795707
225.80000000 140.36621874 0.03135300 0.04807809 0.04701556
219.00000000 2039.29710145 0.03409428 0.03962175 0.04487556
225.80000000 141.32768860 0.68414964 0.72230920 0.69313175
338.20000000 139.69699634 0.04284259 0.04579982 0.03320295
225.80000000 141.32768860 0.03112541 0.04894943 0.03802045
244.60000000 241.58115842 0.12470766 0.13334149 0.13125452
244.60000000 241.58115842 0.12470766 0.13334149 0.13125452
244.60000000 191.00216892 0.15486946 0.12409579 0.12881669
244.60000000 241.58115842 0.82812632 0.85145426 0.82488135
282.00000000 241.11381422 0.12101166 0.13884487 0.13747316
282.00000000 191.53571790 0.86484152 0.85540699 0.84443006
282.00000000 241.11381422 0.83779614 0.84217477 0.85220409
282.00000000 191.53571790 0.15978305 0.13382134 0.13098000
244.60000000 191.00216892 0.86572049 0.84935666 0.85467158
282.00000000 191.53571790 0.86484152 0.85540699 0.84443006
94.60000000 593.10954035 0.65479822 0.66135640 0.60479551
94.60000000 593.10954035 0.65479822 0.66135640 0.60479551
94.60000000 543.68853234 0.63571556 0.65831734 0.63389231
94.60000000 593.10954035 0.34262418 0.36056433 0.39835016
132.10000000 590.30136748 0.69159139 0.61164910 0.62033048
132.10000000 541.44202530 0.37928718 0.36552980 0.35374716
132.10000000 590.30136748 0.38407920 0.32204158 0.34888873
132.10000000 541.44202530 0.65150194 0.64495622 0.64930228
94.60000000 543.68853234 0.41313672 0.38623143 0.31823024
132.10000000 541.44202530 0.37928718 0.36552980 0.35374716
320.60000000 431.46984048 0.38352432 0.37865395 0.40945285
320.60000000 431.46984048 0.38352432 0.37865395 0.40945285
197.50000000 3558.54546701 0.26004870 0.24186219 0.23722831
320.60000000 431.46984048 0.61740311 0.60605377 0.61971123
57.00000000 422.58228654 0.39358242 0.34249225 0.32689115
57.00000000 712.49531264 0.57162492 0.58313672 0.62573591
57.00000000 422.58228654 0.61293038 0.61087386 0.58208365
57.00000000 712.49531264 0.35852689 0.40878608 0.40427473
197.50000000 3558.54546701 0.38942207 0.36718514 0.36027094
57.00000000 712.49531264 0.57162492 0.58313672 0.62573591
174.00000000 1033.03757713 0.86959845 0.88405348 0.88601939
174.00000000 1033.03757713 0.86959845 0.88405348 0.88601939
169.50000000 361.01145324 0.89001157 0.87546390 0.89166114
174.00000000 1033.03757713 0.11134246 0.10942670 0.11208812
182.00000000 5430.70375359 0.76779979 0.76767193 0.77375723
207.00000000 360.90944125 0.08241804 0.09772668 0.11887448
182.00000000 5430.70375359 0.09275001 0.09574949 0.08787381
207.00000000 360.90944125 0.88188183 0.87857479 0.87433468
169.50000000 361.01145324 0.11902272 0.10662100 0.10378895
207.00000000 360.90944125 0.08241804 0.09772668 0.11887448
132.00000000 329.91391922 0.49597560 0.49705038 0.49604135
132.00000000 329.91391922 0.49597560 0.49705038 0.49604135
132.00000000 99.80299043 0.49327652 0.48859150 0.47632341
132.00000000 329.91391922 0.74734751 0.72322090 0.72400457
94.60000000 328.41890335 0.49582225 0.47900629 0.46000382
94.60000000 99.91057872 0.70270721 0.73879811 0.69701984
94.60000000 328.41890335 0.72376957 0.72045441 0.72160354
94.60000000 99.91057872 0.48742163 0.52060872 0.46876431
132.00000000 99.80299043 0.71048963 0.71764102 0.70704459
94.60000000 99.91057872 0.70270721 0.73879811 0.69701984
206.20000000 4017.92053976 0.00315533 0.00420763 0.00431071
206.20000000 4017.92053976 0.00315533 0.00420763 0.00431071
282.00000000 449.74984217 0.00773082 0.00533683 0.01605845
206.20000000 4017.92053976 0.16907421 0.16340184 0.16411664
205.90000000 4627.45230849 0.00763190 0.00471282 0.00456751
244.50000000 451.22433692 0.23977033 0.22235065 0.23805375
205.90000000 4627.45230849 0.17095282 0.20400988 0.19060798
244.50000000 451.22433692 0.01102320 0.01191101 0.01049495
282.00000000 449.74984217 0.22969933 0.24233060 0.24828902
244.50000000 451.22433692 0.23977033 0.22235065 0.23805375
57.10000000 162.88275106 0.75496494 0.75504800 0.79501328
57.10000000 162.88275106 0.75496494 0.75504800 0.79501328
57.10000000 631.38598976 0.76656513 0.75855906 0.72363952
57.10000000 162.88275106 0.98461538 0.98111765 0.97860839
319.50000000 161.21873893 0.75279273 0.76001500 0.77418008
222.40000000 3553.61461886 0.69336576 0.68256831 0.67500489
319.50000000 161.21873893 0.97562826 0.97073973 0.98564757
222.40000000 3553.61461886 0.54547178 0.52353486 0.51562132
57.10000000 631.38598976 0.97490196 0.98360839 0.98375000
222.40000000 3553.61461886 0.69336576 0.68256831 0.67500489
207.00000000 510.90753193 0.24691269 0.23351055 0.23963561
207.00000000 510.90753193 0.24691269 0.23351055 0.23963561
207.00000000 280.79607650 0.22450014 0.23821855 0.30243440
207.00000000 510.90753193 0.47061084 0.46586182 0.44147557
169.60000000 510.60269351 0.23650948 0.25116920 0.24233509
169.60000000 282.93228522 0.43899678 0.50706669 0.43116885
169.60000000 510.60269351 0.46242815 0.48098882 0.49751900
169.60000000 282.93228522 0.21106963 0.26272481 0.20937194
207.00000000 280.79607650 0.41783821 0.44421426 0.51798703
169.60000000 282.93228522 0.43899678 0.50706669 0.43116885
197.60000000 179.91384150 0.66978559 0.64108471 0.65188037
197.60000000 180.59643202 0.66704404 0.69820001 0.68951997
197.60000000 471.57015832 0.69178409 0.65799416 0.66818092
197.60000000 179.91384150 0.14179210 0.13188991 0.12108717
328.90000000 181.68383326 0.68167756 0.65127782 0.66527680
298.30000000 3272.39536711 0.13875610 0.12015628 0.13601368
328.80000000 180.49052754 0.12464340 0.14053314 0.12621451
297.30000000 3438.92229013 0.58665643 0.61444441 0.59363158
197.60000000 469.42173555 0.13548009 0.11431997 0.14254682
297.30000000 3438.92229013 0.12006264 0.11736843 0.11730851
265.00000000 3262.66515917 0.12978879 0.11261756 0.13285940
264.20000000 3262.71216569 0.13517189 0.12277786 0.12318784
347.70000000 119.78239095 0.16887973 0.16507615 0.14949896
265.00000000 3262.66515917 0.50552677 0.49048628 0.46074031
178.90000000 531.25168691 0.15950161 0.14908453 0.16451400
178.90000000 120.39140401 0.64183494 0.60336651 0.64711276
178.90000000 531.55071210 0.61221014 0.62916494 0.60694990
178.90000000 120.96752708 0.16522948 0.20223859 0.17047513
347.60000000 121.03283333 0.66037786 0.63503856 0.65026447
178.90000000 120.96752708 0.62252860 0.65614278 0.63885990
122.60000000 352.07901916 0.92923597 0.90230759 0.89015845
122.60000000 347.57022180 0.92352261 0.88108637 0.92724601
122.60000000 299.30721712 0.91679014 0.91251151 0.91104270
122.60000000 352.07901916 0.39492603 0.35549071 0.35078098
103.90000000 351.45404863 0.92064723 0.90773952 0.92309828
103.90000000 300.40440563 0.38560703 0.37746656 0.36607731
103.90000000 349.13482259 0.36877560 0.36266384 0.35955036
103.90000000 300.04888252 0.89716966 0.92844994 0.92356910
122.60000000 299.79839263 0.39060428 0.37783403 0.42742907
103.90000000 300.04888252 0.36647014 0.37602016 0.39512430
200.00000000 4162.19479609 0.30409670 0.27645507 0.31776050
200.40000000 4174.17831247 0.30454715 0.27087578 0.29803111
215.60000000 4138.92045589 0.33953489 0.33740825 0.33511046
200.00000000 4162.19479609 0.65091068 0.63958203 0.66984593
199.90000000 4430.20773600 0.30327390 0.31158581 0.33665163
215.20000000 4361.15237220 0.77290384 0.75037694 0.75607809
200.10000000 4466.83975440 0.71665870 0.69338200 0.70561626
216.20000000 4462.14483040 0.34868496 0.34148430 0.35729440
215.80000000 4156.72954421 0.69171993 0.69298662 0.70839898
216.20000000 4462.14483040 0.74415986 0.73621854 0.75286391
235.20000000 442.40399750 0.03845126 0.03510587 0.03120251
235.10000000 442.03630799 0.03957118 0.03520873 0.03225467
235.20000000 562.14859146 0.04723350 0.03794522 0.04232025
235.20000000 442.40399750 0.27048199 0.25855393 0.24489628
66.40000000 442.93611488 0.02262953 0.03989068 0.04412393
66.40000000 560.01858573 0.31522275 0.29617238 0.25208403
66.40000000 444.14532411 0.22151948 0.27275962 0.28442615
66.40000000 559.52264030 0.05115438 0.04959963 0.06234989
235.10000000 561.27676834 0.27439055 0.25089463 0.24367130
66.40000000 559.52264030 0.31367689 0.31365077 0.28717850
85.10000000 793.82257207 0.50734874 0.54826046 0.55184669
85.20000000 788.81710600 0.51539219 0.56084746 0.54208914
85.10000000 211.73740962 0.53961990 0.54705988 0.54478060
85.10000000 793.82257207 0.69149333 0.80269210 0.72846133
178.00000000 5231.29142961 0.43671571 0.43985012 0.43668864
216.40000000 210.79606831 0.78632191 0.77718559 0.76151914
178.20000000 5106.70678232 0.63445221 0.62450536 0.63375359
216.40000000 210.18119272 0.51941758 0.51113615 0.52019142
85.20000000 208.62667058 0.73339547 0.80440601 0.75861261
216.40000000 210.18119272 0.74650941 0.72159180 0.77658575
310.20000000 260.66981576 0.30413756 0.27681665 0.30462780
310.10000000 261.45057168 0.26061168 0.29375041 0.28724125
310.20000000 381.12475308 0.29043104 0.28598524 0.28913438
310.20000000 260.66981576 0.00488997 0.00783102 0.00896366
291.30000000 259.22689590 0.29259673 0.31725241 0.30170101
291.30000000 380.94778327 0.00390612 0.00779528 0.00920927
291.40000000 260.83653278 0.01020330 0.00476602 0.00701518
291.40000000 380.87234715 0.30111499 0.30608233 0.27015908
310.10000000 381.79439724 0.00592533 0.01317327 0.00733976
291.40000000 380.87234715 0.01095367 0.00801543 0.00912148
160.20000000 611.23729991 0.77691390 0.80593219 0.77621518
160.10000000 610.27731228 0.80181099 0.80633581 0.78634531
160.20000000 730.63061579 0.81833512 0.80455647 0.81061821
160.20000000 611.23729991 0.50884349 0.47990886 0.50324473
141.30000000 611.02204659 0.79909832 0.79533568 0.80617095
141.30000000 731.16643565 0.45687783 0.46831768 0.48579255
141.40000000 610.53661181 0.48513292 0.49413502 0.48557410
141.40000000 732.29149818 0.81486468 0.80313637 0.79226930
167.10000000 999.94234332 0.53229136 0.49635966 0.53058754
141.40000000 732.29149818 0.50271393 0.53550879 0.52020983
66.40000000 306.93264217 0.33465602 0.41671094 0.34693176
66.40000000 310.82746875 0.35144269 0.34567592 0.36909515
66.40000000 688.53226941 0.33796186 0.26236218 0.36726675
66.40000000 306.93264217 0.30938838 0.38689114 0.29749480
85.10000000 310.66656773 0.32423211 0.39113752 0.32491119
85.10000000 692.55909713 0.30327117 0.35077235 0.32450307
85.10000000 311.82180151 0.33923960 0.31978364 0.31046869
85.10000000 691.96353690 0.31042778 0.38323610 0.37400587
66.40000000 691.11619699 0.32739989 0.30823450 0.36363975
85.10000000 691.96353690 0.29670252 0.37024088 0.35458733
212.60000000 5197.33120812 0.82285282 0.84463583 0.83238938
212.80000000 5192.38161101 0.83955153 0.86593610 0.85860647
216.40000000 340.74198816 0.84606028 0.84366978 0.83925140
212.60000000 5197.33120812 0.80189223 0.81691763 0.80795572
212.40000000 4798.71769937 0.78623093 0.76736691 0.77562307
235.10000000 340.53809323 0.79939431 0.83301353 0.82255537
212.80000000 4804.98584326 0.72651631 0.75931677 0.74613468
235.10000000 340.73943084 0.84772700 0.87627861 0.83717063
216.40000000 342.79383666 0.84806884 0.82639274 0.80881754
235.10000000 340.73943084 0.81786494 0.84479640 0.80919054
141.40000000 132.90979103 0.10035841 0.10382884 0.09691810
141.40000000 129.08821280 0.10186087 0.06532104 0.11315447
141.40000000 171.37765957 0.11703049 0.10686795 0.12513005
141.40000000 132.90979103 0.06992537 0.07554941 0.07259417
310.10000000 131.07850708 0.10189059 0.11266391 0.10050292
310.10000000 171.12598149 0.06150330 0.07559715 0.07474615
310.20000000 130.01913982 0.07882992 0.07165622 0.07440778
310.20000000 170.31548147 0.10452293 0.10352913 0.08931887
141.40000000 170.87915671 0.07643823 0.06617903 0.05550186
310.20000000 170.31548147 0.06936622 0.07169530 0.06370193
291.50000000 530.26196582 0.62253948 0.58789168 0.61251640
291.30000000 507.64733754 0.59828679 0.59492683 0.61776543
270.10000000 3308.53097933 0.59092230 0.56015377 0.60168229
291.50000000 530.26196582 0.59934377 0.56590373 0.57751672
160.10000000 482.04445437 0.57729745 0.58501505 0.57788607
160.10000000 521.18750715 0.54968079 0.57719187 0.58858773
160.20000000 480.47418486 0.56009520 0.55568710 0.55754550
160.20000000 520.29601240 0.56283183 0.58536350 0.58641369
269.80000000 3326.50106514 0.55315537 0.54206139 0.54567461
160.20000000 520.29601240 0.52501491 0.55469416 0.54874049
328.90000000 221.37488120 0.97731644 0.97985292 0.97456043
328.90000000 220.42877937 0.98246725 0.97523686 0.97167671
180.00000000 3466.86122288 0.53606843 0.54302917 0.52664469
328.90000000 221.37488120 0.19073909 0.19554847 0.20512381
347.60000000 220.88207011 0.97168646 0.97944982 0.98061020
179.70000000 3277.15462592 0.10732510 0.09387175 0.10375770
347.60000000 221.18868285 0.18171149 0.18886007 0.18977604
179.90000000 3278.49087900 0.51212932 0.50009785 0.50292661
179.70000000 3456.69766902 0.11488304 0.11891342 0.11851659
179.90000000 3278.49087900 0.12565160 0.08442655 0.09054985
178.90000000 570.38819653 0.45577780 0.45773005 0.47723314
178.90000000 572.90317096 0.50615068 0.48494232 0.47381859
178.90000000 430.28988144 0.51461656 0.46928977 0.44503567
178.90000000 570.38819653 0.69383701 0.69310949 0.70665372
198.40000000 576.71846293 0.46434321 0.50352285 0.45673810
197.60000000 429.66903378 0.69916796 0.66463160 0.68816590
197.60000000 571.59209443 0.67247777 0.70531044 0.70117787
197.60000000 430.41693588 0.47884018 0.45513393 0.49673877
178.90000000 431.85540532 0.73923620 0.70032669 0.68215282
197.60000000 430.41693588 0.69366700 0.67137214 0.68842920
253.90000000 401.81248444 0.75334912 0.71862710 0.72342077
253.90000000 400.20776986 0.73254292 0.74139935 0.73443099
253.90000000 250.73634913 0.75265764 0.72344516 0.75428189
253.90000000 401.81248444 0.47801911 0.43951410 0.46417703
122.60000000 402.37022073 0.73607673 0.75928382 0.71949093
122.60000000 251.60398142 0.44062902 0.47971593 0.46929553
122.60000000 401.81413571 0.48689354 0.41240050 0.45289867
122.60000000 249.37954613 0.71297121 0.73599481 0.74123865
253.90000000 250.96296928 0.46285735 0.45202667 0.43448903
122.60000000 249.37954613 0.43081824 0.44526771 0.48933202
103.90000000 749.98324849 0.20097826 0.24990670 0.24411858
103.90000000 750.27025383 0.22077634 0.20247128 0.23244350
103.90000000 601.70548759 0.29164041 0.23365156 0.23156966
103.90000000 749.98324849 0.94972716 0.93569069 0.95636274
187.50000000 4171.27601370 0.13865296 0.14326640 0.14159094
233.20000000 4081.11973517 0.83227932 0.82264173 0.81478053
187.10000000 4174.88729578 0.63006673 0.64058697 0.68460666
233.10000000 4063.29718718 0.18370268 0.20043459 0.22799156
103.90000000 601.38321859 0.93279245 0.92425196 0.96048212
233.10000000 4063.29718718 0.79670369 0.82454174 0.83805914
155.50000000 189.67499017 0.39832640 0.36878110 0.39810103
155.50000000 192.66778137 0.42213894 0.39999611 0.36184640
155.50000000 531.49954739 0.40371963 0.35397955 0.40404534
155.50000000 189.67499017 0.39832640 0.36878110 0.39810103
230.50000000 190.09177278 0.38967127 0.39112561 0.38414302
230.50000000 530.18099653 0.35858204 0.38399999 0.37604764
230.40000000 190.91172242 0.39570273 0.38961784 0.40982448
230.40000000 531.54378506 0.39217979 0.40801490 0.40462421
155.50000000 532.75531976 0.40137878 0.39872278 0.44130764
230.40000000 531.54378506 0.39217979 0.40801490 0.40462421
259.30000000 3677.29073000 0.77026539 0.77403091 0.75827689
260.20000000 3677.56126899 0.74923060 0.77781494 0.77656952
305.40000000 181.08195941 0.90597129 0.88291497 0.89871025
259.30000000 3677.29073000 0.77026539 0.77403091 0.75827689
80.50000000 540.74031663 0.86604211 0.92549584 0.87519977
80.50000000 183.29618827 0.85243955 0.90237911 0.88048215
80.40000000 543.60507377 0.89146370 0.90609036 0.89803420
80.40000000 181.64894538 0.91674740 0.82967058 0.89795738
305.50000000 180.55142718 0.88906359 0.89100007 0.90052795
80.40000000 181.64894538 0.91674740 0.82967058 0.89795738
80.50000000 363.80415882 0.14295812 0.14175045 0.14301312
80.50000000 359.41319444 0.16952680 0.14849961 0.12998665
80.50000000 353.01485045 0.12066699 0.14440976 0.15041084
80.50000000 363.80415882 0.14295812 0.14175045 0.14301312
155.50000000 361.83008586 0.16411344 0.16684345 0.14361954
155.50000000 351.37684485 0.15192995 0.13510713 0.18425570
155.40000000 360.73243890 0.12348361 0.11758860 0.15360851
155.40000000 351.60910941 0.16512799 0.13627490 0.16620099
80.50000000 349.75962963 0.16412132 0.16766498 0.09820864
155.40000000 351.60910941 0.16512799 0.13627490 0.16620099
197.30000000 4715.93741872 0.57397195 0.56264317 0.53127296
197.40000000 4913.00780649 0.54893201 0.56304048 0.56807463
200.40000000 4621.57471609 0.56330014 0.60018375 0.58997508
197.30000000 4715.93741872 0.57397195 0.56264317 0.53127296
197.20000000 3720.23429667 0.41282622 0.43002516 0.41534422
200.10000000 3719.11484357 0.42791079 0.42098094 0.40509161
197.60000000 3723.20081036 0.40254343 0.43296857 0.41988556
200.60000000 3723.42423494 0.42856392 0.42581083 0.40990465
199.70000000 4902.75240051 0.54955423 0.57241136 0.55290737
200.60000000 3723.42423494 0.42856392 0.42581083 0.40990465
267.90000000 281.35178185 0.77003017 0.77708465 0.77171031
267.90000000 281.00806805 0.76598792 0.77197082 0.79619851
229.70000000 4135.83988470 0.68530126 0.67866357 0.67960746
267.90000000 281.35178185 0.01872852 0.01766669 0.02008204
192.90000000 282.00611462 0.75827258 0.77665536 0.76918473
192.90000000 611.86049081 0.02055733 0.02571970 0.01290563
193.00000000 281.14243410 0.01892843 0.03307201 0.03059856
198.00000000 710.91518081 0.78596175 0.79328002 0.77750848
229.90000000 4226.16795326 0.01957959 0.02441732 0.02501770
198.00000000 710.91518081 0.01466716 0.03067639 0.02509463
118.00000000 629.24472818 0.24806744 0.26923011 0.30285825
118.00000000 631.41627275 0.27229607 0.28879634 0.25797050
118.00000000 259.41854528 0.29108825 0.27172857 0.23970638
118.00000000 629.24472818 0.53961433 0.49776895 0.56161645
223.10000000 3315.44067779 0.19566966 0.17287146 0.17714821
342.90000000 259.33999967 0.51769731 0.53003966 0.53414539
222.30000000 3309.22135814 0.33410710 0.33584575 0.34193780
343.00000000 262.41169298 0.26973860 0.27011134 0.29785070
118.00000000 261.28184866 0.51124626 0.47354219 0.47357260
343.00000000 262.41169298 0.54010879 0.50014049 0.54269319
342.90000000 100.54462531 0.50646957 0.56383772 0.50701874
343.00000000 101.68241603 0.52558950 0.51388185 0.52702861
318.50000000 2965.67060120 0.50740636 0.52522751 0.50503536
342.90000000 100.54462531 0.25678640 0.28243143 0.27570038
267.90000000 100.71877251 0.53450611 0.53312687 0.53314444
267.90000000 440.98969955 0.23402960 0.28346870 0.25254397
267.90000000 102.83452360 0.30893872 0.25342548 0.24800449
267.90000000 442.17548785 0.54478941 0.50989146 0.49298802
318.90000000 2973.36572594 0.25949185 0.27576277 0.25061330
267.90000000 442.17548785 0.26758807 0.25842066 0.25783401
193.00000000 450.85866392 0.02375462 0.02413247 0.02465296
193.00000000 449.70030653 0.01898443 0.01075191 0.01807000
177.40000000 4233.77903530 0.02992476 0.01906616 0.02046675
193.00000000 450.85866392 0.77262316 0.77584276 0.77016383
117.90000000 449.98054731 0.02284510 0.02131443 0.02504953
117.90000000 789.45515480 0.76093632 0.79500000 0.76952618
118.00000000 453.07339873 0.76902209 0.74544403 0.77776670
118.00000000 792.34872138 0.03051877 0.00692308 0.02910323
177.10000000 5842.21393822 0.68945190 0.71854151 0.73664889
118.00000000 792.34872138 0.69707750 0.77329802 0.77689432
99.20000000 407.57659658 0.59221628 0.51671348 0.59718893
99.20000000 407.61469883 0.55264017 0.59076916 0.53357325
99.20000000 659.71907800 0.56917659 0.59586689 0.60224328
99.20000000 407.57659658 0.09098250 0.06624929 0.07902377
174.20000000 412.08516565 0.55844866 0.57713693 0.59930351
174.20000000 660.58605511 0.10069859 0.07899508 0.08833127
174.20000000 409.62598166 0.08830406 0.09485857 0.07547941
174.20000000 660.04824317 0.59879336 0.60746384 0.56629258
99.20000000 661.19770811 0.09721349 0.05534646 0.09756088
174.20000000 660.04824317 0.08554160 0.08664044 0.08539443
185.20000000 4560.32939479 0.05498320 0.05968530 0.06494225
184.60000000 4552.90786413 0.06467144 0.07500540 0.08092920
249.20000000 311.70777550 0.07462428 0.08681882 0.08253038
185.20000000 4560.32939479 0.42403118 0.45268524 0.44170979
184.30000000 3508.75441065 0.04690553 0.05088489 0.05650138
324.20000000 311.00682145 0.60725964 0.60395753 0.59019710
184.60000000 3513.69707339 0.33176059 0.33858918 0.32884837
324.20000000 308.90237426 0.09481655 0.09880275 0.07815180
249.20000000 310.75249256 0.59264928 0.58206392 0.56664144
324.20000000 308.90237426 0.59472571 0.58874867 0.58842827
174.20000000 230.01595591 0.83145192 0.83258365 0.86192665
174.20000000 230.39146578 0.82285857 0.81053062 0.84620728
174.20000000 131.06775629 0.82840995 0.82695676 0.86637092
174.20000000 230.01595591 0.34924341 0.35523238 0.35547747
249.20000000 232.16142744 0.82109271 0.82509171 0.84609198
249.20000000 130.14087665 0.33179939 0.32091304 0.34082794
249.20000000 232.83585552 0.33940511 0.34721752 0.33681421
249.20000000 131.24464871 0.83126311 0.82138462 0.83880128
174.20000000 131.03791302 0.34567963 0.33408393 0.35139476
249.20000000 131.24464871 0.31210692 0.32850850 0.32800039
241.20000000 3496.70229814 0.26160080 0.23947005 0.26438474
242.00000000 3500.97307130 0.26510686 0.24085323 0.25792814
291.70000000 3350.41248837 0.31409366 0.30717135 0.30416698
241.20000000 3496.70229814 0.61242222 0.60315077 0.62435207
99.20000000 579.77393199 0.35185674 0.34790902 0.36107107
99.20000000 482.29646155 0.83005264 0.82627157 0.80215258
99.20000000 578.08654319 0.81866975 0.82344855 0.83351321
99.20000000 482.22113259 0.32575084 0.27837391 0.31610451
292.80000000 3319.00523362 0.75917251 0.76017113 0.77031492
99.20000000 482.22113259 0.83313315 0.79392589 0.83132225
286.70000000 140.19304825 0.21999075 0.21531424 0.22459960
286.70000000 139.52359055 0.23957404 0.20696841 0.24053161
186.30000000 3955.66682248 0.15362631 0.15148004 0.14502316
286.70000000 140.19304825 0.47187267 0.43245263 0.44608001
211.70000000 142.12965885 0.19070853 0.21611559 0.23788937
186.40000000 4803.21380628 0.40108406 0.43380330 0.42738579
211.70000000 141.54142551 0.43137259 0.45699521 0.47667726
186.50000000 4830.84934859 0.19808331 0.20634176 0.20512974
186.50000000 3960.52155087 0.30409373 0.31365809 0.30999547
186.50000000 4830.84934859 0.41027976 0.41921581 0.41236007
136.70000000 491.79698538 0.73881067 0.74057138 0.73048089
136.70000000 492.09829139 0.72569113 0.75953471 0.71041388
136.70000000 402.63936612 0.69906071 0.70652535 0.69384853
136.70000000 491.79698538 0.96777053 0.96363401 0.96088714
61.70000000 490.42199223 0.77335052 0.71511016 0.65373347
61.70000000 401.32103107 0.98269264 0.97378788 0.97303857
61.70000000 492.88489335 0.95883284 0.94277061 0.96270274
61.70000000 404.83492139 0.77646262 0.67985916 0.73184328
136.70000000 401.06272559 0.94777890 0.94983208 0.95813315
61.70000000 404.83492139 0.97062753 0.94140191 0.95583639
211.70000000 319.73035722 0.45334480 0.44564645 0.48004974
211.70000000 319.95245200 0.47827868 0.46720676 0.45793789
211.70000000 219.84322353 0.45258508 0.48068152 0.49136740
211.70000000 319.73035722 0.22522992 0.20705357 0.21779344
136.70000000 321.45049006 0.45880577 0.37954206 0.43121929
136.70000000 222.10246529 0.23499823 0.22399135 0.22969076
136.70000000 320.34395387 0.18237270 0.13620684 0.19663925
136.70000000 222.99269255 0.47975950 0.46473380 0.51623341
211.70000000 220.35893389 0.23052441 0.22744983 0.21912820
136.70000000 222.99269255 0.20779599 0.21866632 0.25473541
61.70000000 669.04998615 0.96094762 0.95255250 0.96572715
61.70000000 669.13951038 0.96558040 0.93673646 0.96804838
61.70000000 573.27384520 0.96192677 0.94258465 0.95647479
61.70000000 669.04998615 0.68316195 0.72655597 0.68561499
208.90000000 3961.13265540 0.69308147 0.71773492 0.66932185
246.30000000 3893.59175917 0.59663584 0.61493043 0.62878682
209.90000000 3963.41630964 0.49291382 0.50723517 0.51621154
246.00000000 3897.50697252 0.83101865 0.83906856 0.84046360
61.70000000 572.29245129 0.68304039 0.68811349 0.64245752
246.00000000 3897.50697252 0.60190276 0.62323978 0.62388121
333.60000000 340.62672523 0.12596470 0.11671188 0.11578547
333.60000000 340.59221378 0.11312219 0.12474825 0.11988868
333.60000000 371.06903465 0.11500342 0.11494182 0.12586141
333.60000000 340.62672523 0.93105573 0.92632913 0.93447315
127.30000000 338.65169688 0.10143845 0.12182581 0.10552258
127.30000000 371.12037933 0.94454603 0.92697395 0.93033119
127.30000000 341.69653001 0.93205072 0.92445838 0.92481685
127.30000000 371.84525862 0.10829108 0.07087395 0.12277557
333.60000000 370.87280549 0.93386685 0.93513387 0.91720624
127.30000000 371.84525862 0.94183756 0.92607716 0.92318270
195.30000000 1740.55887006 0.58272096 0.62625527 0.58473288
183.60000000 691.82184872 0.63556505 0.59807417 0.62702956
194.80000000 3377.51785402 0.63280293 0.61368625 0.61038415
195.30000000 1740.55887006 0.39466030 0.40307126 0.40467710
203.50000000 4097.83202894 0.44918167 0.44193820 0.46527267
194.70000000 4097.90651202 0.32411587 0.28050581 0.28815958
202.70000000 4087.37638098 0.34457227 0.31953740 0.31808115
195.00000000 4098.52809305 0.44806373 0.41937281 0.43998236
183.60000000 719.98652613 0.42141947 0.47388876 0.42310311
195.00000000 4098.52809305 0.32057003 0.29752900 0.30567976
258.60000000 171.21123796 0.40388489 0.34746828 0.37640936
258.60000000 170.07477569 0.37284244 0.36060563 0.37218823
255.30000000 4342.33570527 0.35814189 0.36172419 0.37482247
258.60000000 171.21123796 0.69406907 0.67375138 0.68944069
202.40000000 168.53629150 0.40078038 0.39237735 0.36758067
202.40000000 549.91204962 0.71344327 0.67115264 0.69266128
202.40000000 171.29569314 0.69775914 0.67043448 0.65757820
202.40000000 551.24532660 0.36332948 0.33962979 0.34890644
254.90000000 1172.40267562 0.67911249 0.67768700 0.66921435
202.40000000 551.24532660 0.67019702 0.65943247 0.67513080
108.60000000 518.97767284 0.84340425 0.85463866 0.85666106
108.50000000 521.17658247 0.86114025 0.86803198 0.86265513
108.60000000 201.71892009 0.86124977 0.83353751 0.84612328
108.60000000 518.97767284 0.13120012 0.15511467 0.19786742
52.30000000 518.61419719 0.81302429 0.83451346 0.82186007
52.30000000 199.30835286 0.19574620 0.17569886 0.20827381
52.30000000 521.49626800 0.17973722 0.20214728 0.16381988
52.30000000 202.62969564 0.85228426 0.88882962 0.83762306
108.50000000 201.51307906 0.18222627 0.16087509 0.20616577
52.30000000 202.62969564 0.16981739 0.21211929 0.11574198
71.10000000 252.58146783 0.71695492 0.72421348 0.73096140
71.10000000 252.45458128 0.73249397 0.73855131 0.75010094
71.10000000 292.58335457 0.68491036 0.73579137 0.75237883
71.10000000 252.58146783 0.49056204 0.52867381 0.56086564
239.80000000 251.15159672 0.74169965 0.72797735 0.73191300
239.80000000 291.33637852 0.54825447 0.57327540 0.55557238
239.90000000 250.24025362 0.55630139 0.55502653 0.58925470
239.90000000 290.11038040 0.73095339 0.76147390 0.77798162
71.10000000 291.12237760 0.55582446 0.54421200 0.57270727
239.90000000 290.11038040 0.57530117 0.56667329 0.55968650
233.80000000 2533.77314777 0.26820555 0.26387219 0.24241674
221.10000000 602.45562025 0.23576196 0.25009190 0.23889887
219.30000000 5079.96672903 0.24672294 0.24033061 0.23619645
233.80000000 2533.77314777 0.07593089 0.05834286 0.05630008
89.80000000 600.33028228 0.24223632 0.24395230 0.21112800
89.80000000 639.97670535 0.06534247 0.07398981 0.04999972
89.90000000 600.87230797 0.04297893 0.06534123 0.05181244
89.90000000 639.47965826 0.22427581 0.24240400 0.24041353
218.80000000 1053.43792575 0.06866894 0.04883639 0.04289371
89.90000000 639.47965826 0.05318021 0.04249148 0.05436083
146.00000000 429.50835485 0.98984061 0.99223785 0.99128538
146.10000000 431.75294264 0.98841007 0.98689370 0.98561594
146.00000000 458.47678009 0.98387254 0.98741931 0.99457792
146.00000000 429.50835485 0.77916323 0.81396523 0.81662313
164.80000000 430.88714745 0.99423116 0.98431063 0.98386788
164.80000000 461.14377687 0.80021347 0.80058545 0.78518676
164.90000000 432.12567627 0.81032171 0.79014681 0.79556088
164.90000000 462.52190110 0.99800000 0.99318008 0.98953202
146.10000000 462.17252087 0.81658386 0.80585144 0.78071762
164.90000000 462.52190110 0.82237315 0.80394255 0.78883690
179.90000000 3841.57072464 0.30306390 0.30215112 0.32676053
180.10000000 3850.11343909 0.29954920 0.29208114 0.32242844
296.10000000 111.84236574 0.49293009 0.49430580 0.51373498
179.90000000 3841.57072464 0.19674067 0.19925491 0.19528458
179.70000000 3606.04757338 0.28855726 0.27139448 0.28236562
314.90000000 111.45671817 0.27625551 0.29269964 0.30548415
180.00000000 3618.19469312 0.17614814 0.17268307 0.17472801
314.90000000 110.21598055 0.49907411 0.51229339 0.48444406
296.10000000 110.68435719 0.32955800 0.33712419 0.30249028
314.90000000 110.21598055 0.31834338 0.33402641 0.31636868
202.30000000 121.66381162 0.94916023 0.92449149 0.91682311
202.30000000 122.08455010 0.91010182 0.92528805 0.93824715
202.30000000 241.69456870 0.94039533 0.94349907 0.92748256
202.30000000 121.66381162 0.65782645 0.63599819 0.58347811
258.60000000 121.54069929 0.93222766 0.92142236 0.93328408
258.60000000 238.90437931 0.59820377 0.59911888 0.59053058
258.60000000 121.72465569 0.59989913 0.61191840 0.63255183
258.60000000 239.81353871 0.93284771 0.90711127 0.93490162
202.30000000 242.13339805 0.60889948 0.62862449 0.62476990
258.60000000 239.81353871 0.65225336 0.63732200 0.62329985
52.30000000 473.04985486 0.40232194 0.44734984 0.46337361
52.30000000 470.63923964 0.38950384 0.44954634 0.46243159
52.30000000 592.42108128 0.46306699 0.43592953 0.43158771
52.30000000 473.04985486 0.10821936 0.12251029 0.16219704
108.50000000 473.28396889 0.43269173 0.44662290 0.44784455
108.50000000 588.98349137 0.12491439 0.15492899 0.12501287
108.60000000 472.08310892 0.12872848 0.10087470 0.11601943
108.60000000 590.61860534 0.40459678 0.39122037 0.46459220
52.30000000 588.48222061 0.13536305 0.12683016 0.09693426
108.60000000 590.61860534 0.12744167 0.11991709 0.14208852
277.40000000 301.03985320 0.68725898 0.67304873 0.69553215
277.30000000 300.06065625 0.68515595 0.67183508 0.71780001
182.00000000 4102.51903406 0.45908736 0.43285415 0.46562974
277.40000000 301.03985320 0.86842069 0.86940636 0.85974737
183.50000000 300.67940696 0.65806702 0.69608871 0.68887929
181.90000000 6118.94382144 0.82724004 0.84779939 0.84794898
183.60000000 301.35802903 0.85933301 0.85827131 0.87773664
181.90000000 6124.28117630 0.66328003 0.67713215 0.68835319
181.70000000 4092.58022722 0.52284078 0.58113385 0.56934831
181.90000000 6124.28117630 0.85445922 0.86653190 0.85938192
127.40000000 651.10406199 0.21268806 0.17193749 0.16505396
127.30000000 651.27945742 0.18420024 0.15763025 0.16714013
127.40000000 421.59074123 0.14442129 0.19304152 0.17201520
127.40000000 651.10406199 0.37438233 0.36726473 0.37707630
215.60000000 3405.68130759 0.14159951 0.11857218 0.12035266
333.90000000 527.84890571 0.35777502 0.38447361 0.35465372
215.90000000 3402.80370110 0.22935906 0.22543397 0.22606617
333.00000000 500.31888174 0.17311152 0.18613774 0.18921051
127.30000000 420.37876993 0.34305982 0.36971629 0.36442452
333.00000000 500.31888174 0.37022376 0.38967507 0.35767243
164.90000000 380.46959773 0.31232321 0.31921369 0.28773395
164.80000000 379.98674865 0.31174729 0.31936978 0.28726916
164.90000000 161.88573788 0.29668065 0.29374474 0.31288344
164.90000000 380.46959773 0.99649123 0.98945192 0.98366060
146.10000000 380.69056304 0.31231572 0.25107928 0.28815985
146.10000000 161.35607409 0.98766284 0.99389099 0.99271176
146.10000000 381.15262819 0.98349830 0.98804503 0.99414557
146.10000000 160.85973553 0.28224503 0.30060332 0.28310918
164.80000000 160.97353537 0.98943250 0.99515528 0.99450228
146.10000000 160.85973553 0.98579884 0.99398077 0.99289960
191.70000000 3608.35895412 0.49933579 0.46978319 0.47963821
192.50000000 3616.54989929 0.50108557 0.49367105 0.49795606
274.90000000 3578.17504596 0.70734201 0.71618967 0.74521574
191.70000000 3608.35895412 0.30050369 0.28433167 0.31019921
192.30000000 3846.93982466 0.55106347 0.53054831 0.50148715
275.40000000 3516.65437829 0.46666408 0.48387437 0.47611186
192.00000000 3838.85231991 0.30346853 0.32112322 0.32020340
275.10000000 3324.42231731 0.77116840 0.78331161 0.77254846
275.00000000 3550.28451063 0.45833859 0.44611042 0.44867452
275.10000000 3324.42231731 0.46918974 0.47724299 0.47471830
89.80000000 211.92873917 0.04933055 0.02644188 0.06589739
89.80000000 210.63783959 0.06277651 0.03248318 0.07210499
89.80000000 682.05098695 0.06566817 0.06942385 0.06861287
89.80000000 211.92873917 0.77008883 0.71475523 0.77022351
221.10000000 211.22980327 0.05251562 0.04246005 0.06401531
206.40000000 3679.57410863 0.73629027 0.71696448 0.76370265
221.00000000 210.26711739 0.75083822 0.77670947 0.76577740
205.90000000 5100.05953352 0.06865737 0.04080036 0.04502414
89.80000000 682.00830212 0.76845957 0.73903695 0.72708967
205.90000000 5100.05953352 0.68652492 0.69448140 0.70933296
239.80000000 562.94142654 0.56769666 0.54791653 0.54840259
239.80000000 562.72683860 0.57131679 0.55583560 0.56357339
239.80000000 328.94319188 0.51929089 0.52420169 0.54939569
239.80000000 562.94142654 0.24484759 0.23494029 0.22222835
71.10000000 558.66192624 0.48991415 0.55853854 0.53503522
71.10000000 333.73425817 0.19850548 0.25454606 0.23726377
71.10000000 559.93563784 0.23911755 0.27382358 0.22363384
71.10000000 331.29623742 0.49543556 0.52887590 0.58382585
239.80000000 332.11450699 0.26429199 0.24464093 0.24827594
71.10000000 331.29623742 0.20510682 0.26046753 0.22701674
