nan nan -6.00000000 6.00000000 0.00000000 -0.80666667 6.75625000 6.00000000 6.00000000 6.00000000 6.00000000 6.00000000 -0.75625000 0.00000000 0.00000000 0.00000000 0.00000000 0.00000000 nan nan -6.00000000 0.00000000 0.00000000 0.00000000 0.00000000 0.00000000 0.00000000 0.00000000 0.00000000 0.00000000 0.00000000 0.00000000 0.00000000 0.00000000 0.00000000 0.00000000
nan nan -6.00000000 6.00000000 0.00000000 -0.87333333 6.81875000 6.00000000 6.00000000 6.00000000 6.00000000 6.00000000 -0.81875000 0.00000000 0.00000000 0.00000000 0.00000000 0.00000000 nan nan -6.00000000 0.00000000 0.00000000 0.00000000 0.00000000 0.00000000 0.00000000 0.00000000 0.00000000 0.00000000 0.00000000 0.00000000 0.00000000 0.00000000 0.00000000 0.00000000
nan nan -6.00000000 6.00000000 0.00000000 -0.80666667 6.75625000 6.00000000 6.00000000 6.00000000 6.00000000 6.00000000 -0.75625000 0.00000000 0.00000000 0.00000000 0.00000000 0.00000000 nan nan -6.00000000 0.00000000 0.00000000 0.00000000 0.00000000 0.00000000 0.00000000 0.00000000 0.00000000 0.00000000 0.00000000 0.00000000 0.00000000 0.00000000 0.00000000 0.00000000
nan nan -6.00000000 6.00000000 0.00000000 -0.87333333 6.81875000 6.00000000 6.00000000 6.00000000 6.00000000 6.00000000 -0.81875000 0.00000000 0.00000000 0.00000000 0.00000000 0.00000000 nan nan -6.00000000 0.00000000 0.00000000 0.00000000 0.00000000 0.00000000 0.00000000 0.00000000 0.00000000 0.00000000 0.00000000 0.00000000 0.00000000 0.00000000 0.00000000 0.00000000
nan nan -6.00000000 6.00000000 0.00000000 -0.87333333 6.81875000 6.00000000 6.00000000 6.00000000 6.00000000 6.00000000 -0.81875000 0.00000000 0.00000000 0.00000000 0.00000000 0.00000000 nan nan -6.00000000 0.00000000 0.00000000 0.00000000 0.00000000 0.00000000 0.00000000 0.00000000 0.00000000 0.00000000 0.00000000 0.00000000 0.00000000 0.00000000 0.00000000 0.00000000
nan nan -6.00000000 6.00000000 0.00000000 -0.74000000 6.69375000 6.00000000 6.00000000 6.00000000 6.00000000 6.00000000 -0.69375000 0.00000000 0.00000000 0.00000000 0.00000000 0.00000000 nan nan -6.00000000 0.00000000 0.00000000 0.00000000 0.00000000 0.00000000 0.00000000 0.00000000 0.00000000 0.00000000 0.00000000 0.00000000 0.00000000 0.00000000 0.00000000 0.00000000
nan nan -6.00000000 6.00000000 0.00000000 -0.80666667 6.75625000 6.00000000 6.00000000 6.00000000 6.00000000 6.00000000 -0.75625000 0.00000000 0.00000000 0.00000000 0.00000000 0.00000000 nan nan -6.00000000 0.00000000 0.00000000 0.00000000 0.00000000 0.00000000 0.00000000 0.00000000 0.00000000 0.00000000 0.00000000 0.00000000 0.00000000 0.00000000 0.00000000 0.00000000
nan nan -6.00000000 6.00000000 0.00000000 -0.74000000 6.69375000 6.00000000 6.00000000 6.00000000 6.00000000 6.00000000 -0.69375000 0.00000000 0.00000000 0.00000000 0.00000000 0.00000000 nan nan -6.00000000 0.00000000 0.00000000 0.00000000 0.00000000 0.00000000 0.00000000 0.00000000 0.00000000 0.00000000 0.00000000 0.00000000 0.00000000 0.00000000 0.00000000 0.00000000
nan nan -6.00000000 6.00000000 0.00000000 -0.80666667 6.75625000 6.00000000 6.00000000 6.00000000 6.00000000 6.00000000 -0.75625000 0.00000000 0.00000000 0.00000000 0.00000000 0.00000000 nan nan -6.00000000 0.00000000 0.00000000 0.00000000 0.00000000 0.00000000 0.00000000 0.00000000 0.00000000 0.00000000 0.00000000 0.00000000 0.00000000 0.00000000 0.00000000 0.00000000
nan nan -6.00000000 6.00000000 0.00000000 -0.74000000 6.69375000 6.00000000 6.00000000 6.00000000 6.00000000 6.00000000 -0.69375000 0.00000000 0.00000000 0.00000000 0.00000000 0.00000000 nan nan -6.00000000 0.00000000 0.00000000 0.00000000 0.00000000 0.00000000 0.00000000 0.00000000 0.00000000 0.00000000 0.00000000 0.00000000 0.00000000 0.00000000 0.00000000 0.00000000
nan nan -6.00000000 6.00000000 0.00000000 -0.87333333 6.81875000 6.00000000 6.00000000 6.00000000 6.00000000 6.00000000 -0.81875000 0.00000000 0.00000000 0.00000000 0.00000000 0.00000000 nan nan -6.00000000 0.00000000 0.00000000 0.00000000 0.00000000 0.00000000 0.00000000 0.00000000 0.00000000 0.00000000 0.00000000 0.00000000 0.00000000 0.00000000 0.00000000 0.00000000
nan nan -6.00000000 6.00000000 0.00000000 -0.80666667 6.75625000 6.00000000 6.00000000 6.00000000 6.00000000 6.00000000 -0.75625000 0.00000000 0.00000000 0.00000000 0.00000000 0.00000000 nan nan -6.00000000 0.00000000 0.00000000 0.00000000 0.00000000 0.00000000 0.00000000 0.00000000 0.00000000 0.00000000 0.00000000 0.00000000 0.00000000 0.00000000 0.00000000 0.00000000
0.99980097 0.99980097 0.00000000 452.36956120 0.26062852 -0.37096110 452.48379830 450.80657677 452.90016953 nan nan nan -0.11478063 -0.07231275 -0.06386816 nan nan nan 0.06718284 0.32180287 -1.00000000 0.49776168 0.00215589 -0.00713902 0.49684565 0.49819539 0.49282586 nan nan nan -0.00170668 -0.00592515 0.00263526 nan nan nan
0.99994720 0.99994720 0.00000000 452.16652933 -0.08291792 0.22631567 451.85891746 450.75195902 451.65937303 nan nan nan 0.16620363 -0.28239956 0.46535354 nan nan nan -0.18692764 0.30973974 -4.00000000 0.50284102 0.00116415 0.00401444 0.48661145 0.50422149 0.50046946 nan nan nan 0.00154290 -0.00142281 0.00345328 nan nan nan
0.99981445 0.99981445 0.00000000 451.47591140 0.06600000 -0.17968380 452.23407337 451.80411091 451.63967842 nan nan nan -0.62072115 0.53600379 -0.22383176 nan nan nan 0.01923032 0.32785046 -3.00000000 0.49789626 0.00000000 0.00605040 0.49546086 0.50176477 0.50487000 nan nan nan 0.00331044 -0.00156566 0.00124387 nan nan nan
0.99985431 0.99985431 0.00000000 450.67036900 0.29487411 -0.67411275 451.47378245 451.50048776 450.55556030 nan nan nan -0.12178350 0.20913444 -0.42990558 nan nan nan -0.16879143 -0.27899933 -1.00000000 0.50220135 -0.00017086 0.00263125 0.49490739 0.48957732 0.51562314 nan nan nan -0.00427167 0.00401931 -0.00712877 nan nan nan
0.99995313 0.99995313 0.00000000 451.17660356 -0.11088889 0.57437023 451.18954317 451.73843730 451.10200462 nan nan nan 0.23848361 -0.16781250 -0.01031250 nan nan nan -0.05530057 0.33901367 -4.00000000 0.51585537 -0.00016584 0.00683855 0.49467575 0.50221418 0.51593559 nan nan nan 0.00014857 0.00000000 0.00250000 nan nan nan
0.99978115 0.99978115 0.00000000 451.88910661 -0.17960134 0.45366361 453.36619142 452.41239657 451.57311515 nan nan nan 0.41037088 -0.49375000 0.32210821 nan nan nan -0.21184052 0.30104389 -5.00000000 0.48246517 0.00216583 -0.00333066 0.49002213 0.50398107 0.48387212 nan nan nan -0.00031778 -0.00452425 0.00017102 nan nan nan
0.99988299 0.99988299 0.00000000 450.62416951 0.09194859 0.30987551 452.00528532 450.96788543 451.17406173 nan nan nan 0.20656499 0.11011802 -0.29554020 nan nan nan -0.11516750 -0.35762621 -5.00000000 0.51467802 0.00315755 -0.00123724 0.49081718 0.50328378 0.51522689 nan nan nan 0.00598001 -0.00307572 -0.00314070 nan nan nan
0.99988392 0.99988392 0.00000000 452.09086886 -0.11337479 -0.04485717 451.71478609 452.37732304 452.48011868 nan nan nan 0.22920936 -0.17071473 -0.33959777 nan nan nan -0.17610207 0.28428079 -2.00000000 0.49597177 0.00281758 0.00028720 0.48885406 0.49208318 0.49718131 nan nan nan 0.00370219 0.00032178 0.00155322 nan nan nan
0.99982463 0.99982463 0.00000000 452.01525644 -0.10985621 0.01755186 452.35453583 452.43136487 451.95804419 nan nan nan -0.13842889 -0.19190746 -0.03356707 nan nan nan 0.17209394 -0.22899585 -5.00000000 0.51462696 0.00579797 -0.00089942 0.50121481 0.50195890 0.51013104 nan nan nan 0.00550204 -0.00501680 0.00050476 nan nan nan
0.99985068 0.99985068 0.00000000 451.91148419 -0.29549769 0.15251424 452.40064582 450.54442833 451.93404777 nan nan nan -0.14657624 0.31951648 -0.15578358 nan nan nan 0.03306439 -0.34072928 -4.00000000 0.50095169 0.00017089 -0.00388442 0.48796897 0.52487525 0.50337665 nan nan nan -0.00177885 0.00295087 -0.00279851 nan nan nan
0.99991142 0.99991142 0.00000000 452.53372396 0.16942886 -0.25457905 451.71109104 451.91683577 452.06935873 nan nan nan 0.23454670 -0.15561869 -0.07137136 nan nan nan 0.04991945 0.19418876 -1.00000000 0.51142323 0.00180136 0.00356127 0.49605908 0.48622901 0.50130720 nan nan nan 0.00236416 -0.00142759 0.00486205 nan nan nan
0.99994735 0.99994735 0.00000000 452.18510231 -0.30944060 0.16935499 451.73365042 452.08362658 452.21186821 nan nan nan 0.27387652 -0.40624529 0.02853851 nan nan nan 0.17411486 0.30870008 -1.00000000 0.49362767 -0.00103053 0.00366988 0.50298256 0.49721891 0.48795631 nan nan nan 0.00044858 0.00235093 -0.00063763 nan nan nan
0.99996513 0.99996513 0.00000000 594.23486937 -0.04765052 -0.02426279 276.86330310 594.20322622 nan nan nan nan 18.73185665 0.99606014 nan nan nan nan -0.97267677 -0.97267677 0.00000000 0.09726191 -0.00046096 -0.00121308 0.25205506 0.09750277 nan nan nan nan -0.00793152 -0.00182618 nan nan nan nan
0.99996750 0.99996750 0.00000000 594.62510579 0.25245674 -0.40490484 276.61974766 593.61991858 nan nan nan nan 18.56072503 1.06718821 nan nan nan nan -0.95391728 -0.95391728 0.00000000 0.10132288 0.00022310 0.00415550 0.24410771 0.09802468 nan nan nan nan -0.00984292 0.00149315 nan nan nan nan
0.99995750 0.99995750 0.00000000 594.52320853 -0.18755909 0.12431818 276.24740123 594.02924042 nan nan nan nan 18.76039241 1.00249492 nan nan nan nan -0.96326796 -0.96326796 0.00000000 0.10441005 -0.00112721 0.00025861 0.23480699 0.10656855 nan nan nan nan -0.00742999 -0.00063549 nan nan nan nan
0.44110915 0.44110915 0.00000000 594.71857937 0.36169420 -0.13476733 594.68025957 595.00216587 nan nan nan nan 0.15461141 -0.20477706 nan nan nan nan -0.04808152 0.45334376 -2.00000000 0.09936144 0.00079053 -0.00191006 0.10398582 0.10568507 nan nan nan nan 0.00043696 -0.00210659 nan nan nan nan
0.99994942 0.99994942 0.00000000 595.54103557 -0.21695389 0.05026864 276.68148996 594.24839683 nan nan nan nan 18.53388301 1.16478143 nan nan nan nan -0.99403528 -0.99403528 0.00000000 0.31576363 0.00007817 0.00416189 0.75539850 0.30887133 nan nan nan nan -0.02452671 -0.00281118 nan nan nan nan
0.99994691 0.99994691 0.00000000 594.18589349 -0.02518443 -0.23561475 277.07102376 593.32722941 nan nan nan nan 18.62603421 1.15201066 nan nan nan nan -0.95836956 -0.95836956 0.00000000 0.09621102 0.00122866 -0.00505235 0.24868975 0.09942801 nan nan nan nan -0.01125708 -0.00034757 nan nan nan nan
0.49989278 0.49989278 0.00000000 593.36478039 0.25432338 -0.13469085 594.55949055 594.03051552 nan nan nan nan 0.11823977 -0.14693572 nan nan nan nan -0.36971079 -0.36971079 0.00000000 0.28792041 -0.00066622 0.00193731 0.30239399 0.29128032 nan nan nan nan 0.00320231 0.00093317 nan nan nan nan
0.51065560 0.51065560 0.00000000 594.23285582 0.07419557 0.14065460 594.32514415 594.79247394 nan nan nan nan 0.28651084 -0.05586081 nan nan nan nan -0.63562849 -0.63562849 0.00000000 0.30294301 -0.00030956 0.00388685 0.30060132 0.29785636 nan nan nan nan -0.00431860 0.00320513 nan nan nan nan
0.99994970 0.99994970 0.00000000 595.18846484 -0.03050002 0.42008422 275.68973577 594.11120518 nan nan nan nan 18.94097099 1.10032065 nan nan nan nan -0.99190968 -0.99190968 0.00000000 0.30367889 0.00039494 0.00026124 0.75302171 0.30018079 nan nan nan nan -0.02494600 -0.00137773 nan nan nan nan
0.14632247 0.26389268 -3.00000000 594.49308134 0.03545676 -0.05258324 594.50063628 594.72438544 nan nan nan nan 0.08613956 0.02904544 nan nan nan nan -0.50814966 -0.50814966 0.00000000 0.10160909 -0.00240566 0.00348328 0.10384868 0.10332236 nan nan nan nan 0.00064659 -0.00126245 nan nan nan nan
0.54580000 0.54580000 0.00000000 593.23568086 0.09417991 -0.06195554 594.64799051 593.80355384 nan nan nan nan 0.04933328 0.01047532 nan nan nan nan -0.21833298 0.36367848 -4.00000000 0.29770113 0.00219066 -0.00220673 0.31077801 0.29873176 nan nan nan nan -0.00247486 -0.00122999 nan nan nan nan
0.48796882 0.48796882 0.00000000 594.40040050 -0.10474598 0.26445972 595.22249735 594.30539848 nan nan nan nan -0.28618323 0.19324934 nan nan nan nan -0.51018453 -0.51018453 0.00000000 0.29506122 -0.00287201 -0.00108455 0.30178978 0.30066516 nan nan nan nan -0.00076544 -0.00333580 nan nan nan nan
0.99995161 0.99995161 0.00000000 276.45469290 0.13684119 -0.11492604 594.87102272 277.23888066 276.05206799 275.93459099 276.29522621 nan -17.81641319 -2.10904135 0.12246032 -0.19850870 nan nan -0.98160861 -0.98160861 0.00000000 0.75623022 -0.00184282 -0.00145415 0.29803414 0.73515357 0.75409430 0.74904429 0.75080051 nan 0.02023240 0.00467669 0.00012698 -0.00479231 nan nan
0.99990453 0.99990453 0.00000000 275.85130609 -0.47724868 0.68810928 594.79446168 278.14552435 275.46555425 276.14356086 275.83874987 nan -17.51819878 -2.23970208 -0.22694152 0.29367460 nan nan -0.97730410 -0.97730410 0.00000000 0.75412890 -0.00529101 0.01018797 0.29997834 0.74206692 0.75365106 0.73916935 0.75577633 nan 0.02793419 -0.00053620 0.00205582 0.00341758 nan nan
0.99991961 0.99991961 0.00000000 276.22868315 0.11488602 -0.42055562 596.14780750 279.66025159 276.75865230 275.51773543 276.13750554 nan -17.71954033 -2.14061363 -0.49049539 0.13740079 nan nan -0.98262936 -0.98262936 0.00000000 0.74170480 -0.00094194 -0.00030929 0.30481242 0.74439420 0.75987104 0.74391417 0.73899905 nan 0.02203520 0.00602565 0.00123208 -0.00496032 nan nan
0.99995118 0.99995118 0.00000000 276.29025136 0.08547097 0.18965199 278.00074642 277.33078396 276.06068047 277.75360237 276.25761065 nan 0.26320226 -0.04828629 -0.07480159 -0.30219841 nan nan -0.00299624 -0.25889435 -6.00000000 0.74388201 -0.00682581 0.01149287 0.73004904 0.74915921 0.75283208 0.74562427 0.74288938 nan 0.00443887 0.00114516 0.00211905 -0.00211905 nan nan
0.99990398 0.99990398 0.00000000 277.16133636 -0.03880704 -0.04657834 595.63334638 278.26985254 276.20642012 276.87883323 277.18225284 nan -17.58284224 -2.26103944 0.26697177 -0.30200000 nan nan -0.82659657 -0.82659657 0.00000000 0.24256827 0.00276861 -0.00376961 0.10288623 0.25717863 0.25017140 0.23628936 0.24090775 nan 0.01091411 -0.00418006 0.00438306 -0.00550000 nan nan
0.99992609 0.99992609 0.00000000 276.07156559 0.48586667 0.08697177 594.48460048 278.87895424 277.01217964 277.66930805 276.18709274 nan -17.25390757 -2.18183058 0.40977419 -0.31800000 nan nan -0.97078563 -0.97078563 0.00000000 0.74334132 0.00533333 -0.01015255 0.29864923 0.74131055 0.75810774 0.73709197 0.74338249 nan 0.02850454 -0.00468788 0.00716532 -0.00250000 nan nan
0.99988987 0.99988987 0.00000000 277.08813829 -0.06993604 0.21203989 278.69538439 277.15269208 278.33856685 276.65636628 276.93362965 nan 0.21612712 0.15094882 -0.26194882 -0.17150000 nan nan -0.04757456 0.28658989 -3.00000000 0.25121038 -0.00082385 -0.00067378 0.24067570 0.24958295 0.26355858 0.24351806 0.25100973 nan 0.00169915 -0.00172835 0.00072835 0.00050000 nan nan
0.99990115 0.99990115 0.00000000 275.82213811 -0.04400000 -0.35848988 276.40728172 277.21852451 275.89631186 275.68392020 275.48925448 nan -0.59429215 0.60685484 0.07199194 -0.54200000 nan nan 0.10483956 0.20027171 -1.00000000 0.23467247 0.00415484 -0.00838764 0.26986732 0.24595107 0.24968566 0.24770813 0.23600544 nan -0.00122408 0.00000000 -0.00063306 0.00000000 nan nan
0.99994820 0.99994820 0.00000000 276.13753333 0.08480000 -0.01856970 595.38123590 279.50672652 276.74683423 277.39915651 276.46127877 nan -17.73122864 -2.16235902 -0.31547619 0.50049603 nan nan -0.85108348 -0.85108348 0.00000000 0.24154663 0.00266667 0.00101818 0.10708283 0.23659397 0.25239940 0.23957374 0.23934679 nan 0.01190191 -0.00206245 -0.00198413 0.00049603 nan nan
0.99990889 0.99990889 0.00000000 277.07632503 0.21860184 -0.09325043 276.52460952 276.83032331 275.63295367 276.08656144 277.04305471 nan 0.23951695 -0.52492857 -0.05306740 0.40849597 nan nan -0.17687563 -0.25938674 -6.00000000 0.74224801 -0.00250385 -0.00034360 0.74022703 0.73812961 0.74950115 0.73394233 0.74235751 nan -0.00316949 0.00262302 -0.00226414 0.00164113 nan nan
0.99986853 0.99986853 0.00000000 277.31972673 -0.25824946 -0.31391447 277.53702517 276.31674494 276.74218864 276.65195920 277.29174381 nan -0.32798305 0.25109677 -0.44172276 0.23412598 nan nan 0.05426803 -0.17704164 -5.00000000 0.22894068 0.00331613 -0.00432052 0.26074980 0.23738981 0.25152819 0.24651984 0.23213189 nan 0.00016949 0.00465726 -0.00489348 0.00273622 nan nan
0.99991072 0.99991072 0.00000000 276.12727767 0.08115410 -0.73529797 275.82040981 277.94127696 275.94687863 276.21405248 275.75232281 nan -0.16698963 -0.08742706 0.01747177 -0.38800000 nan nan 0.01916227 -0.21755433 -3.00000000 0.25124194 0.00127213 -0.00319837 0.25582072 0.26920558 0.25536047 0.25290450 0.25353932 nan 0.00127894 -0.00469611 -0.00062097 0.00350000 nan nan
0.99997640 0.99997640 0.00000000 364.03316290 -0.56058416 0.42043233 536.68557417 365.58289117 365.65227382 nan nan nan -9.72908806 -0.90481924 -0.04233044 nan nan nan -0.83335392 -0.83335392 0.00000000 0.86890029 0.00032621 -0.00608860 0.77358451 0.86492927 0.87083426 nan nan nan 0.00321702 -0.00183174 0.00082912 nan nan nan
0.99997949 0.99997949 0.00000000 364.50962818 -0.03126088 -0.14982452 535.74628890 364.85290609 368.27702544 364.59984396 362.92153510 366.13545944 -9.84957052 -0.51416256 -0.29238506 -0.05038760 0.27107558 0.06954190 -0.60759411 -0.60759411 0.00000000 0.85992581 0.00009579 0.00183447 0.79174191 0.87014574 0.87785650 0.87871125 0.87996652 0.86696633 0.00637258 -0.00097101 -0.00215517 -0.00155373 0.00145349 -0.00564689
0.99998964 0.99998964 0.00000000 364.78440645 0.10807453 -0.37520700 536.23124473 366.69490541 365.19132681 nan nan nan -9.95408718 -0.94864825 0.19729562 nan nan nan -0.86227153 -0.86227153 0.00000000 0.87892154 0.00331263 -0.00630059 0.77848521 0.87604948 0.87820089 nan nan nan 0.00161061 0.00025253 0.00334519 nan nan nan
0.99984358 0.99984358 0.00000000 364.40200301 -0.09719602 0.22061463 610.75406883 367.27560712 363.31420800 nan nan nan -13.66098996 -1.76349200 -0.14708305 nan nan nan -0.99718794 -0.99718794 0.00000000 0.87928368 -0.00448841 0.00609260 0.03118998 0.87210252 0.88190209 nan nan nan 0.05182902 0.00371551 -0.00042604 nan nan nan
0.99998405 0.99998405 0.00000000 364.54370331 -0.04666272 -0.17100823 536.98538245 365.22703533 363.59502537 nan nan nan -9.69930687 -1.17395953 -0.22316694 nan nan nan -0.87909423 -0.87909423 0.00000000 0.87042102 0.00389780 -0.00610247 0.77550270 0.87610369 0.87801931 nan nan nan 0.00391426 0.00236871 -0.00025328 nan nan nan
0.96419092 0.96419092 0.00000000 536.15843960 0.08957055 -0.24257805 536.17421227 536.80763408 536.17448711 nan nan nan -0.08557179 0.10213648 -0.07222851 nan nan nan -0.27268536 -0.27268536 0.00000000 0.78694498 0.00081800 -0.00006260 0.79114150 0.79107320 0.79595169 nan nan nan 0.00271294 -0.00106848 0.00260222 nan nan nan
0.99724364 0.99724364 0.00000000 537.31483098 0.35352824 -0.20034002 609.77803284 538.10026029 536.23204860 nan nan nan -4.23674717 -0.48592675 -0.20694135 nan nan nan -0.99705963 -0.99705963 0.00000000 0.76769722 -0.00459996 0.00480768 0.02589959 0.77613874 0.77933710 nan nan nan 0.04200780 0.00591420 -0.00016267 nan nan nan
0.99374519 0.99374519 0.00000000 536.55382626 0.13030303 -0.03701504 609.79710384 538.06248866 534.67628727 537.84893182 536.84910264 537.18792450 -4.07498505 -0.34864812 -0.52514368 0.06502648 0.14044146 -0.14009437 -0.99070080 -0.99070080 0.00000000 0.77166658 -0.00303030 0.00027059 0.02609597 0.78280837 0.78553341 0.78636395 0.77446463 0.77938055 0.04074462 0.00912683 -0.00287356 0.00308343 -0.00294465 0.00057961
0.97315308 0.97315308 0.00000000 537.21219413 0.06224454 -0.09278918 538.44243301 536.16354059 536.07640147 537.40476286 538.16734784 536.24667402 -0.14501491 -0.06824713 0.66545590 0.04605305 -0.30002973 0.13593458 -0.21348542 -0.21348542 0.00000000 0.77821893 0.00199084 0.00262626 0.77953333 0.79082404 0.78725085 0.78516584 0.79016060 0.78179337 0.00432853 -0.00143678 0.00029059 -0.00440501 -0.00475687 0.00958968
0.99267937 0.99267937 0.00000000 537.25786311 -0.20459770 -0.60641258 611.15802586 536.39411019 537.88202401 538.00038303 536.20283524 536.89273388 -4.54257626 -0.56472864 0.07112069 0.24644886 0.06314416 -0.57396084 -0.99065428 -0.99065428 0.00000000 0.80032219 -0.00459770 0.00426497 0.03303689 0.79937827 0.76926682 0.79355220 0.80650448 0.77893734 0.04582835 0.00055512 -0.00287356 0.00373890 -0.00320428 0.00521251
0.99965768 0.99965768 0.00000000 365.14805875 0.23448276 0.37468111 611.32112714 365.96259344 364.57867721 364.85240976 363.49510887 365.16692877 -13.41876873 -1.67723596 0.20405362 -0.18211549 0.05246106 0.27921508 -0.99287384 -0.99287384 0.00000000 0.88034320 -0.00306513 0.00208260 0.02950350 0.86767468 0.88672077 0.89342850 0.86292830 0.86490160 0.04782717 0.00193834 0.00384367 0.00087540 -0.00203492 -0.00222644
0.99441786 0.99441786 0.00000000 536.93506719 -0.66818182 0.37122609 610.81769290 536.35364218 536.02018025 535.86187891 537.53069437 534.51378719 -4.28127763 -0.69563088 0.31919410 -0.01024523 0.15625000 -0.82173295 -0.99065886 -0.99065886 0.00000000 0.77375924 0.00606061 -0.00787564 0.03593559 0.76924741 0.78285005 0.79159457 0.77977669 0.78417979 0.04213638 0.00730636 -0.00084084 -0.00128984 0.00071023 0.00000000
0.99994759 0.99994759 0.00000000 609.99380183 0.16001777 -0.08342805 189.14272926 608.83804810 nan nan nan nan 25.17193197 nan nan nan nan nan -0.99221326 -0.99221326 0.00000000 0.01449930 0.00084790 -0.00213165 0.36782799 0.01555302 nan nan nan nan -0.02108824 nan nan nan nan nan
0.99994714 0.99994714 0.00000000 611.26983878 -0.11363468 0.01861676 189.86991856 609.00364541 nan nan nan nan 24.96686405 1.10241862 nan nan nan nan -0.99773723 -0.99773723 0.00000000 0.00814500 0.00026702 0.00135127 0.37921185 0.01198137 nan nan nan nan -0.02093982 -0.00064560 nan nan nan nan
0.99994489 0.99994489 0.00000000 609.75810288 0.05551090 -0.15395874 188.68976577 608.73607110 nan nan nan nan 25.29507556 nan nan nan nan nan -0.99618502 -0.99618502 0.00000000 0.01085829 0.00064034 -0.00140386 0.37403280 0.01236496 nan nan nan nan -0.02169342 nan nan nan nan nan
0.99980648 0.99980648 0.00000000 610.75142965 -0.12014359 0.05051342 363.75192049 609.39384657 nan nan nan nan 14.06180395 nan nan nan nan nan -0.99534321 -0.99534321 0.00000000 0.01236417 0.00001633 -0.00119348 0.37185060 0.01389074 nan nan nan nan -0.02111132 nan nan nan nan nan
0.99993241 0.99993241 0.00000000 609.68234307 -0.15007306 -0.02880433 187.78853541 608.60898728 nan nan nan nan 25.21846009 nan nan nan nan nan -0.99249299 -0.99249299 0.00000000 0.01260093 -0.00000965 -0.00391885 0.36588525 0.01354347 nan nan nan nan -0.02318684 nan nan nan nan nan
0.99981171 0.99981171 0.00000000 188.59601124 -0.08477103 0.42073897 189.20646785 188.63563754 nan nan nan nan 0.07914597 nan nan nan nan nan 0.02777396 0.25035664 -3.00000000 0.37177796 0.00063898 -0.00109246 0.36881700 0.37190446 nan nan nan nan -0.00097731 nan nan nan nan nan
0.99999976 0.99999976 0.00000000 189.19942221 0.16779648 -0.09656749 364.44602507 189.79867707 nan nan nan nan -10.14171768 nan nan nan nan nan 0.08721215 0.39248684 -6.00000000 0.37661364 -0.00051064 0.00263412 0.38002541 0.37631747 nan nan nan nan 0.00090542 nan nan nan nan nan
0.99999989 0.99999989 0.00000000 189.34508521 -0.01462729 0.17976411 363.31415292 190.09738620 nan nan nan nan -9.91626050 -0.70649726 nan nan nan nan 0.04205038 0.20136138 -4.00000000 0.37419009 -0.00218930 0.00156444 0.38079436 0.38607846 nan nan nan nan 0.00126971 -0.00343116 nan nan nan nan
0.99994041 0.99994041 0.00000000 187.68087396 -0.03963277 0.24441477 189.77752138 188.00720714 nan nan nan nan 0.15849156 -0.24112754 nan nan nan nan -0.00676124 -0.17977165 -2.00000000 0.37263778 -0.00213277 0.00058195 0.37597702 0.36615150 nan nan nan nan -0.00699187 0.00874556 nan nan nan nan
0.99999908 0.99999908 0.00000000 189.28457875 0.31976190 -0.52645658 364.68314635 189.11294800 nan nan nan nan -10.45205793 -0.53320993 nan nan nan nan -0.24615135 -0.28872115 -2.00000000 0.37762351 -0.00468487 0.00401770 0.36402076 0.38765096 nan nan nan nan -0.00005543 -0.00109526 nan nan nan nan
0.99979318 0.99979318 0.00000000 609.84464429 0.03178622 -0.45981395 364.50890607 609.69978575 nan nan nan nan 14.02362228 0.97460632 nan nan nan nan -0.99456573 -0.99456573 0.00000000 0.01179803 -0.00084388 0.00396150 0.37589421 0.01378422 nan nan nan nan -0.02135961 -0.00141063 nan nan nan nan
0.99999993 0.99999993 0.00000000 188.23690392 -0.02152448 -0.16164243 364.54613298 189.48730558 nan nan nan nan -10.14273627 -1.05530326 nan nan nan nan 0.06039641 0.16382184 -5.00000000 0.37198042 -0.00138288 0.00140070 0.37795295 0.37674421 nan nan nan nan -0.00057826 0.00013926 nan nan nan nan
0.99881679 0.99881679 0.00000000 537.03367095 0.21754261 -0.01383846 610.56664378 537.38867678 nan nan nan nan -3.81166339 -0.62130911 nan nan nan nan -0.99503477 -0.99503477 0.00000000 0.56286664 -0.00258035 0.00366631 0.01845399 0.55581726 nan nan nan nan 0.03107919 0.00052961 nan nan nan nan
0.99909032 0.99909032 0.00000000 535.82773587 0.31182109 -0.39347554 610.48777406 536.52322460 nan nan nan nan -4.05749389 nan nan nan nan nan -0.99804260 -0.99804260 0.00000000 0.54491027 0.00085197 -0.00268347 0.02190633 0.54121052 nan nan nan nan 0.02783883 nan nan nan nan nan
0.99873051 0.99873051 0.00000000 536.13281832 -0.04914332 0.21969518 609.11807231 537.96810565 nan nan nan nan -3.82056467 -0.58238266 nan nan nan nan -0.99608748 -0.99608748 0.00000000 0.56620413 0.00169234 -0.00217565 0.02047683 0.55489801 nan nan nan nan 0.03037295 -0.00076835 nan nan nan nan
0.99999370 0.99999370 0.00000000 534.75859205 -0.14672106 0.18391184 189.98950226 535.84741240 nan nan nan nan 20.62402811 0.77828972 nan nan nan nan -0.72966348 -0.72966348 0.00000000 0.55493129 -0.00021360 -0.00175122 0.62069816 0.55744398 nan nan nan nan -0.00621511 0.00006923 nan nan nan nan
0.99810045 0.99810045 0.00000000 536.07470124 -0.16957327 0.33372181 610.39399279 536.73489692 nan nan nan nan -4.22321824 -0.78098849 nan nan nan nan -0.96105605 -0.96105605 0.00000000 0.12053782 0.00343791 -0.00347713 0.00529893 0.11339599 nan nan nan nan 0.00466814 -0.00002070 nan nan nan nan
0.99971685 0.99971685 0.00000000 365.20282570 -0.39399421 0.58656079 610.55661474 366.76608608 nan nan nan nan -13.44867857 -1.46045921 nan nan nan nan -0.99702253 -0.99702253 0.00000000 0.62461974 0.00358923 -0.00369416 0.01880449 0.61829171 nan nan nan nan 0.03685714 -0.00035460 nan nan nan nan
0.99999984 0.99999984 0.00000000 363.73652953 0.13361702 0.06575150 189.26765381 363.32282879 nan nan nan nan 10.50411661 0.18462961 nan nan nan nan -0.34310057 -0.47962597 -6.00000000 0.10613984 0.00283688 -0.00269437 0.13268391 0.12317481 nan nan nan nan -0.00062452 -0.00370616 nan nan nan nan
0.99999977 0.99999977 0.00000000 365.31765879 0.11901938 -0.31003228 189.38326421 364.79738845 nan nan nan nan 10.47495585 nan nan nan nan nan 0.07610343 0.25381083 -2.00000000 0.12520609 -0.00075401 -0.00103180 0.12050626 0.12279738 nan nan nan nan -0.00306843 nan nan nan nan nan
0.99984086 0.99984086 0.00000000 364.05679454 -0.01695339 0.34592772 610.54102558 365.69901411 nan nan nan nan -13.48809441 nan nan nan nan nan -0.97988884 -0.97988884 0.00000000 0.12494699 -0.00280304 0.00322766 0.00320326 0.12483011 nan nan nan nan 0.00769231 nan nan nan nan nan
0.99999978 0.99999978 0.00000000 363.54690770 -0.00224054 -0.07605651 188.61831871 362.81885261 nan nan nan nan 10.25089409 nan nan nan nan nan -0.10304232 -0.13878889 -1.00000000 0.62334323 0.00066715 0.00053085 0.62848869 0.62406355 nan nan nan nan 0.00126566 nan nan nan nan nan
0.99999709 0.99999709 0.00000000 536.92384106 -0.25058234 0.32793832 189.35748380 536.31243720 nan nan nan nan 21.09966954 nan nan nan nan nan -0.13472808 -0.24392149 -2.00000000 0.11556831 -0.00087842 -0.00274224 0.12110326 0.11610391 nan nan nan nan -0.00140805 nan nan nan nan nan
0.99999927 0.99999927 0.00000000 363.96351974 0.25108719 -0.55364382 189.11546574 363.44380140 nan nan nan nan 10.19716831 nan nan nan nan nan -0.13744160 -0.20231789 -5.00000000 0.12042518 0.00010271 -0.00003554 0.12677471 0.12215025 nan nan nan nan -0.00033169 nan nan nan nan nan
0.99999995 0.99999995 0.00000000 191.25455619 0.14696970 -0.21042129 363.82632723 191.35402260 188.86937571 188.18119487 189.67597195 190.06846742 -9.40242190 -1.65098315 0.10187372 0.62357955 -0.14630682 -0.76682821 0.02214969 0.11696611 -6.00000000 0.12416912 0.00378788 -0.00218034 0.13123196 0.14541776 0.13367545 0.11340262 0.11358036 0.13984409 -0.00142162 -0.00070225 0.00363094 0.00142045 0.00071023 -0.00616644
0.99999994 0.99999994 0.00000000 189.50386649 0.19258931 -0.27364302 363.39107106 188.65796714 188.24221022 nan nan nan -10.34598110 -0.46920429 -0.18942901 nan nan nan 0.17599790 0.18463656 -2.00000000 0.14020364 -0.00168022 0.00116581 0.13740008 0.12057903 0.12610726 nan nan nan -0.00189534 0.00141309 0.00231481 nan nan nan
0.99999864 0.99999864 0.00000000 189.35404891 0.03636364 0.12953213 363.57443125 189.76335606 189.34582720 190.34192462 190.08657084 187.63793831 -10.01137885 -0.80004789 0.21485732 -0.46054698 0.15967489 -0.35194239 0.11733598 0.11733598 0.00000000 0.12426429 -0.00303030 0.00576307 0.13195671 0.11055541 0.12042172 0.13085002 0.11147569 0.12220367 -0.00191600 -0.00055077 0.00223035 -0.00366713 0.00439388 0.00054506
0.99999508 0.99999508 0.00000000 189.54934640 0.43208174 -0.63038427 537.62571677 192.11497928 189.93842758 193.62690504 189.23349426 190.44359201 -19.46922973 -2.12759843 0.04803532 -0.53475326 0.51349432 -0.11298328 -0.21305283 -0.21305283 0.00000000 0.12102101 0.00196679 -0.00097742 0.10414328 0.13484598 0.12879070 0.12415601 0.12129419 0.13355427 0.00510032 -0.00129922 -0.00372110 0.00290475 0.00000000 -0.00205721
0.99999717 0.99999717 0.00000000 189.63821248 -0.16030824 0.04691504 364.15692780 190.06328143 189.79768375 189.63765862 189.31130005 188.95571379 -10.67044753 -0.39350031 -0.22936846 -0.07790458 0.36150568 -0.10014205 0.08221632 0.16550862 -1.00000000 0.59523341 -0.00396057 0.01250901 0.63311108 0.61655768 0.63629821 0.62897334 0.62419374 0.63048248 0.01195988 -0.00651529 0.00591663 -0.00192659 -0.00142045 -0.00426136
0.99816596 0.99816596 0.00000000 608.42916534 -0.10786517 0.57303620 363.85212211 611.84895247 612.51333020 610.22217960 611.20906255 610.30969684 14.74008228 1.25995234 -0.29970775 0.11005257 0.16348403 0.05159884 -0.93202053 -0.93202053 0.00000000 0.00455515 0.00074906 -0.00042593 0.12634078 0.00504861 0.00430237 0.00570631 0.00288192 0.00214701 -0.00827395 -0.00076220 0.00071023 -0.00071023 0.00000000 0.00072674
0.98321095 0.98321095 0.00000000 608.56471482 0.40687101 -0.50965778 536.15659441 609.73818287 610.97549100 610.06282463 609.38016720 609.58084805 3.86431063 1.18043763 0.34086919 -0.95014531 0.61637931 -0.76085940 -0.99365122 -0.99365122 0.00000000 0.02507563 0.00143040 -0.00098883 0.57452674 0.02570238 0.01715382 0.01776569 0.02716916 0.01852436 -0.03529560 -0.00355912 0.00213866 -0.00212252 0.00071839 -0.00143678
0.99704799 0.99704799 0.00000000 610.65997813 -0.16237219 -0.23255568 535.86801558 610.39075445 610.54583671 nan nan nan 3.74258344 0.62429109 0.09722222 nan nan nan -0.99741561 -0.99741561 0.00000000 0.01928131 -0.00082548 0.00285656 0.55870703 0.02232839 0.02075537 nan nan nan -0.03177349 -0.00312982 0.00115741 nan nan nan
0.99957683 0.99957683 0.00000000 609.90117957 0.14818830 -0.29404837 364.58852836 609.09361009 609.77706436 nan nan nan 14.21395997 1.12554113 -0.06580285 nan nan nan -0.99702859 -0.99702859 0.00000000 0.02292761 -0.00080297 0.00214016 0.60812884 0.02320882 0.02000305 nan nan nan -0.03210975 -0.00168350 -0.00039521 nan nan nan
0.99610701 0.99610701 0.00000000 610.27229880 0.00177403 0.30967507 537.01108266 610.72388046 610.83487574 nan nan nan 4.60282035 0.33147970 -0.03687174 nan nan nan -0.96193857 -0.96193857 0.00000000 0.00615772 -0.00040900 -0.00143433 0.11784680 0.00580013 0.00655408 nan nan nan -0.00745035 -0.00079618 0.00038344 nan nan nan
0.99999703 0.99999703 0.00000000 190.05722692 0.48640528 -0.60635785 537.61106153 191.75220746 189.02470981 nan nan nan -19.40535910 -2.30175302 -0.25061780 nan nan nan -0.62828594 -0.62828594 0.00000000 0.61842530 -0.00358178 0.01148603 0.54236542 0.62362210 0.60479789 nan nan nan 0.00904605 -0.00515328 0.00237417 nan nan nan
0.99561256 0.99561256 0.00000000 610.73099593 0.04893030 -0.29361000 535.40688534 609.64057584 610.54388448 nan nan nan 4.15136054 0.34518298 0.07174249 nan nan nan -0.99534193 -0.99534193 0.00000000 0.02172948 0.00122690 0.00222265 0.54985996 0.02585265 0.02345213 nan nan nan -0.02454895 -0.00583496 -0.00037622 nan nan nan
0.99846592 0.99846592 0.00000000 494.36455115 0.41139129 0.21797717 612.56689262 495.50805502 495.83578478 494.41663097 494.18015430 nan -6.43354724 -0.28183993 -0.42315133 0.17563455 -0.09135875 nan -0.97131135 -0.97131135 0.00000000 0.44937145 0.00220420 -0.00220420 0.00119048 0.43783576 0.44799282 0.43590453 0.43508522 nan 0.02522936 -0.00119090 0.00393773 -0.00498091 0.00883342 nan
0.99877344 0.99877344 0.00000000 494.87253961 -0.35046296 0.47702232 610.24797562 495.42334810 495.21614865 493.61330343 nan nan -6.48193313 -0.73524494 -0.11175298 0.22092014 nan nan -0.98484487 -0.98484487 0.00000000 0.42536649 -0.00138889 0.00138889 0.00390330 0.42747281 0.42169711 0.42844510 nan nan 0.02139262 0.00457569 0.00267752 -0.00043403 nan nan
0.99803530 0.99803530 0.00000000 493.52294757 -0.58559449 1.41140334 612.24260953 497.46569202 495.65111737 494.86338897 495.10564737 nan -5.57653597 -1.50606619 0.65322652 0.05471740 -0.06129871 nan -0.96565953 -0.96565953 0.00000000 0.45078260 -0.00407907 0.00407907 0.00176887 0.41010545 0.40949126 0.42062404 0.43881258 nan 0.02350917 0.00452821 0.00351024 -0.00175790 -0.00325670 nan
0.99835134 0.99835134 0.00000000 494.18923640 0.05949444 -0.12906837 610.89202126 496.70656543 495.78786875 495.38418623 494.56151534 nan -6.22775833 -1.24024688 -0.01210130 0.25357143 0.09343553 nan -0.96710606 -0.96710606 0.00000000 0.41638442 -0.00136672 0.00136672 0.00178010 0.42807830 0.43787807 0.43970604 0.42346716 nan 0.01949541 0.00703761 -0.00212826 0.00119048 0.00093778 nan
0.99829863 0.99829863 0.00000000 494.53902134 -0.32990358 1.15216952 611.01445959 497.19462027 493.55843194 494.25889620 495.17017895 nan -5.85669469 -0.90747772 0.26240115 -0.10445392 -0.36143868 nan -0.99730975 -0.99730975 0.00000000 0.92166047 0.00243287 -0.00243287 0.00234747 0.92019228 0.92064724 0.91177199 0.92234874 nan 0.05150463 0.00924303 -0.00245439 0.00125862 -0.00117925 nan
0.99982271 0.99982271 0.00000000 319.15813273 0.27132674 -0.81101654 612.36349557 321.38617859 320.35761203 321.35489664 320.62949600 nan -16.16546353 -2.45089286 0.43514151 -0.03773585 -0.29834906 nan -0.96648813 -0.96648813 0.00000000 0.42905726 -0.00224618 0.00224618 0.00233676 0.43639801 0.42419503 0.44162906 0.41659142 nan 0.02399554 0.00159970 0.00152740 0.00412736 -0.00176887 nan
0.99976995 0.99976995 0.00000000 319.23225875 0.34510607 -0.18894131 610.06542529 321.69558842 320.77282223 319.38935856 320.38068711 nan -16.08813923 -2.08096112 -0.00543112 -0.05732644 -0.00400534 nan -0.99747227 -0.99747227 0.00000000 0.93843851 -0.00117490 0.00117490 0.00117373 0.92324095 0.94764905 0.93887552 0.93931278 nan 0.05263158 0.00746457 -0.00577372 0.00579662 0.00004450 nan
0.99982774 0.99982774 0.00000000 320.61321165 0.74860612 -0.54130231 610.98400231 323.81249333 319.77079395 320.12678483 nan nan -15.68954248 -2.16850349 -0.02910680 -0.01557808 nan nan -0.99891495 -0.99891495 0.00000000 0.93832418 -0.00037235 0.00083855 0.00216719 0.93144733 0.94219997 0.94388267 nan nan 0.05310458 0.00637818 0.00128113 -0.00290916 nan nan
0.99984388 0.99984388 0.00000000 319.07211858 -0.17016743 0.37974658 612.20871381 322.13281349 320.94668408 319.13422284 nan nan -16.16399854 -2.24469342 0.66636434 -0.00047071 nan nan -0.99872077 -0.99872077 0.00000000 0.93419888 0.00049467 -0.00154454 0.00316362 0.92830156 0.94045622 0.93218935 nan nan 0.05158197 0.00562343 -0.00002993 0.00125929 nan nan
0.99988758 0.99988758 0.00000000 321.55269930 0.15264085 -0.11673752 612.60513144 322.70283980 320.46897661 320.74140994 nan nan -16.14176445 -1.91007966 -0.13116137 -0.04852613 nan nan -0.98560035 -0.98560035 0.00000000 0.43098173 -0.00424491 0.00470788 0.00087109 0.43209182 0.44460025 0.43143179 nan nan 0.02450980 0.00587214 -0.00284698 0.00067684 nan nan
0.99889070 0.99889070 0.00000000 494.05787268 0.18737952 -0.29668075 610.21157468 493.98981022 495.22924659 493.91428796 nan nan -6.61816427 -0.62681340 -0.16189236 0.07986111 nan nan -0.99784345 -0.99784345 0.00000000 0.92752127 0.00038685 -0.00038685 0.00216124 0.91233921 0.92172870 0.92518792 nan nan 0.05008562 0.00416786 0.00173611 0.00303819 nan nan
0.99983616 0.99983616 0.00000000 320.32519391 -0.41035677 0.62296269 611.02176360 320.97748448 320.39555719 321.07332314 nan nan -16.04458845 -2.02330589 0.06104227 0.19008621 nan nan -0.99857860 -0.99857860 0.00000000 0.93790501 0.00229215 -0.00182595 0.00348453 0.92034116 0.94258051 0.92960889 nan nan 0.05120968 0.00825213 -0.00170318 0.00215517 nan nan
0.99999997 0.99999997 0.00000000 145.13716716 -0.40005536 0.52614075 408.10947476 146.87019476 nan nan nan nan -15.33766193 -0.89870724 nan nan nan nan 0.19824231 0.24423515 -5.00000000 0.93029316 0.00049418 -0.00066105 0.93768146 0.93322160 nan nan nan nan -0.00151036 0.00261646 nan nan nan nan
0.99999985 0.99999985 0.00000000 144.61972211 -0.16368621 0.20985367 408.20755144 146.28903227 nan nan nan nan -15.24943114 -1.33844969 nan nan nan nan -0.04527131 -0.12251043 -3.00000000 0.93600470 -0.00093499 0.00131432 0.93304004 0.93231530 nan nan nan nan 0.00075474 0.00111260 nan nan nan nan
0.99999988 0.99999988 0.00000000 146.83323241 -0.30720588 0.41026017 407.45713990 147.42138420 nan nan nan nan -15.16868584 -0.85446332 nan nan nan nan -0.04308401 -0.37044229 -4.00000000 0.93886530 -0.00024612 -0.00024751 0.93411659 0.93600317 nan nan nan nan -0.00053628 0.00061206 nan nan nan nan
0.99999974 0.99999974 0.00000000 145.93934908 0.12805002 -0.46110315 408.23212374 147.09785788 nan nan nan nan -15.16392152 -1.36303241 nan nan nan nan -0.07431575 0.13204578 -6.00000000 0.93676039 0.00206509 -0.00234310 0.93535802 0.93969353 nan nan nan nan -0.00032794 0.00007956 nan nan nan nan
0.99999962 0.99999962 0.00000000 146.17903100 -0.14035350 0.03347525 409.06888908 147.80699624 nan nan nan nan -15.20211845 -1.47591386 nan nan nan nan 0.18068021 0.21433186 -2.00000000 0.43761489 0.00108339 0.00105796 0.44378114 0.43228365 nan nan nan nan -0.00008893 -0.00118557 nan nan nan nan
0.99983926 0.99983926 0.00000000 605.77619752 0.10194553 0.10327929 408.10909454 605.74942861 nan nan nan nan 11.61368832 0.88691977 nan nan nan nan -0.99855430 -0.99855430 0.00000000 0.15683236 -0.00129702 -0.00090059 0.94132854 0.15817810 nan nan nan nan -0.04942952 -0.00313625 nan nan nan nan
0.99963948 0.99963948 0.00000000 606.44171931 -0.37490196 0.73655571 407.04049549 605.54343987 nan nan nan nan 11.64774590 0.95390139 nan nan nan nan -0.98895826 -0.98895826 0.00000000 0.07307062 -0.00130719 0.00564827 0.43156247 0.06189443 nan nan nan nan -0.02038934 0.00241454 nan nan nan nan
0.99973695 0.99973695 0.00000000 606.40726381 -0.65329440 0.55515584 407.58897790 605.38530023 nan nan nan nan 11.37386023 0.99246820 nan nan nan nan -0.99461294 -0.99461294 0.00000000 0.06896505 -0.00111315 0.00074086 0.45226890 0.06958595 nan nan nan nan -0.02204317 -0.00041469 nan nan nan nan
0.99977764 0.99977764 0.00000000 606.35824636 0.15951955 -0.06227591 407.66080442 604.93012442 nan nan nan nan 11.59007585 1.34853890 nan nan nan nan -0.99313987 -0.99313987 0.00000000 0.07331437 0.00001548 -0.00296836 0.43868585 0.07410127 nan nan nan nan -0.02161151 -0.00197274 nan nan nan nan
0.99979728 0.99979728 0.00000000 607.48099416 -0.26099773 0.02797114 408.59062362 606.25312949 nan nan nan nan 11.22244225 1.19123870 nan nan nan nan -0.99904571 -0.99904571 0.00000000 0.15566653 -0.00362812 0.00340564 0.93807141 0.16081835 nan nan nan nan -0.04647134 -0.00371699 nan nan nan nan
0.99999998 0.99999998 0.00000000 146.30842527 0.08945362 -0.05108647 408.64373231 147.33143740 nan nan nan nan -15.07467548 -1.19091399 nan nan nan nan -0.32844656 -0.45275621 -1.00000000 0.45027030 0.00166728 -0.00263534 0.43125609 0.44172370 nan nan nan nan -0.00242420 0.00685659 nan nan nan nan
0.99986489 0.99986489 0.00000000 605.86548226 0.12117727 -0.16136783 407.92861672 604.70628321 nan nan nan nan 11.29931459 1.26382415 nan nan nan nan -0.99319403 -0.99319403 0.00000000 0.07223812 0.00255979 -0.00157851 0.43868899 0.07140084 nan nan nan nan -0.02025524 -0.00118795 nan nan nan nan
