0.00000000 300.30000000
0.00000000 299.80000000
0.00000000 300.20000000
0.00000000 300.10000000
0.00000000 299.80000000
0.00000000 300.30000000
0.00000000 299.70000000
0.00000000 299.80000000
0.00000000 300.00000000
0.00000000 299.70000000
0.00000000 300.50000000
0.00000000 299.80000000
0.53450000 392.20000000
0.52200000 392.30000000
0.54800000 391.60000000
0.52800000 396.00000000
0.53900000 403.40000000
0.53900000 403.30000000
0.54250000 393.80000000
0.51950000 395.80000000
0.53200000 392.70000000
0.51700000 390.10000000
0.51350000 397.10000000
0.54950000 396.50000000
0.53236364 361.70000000
0.54000000 367.40000000
0.51781818 363.70000000
0.51818182 370.60000000
0.51309091 364.20000000
0.53054545 360.20000000
0.53200000 369.40000000
0.53127273 372.70000000
0.54581818 374.40000000
0.55272727 370.60000000
0.53745455 366.30000000
0.52545455 366.80000000
0.52560000 412.80000000
0.54320000 413.70000000
0.53040000 408.50000000
0.52480000 405.20000000
0.51680000 422.20000000
0.51040000 406.00000000
0.52800000 405.30000000
0.53600000 411.60000000
0.51200000 410.20000000
0.54560000 411.40000000
0.54880000 413.00000000
0.52880000 413.40000000
0.54034310 405.80000000
0.54519331 216.10000000
0.54766341 407.00000000
0.52621753 416.10000000
0.53417784 412.70000000
0.54701204 257.80000000
0.52313489 255.20000000
0.52010188 135.70000000
0.52471264 141.80000000
0.53241902 140.70000000
0.55778474 211.70000000
0.53952456 140.60000000
0.52734906 359.50000000
0.52251711 269.50000000
0.53025006 358.10000000
0.54657471 358.80000000
0.51421008 357.20000000
0.54337368 1379.10000000
0.54271729 1367.70000000
0.54146722 1058.70000000
0.53978832 1034.00000000
0.55411126 1037.50000000
0.54735666 272.70000000
0.56126476 1060.70000000
0.51874269 376.10000000
0.54080855 775.10000000
0.52380952 371.20000000
0.52381130 374.70000000
0.51073999 377.00000000
0.53135659 850.70000000
0.53222707 588.30000000
0.55905526 776.60000000
0.53826493 1358.20000000
0.51711416 777.70000000
0.51744286 501.40000000
0.51647313 801.30000000
0.36329676 386.20000000
0.52305915 715.10000000
0.38401254 390.30000000
0.41576541 392.80000000
0.51769854 381.60000000
0.50740596 99.40000000
0.54401776 101.30000000
0.51757176 184.60000000
0.50897145 185.70000000
0.55136711 185.10000000
0.52494888 719.50000000
0.53659774 188.80000000
0.52201552 189.90000000
0.55423951 256.00000000
0.53344207 192.00000000
0.50784694 186.20000000
0.52399048 189.50000000
0.54940928 302.90000000
0.52579792 299.40000000
0.53260975 420.80000000
0.52992424 411.20000000
0.55909577 408.60000000
0.53825758 251.90000000
0.52717075 407.80000000
0.54664245 1333.10000000
0.53813587 1515.80000000
0.55089981 1317.90000000
0.54429414 1306.00000000
0.55287269 1316.30000000
0.53608493 315.30000000
0.52281736 311.80000000
0.53642242 364.70000000
0.52961157 364.90000000
0.53336236 363.10000000
0.56092266 1513.20000000
0.54492930 358.50000000
0.51915244 1772.60000000
0.49543379 1035.00000000
0.53271849 1144.90000000
0.53336822 1299.10000000
0.50045317 1768.80000000
0.55871219 1521.90000000
0.51917974 587.60000000
0.53472624 390.90000000
0.53609191 384.00000000
0.52238909 385.60000000
0.52697834 615.00000000
0.54570190 385.50000000
0.53280311 220.30000000
0.51464194 84.70000000
0.52185660 226.40000000
0.51238540 222.60000000
0.52790966 222.80000000
0.53942384 937.30000000
0.51406108 936.90000000
0.37924126 348.80000000
0.43041347 347.90000000
0.39673913 355.30000000
0.46506820 83.60000000
0.39680307 347.20000000
0.53061869 153.70000000
0.50688786 193.80000000
0.53057012 153.70000000
0.50004856 152.40000000
0.52504371 152.50000000
0.51114025 155.20000000
0.52432984 154.10000000
0.51513569 191.00000000
0.52956712 191.60000000
0.53556554 191.90000000
0.53665837 192.00000000
0.54112683 192.60000000
0.52519445 640.70000000
0.51916791 732.40000000
0.52994590 668.10000000
0.53198324 643.30000000
0.50308560 655.20000000
0.52180469 662.20000000
0.52279376 643.90000000
0.52399629 716.00000000
0.54087468 728.10000000
0.51617770 737.10000000
0.54000200 733.00000000
0.52883558 747.70000000
0.53747644 833.50000000
0.54510731 958.90000000
0.55117716 830.20000000
0.53745968 829.40000000
0.52422186 830.30000000
0.55209878 829.40000000
0.52787273 846.70000000
0.53959296 979.80000000
0.55286053 974.70000000
0.56107429 973.40000000
0.55872295 962.30000000
0.55483493 965.70000000
0.46670929 100.70000000
0.52600952 156.90000000
0.53056266 100.00000000
0.49835891 100.50000000
0.50300512 98.00000000
0.48836317 100.30000000
0.50441176 99.30000000
0.54279668 159.40000000
0.52780815 155.40000000
0.53341562 152.80000000
0.52877799 154.60000000
0.49394287 156.20000000
0.57875690 241.00000000
0.54649186 964.86666667
0.51476793 239.50000000
0.52872444 242.60000000
0.52494320 248.00000000
0.49553716 320.60000000
0.49036027 314.40000000
0.53278535 1293.86666667
0.52965499 1285.60000000
0.52456903 1270.26666667
0.51460066 990.46666667
0.54159220 1282.00000000
0.52563970 291.20000000
0.52204464 242.60000000
0.39499732 1094.30000000
0.51249713 292.30000000
0.54233126 298.30000000
0.52828469 347.60000000
0.51379185 789.80000000
0.54562689 288.70000000
0.54617525 906.20000000
0.52572610 503.00000000
0.53774869 349.00000000
0.54826123 544.90000000
0.53877562 563.90000000
0.52065967 206.00000000
0.53217170 568.10000000
0.54305954 580.70000000
0.55593951 558.30000000
0.51862949 331.60000000
0.52587285 336.30000000
0.52510495 128.00000000
0.50949775 127.20000000
0.54844828 128.70000000
0.53971514 216.90000000
0.50254123 127.50000000
0.54735167 850.90000000
0.54402752 1476.20000000
0.54409218 848.80000000
0.53426704 842.20000000
0.53888889 841.80000000
0.51534250 342.40000000
0.53690688 366.10000000
0.56326287 631.30000000
0.53956022 624.70000000
0.53988651 636.20000000
0.55120159 1472.10000000
0.53122145 636.90000000
0.52937173 997.90000000
0.55393326 1675.00000000
0.55092036 777.70000000
0.51522182 769.90000000
0.53410857 985.20000000
0.53039405 452.80000000
0.53987875 353.20000000
0.52790190 576.40000000
0.53974509 561.30000000
0.52951950 571.10000000
0.52591953 1252.70000000
0.51303413 562.60000000
0.53826347 501.53333333
0.52971310 237.00000000
0.51713932 505.13333333
0.52475648 511.80000000
0.53140187 664.33333333
0.52185038 1680.40000000
0.53846012 1872.73333333
0.38276038 852.10000000
0.40952381 853.70000000
0.53102878 842.50000000
0.52776080 233.10000000
0.40887021 849.20000000
0.54253653 291.60000000
0.39556962 86.50000000
0.53351681 295.30000000
0.53952901 290.90000000
0.52784508 293.40000000
0.54447156 817.20000000
0.51957299 797.70000000
0.52242778 249.60000000
0.54044142 238.10000000
0.33033106 232.40000000
0.52624148 87.20000000
0.52380721 237.30000000
0.53470015 274.30000000
0.54362790 529.30000000
0.53466267 269.70000000
0.54587706 266.90000000
0.51819340 268.20000000
0.52849325 149.00000000
0.51901799 145.60000000
0.53047767 290.10000000
0.51555773 289.20000000
0.51864322 293.20000000
0.51427450 534.20000000
0.54845055 290.00000000
0.54900129 116.20000000
0.50708667 291.90000000
0.53454682 118.80000000
0.56856744 112.00000000
0.54075387 113.20000000
0.50256658 197.30000000
0.53261383 209.00000000
0.54718574 513.50000000
0.54313880 507.30000000
0.53743952 514.40000000
0.52572167 292.90000000
0.52975379 514.50000000
0.52897535 675.90000000
0.53257088 266.20000000
0.54717916 665.40000000
0.52248938 663.30000000
0.53990817 662.30000000
0.53867878 255.20000000
0.52691649 255.40000000
0.44983892 99.60000000
0.41390679 99.80000000
0.55417741 99.80000000
0.39832474 266.50000000
0.41073883 100.80000000
0.54521681 1528.60000000
0.53521012 822.00000000
0.53898338 1550.30000000
0.54489077 1593.80000000
0.55171727 1541.10000000
0.53308469 443.50000000
0.54332927 446.70000000
0.53053516 240.00000000
0.51714606 236.30000000
0.53462192 236.80000000
0.53521352 813.40000000
0.53517952 243.20000000
0.56255950 288.40000000
0.54239953 534.60000000
0.53867469 285.20000000
0.52589419 296.20000000
0.53109955 284.30000000
0.52470760 610.30000000
0.54683123 609.40000000
0.54736750 1146.50000000
0.51879898 1133.70000000
0.54208510 1143.20000000
0.53618545 547.10000000
0.54738202 1139.80000000
0.54241017 181.80000000
0.53054910 293.80000000
0.53642344 192.20000000
0.55349364 186.50000000
0.50003317 185.30000000
0.54016031 159.80000000
0.51570481 160.30000000
0.52959444 250.00000000
0.50860105 253.10000000
0.53919116 247.40000000
0.54440419 289.00000000
0.53723172 248.00000000
0.52285520 1004.10000000
0.43135593 204.80000000
0.54080059 1449.90000000
0.52812207 1000.30000000
0.54077835 1007.20000000
0.53550161 766.70000000
0.54781319 767.20000000
0.46629944 158.40000000
0.46644068 157.70000000
0.43765537 158.70000000
0.42070621 208.30000000
0.47652542 160.90000000
0.55156072 929.70000000
0.52232725 449.10000000
0.55680337 434.90000000
0.53437685 439.40000000
0.53724083 926.30000000
0.45519936 1200.60000000
0.54537480 1000.00000000
0.53504146 637.20000000
0.53491432 639.80000000
0.54240464 643.10000000
0.55724710 274.50000000
0.52231620 635.10000000
0.46807910 61.70000000
0.53763899 295.30000000
0.50175141 61.80000000
0.49488701 61.40000000
0.42225989 62.40000000
0.46457627 100.80000000
0.43429379 103.10000000
0.53659377 486.60000000
0.54889548 485.30000000
0.52637262 470.70000000
0.53443291 292.10000000
0.52953546 475.00000000
0.44218750 280.60000000
0.53447496 1479.70000000
0.41250000 272.00000000
0.40468750 270.30000000
0.41562500 267.60000000
0.35937500 342.60000000
0.35625000 340.40000000
0.55467815 1810.10000000
0.54364177 1742.10000000
0.55557307 1736.80000000
0.55743513 1382.90000000
0.54518208 1738.90000000
0.53504673 331.80000000
0.54054956 268.90000000
0.55280374 334.00000000
0.51822430 337.90000000
0.53177570 331.60000000
0.54719626 380.80000000
0.52710280 391.40000000
0.52855675 317.90000000
0.51671803 328.00000000
0.52695172 316.80000000
0.55295005 269.60000000
0.51558487 316.40000000
0.38512111 1607.10000000
0.37343234 402.60000000
0.52664360 326.90000000
0.56470588 1463.30000000
0.26782007 1614.60000000
0.36089965 1620.00000000
0.51280277 362.60000000
0.43143079 251.80000000
0.52714036 125.90000000
0.52023879 126.60000000
0.51226946 115.80000000
0.57143273 123.70000000
0.53741007 343.60000000
0.52606400 603.20000000
0.56043165 449.50000000
0.50431655 332.60000000
0.50503597 331.60000000
0.53741007 413.20000000
0.54892086 668.80000000
0.52485929 745.00000000
0.56658920 1256.40000000
0.38368747 1380.70000000
0.54590369 1321.30000000
0.53476570 1376.20000000
0.52974448 552.30000000
0.54290657 928.30000000
0.52527607 546.70000000
0.52122817 563.90000000
0.51613059 552.50000000
0.50942797 264.10000000
0.50255842 265.60000000
0.53252595 427.50000000
0.52041522 428.90000000
0.51868512 426.60000000
0.52837370 918.70000000
0.54256055 433.10000000
0.53200221 432.20000000
0.53812950 181.60000000
0.53261852 430.60000000
0.53477327 422.90000000
0.54059211 420.60000000
0.55283297 1274.00000000
0.54488565 1626.50000000
0.53525180 544.40000000
0.52302158 544.80000000
0.54964029 541.80000000
0.55611511 178.40000000
0.51366906 539.10000000
0.53044014 482.80000000
0.44375000 130.70000000
0.53957345 488.70000000
0.52048315 479.20000000
0.53278315 477.80000000
0.52922753 584.10000000
0.53880035 557.60000000
0.49843750 145.10000000
0.50781250 148.50000000
0.45781250 147.90000000
0.49375000 124.80000000
0.51250000 145.90000000
0.45714424 588.00000000
0.54345794 1235.50000000
0.47876141 584.90000000
0.43352747 585.60000000
0.48463405 586.80000000
0.54398175 109.50000000
0.54584547 109.20000000
0.52383178 232.90000000
0.54018692 231.00000000
0.53317757 230.80000000
0.53598131 1235.20000000
0.54672897 229.20000000
0.52042011 175.90000000
0.51866065 389.30000000
0.53773416 171.30000000
0.53035124 173.20000000
0.51615014 169.40000000
0.54202479 315.00000000
0.49537879 306.30000000
0.53160722 945.90000000
0.54975400 707.60000000
0.52830942 708.60000000
0.51721197 382.90000000
0.53127238 706.70000000
0.53606396 979.40000000
0.52382920 441.00000000
0.53753041 1045.30000000
0.53235069 987.30000000
0.55049064 990.60000000
0.52645346 314.30000000
0.52755364 312.10000000
0.49793388 139.60000000
0.53109504 139.70000000
0.52783058 140.90000000
0.53025482 445.40000000
0.52863636 140.40000000
0.53686968 689.46666667
0.52536630 427.00000000
0.51640502 672.00000000
0.53554048 688.00000000
0.52510681 675.66666667
0.53474407 544.26666667
0.54092262 539.13333333
0.53557823 323.70000000
0.52692308 310.10000000
0.53505495 328.80000000
0.53405808 402.90000000
0.57194924 321.10000000
0.53712454 205.20000000
0.53974477 531.80000000
0.54634746 203.10000000
0.52330455 206.50000000
0.51666143 205.90000000
0.55093145 902.10000000
0.52994505 910.90000000
0.54036693 1471.86666667
0.55037335 1467.26666667
0.53435537 1499.13333333
0.51776549 504.86666667
0.54614281 1467.40000000
0.51970894 185.50000000
0.53435696 285.10000000
0.54820608 190.00000000
0.54247763 188.10000000
0.51777393 191.40000000
0.52978312 160.50000000
0.53040797 160.50000000
0.52446167 237.00000000
0.53480095 236.50000000
0.53737420 236.60000000
0.52876646 278.10000000
0.51673820 237.00000000
0.53477093 864.20000000
0.53752571 217.80000000
0.54060345 849.20000000
0.52989445 843.50000000
0.52503173 850.90000000
0.52859152 626.10000000
0.53540124 614.90000000
0.52541875 173.10000000
0.50838966 167.40000000
0.54585660 163.20000000
0.50846312 224.30000000
0.56531002 169.80000000
0.55925337 1187.10000000
0.54374748 782.30000000
0.54640003 1152.30000000
0.51590388 1163.10000000
0.54640188 1193.10000000
0.53007992 783.50000000
0.51335282 813.90000000
0.52852939 550.80000000
0.53801097 544.20000000
0.54243731 546.60000000
0.55832863 786.90000000
0.54687172 521.40000000
0.52181898 141.40000000
0.53995199 528.70000000
0.56639730 142.50000000
0.53135469 144.10000000
0.53267705 149.50000000
0.52054070 111.80000000
0.53264766 112.80000000
0.54285926 420.70000000
0.53802403 422.80000000
0.54222260 807.10000000
0.51752612 1128.70000000
0.51233132 790.70000000
0.46397631 160.30000000
0.44205850 170.80000000
0.46255091 164.00000000
0.48015550 168.20000000
0.54714920 172.70000000
0.37393558 320.90000000
0.44513143 309.20000000
0.44637171 309.30000000
0.47874861 301.90000000
0.35107368 311.10000000
0.55523880 164.80000000
0.46429100 319.30000000
0.52687180 242.50000000
0.52682775 240.80000000
0.52060578 241.20000000
0.53133208 242.50000000
0.52550448 241.80000000
0.52955037 351.30000000
0.55594170 348.00000000
0.54071308 347.40000000
0.52062380 348.60000000
0.50896661 349.80000000
0.53534994 244.90000000
0.52551249 349.40000000
0.49863752 437.90000000
0.53821239 438.40000000
0.39108886 1645.70000000
0.52749433 447.00000000
0.54359274 440.30000000
0.52446410 335.40000000
0.32407915 1627.90000000
0.52879284 333.10000000
0.37201859 1592.20000000
0.36030168 1622.10000000
0.28117438 1675.90000000
0.34217077 1633.40000000
0.51848358 590.00000000
0.53606476 584.20000000
0.54741520 577.10000000
0.52928533 583.90000000
0.53193361 579.70000000
0.52253764 367.00000000
0.54350626 360.40000000
0.52326773 371.00000000
0.55282514 359.00000000
0.56762652 358.70000000
0.52059224 580.90000000
0.52927172 359.60000000
0.53817204 999.00000000
0.50270270 595.20000000
0.52526882 999.80000000
0.54462366 1001.50000000
0.54462366 988.60000000
0.53924731 353.30000000
0.51397849 361.70000000
0.51531532 213.20000000
0.52522523 206.10000000
0.53873874 217.20000000
0.50450450 605.40000000
0.54504505 217.50000000
0.53086769 663.66666667
0.54885352 475.80000000
0.53860045 673.53333333
0.51260661 674.73333333
0.53305200 582.46666667
0.54456882 1812.80000000
0.53364132 1723.06666667
0.52548777 1510.60000000
0.54311966 1508.50000000
0.51627174 1507.30000000
0.54004568 471.90000000
0.54543324 1504.00000000
0.54390068 326.50000000
0.53542111 453.13333333
0.51475980 332.40000000
0.51745358 331.70000000
0.54042735 324.90000000
0.52738137 827.40000000
0.54349838 824.80000000
0.53443615 1214.13333333
0.54991590 999.26666667
0.52808458 1016.46666667
0.54197287 432.86666667
0.52689173 992.40000000
0.42072072 321.80000000
0.51182796 548.00000000
0.44864865 322.60000000
0.40000000 321.10000000
0.53513514 329.90000000
0.43603604 144.30000000
0.50540541 144.80000000
0.53602151 242.60000000
0.51451613 240.60000000
0.53333333 245.80000000
0.52419355 540.60000000
0.52634409 244.00000000
0.54884292 93.40000000
0.54121646 130.80000000
0.56293829 93.70000000
0.55202197 93.80000000
0.52503506 93.40000000
0.51302010 187.70000000
0.54671576 204.20000000
0.54513417 281.00000000
0.51120453 277.60000000
0.53820513 268.40000000
0.52584973 132.20000000
0.51736434 284.60000000
0.52808897 487.70000000
0.53700333 572.60000000
0.53509506 496.30000000
0.53550148 481.90000000
0.52023263 498.70000000
0.52022753 254.50000000
0.52929803 252.40000000
0.52737071 291.80000000
0.53593958 291.70000000
0.52484511 292.40000000
0.54806452 573.20000000
0.54380824 292.20000000
0.52459278 1174.80000000
0.54370158 704.60000000
0.52301054 1090.10000000
0.52584469 1073.20000000
0.51828760 1171.80000000
0.52995159 452.30000000
0.53435014 452.80000000
0.54126734 287.90000000
0.54571736 292.80000000
0.54812530 289.40000000
0.53686275 704.60000000
0.52708513 298.00000000
0.52812589 227.00000000
0.44986532 73.90000000
0.52636156 226.70000000
0.54306744 227.00000000
0.52691403 229.00000000
0.55561021 604.50000000
0.51135230 621.50000000
0.34367003 200.50000000
0.33818182 196.90000000
0.37121212 198.50000000
0.45696970 77.40000000
0.38033670 195.40000000
0.56826476 238.20000000
0.55319718 448.30000000
0.51571855 212.40000000
0.53353011 207.60000000
0.54819917 238.10000000
0.50957066 156.30000000
0.53275492 158.40000000
0.52635800 203.70000000
0.53229256 201.30000000
0.52750214 199.70000000
0.53645922 282.10000000
0.52094026 202.50000000
0.54594342 1274.30000000
0.56021269 1461.70000000
0.55808372 1256.80000000
0.54665899 1295.00000000
0.54198925 1269.80000000
0.52625960 774.00000000
0.52663466 778.00000000
0.52993869 873.50000000
0.54633950 887.90000000
0.53182251 873.70000000
0.54002738 1446.00000000
0.54318592 882.10000000
0.53348398 541.30000000
0.52848349 625.80000000
0.51833333 898.60000000
0.53542324 531.70000000
0.54615495 513.00000000
0.53689861 1024.10000000
0.50606887 1152.20000000
0.55659286 1193.90000000
0.48017719 1395.50000000
0.54170493 1380.00000000
0.56606469 1037.00000000
0.51857974 1379.50000000
0.44242424 61.70000000
0.54658719 108.60000000
0.43138047 63.80000000
0.45326599 64.20000000
0.42579125 62.80000000
0.45895623 95.00000000
0.42572391 93.20000000
0.50105189 157.40000000
0.54883123 158.40000000
0.52269752 158.60000000
0.51940159 105.90000000
0.52920757 156.40000000
0.43859649 90.20000000
0.50871644 285.70000000
0.47543860 86.90000000
0.52456140 88.30000000
0.45438596 90.60000000
0.37543860 258.00000000
0.37192982 253.50000000
0.55175517 822.50000000
0.54461570 809.60000000
0.56699335 837.10000000
0.52617902 283.50000000
0.54627584 820.40000000
0.52560386 856.50000000
0.52918547 1322.46666667
0.53623188 848.10000000
0.53140097 867.10000000
0.54975845 864.40000000
0.56425121 337.50000000
0.55942029 327.40000000
0.52856689 625.46666667
0.54416632 623.53333333
0.54036132 626.20000000
0.54276252 1698.66666667
0.51878585 668.26666667
0.54964539 690.10000000
0.52593457 614.50000000
0.53014184 668.40000000
0.53617021 1041.80000000
0.52730496 688.10000000
0.53368794 325.70000000
0.53049645 321.60000000
0.52203316 297.00000000
0.53170513 299.50000000
0.53286642 296.70000000
0.53869534 618.80000000
0.52049924 296.00000000
0.55757576 148.10000000
0.48727489 120.30000000
0.52045455 145.80000000
0.55454545 144.80000000
0.52196970 147.50000000
0.54393939 338.60000000
0.52954545 337.70000000
0.51557934 272.60000000
0.52391267 268.40000000
0.49720523 276.00000000
0.54240571 120.90000000
0.50366123 279.40000000
0.49444831 559.80000000
0.49488398 393.50000000
0.51973895 217.40000000
0.38290985 764.20000000
0.53687435 553.70000000
0.48919596 575.40000000
0.54333797 229.50000000
0.40519523 611.10000000
0.53183301 195.40000000
0.52224397 203.40000000
0.54073246 191.50000000
0.49419905 193.60000000
0.53019788 997.60000000
0.53326736 921.40000000
0.54050842 1084.20000000
0.55148217 998.00000000
0.53394690 979.50000000
0.53147335 1073.00000000
0.54270376 1050.90000000
0.54170193 982.60000000
0.54711416 1020.80000000
0.53462212 997.70000000
0.51975498 927.10000000
0.55217149 981.40000000
0.55624289 1386.20000000
0.52421222 1250.60000000
0.52638675 1378.10000000
0.55006691 1382.80000000
0.54274507 1377.00000000
0.53005688 486.40000000
0.53168284 502.80000000
0.52055155 435.80000000
0.54273572 448.30000000
0.52375362 433.20000000
0.54544658 1252.80000000
0.54456810 445.90000000
0.52987682 175.00000000
0.53161189 131.40000000
0.54712206 228.70000000
0.54090705 175.70000000
0.50584546 181.90000000
0.53748040 95.40000000
0.43620381 95.30000000
0.47535211 71.90000000
0.39955008 71.80000000
0.52895149 71.50000000
0.36721440 134.40000000
0.38401800 71.40000000
0.52867567 411.50000000
0.52393258 325.50000000
0.52073436 410.10000000
0.51707809 415.60000000
0.54547431 401.90000000
0.51103866 333.10000000
0.50755317 328.10000000
0.51061174 252.10000000
0.56956305 259.60000000
0.52173533 265.00000000
0.55510612 319.80000000
0.53717853 256.10000000
0.52527077 371.80000000
0.53814679 338.00000000
0.52485021 365.90000000
0.55603180 368.70000000
0.51462006 368.60000000
0.54619628 324.60000000
0.52677296 325.70000000
0.53816771 298.90000000
0.51646095 291.70000000
0.53896967 295.40000000
0.53732218 338.10000000
0.51395572 296.80000000
0.53923013 353.33333333
0.52397634 327.40000000
0.52108301 356.00000000
0.52325613 354.13333333
0.53271078 384.06666667
0.50927138 575.80000000
0.54276355 596.53333333
0.52525225 559.00000000
0.52812658 565.70000000
0.53191588 549.30000000
0.53032959 327.40000000
0.54367304 556.30000000
0.55121581 394.50000000
0.54275684 350.70000000
0.53212034 504.50000000
0.53587189 404.10000000
0.51936001 398.80000000
0.55391760 986.00000000
0.29259822 1051.70000000
0.44389505 859.80000000
0.19349224 935.20000000
0.53548041 913.00000000
0.52154841 340.00000000
0.28137472 898.80000000
0.52918764 418.10000000
0.39684325 139.10000000
0.54773068 418.80000000
0.52519647 416.90000000
0.54311700 409.90000000
0.54170419 162.20000000
0.53711700 161.30000000
0.44263425 56.00000000
0.43305515 55.90000000
0.38969521 56.20000000
0.40656749 135.80000000
0.44865747 56.10000000
0.56184053 358.90000000
0.51927523 240.50000000
0.52992137 360.60000000
0.53691362 360.70000000
0.52958693 364.80000000
0.54420709 679.10000000
0.51462680 670.40000000
0.53304882 449.50000000
0.53458518 454.00000000
0.52020924 440.80000000
0.52769107 241.50000000
0.51037409 464.70000000
0.51416912 581.00000000
0.52488507 926.10000000
0.53988201 382.30000000
0.50667453 695.30000000
0.51415536 571.00000000
0.29585054 1192.20000000
0.54384857 874.40000000
0.54507311 1524.80000000
0.53063268 1067.50000000
0.54180453 1055.20000000
0.53137418 472.40000000
0.53678155 1069.40000000
0.44080702 374.90000000
0.54792692 620.90000000
0.41833333 366.20000000
0.44591228 367.50000000
0.46171930 359.30000000
0.55142105 106.10000000
0.53287719 108.30000000
0.51651083 189.30000000
0.53374754 186.40000000
0.53451033 189.10000000
0.53304011 621.80000000
0.50784941 185.70000000
0.52871409 91.60000000
0.54604981 227.90000000
0.55112175 92.10000000
0.56637483 90.80000000
0.55939808 91.30000000
0.51589603 318.20000000
0.50409029 294.20000000
0.54085889 1026.20000000
0.54226057 868.80000000
0.52478315 983.30000000
0.52948449 226.00000000
0.54938523 1005.40000000
0.54614677 535.30000000
0.46208355 141.40000000
0.53082402 526.60000000
0.52486296 526.80000000
0.52956906 523.30000000
0.51807789 334.10000000
0.53806888 334.90000000
0.40991539 87.50000000
0.40505024 88.00000000
0.47630883 88.70000000
0.45510312 135.80000000
0.45856690 87.10000000
0.52534281 1209.10000000
0.51282739 537.00000000
0.53822114 1184.00000000
0.53853231 1203.40000000
0.54239187 1199.30000000
0.53112436 323.20000000
0.53982574 324.00000000
0.51353049 141.90000000
0.51276836 142.70000000
0.55599506 141.80000000
0.44551310 523.70000000
0.47766745 142.20000000
0.54962733 236.10000000
0.53400136 414.30000000
0.53278339 237.70000000
0.50966615 241.50000000
0.50593556 231.60000000
0.52780280 341.00000000
0.53217003 341.50000000
0.54692990 605.00000000
0.52807193 599.90000000
0.53435467 613.30000000
0.50577228 416.90000000
0.53817524 611.10000000
0.53744296 357.40000000
0.53412369 448.20000000
0.51467467 352.10000000
0.52782136 354.40000000
0.51668974 355.30000000
0.51819464 334.00000000
0.52326565 335.00000000
0.54696064 417.10000000
0.55698313 416.50000000
0.52045783 421.00000000
0.52568032 452.10000000
0.53048835 422.70000000
0.54017854 1754.66666667
0.37300000 531.60000000
0.55262292 1775.73333333
0.55033180 1763.53333333
0.53939846 1561.86666667
0.54899356 1685.40000000
0.53902415 1435.80000000
0.50698990 487.20000000
0.50404040 482.90000000
0.43559596 473.10000000
0.49492929 515.70000000
0.52814141 479.00000000
0.54916370 786.60000000
0.54249589 525.70000000
0.36060386 1590.80000000
0.53889517 805.30000000
0.55172511 811.60000000
0.52457579 738.20000000
0.19516133 1608.50000000
0.52182923 471.10000000
0.37889655 977.70000000
0.20203941 1009.60000000
0.20666667 1016.50000000
0.19064039 1015.70000000
0.51630681 149.90000000
0.54133713 399.10000000
0.54245635 151.80000000
0.50406504 152.40000000
0.52861522 150.80000000
0.49270292 147.90000000
0.52930828 147.10000000
0.52468281 384.00000000
0.54101425 388.80000000
0.52684141 390.80000000
0.53054891 402.10000000
0.52561633 385.40000000
0.43505414 207.20000000
0.53601736 601.40000000
0.48019044 214.70000000
0.47541075 204.00000000
0.51776512 205.60000000
0.44840366 252.50000000
0.55337005 242.60000000
0.52194150 728.60000000
0.54685739 752.20000000
0.54421622 739.10000000
0.52882567 611.00000000
0.52946962 733.10000000
0.54705580 256.30000000
0.52764682 156.80000000
0.53527279 255.60000000
0.52539603 256.60000000
0.53171703 255.70000000
0.52502101 280.90000000
0.54784943 284.10000000
0.54886683 174.50000000
0.55022746 172.40000000
0.51796526 172.40000000
0.53021919 156.90000000
0.52577337 174.30000000
0.52037586 439.80000000
0.54535494 110.60000000
0.52706372 445.90000000
0.54408685 1539.80000000
0.51853733 441.50000000
0.51886630 510.50000000
0.55840129 1470.70000000
0.51425926 126.20000000
0.52807099 122.80000000
0.55402778 126.30000000
0.55266975 107.80000000
0.53902778 125.70000000
0.53824933 597.50000000
0.54384717 763.20000000
0.56344235 587.20000000
0.54615216 594.80000000
0.54831775 602.00000000
0.54609566 751.80000000
0.52763794 724.70000000
0.52999812 953.00000000
0.53816300 968.70000000
0.52820064 969.30000000
0.52298325 781.10000000
0.53770939 964.90000000
0.56219159 645.60000000
0.53985872 1663.53333333
0.52693038 656.60000000
0.53751373 656.20000000
0.54878634 657.90000000
0.53391270 182.70000000
0.52410848 183.60000000
0.52312641 435.26666667
0.52624532 439.00000000
0.53791054 430.93333333
0.54043271 1673.86666667
0.53596179 439.73333333
0.53533635 460.50000000
0.53864152 311.40000000
0.52059502 464.60000000
0.53877513 472.70000000
0.51884739 472.50000000
0.52162006 914.70000000
0.52233206 888.80000000
0.50181617 612.00000000
0.53497949 597.10000000
0.53290155 618.70000000
0.53550842 313.90000000
0.52670823 597.90000000
0.51848012 251.20000000
0.52075909 138.90000000
0.53189964 249.30000000
0.51154207 250.30000000
0.53332693 248.30000000
0.52083333 1234.30000000
0.45703832 1228.10000000
0.31715921 665.20000000
0.30017384 669.50000000
0.49705925 664.10000000
0.53349268 136.30000000
0.30017384 669.00000000
0.43514247 177.80000000
0.53489435 674.30000000
0.41108096 169.40000000
0.44579376 167.40000000
0.46379466 169.10000000
0.42933062 130.90000000
0.50610583 128.60000000
0.52781039 507.50000000
0.53453100 513.60000000
0.52894376 517.10000000
0.53900721 674.80000000
0.52594471 512.90000000
0.44888948 122.90000000
0.54741255 455.90000000
0.43439979 117.80000000
0.42469593 115.40000000
0.42318879 124.90000000
0.36472766 313.80000000
0.34994712 308.10000000
0.53380274 1294.30000000
0.55550307 1188.70000000
0.52911468 1195.20000000
0.52999459 463.50000000
0.53254959 1175.00000000
0.53233032 1245.80000000
0.40076607 502.50000000
0.50921935 1243.50000000
0.52764240 1244.20000000
0.53988643 1243.90000000
0.54746490 375.10000000
0.55219306 364.90000000
0.55711354 149.00000000
0.53337893 152.50000000
0.55689466 145.90000000
0.42424077 502.80000000
0.54763338 151.80000000
0.53123096 919.80000000
0.54091227 522.60000000
0.52877488 914.70000000
0.54933603 912.50000000
0.52283448 926.30000000
0.53363709 348.50000000
0.54026949 345.90000000
0.52091227 194.30000000
0.51967391 192.90000000
0.53529115 192.40000000
0.51720497 516.80000000
0.51534938 190.40000000
0.52234328 181.70000000
0.50757701 404.90000000
0.55445470 185.50000000
0.52301417 179.10000000
0.49015672 181.20000000
0.53031344 398.00000000
0.44410691 386.70000000
0.53369464 874.90000000
0.51887875 863.30000000
0.53949901 879.70000000
0.53949694 411.60000000
0.51981641 877.70000000
