8.00000000 0.00000000
8.00000000 0.00000000
8.00000000 0.00000000
8.00000000 0.00000000
8.00000000 0.00000000
8.00000000 0.00000000
8.00000000 0.00000000
8.00000000 0.00000000
8.00000000 0.00000000
8.00000000 0.00000000
8.00000000 0.00000000
8.00000000 0.00000000
228.80462572 0.75093411
238.71203020 0.73351209
226.61500637 0.74482092
214.48033881 0.78043293
222.07917443 0.77159281
217.02725356 0.75085014
228.70172399 0.73934614
216.20769381 0.76421718
229.20308457 0.74756809
222.80181404 0.75078579
228.11519812 0.75071119
225.92659515 0.75520073
388.28092865 0.36774706
409.24996221 0.33875621
402.23331640 0.34638231
480.68791736 0.21985764
299.79632095 0.56195561
388.97565770 0.36907997
356.22703819 0.48349184
350.59712795 0.47827476
303.90393600 0.55375041
486.44523994 0.20936902
357.12151571 0.48123547
350.74044692 0.49092573
161.79312013 0.86903194
157.77594291 0.86421893
157.29018856 0.86143181
140.80525657 0.88040157
224.72727054 0.39480267
159.81122904 0.86427615
200.75838996 0.47647118
200.16729272 0.46732627
230.87058784 0.36348795
147.64113046 0.86815511
200.79730655 0.47759016
206.67021137 0.43803564
169.53090110 0.93555254
201.71595188 0.94033989
181.37193720 0.93160558
206.66114524 0.93186481
175.56485025 0.93916445
261.32568751 0.88699785
302.23885216 0.85403866
379.58525230 0.82774049
292.75184225 0.87591377
375.28433738 0.84175457
243.68675155 0.91785554
391.83465999 0.82240447
395.03773179 0.33452713
407.09439482 0.31503753
406.15524867 0.31674540
387.61197351 0.34667228
381.84676099 0.35643028
95.03773567 0.70160318
94.51830297 0.69520343
96.10109575 0.70593170
96.80174336 0.70031619
97.75153876 0.67745919
401.21391657 0.32431304
101.32648596 0.67450999
290.96731718 0.76113728
273.95660794 0.75794003
287.67693480 0.75200464
257.56029477 0.76813616
479.59812083 0.20775968
198.63014853 0.80036832
271.41397355 0.36056521
247.19689384 0.41041805
305.07335909 0.27832516
171.65102090 0.82952508
370.42320925 0.38434223
247.83330849 0.41184896
169.29120684 0.24314724
155.19845265 0.28874174
173.23623835 0.22967857
171.77690350 0.20704270
119.77464327 0.75425751
551.05811686 0.06738799
470.53752342 0.20619521
385.62987695 0.35157553
383.75788577 0.35324189
541.87160001 0.08316838
94.66735617 0.81478904
396.95225977 0.33119436
397.37668527 0.53572159
361.25673503 0.59522285
399.02883777 0.54063871
403.71488736 0.54493709
311.49566410 0.95499845
253.70436230 0.54782085
206.91567741 0.96920463
180.22240371 0.96117907
182.92628266 0.96326218
247.01458758 0.58309485
273.54397090 0.95338688
179.23837462 0.96666140
74.20449077 0.96251119
69.67841366 0.96935043
71.74674360 0.97031167
70.73284637 0.96559532
73.90730156 0.72256280
328.50161821 0.46104765
381.73374130 0.36154367
388.90715512 0.35252229
382.30789291 0.36239885
321.23496716 0.47069748
69.66063610 0.74900603
360.52167410 0.39971119
199.29258511 0.50279888
232.25852470 0.41530231
195.20785975 0.51469862
190.60252535 0.53018306
199.40959080 0.50078801
305.71820134 0.50395178
290.27010968 0.52646513
346.91178565 0.42718921
350.33886617 0.43933696
330.34964105 0.45499766
221.18656999 0.44400533
334.62890433 0.45387031
385.51799135 0.36885242
439.57747054 0.26996019
373.17001637 0.38061884
396.91995499 0.34325898
368.78214263 0.39318076
72.83110488 0.85510179
73.69644524 0.85280560
99.17569358 0.79613445
98.30751472 0.76437847
98.00446363 0.80767182
480.62750429 0.20630279
105.68441082 0.80467777
404.82427337 0.31947378
399.31902310 0.32807648
399.14994055 0.32652337
418.31588093 0.29426347
560.52428018 0.05220850
419.52307226 0.29156652
559.10090896 0.05695525
544.65556416 0.07958395
545.23068758 0.07905549
389.37636877 0.34453348
546.38176004 0.07566642
549.72462768 0.07065631
376.22886773 0.13207932
369.63545558 0.15709013
372.69918889 0.14829307
332.70283638 0.24302831
205.55203505 0.77822187
375.26855202 0.14005957
203.48559872 0.78362825
191.57375716 0.80061325
198.12219255 0.79955521
324.07013881 0.27039640
194.03346610 0.78931653
192.59287327 0.79147937
117.36695380 0.90124809
115.20895468 0.91397646
113.30168573 0.92315638
121.29197972 0.90170631
117.47649067 0.90653388
112.72773209 0.91507360
118.25199892 0.90161408
112.50948496 0.91054457
114.29959006 0.90806267
114.63284440 0.90560727
112.40743667 0.92073566
118.67890939 0.90744432
478.80675548 0.30895321
418.70682310 0.40108798
477.67092750 0.30604548
490.49446670 0.30732666
481.47480060 0.26597809
484.84242021 0.30279605
483.03937097 0.30459506
422.75486405 0.39326491
416.04573063 0.41354121
429.27442606 0.37729173
421.73260315 0.41659294
423.38551934 0.36511451
194.10704934 0.80784497
152.02795008 0.83871191
185.46297870 0.79082518
237.33511334 0.72667890
206.28096865 0.63173751
137.85399168 0.77716089
177.63947123 0.56426686
196.23342463 0.58399549
114.06194187 0.76556645
185.08072763 0.69947358
243.41592601 0.58406411
196.77092722 0.56846918
578.72839053 0.03192931
580.30277426 0.02570564
323.17934004 0.00655796
475.88571922 0.20211070
508.22164537 0.20986340
484.00266369 0.21879503
270.19387041 0.84415872
269.77203188 0.85774982
308.93999753 0.80845901
389.81981460 0.33188453
314.58778642 0.48297880
260.53908129 0.85616897
223.60538634 0.95443874
230.47805464 0.94702627
236.59858970 0.95378162
225.66247337 0.95483043
227.02105361 0.86828229
320.45459070 0.46061814
349.46601665 0.41246839
398.47122990 0.32725109
409.65961068 0.30753463
397.58604074 0.32947379
245.35971381 0.85119493
415.19725484 0.29932909
83.27905947 0.61945624
63.39585634 0.72143468
82.03749273 0.62014491
71.59602603 0.66922343
96.12704665 0.39922064
250.96703357 0.63493237
286.71013307 0.41021191
232.06371929 0.53516690
255.38568876 0.47886936
187.78074948 0.72910157
75.91170053 0.54277376
233.09126752 0.53421172
166.41906172 0.44543035
147.39041663 0.49867306
167.66974421 0.44770999
130.05259686 0.58638055
127.39489133 0.77293891
371.23401943 0.44043208
240.20693462 0.80633072
227.46510054 0.82297502
247.14281808 0.78163173
255.24338649 0.61991976
103.81744080 0.80451848
229.33473666 0.80549949
247.08201869 0.80767200
274.95284476 0.79127265
252.27836928 0.80883559
267.09192065 0.78358894
384.30946764 0.32629743
75.09333192 0.89017606
162.37615207 0.23827675
114.22600748 0.18092837
112.80898340 0.19272532
62.51676408 0.89287040
496.75990852 0.16742924
114.56461067 0.16930411
563.75439553 0.04635721
588.20892062 0.00637822
562.85544369 0.04889202
591.66861257 0.00000000
396.08187924 0.33311111
273.33618126 0.12203163
198.11830582 0.57447254
260.20534331 0.44327569
234.57208093 0.49285927
295.32342860 0.05104660
590.95146942 0.00000000
267.21053058 0.40445272
229.70765901 0.71228415
183.36691399 0.79473065
239.48055794 0.72881816
229.52446818 0.71766709
183.38107733 0.93685107
426.49208321 0.31165638
386.35707307 0.39754488
336.36897724 0.47229389
327.55514537 0.48386555
374.29987436 0.39443448
190.31332397 0.92705157
337.66177721 0.47415380
394.88150199 0.33576163
344.15878360 0.42416519
400.86809460 0.32613687
417.90204892 0.30092162
455.15854133 0.23658745
233.20905141 0.91532063
258.86407812 0.70070942
210.15239149 0.77259355
206.15219007 0.76297450
205.97626487 0.92265949
376.59746310 0.36623480
205.75907847 0.77697177
185.29187626 0.65834998
248.37175864 0.51682068
173.41223429 0.66365213
187.83559864 0.64226153
318.93049471 0.10178925
415.04804596 0.29935676
564.78567706 0.04491289
578.07725647 0.01959903
574.40315218 0.02789992
490.08735774 0.17182936
336.05790926 0.05787419
580.60954020 0.01737268
82.92354704 0.80396110
100.29299426 0.75229573
81.26639317 0.81099603
87.01140419 0.79793095
106.44183290 0.55542519
348.47615031 0.52502775
477.74728241 0.25459480
519.83706069 0.18275123
507.31522501 0.22624784
473.81970342 0.35496398
135.35695565 0.43045402
520.17625922 0.19173038
439.17374884 0.23841858
392.16265504 0.30450887
441.80051838 0.22643378
443.95191635 0.21946991
254.39525717 0.87847570
218.27476330 0.24315991
121.20858300 0.89943722
123.61569680 0.90034245
122.17960658 0.89409195
192.42794145 0.32670669
243.17212097 0.87449929
121.35889360 0.89060923
462.43281195 0.26342165
426.70965469 0.32198771
468.99029907 0.25428985
540.39906545 0.13666232
392.85610558 0.41397795
494.71264973 0.16500485
565.03148307 0.04628992
554.51121515 0.06300972
414.93165535 0.30119543
565.39702940 0.04579774
452.83452796 0.33330593
550.73651744 0.07222668
125.76001436 0.86977549
182.47583556 0.81345321
122.57959248 0.86958852
121.64526569 0.87045158
126.38635182 0.94804454
167.14388816 0.87640231
166.26390247 0.95705592
220.12729304 0.94602179
226.55442390 0.94444993
242.61772379 0.79105847
160.76222069 0.94619256
217.40563382 0.94975778
222.12225332 0.73393833
252.52421494 0.69571685
212.10238272 0.74483664
219.07299230 0.74159190
205.69229784 0.83244203
85.05467086 0.75654871
84.49313484 0.84026931
89.62870884 0.83137830
87.51814925 0.84278020
97.80058634 0.71500835
230.75556682 0.81477577
86.09189987 0.82345550
590.84491525 0.00000000
589.88657319 0.00174706
589.95293688 0.00000000
443.06922968 0.25358057
592.43008475 0.00000000
408.88110922 0.92441500
470.05202781 0.20628768
351.93367754 0.42424635
422.36743481 0.30080680
239.63195677 0.96021360
463.62202219 0.21602235
347.39944988 0.42764431
150.55875330 0.66864051
99.47665256 0.78800806
152.67338251 0.64036687
150.33602775 0.64170196
126.84096962 0.99533505
103.05039520 0.66191815
83.86992920 0.99062275
69.18959771 0.99356653
63.28530271 0.99236367
64.89752153 0.81063705
97.55080596 0.98988359
65.79596831 0.99327293
496.45619949 0.13109661
510.20694845 0.09820983
494.37302786 0.14020395
501.59944578 0.12287541
264.09505438 0.71746322
429.82975007 0.15034310
241.75225683 0.75346297
247.56921367 0.74168285
258.93365497 0.71323077
447.52924308 0.12161861
299.64993039 0.67066620
249.81952521 0.74069179
119.86500522 0.00034483
323.91428075 0.00000000
590.29066147 0.00311540
117.61543159 0.39914384
119.41600637 0.00000000
131.29535724 0.01036060
417.41395037 0.30235140
350.80299244 0.13087062
587.80788737 0.01468760
396.10910936 0.35496348
512.17817648 0.13482390
517.27832483 0.12993316
259.83402759 0.50831722
207.54585859 0.61282064
251.14317753 0.54552711
307.16615248 0.43420966
183.64747306 0.87322394
209.31030333 0.53629452
195.01224530 0.83828109
155.46322686 0.87252052
144.57060180 0.87555369
219.47074975 0.50891505
197.49423334 0.85985680
156.96851645 0.86443427
159.10973298 0.68976120
140.76410435 0.73680905
156.89613244 0.67286079
166.78567158 0.66874077
233.65463318 0.29118931
316.84362127 0.57982445
473.58250879 0.21477984
426.80673556 0.29539038
427.25699828 0.29607265
296.51814969 0.62584684
212.23950111 0.35212870
421.10396623 0.31254011
282.15962654 0.58683041
355.45213697 0.47577232
288.29875964 0.56556610
413.96828122 0.37813094
319.98359877 0.49930769
108.32471281 0.96204638
108.25001190 0.81613906
142.93651340 0.76036737
114.05082271 0.81882159
126.50244490 0.96116222
522.97147482 0.19306338
144.79661916 0.74735396
306.84926159 0.45891911
415.53413645 0.25635934
305.06183570 0.45607186
310.29832034 0.44106685
220.42197818 0.93495152
264.68862764 0.46549834
190.23590911 0.93036505
251.04575839 0.91555604
250.43685858 0.90128922
348.22508470 0.27963852
285.21996687 0.91448545
239.56691113 0.92237859
82.00487246 0.75650877
65.05537273 0.83007910
79.59912855 0.78029265
62.79790287 0.81444615
94.99174917 0.45702776
588.81398358 0.00391224
497.44920809 0.15952617
417.75621859 0.29457166
586.34550584 0.00840737
375.97938637 0.36559744
62.57404971 0.64834792
422.82430705 0.28600466
302.57393386 0.71396437
266.21600434 0.74984337
295.20562786 0.72659532
305.98490745 0.70393432
547.07175516 0.06881746
172.68079443 0.99339442
334.12083905 0.10022651
308.90763337 0.17856636
316.54294495 0.15125816
166.84031408 0.99372930
513.95062347 0.12877755
309.92241283 0.17575531
132.35879707 0.72585267
176.52831508 0.63213340
128.49264021 0.73533999
139.07260578 0.71367319
124.15233163 0.76521206
519.62053582 0.12219484
588.80100759 0.00629641
590.15752911 0.00666690
549.32741546 0.07497381
590.12318182 0.00415289
178.90512359 0.66585965
589.72646220 0.00248623
179.54401714 0.88308664
209.05238920 0.85596150
177.66570423 0.87425263
211.30961404 0.87190338
181.43193819 0.89595901
225.51976894 0.85069445
246.86896312 0.87247785
248.84632718 0.88678278
250.88180586 0.86328288
275.88031449 0.81911878
196.98625733 0.90317125
255.64697281 0.87971738
466.81066164 0.21124127
364.17754106 0.38631061
463.26675583 0.21708539
476.11176717 0.19626288
439.66429859 0.25783641
116.13696073 0.52597870
111.01404940 0.56575489
87.33706280 0.66947456
114.73899204 0.67612038
97.63811708 0.58817697
308.69467892 0.45604191
89.84942209 0.65377355
587.58545034 0.00568426
588.20614527 0.00430113
590.30662124 0.00316461
564.38515605 0.04809280
581.92396304 0.02780695
591.40016587 0.00000000
459.02568261 0.22478030
412.00752467 0.30511175
590.27554770 0.00086208
560.89299664 0.05025907
403.48568241 0.32970964
421.95996055 0.28845189
160.33919289 0.81275260
214.63722019 0.74132954
154.11955865 0.81466483
157.17802214 0.81866521
160.89417285 0.72112959
214.92179444 0.80980185
216.75333481 0.73381976
315.20802236 0.59201457
308.59752105 0.59567857
282.13711496 0.76390992
230.97777627 0.60635657
317.14685943 0.57133001
81.71884593 0.65854523
97.44271170 0.61276207
82.07825855 0.67973942
83.66506322 0.68380537
108.09657030 0.44553673
140.63419111 0.67140659
179.58451005 0.45549955
207.59246920 0.36392706
209.05707578 0.35885811
167.59810533 0.59086929
125.10727248 0.35968754
203.38690568 0.36970319
297.99682516 0.89304040
241.76931525 0.92385995
276.97040270 0.91059685
371.37723909 0.86242545
315.34005801 0.78235558
384.22931707 0.49436466
530.25151848 0.25073450
415.90756754 0.42838846
288.90677854 0.59702776
380.08312568 0.50974881
250.88697467 0.82790619
412.38732824 0.41403066
379.86317417 0.19231336
376.93488759 0.17415482
375.15929680 0.21107991
350.47611699 0.24367534
331.55434347 0.59820117
187.50380877 0.20573450
136.39531750 0.67646600
143.03222374 0.63893365
167.66816467 0.63073214
184.43911045 0.22743854
270.26244060 0.69387688
145.24826315 0.63663956
367.86005140 0.38115168
388.86397901 0.34409965
377.50077280 0.36457984
590.81279953 0.00134933
580.46793766 0.01836456
267.68869705 0.78090894
534.46844347 0.03483563
539.80867703 0.02278448
526.78703890 0.05323238
317.68756165 0.71706042
591.65612967 0.00000000
539.45567195 0.02508561
293.00711583 0.61337661
290.13321998 0.62094272
141.42003606 0.28854529
290.88916948 0.61685623
319.22228719 0.53738069
385.70119532 0.35067153
116.81512609 0.01673624
459.69553195 0.22505870
116.85905825 0.11664237
116.35326609 0.03481530
142.70583442 0.08608268
117.04312281 0.02512577
112.18654185 0.93748514
110.04550247 0.95365339
111.97482451 0.94062655
110.64622357 0.95894589
115.38289021 0.86518030
177.90579083 0.95484407
187.11719747 0.89846830
190.77109040 0.87970439
189.47233347 0.87506613
180.63813145 0.95085313
114.28299264 0.87987284
200.76855482 0.87504797
65.78905149 0.88781079
75.52042949 0.85867359
67.54076856 0.88525531
69.48390551 0.89881325
73.43313784 0.68298048
226.24491745 0.88075956
248.48019171 0.68976073
305.90219043 0.56255810
314.02620586 0.58244808
244.89369249 0.87837106
90.84166896 0.58826990
311.26100222 0.60017217
400.66700639 0.37724481
365.40261222 0.44119835
401.27863843 0.37679526
221.06361852 0.64155769
314.81589057 0.80382538
156.57381992 0.38923276
59.22224465 0.95024546
55.00995812 0.95201336
56.48051023 0.95316781
63.80284507 0.61012199
224.70805550 0.94778474
59.60422522 0.93065526
360.38068185 0.41330631
289.48031473 0.51507164
371.39499258 0.38642591
365.28408047 0.40434751
360.03576925 0.40915619
141.54523588 0.77068049
133.42355298 0.83911254
148.41700077 0.81660487
131.64593960 0.83928892
138.54159498 0.77876727
285.29470409 0.55073736
136.61648227 0.83041429
304.94657520 0.04419589
303.05518965 0.04254999
306.72197192 0.03068929
308.42894916 0.02259098
264.97493257 0.28079716
581.19925588 0.01259667
576.98860213 0.04055167
578.67344032 0.03226554
507.42467523 0.15992014
585.85891782 0.00643452
274.99243875 0.25262280
570.63068453 0.04673427
500.43150004 0.15318631
475.65974109 0.19682687
522.56582807 0.11775036
504.20397153 0.14870859
453.30168813 0.23343421
310.09584376 0.52086989
279.98693642 0.65383301
245.40289636 0.68432832
254.33524494 0.67435456
273.60192503 0.56775320
439.75945982 0.25675270
258.29870799 0.65695653
210.63393141 0.92031352
207.88673014 0.92260480
216.18691760 0.90641828
208.37086896 0.92476806
213.78138430 0.97771245
434.92025519 0.26530244
325.77662893 0.45150628
320.39057975 0.46095160
398.61510991 0.32885791
324.39072280 0.45528322
217.97472426 0.97890951
326.62355751 0.45077621
212.24000943 0.27275005
227.63318599 0.23021950
206.56103451 0.28814120
211.81585135 0.27351871
130.58605604 0.86600352
473.59412654 0.20116802
268.01491231 0.68426958
288.82540835 0.67530994
283.73291813 0.66617786
498.00936831 0.16336258
130.57010752 0.86020700
295.25973024 0.66648324
490.51662735 0.29658397
552.04848376 0.18663241
487.03781265 0.30186325
454.85768558 0.33688058
549.57199476 0.10319454
153.72221721 0.73092984
198.86076035 0.34982779
230.74832022 0.23661993
232.26885163 0.24575472
206.00906112 0.62545352
567.29110478 0.09163207
226.85926424 0.26410968
276.20245818 0.81125726
255.45442672 0.82099356
257.41950947 0.83197938
275.85777896 0.81399556
287.33620992 0.73034339
394.30770769 0.34394957
400.90053202 0.32999969
387.11858554 0.35443819
389.58099102 0.35106821
386.48435759 0.35322086
269.47684067 0.75121023
398.19300053 0.33482933
110.49502534 0.51839303
104.58360217 0.55334090
110.41188563 0.51501657
136.15343485 0.40965903
149.63916840 0.24279704
212.83370985 0.48243373
297.74639932 0.18023218
298.78593772 0.17114474
263.11519413 0.27470088
249.38091074 0.40071765
160.06202369 0.18894262
298.79900316 0.17980885
169.47597069 0.98097157
174.92628435 0.97476469
175.20796459 0.97663292
166.80898136 0.97650731
255.03191955 0.52619473
83.10682826 0.98094784
93.18651164 0.61023995
83.36168535 0.66217057
106.68917480 0.54715530
80.47386791 0.97195321
191.45208955 0.65105726
83.98744209 0.65132437
507.13831407 0.14374936
471.34795237 0.20443020
494.02093584 0.16910663
516.00120935 0.13216635
483.59908649 0.18890923
409.85781132 0.54130901
350.40499019 0.85212135
284.78845755 0.89045689
281.29073279 0.89781400
346.51017332 0.60427888
406.44348194 0.31576216
283.71067979 0.89877302
434.34360712 0.71770149
301.37367654 0.80555390
445.83844590 0.72609464
369.65090444 0.74444596
466.05739372 0.64291324
144.12539549 0.85940781
123.56527031 0.85259904
96.15434884 0.86814094
99.94724594 0.86820438
91.57153572 0.91835113
268.16199657 0.78515626
93.43712656 0.87209805
117.35334827 0.63660087
100.77709533 0.68918830
113.71362997 0.65081683
129.91645185 0.58884361
135.33606026 0.51876220
309.18652003 0.60140412
352.22158435 0.50575636
312.63242520 0.53754161
293.50363033 0.56925307
270.37376145 0.64864936
122.32747387 0.56888096
310.46315760 0.53683101
183.04439680 0.81595335
183.72379682 0.79908932
182.53726654 0.79947649
200.90646761 0.78916483
183.28490439 0.76155407
366.04108019 0.38425058
591.57812115 0.00035587
589.21661359 0.00347645
383.38665282 0.35470679
589.51735574 0.00541147
223.45834860 0.70617546
588.84168978 0.00617653
556.36509521 0.05768231
561.01899545 0.05133196
555.92644731 0.05940078
555.47567337 0.06131817
381.34985792 0.35639746
313.33647546 0.22103047
174.46628127 0.99543657
183.80062869 0.99628668
190.07740792 0.99630292
330.24785781 0.17038221
397.21219505 0.32974019
188.51589802 0.99907407
325.39841798 0.19973298
369.51294219 0.17058750
481.78406709 0.20647938
327.98180900 0.00883434
318.62639059 0.28153953
332.29958665 0.22229832
538.58968066 0.15612734
386.27607833 0.08975228
395.19410706 0.39435689
550.06270968 0.10103182
560.16523612 0.07653697
528.49967599 0.17436143
145.79747499 0.85194194
141.68773102 0.87868103
138.47432037 0.87019271
139.35530967 0.86520705
135.02955804 0.93831942
134.08746822 0.86180180
127.64622468 0.94430485
133.01354229 0.93531628
128.72281045 0.93597587
131.51881447 0.86286666
136.20426011 0.93243479
128.61501390 0.94262461
59.81834538 0.73650737
62.60918645 0.73204571
59.84641984 0.73635509
60.43940196 0.73205187
59.82755356 0.81963620
219.56566966 0.73835285
221.77345260 0.81145780
211.81292591 0.82506684
220.53936739 0.81968262
224.07445931 0.73789328
58.52929348 0.81741142
198.28478155 0.84600416
245.24048170 0.97771787
280.78679997 0.98328992
256.25132225 0.98823363
237.35308245 0.98824656
428.36598975 0.18951262
436.30670732 0.26348148
561.33355472 0.04966713
559.77312318 0.05083054
574.54070199 0.02672312
430.56933060 0.27353352
422.90989648 0.20335256
562.62646770 0.05217807
127.16573934 0.82268365
157.95030745 0.76903349
138.54885247 0.80733708
167.97201102 0.77396055
180.82420052 0.51533058
169.28321283 0.80681495
263.79438283 0.43996108
274.50384117 0.36671718
237.18725984 0.44778724
228.80906402 0.73046754
211.93691701 0.43548183
268.15479997 0.42396487
426.47009264 0.30360886
445.78389254 0.27056445
430.69449788 0.30413183
433.43048907 0.30002787
278.99470669 0.67736767
475.17583153 0.20222528
333.50179806 0.45740443
347.90683718 0.43162217
348.72769526 0.43194861
473.89741651 0.20559404
278.81506094 0.67605208
336.83128745 0.45227033
281.29907498 0.56039771
321.36049782 0.45882932
284.12442249 0.55940697
268.31274199 0.55720041
303.70130327 0.50158422
218.54425896 0.94814829
207.74604098 0.78435759
235.55436024 0.78239697
225.78558123 0.79537987
234.15779106 0.94709661
365.02522151 0.38539673
239.84303834 0.77968113
296.27624684 0.59017883
304.81202342 0.56618558
308.65720704 0.54545940
224.93433331 0.69988290
398.96401461 0.11838568
99.88044965 0.57896177
127.11058357 0.16424838
129.23789753 0.14564050
134.49782738 0.10003057
80.91421858 0.67237668
379.91414394 0.16079294
128.93531086 0.13890711
237.82114552 0.48731158
285.59114659 0.37946299
239.02137792 0.50314996
225.37437116 0.52536853
171.18152392 0.83670370
487.45284080 0.17757970
402.91426078 0.32064450
488.37439450 0.17456541
473.89513345 0.20057873
544.39945463 0.08154810
246.26338399 0.77242025
499.40295476 0.15796042
328.96398784 0.45265500
371.39126349 0.38255175
331.03566706 0.44888906
353.00023198 0.40901559
445.58942901 0.24995230
200.75354519 0.89605820
246.24970433 0.50061584
282.37886661 0.42612381
285.16015741 0.42653300
196.93868702 0.89751621
484.77145310 0.18306337
284.97388066 0.42415124
499.73655660 0.05000160
496.12774523 0.06088232
499.17913581 0.04692310
499.18919895 0.05423639
313.50071617 0.63163697
219.96839353 0.05666103
147.63123367 0.64691740
131.82253888 0.67815525
123.58531650 0.70250386
223.40755708 0.04945720
309.72790669 0.64423252
135.71851557 0.66864672
111.55647514 0.66820979
91.21553103 0.75799987
108.23858418 0.70405221
110.16965915 0.65939649
98.73080955 0.94452400
414.14403574 0.48532483
322.07602914 0.75297483
283.85025858 0.77117105
278.55791069 0.77653626
344.32412496 0.59060716
84.41229957 0.95211869
291.61351039 0.77990782
487.85353191 0.17533135
399.33112198 0.32772083
483.67021713 0.18346320
591.18006840 0.00117647
436.38494822 0.26418858
171.35546667 0.68044945
188.00499805 0.82327637
137.55012094 0.87528655
126.67391202 0.87538187
164.84752396 0.66344395
591.01928717 0.00000000
133.20030894 0.86680121
189.22159253 0.99786828
223.81420550 0.99502732
197.21848507 0.99616584
191.80149121 0.99656251
230.62158825 0.59767220
266.05514448 0.72890461
377.89007256 0.42637414
500.09787179 0.22802045
513.42024834 0.20909370
372.24757517 0.60369841
339.73149190 0.37897208
496.23186712 0.25380670
159.86897326 0.47577600
194.86974527 0.36390259
164.28162356 0.45528013
123.23524260 0.60056918
221.45948973 0.05610668
591.51377861 0.00000000
571.08702831 0.03482516
581.40654008 0.01610709
590.11432615 0.00000000
496.86890011 0.16181519
222.15839771 0.05420860
577.27423118 0.02269222
294.81797884 0.71097459
260.34877305 0.75687387
280.51101956 0.71894110
298.93662182 0.70485751
325.68224431 0.59238164
203.91352316 0.88622129
239.33825990 0.74711200
206.12581238 0.76878444
204.63282296 0.77787896
199.27697355 0.86501498
283.88583773 0.65904223
198.83446237 0.77226498
239.34071253 0.81737869
234.80496528 0.81538708
235.63549330 0.80993919
244.80628167 0.80425322
364.07783282 0.36668151
244.53075704 0.81887288
388.81135567 0.34443693
370.24439272 0.38310213
358.61334730 0.40305951
247.80688949 0.79291776
344.84401701 0.40753208
369.67856919 0.37796393
153.03631178 0.38111183
124.33885450 0.22302082
152.39487418 0.37902279
154.50523416 0.39474658
103.27854412 0.82782717
165.28899253 0.38374393
106.00907532 0.83629402
94.79812165 0.78105180
95.25095606 0.79833197
145.53819153 0.23568517
81.47228398 0.81958006
98.93420071 0.78334814
149.84447526 0.93840070
150.44311798 0.93747098
87.21110018 0.72127825
155.58806549 0.93012227
155.80440418 0.94718141
165.08434749 0.93613974
93.64007234 0.46540322
177.12904654 0.95242217
125.20349022 0.80198933
138.47576099 0.53626655
135.25504754 0.62193342
137.72381859 0.56607562
566.05911244 0.05224961
532.79887425 0.10950178
566.68537528 0.05233156
455.45031319 0.24051936
558.10673195 0.06842039
573.88694339 0.03591995
458.65660209 0.22881197
382.28325158 0.35864735
545.83111044 0.08054592
375.62759078 0.37067052
378.50573935 0.37063608
389.19507174 0.34517455
423.12556901 0.11127504
375.46088098 0.20687854
414.92358759 0.12422604
416.22738005 0.11544637
366.43577138 0.35885631
358.06259887 0.12601604
302.54443624 0.36671187
226.64539873 0.53995395
213.32007760 0.55995576
319.75613586 0.21406387
259.20359473 0.54414248
219.11046827 0.55807004
582.92514265 0.01414712
588.67620950 0.00576122
586.36019247 0.00788031
381.75987321 0.35692257
585.13965178 0.01025352
587.57343560 0.00630551
359.80408244 0.39532783
384.81911607 0.35161186
589.25261051 0.00193135
395.98378531 0.33289401
391.16323585 0.34083998
377.02776507 0.36615248
344.25292959 0.43111390
488.31704021 0.20900611
342.70639183 0.45765194
400.96116857 0.12615814
284.85383422 0.61907494
288.33960562 0.60415782
256.90855944 0.88832061
400.85581858 0.81050360
295.46749405 0.84327529
490.10080015 0.30803344
527.81032821 0.28417761
400.80991044 0.80717344
133.46040190 0.89843665
131.68774121 0.89838055
135.58449160 0.90892866
135.11084152 0.90334167
144.51207874 0.72019210
102.44654254 0.90315797
110.02001290 0.71140839
99.03563986 0.74973869
103.79021354 0.72763896
100.09701524 0.91019831
136.54267434 0.72969263
103.50896051 0.74133623
107.95558480 0.95834823
171.39309922 0.82458814
106.46071926 0.97033729
104.34330297 0.95626093
111.82903245 0.90543643
543.78072263 0.17315496
530.30159539 0.18752183
514.31172235 0.20036444
515.25712740 0.19054087
508.21419298 0.20463287
173.66429202 0.78509942
525.21764773 0.17428608
259.97487025 0.69430699
287.55319060 0.67267027
258.98410563 0.70138091
267.39123189 0.69531395
281.42095166 0.62000787
147.65643046 0.71240550
148.44716990 0.67690304
165.53853847 0.62346347
167.94976531 0.61889443
155.04965282 0.69425860
314.80030296 0.58723896
165.65493629 0.62209908
443.66034293 0.25307447
496.73720088 0.16294793
425.35355633 0.28223007
386.31244320 0.34771619
562.73329104 0.04799549
58.19165046 0.83676416
100.36411845 0.24175523
107.75787156 0.17528799
113.75331686 0.13893745
63.70359987 0.83538112
550.72982274 0.06877334
105.15988728 0.20422545
315.63045791 0.27241872
229.64442593 0.48015311
319.45347038 0.28497788
333.87478489 0.25265098
261.59701024 0.70301089
417.88428340 0.27361125
361.29577065 0.69489862
221.52947625 0.80853478
220.98662550 0.80449401
340.69038112 0.41606438
173.71190507 0.78912035
221.10156272 0.79701150
368.09075830 0.48492942
238.64726806 0.65845387
377.74253120 0.46179724
373.29303938 0.46164761
399.77109600 0.35807257
117.24009825 0.51726952
134.98810611 0.34421988
90.95453712 0.56886181
93.03511187 0.55806956
80.23431082 0.66466071
267.41560030 0.57824808
93.70429317 0.56266402
55.50476615 0.93107362
76.36129373 0.90248485
57.36156775 0.93289319
56.07809406 0.93193696
54.86606614 0.88665812
261.89247442 0.91491390
247.17108782 0.86703431
299.98706190 0.88138720
382.41765735 0.80432329
282.90719326 0.90194965
65.96256791 0.85632304
293.81195071 0.83928798
217.40647050 0.32340419
234.38751293 0.25278306
216.67725975 0.32132572
216.22086685 0.31941585
132.91777015 0.78203107
504.97111644 0.14775907
367.96696122 0.38870606
401.16715108 0.32460638
403.80124808 0.32360803
536.73591687 0.09312656
148.77042509 0.74431515
401.00761252 0.33462890
391.13218512 0.38888470
330.55220638 0.49003465
390.40258061 0.39206028
537.94696979 0.18263253
583.81403717 0.00731560
176.10952242 0.80656341
326.12447104 0.00875509
322.88180610 0.02320239
322.07426885 0.02480159
169.65211717 0.79123880
584.64210193 0.00451101
324.14074410 0.01547660
