603.60587386 0.94183732 556.86581745 606.88536421 656.84946315 0.94601389 0.92267071 0.95739194
603.60587386 0.94183732 556.86581745 606.88536421 656.84946315 0.94601389 0.92267071 0.95739194
603.60587386 0.94183732 556.86581745 606.88536421 656.84946315 0.94601389 0.92267071 0.95739194
603.60587386 0.94183732 556.86581745 606.88536421 656.84946315 0.94601389 0.92267071 0.95739194
603.60587386 0.94183732 556.86581745 606.88536421 656.84946315 0.94601389 0.92267071 0.95739194
603.60587386 0.94183732 556.86581745 606.88536421 656.84946315 0.94601389 0.92267071 0.95739194
603.28173108 0.97796934 556.31798771 606.32632373 656.32041561 0.98197686 0.97462058 0.97742272
603.28173108 0.97796934 556.31798771 606.32632373 656.32041561 0.98197686 0.97462058 0.97742272
603.28173108 0.97796934 556.31798771 606.32632373 656.32041561 0.98197686 0.97462058 0.97742272
603.28173108 0.97796934 556.31798771 606.32632373 656.32041561 0.98197686 0.97462058 0.97742272
603.28173108 0.97796934 556.31798771 606.32632373 656.32041561 0.98197686 0.97462058 0.97742272
603.28173108 0.97796934 556.31798771 606.32632373 656.32041561 0.98197686 0.97462058 0.97742272
603.37341162 0.96299906 556.39241498 606.36596077 656.30042248 0.96734499 0.96522623 0.95707703
603.37341162 0.96299906 556.39241498 606.36596077 656.30042248 0.96734499 0.96522623 0.95707703
603.37341162 0.96299906 556.39241498 606.36596077 656.30042248 0.96734499 0.96522623 0.95707703
603.37341162 0.96299906 556.39241498 606.36596077 656.30042248 0.96734499 0.96522623 0.95707703
603.38711095 0.69031805 556.43719842 606.39380854 656.34403810 0.55754829 0.65414356 0.85894255
603.38711095 0.69031805 556.43719842 606.39380854 656.34403810 0.55754829 0.65414356 0.85894255
603.24489345 0.70265722 556.44737185 606.42668752 656.32625331 0.54745300 0.67250461 0.89373883
603.24489345 0.70265722 556.44737185 606.42668752 656.32625331 0.54745300 0.67250461 0.89373883
603.24489345 0.70265722 556.44737185 606.42668752 656.32625331 0.54745300 0.67250461 0.89373883
603.24489345 0.70265722 556.44737185 606.42668752 656.32625331 0.54745300 0.67250461 0.89373883
603.23695069 0.98848977 556.42069932 606.39824701 656.30856916 0.98949150 0.98672727 0.98994833
603.23695069 0.98848977 556.42069932 606.39824701 656.30856916 0.98949150 0.98672727 0.98994833
603.47901675 0.54020303 556.80328266 606.85402439 656.83381721 0.54587074 0.52397102 0.55058619
603.47901675 0.54020303 556.80328266 606.85402439 656.83381721 0.54587074 0.52397102 0.55058619
603.47901675 0.54020303 556.80328266 606.85402439 656.83381721 0.54587074 0.52397102 0.55058619
603.47901675 0.54061971 556.80203266 606.85402439 656.83381721 0.54166729 0.53311764 0.54716823
603.47901675 0.54020303 556.80328266 606.85402439 656.83381721 0.54587074 0.52397102 0.55058619
603.47901675 0.54061971 556.80203266 606.85402439 656.83381721 0.54166729 0.53311764 0.54716823
603.94633949 0.95877214 556.50045376 606.51239800 656.43892457 0.96475123 0.95667452 0.95539934
603.94633949 0.95877214 556.50045376 606.51239800 656.43892457 0.96475123 0.95667452 0.95539934
603.94633949 0.95877214 556.50045376 606.51239800 656.43892457 0.96475123 0.95667452 0.95539934
603.94633949 0.99261527 556.50045376 606.51239800 656.43800714 0.98894839 0.99445348 0.99451749
603.94633949 0.95877214 556.50045376 606.51239800 656.43892457 0.96475123 0.95667452 0.95539934
603.94633949 0.99261527 556.50045376 606.51239800 656.43800714 0.98894839 0.99445348 0.99451749
603.68906921 0.94464240 556.76146602 606.77580920 656.79509554 0.85859879 0.98123868 0.99794607
603.68906921 0.94464240 556.76146602 606.77580920 656.79509554 0.85859879 0.98123868 0.99794607
603.68906921 0.94464240 556.76146602 606.77580920 656.79509554 0.85859879 0.98123868 0.99794607
603.68906921 0.91230272 556.76146602 606.77580920 656.79816965 0.83915442 0.95541069 0.94692137
603.68880540 0.99380576 556.78522526 606.78546556 656.77564116 0.99028644 0.99326203 0.99793463
603.68880540 0.96072898 556.78522526 606.78546556 656.77766270 0.97191178 0.96526747 0.94567193
603.39363346 0.96058665 556.84900367 606.82533372 656.85487893 0.95510128 0.95302297 0.97187437
603.39363346 0.96058665 556.84900367 606.82533372 656.85487893 0.95510128 0.95302297 0.97187437
603.39363346 0.96058665 556.84900367 606.82533372 656.85487893 0.95510128 0.95302297 0.97187437
603.39363346 0.97657075 556.84746521 606.82533372 656.85487893 0.97943013 0.96732280 0.98267592
603.31246932 0.90848681 556.75370230 606.70785030 656.72179132 0.81870235 0.93928638 0.97187437
603.31246932 0.92331492 556.75370230 606.70785030 656.72179132 0.83956470 0.95358621 0.98267592
602.99774153 0.99625659 556.57533178 606.59038515 656.54868893 0.99682460 0.99678993 0.99492234
603.59115113 0.99770250 556.44313458 606.37069342 656.43949147 0.99549545 0.99767442 1.00000000
602.99774153 0.99625659 556.57533178 606.59038515 656.54868893 0.99682460 0.99678993 0.99492234
602.99774153 0.96903688 556.57533178 606.59038515 656.55025143 0.96221699 0.96188876 0.98217093
602.99991979 0.52473328 556.58668002 606.59526755 656.56551994 0.52506991 0.53241328 0.51570517
603.56520482 0.53489563 556.35997702 606.36414732 656.38451512 0.55209054 0.52543626 0.52782248
604.19186098 0.52819356 556.41342551 606.39298020 656.39869173 0.55199517 0.51402793 0.52226877
603.11822363 0.52519543 556.94063148 606.94915680 656.92414540 0.53130428 0.53548099 0.51023604
604.19186098 0.52819356 556.41342551 606.39298020 656.39869173 0.55199517 0.51402793 0.52226877
604.19186098 0.52367821 556.41342551 606.39298020 656.39869173 0.54678478 0.50660218 0.52086447
604.21454657 0.97565568 556.40479974 606.40861204 656.38186358 0.98237839 0.97659881 0.96889760
603.11761013 0.99568271 556.93899213 606.94915680 656.92711435 0.99586066 0.99654247 0.99405172
603.30945302 0.98604592 556.59702238 606.55002619 656.55073082 0.98597895 0.98750322 0.98501507
603.08422735 0.98679861 556.58102519 606.55020315 656.54928056 0.98930091 0.98287338 0.98822498
603.30945302 0.98604592 556.59702238 606.55002619 656.55073082 0.98597895 0.98750322 0.98501507
603.30945302 0.96085342 556.59702238 606.55179735 656.55250574 0.96414540 0.96043251 0.95816250
603.30945302 0.98604592 556.59702238 606.55002619 656.55073082 0.98597895 0.98750322 0.98501507
603.08422735 0.95896284 556.58102519 606.55020315 656.54928056 0.96464206 0.95427455 0.95718833
603.81383014 0.79903173 556.46310429 606.47070982 656.50156915 0.64557188 0.82629275 0.92661859
603.38074067 0.79493753 556.57343401 606.53720178 656.55211774 0.63614450 0.82211543 0.92963580
603.81383014 0.79903173 556.46310429 606.47070982 656.50156915 0.64557188 0.82629275 0.92661859
603.81383014 0.81587950 556.46310429 606.47204315 656.50156915 0.65271244 0.82845568 0.96590593
603.81383014 0.79903173 556.46310429 606.47070982 656.50156915 0.64557188 0.82629275 0.92661859
603.38074067 0.80934584 556.57343401 606.53617085 656.55211774 0.63963521 0.83001262 0.96084202
603.00738917 0.95567644 556.55519946 606.53628029 656.53454809 0.94098493 0.96180555 0.96416083
603.27804639 0.95700802 556.45917631 606.43232811 656.42457752 0.93719999 0.96697933 0.96797053
603.00738917 0.95567644 556.55519946 606.53628029 656.53454809 0.94098493 0.96180555 0.96416083
603.00738917 0.94482036 556.55519946 606.53628029 656.53604063 0.92883679 0.95020978 0.95575976
603.05267592 0.96557800 556.57366035 606.55071743 656.52074510 0.97004318 0.96180555 0.96416083
603.24186006 0.95492638 556.45408344 606.43063694 656.41648149 0.95794919 0.95783880 0.94915615
603.38362139 0.99040162 556.52827642 606.51027573 656.55809125 0.98862220 0.99023296 0.99248730
603.81335637 0.99157691 556.44313667 606.44409838 656.43730664 0.99374234 0.99094330 0.99014511
603.38362139 0.99040162 556.52827642 606.51027573 656.55809125 0.98862220 0.99023296 0.99248730
603.38362139 0.98111872 556.52827642 606.51128583 656.55809125 0.98203769 0.98355649 0.97838018
603.37977137 0.97951804 556.55631181 606.51520808 656.54359776 0.95622271 0.99023296 0.99248730
603.77252274 0.97347736 556.39496395 606.36096070 656.31629060 0.95844182 0.97951178 0.98283391
603.61850945 0.60655196 556.44329588 606.41086585 656.43018047 0.54841119 0.55716159 0.71586848
602.99291451 0.58766009 556.57803436 606.60003709 656.55073907 0.52274542 0.54869797 0.69288262
603.61850945 0.60655196 556.44329588 606.41086585 656.43018047 0.54841119 0.55716159 0.71586848
603.61850945 0.60769134 556.44329588 606.41086585 656.43018047 0.54980351 0.55506376 0.72067777
603.61850945 0.60655196 556.44329588 606.41086585 656.43018047 0.54841119 0.55716159 0.71586848
602.99291451 0.58977958 556.57803436 606.60003709 656.55073907 0.52086785 0.55529994 0.69393509
603.11637935 0.97538387 556.92609022 606.94280495 656.83867542 0.97570281 0.96769601 0.98210565
604.17272559 0.98401243 556.38448578 606.38636932 656.37529980 0.98546783 0.98519028 0.98203563
603.11637935 0.97538387 556.92609022 606.94280495 656.83867542 0.97570281 0.96769601 0.98210565
603.11637935 0.98952861 556.92609022 606.94280495 656.83867542 0.99050003 0.98780706 0.99050940
603.11637935 0.97538387 556.92609022 606.94280495 656.83867542 0.97570281 0.96769601 0.98210565
604.17272559 0.99130924 556.38448578 606.38636932 656.37529980 0.98967882 0.99147974 0.99320205
602.93880758 0.87979106 556.51002390 606.44416870 656.46471318 0.75157390 0.91609457 0.97725602
603.55240295 0.88595161 556.83962784 606.83632082 656.86740997 0.75448038 0.92684892 0.97966412
602.93880758 0.87979106 556.51002390 606.44416870 656.46471318 0.75157390 0.91609457 0.97725602
602.93880758 0.88038630 556.51002390 606.44416870 656.46471318 0.74996099 0.91805535 0.97907421
603.05541650 0.54741637 556.65285859 606.65721944 656.67293060 0.52546147 0.54037113 0.57904412
603.53876308 0.55705099 556.78301882 606.83296748 656.85796954 0.52895843 0.53846722 0.60314957
603.56590368 0.99926061 556.49249263 606.46863167 656.49067124 1.00000000 0.99886364 0.99890110
603.62325217 0.99868957 556.53026313 606.56154452 656.64591806 1.00000000 0.99909091 0.99689202
603.56590368 0.99926061 556.49249263 606.46863167 656.49067124 1.00000000 0.99886364 0.99890110
603.56590368 0.95352717 556.49357958 606.46983649 656.49540463 0.96327940 0.96249414 0.93621105
603.59318700 0.99925925 556.48739582 606.47041000 656.47847872 1.00000000 0.99886364 0.99890110
603.59397363 0.95238617 556.54089573 606.58448801 656.63100413 0.95928863 0.95919455 0.93829788
603.65314809 0.53072595 556.51968633 606.52320788 656.53446807 0.55217161 0.51127503 0.52862635
603.89900919 0.53392240 556.88954190 606.87366611 656.86456170 0.54285278 0.52172666 0.53974876
603.65314809 0.53072595 556.51968633 606.52320788 656.53446807 0.55217161 0.51127503 0.52862635
603.65314809 0.53010192 556.51968633 606.52221778 656.53259302 0.54913203 0.50825851 0.53238097
603.65158562 0.96265243 556.49573515 606.47521203 656.50716816 0.96770243 0.96336587 0.95676547
603.99258107 0.99064614 556.78234288 606.79662377 656.81751843 0.99079902 0.98948174 0.99245604
603.62848906 0.98853532 556.85424502 606.87283216 656.86622448 0.98940278 0.98740399 0.98934377
602.91371041 0.98337354 556.87867455 606.89750238 656.90440165 0.98661903 0.97667060 0.98849386
603.62848906 0.98853532 556.85424502 606.87283216 656.86622448 0.98940278 0.98740399 0.98934377
603.62848906 0.96472012 556.85424502 606.87283216 656.86622448 0.96901433 0.96350363 0.96152509
603.61052448 0.96652765 556.87075339 606.87962368 656.82412402 0.92436174 0.98740399 0.98934377
602.94693397 0.93213849 556.93220339 606.93760389 656.91220154 0.87656571 0.94656856 0.97366689
604.25811289 0.99221963 556.91755069 606.89394438 656.81133302 0.99250309 0.99130633 0.99265146
603.65838027 0.99117817 556.55785474 606.59759496 656.59561486 0.99350772 0.98998422 0.99029641
604.25811289 0.99221963 556.91755069 606.89394438 656.81133302 0.99250309 0.99130633 0.99265146
604.25811289 0.99590322 556.91755069 606.89394438 656.81031262 0.99510225 0.99378151 0.99873418
604.24255221 0.99221963 556.80924898 606.78648475 656.78822587 0.99250309 0.99130633 0.99265146
603.67112452 0.99337607 556.57646695 606.62133404 656.61468200 0.99509502 0.99165088 0.99365989
603.72377838 0.64610543 556.44723914 606.38528020 656.29789671 0.54702034 0.59399017 0.79781082
603.83537850 0.65330369 556.55080561 606.56531399 656.54529272 0.56369812 0.59240371 0.80107190
603.72377838 0.64610543 556.44723914 606.38528020 656.29789671 0.54702034 0.59399017 0.79781082
603.72377838 0.64697669 556.44723914 606.38528020 656.29789671 0.54875272 0.59390830 0.79858601
603.72956021 0.74844318 556.46169311 606.40140947 656.28966582 0.57450080 0.75536731 0.91695352
603.81544048 0.75857441 556.52423736 606.54901869 656.54605863 0.59298942 0.75585904 0.92728707
604.34510149 0.98431728 556.75078396 606.72860922 656.62207527 0.98468677 0.98549813 0.98317953
603.53576783 0.98221168 556.67558585 606.69292817 656.66225991 0.97989588 0.98556906 0.98114677
604.34510149 0.98431728 556.75078396 606.72860922 656.62207527 0.98468677 0.98549813 0.98317953
604.34510149 0.98636396 556.75078396 606.72860922 656.62207527 0.98683731 0.98646901 0.98613117
604.32677122 0.52647094 556.77593040 606.76560104 656.69083720 0.54499665 0.50572342 0.52743292
603.52949242 0.53104221 556.54584501 606.55613146 656.55917312 0.54972080 0.51811922 0.52368720
602.96267734 0.94891163 556.86303131 606.81499992 656.83198364 0.94122950 0.94299246 0.96352539
603.70098307 0.95242136 556.83788302 606.78678141 656.79177282 0.94763326 0.96280152 0.94821289
602.96267734 0.94891163 556.86303131 606.81499992 656.83198364 0.94122950 0.94299246 0.96352539
602.96267734 0.95253602 556.86303131 606.81357135 656.83037074 0.94572176 0.94729888 0.96513829
602.94254426 0.95199916 556.87647639 606.82825804 656.81703341 0.94978792 0.94299246 0.96352539
603.71488813 0.95889528 556.85727929 606.84968110 656.82438140 0.96288499 0.96526370 0.94937860
603.69376519 0.54354481 556.58930229 606.62150249 656.60686795 0.51138240 0.53684872 0.58677085
603.66598919 0.55488741 556.50087195 606.52119188 656.53528126 0.55216458 0.51801654 0.59454592
603.69376519 0.54354481 556.58930229 606.62150249 656.60686795 0.51138240 0.53684872 0.58677085
603.69376519 0.54352659 556.58930229 606.62150249 656.60686795 0.50955701 0.54522695 0.58043074
603.66997078 0.97292390 556.56673971 606.60223872 656.58357480 0.96973504 0.96680876 0.98183609
603.65126322 0.99874799 556.49870868 606.48072945 656.49223058 1.00000000 0.99915254 0.99710358
603.82823190 0.95379513 556.52417998 606.54318017 656.53589611 0.96362830 0.96216525 0.93662841
603.60365068 0.95463771 556.87221725 606.84976779 656.83972513 0.95774609 0.95071686 0.95457158
603.82823190 0.95379513 556.52417998 606.54318017 656.53589611 0.96362830 0.96216525 0.93662841
603.82823190 0.97760867 556.52314905 606.54198970 656.53589611 0.98395133 0.97652623 0.97346817
603.81812693 0.87197944 556.52032238 606.55806822 656.54099355 0.76358229 0.92186487 0.93342424
603.62151051 0.89105531 556.87080219 606.86437034 656.85361076 0.77583840 0.92931239 0.97199456
603.31879785 0.96080954 556.55007747 606.56503951 656.54756189 0.91091845 0.98191586 0.99006245
602.94295950 0.96268580 556.42993214 606.45035105 656.48815972 0.91583963 0.98421680 0.99097873
603.31879785 0.96080954 556.55007747 606.56503951 656.54756189 0.91091845 0.98191586 0.99006245
603.31879785 0.95960828 556.55007747 606.56503951 656.54756189 0.91085682 0.98191586 0.98643115
603.46932578 0.53285233 556.54803873 606.51555524 656.55236943 0.54972080 0.51544506 0.53190048
603.06075611 0.52726239 556.65954385 606.66271358 656.68828277 0.51981684 0.54494362 0.51888759
603.71273317 0.96583137 556.82221594 606.81739085 656.79893274 0.97053839 0.96781157 0.95985420
603.59098790 0.96689845 556.52897836 606.51259728 656.54478158 0.97440155 0.96898667 0.95844755
603.71273317 0.96583137 556.82221594 606.81739085 656.79893274 0.97053839 0.96781157 0.95985420
603.71273317 0.96279898 556.82221594 606.81739085 656.79893274 0.96797049 0.96654575 0.95467226
603.74551756 0.96539469 556.89901703 606.84605335 656.86463155 0.96937560 0.96781157 0.95985420
603.56720402 0.96354569 556.50586336 606.49709946 656.48963583 0.97219100 0.96787556 0.95177153
603.57137582 0.96265321 556.81499431 606.85210207 656.85681206 0.96808773 0.95399552 0.96531833
604.34712815 0.95910248 556.73822382 606.68932990 656.63252676 0.96891433 0.96359527 0.94641484
603.57137582 0.96265321 556.81499431 606.85210207 656.85681206 0.96808773 0.95399552 0.96531833
603.57137582 0.98206174 556.81364295 606.85210207 656.85681206 0.98389851 0.97530941 0.98670126
603.58243952 0.64247620 556.85210180 606.84871364 656.87582067 0.52528402 0.59768713 0.80511900
604.28724507 0.64423750 556.75273710 606.69983303 656.62886150 0.54916905 0.57013617 0.80674114
603.60403943 0.75126106 556.59107353 606.59186818 656.64456247 0.57686166 0.74610071 0.93439068
602.95395959 0.74802786 556.86400802 606.86150233 656.82401233 0.57970206 0.74325147 0.93092990
603.60403943 0.75126106 556.59107353 606.59186818 656.64456247 0.57686166 0.74610071 0.93439068
603.60403943 0.73790181 556.59115454 606.59280276 656.64456247 0.57782774 0.74417556 0.89547906
603.59751142 0.98596899 556.50732689 606.57016788 656.63383635 0.98546591 0.98711736 0.98505792
602.93895961 0.95199916 556.87526885 606.82891090 656.83003445 0.94978792 0.94299246 0.96352539
604.01754650 0.97467432 556.97353159 607.00000000 656.99759602 0.97895925 0.97426145 0.97158299
604.25319805 0.97255058 556.93470524 606.93557693 656.93000276 0.97661615 0.97170396 0.96971745
604.01754650 0.97467432 556.97353159 607.00000000 656.99759602 0.97895925 0.97426145 0.97158299
604.01754650 0.99220106 556.97353159 607.00000000 656.99759602 0.98930936 0.99163328 0.99569906
604.01559029 0.97545405 556.83430637 606.93109956 656.97036136 0.98152418 0.97426145 0.97158299
604.01875030 0.99221963 556.67687597 606.68401311 656.66499663 0.99250309 0.99130633 0.99265146
602.98598859 0.51725532 556.97184089 606.97311285 656.96874200 0.52667592 0.53030288 0.49279018
603.72843044 0.53594311 556.45426765 606.41952388 656.35379947 0.54425080 0.52208416 0.54126402
602.98598859 0.51725532 556.97184089 606.97311285 656.96874200 0.52667592 0.53030288 0.49279018
602.98598859 0.51725532 556.97184089 606.97311285 656.96874200 0.52456362 0.52323945 0.50347584
602.99052094 0.98973909 556.97517732 606.96497905 656.97091214 0.98768865 0.99066987 0.99057720
603.73366055 0.96655809 556.39770063 606.35557912 656.28227882 0.95908380 0.96785476 0.97320532
602.88343378 0.97675488 556.68121588 606.69161959 656.70058530 0.97052593 0.97648360 0.98393446
603.74122437 0.97758677 556.68998505 606.71010397 656.73485214 0.96724378 0.98193355 0.98445221
602.88343378 0.97675488 556.68121588 606.69161959 656.70058530 0.97052593 0.97648360 0.98393446
602.88343378 0.98493960 556.68121588 606.69161959 656.70058530 0.97816349 0.98532486 0.99189545
602.85882922 0.84183169 556.57634297 606.61600608 656.64344758 0.69427151 0.86469924 0.97401273
603.71264011 0.84012979 556.71493076 606.70365015 656.72414691 0.67844177 0.86443850 0.98183634
603.51858761 0.96373894 556.48781118 606.49214771 656.49297514 0.97191758 0.96768919 0.95277131
604.06112428 0.96294913 556.62247530 606.67171824 656.63556839 0.97458894 0.96553466 0.94961021
603.51858761 0.96373894 556.48781118 606.49214771 656.49297514 0.97191758 0.96768919 0.95277131
603.51858761 0.96876743 556.48781118 606.49214771 656.49297514 0.97543771 0.96882555 0.96281921
603.46991200 0.96373894 556.49470657 606.53522326 656.57832740 0.97191758 0.96768919 0.95277131
604.06472006 0.96870851 556.63874744 606.65094654 656.64058571 0.97768369 0.96910993 0.96015019
603.73479433 0.61252436 556.75695745 606.78059242 656.79791884 0.54512248 0.54912394 0.74336734
603.62053480 0.61886909 556.50852334 606.51533805 656.50200079 0.54937741 0.55455100 0.75328542
603.73479433 0.61252436 556.75695745 606.78059242 656.79791884 0.54512248 0.54912394 0.74336734
603.73479433 0.61478035 556.75695745 606.78059242 656.79687718 0.54974479 0.55512206 0.73975236
603.73072801 0.99676050 556.73582060 606.73361708 656.81839732 0.99510489 0.99908257 0.99608557
603.61838864 0.97958460 556.55188180 606.59336601 656.52917347 0.97791039 0.98094144 0.98005306
603.30591840 0.97614193 556.81317963 606.83961962 656.88412130 0.97897273 0.97252030 0.97646073
603.57381083 0.97587404 556.80691770 606.78469341 656.79207895 0.97948624 0.97507631 0.97326431
603.30591840 0.97614193 556.81317963 606.83961962 656.88412130 0.97897273 0.97252030 0.97646073
603.30591840 0.95609367 556.81317963 606.83961962 656.88412130 0.95872348 0.95078441 0.95776828
603.31643602 0.53297816 556.85268344 606.87035854 656.89598721 0.52339706 0.54139130 0.53437301
603.56815140 0.52975792 556.81092060 606.80991981 656.81429645 0.54171520 0.52656330 0.52483313
603.92501298 0.95565253 556.56618776 606.58095782 656.59967522 0.96055138 0.96174385 0.94624735
603.71396488 0.95569051 556.71910424 606.77948767 656.82378661 0.96155949 0.94575638 0.96112625
603.92501298 0.95565253 556.56618776 606.58095782 656.59967522 0.96055138 0.96174385 0.94624735
603.92501298 0.98550056 556.56493776 606.57969200 656.59842522 0.98857643 0.98348561 0.98525350
604.00238462 0.95565069 556.66488140 606.65718843 656.70584449 0.96175620 0.96049385 0.94624735
603.82082035 0.98571637 556.79383258 606.80228685 656.83986768 0.98974262 0.98245387 0.98546238
603.35853358 0.53414624 556.66482058 606.64327792 656.62773622 0.54975129 0.51595696 0.53388257
603.41680695 0.52686545 556.18380333 606.21533368 656.22936071 0.54338274 0.51053787 0.52715245
603.35853358 0.53414624 556.66482058 606.64327792 656.62773622 0.54975129 0.51595696 0.53388257
603.35853358 0.53292982 556.66482058 606.64327792 656.62773622 0.55227455 0.51508673 0.52878394
603.31091939 0.62002428 556.60610886 606.57343394 656.59885170 0.54972672 0.56075278 0.74994622
603.35350306 0.61194739 556.17244785 606.19862790 656.21183389 0.54552965 0.55480205 0.73673549
603.84757088 0.96976139 556.61471609 606.62421658 656.59004748 0.97547606 0.97088290 0.96289992
603.88408041 0.96994772 556.55399150 606.54988418 656.55081050 0.97714362 0.96897200 0.96366770
603.84757088 0.96976139 556.61471609 606.62421658 656.59004748 0.97547606 0.97088290 0.96289992
603.84757088 0.99578453 556.61356667 606.62421658 656.58897221 0.99370566 0.99464182 0.99895833
603.93516621 0.96272774 556.60433637 606.61158110 656.58144284 0.95445534 0.97088290 0.96289992
603.74433385 0.98971949 556.24484671 606.27040212 656.30225420 0.97512521 0.99390528 1.00000000
603.29890252 0.84100746 556.63751717 606.62757915 656.65785256 0.68200826 0.86512421 0.97832806
603.45082102 0.84904507 556.68213888 606.70154086 656.68343193 0.70086904 0.87435570 0.97821664
603.29890252 0.84100746 556.63751717 606.62757915 656.65785256 0.68200826 0.86512421 0.97832806
603.29890252 0.82479068 556.63751717 606.62757915 656.65785256 0.66378442 0.84541083 0.96601378
603.30213641 0.99077504 556.63463110 606.61349791 656.63364648 0.99165337 0.99159155 0.98828992
603.41944680 0.96400281 556.68834085 606.73115592 656.70819148 0.96684607 0.95092050 0.97328694
602.34365485 0.52907710 556.30543778 606.29798770 656.24649388 0.52016453 0.54515892 0.51865118
604.09523002 0.52737547 556.37680320 606.39004002 656.37787537 0.54710921 0.51212479 0.52386372
602.34365485 0.52907710 556.30543778 606.29798770 656.24649388 0.52016453 0.54515892 0.51865118
602.34365485 0.52653374 556.30543778 606.29957500 656.24644184 0.51900379 0.54465159 0.51228592
602.39998901 0.96338580 556.29208612 606.25490953 656.16406689 0.96044097 0.95716503 0.97092288
604.09976278 0.98795584 556.38048065 606.36532598 656.33908697 0.98675387 0.98861934 0.98901653
604.14606000 0.98888166 556.80536632 606.73795170 656.63581693 0.98571985 0.98957681 0.99100034
602.76681223 0.98843425 556.54206192 606.53261565 656.51583830 0.98613594 0.98935209 0.99030643
604.14606000 0.98888166 556.80536632 606.73795170 656.63581693 0.98571985 0.98957681 0.99100034
604.14606000 0.96263108 556.80536632 606.73795170 656.64371624 0.96744934 0.96507563 0.95556688
604.08917714 0.54240814 556.81269793 606.77299176 656.68226697 0.54668710 0.50381823 0.57747330
602.80041302 0.53994913 556.54607167 606.55776111 656.54262953 0.52031428 0.53806421 0.56524549
603.66078715 0.71146218 556.80326462 606.72556610 656.61788480 0.56583573 0.70822824 0.86166783
604.09854735 0.72166815 556.41625566 606.37864382 656.39430893 0.57512619 0.70398486 0.88476136
603.66078715 0.71146218 556.80326462 606.72556610 656.61788480 0.56583573 0.70822824 0.86166783
603.66078715 0.73167606 556.80326462 606.72559255 656.61264516 0.57077748 0.71595883 0.90968534
603.65068559 0.91399859 556.75660187 606.65688928 656.60878293 0.85376717 0.94172218 0.94737287
604.17505938 0.96504402 556.53343060 606.52655351 656.47762610 0.90233295 0.99367015 1.00000000
603.69250810 0.98055175 556.61220561 606.62069348 656.60448921 0.98681846 0.97647950 0.97910201
603.35816998 0.97768863 556.29263670 606.31528714 656.27893457 0.97659762 0.97784713 0.97897686
603.69250810 0.98055175 556.61220561 606.62069348 656.60448921 0.98681846 0.97647950 0.97910201
603.69250810 0.97771934 556.61220561 606.62069348 656.60448921 0.98564199 0.97299081 0.97575053
603.94249315 0.98054685 556.88285679 606.90423703 656.86824922 0.98681989 0.97647950 0.97910201
603.37546902 0.97621804 556.36053257 606.37556715 656.27658375 0.97488060 0.97608471 0.97806777
603.56036371 0.99503673 556.60844637 606.64067882 656.63759659 0.99599810 0.99338019 0.99540516
603.88695547 0.99366478 556.46385495 606.47339791 656.48745352 0.99137529 0.99415409 0.99531892
603.56036371 0.99503673 556.60844637 606.64067882 656.63759659 0.99599810 0.99338019 0.99540516
603.56036371 0.99367920 556.60844637 606.64067882 656.63759659 0.99452751 0.99338019 0.99276948
603.53072907 0.73758765 556.65769115 606.64559587 656.66317558 0.56529942 0.71347356 0.93553235
603.89018023 0.72691805 556.49878708 606.50946658 656.51180322 0.57041474 0.69926831 0.91073512
603.47106163 0.93318576 556.40528946 606.36073839 656.32063633 0.87189114 0.95808818 0.97027921
603.53826309 0.93545606 556.64046631 606.65632433 656.56596881 0.87387124 0.96425322 0.96964887
603.47106163 0.93318576 556.40528946 606.36073839 656.32063633 0.87189114 0.95808818 0.97027921
603.47106163 0.93164248 556.40528946 606.36073839 656.32063633 0.87001284 0.95628506 0.96936178
603.47046193 0.97049670 556.39002501 606.36855813 656.29809482 0.97207467 0.97030895 0.96936178
603.63148189 0.96795303 556.65087597 606.64833359 656.60632085 0.97104874 0.96705056 0.96542352
603.36931999 0.98602369 556.58001398 606.54948413 656.52551565 0.98775369 0.98343167 0.98687926
603.26253800 0.97703506 556.87360899 606.86114716 656.88598636 0.98183227 0.96797339 0.98073584
603.36931999 0.98602369 556.58001398 606.54948413 656.52551565 0.98775369 0.98343167 0.98687926
603.36931999 0.98528835 556.58001398 606.54948413 656.52551565 0.98775369 0.98343167 0.98474943
603.37005793 0.98529108 556.52071491 606.50724837 656.47047569 0.98560080 0.98343167 0.98687926
603.13681922 0.97522053 556.76834283 606.75972294 656.74825239 0.97812857 0.96579948 0.98073584
603.09762186 0.53513266 556.50351398 606.52826135 656.49464155 0.52067102 0.53670747 0.55116044
603.57344286 0.55315098 556.41780359 606.42325105 656.44190741 0.55168420 0.53451585 0.57593778
603.09762186 0.53571746 556.50351398 606.52826135 656.49464155 0.52248920 0.53670747 0.55116044
603.09762186 0.53572086 556.50351398 606.52826135 656.49464155 0.52410210 0.53504081 0.55116044
603.07315546 0.52116186 556.42547285 606.45773745 656.45095714 0.52410210 0.53174715 0.51067555
603.54938745 0.53206091 556.44435148 606.40597575 656.44674327 0.55064253 0.52895808 0.51827877
603.33080859 0.98853583 556.92862641 606.92680087 656.93288690 0.99096381 0.98568149 0.98834019
603.96649304 0.99104170 556.62745708 606.63140072 656.58321023 0.99100076 0.99099457 0.99152337
603.33080859 0.98853583 556.92862641 606.92680087 656.93288690 0.99096381 0.98568149 0.98834019
603.33080859 0.95586279 556.92862641 606.92680087 656.93288690 0.95161397 0.94576476 0.96845124
603.15983862 0.98853583 556.77277750 606.78420140 656.77870432 0.99096381 0.98568149 0.98834019
603.94898565 0.96460702 556.56877070 606.61201525 656.61928178 0.97206481 0.96665843 0.95614358
603.58549018 0.90406595 556.40903997 606.40712542 656.42235641 0.80463162 0.94765201 0.96251794
603.31151977 0.89286155 556.58995276 606.55537059 656.60061666 0.78258903 0.93463032 0.96383403
603.58549018 0.90406595 556.40903997 606.40712542 656.42235641 0.80463162 0.94765201 0.96251794
603.58549018 0.92171460 556.40903997 606.40712542 656.42126946 0.81134827 0.96440503 0.99135718
603.53692454 0.53355337 556.41655631 606.38771408 656.41497666 0.55376753 0.52761812 0.52030666
603.38600980 0.53175371 556.67394548 606.66150416 656.66856274 0.54896971 0.51501652 0.52825910
603.89741458 0.98067790 556.47324826 606.48663157 656.52407304 0.98280199 0.98078356 0.97868906
603.88556349 0.98347534 556.62955687 606.64667140 656.60402021 0.98617364 0.98261303 0.98113313
603.89741458 0.98067790 556.47324826 606.48663157 656.52407304 0.98280199 0.98078356 0.97868906
603.89741458 0.95311984 556.47423836 606.48663157 656.52407304 0.95971106 0.95872914 0.94083540
603.88221256 0.78458988 556.49271618 606.48736470 656.49096757 0.61541942 0.79488689 0.94387848
603.90400218 0.76923445 556.58150078 606.59300709 656.55975810 0.61005670 0.79320289 0.90454294
603.62082246 0.53552868 556.69138026 606.64956623 656.65306849 0.52398621 0.54397801 0.53838339
603.33474458 0.52651202 556.62801561 606.60029174 656.62841455 0.52247536 0.53146094 0.52729578
603.62082246 0.53552868 556.69138026 606.64956623 656.65306849 0.52398621 0.54397801 0.53838339
603.62082246 0.53739549 556.69138026 606.64956623 656.65306849 0.52698679 0.54864542 0.53660216
603.62827104 0.95540963 556.65379935 606.64729644 656.60764510 0.95712629 0.95432363 0.95436415
603.26473102 0.97450521 556.62386919 606.61733509 656.61929806 0.96975935 0.97058074 0.98143199
604.08566149 0.67890868 556.40072343 606.36322057 656.34550375 0.56114583 0.62738791 0.84850371
602.88781245 0.65599958 556.67743847 606.68642926 656.72121351 0.53903447 0.60287701 0.83788186
604.08566149 0.67890868 556.40072343 606.36322057 656.34550375 0.56114583 0.62738791 0.84850371
604.08566149 0.67222293 556.40072343 606.36322057 656.34563330 0.55842898 0.62590062 0.83259399
604.17965321 0.95878340 556.53450579 606.52934970 656.46909634 0.93765624 0.96944411 0.96965858
602.85647007 0.93590702 556.63601855 606.65692749 656.66460784 0.90403134 0.93958281 0.96322373
603.33085421 0.99530777 556.29003705 606.27217904 656.27044781 0.99395368 0.99736664 0.99476533
603.54286006 0.99614025 556.57699640 606.58516156 656.65444572 0.99397866 0.99411404 1.00000000
603.33085421 0.99530777 556.29003705 606.27217904 656.27044781 0.99395368 0.99736664 0.99476533
603.33085421 0.98474245 556.29003705 606.27217904 656.27138239 0.98347601 0.98579728 0.98495465
603.35877865 0.99501452 556.37006091 606.37781165 656.27757771 0.99311334 0.99736664 0.99476533
603.46606726 0.98688983 556.42903913 606.47694815 656.44085902 0.98711232 0.98497924 0.98867717
604.12283799 0.95698988 556.38187165 606.35430304 656.34356615 0.96439134 0.96208013 0.94547388
603.72402277 0.95702982 556.72517091 606.71319671 656.79131493 0.96135427 0.96179870 0.94716314
604.12283799 0.95698988 556.38187165 606.35430304 656.34356615 0.96439134 0.96208013 0.94547388
604.12283799 0.97006380 556.38187165 606.35430304 656.34356615 0.97320046 0.97185033 0.96605327
604.10557393 0.95837250 556.37989511 606.35985459 656.34901860 0.96870025 0.96208013 0.94547388
603.71210030 0.96994695 556.71456988 606.73665222 656.78731773 0.97264705 0.97085510 0.96581472
602.80478376 0.98420672 556.53215191 606.52212144 656.46350331 0.98584581 0.98155366 0.98494554
603.31218886 0.98615593 556.83117567 606.82862979 656.84653318 0.98888685 0.98268899 0.98678917
602.80478376 0.98420672 556.53215191 606.52212144 656.46350331 0.98584581 0.98155366 0.98494554
602.80478376 0.99368380 556.53215191 606.52212144 656.46350331 0.99389961 0.99519602 0.99191933
602.80460515 0.57822053 556.55945306 606.54718246 656.51862364 0.52169345 0.55767029 0.66031121
603.33072197 0.58313661 556.85524070 606.86782427 656.86207179 0.52519241 0.56538755 0.66398613
603.74177971 0.95515125 556.71673432 606.68830355 656.72994734 0.95478727 0.94417452 0.96340005
603.66178761 0.96422328 556.77443455 606.68656401 656.61424696 0.96459612 0.96184924 0.96615068
603.74177971 0.95515125 556.71673432 606.68830355 656.72994734 0.95478727 0.94417452 0.96340005
603.74177971 0.95290399 556.71673432 606.68830355 656.72994734 0.95314793 0.94083748 0.96181275
603.74067795 0.95290399 556.70369619 606.69223467 656.71912637 0.94846287 0.94417452 0.96340005
603.67668389 0.96075160 556.77937667 606.69274639 656.62712375 0.95953954 0.96004216 0.96285087
604.07191182 0.58528553 556.61061032 606.62598528 656.59316202 0.55698497 0.53760722 0.66211258
604.05270687 0.57336638 556.98921726 606.97018536 656.88728278 0.53930994 0.52830237 0.65549787
604.07191182 0.58528553 556.61061032 606.62598528 656.59316202 0.55698497 0.53760722 0.66211258
604.07191182 0.58492452 556.61061032 606.62598528 656.59316202 0.55698497 0.53530563 0.66303850
604.06826917 0.98885400 556.63814028 606.67179099 656.62915514 0.98832638 0.98893059 0.98972415
604.03812681 0.98824418 556.97709548 606.98088247 656.97194454 0.99038130 0.98647675 0.98834738
603.52395026 0.97623362 556.56223852 606.57314709 656.50179789 0.97608387 0.97640034 0.97650418
602.34412126 0.97509755 556.31434654 606.27036265 656.13481452 0.97134946 0.96961380 0.98402605
603.52395026 0.97623362 556.56223852 606.57314709 656.50179789 0.97608387 0.97640034 0.97650418
603.52395026 0.97440616 556.56223852 606.57314709 656.50267508 0.97430504 0.97543880 0.97369349
603.54343264 0.97623362 556.36707905 606.48035553 656.45685483 0.97608387 0.97640034 0.97650418
602.36140643 0.97408483 556.26930762 606.25537590 656.15646918 0.96983431 0.96961380 0.98248759
603.55516790 0.98640692 556.87180081 606.80693153 656.84062730 0.96010458 0.99868421 1.00000000
604.19678819 0.98382746 556.85235343 606.76881853 656.65317502 0.95655201 0.99793793 0.99695609
603.55516790 0.98640692 556.87180081 606.80693153 656.84062730 0.96010458 0.99868421 1.00000000
603.55516790 0.98508916 556.87180081 606.80693153 656.84062730 0.95891411 0.99733286 0.99873418
603.56421535 0.68273209 556.87471758 606.82230170 656.84760632 0.55155507 0.63128301 0.87023418
604.06395914 0.66959178 556.79381979 606.78008517 656.67379420 0.54976384 0.60096208 0.85523546
603.83804803 0.78403732 556.86798205 606.88720634 656.91417164 0.61304068 0.79634856 0.94618297
603.40093827 0.79268033 556.58363440 606.55267254 656.52528343 0.62242284 0.80721009 0.95104104
603.83804803 0.78403732 556.86798205 606.88720634 656.91417164 0.61304068 0.79634856 0.94618297
603.83804803 0.77564108 556.86939050 606.88720634 656.91417164 0.60677647 0.79128770 0.93346972
603.73667356 0.98227526 556.73940019 606.79084032 656.80787935 0.98541430 0.97671751 0.98546238
603.38403680 0.96983597 556.58634188 606.55158197 656.54618743 0.97576347 0.97128736 0.96306209
603.38482506 0.95714201 556.14565911 606.14616667 656.18712287 0.96212077 0.96314673 0.94653909
603.02715288 0.94578636 556.41656545 606.42916104 656.41238179 0.94386808 0.93247947 0.95920859
603.38482506 0.95714201 556.14565911 606.14616667 656.18712287 0.96212077 0.96314673 0.94653909
603.38482506 0.99208889 556.14259878 606.14509140 656.18624567 0.98918662 0.99311492 0.99413586
603.40094767 0.53114174 556.19348113 606.20821092 656.22340259 0.54353990 0.51712230 0.53331803
603.09935929 0.52696933 556.49656859 606.51959355 656.49759284 0.52177293 0.54148072 0.51955944
603.88289150 0.53086091 556.56605069 606.54988418 656.54814592 0.54016257 0.52132701 0.52995184
603.53459967 0.52927602 556.65135107 606.65984876 656.68054197 0.53608532 0.53712231 0.51487046
603.88289150 0.53086091 556.56605069 606.54988418 656.54814592 0.54016257 0.52132701 0.52995184
603.88289150 0.53048441 556.56605069 606.54988418 656.54929535 0.53953790 0.52370812 0.52667809
603.70319819 0.92310978 556.30709398 606.34212574 656.25387567 0.80836887 0.96557630 0.99503448
603.54419878 0.89362605 556.65580877 606.64097738 656.67304777 0.80004826 0.93179407 0.95353631
603.43571468 0.96073037 556.68785017 606.70988563 656.69890749 0.95746628 0.94913478 0.97521002
603.47918561 0.96926301 556.36861285 606.35783132 656.30482703 0.97019636 0.96850583 0.96936178
603.43571468 0.96073037 556.68785017 606.70988563 656.69890749 0.95746628 0.94913478 0.97521002
603.43571468 0.97644334 556.68596337 606.70988563 656.69890749 0.98028163 0.96558451 0.98390530
603.39780926 0.96073037 556.69284661 606.72435196 656.67059863 0.95746628 0.94913478 0.97521002
603.49194395 0.98136581 556.41954526 606.38883168 656.36483775 0.98136492 0.98335396 0.97965992
603.26243046 0.55680761 556.92029911 606.93829626 656.93831700 0.52908444 0.54355564 0.60009790
604.06549688 0.57074045 556.69127177 606.66799242 656.65866216 0.55605708 0.52979371 0.62879765
603.26243046 0.55680761 556.92029911 606.93829626 656.93831700 0.52908444 0.54355564 0.60009790
603.26243046 0.55939702 556.92029911 606.93829626 656.93831700 0.52556593 0.54568330 0.60990878
603.25084848 0.98836115 556.91428643 606.93149703 656.92668669 0.99229847 0.98425296 0.98779734
604.06767650 0.98641284 556.62147505 606.68810623 656.67025723 0.98728954 0.98582618 0.98652948
603.85426506 0.97016138 556.42288312 606.42422570 656.48291327 0.97769602 0.96939356 0.96458184
603.76054004 0.95933271 556.88476826 606.87250947 656.89886657 0.95697411 0.94890366 0.97100543
603.85426506 0.97016138 556.42288312 606.42422570 656.48291327 0.97769602 0.96939356 0.96458184
603.85426506 0.96191038 556.42288312 606.42422570 656.48291327 0.97202342 0.96710717 0.94880144
604.08313078 0.78370788 556.73903105 606.73005316 656.74047323 0.61878029 0.79456227 0.93493006
603.78840472 0.75386096 556.90068221 606.87499132 656.89417827 0.58664200 0.75791755 0.91727787
603.63006824 0.95534232 556.73029480 606.76122007 656.81150220 0.90874843 0.97957324 0.97918835
603.42084125 0.96034095 556.49100828 606.45716470 656.44617823 0.91659691 0.98034942 0.98411507
603.63006824 0.95534232 556.73029480 606.76122007 656.81150220 0.90874843 0.97957324 0.97918835
603.63006824 0.96847237 556.73029480 606.76122007 656.81150220 0.91870648 0.99118776 0.99689514
603.61922378 0.52703314 556.77860795 606.78172497 656.80177385 0.54695122 0.51075142 0.52164649
603.43606241 0.52369271 556.50894728 606.48008051 656.45199098 0.53926941 0.51727203 0.51719358
603.70999714 0.95751347 556.31850017 606.34511237 656.37257069 0.96523429 0.94737382 0.96111951
603.72767819 0.95422103 556.40697540 606.45203972 656.45509166 0.95626588 0.95822813 0.94833678
603.70999714 0.95751347 556.31850017 606.34511237 656.37257069 0.96523429 0.94737382 0.96111951
603.70999714 0.97459714 556.31850017 606.34511237 656.37257069 0.97644998 0.97059794 0.97624690
603.71096275 0.95654258 556.27156674 606.33435805 656.36360620 0.96219785 0.94737382 0.96111951
603.72678417 0.97180732 556.36594609 606.36636309 656.28308774 0.97078636 0.97269648 0.97211853
603.43736119 0.97515605 556.51139096 606.45135974 656.46355207 0.97903228 0.97527978 0.97107693
603.55325930 0.97340558 556.70861195 606.73419546 656.79390611 0.97797523 0.97547150 0.96734306
603.43736119 0.97515605 556.51139096 606.45135974 656.46355207 0.97903228 0.97527978 0.97107693
603.43736119 0.99128330 556.51009226 606.45135974 656.46355207 0.99071711 0.99057588 0.99215526
603.43956144 0.56420235 556.48429830 606.43641288 656.45382778 0.53809272 0.53515804 0.62389879
603.57172492 0.56183420 556.77398543 606.79702007 656.81868333 0.54385937 0.51697278 0.62415190
603.73768482 0.79114395 556.44910290 606.46781028 656.47055411 0.61475578 0.80387850 0.95844306
603.71103223 0.78948808 556.33519846 606.36062771 656.38342737 0.60981496 0.80408301 0.95499364
603.73768482 0.79114395 556.44910290 606.46781028 656.47055411 0.61475578 0.80387850 0.95844306
603.73768482 0.77537954 556.44731916 606.46781028 656.47055411 0.61017075 0.79109541 0.92853904
603.64703257 0.99636168 556.31337967 606.32130757 656.28892472 0.99455625 0.99917355 0.99554814
603.67875195 0.96726774 556.29541239 606.32330056 656.37366982 0.97085917 0.96318550 0.96792819
604.05761520 0.96210970 556.63970901 606.66031402 656.65297982 0.97251142 0.96519757 0.95033628
603.27282226 0.95408534 556.91339510 606.92366349 656.88212363 0.94880561 0.93922093 0.97206448
604.05761520 0.96210970 556.63970901 606.66031402 656.65297982 0.97251142 0.96519757 0.95033628
604.05761520 0.98177366 556.63851853 606.66031402 656.65297982 0.98600749 0.98029177 0.97954621
604.06016509 0.96246941 556.64664081 606.63733860 656.66084283 0.97379347 0.96519757 0.95033628
603.24436237 0.97478246 556.91658674 606.90469324 656.91694585 0.97339903 0.96523751 0.98344745
603.79621353 0.51944755 556.88945952 606.90360674 656.90128490 0.51140136 0.53545116 0.51350946
604.05762335 0.53088228 556.57665661 606.61288444 656.60187815 0.54900649 0.51589001 0.52528646
603.79621353 0.51944755 556.88945952 606.90360674 656.90128490 0.51140136 0.53545116 0.51350946
603.79621353 0.51945686 556.88794437 606.90360674 656.90128490 0.51896031 0.52806903 0.51219916
603.77502793 0.95544382 556.85575292 606.87755938 656.90370685 0.90395462 0.98022273 0.98289180
604.07332661 0.93169649 556.61799752 606.71693871 656.75884944 0.89291530 0.96145354 0.94185564
602.61303635 0.86112430 556.75343816 606.71572277 656.71116898 0.73121953 0.89743489 0.96311555
602.61303635 0.86112430 556.75343816 606.71572277 656.71116898 0.73121953 0.89743489 0.96311555
602.61303635 0.86112430 556.75343816 606.71572277 656.71116898 0.73121953 0.89743489 0.96311555
602.61303635 0.88975615 556.75343816 606.71245532 656.70944484 0.75296501 0.93710928 0.98906545
602.57712365 0.63213377 556.70356424 606.69058356 656.67069545 0.52600695 0.59029131 0.79298922
602.57712365 0.64096686 556.70356424 606.69219647 656.67069545 0.52787448 0.60018371 0.80741692
604.21184919 0.98494408 556.67262799 606.61863460 656.54476057 0.98579639 0.98445601 0.98495607
604.21184919 0.98494408 556.67262799 606.61863460 656.54476057 0.98579639 0.98445601 0.98495607
604.21184919 0.98494408 556.67262799 606.61863460 656.54476057 0.98579639 0.98445601 0.98495607
604.21184919 0.96955621 556.67262799 606.62175837 656.54759686 0.97552335 0.96904893 0.96504109
604.21416511 0.98494769 556.66630011 606.63251213 656.56419407 0.98579639 0.98445601 0.98498238
604.21416511 0.96956340 556.66630011 606.63251213 656.56507126 0.97552335 0.96904893 0.96510324
603.63273533 0.54205357 556.85465304 606.81822823 656.78364475 0.54575949 0.51968161 0.55884827
603.63273533 0.54205357 556.85465304 606.81822823 656.78364475 0.54575949 0.51968161 0.55884827
603.63273533 0.54205357 556.85465304 606.81822823 656.78364475 0.54575949 0.51968161 0.55884827
603.63273533 0.54292221 556.85465304 606.81822823 656.78358090 0.54742465 0.52153786 0.55796732
603.56548472 0.96991891 556.81520992 606.80349704 656.69461121 0.96873093 0.96936723 0.97201062
603.56548472 0.98159465 556.81436247 606.80349704 656.69205062 0.97810964 0.98442435 0.98255006
604.30794052 0.99378944 556.54598015 606.50241742 656.48790057 0.99097244 0.99378974 0.99593302
604.30794052 0.99378944 556.54598015 606.50241742 656.48790057 0.99097244 0.99378974 0.99593302
604.30794052 0.99378944 556.54598015 606.50241742 656.48790057 0.99097244 0.99378974 0.99593302
604.30794052 0.95662153 556.54598015 606.50704508 656.48895320 0.96353711 0.96168713 0.94616758
604.29674734 0.99215006 556.45198311 606.48285218 656.41818418 0.98612724 0.99378974 0.99593302
604.29674734 0.95498216 556.45198311 606.48410218 656.41937465 0.95869191 0.96168713 0.94616758
603.54757864 0.97839855 556.65141218 606.62410020 656.58047177 0.98067008 0.97485067 0.97917671
603.54757864 0.97839855 556.65141218 606.62410020 656.58047177 0.98067008 0.97485067 0.97917671
603.54757864 0.97839855 556.65141218 606.62410020 656.58047177 0.98067008 0.97485067 0.97917671
603.54757864 0.98894358 556.65141218 606.62410020 656.57908288 0.98882152 0.98891963 0.98927053
603.53874009 0.97839855 556.67021498 606.58858017 656.58783195 0.98067008 0.97485067 0.97917671
603.53874009 0.98894358 556.67021498 606.58858017 656.58783195 0.98882152 0.98891963 0.98927053
603.77247354 0.63567229 556.56191672 606.52247394 656.53033944 0.55663070 0.57582659 0.77275126
603.77247354 0.63567229 556.56191672 606.52247394 656.53033944 0.55663070 0.57582659 0.77275126
603.77247354 0.63567229 556.56191672 606.52247394 656.53033944 0.55663070 0.57582659 0.77275126
603.77247354 0.64009676 556.56278629 606.52247394 656.52935905 0.55964613 0.57298179 0.78544887
603.74441010 0.86576043 556.56294777 606.53564678 656.51863076 0.75016173 0.91079432 0.93598178
603.74441010 0.87395158 556.56390931 606.53564678 656.51863076 0.75487783 0.91363966 0.95269188
603.80271140 0.98877199 556.59900769 606.59013938 656.61001272 0.98783905 0.98757250 0.99125881
603.80271140 0.98877199 556.59900769 606.59013938 656.61001272 0.98783905 0.98757250 0.99125881
603.80271140 0.98877199 556.59900769 606.59013938 656.61001272 0.98783905 0.98757250 0.99125881
603.80271140 0.99925373 556.59900769 606.59013938 656.61001272 1.00000000 0.99887640 0.99888889
603.82965426 0.53638206 556.67886684 606.64743148 656.68394276 0.54941981 0.52592587 0.53760872
603.82965426 0.53636937 556.67886684 606.64743148 656.68505387 0.55261851 0.52268727 0.53731320
603.54203882 0.95392847 556.96031911 606.96025804 656.95170576 0.94609833 0.94594584 0.96858072
603.54203882 0.95392847 556.96031911 606.96025804 656.95170576 0.94609833 0.94594584 0.96858072
603.54203882 0.95392847 556.96031911 606.96025804 656.95170576 0.94609833 0.94594584 0.96858072
603.54203882 0.96887813 556.96031911 606.96025804 656.95011845 0.96405036 0.96080100 0.98155038
603.54143641 0.95572139 556.96275760 606.96308561 656.94900649 0.95128723 0.94594584 0.96858072
603.54143641 0.97067105 556.96275760 606.96308561 656.94900649 0.96923925 0.96080100 0.98155038
603.51233429 0.98040631 556.86118814 606.85539405 656.88138999 0.98291997 0.97545273 0.98256764
603.13862893 0.98509477 556.42790997 606.42354640 656.40227559 0.98415503 0.98742350 0.98400956
603.51233429 0.98040631 556.86118814 606.85539405 656.88138999 0.98291997 0.97545273 0.98256764
603.51233429 0.94697958 556.86118814 606.85539405 656.88138999 0.94154830 0.93651716 0.96170129
603.61430961 0.52130414 556.98344554 606.98421927 656.98610659 0.51479924 0.54146233 0.51312439
603.05791042 0.53463300 556.31887240 606.31582267 656.30418638 0.55206976 0.51884076 0.53188577
603.56165663 0.53518168 556.67180574 606.66067621 656.63399867 0.55210016 0.54085295 0.51353797
603.60873756 0.52454265 556.52857534 606.48114014 656.49244802 0.54067759 0.51995663 0.51356212
603.56165663 0.53518168 556.67180574 606.66067621 656.63399867 0.55210016 0.54085295 0.51353797
603.56165663 0.53590892 556.67180574 606.66067621 656.63399867 0.55642775 0.53293691 0.51870381
603.54506266 0.96051387 556.65476737 606.65761826 656.63631441 0.97077176 0.96532310 0.94538329
603.61722187 0.98435202 556.49919045 606.51359900 656.48032890 0.98766145 0.98074322 0.98538182
603.83889633 0.99506261 556.56287075 606.62146664 656.57590467 0.99268268 0.99723072 0.99527673
603.53996923 0.99408868 556.91553066 606.90909942 656.91432651 0.99488001 0.99280584 0.99384515
603.83889633 0.99506261 556.56287075 606.62146664 656.57590467 0.99268268 0.99723072 0.99527673
603.83889633 0.96941633 556.56287075 606.62331031 656.57590467 0.97111166 0.96685094 0.97027075
603.87876695 0.99506261 556.61637459 606.62644422 656.57408558 0.99268268 0.99723072 0.99527673
603.55772060 0.96447951 556.87077094 606.92162511 656.88323889 0.95844006 0.95634764 0.97662152
603.44206893 0.72809345 556.58315875 606.61193133 656.55262635 0.56752948 0.70817392 0.91130757
603.89222032 0.72663107 556.56632608 606.55281072 656.55280069 0.57421725 0.70685288 0.89671485
603.44206893 0.72809345 556.58315875 606.61193133 656.55262635 0.56752948 0.70817392 0.91130757
603.44206893 0.73749918 556.58315875 606.61193133 656.55262635 0.56920875 0.71101917 0.93479969
603.46178887 0.83494669 556.58296403 606.61293217 656.55907257 0.68261140 0.86585990 0.95875220
603.88575781 0.84827403 556.56443792 606.52427616 656.52786947 0.67936644 0.88315655 0.98129504
603.55916288 0.90697285 556.53020479 606.57657168 656.53784914 0.83356496 0.94571890 0.94597321
603.59424390 0.90877688 556.51725595 606.52192065 656.61348957 0.83647141 0.95047791 0.94212449
603.55916288 0.90697285 556.53020479 606.57657168 656.53784914 0.83356496 0.94571890 0.94597321
603.55916288 0.91744074 556.53020479 606.57657168 656.53784914 0.84440951 0.95300325 0.95917595
603.92887829 0.95410266 556.91553938 606.91766680 656.92219192 0.96031881 0.95763404 0.94602460
603.54665565 0.96702943 556.43927594 606.39019051 656.50177812 0.97438119 0.96865655 0.95920981
603.13559392 0.97876976 556.20100741 606.11642946 656.13255904 0.97732963 0.98047275 0.97964787
602.71303946 0.97395809 556.42524509 606.42714201 656.44288379 0.97120171 0.96716269 0.98179037
603.13559392 0.97876976 556.20100741 606.11642946 656.13255904 0.97732963 0.98047275 0.97964787
603.13559392 0.98765165 556.20100741 606.11642946 656.12922367 0.98731872 0.98800528 0.98800205
603.12816036 0.97187143 556.21235041 606.09482929 656.12702138 0.95685498 0.98047275 0.97964787
602.70685458 0.98141563 556.43124340 606.42198201 656.46371200 0.97226424 0.98014776 0.99245827
604.03275859 0.54391739 556.50367744 606.43429586 656.41742883 0.54858799 0.50798399 0.57449462
603.29073663 0.54731189 556.86956561 606.83873934 656.84430549 0.52589202 0.54553552 0.57181064
604.03275859 0.54391739 556.50367744 606.43429586 656.41742883 0.54858799 0.50798399 0.57449462
604.03275859 0.54190615 556.50367744 606.43533753 656.41956842 0.54452765 0.51088071 0.56977374
604.02611444 0.59482163 556.48168222 606.46194081 656.39436923 0.54858799 0.53549261 0.69819859
603.26123069 0.59521541 556.85074207 606.86724479 656.87050631 0.52845791 0.55698609 0.70370971
603.11489078 0.98942114 556.86175848 606.88317721 656.73093887 0.99101877 0.98953281 0.98769374
603.58992766 0.98874577 556.29890662 606.34012093 656.36766461 0.98564783 0.98946776 0.99122729
603.11489078 0.98942114 556.86175848 606.88317721 656.73093887 0.99101877 0.98953281 0.98769374
603.11489078 0.97735774 556.86175848 606.88317721 656.73269326 0.97280639 0.97461969 0.98430533
603.14614272 0.98942114 556.91227139 606.88249553 656.74781981 0.99101877 0.98953281 0.98769374
603.59669594 0.97682672 556.30732340 606.31148422 656.37797242 0.98090338 0.97691040 0.97313635
603.49910684 0.96233469 556.85693565 606.87915635 656.87500629 0.95668567 0.95485510 0.97334283
603.92887829 0.96981745 556.91553938 606.91766680 656.92219192 0.97702294 0.96845790 0.96488730
603.49910684 0.96233469 556.85693565 606.87915635 656.87500629 0.95668567 0.95485510 0.97334283
603.49910684 0.96125358 556.85693565 606.87915635 656.87500629 0.95668567 0.95165489 0.97334283
603.53782698 0.96233469 556.87388330 606.89159576 656.88177858 0.95668567 0.95485510 0.97334283
603.92767186 0.96820940 556.91430481 606.91766680 656.91948922 0.97583247 0.96740527 0.96275964
603.89515588 0.98566253 556.55311355 606.52718001 656.51532025 0.97082188 0.99123778 0.99495498
603.12816036 0.98505961 556.21148126 606.09313909 656.12538104 0.96940657 0.99229694 0.99394155
603.89515588 0.98566253 556.55311355 606.52718001 656.51532025 0.97082188 0.99123778 0.99495498
603.89515588 0.98531288 556.55311355 606.52718001 656.51532025 0.97082188 0.99123778 0.99394488
603.89795752 0.94159809 556.55924233 606.53422540 656.53233871 0.85520552 0.97648318 0.99389115
603.12896655 0.93227795 556.22536705 606.13523558 656.12736049 0.83925249 0.96717627 0.99308685
603.05640367 0.95711174 556.35748618 606.36982992 656.33610828 0.96041216 0.95862961 0.95248591
604.12761084 0.95580392 556.46813241 606.43279223 656.35204182 0.96385941 0.96093780 0.94357605
603.05640367 0.95711174 556.35748618 606.36982992 656.33610828 0.96041216 0.95862961 0.95248591
603.05640367 0.95502749 556.35748618 606.36982992 656.33610828 0.95770642 0.95862961 0.94882357
603.13915240 0.55072158 556.33519099 606.31746467 656.30179825 0.55113518 0.51887444 0.58184239
604.03275859 0.54257730 556.50367744 606.43533753 656.41956842 0.54548004 0.51088071 0.57060984
603.67527570 0.59667098 556.61822494 606.57762354 656.55544401 0.54561195 0.53474053 0.70904397
603.22009791 0.59973419 556.86664143 606.78863571 656.71215310 0.52773119 0.56860311 0.70676401
603.67527570 0.59667098 556.61822494 606.57762354 656.55544401 0.54561195 0.53474053 0.70904397
603.67527570 0.59666739 556.61822494 606.57762354 656.55544401 0.54427861 0.53609188 0.70904397
603.66383981 0.98266780 556.62129926 606.61105799 656.54701288 0.98525041 0.97964432 0.98408312
603.11489078 0.97936287 556.86175848 606.88317721 656.73269326 0.97586428 0.97611223 0.98579787
603.32916116 0.53260085 556.87277486 606.86416265 656.86986786 0.53144939 0.54282172 0.52361772
603.61430961 0.51842741 556.98344554 606.98421927 656.98610659 0.51603786 0.54676817 0.49662456
603.32916116 0.53212466 556.87277486 606.86416265 656.86986786 0.53144939 0.54282172 0.52210256
603.32916116 0.52927663 556.87277486 606.86416265 656.86855207 0.52142659 0.53388101 0.53228171
603.31969504 0.53259408 556.89038082 606.89588207 656.88525584 0.53019939 0.54421061 0.52361772
603.61832931 0.52016487 556.96221746 606.97368157 656.97031524 0.52078239 0.52907958 0.51543019
603.59055424 0.97489949 556.32326441 606.34307097 656.37465425 0.97794653 0.97494943 0.97213635
603.54506266 0.97805775 556.65476737 606.65761826 656.63521551 0.98491474 0.97533801 0.97399542
603.59055424 0.97489949 556.32326441 606.34307097 656.37465425 0.97794653 0.97494943 0.97213635
603.59055424 0.98584871 556.32326441 606.34307097 656.37465425 0.98471325 0.98848737 0.98457042
603.59476860 0.97457587 556.30596152 606.34084538 656.37480591 0.97700313 0.97494943 0.97213635
603.56957971 0.98719935 556.67119695 606.67736503 656.63770183 0.98499707 0.98881548 0.98806304
603.55976581 0.84825602 556.46446551 606.43267544 656.50246120 0.68207720 0.88333180 0.98061928
603.86735292 0.83930994 556.63033717 606.63481716 656.58143983 0.67407434 0.87480612 0.96943075
603.55976581 0.84825602 556.46446551 606.43267544 656.50246120 0.68207720 0.88333180 0.98061928
603.55976581 0.83868006 556.46446551 606.43267544 656.50246120 0.68208794 0.87438005 0.96171923
603.58617261 0.98926863 556.55891480 606.61677586 656.67566085 0.98836524 0.99002370 0.98966967
603.83889633 0.97405556 556.56287075 606.62237573 656.57590467 0.97672013 0.97341713 0.97214057
602.69754932 0.95596009 556.43536976 606.43624583 656.50939004 0.95125164 0.94605568 0.96822917
603.42381677 0.96424570 556.59962580 606.58200719 656.55104055 0.96666756 0.96665094 0.95984955
602.69754932 0.95596009 556.43536976 606.43624583 656.50939004 0.95125164 0.94605568 0.96822917
602.69754932 0.99566742 556.43536976 606.43624583 656.50939004 0.99639987 0.99668311 0.99409762
602.67517175 0.70620359 556.41060901 606.42894046 656.47944896 0.55860576 0.67679538 0.89527930
603.44206893 0.73884651 556.58315875 606.61193133 656.55262635 0.57056301 0.71266064 0.93643903
603.11690727 0.96187644 556.64473813 606.61817116 656.62908434 0.96066628 0.95097097 0.97337913
603.76064011 0.97217546 556.85548674 606.91161925 656.88839009 0.97747275 0.97201938 0.96798514
603.11690727 0.96187644 556.64473813 606.61817116 656.62908434 0.96066628 0.95097097 0.97337913
603.11690727 0.96187644 556.64473813 606.61817116 656.62908434 0.96066628 0.95097097 0.97337913
603.11689579 0.92771225 556.62909582 606.60222139 656.60927082 0.86587611 0.94342469 0.97337913
603.77925187 0.93631257 556.85685824 606.93066966 656.89186729 0.87726249 0.96624276 0.96798514
603.35746302 0.55587261 556.42315191 606.42800568 656.46195049 0.54897065 0.52416051 0.60097139
603.36906047 0.54183720 556.36867168 606.35673984 656.41216311 0.52544781 0.53381648 0.56240124
603.35746302 0.55587261 556.42315191 606.42800568 656.46195049 0.54897065 0.52416051 0.60097139
603.35746302 0.55587261 556.42315191 606.42800568 656.46195049 0.54897065 0.52416051 0.60097139
603.36058653 0.99573930 556.17108125 606.27734466 656.32381363 0.99412225 0.99407948 0.99885057
603.41920586 0.99009638 556.35979615 606.35276720 656.42224077 0.99161213 0.98982609 0.98836906
603.40391881 0.95784735 556.24833262 606.26169837 656.30911103 0.96354793 0.96186661 0.94903821
603.73657962 0.95836812 556.77060947 606.76814369 656.78654472 0.96313867 0.94901394 0.96177038
603.40391881 0.95784735 556.24833262 606.26169837 656.30911103 0.96354793 0.96186661 0.94903821
603.40391881 0.95784735 556.24833262 606.26169837 656.30911103 0.96354793 0.96186661 0.94903821
603.39967478 0.95784735 556.23617348 606.25982669 656.31243022 0.96354793 0.96186661 0.94903821
603.83281113 0.95787307 556.81242479 606.84571732 656.86052854 0.96168939 0.94901394 0.96177038
603.30210013 0.95081477 556.41884623 606.41420175 656.45248941 0.89019092 0.97659789 0.98715231
603.81359303 0.94570525 556.72456072 606.72027910 656.70279586 0.87664822 0.97483105 0.98627783
603.30210013 0.95081477 556.41884623 606.41420175 656.45248941 0.89019092 0.97659789 0.98715231
603.30210013 0.95081477 556.41884623 606.41420175 656.45248941 0.89019092 0.97659789 0.98715231
603.27644672 0.55484210 556.44687732 606.46178195 656.49236665 0.52668338 0.54449391 0.59673251
603.82056966 0.54805729 556.80712489 606.78981470 656.76077660 0.54347967 0.51088954 0.59028141
603.37155975 0.76064221 556.46309015 606.47419500 656.44600764 0.58971465 0.74325284 0.95153087
603.60052103 0.75617079 556.46880712 606.51788110 656.47131937 0.58195389 0.75375484 0.93256322
603.37155975 0.76064221 556.46309015 606.47419500 656.44600764 0.58971465 0.74325284 0.95153087
603.37155975 0.74385000 556.46309015 606.47529390 656.44844703 0.58766449 0.73714232 0.90924470
603.39726715 0.98966972 556.48428233 606.48736721 656.46620049 0.98727159 0.98975759 0.99217106
603.56521852 0.95289067 556.36028597 606.40993923 656.35367754 0.95666019 0.95665251 0.94550589
603.32090677 0.96367167 556.37619788 606.38846415 656.36710744 0.96540638 0.96228240 0.96367047
603.51904150 0.96609655 556.55838020 606.55429455 656.49677924 0.96818965 0.96793414 0.96226183
603.32090677 0.96367167 556.37619788 606.38846415 656.36710744 0.96540638 0.96228240 0.96367047
603.32090677 0.97779252 556.37528045 606.38846415 656.36710744 0.97789959 0.97971666 0.97685088
603.27765253 0.53160837 556.43983539 606.44308963 656.43726788 0.55238113 0.51682283 0.52450893
603.49840683 0.52918423 556.57844695 606.57936568 656.54714906 0.54570856 0.52445357 0.51850055
603.69769372 0.52946896 556.55208755 606.58818764 656.53627892 0.55147893 0.51609547 0.51913531
603.55016005 0.52349595 556.52927920 606.51529602 656.58154062 0.51681946 0.53765693 0.51931425
603.69769372 0.52946896 556.55208755 606.58818764 656.53627892 0.55147893 0.51609547 0.51913531
603.69769372 0.53018068 556.55208755 606.58818764 656.53529853 0.54952064 0.52040660 0.51913582
603.66582758 0.75945827 556.54640739 606.58376346 656.54889664 0.59003847 0.75165902 0.93620552
603.56820903 0.73024351 556.55796333 606.51314019 656.58528192 0.56515732 0.71423962 0.91332811
603.55152036 0.94590513 556.58105514 606.57712033 656.57622661 0.94182930 0.93418084 0.95956346
603.65182406 0.95411158 556.34576584 606.38858627 656.37934430 0.96383191 0.96172744 0.93761042
603.55152036 0.94590513 556.58105514 606.57712033 656.57622661 0.94182930 0.93418084 0.95956346
603.55152036 0.98962294 556.58105514 606.57712033 656.57622661 0.98890262 0.99013218 0.99031136
603.51385578 0.94644861 556.60216025 606.58225169 656.62344208 0.94341660 0.93418084 0.95956346
603.67677776 0.99023686 556.32305381 606.37422308 656.34155619 0.98945427 0.98884407 0.99277894
602.93717996 0.97902281 556.85780402 606.81368063 656.74478319 0.97683077 0.97465624 0.98593186
602.63292455 0.97499211 556.50766006 606.47570827 656.45971357 0.97659713 0.96589983 0.98324831
602.93717996 0.97902281 556.85780402 606.81368063 656.74478319 0.97683077 0.97465624 0.98593186
602.93717996 0.95290420 556.85780402 606.81368063 656.75411216 0.95420364 0.94110635 0.96390820
602.86705316 0.97851261 556.83721841 606.80435262 656.74249358 0.97551498 0.97465624 0.98593186
602.81014640 0.94635516 556.63627722 606.58195215 656.60190267 0.94536341 0.93225336 0.96096631
603.78123967 0.84638231 556.26702006 606.21013703 656.13424609 0.71678208 0.89031753 0.93320670
603.94278208 0.85159850 556.88749341 606.88557716 656.92193463 0.71477178 0.90171529 0.93962099
603.78123967 0.84638231 556.26702006 606.21013703 656.13424609 0.71678208 0.89031753 0.93320670
603.78123967 0.86870035 556.26702006 606.21019427 656.12932684 0.72886329 0.90477658 0.97310774
603.79208606 0.52725289 556.28589387 606.23970640 656.18344973 0.54558300 0.51032781 0.52772135
603.93597094 0.53637591 556.90192947 606.91483848 656.93077262 0.55199551 0.52024540 0.53673886
603.38244055 0.99190144 556.37767496 606.30250816 656.22918736 0.98950787 0.99221002 0.99385231
603.95280186 0.99172162 556.60478563 606.61085610 656.64530768 0.98949445 0.99227361 0.99346611
603.38244055 0.99190144 556.37767496 606.30250816 656.22918736 0.98950787 0.99221002 0.99385231
603.38244055 0.96904595 556.37946582 606.30511966 656.23460135 0.96793426 0.96803803 0.97151626
603.37547816 0.86778124 556.36832351 606.25577456 656.22883154 0.70948783 0.90953134 0.98513048
603.95438736 0.85230156 556.53529631 606.56939314 656.60783309 0.70790007 0.89262592 0.95657643
603.85786645 0.52968569 556.28323291 606.25532609 656.12943350 0.54086216 0.51987200 0.52690672
603.30107994 0.53572973 556.59205047 606.52788895 656.55445347 0.52354017 0.54860034 0.53521388
603.85786645 0.52968569 556.28323291 606.25532609 656.12943350 0.54086216 0.51987200 0.52690672
603.85786645 0.52764149 556.28323291 606.25659191 656.13239398 0.54207672 0.51489735 0.52388052
603.86059576 0.96732209 556.23680668 606.19012507 656.05026745 0.97465666 0.96527850 0.96295973
603.28851108 0.99253626 556.57810252 606.55239258 656.53967557 0.99453552 0.98979443 0.99253448
603.50598632 0.62130545 556.80458606 606.82851932 656.80885878 0.53121119 0.58320318 0.75173988
604.17829483 0.62229668 556.97510208 606.93695958 656.93089568 0.54907703 0.57358003 0.74396111
603.50598632 0.62130545 556.80458606 606.82851932 656.80885878 0.53121119 0.58320318 0.75173988
603.50598632 0.62448734 556.80458606 606.82851932 656.80885878 0.53520076 0.58307427 0.75740669
603.48827535 0.95825297 556.85087457 606.83264743 656.82252692 0.95382555 0.96251507 0.95861183
604.14736857 0.97279560 556.95717339 606.91303867 656.87456412 0.97386351 0.97341526 0.97230465
603.71708454 0.98656206 556.59645876 606.57666604 656.54494782 0.98594826 0.98872260 0.98503585
603.46571829 0.98671918 556.50152955 606.43269844 656.42176259 0.98608127 0.98744817 0.98665676
603.71708454 0.98656206 556.59645876 606.57666604 656.54494782 0.98594826 0.98872260 0.98503585
603.71708454 0.99750283 556.59645876 606.57482080 656.54494782 0.99741024 0.99910714 0.99619284
603.73239059 0.98656206 556.57983476 606.57044229 656.52884724 0.98594826 0.98872260 0.98503585
603.35118076 0.99734683 556.52178170 606.48426651 656.45502184 0.99661469 0.99913043 0.99644888
603.46634378 0.97343066 556.52562704 606.55169919 656.47967243 0.97463669 0.97367388 0.97309908
604.43955485 0.97302336 556.72357720 606.69616176 656.67456581 0.97341567 0.97552699 0.97093771
603.46634378 0.97343066 556.52562704 606.55169919 656.47967243 0.97463669 0.97367388 0.97309908
603.46634378 0.96049234 556.52562704 606.55169919 656.47967243 0.96356615 0.96816443 0.95102297
603.47483434 0.97672614 556.52380126 606.55380821 656.51315670 0.98446313 0.97367388 0.97309908
604.40602170 0.96126097 556.72355335 606.69497396 656.68477120 0.97123329 0.96392975 0.94952408
603.15648046 0.99765386 556.98840862 606.95226038 656.97339369 1.00000000 0.99841270 0.99430140
603.15020071 0.99895285 556.56445267 606.55867776 656.57871971 1.00000000 1.00000000 0.99715955
603.15648046 0.99765386 556.98840862 606.95226038 656.97339369 1.00000000 0.99841270 0.99430140
603.15648046 0.98177745 556.98840862 606.95226038 656.97339369 0.98443396 0.97798449 0.98333280
603.13419222 0.60876785 556.90506042 606.87460884 656.88245126 0.51197762 0.58472083 0.73272801
603.14353542 0.61499727 556.54827668 606.54261054 656.55002284 0.52726149 0.57394731 0.75085794
602.74497843 0.52495259 556.64383151 606.60905042 656.59743288 0.52517028 0.53689838 0.51200948
603.37341515 0.52458637 556.30313340 606.29116588 656.33676755 0.54367741 0.51752495 0.51264673
602.74497843 0.52495259 556.64383151 606.60905042 656.59743288 0.52517028 0.53689838 0.51200948
602.74497843 0.52314572 556.64383151 606.61105042 656.60061470 0.52526899 0.54312064 0.49858464
602.71638926 0.94818447 556.48530454 606.46506143 656.48544006 0.94539365 0.93573188 0.96304964
603.39094178 0.99611331 556.23727945 606.25658853 656.31696562 0.99239846 0.99910714 0.99705640
603.91669961 0.98561011 556.82767376 606.79462824 656.83873263 0.98781079 0.98299105 0.98670739
603.28925990 0.98165752 556.39067507 606.44175283 656.44603127 0.98275457 0.97511647 0.98715231
603.91669961 0.98561011 556.82767376 606.79462824 656.83873263 0.98781079 0.98299105 0.98670739
603.91669961 0.97501960 556.82767376 606.79572714 656.83873263 0.98338099 0.97277394 0.96946165
603.84365943 0.68397268 556.77776387 606.70216474 656.73941274 0.56132915 0.62155148 0.86830028
603.29917391 0.67197968 556.46015328 606.46212798 656.46491377 0.52882558 0.63677598 0.85525681
603.95466348 0.80265123 556.59366782 606.55136014 656.61401136 0.63686224 0.82552854 0.94616925
603.09338355 0.80144245 556.64441730 606.61322254 656.61843676 0.62811856 0.82179774 0.95702050
603.95466348 0.80265123 556.59366782 606.55136014 656.61401136 0.63686224 0.82552854 0.94616925
603.95466348 0.81060817 556.59366782 606.55136014 656.61401136 0.63963644 0.83130388 0.96097825
603.95440430 0.96849386 556.59492942 606.62893283 656.62240586 0.96851601 0.96938121 0.96827962
603.09655188 0.97904743 556.58590927 606.54675765 656.56546681 0.98252955 0.97284075 0.98229868
603.29080899 0.99392950 556.57638116 606.54828626 656.54825366 0.99451540 0.99278216 0.99378448
603.27406112 0.99418439 556.23209716 606.20789719 656.30835485 0.99176947 0.99407948 0.99666158
603.29080899 0.99392950 556.57638116 606.54828626 656.54825366 0.99451540 0.99278216 0.99378448
603.29080899 0.95981899 556.57780973 606.54828626 656.55101557 0.96445007 0.95830091 0.95692455
603.28337044 0.99392731 556.57748668 606.55169004 656.53583811 0.99453552 0.99278216 0.99378448
603.37956879 0.96314405 556.35792684 606.39547114 656.44794386 0.97335113 0.96782027 0.95027336
604.11083075 0.98995088 556.81738191 606.75467210 656.82080831 0.99107745 0.98975303 0.98906408
603.66230526 0.98903554 556.53702201 606.57353264 656.56005994 0.98616650 0.99017891 0.99039250
604.11083075 0.98995088 556.81738191 606.75467210 656.82080831 0.99107745 0.98975303 0.98906408
604.11083075 0.98283246 556.81738191 606.75467210 656.82080831 0.98738015 0.97945627 0.98197173
604.01035208 0.91959802 556.73459634 606.72539774 656.73990172 0.81383617 0.95864118 0.98784457
603.67753288 0.91618233 556.51983674 606.53435569 656.52967072 0.81253266 0.95763251 0.97981287
603.47019132 0.95307300 556.61719652 606.55431451 656.55765215 0.93401473 0.96048163 0.96545380
603.56025537 0.94538267 556.57742914 606.58764126 656.60461835 0.91866391 0.94753768 0.96821161
603.47019132 0.95307300 556.61719652 606.55431451 656.55765215 0.93401473 0.96048163 0.96545380
603.47019132 0.94568849 556.61719652 606.55431451 656.55853711 0.93043417 0.95695928 0.95044411
603.45242673 0.96368777 556.59477599 606.53369992 656.56190948 0.96544215 0.96142503 0.96449226
603.52255440 0.94754153 556.61559919 606.57662375 656.61828116 0.94490914 0.93584751 0.95956346
604.39392767 0.99930676 556.72748377 606.65571153 656.67841686 1.00000000 1.00000000 0.99793793
603.39555990 1.00000000 556.47644783 606.39613843 656.45472443 1.00000000 1.00000000 1.00000000
604.39392767 0.99930676 556.72748377 606.65571153 656.67841686 1.00000000 1.00000000 0.99793793
604.39392767 0.99100699 556.72748377 606.65678680 656.67841686 0.98971074 0.99032776 0.99322784
604.40843792 0.99930676 556.70356773 606.69303392 656.67444203 1.00000000 1.00000000 0.99793793
603.40416407 0.99139207 556.46735011 606.37002251 656.39930991 0.99094592 0.99085649 0.99217106
603.13300846 0.57855073 556.56462267 606.54732359 656.54590582 0.52716462 0.54839983 0.66514960
603.27946068 0.58142375 556.44905411 606.45139079 656.43289974 0.55145115 0.53522645 0.65913606
603.13300846 0.57855073 556.56462267 606.54732359 656.54590582 0.52716462 0.54839983 0.66514960
603.13300846 0.57749523 556.56462267 606.54732359 656.54590582 0.52415025 0.55325937 0.66133175
603.11233355 0.53578244 556.57537304 606.54858224 656.56743079 0.52716462 0.53374268 0.55078028
603.27945797 0.54242769 556.44796517 606.45032683 656.43328417 0.55070676 0.51678983 0.55924123
603.55528805 0.99321017 556.54758308 606.48255018 656.57166248 0.99281627 0.99108200 0.99516045
603.47742955 0.99546677 556.80957066 606.84807640 656.80328335 0.99459357 0.99440423 0.99735088
603.55528805 0.99321017 556.54758308 606.48255018 656.57166248 0.99281627 0.99108200 0.99516045
603.55528805 0.97508818 556.54758308 606.48455018 656.57166248 0.97465601 0.96736024 0.98209002
603.57676820 0.81015113 556.54325225 606.50634692 656.57807438 0.63099165 0.82868754 0.97154249
603.52048275 0.81177558 556.82742190 606.81854019 656.81111135 0.64737915 0.82452683 0.96497475
603.65977940 0.97686751 556.36577861 606.39472152 656.37058979 0.98523697 0.97538925 0.97052826
603.71025714 0.97407529 556.53304245 606.55541666 656.53226813 0.97569075 0.97467760 0.97190606
603.65977940 0.97686751 556.36577861 606.39472152 656.37058979 0.98523697 0.97538925 0.97052826
603.65977940 0.95951903 556.36577861 606.39472152 656.37058979 0.97017669 0.96402010 0.94531238
603.68937772 0.97686751 556.33165971 606.35669605 656.35282907 0.98523697 0.97538925 0.97052826
603.69304945 0.95909726 556.55210100 606.55956962 656.56226940 0.96459042 0.95851586 0.95398010
603.56319110 0.66715363 556.43913907 606.47691922 656.41647325 0.55544800 0.60948605 0.83519998
603.49590042 0.68136884 556.57488585 606.57867258 656.54579087 0.56117118 0.62619676 0.85951811
603.56319110 0.66715363 556.43913907 606.47691922 656.41647325 0.55544800 0.60948605 0.83519998
603.56319110 0.66868644 556.43913907 606.47691922 656.41647325 0.55282325 0.60946497 0.84268711
603.55955508 0.98592509 556.35069912 606.42872942 656.38772233 0.98534716 0.98710790 0.98544607
603.49514631 0.99296645 556.51151946 606.55856874 656.49086550 0.98877860 0.99325715 0.99670146
603.52349369 0.96211204 556.55693838 606.54435773 656.50370051 0.96432467 0.96519390 0.95715906
602.96262642 0.94770305 556.72193345 606.76346359 656.70603770 0.94533330 0.93381505 0.96304845
603.52349369 0.96211204 556.55693838 606.54435773 656.50370051 0.96432467 0.96519390 0.95715906
603.52349369 0.96918815 556.55693838 606.54435773 656.50370051 0.97072129 0.97057303 0.96592701
603.50496432 0.52915857 556.58752520 606.60987794 656.52892492 0.54169252 0.52700695 0.52016539
602.95049357 0.52060477 556.76276140 606.75518827 656.75853974 0.51184354 0.54220217 0.50540595
603.84473242 0.96481630 556.85611818 606.85811181 656.85518217 0.96488960 0.95973749 0.96901093
602.87404371 0.96313498 556.85780152 606.83516614 656.76037252 0.96038399 0.95784430 0.97172856
603.84473242 0.96481630 556.85611818 606.85811181 656.85518217 0.96488960 0.95973749 0.96901093
603.84473242 0.99900988 556.84848900 606.85170336 656.85518217 1.00000000 1.00000000 0.99709168
603.79808102 0.96481630 556.78559932 606.79734062 656.85112686 0.96488960 0.95973749 0.96901093
602.88965144 0.99898734 556.90139831 606.84992836 656.77749255 1.00000000 1.00000000 0.99680584
603.82817281 0.53315241 556.82992184 606.79358047 656.75148871 0.54153334 0.50493680 0.55389220
603.77145582 0.53502437 556.26803489 606.22683902 656.16836143 0.54553712 0.50271305 0.55754476
603.82817281 0.53282561 556.82992184 606.79358047 656.75148871 0.54053334 0.50493680 0.55389220
603.82817281 0.53713044 556.83095276 606.79245687 656.75148871 0.54657246 0.51118628 0.55484047
603.80664533 0.57319716 556.79127075 606.74800284 656.74345098 0.53949167 0.51995464 0.66040181
603.73525540 0.57867678 556.25897325 606.23324255 656.16258954 0.54950668 0.52388375 0.66284748
603.77686077 0.95626632 556.88412168 606.96980931 656.97705871 0.96414046 0.96028522 0.94521030
603.35120338 0.95458809 556.35271416 606.28608817 656.20273083 0.95856777 0.95510498 0.95072829
603.77686077 0.95626632 556.88412168 606.96980931 656.97705871 0.96414046 0.96028522 0.94521030
603.77686077 0.98884923 556.88295889 606.96980931 656.97705871 0.98914020 0.98838001 0.98900180
603.77247754 0.94634733 556.83677649 606.92080742 656.85275760 0.93223311 0.96250065 0.94521030
603.35146548 0.97715866 556.36635952 606.27455854 656.22192625 0.95600481 0.98716922 0.98777647
603.39280236 0.89492549 556.38123868 606.36690647 656.40403722 0.77690541 0.92862682 0.97803526
603.95855956 0.91268906 556.45105149 606.47343195 656.41873760 0.80741709 0.94965846 0.98239809
603.39280236 0.89492549 556.38123868 606.36690647 656.40403722 0.77690541 0.92862682 0.97803526
603.39280236 0.87977574 556.38123868 606.36690647 656.40403722 0.75990977 0.91035660 0.96659361
603.41334134 0.97558721 556.35683475 606.34565323 656.41214080 0.98189289 0.96430802 0.98047428
603.85378499 0.96365685 556.28126300 606.23613862 656.14427987 0.97122962 0.96402850 0.95679133
