0.00000000 450.10000000 0.00000000 0.00000000 0.00000000
0.00000000 450.10000000 0.00000000 0.00000000 0.00000000
0.00000000 450.10000000 0.00000000 0.00000000 0.00000000
0.00000000 450.10000000 0.00000000 0.00000000 0.00000000
0.00000000 450.10000000 0.00000000 0.00000000 0.00000000
0.00000000 450.10000000 0.00000000 0.00000000 0.00000000
0.59550982 570.60000000 0.58149921 0.59169802 0.61349159
0.59550982 570.60000000 0.58149921 0.59169802 0.61349159
0.59550982 570.60000000 0.58149921 0.59169802 0.61349159
0.59550982 570.60000000 0.58149921 0.59169802 0.61349159
0.59550982 570.60000000 0.58149921 0.59169802 0.61349159
0.59550982 570.60000000 0.58149921 0.59169802 0.61349159
0.32914347 790.00000000 0.32871243 0.31863289 0.33770054
0.32914347 790.00000000 0.32871243 0.31863289 0.33770054
0.33442074 792.20000000 0.34428250 0.30113799 0.35276454
0.32914347 790.00000000 0.32871243 0.31863289 0.33770054
0.75975193 600.00000000 0.76712802 0.76167544 0.75001289
0.75025756 611.40000000 0.73566332 0.75846282 0.75564010
0.77422449 397.80000000 0.79122635 0.77768350 0.75866374
0.77422449 397.80000000 0.79122635 0.77768350 0.75866374
0.77034514 407.00000000 0.76999935 0.77793469 0.76083774
0.77422449 397.80000000 0.79122635 0.77768350 0.75866374
0.34913845 528.90000000 0.35590382 0.35915247 0.33638435
0.32534383 530.10000000 0.35031793 0.33578403 0.28559871
0.84090573 412.90000000 0.83640045 0.84275255 0.84181848
0.84090573 412.90000000 0.83640045 0.84275255 0.84181848
0.82532451 418.90000000 0.80994182 0.83981731 0.82550876
0.83161858 419.60000000 0.81816438 0.84922971 0.82800694
0.84090573 412.90000000 0.83640045 0.84275255 0.84181848
0.82343558 418.70000000 0.80186678 0.84377513 0.82689418
0.47415407 798.30000000 0.46780595 0.47145403 0.47921430
0.47415407 798.30000000 0.46780595 0.47145403 0.47921430
0.44031944 821.10000000 0.43953382 0.44279934 0.44096005
0.48016137 798.30000000 0.46879472 0.49279692 0.47851733
0.47415407 798.30000000 0.46780595 0.47145403 0.47921430
0.45420310 806.30000000 0.44732084 0.46374974 0.44836439
0.67713040 591.80000000 0.66181952 0.68434838 0.68606412
0.67713040 591.80000000 0.66181952 0.68434838 0.68606412
0.67888477 588.90000000 0.69914725 0.66845171 0.66626461
0.69352325 581.00000000 0.70519091 0.69888727 0.67516466
0.17839332 773.40000000 0.17504350 0.17426433 0.18322709
0.17995235 774.40000000 0.18876153 0.17968687 0.16907892
0.17917684 492.20000000 0.18799007 0.15818455 0.18686594
0.17917684 492.20000000 0.18799007 0.15818455 0.18686594
0.18165565 492.80000000 0.16979176 0.19382020 0.18082188
0.17436701 494.40000000 0.16356758 0.15717763 0.19602284
0.67753654 379.80000000 0.66788036 0.68005246 0.68096353
0.68136200 373.60000000 0.70658613 0.66824828 0.67282956
0.53961846 443.40000000 0.51212484 0.56547028 0.53741579
0.54447721 622.90000000 0.55387066 0.56184762 0.52086731
0.53961846 443.40000000 0.51212484 0.56547028 0.53741579
0.53549498 445.70000000 0.50571183 0.54115614 0.55425274
0.85876898 337.40000000 0.86536269 0.85932937 0.85035921
0.84543693 472.20000000 0.83998122 0.85288336 0.84547334
0.85405484 520.20000000 0.85842567 0.86070662 0.84276513
0.85057316 294.50000000 0.86846798 0.84419614 0.84246008
0.85405484 520.20000000 0.85842567 0.86070662 0.84276513
0.84664991 516.10000000 0.84954715 0.84003315 0.84890202
0.52548399 686.60000000 0.51414174 0.54059634 0.51985713
0.54454183 383.10000000 0.51873298 0.56973835 0.53820757
0.24965763 927.00000000 0.24471414 0.26991723 0.23189044
0.26823096 578.40000000 0.26699765 0.27349348 0.26419760
0.25701548 919.70000000 0.26463315 0.24377512 0.26465546
0.25807142 916.80000000 0.25901775 0.25384778 0.26623790
0.24965763 927.00000000 0.24471414 0.26991723 0.23189044
0.26184977 580.30000000 0.25953538 0.25864970 0.26431740
0.72164378 496.10000000 0.72481219 0.71362139 0.72624786
0.70459336 656.70000000 0.71908548 0.67306114 0.71987309
0.73255406 491.50000000 0.74248846 0.71980708 0.73399033
0.72120571 498.30000000 0.73721423 0.69223226 0.73113954
0.72164378 496.10000000 0.72481219 0.71362139 0.72624786
0.72081115 651.10000000 0.71216340 0.73056280 0.71929112
0.63300215 477.00000000 0.64485139 0.63871038 0.61216593
0.62624255 755.60000000 0.61118857 0.62137716 0.64398815
0.63495541 473.10000000 0.62440738 0.62861133 0.65260311
0.63711347 472.70000000 0.63745846 0.63652099 0.63406089
0.08229302 620.50000000 0.07635735 0.08161970 0.08940151
0.08459701 983.00000000 0.09094669 0.08697121 0.07391931
0.08276547 914.80000000 0.09126451 0.07883081 0.07970152
0.08393522 690.20000000 0.07635428 0.08632698 0.08832609
0.09179122 904.90000000 0.09439325 0.08939345 0.09133042
0.09256989 908.90000000 0.06973353 0.10318350 0.10390200
0.63972526 693.50000000 0.62035468 0.62903937 0.66693389
0.62229528 530.30000000 0.61487922 0.62099301 0.63070398
0.79096179 505.80000000 0.77503146 0.79791866 0.79997371
0.78897526 365.60000000 0.80365659 0.78853479 0.77282451
0.80353559 505.40000000 0.81707928 0.80233165 0.78961079
0.79852241 508.60000000 0.82517858 0.78783794 0.78323835
0.79096179 505.80000000 0.77503146 0.79791866 0.79997371
0.78338753 371.20000000 0.78971320 0.77090963 0.78819191
0.41038375 415.20000000 0.38463670 0.38892573 0.45721024
0.39145486 741.40000000 0.38462249 0.39598939 0.39417182
0.42806379 411.20000000 0.41197120 0.44092363 0.42697572
0.38424447 419.40000000 0.38738573 0.38395402 0.38581248
0.41038375 415.20000000 0.38463670 0.38892573 0.45721024
0.39856620 738.00000000 0.39463866 0.40393663 0.40071396
0.69746205 361.30000000 0.68072237 0.67841018 0.73393320
0.70851318 434.00000000 0.69522114 0.71254907 0.72120670
0.70735884 355.10000000 0.70036011 0.70006117 0.72104247
0.70620520 355.30000000 0.70413365 0.68754802 0.72209180
0.79995077 332.20000000 0.80103226 0.79602600 0.80084932
0.82096641 388.90000000 0.81598791 0.81482111 0.82756367
0.22840496 737.60000000 0.22610255 0.22639157 0.23246784
0.22393668 848.40000000 0.22445159 0.21659189 0.23052925
0.22126735 742.40000000 0.23890522 0.20801787 0.21495485
0.21171307 743.70000000 0.21062353 0.21941921 0.20391160
0.42993994 673.30000000 0.43301133 0.44157787 0.41494265
0.42930971 770.20000000 0.40134522 0.46484166 0.42344392
0.84834166 584.20000000 0.85901436 0.85470771 0.83409426
0.83177682 470.80000000 0.84121777 0.83239210 0.82074168
0.84834166 584.20000000 0.85901436 0.85470771 0.83409426
0.83251099 584.50000000 0.84472262 0.82855332 0.82532628
0.12957717 910.60000000 0.11918942 0.14114768 0.13182980
0.14202954 733.30000000 0.13920949 0.15219191 0.13598525
0.50660471 527.60000000 0.47206089 0.50693765 0.54282031
0.49766033 379.20000000 0.47985405 0.52679152 0.48938380
0.50660471 527.60000000 0.47206089 0.50693765 0.54282031
0.47846738 541.90000000 0.45349040 0.48921379 0.48982078
0.66862446 481.00000000 0.65278144 0.67663862 0.67460321
0.66141336 342.20000000 0.67157319 0.65661379 0.66012719
0.37132540 628.40000000 0.37813617 0.35387487 0.38721999
0.38335716 473.30000000 0.38629567 0.38629652 0.37587289
0.36034309 632.20000000 0.37275217 0.33570072 0.37302503
0.36395101 632.60000000 0.35495788 0.36664550 0.37178911
0.29593206 654.50000000 0.29494795 0.30318131 0.28881292
0.29395802 482.90000000 0.29880681 0.28112499 0.29839830
0.76949523 680.40000000 0.75918472 0.76934969 0.78227644
0.77593042 557.10000000 0.76238517 0.77468595 0.79050940
0.76625141 678.60000000 0.76211372 0.75450042 0.78265292
0.77587954 679.30000000 0.76867554 0.77284562 0.78675844
0.73762816 699.10000000 0.73789540 0.73093305 0.74300251
0.73641575 576.60000000 0.72521710 0.73658178 0.74642771
0.04225463 870.20000000 0.03700027 0.04167488 0.04822127
0.03981368 981.50000000 0.03351901 0.03615792 0.04806566
0.04656914 866.40000000 0.04619998 0.05399305 0.04059369
0.03989241 869.50000000 0.04285647 0.03745942 0.03893573
0.86532039 519.80000000 0.87100161 0.86357786 0.86000629
0.86397925 585.40000000 0.86496324 0.86400251 0.86037024
0.60259481 434.20000000 0.62345350 0.58459191 0.59824419
0.61541941 522.70000000 0.63787074 0.60588563 0.61242678
0.61745872 438.90000000 0.63798873 0.60822044 0.60501915
0.60755769 437.10000000 0.61174454 0.62756125 0.58056966
0.57664985 448.50000000 0.55437816 0.59573597 0.58346241
0.55716601 543.70000000 0.55413275 0.56841809 0.55073579
0.82483237 343.10000000 0.85276452 0.79486581 0.83313640
0.81507645 605.20000000 0.80065367 0.82679504 0.81769188
0.81808480 340.90000000 0.80770974 0.83082960 0.81395584
0.79498737 346.70000000 0.79665124 0.77766959 0.81192431
0.21303605 499.40000000 0.22186838 0.22109887 0.19677998
0.22419475 883.80000000 0.23293432 0.21847893 0.22442549
0.41662136 711.70000000 0.41153149 0.41850507 0.41985259
0.42317182 549.50000000 0.41822960 0.40980029 0.44060842
0.42391171 706.90000000 0.41337784 0.43142987 0.42301249
0.43289291 709.50000000 0.44228147 0.41238013 0.44215476
0.69430684 596.10000000 0.70771868 0.69680137 0.67714807
0.71384474 461.10000000 0.71857760 0.73045232 0.69143073
0.66098708 724.00000000 0.65709136 0.63849855 0.68664796
0.67638801 365.00000000 0.64099767 0.70521168 0.68143177
0.66098708 724.00000000 0.65709136 0.63849855 0.68664796
0.65472829 726.90000000 0.66665737 0.66774167 0.63203359
0.83640694 613.40000000 0.83891272 0.83580273 0.83108094
0.85313745 309.30000000 0.85376099 0.85390296 0.84781389
0.12043208 665.00000000 0.11929713 0.13000410 0.11051690
0.13950167 766.10000000 0.12116824 0.15311954 0.14288160
0.12043208 665.00000000 0.11929713 0.13000410 0.11051690
0.12834420 664.30000000 0.10705442 0.13569002 0.14038490
0.49225705 560.90000000 0.49238504 0.49407823 0.48870690
0.48519455 657.00000000 0.49167592 0.48264555 0.47904487
0.30268030 554.00000000 0.29599679 0.32235964 0.29174182
0.29122961 793.00000000 0.28039499 0.30004987 0.29129897
0.29561828 550.90000000 0.27846971 0.31792775 0.29298013
0.29960965 553.80000000 0.30311205 0.30366074 0.29043420
0.77621636 409.10000000 0.77330180 0.79416589 0.76000938
0.77722435 577.40000000 0.78335075 0.77863360 0.77091725
0.73794441 624.70000000 0.73193500 0.74322043 0.73651143
0.74969636 393.50000000 0.74078422 0.76076473 0.74024084
0.73526539 628.10000000 0.74431171 0.71903517 0.74186294
0.72581489 637.80000000 0.71937169 0.74138695 0.71881143
0.35333004 803.00000000 0.34573999 0.36923536 0.34617518
0.38246203 498.80000000 0.37695919 0.38785830 0.38375720
0.53365537 606.40000000 0.54930165 0.52020157 0.53015556
0.55785386 574.80000000 0.55943901 0.55848574 0.55253770
0.55156237 609.10000000 0.52964148 0.56173073 0.56377064
0.55182091 605.20000000 0.57993495 0.54513506 0.53127733
0.04815479 756.60000000 0.05133709 0.04715741 0.04626946
0.04142447 720.50000000 0.03841085 0.03741288 0.04862373
0.87533782 278.30000000 0.88496680 0.87228795 0.87154251
0.86173230 616.00000000 0.85665248 0.85999276 0.86659863
0.86087611 278.70000000 0.84823518 0.88058844 0.85205894
0.85366728 279.50000000 0.85613200 0.86949218 0.83461835
0.58636936 361.30000000 0.54094764 0.61262354 0.59548080
0.60779187 782.30000000 0.61878573 0.59205782 0.61236008
0.60411083 362.00000000 0.58527612 0.62531968 0.59958741
0.62667267 399.50000000 0.62016334 0.64685517 0.61515313
0.60449339 361.50000000 0.57739948 0.60969258 0.63039353
0.61788719 360.40000000 0.62549264 0.63937962 0.58942957
0.70762342 338.70000000 0.69960171 0.71242605 0.71128579
0.72452080 376.10000000 0.68235219 0.72101005 0.76211566
0.06712888 759.10000000 0.06530880 0.07673473 0.06094315
0.06013459 818.30000000 0.06186624 0.05857633 0.06036317
0.07445417 758.60000000 0.06566086 0.07453563 0.07976456
0.06849658 760.90000000 0.06946229 0.05807205 0.07803589
0.25971560 705.80000000 0.26028379 0.27103069 0.24895721
0.23771051 762.60000000 0.22967381 0.23396983 0.25052208
0.78124792 611.90000000 0.77859952 0.78437674 0.78134380
0.78261306 640.30000000 0.78538155 0.79291784 0.77082429
0.78308199 607.60000000 0.78409099 0.78162482 0.78217552
0.78868085 603.80000000 0.78407400 0.79228199 0.78981427
0.49933416 755.00000000 0.47702692 0.49065898 0.52652293
0.50910537 794.80000000 0.52340180 0.50557349 0.49744706
0.38003361 538.50000000 0.37232991 0.37748635 0.39255790
0.38180999 584.70000000 0.36768409 0.38115140 0.39640661
0.38068024 539.20000000 0.39532069 0.36936019 0.37800253
0.39923471 531.60000000 0.39869372 0.36902584 0.43067452
0.84985232 385.40000000 0.85485379 0.84737002 0.84666989
0.85069957 415.50000000 0.83907285 0.84174951 0.86750964
0.49278073 569.20000000 0.48090414 0.49804879 0.50378596
0.52894530 482.50000000 0.51545779 0.54473013 0.52385046
0.50031376 566.30000000 0.50990669 0.48562114 0.50601829
0.50806747 569.80000000 0.48649492 0.52671967 0.51187642
0.38737253 604.60000000 0.38160717 0.38234686 0.39804881
0.38964970 521.80000000 0.37269795 0.40489126 0.38778560
0.84588464 612.90000000 0.85289382 0.83187313 0.85154436
0.85141714 554.40000000 0.84538060 0.84955130 0.85838556
0.84721687 603.60000000 0.84873124 0.85372480 0.83672575
0.84633122 608.40000000 0.83817915 0.85205916 0.85008439
0.77928608 659.40000000 0.79122129 0.77042306 0.77689449
0.78225920 592.60000000 0.79104620 0.77376062 0.77963127
0.24359087 777.40000000 0.24422971 0.23707607 0.24947883
0.24689079 692.80000000 0.22398828 0.26271667 0.25958275
0.24715194 777.20000000 0.24419259 0.23672076 0.25793364
0.24259413 783.20000000 0.23228141 0.25836220 0.23954905
0.62718909 632.70000000 0.63356527 0.62162706 0.62390182
0.61639433 576.60000000 0.62830594 0.61406820 0.61192871
0.69607412 389.90000000 0.70487534 0.69202438 0.69206172
0.71007404 316.80000000 0.72215971 0.70150133 0.70572107
0.70417935 390.30000000 0.71655826 0.71008045 0.68494336
0.70143654 386.50000000 0.72334242 0.69405127 0.68805613
0.06293491 541.60000000 0.05785544 0.06803270 0.06470249
0.06261615 449.80000000 0.06497822 0.05565426 0.06824381
0.88237226 349.30000000 0.89075802 0.88350564 0.87515318
0.88089629 510.10000000 0.86396279 0.90047917 0.87676412
0.87487941 344.60000000 0.86676743 0.89424868 0.86609459
0.88134126 346.30000000 0.88812366 0.88208985 0.87162587
0.45351207 488.00000000 0.47625613 0.42897697 0.45354992
0.43558264 731.10000000 0.43075059 0.41817138 0.45745302
0.57550330 685.60000000 0.58568262 0.56822928 0.57444959
0.55818717 448.90000000 0.54593308 0.56234862 0.57102386
0.56559611 692.10000000 0.57025419 0.58152823 0.55037179
0.57135131 685.70000000 0.59564691 0.56270842 0.55490902
0.80133143 565.70000000 0.80461544 0.81914692 0.77767474
0.83173341 360.20000000 0.82410804 0.85489421 0.81751576
0.74773856 704.70000000 0.74407182 0.76138450 0.73755227
0.74762863 491.00000000 0.73092975 0.75137371 0.75890142
0.73709225 706.10000000 0.73098256 0.73317859 0.74738059
0.74551427 709.00000000 0.74224984 0.74301421 0.75008581
0.66829394 752.60000000 0.68053106 0.66618673 0.65734565
0.65172333 524.10000000 0.62811691 0.68927073 0.63586879
0.30030633 663.30000000 0.26459299 0.32743120 0.30423099
0.31060475 908.10000000 0.32396273 0.31117583 0.29947162
0.30571732 661.90000000 0.30238585 0.31510646 0.30076397
0.30465656 657.90000000 0.28759195 0.32172107 0.30480840
0.15352439 697.60000000 0.14578573 0.14418075 0.17303252
0.15147007 968.90000000 0.16092887 0.15150683 0.14051317
0.16599966 627.70000000 0.15723142 0.18745745 0.14915572
0.15461074 891.60000000 0.16052966 0.14751346 0.15286530
0.15849788 628.20000000 0.14489474 0.15585702 0.17869332
0.14969990 629.90000000 0.13054992 0.15872449 0.15557644
0.75207559 447.50000000 0.75302074 0.74521023 0.75389321
0.74799976 634.80000000 0.74013380 0.78273872 0.72410984
0.66995027 700.90000000 0.68080135 0.67895183 0.64913731
0.67451733 470.70000000 0.68434684 0.65285678 0.68308473
0.65995196 705.20000000 0.65694925 0.67029108 0.65341815
0.66646917 696.70000000 0.68894172 0.66469956 0.64652082
0.30803921 857.20000000 0.30144443 0.30465298 0.31739392
0.31092867 576.30000000 0.31648375 0.30850023 0.30929618
0.44620933 680.00000000 0.45081062 0.42976389 0.45768445
0.47709269 405.00000000 0.47749477 0.48300946 0.46939436
0.43272547 679.30000000 0.42217665 0.44723307 0.42526009
0.43406939 683.40000000 0.42893224 0.41596267 0.45885442
0.56535633 633.40000000 0.53656523 0.60137993 0.55700797
0.56506514 389.00000000 0.56540633 0.54827335 0.58165716
0.81274362 328.80000000 0.80379829 0.80512234 0.83292826
0.82863074 499.60000000 0.82837793 0.81719096 0.83920553
0.81650345 322.40000000 0.81584796 0.80776893 0.82507772
0.81413410 323.40000000 0.79047159 0.81485693 0.83655744
0.87207103 303.60000000 0.87187809 0.85053477 0.89094193
0.87784432 469.20000000 0.88102032 0.87890995 0.87263814
0.21088070 459.90000000 0.24186288 0.20165351 0.19392066
0.20583050 648.00000000 0.20211996 0.20654217 0.20668899
0.21966758 455.70000000 0.19275522 0.26084504 0.20238359
0.21163978 459.50000000 0.21835871 0.19713784 0.22482462
0.54660800 390.90000000 0.53932927 0.54749048 0.55431933
0.52511317 553.80000000 0.53153927 0.53965121 0.50299521
0.69712340 560.40000000 0.67805991 0.70705241 0.70802895
0.68284664 718.00000000 0.68294426 0.68165020 0.68420972
0.69776960 570.30000000 0.69691746 0.70050401 0.69878330
0.68085461 567.60000000 0.70287789 0.67851004 0.66319747
0.85598355 475.30000000 0.86096737 0.85721582 0.85040631
0.86322885 595.60000000 0.85763688 0.86931279 0.86304839
0.46873531 776.20000000 0.46208915 0.47477288 0.46922875
0.48212007 694.50000000 0.47240755 0.45900404 0.51474567
0.49213381 771.00000000 0.48527192 0.49385096 0.49676586
0.46652830 776.10000000 0.47610150 0.46709347 0.45870969
0.73231001 650.80000000 0.73689798 0.72528923 0.73024367
0.73186683 580.60000000 0.74616326 0.72550650 0.72335571
0.83597239 391.30000000 0.82725203 0.85949600 0.82010853
0.83499215 343.70000000 0.82803870 0.83689539 0.83695760
0.83458106 394.70000000 0.82849489 0.82909669 0.84443883
0.82970934 393.80000000 0.84531903 0.81993258 0.82023370
0.27333060 586.40000000 0.25703434 0.25308964 0.30524006
0.28847032 495.20000000 0.27654699 0.30517399 0.28801691
0.76494455 480.50000000 0.77469403 0.76136441 0.75878967
0.77228957 316.80000000 0.77025127 0.75089446 0.79329448
0.78555967 474.50000000 0.79943388 0.78878187 0.76941309
0.77968273 472.90000000 0.77805103 0.79119558 0.76813618
0.65296133 533.30000000 0.65339528 0.63865780 0.66604394
0.63782804 350.30000000 0.63084881 0.65651705 0.62877619
0.35756000 886.70000000 0.35767536 0.35966795 0.35285415
0.35136992 679.40000000 0.35136811 0.35703048 0.34913101
0.33555763 892.60000000 0.34846496 0.31631318 0.33897355
0.34388988 896.90000000 0.36268780 0.37185737 0.29863262
0.11200644 980.20000000 0.11163239 0.11429234 0.10947460
0.10902621 749.40000000 0.10112677 0.11619985 0.10581784
0.60032064 660.20000000 0.59970629 0.59449670 0.60364410
0.59920079 700.80000000 0.60253621 0.60310731 0.59075227
0.60590633 663.50000000 0.59449560 0.60875985 0.61762748
0.59849984 661.00000000 0.56426165 0.62004134 0.61119449
0.40394263 740.70000000 0.37663705 0.41526213 0.42099797
0.41555558 784.40000000 0.43031224 0.41209542 0.40415451
0.01938213 567.90000000 0.02319603 0.01730514 0.01943306
0.02101088 623.70000000 0.01997718 0.02143494 0.02276075
0.02516290 566.80000000 0.02330273 0.02415034 0.02878373
0.02150330 568.00000000 0.01767282 0.02247974 0.02392947
0.80168955 373.50000000 0.79806432 0.80145830 0.80580492
0.79965004 403.50000000 0.78532341 0.81475399 0.79603749
0.42758998 451.00000000 0.38181561 0.43870030 0.45908159
0.40969183 883.70000000 0.40777238 0.41448550 0.40968602
0.43018493 445.80000000 0.43866519 0.43449732 0.41154009
0.42900793 449.30000000 0.43888461 0.42636294 0.41789277
0.59851343 410.30000000 0.59641556 0.59187815 0.61258614
0.57796853 798.50000000 0.57243848 0.58349574 0.57729122
0.80223574 536.60000000 0.80979556 0.78311141 0.81643354
0.80825295 468.40000000 0.78445940 0.82170601 0.81778181
0.80059163 535.90000000 0.79245999 0.78412850 0.82431596
0.80604612 532.50000000 0.80589365 0.79455867 0.81889709
0.02111361 828.60000000 0.01248076 0.02510082 0.02575944
0.02030356 735.50000000 0.01747534 0.01582581 0.02634162
0.11434706 947.40000000 0.12731890 0.09825845 0.11670024
0.11738514 567.30000000 0.11279477 0.12030317 0.11571161
0.10457727 949.70000000 0.10396399 0.10005471 0.10895112
0.10750363 947.40000000 0.10282087 0.11464395 0.10560446
0.34506203 863.40000000 0.34063154 0.35217985 0.34328200
0.34230644 515.40000000 0.34985141 0.36309889 0.31551166
0.63506415 507.90000000 0.64025165 0.61038875 0.65409523
0.64146269 654.70000000 0.63550557 0.64447866 0.64351310
0.64068770 509.50000000 0.67301914 0.64222635 0.60857174
0.64387408 496.50000000 0.63976518 0.61346851 0.67375288
0.77835089 451.00000000 0.78811829 0.77074482 0.77448575
0.76479007 596.20000000 0.76448436 0.74952378 0.78200294
0.73186847 417.60000000 0.71905431 0.73977347 0.73800968
0.72597775 563.10000000 0.73841839 0.72835978 0.70855712
0.73476262 415.10000000 0.73900806 0.71876408 0.74724312
0.73909832 418.60000000 0.75556602 0.74138156 0.72479415
0.50807087 491.30000000 0.48150338 0.50691123 0.52957731
0.46702148 671.20000000 0.46840144 0.46370715 0.47438911
0.27013458 825.00000000 0.25659150 0.28609614 0.26914419
0.28244362 465.40000000 0.30513033 0.27481317 0.27118648
0.28273470 815.50000000 0.29021809 0.29492969 0.26264455
0.27687643 820.70000000 0.27746683 0.27245022 0.28038532
0.83282477 560.20000000 0.84023009 0.83376166 0.82405070
0.81247654 321.20000000 0.81421342 0.82634777 0.79733997
0.85420935 452.20000000 0.84677397 0.86129215 0.85379638
0.86765439 394.90000000 0.86460365 0.86905442 0.86910901
0.86437792 450.10000000 0.85349599 0.88154203 0.85934686
0.84911864 455.70000000 0.84877845 0.84415739 0.85357020
0.70507079 538.10000000 0.69616794 0.69665198 0.72225515
0.69769052 471.80000000 0.71648257 0.69326474 0.68360274
0.52955298 362.20000000 0.56829101 0.48322624 0.52810223
0.53125012 756.70000000 0.51944438 0.53717837 0.53619843
0.54480244 364.40000000 0.53175796 0.53502229 0.57677159
0.53003890 364.70000000 0.55177787 0.49559712 0.54325764
0.19682458 426.30000000 0.19656245 0.21916245 0.17877665
0.20353680 896.10000000 0.21672293 0.19256834 0.20073471
0.78281949 303.60000000 0.78918994 0.78564915 0.77034788
0.80055913 532.40000000 0.79873513 0.80412130 0.79834924
0.80086321 293.20000000 0.78848599 0.82316382 0.78486435
0.79926906 298.40000000 0.79036282 0.80511334 0.79958715
0.28646248 417.40000000 0.29964173 0.28414384 0.27378124
0.29657621 747.20000000 0.30317154 0.29292518 0.29516099
0.41437190 649.00000000 0.38815576 0.43903405 0.41278486
0.43066759 449.20000000 0.41411787 0.43831288 0.43447838
0.42098539 644.90000000 0.40148015 0.42642069 0.43672389
0.43007132 638.90000000 0.43384810 0.39881146 0.45914175
0.72502384 525.80000000 0.71859454 0.72806388 0.72604270
0.73701851 367.20000000 0.74766976 0.71131158 0.74591635
0.64893170 667.80000000 0.64064483 0.65773613 0.64735971
0.65314185 509.40000000 0.66158175 0.66650927 0.62949446
0.64778390 674.30000000 0.66039846 0.63939872 0.64425542
0.64546475 676.30000000 0.63364787 0.65341888 0.64709385
0.85250634 549.80000000 0.84377251 0.85416987 0.85863399
0.86795015 409.10000000 0.86735826 0.86193637 0.87354324
0.10995673 592.20000000 0.11346914 0.10878128 0.10772703
0.11395948 951.50000000 0.11726282 0.11350169 0.10798883
0.11724496 591.40000000 0.11776016 0.11808828 0.11692584
0.11855255 591.10000000 0.12322297 0.12063540 0.11249189
0.56922464 476.40000000 0.58658000 0.55085014 0.57435003
0.55022784 771.40000000 0.53385202 0.54256807 0.57304414
0.27627312 621.20000000 0.28431873 0.26960586 0.27445787
0.29149796 815.90000000 0.28260831 0.28689800 0.30330717
0.29706844 618.50000000 0.30828328 0.31131213 0.27079903
0.28963396 617.50000000 0.29888680 0.29047280 0.28059704
0.80121124 440.90000000 0.80407476 0.78932856 0.81052769
0.79265367 587.10000000 0.77837513 0.79278529 0.80841199
0.74504229 668.60000000 0.75524346 0.73445710 0.74430041
0.73213414 419.50000000 0.74293513 0.72040105 0.73029269
0.72519192 682.30000000 0.73422243 0.72264098 0.71943790
0.74284170 673.40000000 0.73884501 0.75245992 0.74055844
0.42203118 831.20000000 0.44813273 0.39903348 0.41482521
0.42218974 519.90000000 0.40917821 0.42942371 0.42623799
0.54801346 653.50000000 0.52441045 0.54419123 0.57361084
0.54585418 364.80000000 0.57703659 0.54675848 0.52509387
0.54735815 656.10000000 0.55822786 0.53448576 0.54826252
0.53071889 663.70000000 0.53695459 0.52291152 0.52884305
0.12331548 802.50000000 0.13493362 0.10726701 0.12554886
0.11918419 445.20000000 0.12800187 0.11030352 0.12635402
0.86489441 324.30000000 0.85758196 0.88323100 0.85358100
0.85984891 460.20000000 0.84045173 0.87724572 0.85748944
0.85907628 324.70000000 0.87284217 0.85484445 0.85150410
0.85797677 321.70000000 0.82548914 0.88516014 0.86179531
0.67421233 389.80000000 0.64758903 0.69855690 0.67865433
0.65487075 560.00000000 0.64967505 0.67760412 0.63892109
0.70921177 403.90000000 0.69545488 0.71003596 0.72076969
0.70921177 403.90000000 0.69545488 0.71003596 0.72076969
0.70221787 409.00000000 0.72075560 0.70539055 0.67852794
0.70725270 405.80000000 0.70515950 0.71896787 0.70367955
0.78300323 375.30000000 0.78133615 0.80602341 0.76131856
0.77711752 378.90000000 0.77997660 0.76945965 0.77672090
0.19427754 817.90000000 0.19436780 0.18571910 0.20092729
0.19427754 817.90000000 0.19436780 0.18571910 0.20092729
0.20760347 814.40000000 0.19901144 0.20444680 0.21956385
0.21538773 813.00000000 0.21162577 0.21900744 0.21261200
0.35176417 761.00000000 0.34732542 0.35121488 0.35742754
0.35452036 764.20000000 0.35783798 0.34511444 0.36172007
0.83445586 635.60000000 0.83632249 0.82175223 0.84446997
0.83445586 635.60000000 0.83632249 0.82175223 0.84446997
0.83012616 640.00000000 0.82807220 0.83114179 0.83168795
0.83134128 632.20000000 0.83684094 0.81968137 0.83657665
0.02722193 1017.90000000 0.02876977 0.01911659 0.03370015
0.03307092 1015.10000000 0.03548625 0.02794421 0.03545691
0.46934020 592.40000000 0.46610409 0.49606623 0.44409752
0.46934020 592.40000000 0.46610409 0.49606623 0.44409752
0.47141064 597.70000000 0.48370565 0.47793017 0.45305637
0.48963014 583.70000000 0.49307129 0.49624206 0.47952485
0.59623174 552.80000000 0.58701996 0.59808962 0.60686986
0.60177826 550.60000000 0.62322528 0.60990078 0.57071648
0.35732431 566.30000000 0.35140561 0.37600682 0.34286139
0.35732431 566.30000000 0.35140561 0.37600682 0.34286139
0.33696667 566.80000000 0.34674043 0.33013415 0.33365329
0.36441539 562.00000000 0.36713077 0.37180472 0.35462983
0.21017580 606.60000000 0.21147620 0.19819799 0.21647887
0.20759870 603.70000000 0.18975174 0.20926760 0.22296007
0.76095113 631.30000000 0.75822546 0.78407621 0.74266553
0.76095113 631.30000000 0.75822546 0.78407621 0.74266553
0.78011346 627.70000000 0.78296919 0.79528911 0.76653331
0.77048330 626.40000000 0.76912410 0.78079232 0.76276518
0.68742875 682.80000000 0.68863403 0.67847423 0.69679362
0.70468962 674.00000000 0.69742449 0.72889074 0.68790270
0.03475079 792.20000000 0.03279622 0.03379087 0.03651456
0.03475079 792.20000000 0.03279622 0.03379087 0.03651456
0.03665625 792.60000000 0.04536810 0.03952297 0.02608046
0.03291190 792.60000000 0.03305238 0.03007031 0.03536661
0.84384861 491.50000000 0.84286766 0.85511476 0.83319054
0.82834613 495.30000000 0.81389898 0.83935615 0.83260308
0.60729956 383.40000000 0.62670784 0.60513576 0.58851815
0.60729956 383.40000000 0.62670784 0.60513576 0.58851815
0.60232144 379.30000000 0.57958095 0.61290748 0.61402170
0.61885601 375.90000000 0.64482760 0.62550332 0.59336116
0.51208748 406.80000000 0.52401153 0.48608514 0.52500034
0.49593342 408.10000000 0.49143065 0.51344519 0.48072184
0.57970336 397.50000000 0.59517884 0.56766310 0.57655243
0.55919795 784.50000000 0.56056691 0.56003312 0.55933734
0.57197412 398.60000000 0.59002494 0.56037917 0.56860823
0.57665837 399.10000000 0.55595847 0.57108557 0.59873024
0.84832992 320.70000000 0.83688724 0.85502271 0.85282423
0.84251296 609.60000000 0.83763019 0.83548549 0.85462797
0.87235174 483.50000000 0.87017155 0.86418255 0.87982410
0.87304163 412.40000000 0.87433194 0.86617673 0.88082843
0.88018433 482.70000000 0.87403894 0.88410134 0.88220278
0.88198858 475.50000000 0.86429098 0.89552519 0.88567719
0.51105847 659.50000000 0.48802595 0.51226931 0.53048822
0.52454834 563.60000000 0.51214562 0.51958478 0.54115595
0.30675852 860.30000000 0.30525391 0.30466033 0.30917974
0.32186055 492.40000000 0.30733365 0.31045442 0.34939727
0.31130786 862.80000000 0.31091531 0.31945065 0.30423186
0.31405782 858.40000000 0.30204999 0.32660256 0.31421804
0.24719290 886.30000000 0.24932627 0.23648559 0.25422845
0.24932401 511.20000000 0.25102368 0.23207031 0.26747278
0.75504834 453.10000000 0.76050877 0.76869666 0.73763434
0.76556300 578.40000000 0.76667971 0.78717450 0.74297158
0.74994337 448.90000000 0.74051040 0.74709479 0.76480205
0.75766487 453.40000000 0.76443211 0.74751277 0.76003073
0.69956750 471.20000000 0.71870589 0.69516444 0.68500423
0.71342448 593.50000000 0.70014285 0.71599155 0.72237063
0.68015945 535.60000000 0.66407290 0.67994197 0.69881712
0.66298334 559.50000000 0.66251056 0.67683114 0.64909207
0.69418055 529.50000000 0.69522526 0.69243806 0.69397919
0.67464009 544.30000000 0.66634462 0.68910394 0.66946408
0.08457358 723.70000000 0.08455588 0.07434574 0.09340019
0.08287573 759.80000000 0.07421993 0.07452285 0.09919501
0.15212246 991.00000000 0.16027241 0.14602140 0.15132743
0.16839247 453.50000000 0.16297984 0.18455258 0.15931131
0.16686590 987.20000000 0.16971753 0.16186541 0.17111567
0.15425709 987.60000000 0.14912467 0.14365061 0.17043553
0.61543574 783.90000000 0.60970972 0.61915323 0.62099792
0.62481531 362.90000000 0.60127497 0.65503942 0.61923266
0.81881181 563.90000000 0.80804226 0.83198350 0.81758005
0.82583001 396.20000000 0.82384360 0.83383767 0.81787952
0.81719712 564.70000000 0.81891806 0.82954236 0.80361947
0.81974429 566.60000000 0.82858974 0.81527155 0.81491392
0.79051046 585.80000000 0.77106011 0.79573330 0.80357830
0.79810651 404.50000000 0.78102986 0.80307873 0.81259883
0.45884014 490.80000000 0.47510974 0.46801227 0.42663290
0.45308269 770.30000000 0.45422068 0.45385651 0.45345230
0.46704447 488.70000000 0.48011681 0.46747086 0.45655240
0.46117285 495.10000000 0.46642435 0.44138882 0.47121392
0.39854086 511.10000000 0.40291970 0.41243511 0.37886628
0.38858033 800.40000000 0.40566150 0.36820893 0.39544383
0.07890206 542.70000000 0.08444353 0.08015452 0.07017387
0.07723924 724.70000000 0.06128689 0.07137733 0.09709290
0.08032551 543.90000000 0.07923132 0.07511917 0.08335295
0.07679522 542.60000000 0.07123382 0.07728061 0.08351230
0.17382856 520.70000000 0.17374125 0.18557468 0.15979416
0.15735387 704.30000000 0.15394097 0.16893190 0.14803112
0.63307092 633.90000000 0.63884432 0.64165961 0.62158737
0.62559314 784.90000000 0.63454166 0.61988512 0.62394056
0.62871232 644.00000000 0.62674351 0.63076656 0.62894904
0.63847533 628.50000000 0.65294289 0.63741877 0.62853102
0.65855999 621.40000000 0.67209643 0.64342834 0.65611693
0.67578306 755.10000000 0.65914924 0.68803064 0.68038587
0.39194423 864.50000000 0.36689561 0.41160145 0.39640431
0.39096994 766.10000000 0.37782882 0.39587417 0.39717534
0.38604593 860.60000000 0.39363297 0.36933915 0.39541587
0.38084964 867.10000000 0.36503122 0.38209148 0.39550039
0.81508657 635.10000000 0.81490125 0.79781664 0.83198486
0.82171210 559.80000000 0.82727061 0.81273842 0.82515132
0.78337246 462.50000000 0.77610751 0.79697122 0.77751735
0.79766307 383.70000000 0.78044445 0.79793419 0.81227319
0.78923609 460.70000000 0.81368190 0.77224068 0.78254524
0.79646660 462.30000000 0.78597645 0.81325202 0.79021636
0.46242976 583.80000000 0.47168638 0.45421771 0.46094496
0.45267072 492.60000000 0.42668076 0.46808368 0.46915145
0.84905925 384.60000000 0.82910110 0.85323712 0.86321272
0.84660261 316.50000000 0.85674458 0.85201534 0.83225604
0.84446292 385.00000000 0.82689612 0.84082958 0.86637353
0.85777064 378.40000000 0.85116461 0.84891455 0.87024772
0.86683625 370.50000000 0.85526958 0.86381689 0.87983236
0.86860421 301.70000000 0.85403632 0.87025627 0.87912908
0.50767891 746.70000000 0.50387917 0.51103414 0.50852939
0.51849803 654.80000000 0.51116769 0.53178722 0.51525096
0.51723660 744.20000000 0.52163580 0.50509554 0.52402193
0.51681335 750.20000000 0.50729562 0.53283587 0.51200767
0.56866649 715.80000000 0.56541633 0.56544769 0.57320249
0.58433633 633.40000000 0.58070606 0.59434408 0.57635203
0.71461876 548.70000000 0.71483878 0.71242663 0.71789152
0.71075661 680.00000000 0.70147549 0.71776138 0.71112166
0.70127264 554.90000000 0.70041984 0.71360558 0.68826911
0.72227697 543.30000000 0.70818259 0.73262897 0.72446594
0.32032023 690.30000000 0.30218767 0.34395252 0.31741034
0.32621956 856.20000000 0.33219046 0.33302391 0.31257702
0.27411341 434.00000000 0.28138710 0.30012369 0.24276424
0.26636861 609.20000000 0.25855817 0.26806409 0.26616552
0.27620638 437.10000000 0.28057475 0.25556630 0.29108812
0.25536385 437.20000000 0.25203085 0.23419420 0.27648497
0.75690646 323.10000000 0.74582888 0.74256046 0.78245569
0.75699945 454.30000000 0.75468830 0.76013487 0.75793718
0.45818769 388.90000000 0.43495670 0.49259518 0.44626327
0.43374910 633.20000000 0.44230963 0.44209514 0.41490715
0.44956558 391.60000000 0.42558993 0.46008763 0.45432218
0.45818769 388.90000000 0.43495670 0.49259518 0.44626327
0.66036714 344.90000000 0.67109640 0.64473646 0.66444423
0.66666218 546.60000000 0.63724381 0.69111790 0.67422378
0.80534072 491.30000000 0.81010940 0.79726679 0.81297090
0.80767708 291.00000000 0.83170343 0.80262873 0.79562218
0.81292574 488.20000000 0.80951912 0.80462779 0.82669242
0.80534072 491.30000000 0.81010940 0.79726679 0.81297090
0.14731902 734.60000000 0.15122075 0.14559628 0.14558046
0.14785356 431.20000000 0.14818232 0.13778488 0.16309864
0.14209780 876.30000000 0.13546104 0.14966807 0.13793262
0.14269426 576.50000000 0.15721446 0.13559257 0.13738220
0.14423567 876.90000000 0.13792021 0.13968264 0.15336303
0.14209780 876.30000000 0.13546104 0.14966807 0.13793262
0.43625401 773.20000000 0.42997755 0.45455491 0.42387678
0.43659313 500.90000000 0.44801971 0.43371494 0.42697340
0.66536144 451.60000000 0.66161827 0.65414934 0.68367467
0.66154462 662.30000000 0.63817592 0.68135108 0.66292234
0.66140725 453.90000000 0.67037359 0.66105423 0.65314061
0.66536144 451.60000000 0.66161827 0.65414934 0.68367467
0.82548184 389.40000000 0.80262626 0.83641727 0.84076466
0.80608340 573.40000000 0.79966346 0.80904217 0.81034170
0.73047023 478.10000000 0.72086190 0.74838143 0.71837747
0.74996616 668.90000000 0.74282856 0.74244932 0.76162054
0.75112277 474.90000000 0.74471202 0.75319100 0.75279314
0.76291822 480.70000000 0.74940336 0.76427739 0.77390450
0.56531095 542.30000000 0.59053906 0.56948627 0.53437477
0.55538822 766.80000000 0.55809573 0.53923237 0.56639646
0.30723032 890.90000000 0.30090757 0.30962952 0.31307529
0.30869064 602.70000000 0.30683195 0.29454586 0.32959821
0.30682709 889.00000000 0.29169918 0.32641127 0.30363550
0.31540367 888.90000000 0.33591117 0.30689872 0.30405647
0.86323500 597.00000000 0.86718849 0.85619670 0.86738627
0.87807568 390.90000000 0.88193007 0.87501210 0.87420701
0.86919106 500.10000000 0.88871908 0.86424315 0.85451165
0.87209615 308.80000000 0.88413379 0.86348600 0.87002840
0.87167637 493.20000000 0.87718595 0.87614825 0.86054506
0.87001857 498.30000000 0.88041484 0.86331305 0.86688461
0.73942968 579.30000000 0.75143733 0.73915105 0.72858772
0.75317318 356.80000000 0.75755781 0.75929056 0.73933607
0.56470305 430.60000000 0.51082074 0.57900600 0.59664319
0.58257993 635.90000000 0.57576742 0.57752943 0.59487999
0.57911689 421.70000000 0.57847125 0.58478071 0.57220303
0.55123187 428.00000000 0.55685669 0.54497133 0.55449379
0.30857970 486.30000000 0.32400663 0.28655700 0.31401791
0.31886286 735.60000000 0.33134593 0.32443563 0.30296995
0.22850300 538.80000000 0.22364589 0.22676461 0.23673779
0.23276049 451.10000000 0.22683685 0.22465412 0.24862066
0.23190375 541.30000000 0.23501132 0.23249037 0.22870866
0.23924029 534.10000000 0.22624872 0.23530293 0.25496748
0.49922440 473.40000000 0.49873270 0.47984935 0.51914205
0.51094220 393.30000000 0.49918273 0.49576233 0.53757584
0.70066645 627.60000000 0.68411491 0.70298637 0.71476475
0.71327259 555.80000000 0.72426496 0.70120195 0.71503929
0.69349479 627.30000000 0.70523883 0.69194310 0.68642061
0.70257309 624.20000000 0.70140346 0.70710900 0.69855830
0.84055923 536.20000000 0.85001084 0.84271838 0.82728684
0.84572635 483.10000000 0.84768934 0.83647377 0.85538283
0.51232503 827.40000000 0.52975268 0.50911085 0.49828231
0.49929721 767.70000000 0.48381875 0.51007747 0.50227932
0.49112839 842.30000000 0.50577352 0.46786256 0.49607038
0.49828402 840.20000000 0.49489844 0.50453125 0.49689522
0.69654308 735.90000000 0.69985695 0.69364868 0.69492828
0.70341478 665.10000000 0.68975403 0.71228904 0.71115418
0.85286524 444.60000000 0.86762706 0.86489082 0.82716449
0.83843475 401.20000000 0.82086352 0.85123970 0.84574877
0.84172826 445.70000000 0.85049292 0.84031531 0.83535583
0.85155824 443.00000000 0.84491065 0.85184431 0.85846813
0.23709972 674.70000000 0.24518543 0.22905386 0.24106873
0.21917445 592.60000000 0.23554921 0.19874551 0.22605136
0.78196845 430.20000000 0.75356205 0.80238296 0.78443591
0.78263084 466.60000000 0.76352531 0.79760377 0.78869171
0.78418665 426.90000000 0.79372365 0.77747757 0.78174449
0.77290498 440.50000000 0.79248455 0.75758291 0.77024346
0.60198948 505.20000000 0.60959856 0.57232744 0.62506449
0.63083957 530.30000000 0.62016496 0.63362109 0.64125574
0.37115139 828.20000000 0.37940629 0.38476904 0.34968169
0.36173425 882.50000000 0.35908573 0.35343640 0.37255847
0.35797773 834.30000000 0.36726262 0.35823373 0.34491464
0.37128621 831.00000000 0.36311644 0.37595129 0.37191566
0.05920860 941.80000000 0.06129654 0.05609978 0.06018008
0.05628430 996.70000000 0.06071606 0.04536724 0.06190629
0.61378154 608.70000000 0.60963421 0.61622266 0.61479571
0.60635525 658.20000000 0.60776274 0.60341847 0.60748137
0.61720606 606.00000000 0.59749813 0.61382116 0.63950061
0.60968563 610.40000000 0.58886046 0.62299331 0.61500991
0.37585900 697.70000000 0.36838025 0.38824426 0.36997209
0.36583412 752.90000000 0.35823717 0.37173028 0.37058207
0.05934886 500.20000000 0.07252129 0.05411451 0.05413101
0.05139604 558.30000000 0.06368038 0.04793971 0.04125130
0.05443560 503.00000000 0.06520350 0.03960268 0.06260536
0.05212332 501.30000000 0.05504787 0.05027479 0.05008949
0.78041318 328.30000000 0.78654832 0.78216395 0.76604502
0.78129027 366.00000000 0.73488087 0.79808366 0.80559720
0.86718390 295.60000000 0.85764629 0.86117326 0.88056605
0.85922786 549.40000000 0.86558933 0.87338887 0.83758335
0.86555706 291.60000000 0.85468914 0.86713708 0.87479459
0.84855126 297.70000000 0.86269106 0.84092286 0.84305619
0.34480225 427.80000000 0.36464841 0.33194309 0.34137101
0.33364692 810.00000000 0.30968823 0.35581340 0.33601010
0.54761042 625.50000000 0.53026907 0.56448458 0.55010007
0.54808281 488.30000000 0.52800736 0.53895564 0.57604650
0.53652262 627.00000000 0.54137148 0.54314283 0.53307059
0.52565127 636.60000000 0.50951551 0.53103120 0.53450496
0.76885546 530.00000000 0.76986120 0.76619500 0.76925562
0.74923454 417.20000000 0.73262421 0.74406828 0.76838545
0.71838271 653.10000000 0.71312386 0.72990190 0.71138375
0.70611599 327.30000000 0.69949002 0.69618646 0.71958942
0.72232410 648.10000000 0.71317880 0.72770938 0.72378952
0.70949693 655.90000000 0.70580522 0.70991686 0.71177980
0.58232172 727.70000000 0.58126431 0.59128307 0.57705404
0.58758461 365.10000000 0.57747831 0.58567674 0.59205954
0.27115713 581.30000000 0.26406870 0.26028548 0.28751192
0.25618739 704.20000000 0.24924310 0.27221955 0.24447417
0.25995923 579.60000000 0.26341789 0.27039574 0.24399738
0.27794812 576.10000000 0.26996616 0.25372588 0.31372687
0.01073606 640.60000000 0.01094341 0.01236706 0.00948283
0.01085159 771.40000000 0.00821346 0.00910121 0.01476666
0.09407921 696.30000000 0.10474307 0.08695985 0.09361419
0.09756321 821.60000000 0.09974703 0.09010828 0.10193234
0.10382310 692.70000000 0.09809790 0.10788218 0.10460741
0.10663539 691.40000000 0.10532996 0.11771834 0.10012514
0.68828895 509.40000000 0.69277006 0.68415650 0.68766135
0.67976262 607.80000000 0.65797234 0.68415203 0.69516885
0.63713887 750.80000000 0.65093332 0.62513118 0.63182213
0.63070828 404.60000000 0.60377983 0.64874675 0.64433193
0.62838928 756.70000000 0.61925092 0.62791527 0.63481547
0.62435681 757.60000000 0.62622016 0.62506840 0.62453545
0.17908157 957.30000000 0.18048284 0.17701007 0.18017215
0.19417034 509.90000000 0.18245511 0.17344865 0.22717812
0.41882878 738.50000000 0.45049965 0.39638712 0.41273505
0.43370673 582.40000000 0.43633449 0.45050072 0.41516573
0.39616929 744.20000000 0.39821334 0.39290371 0.39577654
0.41484810 733.40000000 0.38839561 0.42936325 0.42364355
0.47243755 715.70000000 0.45689265 0.47352764 0.48761595
0.46819268 574.20000000 0.48717791 0.47622722 0.44171075
0.78940605 366.30000000 0.79295637 0.78785365 0.78335311
0.78812279 648.70000000 0.79259110 0.78226576 0.78956986
0.78984395 363.10000000 0.75539253 0.81030117 0.79701165
0.81326668 359.50000000 0.80939015 0.80311089 0.82753466
0.84002478 349.70000000 0.82699498 0.85380596 0.84118839
0.82869748 618.10000000 0.82583813 0.82756611 0.83224460
0.58293318 404.40000000 0.58580301 0.58748830 0.57616322
0.58420254 503.10000000 0.58662702 0.58258081 0.58359508
0.60149812 401.40000000 0.61180978 0.60445075 0.58747108
0.59687205 405.50000000 0.60615655 0.58691391 0.59129110
0.72720835 366.20000000 0.69349893 0.72819609 0.75527251
0.73373375 453.20000000 0.71184949 0.71815823 0.77001889
0.00941526 827.30000000 0.00710365 0.01214382 0.00873411
0.01249537 958.30000000 0.01237894 0.01658020 0.00853870
0.01336725 826.10000000 0.01071585 0.01638360 0.01238367
0.01225786 826.00000000 0.01086789 0.00786486 0.01856239
0.27293650 746.50000000 0.28760631 0.26084354 0.26512072
0.25287279 875.70000000 0.24381477 0.26964760 0.24615672
0.76158232 655.00000000 0.76070373 0.75994272 0.76036522
0.75269505 541.50000000 0.76589652 0.74467509 0.74938034
0.75779749 658.30000000 0.74568060 0.74914192 0.77962835
0.76196533 654.50000000 0.78399444 0.73230257 0.77002206
0.53076380 779.40000000 0.51858127 0.52255943 0.55191640
0.52815565 642.90000000 0.51864140 0.53073841 0.53399050
0.33971484 597.20000000 0.34233122 0.32982892 0.34438584
0.34687071 446.40000000 0.35313670 0.36640671 0.32032417
0.35583255 592.40000000 0.36645686 0.36314214 0.33627789
0.34931440 591.20000000 0.31585059 0.36049250 0.36813580
0.86555111 403.20000000 0.86079495 0.85723125 0.87749085
0.86016749 303.60000000 0.84777480 0.86075108 0.87062764
0.46339385 495.40000000 0.47196988 0.46259111 0.45164453
0.47237238 478.00000000 0.48616124 0.45089456 0.48002851
0.47438717 496.30000000 0.48533504 0.48843860 0.45067134
0.46396419 497.60000000 0.46515680 0.48405404 0.44922907
0.41029768 514.20000000 0.39129059 0.40010288 0.43779712
0.41408020 493.10000000 0.42024598 0.39292317 0.42486351
0.82954478 562.60000000 0.84288549 0.81932032 0.82833288
0.83601610 546.00000000 0.84294731 0.84181223 0.82229030
0.83700555 564.20000000 0.83772534 0.82863961 0.84460939
0.81964691 565.90000000 0.82363693 0.81841393 0.81862645
0.79632159 581.70000000 0.80017223 0.80717092 0.78136218
0.80165380 568.80000000 0.82047943 0.80511778 0.77948323
0.19573535 701.80000000 0.18593858 0.18744208 0.21573314
0.18653717 969.60000000 0.19789047 0.17529912 0.18751345
0.18910082 705.70000000 0.18652201 0.17430265 0.20820875
0.19176127 702.50000000 0.18630461 0.22243683 0.16496589
0.64546873 555.50000000 0.62979455 0.64019795 0.66714532
0.64401512 768.00000000 0.62111996 0.66246069 0.64834815
0.68398950 327.40000000 0.67777128 0.68987502 0.68061502
0.68906518 531.20000000 0.70524444 0.68567702 0.68067174
0.68134633 324.60000000 0.67079316 0.68771327 0.68569513
0.68892054 319.60000000 0.68056463 0.68545990 0.69291802
0.09623500 441.00000000 0.10424491 0.10494222 0.08022550
0.10519175 711.10000000 0.09792278 0.10622627 0.11164660
