300.0000 10.0000 0.9000 10.0000
300.0000 10.0000 0.9000 10.0000
300.0000 10.0000 0.9000 10.0000
300.0000 10.0000 0.9000 10.0000
300.0000 10.0000 0.9000 10.0000
300.0000 10.0000 0.9000 10.0000
500.0000 45.0000 0.9500 45.0000
500.0000 45.0000 0.9500 45.0000
500.0000 45.0000 0.9500 45.0000
500.0000 45.0000 0.9500 45.0000
500.0000 45.0000 0.9500 45.0000
500.0000 45.0000 0.9500 45.0000
600.0000 27.5000 0.9250 27.5000
600.0000 27.5000 0.9250 27.5000
600.0000 62.5000 0.9250 27.5000
600.0000 27.5000 0.9250 27.5000
600.0000 27.5000 0.9250 62.5000
600.0000 62.5000 0.9250 62.5000
400.0000 62.5000 0.9750 62.5000
400.0000 62.5000 0.9750 62.5000
400.0000 27.5000 0.9750 62.5000
400.0000 62.5000 0.9750 62.5000
400.0000 62.5000 0.9750 27.5000
400.0000 27.5000 0.9750 27.5000
450.0000 36.2500 0.9625 71.2500
450.0000 36.2500 0.9625 71.2500
450.0000 18.7500 0.9625 71.2500
450.0000 36.2500 0.9375 71.2500
450.0000 36.2500 0.9625 71.2500
450.0000 18.7500 0.9375 71.2500
650.0000 71.2500 0.9125 36.2500
650.0000 71.2500 0.9125 36.2500
650.0000 53.7500 0.9125 36.2500
650.0000 71.2500 0.9875 36.2500
650.0000 71.2500 0.9125 36.2500
650.0000 53.7500 0.9875 36.2500
550.0000 18.7500 0.9875 53.7500
550.0000 18.7500 0.9875 53.7500
550.0000 71.2500 0.9875 53.7500
550.0000 18.7500 0.9125 53.7500
550.0000 18.7500 0.9875 18.7500
550.0000 71.2500 0.9125 18.7500
350.0000 53.7500 0.9375 18.7500
350.0000 53.7500 0.9375 18.7500
350.0000 36.2500 0.9375 18.7500
350.0000 53.7500 0.9625 18.7500
350.0000 53.7500 0.9375 53.7500
350.0000 36.2500 0.9625 53.7500
375.0000 31.8750 0.9938 40.6250
525.0000 31.8750 0.9938 40.6250
375.0000 31.8750 0.9938 40.6250
375.0000 31.8750 0.9437 40.6250
375.0000 31.8750 0.9938 75.6250
525.0000 31.8750 0.9437 75.6250
575.0000 66.8750 0.9437 75.6250
325.0000 66.8750 0.9437 75.6250
575.0000 66.8750 0.9437 75.6250
575.0000 66.8750 0.9938 75.6250
575.0000 66.8750 0.9437 40.6250
325.0000 66.8750 0.9938 40.6250
675.0000 14.3750 0.9688 23.1250
425.0000 14.3750 0.9688 23.1250
675.0000 49.3750 0.9688 23.1250
675.0000 14.3750 0.9188 23.1250
675.0000 14.3750 0.9688 23.1250
425.0000 49.3750 0.9188 23.1250
475.0000 49.3750 0.9188 58.1250
625.0000 49.3750 0.9188 58.1250
475.0000 14.3750 0.9188 58.1250
475.0000 49.3750 0.9688 58.1250
475.0000 49.3750 0.9188 58.1250
625.0000 14.3750 0.9688 58.1250
425.0000 23.1250 0.9313 49.3750
675.0000 23.1250 0.9313 49.3750
425.0000 40.6250 0.9313 49.3750
425.0000 23.1250 0.9062 49.3750
425.0000 23.1250 0.9313 14.3750
675.0000 40.6250 0.9062 14.3750
625.0000 58.1250 0.9812 14.3750
475.0000 58.1250 0.9812 14.3750
625.0000 75.6250 0.9812 14.3750
625.0000 58.1250 0.9563 14.3750
625.0000 58.1250 0.9812 49.3750
475.0000 75.6250 0.9563 49.3750
525.0000 40.6250 0.9062 66.8750
375.0000 40.6250 0.9062 66.8750
525.0000 58.1250 0.9062 66.8750
525.0000 40.6250 0.9313 66.8750
525.0000 40.6250 0.9062 66.8750
375.0000 58.1250 0.9313 66.8750
325.0000 75.6250 0.9563 31.8750
575.0000 75.6250 0.9563 31.8750
325.0000 23.1250 0.9563 31.8750
325.0000 75.6250 0.9812 31.8750
325.0000 75.6250 0.9563 31.8750
575.0000 23.1250 0.9812 31.8750
337.5000 42.8125 0.9469 55.9375
412.5000 42.8125 0.9469 55.9375
337.5000 77.8125 0.9469 55.9375
337.5000 42.8125 0.9531 55.9375
337.5000 42.8125 0.9469 69.0625
412.5000 77.8125 0.9531 69.0625
537.5000 77.8125 0.9969 20.9375
612.5000 77.8125 0.9969 20.9375
537.5000 42.8125 0.9969 20.9375
537.5000 77.8125 0.9031 20.9375
537.5000 77.8125 0.9969 34.0625
612.5000 42.8125 0.9031 34.0625
637.5000 25.3125 0.9219 73.4375
512.5000 25.3125 0.9219 73.4375
637.5000 25.3125 0.9219 73.4375
637.5000 25.3125 0.9781 73.4375
637.5000 25.3125 0.9219 16.5625
512.5000 25.3125 0.9781 16.5625
437.5000 60.3125 0.9719 38.4375
312.5000 60.3125 0.9719 38.4375
437.5000 60.3125 0.9719 38.4375
437.5000 60.3125 0.9281 38.4375
437.5000 60.3125 0.9719 51.5625
312.5000 60.3125 0.9281 51.5625
487.5000 16.5625 0.9844 29.6875
362.5000 16.5625 0.9844 29.6875
487.5000 69.0625 0.9844 29.6875
487.5000 16.5625 0.9906 29.6875
487.5000 16.5625 0.9844 25.3125
362.5000 69.0625 0.9906 25.3125
687.5000 51.5625 0.9344 64.6875
562.5000 51.5625 0.9344 64.6875
687.5000 34.0625 0.9344 64.6875
687.5000 51.5625 0.9406 64.6875
687.5000 51.5625 0.9344 60.3125
562.5000 34.0625 0.9406 60.3125
587.5000 34.0625 0.9594 12.1875
662.5000 34.0625 0.9594 12.1875
587.5000 16.5625 0.9594 12.1875
587.5000 34.0625 0.9656 12.1875
587.5000 34.0625 0.9594 77.8125
662.5000 16.5625 0.9656 77.8125
387.5000 69.0625 0.9094 47.1875
462.5000 69.0625 0.9094 47.1875
387.5000 51.5625 0.9094 47.1875
387.5000 69.0625 0.9156 47.1875
387.5000 69.0625 0.9094 42.8125
462.5000 51.5625 0.9156 42.8125
362.5000 20.9375 0.9531 69.0625
637.5000 20.9375 0.9531 69.0625
362.5000 55.9375 0.9531 69.0625
362.5000 20.9375 0.9969 69.0625
362.5000 20.9375 0.9531 20.9375
637.5000 55.9375 0.9969 20.9375
562.5000 55.9375 0.9031 34.0625
437.5000 55.9375 0.9031 34.0625
562.5000 20.9375 0.9031 34.0625
562.5000 55.9375 0.9469 34.0625
562.5000 55.9375 0.9031 55.9375
437.5000 20.9375 0.9469 55.9375
662.5000 38.4375 0.9781 51.5625
337.5000 38.4375 0.9781 51.5625
662.5000 38.4375 0.9781 51.5625
662.5000 38.4375 0.9719 51.5625
662.5000 38.4375 0.9781 73.4375
337.5000 38.4375 0.9719 73.4375
462.5000 73.4375 0.9281 16.5625
537.5000 73.4375 0.9281 16.5625
462.5000 73.4375 0.9281 16.5625
462.5000 73.4375 0.9219 16.5625
462.5000 73.4375 0.9281 38.4375
537.5000 73.4375 0.9219 38.4375
412.5000 29.6875 0.9156 25.3125
587.5000 29.6875 0.9156 25.3125
412.5000 47.1875 0.9156 25.3125
412.5000 29.6875 0.9594 25.3125
412.5000 29.6875 0.9156 64.6875
587.5000 47.1875 0.9594 64.6875
612.5000 64.6875 0.9656 60.3125
387.5000 64.6875 0.9656 60.3125
612.5000 12.1875 0.9656 60.3125
612.5000 64.6875 0.9094 60.3125
612.5000 64.6875 0.9656 29.6875
387.5000 12.1875 0.9094 29.6875
512.5000 12.1875 0.9406 42.8125
487.5000 12.1875 0.9406 42.8125
512.5000 29.6875 0.9406 42.8125
512.5000 12.1875 0.9844 42.8125
512.5000 12.1875 0.9406 12.1875
487.5000 29.6875 0.9844 12.1875
312.5000 47.1875 0.9906 77.8125
687.5000 47.1875 0.9906 77.8125
312.5000 64.6875 0.9906 77.8125
312.5000 47.1875 0.9344 77.8125
312.5000 47.1875 0.9906 47.1875
687.5000 64.6875 0.9344 47.1875
318.7500 28.5938 0.9703 48.2812
356.2500 28.5938 0.9703 48.2812
318.7500 74.5312 0.9703 48.2812
318.7500 28.5938 0.9797 48.2812
318.7500 28.5938 0.9703 57.0312
356.2500 74.5312 0.9797 57.0312
518.7500 63.5938 0.9203 13.2812
556.2500 63.5938 0.9203 13.2812
518.7500 39.5312 0.9203 13.2812
518.7500 63.5938 0.9297 13.2812
518.7500 63.5938 0.9203 22.0312
556.2500 39.5312 0.9297 22.0312
618.7500 11.0938 0.9953 65.7812
656.2500 11.0938 0.9953 65.7812
618.7500 22.0312 0.9953 65.7812
618.7500 11.0938 0.9547 65.7812
618.7500 11.0938 0.9953 39.5312
656.2500 22.0312 0.9547 39.5312
418.7500 46.0938 0.9453 30.7812
456.2500 46.0938 0.9453 30.7812
418.7500 57.0312 0.9453 30.7812
418.7500 46.0938 0.9047 30.7812
418.7500 46.0938 0.9453 74.5312
456.2500 57.0312 0.9047 74.5312
468.7500 19.8438 0.9078 39.5312
406.2500 19.8438 0.9078 39.5312
468.7500 65.7812 0.9078 39.5312
468.7500 19.8438 0.9672 39.5312
468.7500 19.8438 0.9078 30.7812
406.2500 65.7812 0.9672 30.7812
668.7500 54.8438 0.9578 74.5312
606.2500 54.8438 0.9578 74.5312
668.7500 30.7812 0.9578 74.5312
668.7500 54.8438 0.9172 74.5312
668.7500 54.8438 0.9578 65.7812
606.2500 30.7812 0.9172 65.7812
568.7500 37.3438 0.9328 22.0312
506.2500 37.3438 0.9328 22.0312
568.7500 13.2812 0.9328 22.0312
568.7500 37.3438 0.9922 22.0312
568.7500 37.3438 0.9328 48.2812
506.2500 13.2812 0.9922 48.2812
368.7500 72.3438 0.9828 57.0312
306.2500 72.3438 0.9828 57.0312
368.7500 48.2812 0.9828 57.0312
368.7500 72.3438 0.9422 57.0312
368.7500 72.3438 0.9828 13.2812
306.2500 48.2812 0.9422 13.2812
393.7500 15.4688 0.9266 78.9062
581.2500 15.4688 0.9266 78.9062
393.7500 61.4062 0.9266 78.9062
393.7500 15.4688 0.9734 78.9062
393.7500 15.4688 0.9266 35.1562
581.2500 61.4062 0.9734 35.1562
593.7500 50.4688 0.9766 43.9062
381.2500 50.4688 0.9766 43.9062
593.7500 26.4062 0.9766 43.9062
593.7500 50.4688 0.9234 43.9062
593.7500 50.4688 0.9766 70.1562
381.2500 26.4062 0.9234 70.1562
693.7500 32.9688 0.9016 61.4062
481.2500 32.9688 0.9016 61.4062
693.7500 43.9062 0.9016 61.4062
693.7500 32.9688 0.9984 61.4062
693.7500 32.9688 0.9016 52.6562
481.2500 43.9062 0.9984 52.6562
493.7500 67.9688 0.9516 26.4062
681.2500 67.9688 0.9516 26.4062
493.7500 78.9062 0.9516 26.4062
493.7500 67.9688 0.9484 26.4062
493.7500 67.9688 0.9516 17.6562
681.2500 78.9062 0.9484 17.6562
443.7500 41.7188 0.9891 17.6562
631.2500 41.7188 0.9891 17.6562
443.7500 52.6562 0.9891 17.6562
443.7500 41.7188 0.9859 17.6562
443.7500 41.7188 0.9891 61.4062
631.2500 52.6562 0.9859 61.4062
643.7500 76.7188 0.9391 52.6562
431.2500 76.7188 0.9391 52.6562
643.7500 17.6562 0.9391 52.6562
643.7500 76.7188 0.9359 52.6562
643.7500 76.7188 0.9391 26.4062
431.2500 17.6562 0.9359 26.4062
543.7500 24.2188 0.9641 35.1562
331.2500 24.2188 0.9641 35.1562
543.7500 35.1562 0.9641 35.1562
543.7500 24.2188 0.9609 35.1562
543.7500 24.2188 0.9641 43.9062
331.2500 35.1562 0.9609 43.9062
343.7500 59.2188 0.9141 70.1562
531.2500 59.2188 0.9141 70.1562
343.7500 70.1562 0.9141 70.1562
343.7500 59.2188 0.9109 70.1562
343.7500 59.2188 0.9141 78.9062
531.2500 70.1562 0.9109 78.9062
331.2500 26.4062 0.9797 19.8438
468.7500 26.4062 0.9797 19.8438
331.2500 15.4688 0.9797 19.8438
331.2500 26.4062 0.9266 19.8438
331.2500 26.4062 0.9797 41.7188
468.7500 15.4688 0.9266 41.7188
531.2500 61.4062 0.9297 54.8438
668.7500 61.4062 0.9297 54.8438
531.2500 50.4688 0.9297 54.8438
531.2500 61.4062 0.9766 54.8438
531.2500 61.4062 0.9297 76.7188
668.7500 50.4688 0.9766 76.7188
631.2500 43.9062 0.9547 37.3438
568.7500 43.9062 0.9547 37.3438
631.2500 67.9688 0.9547 37.3438
631.2500 43.9062 0.9016 37.3438
631.2500 43.9062 0.9547 59.2188
568.7500 67.9688 0.9016 59.2188
431.2500 78.9062 0.9047 72.3438
368.7500 78.9062 0.9047 72.3438
431.2500 32.9688 0.9047 72.3438
431.2500 78.9062 0.9516 72.3438
431.2500 78.9062 0.9047 24.2188
368.7500 32.9688 0.9516 24.2188
481.2500 35.1562 0.9422 63.5938
318.7500 35.1562 0.9422 63.5938
481.2500 24.2188 0.9422 63.5938
481.2500 35.1562 0.9141 63.5938
481.2500 35.1562 0.9422 50.4688
318.7500 24.2188 0.9141 50.4688
681.2500 70.1562 0.9922 28.5938
518.7500 70.1562 0.9922 28.5938
681.2500 59.2188 0.9922 28.5938
681.2500 70.1562 0.9641 28.5938
681.2500 70.1562 0.9922 15.4688
518.7500 59.2188 0.9641 15.4688
581.2500 17.6562 0.9172 46.0938
618.7500 17.6562 0.9172 46.0938
581.2500 76.7188 0.9172 46.0938
581.2500 17.6562 0.9391 46.0938
581.2500 17.6562 0.9172 32.9688
618.7500 76.7188 0.9391 32.9688
381.2500 52.6562 0.9672 11.0938
418.7500 52.6562 0.9672 11.0938
381.2500 41.7188 0.9672 11.0938
381.2500 52.6562 0.9891 11.0938
381.2500 52.6562 0.9672 67.9688
418.7500 41.7188 0.9891 67.9688
356.2500 39.5312 0.9234 32.9688
693.7500 39.5312 0.9234 32.9688
356.2500 28.5938 0.9234 32.9688
356.2500 39.5312 0.9203 32.9688
356.2500 39.5312 0.9234 46.0938
693.7500 28.5938 0.9203 46.0938
556.2500 74.5312 0.9734 67.9688
493.7500 74.5312 0.9734 67.9688
556.2500 63.5938 0.9734 67.9688
556.2500 74.5312 0.9703 67.9688
556.2500 74.5312 0.9734 11.0938
493.7500 63.5938 0.9703 11.0938
656.2500 22.0312 0.9484 15.4688
393.7500 22.0312 0.9484 15.4688
656.2500 46.0938 0.9484 15.4688
656.2500 22.0312 0.9453 15.4688
656.2500 22.0312 0.9484 28.5938
393.7500 46.0938 0.9453 28.5938
456.2500 57.0312 0.9984 50.4688
593.7500 57.0312 0.9984 50.4688
456.2500 11.0938 0.9984 50.4688
456.2500 57.0312 0.9953 50.4688
456.2500 57.0312 0.9984 63.5938
593.7500 11.0938 0.9953 63.5938
406.2500 13.2812 0.9609 59.2188
543.7500 13.2812 0.9609 59.2188
406.2500 37.3438 0.9609 59.2188
406.2500 13.2812 0.9328 59.2188
406.2500 13.2812 0.9609 37.3438
543.7500 37.3438 0.9328 37.3438
606.2500 48.2812 0.9109 24.2188
343.7500 48.2812 0.9109 24.2188
606.2500 72.3438 0.9109 24.2188
606.2500 48.2812 0.9828 24.2188
606.2500 48.2812 0.9109 72.3438
343.7500 72.3438 0.9828 72.3438
506.2500 30.7812 0.9859 76.7188
443.7500 30.7812 0.9859 76.7188
506.2500 54.8438 0.9859 76.7188
506.2500 30.7812 0.9078 76.7188
506.2500 30.7812 0.9859 54.8438
443.7500 54.8438 0.9078 54.8438
306.2500 65.7812 0.9359 41.7188
643.7500 65.7812 0.9359 41.7188
306.2500 19.8438 0.9359 41.7188
306.2500 65.7812 0.9578 41.7188
306.2500 65.7812 0.9359 19.8438
643.7500 19.8438 0.9578 19.8438
309.3750 37.8906 0.9820 68.5156
559.3750 37.8906 0.9820 68.5156
309.3750 41.1719 0.9820 68.5156
309.3750 37.8906 0.9664 68.5156
309.3750 37.8906 0.9820 24.7656
559.3750 41.1719 0.9664 24.7656
509.3750 72.8906 0.9320 33.5156
359.3750 72.8906 0.9320 33.5156
509.3750 76.1719 0.9320 33.5156
509.3750 72.8906 0.9164 33.5156
509.3750 72.8906 0.9320 59.7656
359.3750 76.1719 0.9164 59.7656
609.3750 20.3906 0.9570 51.0156
459.3750 20.3906 0.9570 51.0156
609.3750 58.6719 0.9570 51.0156
609.3750 20.3906 0.9914 51.0156
609.3750 20.3906 0.9570 77.2656
459.3750 58.6719 0.9914 77.2656
409.3750 55.3906 0.9070 16.0156
659.3750 55.3906 0.9070 16.0156
409.3750 23.6719 0.9070 16.0156
409.3750 55.3906 0.9414 16.0156
409.3750 55.3906 0.9070 42.2656
659.3750 23.6719 0.9414 42.2656
459.3750 11.6406 0.9445 24.7656
609.3750 11.6406 0.9445 24.7656
459.3750 32.4219 0.9445 24.7656
459.3750 11.6406 0.9789 24.7656
459.3750 11.6406 0.9445 68.5156
609.3750 32.4219 0.9789 68.5156
659.3750 46.6406 0.9945 59.7656
409.3750 46.6406 0.9945 59.7656
659.3750 67.4219 0.9945 59.7656
659.3750 46.6406 0.9289 59.7656
659.3750 46.6406 0.9945 33.5156
409.3750 67.4219 0.9289 33.5156
559.3750 29.1406 0.9195 42.2656
309.3750 29.1406 0.9195 42.2656
559.3750 49.9219 0.9195 42.2656
559.3750 29.1406 0.9539 42.2656
559.3750 29.1406 0.9195 16.0156
309.3750 49.9219 0.9539 16.0156
359.3750 64.1406 0.9695 77.2656
509.3750 64.1406 0.9695 77.2656
359.3750 14.9219 0.9695 77.2656
359.3750 64.1406 0.9039 77.2656
359.3750 64.1406 0.9695 51.0156
509.3750 14.9219 0.9039 51.0156
384.3750 24.7656 0.9133 55.3906
384.3750 24.7656 0.9133 55.3906
384.3750 19.2969 0.9133 55.3906
384.3750 24.7656 0.9852 55.3906
384.3750 24.7656 0.9133 64.1406
384.3750 19.2969 0.9852 64.1406
584.3750 59.7656 0.9633 20.3906
584.3750 59.7656 0.9633 20.3906
584.3750 54.2969 0.9633 20.3906
584.3750 59.7656 0.9352 20.3906
584.3750 59.7656 0.9633 29.1406
584.3750 54.2969 0.9352 29.1406
684.3750 42.2656 0.9383 72.8906
684.3750 42.2656 0.9383 72.8906
684.3750 71.7969 0.9383 72.8906
684.3750 42.2656 0.9602 72.8906
684.3750 42.2656 0.9383 11.6406
684.3750 71.7969 0.9602 11.6406
484.3750 77.2656 0.9883 37.8906
484.3750 77.2656 0.9883 37.8906
484.3750 36.7969 0.9883 37.8906
484.3750 77.2656 0.9102 37.8906
484.3750 77.2656 0.9883 46.6406
484.3750 36.7969 0.9102 46.6406
434.3750 33.5156 0.9508 29.1406
434.3750 33.5156 0.9508 29.1406
434.3750 10.5469 0.9508 29.1406
434.3750 33.5156 0.9727 29.1406
434.3750 33.5156 0.9508 20.3906
434.3750 10.5469 0.9727 20.3906
634.3750 68.5156 0.9008 64.1406
634.3750 68.5156 0.9008 64.1406
634.3750 45.5469 0.9008 64.1406
634.3750 68.5156 0.9227 64.1406
634.3750 68.5156 0.9008 55.3906
634.3750 45.5469 0.9227 55.3906
534.3750 16.0156 0.9758 11.6406
534.3750 16.0156 0.9758 11.6406
534.3750 63.0469 0.9758 11.6406
534.3750 16.0156 0.9977 11.6406
534.3750 16.0156 0.9758 72.8906
534.3750 63.0469 0.9977 72.8906
334.3750 51.0156 0.9258 46.6406
334.3750 51.0156 0.9258 46.6406
334.3750 28.0469 0.9258 46.6406
334.3750 51.0156 0.9477 46.6406
334.3750 51.0156 0.9258 37.8906
334.3750 28.0469 0.9477 37.8906
346.8750 18.2031 0.9664 44.4531
671.8750 18.2031 0.9664 44.4531
346.8750 47.7344 0.9664 44.4531
346.8750 18.2031 0.9133 44.4531
346.8750 18.2031 0.9664 75.0781
671.8750 47.7344 0.9133 75.0781
546.8750 53.2031 0.9164 79.4531
471.8750 53.2031 0.9164 79.4531
546.8750 12.7344 0.9164 79.4531
546.8750 53.2031 0.9633 79.4531
546.8750 53.2031 0.9164 40.0781
471.8750 12.7344 0.9633 40.0781
646.8750 35.7031 0.9914 26.9531
371.8750 35.7031 0.9914 26.9531
646.8750 30.2344 0.9914 26.9531
646.8750 35.7031 0.9383 26.9531
646.8750 35.7031 0.9914 22.5781
371.8750 30.2344 0.9383 22.5781
446.8750 70.7031 0.9414 61.9531
571.8750 70.7031 0.9414 61.9531
446.8750 65.2344 0.9414 61.9531
446.8750 70.7031 0.9883 61.9531
446.8750 70.7031 0.9414 57.5781
571.8750 65.2344 0.9883 57.5781
496.8750 44.4531 0.9039 53.2031
521.8750 44.4531 0.9039 53.2031
496.8750 56.4844 0.9039 53.2031
496.8750 44.4531 0.9258 53.2031
496.8750 44.4531 0.9039 13.8281
521.8750 56.4844 0.9258 13.8281
696.8750 79.4531 0.9539 18.2031
321.8750 79.4531 0.9539 18.2031
696.8750 21.4844 0.9539 18.2031
696.8750 79.4531 0.9758 18.2031
696.8750 79.4531 0.9539 48.8281
321.8750 21.4844 0.9758 48.8281
596.8750 26.9531 0.9289 70.7031
421.8750 26.9531 0.9289 70.7031
596.8750 38.9844 0.9289 70.7031
596.8750 26.9531 0.9008 70.7031
596.8750 26.9531 0.9289 66.3281
421.8750 38.9844 0.9008 66.3281
396.8750 61.9531 0.9789 35.7031
621.8750 61.9531 0.9789 35.7031
396.8750 73.9844 0.9789 35.7031
396.8750 61.9531 0.9508 35.7031
396.8750 61.9531 0.9789 31.3281
621.8750 73.9844 0.9508 31.3281
371.8750 31.3281 0.9352 13.8281
496.8750 31.3281 0.9352 13.8281
371.8750 69.6094 0.9352 13.8281
371.8750 31.3281 0.9320 13.8281
371.8750 31.3281 0.9352 18.2031
496.8750 69.6094 0.9320 18.2031
571.8750 66.3281 0.9852 48.8281
696.8750 66.3281 0.9852 48.8281
571.8750 34.6094 0.9852 48.8281
571.8750 66.3281 0.9820 48.8281
571.8750 66.3281 0.9852 53.2031
696.8750 34.6094 0.9820 53.2031
671.8750 13.8281 0.9102 31.3281
596.8750 13.8281 0.9102 31.3281
671.8750 17.1094 0.9102 31.3281
671.8750 13.8281 0.9070 31.3281
671.8750 13.8281 0.9102 70.7031
596.8750 17.1094 0.9070 70.7031
471.8750 48.8281 0.9602 66.3281
396.8750 48.8281 0.9602 66.3281
471.8750 52.1094 0.9602 66.3281
471.8750 48.8281 0.9570 66.3281
471.8750 48.8281 0.9602 35.7031
396.8750 52.1094 0.9570 35.7031
421.8750 22.5781 0.9977 75.0781
346.8750 22.5781 0.9977 75.0781
421.8750 78.3594 0.9977 75.0781
421.8750 22.5781 0.9195 75.0781
421.8750 22.5781 0.9977 79.4531
346.8750 78.3594 0.9195 79.4531
621.8750 57.5781 0.9477 40.0781
546.8750 57.5781 0.9477 40.0781
621.8750 43.3594 0.9477 40.0781
621.8750 57.5781 0.9695 40.0781
621.8750 57.5781 0.9477 44.4531
546.8750 43.3594 0.9695 44.4531
521.8750 40.0781 0.9727 57.5781
646.8750 40.0781 0.9727 57.5781
521.8750 25.8594 0.9727 57.5781
521.8750 40.0781 0.9445 57.5781
521.8750 40.0781 0.9727 26.9531
646.8750 25.8594 0.9445 26.9531
321.8750 75.0781 0.9227 22.5781
446.8750 75.0781 0.9227 22.5781
321.8750 60.8594 0.9227 22.5781
321.8750 75.0781 0.9945 22.5781
321.8750 75.0781 0.9227 61.9531
446.8750 60.8594 0.9945 61.9531
315.6250 19.2969 0.9398 34.6094
503.1250 19.2969 0.9398 34.6094
315.6250 53.2031 0.9398 34.6094
315.6250 19.2969 0.9398 34.6094
315.6250 19.2969 0.9398 52.1094
503.1250 53.2031 0.9398 52.1094
515.6250 54.2969 0.9898 69.6094
303.1250 54.2969 0.9898 69.6094
515.6250 18.2031 0.9898 69.6094
515.6250 54.2969 0.9898 69.6094
515.6250 54.2969 0.9898 17.1094
303.1250 18.2031 0.9898 17.1094
615.6250 36.7969 0.9148 17.1094
403.1250 36.7969 0.9148 17.1094
615.6250 35.7031 0.9148 17.1094
615.6250 36.7969 0.9148 17.1094
615.6250 36.7969 0.9148 34.6094
403.1250 35.7031 0.9148 34.6094
415.6250 71.7969 0.9648 52.1094
603.1250 71.7969 0.9648 52.1094
415.6250 70.7031 0.9648 52.1094
415.6250 71.7969 0.9648 52.1094
415.6250 71.7969 0.9648 69.6094
603.1250 70.7031 0.9648 69.6094
465.6250 28.0469 0.9773 60.8594
653.1250 28.0469 0.9773 60.8594
465.6250 61.9531 0.9773 60.8594
465.6250 28.0469 0.9023 60.8594
465.6250 28.0469 0.9773 43.3594
653.1250 61.9531 0.9023 43.3594
665.6250 63.0469 0.9273 25.8594
453.1250 63.0469 0.9273 25.8594
665.6250 26.9531 0.9273 25.8594
665.6250 63.0469 0.9523 25.8594
665.6250 63.0469 0.9273 78.3594
453.1250 26.9531 0.9523 78.3594
565.6250 10.5469 0.9523 78.3594
353.1250 10.5469 0.9523 78.3594
565.6250 44.4531 0.9523 78.3594
565.6250 10.5469 0.9273 78.3594
565.6250 10.5469 0.9523 60.8594
353.1250 44.4531 0.9273 60.8594
365.6250 45.5469 0.9023 43.3594
553.1250 45.5469 0.9023 43.3594
365.6250 79.4531 0.9023 43.3594
365.6250 45.5469 0.9773 43.3594
365.6250 45.5469 0.9023 25.8594
553.1250 79.4531 0.9773 25.8594
390.6250 41.1719 0.9586 21.4844
328.1250 41.1719 0.9586 21.4844
390.6250 66.3281 0.9586 21.4844
390.6250 41.1719 0.9086 21.4844
390.6250 41.1719 0.9586 38.9844
328.1250 66.3281 0.9086 38.9844
590.6250 76.1719 0.9086 56.4844
528.1250 76.1719 0.9086 56.4844
590.6250 31.3281 0.9086 56.4844
590.6250 76.1719 0.9586 56.4844
590.6250 76.1719 0.9086 73.9844
528.1250 31.3281 0.9586 73.9844
690.6250 23.6719 0.9836 38.9844
628.1250 23.6719 0.9836 38.9844
690.6250 13.8281 0.9836 38.9844
690.6250 23.6719 0.9336 38.9844
690.6250 23.6719 0.9836 56.4844
628.1250 13.8281 0.9336 56.4844
490.6250 58.6719 0.9336 73.9844
428.1250 58.6719 0.9336 73.9844
490.6250 48.8281 0.9336 73.9844
490.6250 58.6719 0.9836 73.9844
490.6250 58.6719 0.9336 21.4844
428.1250 48.8281 0.9836 21.4844
440.6250 14.9219 0.9211 65.2344
478.1250 14.9219 0.9211 65.2344
440.6250 75.0781 0.9211 65.2344
440.6250 14.9219 0.9461 65.2344
440.6250 14.9219 0.9211 47.7344
478.1250 75.0781 0.9461 47.7344
640.6250 49.9219 0.9711 30.2344
678.1250 49.9219 0.9711 30.2344
640.6250 40.0781 0.9711 30.2344
640.6250 49.9219 0.9961 30.2344
640.6250 49.9219 0.9711 12.7344
678.1250 40.0781 0.9961 12.7344
540.6250 32.4219 0.9461 47.7344
578.1250 32.4219 0.9461 47.7344
540.6250 22.5781 0.9461 47.7344
540.6250 32.4219 0.9211 47.7344
540.6250 32.4219 0.9461 30.2344
578.1250 22.5781 0.9211 30.2344
340.6250 67.4219 0.9961 12.7344
378.1250 67.4219 0.9961 12.7344
340.6250 57.5781 0.9961 12.7344
340.6250 67.4219 0.9711 12.7344
340.6250 67.4219 0.9961 65.2344
378.1250 57.5781 0.9711 65.2344
328.1250 34.6094 0.9117 76.1719
615.6250 34.6094 0.9117 76.1719
328.1250 37.8906 0.9117 76.1719
328.1250 34.6094 0.9930 76.1719
328.1250 34.6094 0.9117 28.0469
615.6250 37.8906 0.9930 28.0469
528.1250 69.6094 0.9617 41.1719
415.6250 69.6094 0.9617 41.1719
528.1250 72.8906 0.9617 41.1719
528.1250 69.6094 0.9430 41.1719
528.1250 69.6094 0.9617 63.0469
415.6250 72.8906 0.9430 63.0469
628.1250 17.1094 0.9367 58.6719
315.6250 17.1094 0.9367 58.6719
628.1250 55.3906 0.9367 58.6719
628.1250 17.1094 0.9680 58.6719
628.1250 17.1094 0.9367 45.5469
315.6250 55.3906 0.9680 45.5469
428.1250 52.1094 0.9867 23.6719
515.6250 52.1094 0.9867 23.6719
428.1250 20.3906 0.9867 23.6719
428.1250 52.1094 0.9180 23.6719
428.1250 52.1094 0.9867 10.5469
515.6250 20.3906 0.9180 10.5469
478.1250 25.8594 0.9742 14.9219
565.6250 25.8594 0.9742 14.9219
478.1250 29.1406 0.9742 14.9219
478.1250 25.8594 0.9555 14.9219
478.1250 25.8594 0.9742 54.2969
565.6250 29.1406 0.9555 54.2969
678.1250 60.8594 0.9242 49.9219
365.6250 60.8594 0.9242 49.9219
678.1250 64.1406 0.9242 49.9219
678.1250 60.8594 0.9055 49.9219
678.1250 60.8594 0.9242 19.2969
365.6250 64.1406 0.9055 19.2969
578.1250 43.3594 0.9992 32.4219
465.6250 43.3594 0.9992 32.4219
578.1250 46.6406 0.9992 32.4219
578.1250 43.3594 0.9805 32.4219
578.1250 43.3594 0.9992 36.7969
465.6250 46.6406 0.9805 36.7969
378.1250 78.3594 0.9492 67.4219
665.6250 78.3594 0.9492 67.4219
378.1250 11.6406 0.9492 67.4219
378.1250 78.3594 0.9305 67.4219
378.1250 78.3594 0.9492 71.7969
665.6250 11.6406 0.9305 71.7969
353.1250 12.7344 0.9930 45.5469
440.6250 12.7344 0.9930 45.5469
353.1250 24.7656 0.9930 45.5469
353.1250 12.7344 0.9617 45.5469
353.1250 12.7344 0.9930 58.6719
440.6250 24.7656 0.9617 58.6719
553.1250 47.7344 0.9430 10.5469
640.6250 47.7344 0.9430 10.5469
553.1250 59.7656 0.9430 10.5469
553.1250 47.7344 0.9117 10.5469
553.1250 47.7344 0.9430 23.6719
640.6250 59.7656 0.9117 23.6719
653.1250 30.2344 0.9680 63.0469
540.6250 30.2344 0.9680 63.0469
653.1250 77.2656 0.9680 63.0469
653.1250 30.2344 0.9867 63.0469
653.1250 30.2344 0.9680 41.1719
540.6250 77.2656 0.9867 41.1719
453.1250 65.2344 0.9180 28.0469
340.6250 65.2344 0.9180 28.0469
453.1250 42.2656 0.9180 28.0469
453.1250 65.2344 0.9367 28.0469
453.1250 65.2344 0.9180 76.1719
340.6250 42.2656 0.9367 76.1719
403.1250 38.9844 0.9305 36.7969
390.6250 38.9844 0.9305 36.7969
403.1250 16.0156 0.9305 36.7969
403.1250 38.9844 0.9992 36.7969
403.1250 38.9844 0.9305 32.4219
390.6250 16.0156 0.9992 32.4219
603.1250 73.9844 0.9805 71.7969
590.6250 73.9844 0.9805 71.7969
603.1250 51.0156 0.9805 71.7969
603.1250 73.9844 0.9492 71.7969
603.1250 73.9844 0.9805 67.4219
590.6250 51.0156 0.9492 67.4219
503.1250 21.4844 0.9055 19.2969
690.6250 21.4844 0.9055 19.2969
503.1250 68.5156 0.9055 19.2969
503.1250 21.4844 0.9742 19.2969
503.1250 21.4844 0.9055 49.9219
690.6250 68.5156 0.9742 49.9219
303.1250 56.4844 0.9555 54.2969
490.6250 56.4844 0.9555 54.2969
303.1250 33.5156 0.9555 54.2969
303.1250 56.4844 0.9242 54.2969
303.1250 56.4844 0.9555 14.9219
490.6250 33.5156 0.9242 14.9219
304.6875 33.2422 0.9293 23.3984
660.9375 33.2422 0.9293 23.3984
304.6875 57.3047 0.9293 23.3984
304.6875 33.2422 0.9863 23.3984
304.6875 33.2422 0.9293 27.2266
660.9375 57.3047 0.9863 27.2266
504.6875 68.2422 0.9793 58.3984
460.9375 68.2422 0.9793 58.3984
504.6875 22.3047 0.9793 58.3984
504.6875 68.2422 0.9363 58.3984
504.6875 68.2422 0.9793 62.2266
460.9375 22.3047 0.9363 62.2266
604.6875 15.7422 0.9043 40.8984
360.9375 15.7422 0.9043 40.8984
604.6875 39.8047 0.9043 40.8984
604.6875 15.7422 0.9613 40.8984
604.6875 15.7422 0.9043 79.7266
360.9375 39.8047 0.9613 79.7266
404.6875 50.7422 0.9543 75.8984
560.9375 50.7422 0.9543 75.8984
404.6875 74.8047 0.9543 75.8984
404.6875 50.7422 0.9113 75.8984
404.6875 50.7422 0.9543 44.7266
560.9375 74.8047 0.9113 44.7266
454.6875 24.4922 0.9918 67.1484
510.9375 24.4922 0.9918 67.1484
454.6875 48.5547 0.9918 67.1484
454.6875 24.4922 0.9738 67.1484
454.6875 24.4922 0.9918 70.9766
510.9375 48.5547 0.9738 70.9766
654.6875 59.4922 0.9418 32.1484
310.9375 59.4922 0.9418 32.1484
654.6875 13.5547 0.9418 32.1484
654.6875 59.4922 0.9238 32.1484
654.6875 59.4922 0.9418 35.9766
310.9375 13.5547 0.9238 35.9766
554.6875 41.9922 0.9668 49.6484
410.9375 41.9922 0.9668 49.6484
554.6875 31.0547 0.9668 49.6484
554.6875 41.9922 0.9988 49.6484
554.6875 41.9922 0.9668 18.4766
410.9375 31.0547 0.9988 18.4766
354.6875 76.9922 0.9168 14.6484
610.9375 76.9922 0.9168 14.6484
354.6875 66.0547 0.9168 14.6484
354.6875 76.9922 0.9488 14.6484
354.6875 76.9922 0.9168 53.4766
610.9375 66.0547 0.9488 53.4766
379.6875 11.3672 0.9730 27.7734
485.9375 11.3672 0.9730 27.7734
379.6875 79.1797 0.9730 27.7734
379.6875 11.3672 0.9676 27.7734
379.6875 11.3672 0.9730 66.6016
485.9375 79.1797 0.9676 66.6016
579.6875 46.3672 0.9230 62.7734
685.9375 46.3672 0.9230 62.7734
579.6875 44.1797 0.9230 62.7734
579.6875 46.3672 0.9176 62.7734
579.6875 46.3672 0.9230 31.6016
685.9375 44.1797 0.9176 31.6016
679.6875 28.8672 0.9980 10.2734
585.9375 28.8672 0.9980 10.2734
679.6875 26.6797 0.9980 10.2734
679.6875 28.8672 0.9926 10.2734
679.6875 28.8672 0.9980 14.1016
585.9375 26.6797 0.9926 14.1016
479.6875 63.8672 0.9480 45.2734
385.9375 63.8672 0.9480 45.2734
479.6875 61.6797 0.9480 45.2734
479.6875 63.8672 0.9426 45.2734
479.6875 63.8672 0.9480 49.1016
385.9375 61.6797 0.9426 49.1016
429.6875 37.6172 0.9105 54.0234
335.9375 37.6172 0.9105 54.0234
429.6875 70.4297 0.9105 54.0234
429.6875 37.6172 0.9801 54.0234
429.6875 37.6172 0.9105 22.8516
335.9375 70.4297 0.9801 22.8516
629.6875 72.6172 0.9605 19.0234
535.9375 72.6172 0.9605 19.0234
629.6875 35.4297 0.9605 19.0234
629.6875 72.6172 0.9301 19.0234
629.6875 72.6172 0.9605 57.8516
535.9375 35.4297 0.9301 57.8516
529.6875 20.1172 0.9355 71.5234
635.9375 20.1172 0.9355 71.5234
529.6875 17.9297 0.9355 71.5234
529.6875 20.1172 0.9551 71.5234
529.6875 20.1172 0.9355 75.3516
635.9375 17.9297 0.9551 75.3516
329.6875 55.1172 0.9855 36.5234
435.9375 55.1172 0.9855 36.5234
329.6875 52.9297 0.9855 36.5234
329.6875 55.1172 0.9051 36.5234
329.6875 55.1172 0.9855 40.3516
435.9375 52.9297 0.9051 40.3516
342.1875 22.3047 0.9199 51.8359
573.4375 22.3047 0.9199 51.8359
342.1875 33.2422 0.9199 51.8359
342.1875 22.3047 0.9332 51.8359
342.1875 22.3047 0.9199 73.1641
573.4375 33.2422 0.9332 73.1641
542.1875 57.3047 0.9699 16.8359
373.4375 57.3047 0.9699 16.8359
542.1875 68.2422 0.9699 16.8359
542.1875 57.3047 0.9832 16.8359
542.1875 57.3047 0.9699 38.1641
373.4375 68.2422 0.9832 38.1641
642.1875 39.8047 0.9449 69.3359
473.4375 39.8047 0.9449 69.3359
642.1875 50.7422 0.9449 69.3359
642.1875 39.8047 0.9082 69.3359
642.1875 39.8047 0.9449 20.6641
473.4375 50.7422 0.9082 20.6641
442.1875 74.8047 0.9949 34.3359
673.4375 74.8047 0.9949 34.3359
442.1875 15.7422 0.9949 34.3359
442.1875 74.8047 0.9582 34.3359
442.1875 74.8047 0.9949 55.6641
673.4375 15.7422 0.9582 55.6641
492.1875 31.0547 0.9574 43.0859
623.4375 31.0547 0.9574 43.0859
492.1875 41.9922 0.9574 43.0859
492.1875 31.0547 0.9207 43.0859
492.1875 31.0547 0.9574 11.9141
623.4375 41.9922 0.9207 11.9141
692.1875 66.0547 0.9074 78.0859
423.4375 66.0547 0.9074 78.0859
692.1875 76.9922 0.9074 78.0859
692.1875 66.0547 0.9707 78.0859
692.1875 66.0547 0.9074 46.9141
423.4375 76.9922 0.9707 46.9141
592.1875 13.5547 0.9824 25.5859
323.4375 13.5547 0.9824 25.5859
592.1875 59.4922 0.9824 25.5859
592.1875 13.5547 0.9457 25.5859
592.1875 13.5547 0.9824 64.4141
323.4375 59.4922 0.9457 64.4141
392.1875 48.5547 0.9324 60.5859
523.4375 48.5547 0.9324 60.5859
392.1875 24.4922 0.9324 60.5859
392.1875 48.5547 0.9957 60.5859
392.1875 48.5547 0.9324 29.4141
523.4375 24.4922 0.9957 29.4141
367.1875 44.1797 0.9762 73.7109
398.4375 44.1797 0.9762 73.7109
367.1875 11.3672 0.9762 73.7109
367.1875 44.1797 0.9145 73.7109
367.1875 44.1797 0.9762 16.2891
398.4375 11.3672 0.9145 16.2891
567.1875 79.1797 0.9262 38.7109
598.4375 79.1797 0.9262 38.7109
567.1875 46.3672 0.9262 38.7109
567.1875 79.1797 0.9645 38.7109
567.1875 79.1797 0.9262 51.2891
598.4375 46.3672 0.9645 51.2891
667.1875 26.6797 0.9512 56.2109
698.4375 26.6797 0.9512 56.2109
667.1875 63.8672 0.9512 56.2109
667.1875 26.6797 0.9395 56.2109
667.1875 26.6797 0.9512 68.7891
698.4375 63.8672 0.9395 68.7891
467.1875 61.6797 0.9012 21.2109
498.4375 61.6797 0.9012 21.2109
467.1875 28.8672 0.9012 21.2109
467.1875 61.6797 0.9895 21.2109
467.1875 61.6797 0.9012 33.7891
498.4375 28.8672 0.9895 33.7891
417.1875 17.9297 0.9387 12.4609
448.4375 17.9297 0.9387 12.4609
417.1875 20.1172 0.9387 12.4609
417.1875 17.9297 0.9270 12.4609
417.1875 17.9297 0.9387 77.5391
448.4375 20.1172 0.9270 77.5391
617.1875 52.9297 0.9887 47.4609
648.4375 52.9297 0.9887 47.4609
617.1875 55.1172 0.9887 47.4609
617.1875 52.9297 0.9770 47.4609
617.1875 52.9297 0.9887 42.5391
648.4375 55.1172 0.9770 42.5391
517.1875 35.4297 0.9137 29.9609
548.4375 35.4297 0.9137 29.9609
517.1875 72.6172 0.9137 29.9609
517.1875 35.4297 0.9020 29.9609
517.1875 35.4297 0.9137 25.0391
548.4375 72.6172 0.9020 25.0391
317.1875 70.4297 0.9637 64.9609
348.4375 70.4297 0.9637 64.9609
317.1875 37.6172 0.9637 64.9609
317.1875 70.4297 0.9520 64.9609
317.1875 70.4297 0.9637 60.0391
348.4375 37.6172 0.9520 60.0391
323.4375 14.6484 0.9996 61.6797
604.6875 14.6484 0.9996 61.6797
323.4375 27.7734 0.9996 61.6797
323.4375 14.6484 0.9066 61.6797
323.4375 14.6484 0.9996 50.1953
604.6875 27.7734 0.9066 50.1953
523.4375 49.6484 0.9496 26.6797
404.6875 49.6484 0.9496 26.6797
523.4375 62.7734 0.9496 26.6797
523.4375 49.6484 0.9566 26.6797
523.4375 49.6484 0.9496 15.1953
404.6875 62.7734 0.9566 15.1953
623.4375 32.1484 0.9746 79.1797
304.6875 32.1484 0.9746 79.1797
623.4375 45.2734 0.9746 79.1797
623.4375 32.1484 0.9316 79.1797
623.4375 32.1484 0.9746 32.6953
304.6875 45.2734 0.9316 32.6953
423.4375 67.1484 0.9246 44.1797
504.6875 67.1484 0.9246 44.1797
423.4375 10.2734 0.9246 44.1797
423.4375 67.1484 0.9816 44.1797
423.4375 67.1484 0.9246 67.6953
504.6875 10.2734 0.9816 67.6953
473.4375 40.8984 0.9371 35.4297
554.6875 40.8984 0.9371 35.4297
473.4375 36.5234 0.9371 35.4297
473.4375 40.8984 0.9441 35.4297
473.4375 40.8984 0.9371 41.4453
554.6875 36.5234 0.9441 41.4453
673.4375 75.8984 0.9871 70.4297
354.6875 75.8984 0.9871 70.4297
673.4375 71.5234 0.9871 70.4297
673.4375 75.8984 0.9941 70.4297
673.4375 75.8984 0.9871 76.4453
354.6875 71.5234 0.9941 76.4453
573.4375 23.3984 0.9121 17.9297
454.6875 23.3984 0.9121 17.9297
573.4375 54.0234 0.9121 17.9297
573.4375 23.3984 0.9191 17.9297
573.4375 23.3984 0.9121 58.9453
454.6875 54.0234 0.9191 58.9453
373.4375 58.3984 0.9621 52.9297
654.6875 58.3984 0.9621 52.9297
373.4375 19.0234 0.9621 52.9297
373.4375 58.3984 0.9691 52.9297
373.4375 58.3984 0.9621 23.9453
654.6875 19.0234 0.9691 23.9453
398.4375 27.7734 0.9059 66.0547
429.6875 27.7734 0.9059 66.0547
398.4375 14.6484 0.9059 66.0547
398.4375 27.7734 0.9379 66.0547
398.4375 27.7734 0.9059 37.0703
429.6875 14.6484 0.9379 37.0703
598.4375 62.7734 0.9559 31.0547
629.6875 62.7734 0.9559 31.0547
598.4375 49.6484 0.9559 31.0547
598.4375 62.7734 0.9879 31.0547
598.4375 62.7734 0.9559 72.0703
629.6875 49.6484 0.9879 72.0703
698.4375 10.2734 0.9309 48.5547
529.6875 10.2734 0.9309 48.5547
698.4375 67.1484 0.9309 48.5547
698.4375 10.2734 0.9129 48.5547
698.4375 10.2734 0.9309 54.5703
529.6875 67.1484 0.9129 54.5703
498.4375 45.2734 0.9809 13.5547
329.6875 45.2734 0.9809 13.5547
498.4375 32.1484 0.9809 13.5547
498.4375 45.2734 0.9629 13.5547
498.4375 45.2734 0.9809 19.5703
329.6875 32.1484 0.9629 19.5703
448.4375 19.0234 0.9684 22.3047
379.6875 19.0234 0.9684 22.3047
448.4375 23.3984 0.9684 22.3047
448.4375 19.0234 0.9004 22.3047
448.4375 19.0234 0.9684 45.8203
379.6875 23.3984 0.9004 45.8203
648.4375 54.0234 0.9184 57.3047
579.6875 54.0234 0.9184 57.3047
648.4375 58.3984 0.9184 57.3047
648.4375 54.0234 0.9504 57.3047
648.4375 54.0234 0.9184 10.8203
579.6875 58.3984 0.9504 10.8203
548.4375 36.5234 0.9934 39.8047
679.6875 36.5234 0.9934 39.8047
548.4375 75.8984 0.9934 39.8047
548.4375 36.5234 0.9254 39.8047
548.4375 36.5234 0.9934 28.3203
679.6875 75.8984 0.9254 28.3203
348.4375 71.5234 0.9434 74.8047
479.6875 71.5234 0.9434 74.8047
348.4375 40.8984 0.9434 74.8047
348.4375 71.5234 0.9754 74.8047
348.4375 71.5234 0.9434 63.3203
479.6875 40.8984 0.9754 63.3203
335.9375 38.7109 0.9527 15.7422
517.1875 38.7109 0.9527 15.7422
335.9375 60.5859 0.9527 15.7422
335.9375 38.7109 0.9598 15.7422
335.9375 38.7109 0.9527 30.5078
517.1875 60.5859 0.9598 30.5078
535.9375 73.7109 0.9027 50.7422
317.1875 73.7109 0.9027 50.7422
535.9375 25.5859 0.9027 50.7422
535.9375 73.7109 0.9098 50.7422
535.9375 73.7109 0.9027 65.5078
317.1875 25.5859 0.9098 65.5078
635.9375 21.2109 0.9777 33.2422
417.1875 21.2109 0.9777 33.2422
635.9375 43.0859 0.9777 33.2422
635.9375 21.2109 0.9848 33.2422
635.9375 21.2109 0.9777 48.0078
417.1875 43.0859 0.9848 48.0078
435.9375 56.2109 0.9277 68.2422
617.1875 56.2109 0.9277 68.2422
435.9375 78.0859 0.9277 68.2422
435.9375 56.2109 0.9348 68.2422
435.9375 56.2109 0.9277 13.0078
617.1875 78.0859 0.9348 13.0078
485.9375 12.4609 0.9152 76.9922
667.1875 12.4609 0.9152 76.9922
485.9375 51.8359 0.9152 76.9922
485.9375 12.4609 0.9973 76.9922
485.9375 12.4609 0.9152 56.7578
667.1875 51.8359 0.9973 56.7578
685.9375 47.4609 0.9652 41.9922
467.1875 47.4609 0.9652 41.9922
685.9375 16.8359 0.9652 41.9922
685.9375 47.4609 0.9473 41.9922
685.9375 47.4609 0.9652 21.7578
467.1875 16.8359 0.9473 21.7578
585.9375 29.9609 0.9402 59.4922
367.1875 29.9609 0.9402 59.4922
585.9375 34.3359 0.9402 59.4922
585.9375 29.9609 0.9723 59.4922
585.9375 29.9609 0.9402 39.2578
367.1875 34.3359 0.9723 39.2578
385.9375 64.9609 0.9902 24.4922
567.1875 64.9609 0.9902 24.4922
385.9375 69.3359 0.9902 24.4922
385.9375 64.9609 0.9223 24.4922
385.9375 64.9609 0.9902 74.2578
567.1875 69.3359 0.9223 74.2578
360.9375 25.5859 0.9465 37.6172
342.1875 25.5859 0.9465 37.6172
360.9375 73.7109 0.9465 37.6172
360.9375 25.5859 0.9910 37.6172
360.9375 25.5859 0.9465 61.1328
342.1875 73.7109 0.9910 61.1328
560.9375 60.5859 0.9965 72.6172
542.1875 60.5859 0.9965 72.6172
560.9375 38.7109 0.9965 72.6172
560.9375 60.5859 0.9410 72.6172
560.9375 60.5859 0.9965 26.1328
542.1875 38.7109 0.9410 26.1328
660.9375 43.0859 0.9215 20.1172
642.1875 43.0859 0.9215 20.1172
660.9375 21.2109 0.9215 20.1172
660.9375 43.0859 0.9660 20.1172
660.9375 43.0859 0.9215 43.6328
642.1875 21.2109 0.9660 43.6328
460.9375 78.0859 0.9715 55.1172
442.1875 78.0859 0.9715 55.1172
460.9375 56.2109 0.9715 55.1172
460.9375 78.0859 0.9160 55.1172
460.9375 78.0859 0.9715 78.6328
442.1875 56.2109 0.9160 78.6328
410.9375 34.3359 0.9840 46.3672
492.1875 34.3359 0.9840 46.3672
410.9375 64.9609 0.9840 46.3672
410.9375 34.3359 0.9535 46.3672
410.9375 34.3359 0.9840 34.8828
492.1875 64.9609 0.9535 34.8828
610.9375 69.3359 0.9340 11.3672
692.1875 69.3359 0.9340 11.3672
610.9375 29.9609 0.9340 11.3672
610.9375 69.3359 0.9035 11.3672
610.9375 69.3359 0.9340 69.8828
692.1875 29.9609 0.9035 69.8828
510.9375 16.8359 0.9590 63.8672
592.1875 16.8359 0.9590 63.8672
510.9375 12.4609 0.9590 63.8672
510.9375 16.8359 0.9785 63.8672
510.9375 16.8359 0.9590 52.3828
592.1875 12.4609 0.9785 52.3828
310.9375 51.8359 0.9090 28.8672
392.1875 51.8359 0.9090 28.8672
310.9375 47.4609 0.9090 28.8672
310.9375 51.8359 0.9285 28.8672
310.9375 51.8359 0.9090 17.3828
392.1875 47.4609 0.9285 17.3828
307.8125 23.9453 0.9598 73.1641
401.5625 23.9453 0.9598 73.1641
307.8125 70.9766 0.9598 73.1641
307.8125 23.9453 0.9465 73.1641
307.8125 23.9453 0.9598 12.4609
401.5625 70.9766 0.9465 12.4609
507.8125 58.9453 0.9098 38.1641
601.5625 58.9453 0.9098 38.1641
507.8125 35.9766 0.9098 38.1641
507.8125 58.9453 0.9965 38.1641
507.8125 58.9453 0.9098 47.4609
601.5625 35.9766 0.9965 47.4609
607.8125 41.4453 0.9848 55.6641
501.5625 41.4453 0.9848 55.6641
607.8125 18.4766 0.9848 55.6641
607.8125 41.4453 0.9215 55.6641
607.8125 41.4453 0.9848 64.9609
501.5625 18.4766 0.9215 64.9609
407.8125 76.4453 0.9348 20.6641
301.5625 76.4453 0.9348 20.6641
407.8125 53.4766 0.9348 20.6641
407.8125 76.4453 0.9715 20.6641
407.8125 76.4453 0.9348 29.9609
301.5625 53.4766 0.9715 29.9609
457.8125 32.6953 0.9223 11.9141
351.5625 32.6953 0.9223 11.9141
457.8125 79.7266 0.9223 11.9141
457.8125 32.6953 0.9090 11.9141
457.8125 32.6953 0.9223 73.7109
351.5625 79.7266 0.9090 73.7109
657.8125 67.6953 0.9723 46.9141
551.5625 67.6953 0.9723 46.9141
657.8125 44.7266 0.9723 46.9141
657.8125 67.6953 0.9590 46.9141
657.8125 67.6953 0.9723 38.7109
551.5625 44.7266 0.9590 38.7109
557.8125 15.1953 0.9473 29.4141
651.5625 15.1953 0.9473 29.4141
557.8125 27.2266 0.9473 29.4141
557.8125 15.1953 0.9340 29.4141
557.8125 15.1953 0.9473 21.2109
651.5625 27.2266 0.9340 21.2109
357.8125 50.1953 0.9973 64.4141
451.5625 50.1953 0.9973 64.4141
357.8125 62.2266 0.9973 64.4141
357.8125 50.1953 0.9840 64.4141
357.8125 50.1953 0.9973 56.2109
451.5625 62.2266 0.9840 56.2109
382.8125 37.0703 0.9410 51.2891
626.5625 37.0703 0.9410 51.2891
382.8125 49.1016 0.9410 51.2891
382.8125 37.0703 0.9027 51.2891
382.8125 37.0703 0.9410 78.0859
626.5625 49.1016 0.9027 78.0859
582.8125 72.0703 0.9910 16.2891
426.5625 72.0703 0.9910 16.2891
582.8125 14.1016 0.9910 16.2891
582.8125 72.0703 0.9527 16.2891
582.8125 72.0703 0.9910 43.0859
426.5625 14.1016 0.9527 43.0859
682.8125 19.5703 0.9160 68.7891
326.5625 19.5703 0.9160 68.7891
682.8125 31.6016 0.9160 68.7891
682.8125 19.5703 0.9277 68.7891
682.8125 19.5703 0.9160 25.5859
326.5625 31.6016 0.9277 25.5859
482.8125 54.5703 0.9660 33.7891
526.5625 54.5703 0.9660 33.7891
482.8125 66.6016 0.9660 33.7891
482.8125 54.5703 0.9777 33.7891
482.8125 54.5703 0.9660 60.5859
526.5625 66.6016 0.9777 60.5859
432.8125 10.8203 0.9785 42.5391
576.5625 10.8203 0.9785 42.5391
432.8125 57.8516 0.9785 42.5391
432.8125 10.8203 0.9402 42.5391
432.8125 10.8203 0.9785 16.8359
576.5625 57.8516 0.9402 16.8359
632.8125 45.8203 0.9285 77.5391
376.5625 45.8203 0.9285 77.5391
632.8125 22.8516 0.9285 77.5391
632.8125 45.8203 0.9902 77.5391
632.8125 45.8203 0.9285 51.8359
376.5625 22.8516 0.9902 51.8359
532.8125 28.3203 0.9535 25.0391
476.5625 28.3203 0.9535 25.0391
532.8125 40.3516 0.9535 25.0391
532.8125 28.3203 0.9152 25.0391
532.8125 28.3203 0.9535 69.3359
476.5625 40.3516 0.9152 69.3359
332.8125 63.3203 0.9035 60.0391
676.5625 63.3203 0.9035 60.0391
332.8125 75.3516 0.9035 60.0391
332.8125 63.3203 0.9652 60.0391
332.8125 63.3203 0.9035 34.3359
676.5625 75.3516 0.9652 34.3359
345.3125 30.5078 0.9879 31.6016
314.0625 30.5078 0.9879 31.6016
345.3125 20.6641 0.9879 31.6016
345.3125 30.5078 0.9996 31.6016
345.3125 30.5078 0.9879 67.1484
314.0625 20.6641 0.9996 67.1484
545.3125 65.5078 0.9379 66.6016
514.0625 65.5078 0.9379 66.6016
545.3125 55.6641 0.9379 66.6016
545.3125 65.5078 0.9496 66.6016
545.3125 65.5078 0.9379 32.1484
514.0625 55.6641 0.9496 32.1484
645.3125 13.0078 0.9629 14.1016
614.0625 13.0078 0.9629 14.1016
645.3125 73.1641 0.9629 14.1016
645.3125 13.0078 0.9746 14.1016
645.3125 13.0078 0.9629 14.6484
614.0625 73.1641 0.9746 14.6484
445.3125 48.0078 0.9129 49.1016
414.0625 48.0078 0.9129 49.1016
445.3125 38.1641 0.9129 49.1016
445.3125 48.0078 0.9246 49.1016
445.3125 48.0078 0.9129 49.6484
414.0625 38.1641 0.9246 49.6484
495.3125 21.7578 0.9254 57.8516
464.0625 21.7578 0.9254 57.8516
495.3125 11.9141 0.9254 57.8516
495.3125 21.7578 0.9621 57.8516
495.3125 21.7578 0.9254 23.3984
464.0625 11.9141 0.9621 23.3984
695.3125 56.7578 0.9754 22.8516
664.0625 56.7578 0.9754 22.8516
695.3125 46.9141 0.9754 22.8516
695.3125 56.7578 0.9121 22.8516
695.3125 56.7578 0.9754 58.3984
664.0625 46.9141 0.9121 58.3984
595.3125 39.2578 0.9004 75.3516
564.0625 39.2578 0.9004 75.3516
595.3125 64.4141 0.9004 75.3516
595.3125 39.2578 0.9871 75.3516
595.3125 39.2578 0.9004 75.8984
564.0625 64.4141 0.9871 75.8984
395.3125 74.2578 0.9504 40.3516
364.0625 74.2578 0.9504 40.3516
395.3125 29.4141 0.9504 40.3516
395.3125 74.2578 0.9371 40.3516
395.3125 74.2578 0.9504 40.8984
364.0625 29.4141 0.9371 40.8984
370.3125 17.3828 0.9066 27.2266
539.0625 17.3828 0.9066 27.2266
370.3125 42.5391 0.9066 27.2266
370.3125 17.3828 0.9559 27.2266
370.3125 17.3828 0.9066 19.0234
539.0625 42.5391 0.9559 19.0234
570.3125 52.3828 0.9566 62.2266
339.0625 52.3828 0.9566 62.2266
570.3125 77.5391 0.9566 62.2266
570.3125 52.3828 0.9059 62.2266
570.3125 52.3828 0.9566 54.0234
339.0625 77.5391 0.9059 54.0234
670.3125 34.8828 0.9316 44.7266
439.0625 34.8828 0.9316 44.7266
670.3125 60.0391 0.9316 44.7266
670.3125 34.8828 0.9809 44.7266
670.3125 34.8828 0.9316 71.5234
439.0625 60.0391 0.9809 71.5234
470.3125 69.8828 0.9816 79.7266
639.0625 69.8828 0.9816 79.7266
470.3125 25.0391 0.9816 79.7266
470.3125 69.8828 0.9309 79.7266
470.3125 69.8828 0.9816 36.5234
639.0625 25.0391 0.9309 36.5234
420.3125 43.6328 0.9691 70.9766
689.0625 43.6328 0.9691 70.9766
420.3125 33.7891 0.9691 70.9766
420.3125 43.6328 0.9934 70.9766
420.3125 43.6328 0.9691 62.7734
689.0625 33.7891 0.9934 62.7734
620.3125 78.6328 0.9191 35.9766
489.0625 78.6328 0.9191 35.9766
620.3125 68.7891 0.9191 35.9766
620.3125 78.6328 0.9434 35.9766
620.3125 78.6328 0.9191 27.7734
489.0625 68.7891 0.9434 27.7734
520.3125 26.1328 0.9941 53.4766
389.0625 26.1328 0.9941 53.4766
520.3125 51.2891 0.9941 53.4766
520.3125 26.1328 0.9684 53.4766
520.3125 26.1328 0.9941 10.2734
389.0625 51.2891 0.9684 10.2734
320.3125 61.1328 0.9441 18.4766
589.0625 61.1328 0.9441 18.4766
320.3125 16.2891 0.9441 18.4766
320.3125 61.1328 0.9184 18.4766
320.3125 61.1328 0.9441 45.2734
589.0625 16.2891 0.9184 45.2734
314.0625 42.5391 0.9176 39.2578
457.8125 42.5391 0.9176 39.2578
314.0625 23.9453 0.9176 39.2578
314.0625 42.5391 0.9730 39.2578
314.0625 42.5391 0.9176 55.1172
457.8125 23.9453 0.9730 55.1172
514.0625 77.5391 0.9676 74.2578
657.8125 77.5391 0.9676 74.2578
514.0625 58.9453 0.9676 74.2578
514.0625 77.5391 0.9230 74.2578
514.0625 77.5391 0.9676 20.1172
657.8125 58.9453 0.9230 20.1172
614.0625 25.0391 0.9426 21.7578
557.8125 25.0391 0.9426 21.7578
614.0625 76.4453 0.9426 21.7578
614.0625 25.0391 0.9980 21.7578
614.0625 25.0391 0.9426 37.6172
557.8125 76.4453 0.9980 37.6172
414.0625 60.0391 0.9926 56.7578
357.8125 60.0391 0.9926 56.7578
414.0625 41.4453 0.9926 56.7578
414.0625 60.0391 0.9480 56.7578
414.0625 60.0391 0.9926 72.6172
357.8125 41.4453 0.9480 72.6172
464.0625 16.2891 0.9551 48.0078
307.8125 16.2891 0.9551 48.0078
464.0625 15.1953 0.9551 48.0078
464.0625 16.2891 0.9855 48.0078
464.0625 16.2891 0.9551 28.8672
307.8125 15.1953 0.9855 28.8672
664.0625 51.2891 0.9051 13.0078
507.8125 51.2891 0.9051 13.0078
664.0625 50.1953 0.9051 13.0078
664.0625 51.2891 0.9355 13.0078
664.0625 51.2891 0.9051 63.8672
507.8125 50.1953 0.9355 63.8672
564.0625 33.7891 0.9801 65.5078
607.8125 33.7891 0.9801 65.5078
564.0625 67.6953 0.9801 65.5078
564.0625 33.7891 0.9605 65.5078
564.0625 33.7891 0.9801 46.3672
607.8125 67.6953 0.9605 46.3672
364.0625 68.7891 0.9301 30.5078
407.8125 68.7891 0.9301 30.5078
364.0625 32.6953 0.9301 30.5078
364.0625 68.7891 0.9105 30.5078
364.0625 68.7891 0.9301 11.3672
407.8125 32.6953 0.9105 11.3672
389.0625 20.6641 0.9863 17.3828
682.8125 20.6641 0.9863 17.3828
389.0625 37.0703 0.9863 17.3828
389.0625 20.6641 0.9793 17.3828
389.0625 20.6641 0.9863 33.2422
682.8125 37.0703 0.9793 33.2422
589.0625 55.6641 0.9363 52.3828
482.8125 55.6641 0.9363 52.3828
589.0625 72.0703 0.9363 52.3828
589.0625 55.6641 0.9293 52.3828
589.0625 55.6641 0.9363 68.2422
482.8125 72.0703 0.9293 68.2422
689.0625 38.1641 0.9613 34.8828
382.8125 38.1641 0.9613 34.8828
689.0625 54.5703 0.9613 34.8828
689.0625 38.1641 0.9543 34.8828
689.0625 38.1641 0.9613 50.7422
382.8125 54.5703 0.9543 50.7422
489.0625 73.1641 0.9113 69.8828
582.8125 73.1641 0.9113 69.8828
489.0625 19.5703 0.9113 69.8828
489.0625 73.1641 0.9043 69.8828
489.0625 73.1641 0.9113 15.7422
582.8125 19.5703 0.9043 15.7422
439.0625 29.4141 0.9488 78.6328
532.8125 29.4141 0.9488 78.6328
439.0625 28.3203 0.9488 78.6328
439.0625 29.4141 0.9668 78.6328
439.0625 29.4141 0.9488 59.4922
532.8125 28.3203 0.9668 59.4922
639.0625 64.4141 0.9988 43.6328
332.8125 64.4141 0.9988 43.6328
639.0625 63.3203 0.9988 43.6328
639.0625 64.4141 0.9168 43.6328
639.0625 64.4141 0.9988 24.4922
332.8125 63.3203 0.9168 24.4922
539.0625 11.9141 0.9238 61.1328
432.8125 11.9141 0.9238 61.1328
539.0625 45.8203 0.9238 61.1328
539.0625 11.9141 0.9918 61.1328
539.0625 11.9141 0.9238 41.9922
432.8125 45.8203 0.9918 41.9922
339.0625 46.9141 0.9738 26.1328
632.8125 46.9141 0.9738 26.1328
339.0625 10.8203 0.9738 26.1328
339.0625 46.9141 0.9418 26.1328
339.0625 46.9141 0.9738 76.9922
632.8125 10.8203 0.9418 76.9922
326.5625 14.1016 0.9332 63.3203
370.3125 14.1016 0.9332 63.3203
326.5625 65.5078 0.9332 63.3203
326.5625 14.1016 0.9199 63.3203
326.5625 14.1016 0.9332 44.1797
370.3125 65.5078 0.9199 44.1797
526.5625 49.1016 0.9832 28.3203
570.3125 49.1016 0.9832 28.3203
526.5625 30.5078 0.9832 28.3203
526.5625 49.1016 0.9699 28.3203
526.5625 49.1016 0.9832 79.1797
570.3125 30.5078 0.9699 79.1797
626.5625 31.6016 0.9082 45.8203
670.3125 31.6016 0.9082 45.8203
626.5625 13.0078 0.9082 45.8203
626.5625 31.6016 0.9449 45.8203
626.5625 31.6016 0.9082 61.6797
670.3125 13.0078 0.9449 61.6797
426.5625 66.6016 0.9582 10.8203
470.3125 66.6016 0.9582 10.8203
426.5625 48.0078 0.9582 10.8203
426.5625 66.6016 0.9949 10.8203
426.5625 66.6016 0.9582 26.6797
470.3125 48.0078 0.9949 26.6797
476.5625 40.3516 0.9957 19.5703
420.3125 40.3516 0.9957 19.5703
476.5625 74.2578 0.9957 19.5703
476.5625 40.3516 0.9324 19.5703
476.5625 40.3516 0.9957 52.9297
420.3125 74.2578 0.9324 52.9297
676.5625 75.3516 0.9457 54.5703
620.3125 75.3516 0.9457 54.5703
676.5625 39.2578 0.9457 54.5703
676.5625 75.3516 0.9824 54.5703
676.5625 75.3516 0.9457 17.9297
620.3125 39.2578 0.9824 17.9297
576.5625 22.8516 0.9707 37.0703
520.3125 22.8516 0.9707 37.0703
576.5625 21.7578 0.9707 37.0703
576.5625 22.8516 0.9074 37.0703
576.5625 22.8516 0.9707 35.4297
520.3125 21.7578 0.9074 35.4297
376.5625 57.8516 0.9207 72.0703
320.3125 57.8516 0.9207 72.0703
376.5625 56.7578 0.9207 72.0703
376.5625 57.8516 0.9574 72.0703
376.5625 57.8516 0.9207 70.4297
320.3125 56.7578 0.9574 70.4297
351.5625 35.9766 0.9645 58.9453
595.3125 35.9766 0.9645 58.9453
351.5625 52.3828 0.9645 58.9453
351.5625 35.9766 0.9262 58.9453
351.5625 35.9766 0.9645 48.5547
595.3125 52.3828 0.9262 48.5547
551.5625 70.9766 0.9145 23.9453
395.3125 70.9766 0.9145 23.9453
551.5625 17.3828 0.9145 23.9453
551.5625 70.9766 0.9762 23.9453
551.5625 70.9766 0.9145 13.5547
395.3125 17.3828 0.9762 13.5547
651.5625 18.4766 0.9895 76.4453
495.3125 18.4766 0.9895 76.4453
651.5625 34.8828 0.9895 76.4453
651.5625 18.4766 0.9012 76.4453
651.5625 18.4766 0.9895 31.0547
495.3125 34.8828 0.9012 31.0547
451.5625 53.4766 0.9395 41.4453
695.3125 53.4766 0.9395 41.4453
451.5625 69.8828 0.9395 41.4453
451.5625 53.4766 0.9512 41.4453
451.5625 53.4766 0.9395 66.0547
695.3125 69.8828 0.9512 66.0547
401.5625 27.2266 0.9020 32.6953
645.3125 27.2266 0.9020 32.6953
401.5625 61.1328 0.9020 32.6953
401.5625 27.2266 0.9137 32.6953
401.5625 27.2266 0.9020 39.8047
645.3125 61.1328 0.9137 39.8047
601.5625 62.2266 0.9520 67.6953
445.3125 62.2266 0.9520 67.6953
601.5625 26.1328 0.9520 67.6953
601.5625 62.2266 0.9637 67.6953
601.5625 62.2266 0.9520 74.8047
445.3125 26.1328 0.9637 74.8047
501.5625 44.7266 0.9270 15.1953
345.3125 44.7266 0.9270 15.1953
501.5625 43.6328 0.9270 15.1953
501.5625 44.7266 0.9387 15.1953
501.5625 44.7266 0.9270 57.3047
345.3125 43.6328 0.9387 57.3047
301.5625 79.7266 0.9770 50.1953
545.3125 79.7266 0.9770 50.1953
301.5625 78.6328 0.9770 50.1953
301.5625 79.7266 0.9887 50.1953
301.5625 79.7266 0.9770 22.3047
545.3125 78.6328 0.9887 22.3047
302.3438 44.8633 0.9678 30.6445
611.7188 44.8633 0.9678 30.6445
302.3438 17.5195 0.9678 30.6445
302.3438 44.8633 0.9365 30.6445
302.3438 44.8633 0.9678 35.0195
611.7188 17.5195 0.9365 35.0195
502.3438 79.8633 0.9178 65.6445
411.7188 79.8633 0.9178 65.6445
502.3438 52.5195 0.9178 65.6445
502.3438 79.8633 0.9865 65.6445
502.3438 79.8633 0.9178 70.0195
411.7188 52.5195 0.9865 70.0195
602.3438 27.3633 0.9928 13.1445
311.7188 27.3633 0.9928 13.1445
602.3438 70.0195 0.9928 13.1445
602.3438 27.3633 0.9115 13.1445
602.3438 27.3633 0.9928 52.5195
311.7188 70.0195 0.9115 52.5195
402.3438 62.3633 0.9428 48.1445
511.7188 62.3633 0.9428 48.1445
402.3438 35.0195 0.9428 48.1445
402.3438 62.3633 0.9615 48.1445
402.3438 62.3633 0.9428 17.5195
511.7188 35.0195 0.9615 17.5195
452.3438 18.6133 0.9053 56.8945
561.7188 18.6133 0.9053 56.8945
452.3438 26.2695 0.9053 56.8945
452.3438 18.6133 0.9240 56.8945
452.3438 18.6133 0.9053 61.2695
561.7188 26.2695 0.9240 61.2695
652.3438 53.6133 0.9553 21.8945
361.7188 53.6133 0.9553 21.8945
652.3438 61.2695 0.9553 21.8945
652.3438 53.6133 0.9740 21.8945
652.3438 53.6133 0.9553 26.2695
361.7188 61.2695 0.9740 26.2695
552.3438 36.1133 0.9303 74.3945
461.7188 36.1133 0.9303 74.3945
552.3438 78.7695 0.9303 74.3945
552.3438 36.1133 0.9490 74.3945
552.3438 36.1133 0.9303 43.7695
461.7188 78.7695 0.9490 43.7695
352.3438 71.1133 0.9803 39.3945
661.7188 71.1133 0.9803 39.3945
352.3438 43.7695 0.9803 39.3945
352.3438 71.1133 0.9990 39.3945
352.3438 71.1133 0.9803 78.7695
661.7188 43.7695 0.9990 78.7695
377.3438 22.9883 0.9365 26.2695
436.7188 22.9883 0.9365 26.2695
377.3438 30.6445 0.9365 26.2695
377.3438 22.9883 0.9178 26.2695
377.3438 22.9883 0.9365 56.8945
436.7188 30.6445 0.9178 56.8945
577.3438 57.9883 0.9865 61.2695
636.7188 57.9883 0.9865 61.2695
577.3438 65.6445 0.9865 61.2695
577.3438 57.9883 0.9678 61.2695
577.3438 57.9883 0.9865 21.8945
636.7188 65.6445 0.9678 21.8945
677.3438 40.4883 0.9115 43.7695
536.7188 40.4883 0.9115 43.7695
677.3438 48.1445 0.9115 43.7695
677.3438 40.4883 0.9428 43.7695
677.3438 40.4883 0.9115 39.3945
536.7188 48.1445 0.9428 39.3945
477.3438 75.4883 0.9615 78.7695
336.7188 75.4883 0.9615 78.7695
477.3438 13.1445 0.9615 78.7695
477.3438 75.4883 0.9928 78.7695
477.3438 75.4883 0.9615 74.3945
336.7188 13.1445 0.9928 74.3945
427.3438 31.7383 0.9990 70.0195
386.7188 31.7383 0.9990 70.0195
427.3438 39.3945 0.9990 70.0195
427.3438 31.7383 0.9303 70.0195
427.3438 31.7383 0.9990 30.6445
386.7188 39.3945 0.9303 30.6445
627.3438 66.7383 0.9490 35.0195
586.7188 66.7383 0.9490 35.0195
627.3438 74.3945 0.9490 35.0195
627.3438 66.7383 0.9803 35.0195
627.3438 66.7383 0.9490 65.6445
586.7188 74.3945 0.9803 65.6445
527.3438 14.2383 0.9740 52.5195
686.7188 14.2383 0.9740 52.5195
527.3438 56.8945 0.9740 52.5195
527.3438 14.2383 0.9053 52.5195
527.3438 14.2383 0.9740 48.1445
686.7188 56.8945 0.9053 48.1445
327.3438 49.2383 0.9240 17.5195
486.7188 49.2383 0.9240 17.5195
327.3438 21.8945 0.9240 17.5195
327.3438 49.2383 0.9553 17.5195
327.3438 49.2383 0.9240 13.1445
486.7188 21.8945 0.9553 13.1445
339.8438 12.0508 0.9834 72.2070
524.2188 12.0508 0.9834 72.2070
339.8438 72.2070 0.9834 72.2070
339.8438 12.0508 0.9834 72.2070
339.8438 12.0508 0.9834 45.9570
524.2188 72.2070 0.9834 45.9570
539.8438 47.0508 0.9334 37.2070
324.2188 47.0508 0.9334 37.2070
539.8438 37.2070 0.9334 37.2070
539.8438 47.0508 0.9334 37.2070
539.8438 47.0508 0.9334 10.9570
324.2188 37.2070 0.9334 10.9570
639.8438 29.5508 0.9584 54.7070
424.2188 29.5508 0.9584 54.7070
639.8438 19.7070 0.9584 54.7070
639.8438 29.5508 0.9584 54.7070
639.8438 29.5508 0.9584 28.4570
424.2188 19.7070 0.9584 28.4570
439.8438 64.5508 0.9084 19.7070
624.2188 64.5508 0.9084 19.7070
439.8438 54.7070 0.9084 19.7070
439.8438 64.5508 0.9084 19.7070
439.8438 64.5508 0.9084 63.4570
624.2188 54.7070 0.9084 63.4570
489.8438 38.3008 0.9459 10.9570
674.2188 38.3008 0.9459 10.9570
489.8438 63.4570 0.9459 10.9570
489.8438 38.3008 0.9709 10.9570
489.8438 38.3008 0.9459 37.2070
674.2188 63.4570 0.9709 37.2070
689.8438 73.3008 0.9959 45.9570
474.2188 73.3008 0.9959 45.9570
689.8438 28.4570 0.9959 45.9570
689.8438 73.3008 0.9209 45.9570
689.8438 73.3008 0.9959 72.2070
474.2188 28.4570 0.9209 72.2070
589.8438 20.8008 0.9209 28.4570
374.2188 20.8008 0.9209 28.4570
589.8438 10.9570 0.9209 28.4570
589.8438 20.8008 0.9959 28.4570
589.8438 20.8008 0.9209 54.7070
374.2188 10.9570 0.9959 54.7070
389.8438 55.8008 0.9709 63.4570
574.2188 55.8008 0.9709 63.4570
389.8438 45.9570 0.9709 63.4570
389.8438 55.8008 0.9459 63.4570
389.8438 55.8008 0.9709 19.7070
574.2188 45.9570 0.9459 19.7070
364.8438 33.9258 0.9146 50.3320
349.2188 33.9258 0.9146 50.3320
364.8438 59.0820 0.9146 50.3320
364.8438 33.9258 0.9646 50.3320
364.8438 33.9258 0.9146 41.5820
349.2188 59.0820 0.9646 41.5820
564.8438 68.9258 0.9646 15.3320
549.2188 68.9258 0.9646 15.3320
564.8438 24.0820 0.9646 15.3320
564.8438 68.9258 0.9146 15.3320
564.8438 68.9258 0.9646 76.5820
549.2188 24.0820 0.9146 76.5820
664.8438 16.4258 0.9396 67.8320
649.2188 16.4258 0.9396 67.8320
664.8438 41.5820 0.9396 67.8320
664.8438 16.4258 0.9896 67.8320
664.8438 16.4258 0.9396 59.0820
649.2188 41.5820 0.9896 59.0820
464.8438 51.4258 0.9896 32.8320
449.2188 51.4258 0.9896 32.8320
464.8438 76.5820 0.9896 32.8320
464.8438 51.4258 0.9396 32.8320
464.8438 51.4258 0.9896 24.0820
449.2188 76.5820 0.9396 24.0820
414.8438 25.1758 0.9521 41.5820
499.2188 25.1758 0.9521 41.5820
414.8438 50.3320 0.9521 41.5820
414.8438 25.1758 0.9771 41.5820
414.8438 25.1758 0.9521 50.3320
499.2188 50.3320 0.9771 50.3320
614.8438 60.1758 0.9021 76.5820
699.2188 60.1758 0.9021 76.5820
614.8438 15.3320 0.9021 76.5820
614.8438 60.1758 0.9271 76.5820
614.8438 60.1758 0.9021 15.3320
699.2188 15.3320 0.9271 15.3320
514.8438 42.6758 0.9771 24.0820
599.2188 42.6758 0.9771 24.0820
514.8438 32.8320 0.9771 24.0820
514.8438 42.6758 0.9521 24.0820
514.8438 42.6758 0.9771 32.8320
599.2188 32.8320 0.9521 32.8320
314.8438 77.6758 0.9271 59.0820
399.2188 77.6758 0.9271 59.0820
314.8438 67.8320 0.9271 59.0820
314.8438 77.6758 0.9021 59.0820
314.8438 77.6758 0.9271 67.8320
399.2188 67.8320 0.9021 67.8320
321.0938 26.2695 0.9100 64.5508
655.4688 26.2695 0.9100 64.5508
321.0938 77.6758 0.9100 64.5508
321.0938 26.2695 0.9568 64.5508
321.0938 26.2695 0.9100 77.6758
655.4688 77.6758 0.9568 77.6758
521.0938 61.2695 0.9600 29.5508
455.4688 61.2695 0.9600 29.5508
521.0938 42.6758 0.9600 29.5508
521.0938 61.2695 0.9068 29.5508
521.0938 61.2695 0.9600 42.6758
455.4688 42.6758 0.9068 42.6758
621.0938 43.7695 0.9350 47.0508
355.4688 43.7695 0.9350 47.0508
621.0938 25.1758 0.9350 47.0508
621.0938 43.7695 0.9818 47.0508
621.0938 43.7695 0.9350 25.1758
355.4688 25.1758 0.9818 25.1758
421.0938 78.7695 0.9850 12.0508
555.4688 78.7695 0.9850 12.0508
421.0938 60.1758 0.9850 12.0508
421.0938 78.7695 0.9318 12.0508
421.0938 78.7695 0.9850 60.1758
555.4688 60.1758 0.9318 60.1758
471.0938 35.0195 0.9725 20.8008
505.4688 35.0195 0.9725 20.8008
471.0938 68.9258 0.9725 20.8008
471.0938 35.0195 0.9943 20.8008
471.0938 35.0195 0.9725 16.4258
505.4688 68.9258 0.9943 16.4258
671.0938 70.0195 0.9225 55.8008
305.4688 70.0195 0.9225 55.8008
671.0938 33.9258 0.9225 55.8008
671.0938 70.0195 0.9443 55.8008
671.0938 70.0195 0.9225 51.4258
305.4688 33.9258 0.9443 51.4258
571.0938 17.5195 0.9975 38.3008
405.4688 17.5195 0.9975 38.3008
571.0938 16.4258 0.9975 38.3008
571.0938 17.5195 0.9693 38.3008
571.0938 17.5195 0.9975 68.9258
405.4688 16.4258 0.9693 68.9258
371.0938 52.5195 0.9475 73.3008
605.4688 52.5195 0.9475 73.3008
371.0938 51.4258 0.9475 73.3008
371.0938 52.5195 0.9193 73.3008
371.0938 52.5195 0.9475 33.9258
605.4688 51.4258 0.9193 33.9258
396.0938 39.3945 0.9912 60.1758
480.4688 39.3945 0.9912 60.1758
396.0938 55.8008 0.9912 60.1758
396.0938 39.3945 0.9881 60.1758
396.0938 39.3945 0.9912 12.0508
480.4688 55.8008 0.9881 12.0508
596.0938 74.3945 0.9412 25.1758
680.4688 74.3945 0.9412 25.1758
596.0938 20.8008 0.9412 25.1758
596.0938 74.3945 0.9381 25.1758
596.0938 74.3945 0.9412 47.0508
680.4688 20.8008 0.9381 47.0508
696.0938 21.8945 0.9662 77.6758
580.4688 21.8945 0.9662 77.6758
696.0938 38.3008 0.9662 77.6758
696.0938 21.8945 0.9631 77.6758
696.0938 21.8945 0.9662 64.5508
580.4688 38.3008 0.9631 64.5508
496.0938 56.8945 0.9162 42.6758
380.4688 56.8945 0.9162 42.6758
496.0938 73.3008 0.9162 42.6758
496.0938 56.8945 0.9131 42.6758
496.0938 56.8945 0.9162 29.5508
380.4688 73.3008 0.9131 29.5508
446.0938 13.1445 0.9287 33.9258
330.4688 13.1445 0.9287 33.9258
446.0938 47.0508 0.9287 33.9258
446.0938 13.1445 0.9506 33.9258
446.0938 13.1445 0.9287 73.3008
330.4688 47.0508 0.9506 73.3008
646.0938 48.1445 0.9787 68.9258
530.4688 48.1445 0.9787 68.9258
646.0938 12.0508 0.9787 68.9258
646.0938 48.1445 0.9006 68.9258
646.0938 48.1445 0.9787 38.3008
530.4688 12.0508 0.9006 38.3008
546.0938 30.6445 0.9037 16.4258
630.4688 30.6445 0.9037 16.4258
546.0938 29.5508 0.9037 16.4258
546.0938 30.6445 0.9756 16.4258
546.0938 30.6445 0.9037 20.8008
630.4688 29.5508 0.9756 20.8008
346.0938 65.6445 0.9537 51.4258
430.4688 65.6445 0.9537 51.4258
346.0938 64.5508 0.9537 51.4258
346.0938 65.6445 0.9256 51.4258
346.0938 65.6445 0.9537 55.8008
430.4688 64.5508 0.9256 55.8008
333.5938 28.4570 0.9381 40.4883
567.9688 28.4570 0.9381 40.4883
333.5938 14.2383 0.9381 40.4883
333.5938 28.4570 0.9100 40.4883
333.5938 28.4570 0.9381 22.9883
567.9688 14.2383 0.9100 22.9883
533.5938 63.4570 0.9881 75.4883
367.9688 63.4570 0.9881 75.4883
533.5938 49.2383 0.9881 75.4883
533.5938 63.4570 0.9600 75.4883
533.5938 63.4570 0.9881 57.9883
367.9688 49.2383 0.9600 57.9883
633.5938 10.9570 0.9131 22.9883
467.9688 10.9570 0.9131 22.9883
633.5938 66.7383 0.9131 22.9883
633.5938 10.9570 0.9350 22.9883
633.5938 10.9570 0.9131 75.4883
467.9688 66.7383 0.9350 75.4883
433.5938 45.9570 0.9631 57.9883
667.9688 45.9570 0.9631 57.9883
433.5938 31.7383 0.9631 57.9883
433.5938 45.9570 0.9850 57.9883
433.5938 45.9570 0.9631 40.4883
667.9688 31.7383 0.9850 40.4883
483.5938 19.7070 0.9756 49.2383
617.9688 19.7070 0.9756 49.2383
483.5938 22.9883 0.9756 49.2383
483.5938 19.7070 0.9475 49.2383
483.5938 19.7070 0.9756 66.7383
617.9688 22.9883 0.9475 66.7383
683.5938 54.7070 0.9256 14.2383
417.9688 54.7070 0.9256 14.2383
683.5938 57.9883 0.9256 14.2383
683.5938 54.7070 0.9975 14.2383
683.5938 54.7070 0.9256 31.7383
417.9688 57.9883 0.9975 31.7383
583.5938 37.2070 0.9506 66.7383
317.9688 37.2070 0.9506 66.7383
583.5938 75.4883 0.9506 66.7383
583.5938 37.2070 0.9225 66.7383
583.5938 37.2070 0.9506 14.2383
317.9688 75.4883 0.9225 14.2383
383.5938 72.2070 0.9006 31.7383
517.9688 72.2070 0.9006 31.7383
383.5938 40.4883 0.9006 31.7383
383.5938 72.2070 0.9725 31.7383
383.5938 72.2070 0.9006 49.2383
517.9688 40.4883 0.9725 49.2383
358.5938 15.3320 0.9568 18.6133
392.9688 15.3320 0.9568 18.6133
358.5938 36.1133 0.9568 18.6133
358.5938 15.3320 0.9412 18.6133
358.5938 15.3320 0.9568 71.1133
392.9688 36.1133 0.9412 71.1133
558.5938 50.3320 0.9068 53.6133
592.9688 50.3320 0.9068 53.6133
558.5938 71.1133 0.9068 53.6133
558.5938 50.3320 0.9912 53.6133
558.5938 50.3320 0.9068 36.1133
592.9688 71.1133 0.9912 36.1133
658.5938 32.8320 0.9818 36.1133
692.9688 32.8320 0.9818 36.1133
658.5938 53.6133 0.9818 36.1133
658.5938 32.8320 0.9162 36.1133
658.5938 32.8320 0.9818 18.6133
692.9688 53.6133 0.9162 18.6133
458.5938 67.8320 0.9318 71.1133
492.9688 67.8320 0.9318 71.1133
458.5938 18.6133 0.9318 71.1133
458.5938 67.8320 0.9662 71.1133
458.5938 67.8320 0.9318 53.6133
492.9688 18.6133 0.9662 53.6133
408.5938 41.5820 0.9193 79.8633
442.9688 41.5820 0.9193 79.8633
408.5938 44.8633 0.9193 79.8633
408.5938 41.5820 0.9037 79.8633
408.5938 41.5820 0.9193 27.3633
442.9688 44.8633 0.9037 27.3633
608.5938 76.5820 0.9693 44.8633
642.9688 76.5820 0.9693 44.8633
608.5938 79.8633 0.9693 44.8633
608.5938 76.5820 0.9537 44.8633
608.5938 76.5820 0.9693 62.3633
642.9688 79.8633 0.9537 62.3633
508.5938 24.0820 0.9443 62.3633
542.9688 24.0820 0.9443 62.3633
508.5938 62.3633 0.9443 62.3633
508.5938 24.0820 0.9287 62.3633
508.5938 24.0820 0.9443 79.8633
542.9688 62.3633 0.9287 79.8633
308.5938 59.0820 0.9943 27.3633
342.9688 59.0820 0.9943 27.3633
308.5938 27.3633 0.9943 27.3633
308.5938 59.0820 0.9787 27.3633
308.5938 59.0820 0.9943 44.8633
342.9688 27.3633 0.9787 44.8633
311.7188 16.9727 0.9498 53.0664
452.3438 16.9727 0.9498 53.0664
311.7188 38.8477 0.9498 53.0664
311.7188 16.9727 0.9967 53.0664
311.7188 16.9727 0.9498 39.9414
452.3438 38.8477 0.9967 39.9414
511.7188 51.9727 0.9998 18.0664
652.3438 51.9727 0.9998 18.0664
511.7188 73.8477 0.9998 18.0664
511.7188 51.9727 0.9467 18.0664
511.7188 51.9727 0.9998 74.9414
652.3438 73.8477 0.9467 74.9414
611.7188 34.4727 0.9248 70.5664
552.3438 34.4727 0.9248 70.5664
611.7188 56.3477 0.9248 70.5664
611.7188 34.4727 0.9717 70.5664
611.7188 34.4727 0.9248 57.4414
552.3438 56.3477 0.9717 57.4414
411.7188 69.4727 0.9748 35.5664
352.3438 69.4727 0.9748 35.5664
411.7188 21.3477 0.9748 35.5664
411.7188 69.4727 0.9217 35.5664
411.7188 69.4727 0.9748 22.4414
352.3438 21.3477 0.9217 22.4414
461.7188 43.2227 0.9873 44.3164
302.3438 43.2227 0.9873 44.3164
461.7188 30.0977 0.9873 44.3164
461.7188 43.2227 0.9592 44.3164
461.7188 43.2227 0.9873 48.6914
302.3438 30.0977 0.9592 48.6914
661.7188 78.2227 0.9373 79.3164
502.3438 78.2227 0.9373 79.3164
661.7188 65.0977 0.9373 79.3164
661.7188 78.2227 0.9092 79.3164
661.7188 78.2227 0.9373 13.6914
502.3438 65.0977 0.9092 13.6914
561.7188 25.7227 0.9623 26.8164
602.3438 25.7227 0.9623 26.8164
561.7188 47.5977 0.9623 26.8164
561.7188 25.7227 0.9842 26.8164
561.7188 25.7227 0.9623 31.1914
602.3438 47.5977 0.9842 31.1914
361.7188 60.7227 0.9123 61.8164
402.3438 60.7227 0.9123 61.8164
361.7188 12.5977 0.9123 61.8164
361.7188 60.7227 0.9342 61.8164
361.7188 60.7227 0.9123 66.1914
402.3438 12.5977 0.9342 66.1914
386.7188 30.0977 0.9561 74.9414
677.3438 30.0977 0.9561 74.9414
386.7188 25.7227 0.9561 74.9414
386.7188 30.0977 0.9529 74.9414
386.7188 30.0977 0.9561 53.0664
677.3438 25.7227 0.9529 53.0664
586.7188 65.0977 0.9061 39.9414
477.3438 65.0977 0.9061 39.9414
586.7188 60.7227 0.9061 39.9414
586.7188 65.0977 0.9029 39.9414
586.7188 65.0977 0.9061 18.0664
477.3438 60.7227 0.9029 18.0664
686.7188 12.5977 0.9811 57.4414
377.3438 12.5977 0.9811 57.4414
686.7188 78.2227 0.9811 57.4414
686.7188 12.5977 0.9779 57.4414
686.7188 12.5977 0.9811 35.5664
377.3438 78.2227 0.9779 35.5664
486.7188 47.5977 0.9311 22.4414
577.3438 47.5977 0.9311 22.4414
486.7188 43.2227 0.9311 22.4414
486.7188 47.5977 0.9279 22.4414
486.7188 47.5977 0.9311 70.5664
577.3438 43.2227 0.9279 70.5664
436.7188 21.3477 0.9186 13.6914
527.3438 21.3477 0.9186 13.6914
436.7188 16.9727 0.9186 13.6914
436.7188 21.3477 0.9904 13.6914
436.7188 21.3477 0.9186 44.3164
527.3438 16.9727 0.9904 44.3164
636.7188 56.3477 0.9686 48.6914
327.3438 56.3477 0.9686 48.6914
636.7188 51.9727 0.9686 48.6914
636.7188 56.3477 0.9404 48.6914
636.7188 56.3477 0.9686 79.3164
327.3438 51.9727 0.9404 79.3164
536.7188 38.8477 0.9436 31.1914
427.3438 38.8477 0.9436 31.1914
536.7188 69.4727 0.9436 31.1914
536.7188 38.8477 0.9654 31.1914
536.7188 38.8477 0.9436 61.8164
427.3438 69.4727 0.9654 61.8164
336.7188 73.8477 0.9936 66.1914
627.3438 73.8477 0.9936 66.1914
336.7188 34.4727 0.9936 66.1914
336.7188 73.8477 0.9154 66.1914
336.7188 73.8477 0.9936 26.8164
627.3438 34.4727 0.9154 26.8164
349.2188 36.6602 0.9029 24.6289
364.8438 36.6602 0.9029 24.6289
349.2188 49.7852 0.9029 24.6289
349.2188 36.6602 0.9498 24.6289
349.2188 36.6602 0.9029 59.6289
364.8438 49.7852 0.9498 59.6289
549.2188 71.6602 0.9529 59.6289
564.8438 71.6602 0.9529 59.6289
549.2188 14.7852 0.9529 59.6289
549.2188 71.6602 0.9998 59.6289
549.2188 71.6602 0.9529 24.6289
564.8438 14.7852 0.9998 24.6289
649.2188 19.1602 0.9279 42.1289
664.8438 19.1602 0.9279 42.1289
649.2188 32.2852 0.9279 42.1289
649.2188 19.1602 0.9248 42.1289
649.2188 19.1602 0.9279 42.1289
664.8438 32.2852 0.9248 42.1289
449.2188 54.1602 0.9779 77.1289
464.8438 54.1602 0.9779 77.1289
449.2188 67.2852 0.9779 77.1289
449.2188 54.1602 0.9748 77.1289
449.2188 54.1602 0.9779 77.1289
464.8438 67.2852 0.9748 77.1289
499.2188 10.4102 0.9654 68.3789
414.8438 10.4102 0.9654 68.3789
499.2188 58.5352 0.9654 68.3789
499.2188 10.4102 0.9123 68.3789
499.2188 10.4102 0.9654 33.3789
414.8438 58.5352 0.9123 33.3789
699.2188 45.4102 0.9154 33.3789
614.8438 45.4102 0.9154 33.3789
699.2188 23.5352 0.9154 33.3789
699.2188 45.4102 0.9623 33.3789
699.2188 45.4102 0.9154 68.3789
614.8438 23.5352 0.9623 68.3789
599.2188 27.9102 0.9904 50.8789
514.8438 27.9102 0.9904 50.8789
599.2188 41.0352 0.9904 50.8789
599.2188 27.9102 0.9373 50.8789
599.2188 27.9102 0.9904 50.8789
514.8438 41.0352 0.9373 50.8789
399.2188 62.9102 0.9404 15.8789
314.8438 62.9102 0.9404 15.8789
399.2188 76.0352 0.9404 15.8789
399.2188 62.9102 0.9873 15.8789
399.2188 62.9102 0.9404 15.8789
314.8438 76.0352 0.9873 15.8789
374.2188 23.5352 0.9967 29.0039
589.8438 23.5352 0.9967 29.0039
374.2188 62.9102 0.9967 29.0039
374.2188 23.5352 0.9061 29.0039
374.2188 23.5352 0.9967 29.0039
589.8438 62.9102 0.9061 29.0039
574.2188 58.5352 0.9467 64.0039
389.8438 58.5352 0.9467 64.0039
574.2188 27.9102 0.9467 64.0039
574.2188 58.5352 0.9561 64.0039
574.2188 58.5352 0.9467 64.0039
389.8438 27.9102 0.9561 64.0039
674.2188 41.0352 0.9717 11.5039
489.8438 41.0352 0.9717 11.5039
674.2188 10.4102 0.9717 11.5039
674.2188 41.0352 0.9311 11.5039
674.2188 41.0352 0.9717 46.5039
489.8438 10.4102 0.9311 46.5039
474.2188 76.0352 0.9217 46.5039
689.8438 76.0352 0.9217 46.5039
474.2188 45.4102 0.9217 46.5039
474.2188 76.0352 0.9811 46.5039
474.2188 76.0352 0.9217 11.5039
689.8438 45.4102 0.9811 11.5039
424.2188 32.2852 0.9342 55.2539
639.8438 32.2852 0.9342 55.2539
424.2188 71.6602 0.9342 55.2539
424.2188 32.2852 0.9436 55.2539
424.2188 32.2852 0.9342 55.2539
639.8438 71.6602 0.9436 55.2539
624.2188 67.2852 0.9842 20.2539
439.8438 67.2852 0.9842 20.2539
624.2188 36.6602 0.9842 20.2539
624.2188 67.2852 0.9936 20.2539
624.2188 67.2852 0.9842 20.2539
439.8438 36.6602 0.9936 20.2539
524.2188 14.7852 0.9092 72.7539
339.8438 14.7852 0.9092 72.7539
524.2188 19.1602 0.9092 72.7539
524.2188 14.7852 0.9186 72.7539
524.2188 14.7852 0.9092 37.7539
339.8438 19.1602 0.9186 37.7539
324.2188 49.7852 0.9592 37.7539
539.8438 49.7852 0.9592 37.7539
324.2188 54.1602 0.9592 37.7539
324.2188 49.7852 0.9686 37.7539
324.2188 49.7852 0.9592 72.7539
539.8438 54.1602 0.9686 72.7539
317.9688 35.5664 0.9795 14.7852
408.5938 35.5664 0.9795 14.7852
317.9688 46.5039 0.9795 14.7852
317.9688 35.5664 0.9232 14.7852
317.9688 35.5664 0.9795 62.9102
408.5938 46.5039 0.9232 62.9102
517.9688 70.5664 0.9295 49.7852
608.5938 70.5664 0.9295 49.7852
517.9688 11.5039 0.9295 49.7852
517.9688 70.5664 0.9732 49.7852
517.9688 70.5664 0.9295 27.9102
608.5938 11.5039 0.9732 27.9102
617.9688 18.0664 0.9545 32.2852
508.5938 18.0664 0.9545 32.2852
617.9688 29.0039 0.9545 32.2852
617.9688 18.0664 0.9482 32.2852
617.9688 18.0664 0.9545 10.4102
508.5938 29.0039 0.9482 10.4102
417.9688 53.0664 0.9045 67.2852
308.5938 53.0664 0.9045 67.2852
417.9688 64.0039 0.9045 67.2852
417.9688 53.0664 0.9982 67.2852
417.9688 53.0664 0.9045 45.4102
308.5938 64.0039 0.9982 45.4102
467.9688 26.8164 0.9420 76.0352
358.5938 26.8164 0.9420 76.0352
467.9688 55.2539 0.9420 76.0352
467.9688 26.8164 0.9357 76.0352
467.9688 26.8164 0.9420 19.1602
358.5938 55.2539 0.9357 19.1602
667.9688 61.8164 0.9920 41.0352
558.5938 61.8164 0.9920 41.0352
667.9688 20.2539 0.9920 41.0352
667.9688 61.8164 0.9857 41.0352
667.9688 61.8164 0.9920 54.1602
558.5938 20.2539 0.9857 54.1602
567.9688 44.3164 0.9170 58.5352
658.5938 44.3164 0.9170 58.5352
567.9688 37.7539 0.9170 58.5352
567.9688 44.3164 0.9107 58.5352
567.9688 44.3164 0.9170 71.6602
658.5938 37.7539 0.9107 71.6602
367.9688 79.3164 0.9670 23.5352
458.5938 79.3164 0.9670 23.5352
367.9688 72.7539 0.9670 23.5352
367.9688 79.3164 0.9607 23.5352
367.9688 79.3164 0.9670 36.6602
458.5938 72.7539 0.9607 36.6602
392.9688 13.6914 0.9232 36.6602
633.5938 13.6914 0.9232 36.6602
392.9688 68.3789 0.9232 36.6602
392.9688 13.6914 0.9295 36.6602
392.9688 13.6914 0.9232 23.5352
633.5938 68.3789 0.9295 23.5352
592.9688 48.6914 0.9732 71.6602
433.5938 48.6914 0.9732 71.6602
592.9688 33.3789 0.9732 71.6602
592.9688 48.6914 0.9795 71.6602
592.9688 48.6914 0.9732 58.5352
433.5938 33.3789 0.9795 58.5352
692.9688 31.1914 0.9482 19.1602
333.5938 31.1914 0.9482 19.1602
692.9688 15.8789 0.9482 19.1602
692.9688 31.1914 0.9045 19.1602
692.9688 31.1914 0.9482 76.0352
333.5938 15.8789 0.9045 76.0352
492.9688 66.1914 0.9982 54.1602
533.5938 66.1914 0.9982 54.1602
492.9688 50.8789 0.9982 54.1602
492.9688 66.1914 0.9545 54.1602
492.9688 66.1914 0.9982 41.0352
533.5938 50.8789 0.9545 41.0352
442.9688 39.9414 0.9607 45.4102
583.5938 39.9414 0.9607 45.4102
442.9688 77.1289 0.9607 45.4102
442.9688 39.9414 0.9170 45.4102
442.9688 39.9414 0.9607 67.2852
583.5938 77.1289 0.9170 67.2852
642.9688 74.9414 0.9107 10.4102
383.5938 74.9414 0.9107 10.4102
642.9688 42.1289 0.9107 10.4102
642.9688 74.9414 0.9670 10.4102
642.9688 74.9414 0.9107 32.2852
383.5938 42.1289 0.9670 32.2852
542.9688 22.4414 0.9857 62.9102
483.5938 22.4414 0.9857 62.9102
542.9688 24.6289 0.9857 62.9102
542.9688 22.4414 0.9420 62.9102
542.9688 22.4414 0.9857 14.7852
483.5938 24.6289 0.9420 14.7852
342.9688 57.4414 0.9357 27.9102
683.5938 57.4414 0.9357 27.9102
342.9688 59.6289 0.9357 27.9102
342.9688 57.4414 0.9920 27.9102
342.9688 57.4414 0.9357 49.7852
683.5938 59.6289 0.9920 49.7852
330.4688 20.2539 0.9701 60.7227
321.0938 20.2539 0.9701 60.7227
330.4688 44.3164 0.9701 60.7227
330.4688 20.2539 0.9701 60.7227
330.4688 20.2539 0.9701 16.9727
321.0938 44.3164 0.9701 16.9727
530.4688 55.2539 0.9201 25.7227
521.0938 55.2539 0.9201 25.7227
530.4688 79.3164 0.9201 25.7227
530.4688 55.2539 0.9201 25.7227
530.4688 55.2539 0.9201 51.9727
521.0938 79.3164 0.9201 51.9727
630.4688 37.7539 0.9951 78.2227
621.0938 37.7539 0.9951 78.2227
630.4688 61.8164 0.9951 78.2227
630.4688 37.7539 0.9951 78.2227
630.4688 37.7539 0.9951 69.4727
621.0938 61.8164 0.9951 69.4727
430.4688 72.7539 0.9451 43.2227
421.0938 72.7539 0.9451 43.2227
430.4688 26.8164 0.9451 43.2227
430.4688 72.7539 0.9451 43.2227
430.4688 72.7539 0.9451 34.4727
421.0938 26.8164 0.9451 34.4727
480.4688 29.0039 0.9076 34.4727
471.0938 29.0039 0.9076 34.4727
480.4688 35.5664 0.9076 34.4727
480.4688 29.0039 0.9826 34.4727
480.4688 29.0039 0.9076 78.2227
471.0938 35.5664 0.9826 78.2227
680.4688 64.0039 0.9576 69.4727
671.0938 64.0039 0.9576 69.4727
680.4688 70.5664 0.9576 69.4727
680.4688 64.0039 0.9326 69.4727
680.4688 64.0039 0.9576 43.2227
671.0938 70.5664 0.9326 43.2227
580.4688 11.5039 0.9326 16.9727
571.0938 11.5039 0.9326 16.9727
580.4688 53.0664 0.9326 16.9727
580.4688 11.5039 0.9576 16.9727
580.4688 11.5039 0.9326 25.7227
571.0938 53.0664 0.9576 25.7227
380.4688 46.5039 0.9826 51.9727
371.0938 46.5039 0.9826 51.9727
380.4688 18.0664 0.9826 51.9727
380.4688 46.5039 0.9076 51.9727
380.4688 46.5039 0.9826 60.7227
371.0938 18.0664 0.9076 60.7227
355.4688 42.1289 0.9264 65.0977
546.0938 42.1289 0.9264 65.0977
355.4688 22.4414 0.9264 65.0977
355.4688 42.1289 0.9764 65.0977
355.4688 42.1289 0.9264 73.8477
546.0938 22.4414 0.9764 73.8477
555.4688 77.1289 0.9764 30.0977
346.0938 77.1289 0.9764 30.0977
555.4688 57.4414 0.9764 30.0977
555.4688 77.1289 0.9264 30.0977
555.4688 77.1289 0.9764 38.8477
346.0938 57.4414 0.9264 38.8477
655.4688 24.6289 0.9014 47.5977
446.0938 24.6289 0.9014 47.5977
655.4688 74.9414 0.9014 47.5977
655.4688 24.6289 0.9514 47.5977
655.4688 24.6289 0.9014 21.3477
446.0938 74.9414 0.9514 21.3477
455.4688 59.6289 0.9514 12.5977
646.0938 59.6289 0.9514 12.5977
455.4688 39.9414 0.9514 12.5977
455.4688 59.6289 0.9014 12.5977
455.4688 59.6289 0.9514 56.3477
646.0938 39.9414 0.9014 56.3477
405.4688 15.8789 0.9889 21.3477
696.0938 15.8789 0.9889 21.3477
405.4688 13.6914 0.9889 21.3477
405.4688 15.8789 0.9639 21.3477
405.4688 15.8789 0.9889 12.5977
696.0938 13.6914 0.9639 12.5977
605.4688 50.8789 0.9389 56.3477
496.0938 50.8789 0.9389 56.3477
605.4688 48.6914 0.9389 56.3477
605.4688 50.8789 0.9139 56.3477
605.4688 50.8789 0.9389 47.5977
496.0938 48.6914 0.9139 47.5977
505.4688 33.3789 0.9639 38.8477
396.0938 33.3789 0.9639 38.8477
505.4688 66.1914 0.9639 38.8477
505.4688 33.3789 0.9889 38.8477
505.4688 33.3789 0.9639 65.0977
396.0938 66.1914 0.9889 65.0977
305.4688 68.3789 0.9139 73.8477
596.0938 68.3789 0.9139 73.8477
305.4688 31.1914 0.9139 73.8477
305.4688 68.3789 0.9389 73.8477
305.4688 68.3789 0.9139 30.0977
596.0938 31.1914 0.9389 30.0977
303.9062 21.6211 0.9900 43.4961
350.7812 21.6211 0.9900 43.4961
303.9062 59.9023 0.9900 43.4961
303.9062 21.6211 0.9502 43.4961
303.9062 21.6211 0.9900 37.4805
350.7812 59.9023 0.9502 37.4805
503.9062 56.6211 0.9400 78.4961
550.7812 56.6211 0.9400 78.4961
503.9062 24.9023 0.9400 78.4961
503.9062 56.6211 0.9002 78.4961
503.9062 56.6211 0.9400 72.4805
550.7812 24.9023 0.9002 72.4805
603.9062 39.1211 0.9650 25.9961
650.7812 39.1211 0.9650 25.9961
603.9062 42.4023 0.9650 25.9961
603.9062 39.1211 0.9752 25.9961
603.9062 39.1211 0.9650 54.9805
650.7812 42.4023 0.9752 54.9805
403.9062 74.1211 0.9150 60.9961
450.7812 74.1211 0.9150 60.9961
403.9062 77.4023 0.9150 60.9961
403.9062 74.1211 0.9252 60.9961
403.9062 74.1211 0.9150 19.9805
450.7812 77.4023 0.9252 19.9805
453.9062 30.3711 0.9275 52.2461
400.7812 30.3711 0.9275 52.2461
453.9062 51.1523 0.9275 52.2461
453.9062 30.3711 0.9877 52.2461
453.9062 30.3711 0.9275 46.2305
400.7812 51.1523 0.9877 46.2305
653.9062 65.3711 0.9775 17.2461
600.7812 65.3711 0.9775 17.2461
653.9062 16.1523 0.9775 17.2461
653.9062 65.3711 0.9377 17.2461
653.9062 65.3711 0.9775 11.2305
600.7812 16.1523 0.9377 11.2305
553.9062 12.8711 0.9025 69.7461
500.7812 12.8711 0.9025 69.7461
553.9062 33.6523 0.9025 69.7461
553.9062 12.8711 0.9627 69.7461
553.9062 12.8711 0.9025 28.7305
500.7812 33.6523 0.9627 28.7305
353.9062 47.8711 0.9525 34.7461
300.7812 47.8711 0.9525 34.7461
353.9062 68.6523 0.9525 34.7461
353.9062 47.8711 0.9127 34.7461
353.9062 47.8711 0.9525 63.7305
300.7812 68.6523 0.9127 63.7305
378.9062 43.4961 0.9088 12.8711
575.7812 43.4961 0.9088 12.8711
378.9062 73.0273 0.9088 12.8711
378.9062 43.4961 0.9939 12.8711
378.9062 43.4961 0.9088 50.6055
575.7812 73.0273 0.9939 50.6055
578.9062 78.4961 0.9588 47.8711
375.7812 78.4961 0.9588 47.8711
578.9062 38.0273 0.9588 47.8711
578.9062 78.4961 0.9439 47.8711
578.9062 78.4961 0.9588 15.6055
375.7812 38.0273 0.9439 15.6055
678.9062 25.9961 0.9338 30.3711
475.7812 25.9961 0.9338 30.3711
678.9062 20.5273 0.9338 30.3711
678.9062 25.9961 0.9689 30.3711
678.9062 25.9961 0.9338 33.1055
475.7812 20.5273 0.9689 33.1055
478.9062 60.9961 0.9838 65.3711
675.7812 60.9961 0.9838 65.3711
478.9062 55.5273 0.9838 65.3711
478.9062 60.9961 0.9189 65.3711
478.9062 60.9961 0.9838 68.1055
675.7812 55.5273 0.9189 68.1055
428.9062 17.2461 0.9713 74.1211
625.7812 17.2461 0.9713 74.1211
428.9062 64.2773 0.9713 74.1211
428.9062 17.2461 0.9564 74.1211
428.9062 17.2461 0.9713 41.8555
625.7812 64.2773 0.9564 41.8555
628.9062 52.2461 0.9213 39.1211
425.7812 52.2461 0.9213 39.1211
628.9062 29.2773 0.9213 39.1211
628.9062 52.2461 0.9064 39.1211
628.9062 52.2461 0.9213 76.8555
425.7812 29.2773 0.9064 76.8555
528.9062 34.7461 0.9963 56.6211
325.7812 34.7461 0.9963 56.6211
528.9062 11.7773 0.9963 56.6211
528.9062 34.7461 0.9814 56.6211
528.9062 34.7461 0.9963 59.3555
325.7812 11.7773 0.9814 59.3555
328.9062 69.7461 0.9463 21.6211
525.7812 69.7461 0.9463 21.6211
328.9062 46.7773 0.9463 21.6211
328.9062 69.7461 0.9314 21.6211
328.9062 69.7461 0.9463 24.3555
525.7812 46.7773 0.9314 24.3555
341.4062 32.5586 0.9619 67.5586
463.2812 32.5586 0.9619 67.5586
341.4062 31.4648 0.9619 67.5586
341.4062 32.5586 0.9033 67.5586
341.4062 32.5586 0.9619 61.5430
463.2812 31.4648 0.9033 61.5430
541.4062 67.5586 0.9119 32.5586
663.2812 67.5586 0.9119 32.5586
541.4062 66.4648 0.9119 32.5586
541.4062 67.5586 0.9533 32.5586
541.4062 67.5586 0.9119 26.5430
663.2812 66.4648 0.9533 26.5430
641.4062 15.0586 0.9869 50.0586
563.2812 15.0586 0.9869 50.0586
641.4062 48.9648 0.9869 50.0586
641.4062 15.0586 0.9283 50.0586
641.4062 15.0586 0.9869 44.0430
563.2812 48.9648 0.9283 44.0430
441.4062 50.0586 0.9369 15.0586
363.2812 50.0586 0.9369 15.0586
441.4062 13.9648 0.9369 15.0586
441.4062 50.0586 0.9783 15.0586
441.4062 50.0586 0.9369 79.0430
363.2812 13.9648 0.9783 79.0430
491.4062 23.8086 0.9244 23.8086
313.2812 23.8086 0.9244 23.8086
491.4062 40.2148 0.9244 23.8086
491.4062 23.8086 0.9408 23.8086
491.4062 23.8086 0.9244 35.2930
313.2812 40.2148 0.9408 35.2930
691.4062 58.8086 0.9744 58.8086
513.2812 58.8086 0.9744 58.8086
691.4062 75.2148 0.9744 58.8086
691.4062 58.8086 0.9908 58.8086
691.4062 58.8086 0.9744 70.2930
513.2812 75.2148 0.9908 70.2930
591.4062 41.3086 0.9494 41.3086
613.2812 41.3086 0.9494 41.3086
591.4062 57.7148 0.9494 41.3086
591.4062 41.3086 0.9158 41.3086
591.4062 41.3086 0.9494 52.7930
613.2812 57.7148 0.9158 52.7930
391.4062 76.3086 0.9994 76.3086
413.2812 76.3086 0.9994 76.3086
391.4062 22.7148 0.9994 76.3086
391.4062 76.3086 0.9658 76.3086
391.4062 76.3086 0.9994 17.7930
413.2812 22.7148 0.9658 17.7930
366.4062 10.6836 0.9432 54.4336
688.2812 10.6836 0.9432 54.4336
366.4062 18.3398 0.9432 54.4336
366.4062 10.6836 0.9471 54.4336
366.4062 10.6836 0.9432 30.9180
688.2812 18.3398 0.9471 30.9180
566.4062 45.6836 0.9932 19.4336
488.2812 45.6836 0.9932 19.4336
566.4062 53.3398 0.9932 19.4336
566.4062 45.6836 0.9971 19.4336
566.4062 45.6836 0.9932 65.9180
488.2812 53.3398 0.9971 65.9180
666.4062 28.1836 0.9182 71.9336
388.2812 28.1836 0.9182 71.9336
666.4062 70.8398 0.9182 71.9336
666.4062 28.1836 0.9221 71.9336
666.4062 28.1836 0.9182 48.4180
388.2812 70.8398 0.9221 48.4180
466.4062 63.1836 0.9682 36.9336
588.2812 63.1836 0.9682 36.9336
466.4062 35.8398 0.9682 36.9336
466.4062 63.1836 0.9721 36.9336
466.4062 63.1836 0.9682 13.4180
588.2812 35.8398 0.9721 13.4180
416.4062 36.9336 0.9807 28.1836
538.2812 36.9336 0.9807 28.1836
416.4062 27.0898 0.9807 28.1836
416.4062 36.9336 0.9096 28.1836
416.4062 36.9336 0.9807 57.1680
538.2812 27.0898 0.9096 57.1680
616.4062 71.9336 0.9307 63.1836
338.2812 71.9336 0.9307 63.1836
616.4062 62.0898 0.9307 63.1836
616.4062 71.9336 0.9596 63.1836
616.4062 71.9336 0.9307 22.1680
338.2812 62.0898 0.9596 22.1680
516.4062 19.4336 0.9557 10.6836
438.2812 19.4336 0.9557 10.6836
516.4062 79.5898 0.9557 10.6836
516.4062 19.4336 0.9346 10.6836
516.4062 19.4336 0.9557 39.6680
438.2812 79.5898 0.9346 39.6680
316.4062 54.4336 0.9057 45.6836
638.2812 54.4336 0.9057 45.6836
316.4062 44.5898 0.9057 45.6836
316.4062 54.4336 0.9846 45.6836
316.4062 54.4336 0.9057 74.6680
638.2812 44.5898 0.9846 74.6680
322.6562 40.2148 0.9322 77.4023
307.0312 40.2148 0.9322 77.4023
322.6562 34.7461 0.9322 77.4023
322.6562 40.2148 0.9299 77.4023
322.6562 40.2148 0.9322 64.8242
307.0312 34.7461 0.9299 64.8242
522.6562 75.2148 0.9822 42.4023
507.0312 75.2148 0.9822 42.4023
522.6562 69.7461 0.9822 42.4023
522.6562 75.2148 0.9799 42.4023
522.6562 75.2148 0.9822 29.8242
507.0312 69.7461 0.9799 29.8242
622.6562 22.7148 0.9072 59.9023
607.0312 22.7148 0.9072 59.9023
622.6562 52.2461 0.9072 59.9023
622.6562 22.7148 0.9049 59.9023
622.6562 22.7148 0.9072 12.3242
607.0312 52.2461 0.9049 12.3242
422.6562 57.7148 0.9572 24.9023
407.0312 57.7148 0.9572 24.9023
422.6562 17.2461 0.9572 24.9023
422.6562 57.7148 0.9549 24.9023
422.6562 57.7148 0.9572 47.3242
407.0312 17.2461 0.9549 47.3242
472.6562 13.9648 0.9947 16.1523
457.0312 13.9648 0.9947 16.1523
472.6562 43.4961 0.9947 16.1523
472.6562 13.9648 0.9174 16.1523
472.6562 13.9648 0.9947 21.0742
457.0312 43.4961 0.9174 21.0742
672.6562 48.9648 0.9447 51.1523
657.0312 48.9648 0.9447 51.1523
672.6562 78.4961 0.9447 51.1523
672.6562 48.9648 0.9674 51.1523
672.6562 48.9648 0.9447 56.0742
657.0312 78.4961 0.9674 56.0742
572.6562 31.4648 0.9697 33.6523
557.0312 31.4648 0.9697 33.6523
572.6562 60.9961 0.9697 33.6523
572.6562 31.4648 0.9424 33.6523
572.6562 31.4648 0.9697 73.5742
557.0312 60.9961 0.9424 73.5742
372.6562 66.4648 0.9197 68.6523
357.0312 66.4648 0.9197 68.6523
372.6562 25.9961 0.9197 68.6523
372.6562 66.4648 0.9924 68.6523
372.6562 66.4648 0.9197 38.5742
357.0312 25.9961 0.9924 38.5742
397.6562 27.0898 0.9635 46.7773
532.0312 27.0898 0.9635 46.7773
397.6562 12.8711 0.9635 46.7773
397.6562 27.0898 0.9236 46.7773
397.6562 27.0898 0.9635 25.4492
532.0312 12.8711 0.9236 25.4492
597.6562 62.0898 0.9135 11.7773
332.0312 62.0898 0.9135 11.7773
597.6562 47.8711 0.9135 11.7773
597.6562 62.0898 0.9736 11.7773
597.6562 62.0898 0.9135 60.4492
332.0312 47.8711 0.9736 60.4492
697.6562 44.5898 0.9885 64.2773
432.0312 44.5898 0.9885 64.2773
697.6562 65.3711 0.9885 64.2773
697.6562 44.5898 0.9486 64.2773
697.6562 44.5898 0.9885 77.9492
432.0312 65.3711 0.9486 77.9492
497.6562 79.5898 0.9385 29.2773
632.0312 79.5898 0.9385 29.2773
497.6562 30.3711 0.9385 29.2773
497.6562 79.5898 0.9986 29.2773
497.6562 79.5898 0.9385 42.9492
632.0312 30.3711 0.9986 42.9492
447.6562 35.8398 0.9010 38.0273
682.0312 35.8398 0.9010 38.0273
447.6562 21.6211 0.9010 38.0273
447.6562 35.8398 0.9361 38.0273
447.6562 35.8398 0.9010 69.1992
682.0312 21.6211 0.9361 69.1992
647.6562 70.8398 0.9510 73.0273
482.0312 70.8398 0.9510 73.0273
647.6562 56.6211 0.9510 73.0273
647.6562 70.8398 0.9861 73.0273
647.6562 70.8398 0.9510 34.1992
482.0312 56.6211 0.9861 34.1992
547.6562 18.3398 0.9260 20.5273
382.0312 18.3398 0.9260 20.5273
547.6562 74.1211 0.9260 20.5273
547.6562 18.3398 0.9111 20.5273
547.6562 18.3398 0.9260 16.6992
382.0312 74.1211 0.9111 16.6992
347.6562 53.3398 0.9760 55.5273
582.0312 53.3398 0.9760 55.5273
347.6562 39.1211 0.9760 55.5273
347.6562 53.3398 0.9611 55.5273
347.6562 53.3398 0.9760 51.6992
582.0312 39.1211 0.9611 51.6992
335.1562 16.1523 0.9166 35.8398
419.5312 16.1523 0.9166 35.8398
335.1562 54.4336 0.9166 35.8398
335.1562 16.1523 0.9768 35.8398
335.1562 16.1523 0.9166 14.5117
419.5312 54.4336 0.9768 14.5117
535.1562 51.1523 0.9666 70.8398
619.5312 51.1523 0.9666 70.8398
535.1562 19.4336 0.9666 70.8398
535.1562 51.1523 0.9268 70.8398
535.1562 51.1523 0.9666 49.5117
619.5312 19.4336 0.9268 49.5117
635.1562 33.6523 0.9416 18.3398
519.5312 33.6523 0.9416 18.3398
635.1562 36.9336 0.9416 18.3398
635.1562 33.6523 0.9518 18.3398
635.1562 33.6523 0.9416 67.0117
519.5312 36.9336 0.9518 67.0117
435.1562 68.6523 0.9916 53.3398
319.5312 68.6523 0.9916 53.3398
435.1562 71.9336 0.9916 53.3398
435.1562 68.6523 0.9018 53.3398
435.1562 68.6523 0.9916 32.0117
319.5312 71.9336 0.9018 32.0117
485.1562 42.4023 0.9541 62.0898
369.5312 42.4023 0.9541 62.0898
485.1562 45.6836 0.9541 62.0898
485.1562 42.4023 0.9643 62.0898
485.1562 42.4023 0.9541 75.7617
369.5312 45.6836 0.9643 75.7617
685.1562 77.4023 0.9041 27.0898
569.5312 77.4023 0.9041 27.0898
685.1562 10.6836 0.9041 27.0898
685.1562 77.4023 0.9143 27.0898
685.1562 77.4023 0.9041 40.7617
569.5312 10.6836 0.9143 40.7617
585.1562 24.9023 0.9791 79.5898
669.5312 24.9023 0.9791 79.5898
585.1562 28.1836 0.9791 79.5898
585.1562 24.9023 0.9893 79.5898
585.1562 24.9023 0.9791 23.2617
669.5312 28.1836 0.9893 23.2617
385.1562 59.9023 0.9291 44.5898
469.5312 59.9023 0.9291 44.5898
385.1562 63.1836 0.9291 44.5898
385.1562 59.9023 0.9393 44.5898
385.1562 59.9023 0.9291 58.2617
469.5312 63.1836 0.9393 58.2617
360.1562 29.2773 0.9854 22.7148
644.5312 29.2773 0.9854 22.7148
360.1562 76.3086 0.9854 22.7148
360.1562 29.2773 0.9705 22.7148
360.1562 29.2773 0.9854 71.3867
644.5312 76.3086 0.9705 71.3867
560.1562 64.2773 0.9354 57.7148
444.5312 64.2773 0.9354 57.7148
560.1562 41.3086 0.9354 57.7148
560.1562 64.2773 0.9205 57.7148
560.1562 64.2773 0.9354 36.3867
444.5312 41.3086 0.9205 36.3867
660.1562 11.7773 0.9604 40.2148
344.5312 11.7773 0.9604 40.2148
660.1562 23.8086 0.9604 40.2148
660.1562 11.7773 0.9955 40.2148
660.1562 11.7773 0.9604 18.8867
344.5312 23.8086 0.9955 18.8867
460.1562 46.7773 0.9104 75.2148
544.5312 46.7773 0.9104 75.2148
460.1562 58.8086 0.9104 75.2148
460.1562 46.7773 0.9455 75.2148
460.1562 46.7773 0.9104 53.8867
544.5312 58.8086 0.9455 53.8867
410.1562 20.5273 0.9479 66.4648
594.5312 20.5273 0.9479 66.4648
410.1562 67.5586 0.9479 66.4648
410.1562 20.5273 0.9830 66.4648
410.1562 20.5273 0.9479 10.1367
594.5312 67.5586 0.9830 10.1367
610.1562 55.5273 0.9979 31.4648
394.5312 55.5273 0.9979 31.4648
610.1562 32.5586 0.9979 31.4648
610.1562 55.5273 0.9330 31.4648
610.1562 55.5273 0.9979 45.1367
394.5312 32.5586 0.9330 45.1367
510.1562 38.0273 0.9229 48.9648
494.5312 38.0273 0.9229 48.9648
510.1562 15.0586 0.9229 48.9648
510.1562 38.0273 0.9580 48.9648
510.1562 38.0273 0.9229 62.6367
494.5312 15.0586 0.9580 62.6367
310.1562 73.0273 0.9729 13.9648
694.5312 73.0273 0.9729 13.9648
310.1562 50.0586 0.9729 13.9648
310.1562 73.0273 0.9080 13.9648
310.1562 73.0273 0.9729 27.6367
694.5312 50.0586 0.9080 27.6367
307.0312 30.9180 0.9205 57.1680
510.1562 30.9180 0.9205 57.1680
307.0312 63.7305 0.9205 57.1680
307.0312 30.9180 0.9166 57.1680
307.0312 30.9180 0.9205 32.5586
510.1562 63.7305 0.9166 32.5586
507.0312 65.9180 0.9705 22.1680
310.1562 65.9180 0.9705 22.1680
507.0312 28.7305 0.9705 22.1680
507.0312 65.9180 0.9666 22.1680
507.0312 65.9180 0.9705 67.5586
310.1562 28.7305 0.9666 67.5586
607.0312 13.4180 0.9455 74.6680
410.1562 13.4180 0.9455 74.6680
607.0312 11.2305 0.9455 74.6680
607.0312 13.4180 0.9416 74.6680
607.0312 13.4180 0.9455 50.0586
410.1562 11.2305 0.9416 50.0586
407.0312 48.4180 0.9955 39.6680
610.1562 48.4180 0.9955 39.6680
407.0312 46.2305 0.9955 39.6680
407.0312 48.4180 0.9916 39.6680
407.0312 48.4180 0.9955 15.0586
610.1562 46.2305 0.9916 15.0586
457.0312 22.1680 0.9580 30.9180
660.1562 22.1680 0.9580 30.9180
457.0312 72.4805 0.9580 30.9180
457.0312 22.1680 0.9291 30.9180
457.0312 22.1680 0.9580 58.8086
660.1562 72.4805 0.9291 58.8086
657.0312 57.1680 0.9080 65.9180
460.1562 57.1680 0.9080 65.9180
657.0312 37.4805 0.9080 65.9180
657.0312 57.1680 0.9791 65.9180
657.0312 57.1680 0.9080 23.8086
460.1562 37.4805 0.9791 23.8086
557.0312 39.6680 0.9830 13.4180
360.1562 39.6680 0.9830 13.4180
557.0312 19.9805 0.9830 13.4180
557.0312 39.6680 0.9041 13.4180
557.0312 39.6680 0.9830 41.3086
360.1562 19.9805 0.9041 41.3086
357.0312 74.6680 0.9330 48.4180
560.1562 74.6680 0.9330 48.4180
357.0312 54.9805 0.9330 48.4180
357.0312 74.6680 0.9541 48.4180
357.0312 74.6680 0.9330 76.3086
560.1562 54.9805 0.9541 76.3086
382.0312 17.7930 0.9768 70.2930
335.1562 17.7930 0.9768 70.2930
382.0312 50.6055 0.9768 70.2930
382.0312 17.7930 0.9354 70.2930
382.0312 17.7930 0.9768 54.4336
335.1562 50.6055 0.9354 54.4336
582.0312 52.7930 0.9268 35.2930
535.1562 52.7930 0.9268 35.2930
582.0312 15.6055 0.9268 35.2930
582.0312 52.7930 0.9854 35.2930
582.0312 52.7930 0.9268 19.4336
535.1562 15.6055 0.9854 19.4336
682.0312 35.2930 0.9518 52.7930
635.1562 35.2930 0.9518 52.7930
682.0312 33.1055 0.9518 52.7930
682.0312 35.2930 0.9104 52.7930
682.0312 35.2930 0.9518 36.9336
635.1562 33.1055 0.9104 36.9336
482.0312 70.2930 0.9018 17.7930
435.1562 70.2930 0.9018 17.7930
482.0312 68.1055 0.9018 17.7930
482.0312 70.2930 0.9604 17.7930
482.0312 70.2930 0.9018 71.9336
435.1562 68.1055 0.9604 71.9336
432.0312 44.0430 0.9393 26.5430
485.1562 44.0430 0.9393 26.5430
432.0312 59.3555 0.9393 26.5430
432.0312 44.0430 0.9229 26.5430
432.0312 44.0430 0.9393 28.1836
485.1562 59.3555 0.9229 28.1836
632.0312 79.0430 0.9893 61.5430
685.1562 79.0430 0.9893 61.5430
632.0312 24.3555 0.9893 61.5430
632.0312 79.0430 0.9729 61.5430
632.0312 79.0430 0.9893 63.1836
685.1562 24.3555 0.9729 63.1836
532.0312 26.5430 0.9143 44.0430
585.1562 26.5430 0.9143 44.0430
532.0312 41.8555 0.9143 44.0430
532.0312 26.5430 0.9479 44.0430
532.0312 26.5430 0.9143 45.6836
585.1562 41.8555 0.9479 45.6836
332.0312 61.5430 0.9643 79.0430
385.1562 61.5430 0.9643 79.0430
332.0312 76.8555 0.9643 79.0430
332.0312 61.5430 0.9979 79.0430
332.0312 61.5430 0.9643 10.6836
385.1562 76.8555 0.9979 10.6836
344.5312 24.3555 0.9299 11.2305
622.6562 24.3555 0.9299 11.2305
344.5312 26.5430 0.9299 11.2305
344.5312 24.3555 0.9635 11.2305
344.5312 24.3555 0.9299 47.8711
622.6562 26.5430 0.9635 47.8711
544.5312 59.3555 0.9799 46.2305
422.6562 59.3555 0.9799 46.2305
544.5312 61.5430 0.9799 46.2305
544.5312 59.3555 0.9135 46.2305
544.5312 59.3555 0.9799 12.8711
422.6562 61.5430 0.9135 12.8711
644.5312 41.8555 0.9049 28.7305
322.6562 41.8555 0.9049 28.7305
644.5312 79.0430 0.9049 28.7305
644.5312 41.8555 0.9885 28.7305
644.5312 41.8555 0.9049 30.3711
322.6562 79.0430 0.9885 30.3711
444.5312 76.8555 0.9549 63.7305
522.6562 76.8555 0.9549 63.7305
444.5312 44.0430 0.9549 63.7305
444.5312 76.8555 0.9385 63.7305
444.5312 76.8555 0.9549 65.3711
522.6562 44.0430 0.9385 65.3711
494.5312 33.1055 0.9924 72.4805
572.6562 33.1055 0.9924 72.4805
494.5312 17.7930 0.9924 72.4805
494.5312 33.1055 0.9760 72.4805
494.5312 33.1055 0.9924 39.1211
572.6562 17.7930 0.9760 39.1211
694.5312 68.1055 0.9424 37.4805
372.6562 68.1055 0.9424 37.4805
694.5312 52.7930 0.9424 37.4805
694.5312 68.1055 0.9260 37.4805
694.5312 68.1055 0.9424 74.1211
372.6562 52.7930 0.9260 74.1211
594.5312 15.6055 0.9674 54.9805
472.6562 15.6055 0.9674 54.9805
594.5312 70.2930 0.9674 54.9805
594.5312 15.6055 0.9510 54.9805
594.5312 15.6055 0.9674 56.6211
472.6562 70.2930 0.9510 56.6211
394.5312 50.6055 0.9174 19.9805
672.6562 50.6055 0.9174 19.9805
394.5312 35.2930 0.9174 19.9805
394.5312 50.6055 0.9010 19.9805
394.5312 50.6055 0.9174 21.6211
672.6562 35.2930 0.9010 21.6211
369.5312 37.4805 0.9736 41.8555
447.6562 37.4805 0.9736 41.8555
369.5312 39.6680 0.9736 41.8555
369.5312 37.4805 0.9822 41.8555
369.5312 37.4805 0.9736 43.4961
447.6562 39.6680 0.9822 43.4961
569.5312 72.4805 0.9236 76.8555
647.6562 72.4805 0.9236 76.8555
569.5312 74.6680 0.9236 76.8555
569.5312 72.4805 0.9322 76.8555
569.5312 72.4805 0.9236 78.4961
647.6562 74.6680 0.9322 78.4961
669.5312 19.9805 0.9986 24.3555
547.6562 19.9805 0.9986 24.3555
669.5312 57.1680 0.9986 24.3555
669.5312 19.9805 0.9572 24.3555
669.5312 19.9805 0.9986 60.9961
547.6562 57.1680 0.9572 60.9961
469.5312 54.9805 0.9486 59.3555
347.6562 54.9805 0.9486 59.3555
469.5312 22.1680 0.9486 59.3555
469.5312 54.9805 0.9072 59.3555
469.5312 54.9805 0.9486 25.9961
347.6562 22.1680 0.9072 25.9961
419.5312 11.2305 0.9111 50.6055
397.6562 11.2305 0.9111 50.6055
419.5312 30.9180 0.9111 50.6055
419.5312 11.2305 0.9697 50.6055
419.5312 11.2305 0.9111 52.2461
397.6562 30.9180 0.9697 52.2461
619.5312 46.2305 0.9611 15.6055
597.6562 46.2305 0.9611 15.6055
619.5312 65.9180 0.9611 15.6055
619.5312 46.2305 0.9197 15.6055
619.5312 46.2305 0.9611 17.2461
597.6562 65.9180 0.9197 17.2461
519.5312 28.7305 0.9361 68.1055
697.6562 28.7305 0.9361 68.1055
519.5312 48.4180 0.9361 68.1055
519.5312 28.7305 0.9947 68.1055
519.5312 28.7305 0.9361 34.7461
697.6562 48.4180 0.9947 34.7461
319.5312 63.7305 0.9861 33.1055
497.6562 63.7305 0.9861 33.1055
319.5312 13.4180 0.9861 33.1055
319.5312 63.7305 0.9447 33.1055
319.5312 63.7305 0.9861 69.7461
497.6562 13.4180 0.9447 69.7461
313.2812 12.3242 0.9502 18.8867
553.9062 12.3242 0.9502 18.8867
313.2812 21.0742 0.9502 18.8867
313.2812 12.3242 0.9900 18.8867
313.2812 12.3242 0.9502 79.5898
553.9062 21.0742 0.9900 79.5898
513.2812 47.3242 0.9002 53.8867
353.9062 47.3242 0.9002 53.8867
513.2812 56.0742 0.9002 53.8867
513.2812 47.3242 0.9400 53.8867
513.2812 47.3242 0.9002 44.5898
353.9062 56.0742 0.9400 44.5898
613.2812 29.8242 0.9752 36.3867
453.9062 29.8242 0.9752 36.3867
613.2812 73.5742 0.9752 36.3867
613.2812 29.8242 0.9650 36.3867
613.2812 29.8242 0.9752 27.0898
453.9062 73.5742 0.9650 27.0898
413.2812 64.8242 0.9252 71.3867
653.9062 64.8242 0.9252 71.3867
413.2812 38.5742 0.9252 71.3867
413.2812 64.8242 0.9150 71.3867
413.2812 64.8242 0.9252 62.0898
653.9062 38.5742 0.9150 62.0898
463.2812 38.5742 0.9127 62.6367
603.9062 38.5742 0.9127 62.6367
463.2812 12.3242 0.9127 62.6367
463.2812 38.5742 0.9525 62.6367
463.2812 38.5742 0.9127 18.3398
603.9062 12.3242 0.9525 18.3398
663.2812 73.5742 0.9627 27.6367
403.9062 73.5742 0.9627 27.6367
663.2812 47.3242 0.9627 27.6367
663.2812 73.5742 0.9025 27.6367
663.2812 73.5742 0.9627 53.3398
403.9062 47.3242 0.9025 53.3398
563.2812 21.0742 0.9377 45.1367
303.9062 21.0742 0.9377 45.1367
563.2812 64.8242 0.9377 45.1367
563.2812 21.0742 0.9775 45.1367
563.2812 21.0742 0.9377 70.8398
303.9062 64.8242 0.9775 70.8398
363.2812 56.0742 0.9877 10.1367
503.9062 56.0742 0.9877 10.1367
363.2812 29.8242 0.9877 10.1367
363.2812 56.0742 0.9275 10.1367
363.2812 56.0742 0.9877 35.8398
503.9062 29.8242 0.9275 35.8398
388.2812 34.1992 0.9439 32.0117
378.9062 34.1992 0.9439 32.0117
388.2812 42.9492 0.9439 32.0117
388.2812 34.1992 0.9588 32.0117
388.2812 34.1992 0.9439 13.9648
378.9062 42.9492 0.9588 13.9648
588.2812 69.1992 0.9939 67.0117
578.9062 69.1992 0.9939 67.0117
588.2812 77.9492 0.9939 67.0117
588.2812 69.1992 0.9088 67.0117
588.2812 69.1992 0.9939 48.9648
578.9062 77.9492 0.9088 48.9648
688.2812 16.6992 0.9189 14.5117
678.9062 16.6992 0.9189 14.5117
688.2812 60.4492 0.9189 14.5117
688.2812 16.6992 0.9838 14.5117
688.2812 16.6992 0.9189 66.4648
678.9062 60.4492 0.9838 66.4648
488.2812 51.6992 0.9689 49.5117
478.9062 51.6992 0.9689 49.5117
488.2812 25.4492 0.9689 49.5117
488.2812 51.6992 0.9338 49.5117
488.2812 51.6992 0.9689 31.4648
478.9062 25.4492 0.9338 31.4648
438.2812 25.4492 0.9814 58.2617
428.9062 25.4492 0.9814 58.2617
438.2812 34.1992 0.9814 58.2617
438.2812 25.4492 0.9963 58.2617
438.2812 25.4492 0.9814 75.2148
428.9062 34.1992 0.9963 75.2148
638.2812 60.4492 0.9314 23.2617
628.9062 60.4492 0.9314 23.2617
638.2812 69.1992 0.9314 23.2617
638.2812 60.4492 0.9463 23.2617
638.2812 60.4492 0.9314 40.2148
628.9062 69.1992 0.9463 40.2148
538.2812 42.9492 0.9564 75.7617
528.9062 42.9492 0.9564 75.7617
538.2812 51.6992 0.9564 75.7617
538.2812 42.9492 0.9713 75.7617
538.2812 42.9492 0.9564 22.7148
528.9062 51.6992 0.9713 22.7148
338.2812 77.9492 0.9064 40.7617
328.9062 77.9492 0.9064 40.7617
338.2812 16.6992 0.9064 40.7617
338.2812 77.9492 0.9213 40.7617
338.2812 77.9492 0.9064 57.7148
328.9062 16.6992 0.9213 57.7148
325.7812 40.7617 0.9971 47.3242
666.4062 40.7617 0.9971 47.3242
325.7812 67.0117 0.9971 47.3242
325.7812 40.7617 0.9432 47.3242
325.7812 40.7617 0.9971 20.5273
666.4062 67.0117 0.9432 20.5273
525.7812 75.7617 0.9471 12.3242
466.4062 75.7617 0.9471 12.3242
525.7812 32.0117 0.9471 12.3242
525.7812 75.7617 0.9932 12.3242
525.7812 75.7617 0.9471 55.5273
466.4062 32.0117 0.9932 55.5273
625.7812 23.2617 0.9721 64.8242
366.4062 23.2617 0.9721 64.8242
625.7812 14.5117 0.9721 64.8242
625.7812 23.2617 0.9182 64.8242
625.7812 23.2617 0.9721 73.0273
366.4062 14.5117 0.9182 73.0273
425.7812 58.2617 0.9221 29.8242
566.4062 58.2617 0.9221 29.8242
425.7812 49.5117 0.9221 29.8242
425.7812 58.2617 0.9682 29.8242
425.7812 58.2617 0.9221 38.0273
566.4062 49.5117 0.9682 38.0273
475.7812 14.5117 0.9346 38.5742
516.4062 14.5117 0.9346 38.5742
475.7812 75.7617 0.9346 38.5742
475.7812 14.5117 0.9057 38.5742
475.7812 14.5117 0.9346 64.2773
516.4062 75.7617 0.9057 64.2773
675.7812 49.5117 0.9846 73.5742
316.4062 49.5117 0.9846 73.5742
675.7812 40.7617 0.9846 73.5742
675.7812 49.5117 0.9557 73.5742
675.7812 49.5117 0.9846 29.2773
316.4062 40.7617 0.9557 29.2773
575.7812 32.0117 0.9096 21.0742
416.4062 32.0117 0.9096 21.0742
575.7812 23.2617 0.9096 21.0742
575.7812 32.0117 0.9307 21.0742
575.7812 32.0117 0.9096 11.7773
416.4062 23.2617 0.9307 11.7773
375.7812 67.0117 0.9596 56.0742
616.4062 67.0117 0.9596 56.0742
375.7812 58.2617 0.9596 56.0742
375.7812 67.0117 0.9807 56.0742
375.7812 67.0117 0.9596 46.7773
616.4062 58.2617 0.9807 46.7773
350.7812 18.8867 0.9033 77.9492
491.4062 18.8867 0.9033 77.9492
350.7812 45.1367 0.9033 77.9492
350.7812 18.8867 0.9119 77.9492
350.7812 18.8867 0.9033 68.6523
491.4062 45.1367 0.9119 68.6523
550.7812 53.8867 0.9533 42.9492
691.4062 53.8867 0.9533 42.9492
550.7812 10.1367 0.9533 42.9492
550.7812 53.8867 0.9619 42.9492
550.7812 53.8867 0.9533 33.6523
691.4062 10.1367 0.9619 33.6523
650.7812 36.3867 0.9283 60.4492
591.4062 36.3867 0.9283 60.4492
650.7812 27.6367 0.9283 60.4492
650.7812 36.3867 0.9369 60.4492
650.7812 36.3867 0.9283 16.1523
591.4062 27.6367 0.9369 16.1523
450.7812 71.3867 0.9783 25.4492
391.4062 71.3867 0.9783 25.4492
450.7812 62.6367 0.9783 25.4492
450.7812 71.3867 0.9869 25.4492
450.7812 71.3867 0.9783 51.1523
391.4062 62.6367 0.9869 51.1523
400.7812 27.6367 0.9658 16.6992
341.4062 27.6367 0.9658 16.6992
400.7812 53.8867 0.9658 16.6992
400.7812 27.6367 0.9494 16.6992
400.7812 27.6367 0.9658 24.9023
341.4062 53.8867 0.9494 24.9023
600.7812 62.6367 0.9158 51.6992
541.4062 62.6367 0.9158 51.6992
600.7812 18.8867 0.9158 51.6992
600.7812 62.6367 0.9994 51.6992
600.7812 62.6367 0.9158 59.9023
541.4062 18.8867 0.9994 59.9023
500.7812 10.1367 0.9908 34.1992
641.4062 10.1367 0.9908 34.1992
500.7812 36.3867 0.9908 34.1992
500.7812 10.1367 0.9244 34.1992
500.7812 10.1367 0.9908 77.4023
641.4062 36.3867 0.9244 77.4023
300.7812 45.1367 0.9408 69.1992
441.4062 45.1367 0.9408 69.1992
300.7812 71.3867 0.9408 69.1992
300.7812 45.1367 0.9744 69.1992
300.7812 45.1367 0.9408 42.4023
441.4062 71.3867 0.9744 42.4023
