300.0000 10.0000 0.9000 0.9000
300.0000 10.0000 0.9000 0.9000
300.0000 10.0000 0.9000 0.9000
300.0000 10.0000 0.9000 0.9000
300.0000 10.0000 0.9000 0.9000
300.0000 10.0000 0.9000 0.9000
500.0000 45.0000 0.9500 0.9500
500.0000 45.0000 0.9500 0.9500
500.0000 45.0000 0.9500 0.9500
500.0000 45.0000 0.9500 0.9500
500.0000 45.0000 0.9500 0.9500
500.0000 45.0000 0.9500 0.9500
600.0000 27.5000 0.9250 0.9250
600.0000 27.5000 0.9250 0.9250
600.0000 62.5000 0.9250 0.9250
600.0000 27.5000 0.9250 0.9250
600.0000 27.5000 0.9250 0.9750
600.0000 62.5000 0.9250 0.9750
400.0000 62.5000 0.9750 0.9750
400.0000 62.5000 0.9750 0.9750
400.0000 27.5000 0.9750 0.9750
400.0000 62.5000 0.9750 0.9750
400.0000 62.5000 0.9750 0.9250
400.0000 27.5000 0.9750 0.9250
450.0000 36.2500 0.9625 0.9875
450.0000 36.2500 0.9625 0.9875
450.0000 18.7500 0.9625 0.9875
450.0000 36.2500 0.9375 0.9875
450.0000 36.2500 0.9625 0.9875
450.0000 18.7500 0.9375 0.9875
650.0000 71.2500 0.9125 0.9375
650.0000 71.2500 0.9125 0.9375
650.0000 53.7500 0.9125 0.9375
650.0000 71.2500 0.9875 0.9375
650.0000 71.2500 0.9125 0.9375
650.0000 53.7500 0.9875 0.9375
550.0000 18.7500 0.9875 0.9625
550.0000 18.7500 0.9875 0.9625
550.0000 71.2500 0.9875 0.9625
550.0000 18.7500 0.9125 0.9625
550.0000 18.7500 0.9875 0.9125
550.0000 71.2500 0.9125 0.9125
350.0000 53.7500 0.9375 0.9125
350.0000 53.7500 0.9375 0.9125
350.0000 36.2500 0.9375 0.9125
350.0000 53.7500 0.9625 0.9125
350.0000 53.7500 0.9375 0.9625
350.0000 36.2500 0.9625 0.9625
375.0000 31.8750 0.9938 0.9437
525.0000 31.8750 0.9938 0.9437
375.0000 31.8750 0.9938 0.9437
375.0000 31.8750 0.9437 0.9437
375.0000 31.8750 0.9938 0.9938
525.0000 31.8750 0.9437 0.9938
575.0000 66.8750 0.9437 0.9938
325.0000 66.8750 0.9437 0.9938
575.0000 66.8750 0.9437 0.9938
575.0000 66.8750 0.9938 0.9938
575.0000 66.8750 0.9437 0.9437
325.0000 66.8750 0.9938 0.9437
675.0000 14.3750 0.9688 0.9188
425.0000 14.3750 0.9688 0.9188
675.0000 49.3750 0.9688 0.9188
675.0000 14.3750 0.9188 0.9188
675.0000 14.3750 0.9688 0.9188
425.0000 49.3750 0.9188 0.9188
475.0000 49.3750 0.9188 0.9688
625.0000 49.3750 0.9188 0.9688
475.0000 14.3750 0.9188 0.9688
475.0000 49.3750 0.9688 0.9688
475.0000 49.3750 0.9188 0.9688
625.0000 14.3750 0.9688 0.9688
425.0000 23.1250 0.9313 0.9563
675.0000 23.1250 0.9313 0.9563
425.0000 40.6250 0.9313 0.9563
425.0000 23.1250 0.9062 0.9563
425.0000 23.1250 0.9313 0.9062
675.0000 40.6250 0.9062 0.9062
625.0000 58.1250 0.9812 0.9062
475.0000 58.1250 0.9812 0.9062
625.0000 75.6250 0.9812 0.9062
625.0000 58.1250 0.9563 0.9062
625.0000 58.1250 0.9812 0.9563
475.0000 75.6250 0.9563 0.9563
525.0000 40.6250 0.9062 0.9812
375.0000 40.6250 0.9062 0.9812
525.0000 58.1250 0.9062 0.9812
525.0000 40.6250 0.9313 0.9812
525.0000 40.6250 0.9062 0.9812
375.0000 58.1250 0.9313 0.9812
325.0000 75.6250 0.9563 0.9313
575.0000 75.6250 0.9563 0.9313
325.0000 23.1250 0.9563 0.9313
325.0000 75.6250 0.9812 0.9313
325.0000 75.6250 0.9563 0.9313
575.0000 23.1250 0.9812 0.9313
337.5000 42.8125 0.9469 0.9656
412.5000 42.8125 0.9469 0.9656
337.5000 77.8125 0.9469 0.9656
337.5000 42.8125 0.9531 0.9656
337.5000 42.8125 0.9469 0.9844
412.5000 77.8125 0.9531 0.9844
537.5000 77.8125 0.9969 0.9156
612.5000 77.8125 0.9969 0.9156
537.5000 42.8125 0.9969 0.9156
537.5000 77.8125 0.9031 0.9156
537.5000 77.8125 0.9969 0.9344
612.5000 42.8125 0.9031 0.9344
637.5000 25.3125 0.9219 0.9906
512.5000 25.3125 0.9219 0.9906
637.5000 25.3125 0.9219 0.9906
637.5000 25.3125 0.9781 0.9906
637.5000 25.3125 0.9219 0.9094
512.5000 25.3125 0.9781 0.9094
437.5000 60.3125 0.9719 0.9406
312.5000 60.3125 0.9719 0.9406
437.5000 60.3125 0.9719 0.9406
437.5000 60.3125 0.9281 0.9406
437.5000 60.3125 0.9719 0.9594
312.5000 60.3125 0.9281 0.9594
487.5000 16.5625 0.9844 0.9281
362.5000 16.5625 0.9844 0.9281
487.5000 69.0625 0.9844 0.9281
487.5000 16.5625 0.9906 0.9281
487.5000 16.5625 0.9844 0.9219
362.5000 69.0625 0.9906 0.9219
687.5000 51.5625 0.9344 0.9781
562.5000 51.5625 0.9344 0.9781
687.5000 34.0625 0.9344 0.9781
687.5000 51.5625 0.9406 0.9781
687.5000 51.5625 0.9344 0.9719
562.5000 34.0625 0.9406 0.9719
587.5000 34.0625 0.9594 0.9031
662.5000 34.0625 0.9594 0.9031
587.5000 16.5625 0.9594 0.9031
587.5000 34.0625 0.9656 0.9031
587.5000 34.0625 0.9594 0.9969
662.5000 16.5625 0.9656 0.9969
387.5000 69.0625 0.9094 0.9531
462.5000 69.0625 0.9094 0.9531
387.5000 51.5625 0.9094 0.9531
387.5000 69.0625 0.9156 0.9531
387.5000 69.0625 0.9094 0.9469
462.5000 51.5625 0.9156 0.9469
362.5000 20.9375 0.9531 0.9844
637.5000 20.9375 0.9531 0.9844
362.5000 55.9375 0.9531 0.9844
362.5000 20.9375 0.9969 0.9844
362.5000 20.9375 0.9531 0.9156
637.5000 55.9375 0.9969 0.9156
562.5000 55.9375 0.9031 0.9344
437.5000 55.9375 0.9031 0.9344
562.5000 20.9375 0.9031 0.9344
562.5000 55.9375 0.9469 0.9344
562.5000 55.9375 0.9031 0.9656
437.5000 20.9375 0.9469 0.9656
662.5000 38.4375 0.9781 0.9594
337.5000 38.4375 0.9781 0.9594
662.5000 38.4375 0.9781 0.9594
662.5000 38.4375 0.9719 0.9594
662.5000 38.4375 0.9781 0.9906
337.5000 38.4375 0.9719 0.9906
462.5000 73.4375 0.9281 0.9094
537.5000 73.4375 0.9281 0.9094
462.5000 73.4375 0.9281 0.9094
462.5000 73.4375 0.9219 0.9094
462.5000 73.4375 0.9281 0.9406
537.5000 73.4375 0.9219 0.9406
412.5000 29.6875 0.9156 0.9219
587.5000 29.6875 0.9156 0.9219
412.5000 47.1875 0.9156 0.9219
412.5000 29.6875 0.9594 0.9219
412.5000 29.6875 0.9156 0.9781
587.5000 47.1875 0.9594 0.9781
612.5000 64.6875 0.9656 0.9719
387.5000 64.6875 0.9656 0.9719
612.5000 12.1875 0.9656 0.9719
612.5000 64.6875 0.9094 0.9719
612.5000 64.6875 0.9656 0.9281
387.5000 12.1875 0.9094 0.9281
512.5000 12.1875 0.9406 0.9469
487.5000 12.1875 0.9406 0.9469
512.5000 29.6875 0.9406 0.9469
512.5000 12.1875 0.9844 0.9469
512.5000 12.1875 0.9406 0.9031
487.5000 29.6875 0.9844 0.9031
312.5000 47.1875 0.9906 0.9969
687.5000 47.1875 0.9906 0.9969
312.5000 64.6875 0.9906 0.9969
312.5000 47.1875 0.9344 0.9969
312.5000 47.1875 0.9906 0.9531
687.5000 64.6875 0.9344 0.9531
318.7500 28.5938 0.9703 0.9547
356.2500 28.5938 0.9703 0.9547
318.7500 74.5312 0.9703 0.9547
318.7500 28.5938 0.9797 0.9547
318.7500 28.5938 0.9703 0.9672
356.2500 74.5312 0.9797 0.9672
518.7500 63.5938 0.9203 0.9047
556.2500 63.5938 0.9203 0.9047
518.7500 39.5312 0.9203 0.9047
518.7500 63.5938 0.9297 0.9047
518.7500 63.5938 0.9203 0.9172
556.2500 39.5312 0.9297 0.9172
618.7500 11.0938 0.9953 0.9797
656.2500 11.0938 0.9953 0.9797
618.7500 22.0312 0.9953 0.9797
618.7500 11.0938 0.9547 0.9797
618.7500 11.0938 0.9953 0.9422
656.2500 22.0312 0.9547 0.9422
418.7500 46.0938 0.9453 0.9297
456.2500 46.0938 0.9453 0.9297
418.7500 57.0312 0.9453 0.9297
418.7500 46.0938 0.9047 0.9297
418.7500 46.0938 0.9453 0.9922
456.2500 57.0312 0.9047 0.9922
468.7500 19.8438 0.9078 0.9422
406.2500 19.8438 0.9078 0.9422
468.7500 65.7812 0.9078 0.9422
468.7500 19.8438 0.9672 0.9422
468.7500 19.8438 0.9078 0.9297
406.2500 65.7812 0.9672 0.9297
668.7500 54.8438 0.9578 0.9922
606.2500 54.8438 0.9578 0.9922
668.7500 30.7812 0.9578 0.9922
668.7500 54.8438 0.9172 0.9922
668.7500 54.8438 0.9578 0.9797
606.2500 30.7812 0.9172 0.9797
568.7500 37.3438 0.9328 0.9172
506.2500 37.3438 0.9328 0.9172
568.7500 13.2812 0.9328 0.9172
568.7500 37.3438 0.9922 0.9172
568.7500 37.3438 0.9328 0.9547
506.2500 13.2812 0.9922 0.9547
368.7500 72.3438 0.9828 0.9672
306.2500 72.3438 0.9828 0.9672
368.7500 48.2812 0.9828 0.9672
368.7500 72.3438 0.9422 0.9672
368.7500 72.3438 0.9828 0.9047
306.2500 48.2812 0.9422 0.9047
393.7500 15.4688 0.9266 0.9984
581.2500 15.4688 0.9266 0.9984
393.7500 61.4062 0.9266 0.9984
393.7500 15.4688 0.9734 0.9984
393.7500 15.4688 0.9266 0.9359
581.2500 61.4062 0.9734 0.9359
593.7500 50.4688 0.9766 0.9484
381.2500 50.4688 0.9766 0.9484
593.7500 26.4062 0.9766 0.9484
593.7500 50.4688 0.9234 0.9484
593.7500 50.4688 0.9766 0.9859
381.2500 26.4062 0.9234 0.9859
693.7500 32.9688 0.9016 0.9734
481.2500 32.9688 0.9016 0.9734
693.7500 43.9062 0.9016 0.9734
693.7500 32.9688 0.9984 0.9734
693.7500 32.9688 0.9016 0.9609
481.2500 43.9062 0.9984 0.9609
493.7500 67.9688 0.9516 0.9234
681.2500 67.9688 0.9516 0.9234
493.7500 78.9062 0.9516 0.9234
493.7500 67.9688 0.9484 0.9234
493.7500 67.9688 0.9516 0.9109
681.2500 78.9062 0.9484 0.9109
443.7500 41.7188 0.9891 0.9109
631.2500 41.7188 0.9891 0.9109
443.7500 52.6562 0.9891 0.9109
443.7500 41.7188 0.9859 0.9109
443.7500 41.7188 0.9891 0.9734
631.2500 52.6562 0.9859 0.9734
643.7500 76.7188 0.9391 0.9609
431.2500 76.7188 0.9391 0.9609
643.7500 17.6562 0.9391 0.9609
643.7500 76.7188 0.9359 0.9609
643.7500 76.7188 0.9391 0.9234
431.2500 17.6562 0.9359 0.9234
543.7500 24.2188 0.9641 0.9359
331.2500 24.2188 0.9641 0.9359
543.7500 35.1562 0.9641 0.9359
543.7500 24.2188 0.9609 0.9359
543.7500 24.2188 0.9641 0.9484
331.2500 35.1562 0.9609 0.9484
343.7500 59.2188 0.9141 0.9859
531.2500 59.2188 0.9141 0.9859
343.7500 70.1562 0.9141 0.9859
343.7500 59.2188 0.9109 0.9859
343.7500 59.2188 0.9141 0.9984
531.2500 70.1562 0.9109 0.9984
331.2500 26.4062 0.9797 0.9141
468.7500 26.4062 0.9797 0.9141
331.2500 15.4688 0.9797 0.9141
331.2500 26.4062 0.9266 0.9141
331.2500 26.4062 0.9797 0.9453
468.7500 15.4688 0.9266 0.9453
531.2500 61.4062 0.9297 0.9641
668.7500 61.4062 0.9297 0.9641
531.2500 50.4688 0.9297 0.9641
531.2500 61.4062 0.9766 0.9641
531.2500 61.4062 0.9297 0.9953
668.7500 50.4688 0.9766 0.9953
631.2500 43.9062 0.9547 0.9391
568.7500 43.9062 0.9547 0.9391
631.2500 67.9688 0.9547 0.9391
631.2500 43.9062 0.9016 0.9391
631.2500 43.9062 0.9547 0.9703
568.7500 67.9688 0.9016 0.9703
431.2500 78.9062 0.9047 0.9891
368.7500 78.9062 0.9047 0.9891
431.2500 32.9688 0.9047 0.9891
431.2500 78.9062 0.9516 0.9891
431.2500 78.9062 0.9047 0.9203
368.7500 32.9688 0.9516 0.9203
481.2500 35.1562 0.9422 0.9766
318.7500 35.1562 0.9422 0.9766
481.2500 24.2188 0.9422 0.9766
481.2500 35.1562 0.9141 0.9766
481.2500 35.1562 0.9422 0.9578
318.7500 24.2188 0.9141 0.9578
681.2500 70.1562 0.9922 0.9266
518.7500 70.1562 0.9922 0.9266
681.2500 59.2188 0.9922 0.9266
681.2500 70.1562 0.9641 0.9266
681.2500 70.1562 0.9922 0.9078
518.7500 59.2188 0.9641 0.9078
581.2500 17.6562 0.9172 0.9516
618.7500 17.6562 0.9172 0.9516
581.2500 76.7188 0.9172 0.9516
581.2500 17.6562 0.9391 0.9516
581.2500 17.6562 0.9172 0.9328
618.7500 76.7188 0.9391 0.9328
381.2500 52.6562 0.9672 0.9016
418.7500 52.6562 0.9672 0.9016
381.2500 41.7188 0.9672 0.9016
381.2500 52.6562 0.9891 0.9016
381.2500 52.6562 0.9672 0.9828
418.7500 41.7188 0.9891 0.9828
356.2500 39.5312 0.9234 0.9328
693.7500 39.5312 0.9234 0.9328
356.2500 28.5938 0.9234 0.9328
356.2500 39.5312 0.9203 0.9328
356.2500 39.5312 0.9234 0.9516
693.7500 28.5938 0.9203 0.9516
556.2500 74.5312 0.9734 0.9828
493.7500 74.5312 0.9734 0.9828
556.2500 63.5938 0.9734 0.9828
556.2500 74.5312 0.9703 0.9828
556.2500 74.5312 0.9734 0.9016
493.7500 63.5938 0.9703 0.9016
656.2500 22.0312 0.9484 0.9078
393.7500 22.0312 0.9484 0.9078
656.2500 46.0938 0.9484 0.9078
656.2500 22.0312 0.9453 0.9078
656.2500 22.0312 0.9484 0.9266
393.7500 46.0938 0.9453 0.9266
456.2500 57.0312 0.9984 0.9578
593.7500 57.0312 0.9984 0.9578
456.2500 11.0938 0.9984 0.9578
456.2500 57.0312 0.9953 0.9578
456.2500 57.0312 0.9984 0.9766
593.7500 11.0938 0.9953 0.9766
406.2500 13.2812 0.9609 0.9703
543.7500 13.2812 0.9609 0.9703
406.2500 37.3438 0.9609 0.9703
406.2500 13.2812 0.9328 0.9703
406.2500 13.2812 0.9609 0.9391
543.7500 37.3438 0.9328 0.9391
606.2500 48.2812 0.9109 0.9203
343.7500 48.2812 0.9109 0.9203
606.2500 72.3438 0.9109 0.9203
606.2500 48.2812 0.9828 0.9203
606.2500 48.2812 0.9109 0.9891
343.7500 72.3438 0.9828 0.9891
506.2500 30.7812 0.9859 0.9953
443.7500 30.7812 0.9859 0.9953
506.2500 54.8438 0.9859 0.9953
506.2500 30.7812 0.9078 0.9953
506.2500 30.7812 0.9859 0.9641
443.7500 54.8438 0.9078 0.9641
306.2500 65.7812 0.9359 0.9453
643.7500 65.7812 0.9359 0.9453
306.2500 19.8438 0.9359 0.9453
306.2500 65.7812 0.9578 0.9453
306.2500 65.7812 0.9359 0.9141
643.7500 19.8438 0.9578 0.9141
309.3750 37.8906 0.9820 0.9836
559.3750 37.8906 0.9820 0.9836
309.3750 41.1719 0.9820 0.9836
309.3750 37.8906 0.9664 0.9836
309.3750 37.8906 0.9820 0.9211
559.3750 41.1719 0.9664 0.9211
509.3750 72.8906 0.9320 0.9336
359.3750 72.8906 0.9320 0.9336
509.3750 76.1719 0.9320 0.9336
509.3750 72.8906 0.9164 0.9336
509.3750 72.8906 0.9320 0.9711
359.3750 76.1719 0.9164 0.9711
609.3750 20.3906 0.9570 0.9586
459.3750 20.3906 0.9570 0.9586
609.3750 58.6719 0.9570 0.9586
609.3750 20.3906 0.9914 0.9586
609.3750 20.3906 0.9570 0.9961
459.3750 58.6719 0.9914 0.9961
409.3750 55.3906 0.9070 0.9086
659.3750 55.3906 0.9070 0.9086
409.3750 23.6719 0.9070 0.9086
409.3750 55.3906 0.9414 0.9086
409.3750 55.3906 0.9070 0.9461
659.3750 23.6719 0.9414 0.9461
459.3750 11.6406 0.9445 0.9211
609.3750 11.6406 0.9445 0.9211
459.3750 32.4219 0.9445 0.9211
459.3750 11.6406 0.9789 0.9211
459.3750 11.6406 0.9445 0.9836
609.3750 32.4219 0.9789 0.9836
659.3750 46.6406 0.9945 0.9711
409.3750 46.6406 0.9945 0.9711
659.3750 67.4219 0.9945 0.9711
659.3750 46.6406 0.9289 0.9711
659.3750 46.6406 0.9945 0.9336
409.3750 67.4219 0.9289 0.9336
559.3750 29.1406 0.9195 0.9461
309.3750 29.1406 0.9195 0.9461
559.3750 49.9219 0.9195 0.9461
559.3750 29.1406 0.9539 0.9461
559.3750 29.1406 0.9195 0.9086
309.3750 49.9219 0.9539 0.9086
359.3750 64.1406 0.9695 0.9961
509.3750 64.1406 0.9695 0.9961
359.3750 14.9219 0.9695 0.9961
359.3750 64.1406 0.9039 0.9961
359.3750 64.1406 0.9695 0.9586
509.3750 14.9219 0.9039 0.9586
384.3750 24.7656 0.9133 0.9648
384.3750 24.7656 0.9133 0.9648
384.3750 19.2969 0.9133 0.9648
384.3750 24.7656 0.9852 0.9648
384.3750 24.7656 0.9133 0.9773
384.3750 19.2969 0.9852 0.9773
584.3750 59.7656 0.9633 0.9148
584.3750 59.7656 0.9633 0.9148
584.3750 54.2969 0.9633 0.9148
584.3750 59.7656 0.9352 0.9148
584.3750 59.7656 0.9633 0.9273
584.3750 54.2969 0.9352 0.9273
684.3750 42.2656 0.9383 0.9898
684.3750 42.2656 0.9383 0.9898
684.3750 71.7969 0.9383 0.9898
684.3750 42.2656 0.9602 0.9898
684.3750 42.2656 0.9383 0.9023
684.3750 71.7969 0.9602 0.9023
484.3750 77.2656 0.9883 0.9398
484.3750 77.2656 0.9883 0.9398
484.3750 36.7969 0.9883 0.9398
484.3750 77.2656 0.9102 0.9398
484.3750 77.2656 0.9883 0.9523
484.3750 36.7969 0.9102 0.9523
434.3750 33.5156 0.9508 0.9273
434.3750 33.5156 0.9508 0.9273
434.3750 10.5469 0.9508 0.9273
434.3750 33.5156 0.9727 0.9273
434.3750 33.5156 0.9508 0.9148
434.3750 10.5469 0.9727 0.9148
634.3750 68.5156 0.9008 0.9773
634.3750 68.5156 0.9008 0.9773
634.3750 45.5469 0.9008 0.9773
634.3750 68.5156 0.9227 0.9773
634.3750 68.5156 0.9008 0.9648
634.3750 45.5469 0.9227 0.9648
534.3750 16.0156 0.9758 0.9023
534.3750 16.0156 0.9758 0.9023
534.3750 63.0469 0.9758 0.9023
534.3750 16.0156 0.9977 0.9023
534.3750 16.0156 0.9758 0.9898
534.3750 63.0469 0.9977 0.9898
334.3750 51.0156 0.9258 0.9523
334.3750 51.0156 0.9258 0.9523
334.3750 28.0469 0.9258 0.9523
334.3750 51.0156 0.9477 0.9523
334.3750 51.0156 0.9258 0.9398
334.3750 28.0469 0.9477 0.9398
346.8750 18.2031 0.9664 0.9492
671.8750 18.2031 0.9664 0.9492
346.8750 47.7344 0.9664 0.9492
346.8750 18.2031 0.9133 0.9492
346.8750 18.2031 0.9664 0.9930
671.8750 47.7344 0.9133 0.9930
546.8750 53.2031 0.9164 0.9992
471.8750 53.2031 0.9164 0.9992
546.8750 12.7344 0.9164 0.9992
546.8750 53.2031 0.9633 0.9992
546.8750 53.2031 0.9164 0.9430
471.8750 12.7344 0.9633 0.9430
646.8750 35.7031 0.9914 0.9242
371.8750 35.7031 0.9914 0.9242
646.8750 30.2344 0.9914 0.9242
646.8750 35.7031 0.9383 0.9242
646.8750 35.7031 0.9914 0.9180
371.8750 30.2344 0.9383 0.9180
446.8750 70.7031 0.9414 0.9742
571.8750 70.7031 0.9414 0.9742
446.8750 65.2344 0.9414 0.9742
446.8750 70.7031 0.9883 0.9742
446.8750 70.7031 0.9414 0.9680
571.8750 65.2344 0.9883 0.9680
496.8750 44.4531 0.9039 0.9617
521.8750 44.4531 0.9039 0.9617
496.8750 56.4844 0.9039 0.9617
496.8750 44.4531 0.9258 0.9617
496.8750 44.4531 0.9039 0.9055
521.8750 56.4844 0.9258 0.9055
696.8750 79.4531 0.9539 0.9117
321.8750 79.4531 0.9539 0.9117
696.8750 21.4844 0.9539 0.9117
696.8750 79.4531 0.9758 0.9117
696.8750 79.4531 0.9539 0.9555
321.8750 21.4844 0.9758 0.9555
596.8750 26.9531 0.9289 0.9867
421.8750 26.9531 0.9289 0.9867
596.8750 38.9844 0.9289 0.9867
596.8750 26.9531 0.9008 0.9867
596.8750 26.9531 0.9289 0.9805
421.8750 38.9844 0.9008 0.9805
396.8750 61.9531 0.9789 0.9367
621.8750 61.9531 0.9789 0.9367
396.8750 73.9844 0.9789 0.9367
396.8750 61.9531 0.9508 0.9367
396.8750 61.9531 0.9789 0.9305
621.8750 73.9844 0.9508 0.9305
371.8750 31.3281 0.9352 0.9055
496.8750 31.3281 0.9352 0.9055
371.8750 69.6094 0.9352 0.9055
371.8750 31.3281 0.9320 0.9055
371.8750 31.3281 0.9352 0.9117
496.8750 69.6094 0.9320 0.9117
571.8750 66.3281 0.9852 0.9555
696.8750 66.3281 0.9852 0.9555
571.8750 34.6094 0.9852 0.9555
571.8750 66.3281 0.9820 0.9555
571.8750 66.3281 0.9852 0.9617
696.8750 34.6094 0.9820 0.9617
671.8750 13.8281 0.9102 0.9305
596.8750 13.8281 0.9102 0.9305
671.8750 17.1094 0.9102 0.9305
671.8750 13.8281 0.9070 0.9305
671.8750 13.8281 0.9102 0.9867
596.8750 17.1094 0.9070 0.9867
471.8750 48.8281 0.9602 0.9805
396.8750 48.8281 0.9602 0.9805
471.8750 52.1094 0.9602 0.9805
471.8750 48.8281 0.9570 0.9805
471.8750 48.8281 0.9602 0.9367
396.8750 52.1094 0.9570 0.9367
421.8750 22.5781 0.9977 0.9930
346.8750 22.5781 0.9977 0.9930
421.8750 78.3594 0.9977 0.9930
421.8750 22.5781 0.9195 0.9930
421.8750 22.5781 0.9977 0.9992
346.8750 78.3594 0.9195 0.9992
621.8750 57.5781 0.9477 0.9430
546.8750 57.5781 0.9477 0.9430
621.8750 43.3594 0.9477 0.9430
621.8750 57.5781 0.9695 0.9430
621.8750 57.5781 0.9477 0.9492
546.8750 43.3594 0.9695 0.9492
521.8750 40.0781 0.9727 0.9680
646.8750 40.0781 0.9727 0.9680
521.8750 25.8594 0.9727 0.9680
521.8750 40.0781 0.9445 0.9680
521.8750 40.0781 0.9727 0.9242
646.8750 25.8594 0.9445 0.9242
321.8750 75.0781 0.9227 0.9180
446.8750 75.0781 0.9227 0.9180
321.8750 60.8594 0.9227 0.9180
321.8750 75.0781 0.9945 0.9180
321.8750 75.0781 0.9227 0.9742
446.8750 60.8594 0.9945 0.9742
315.6250 19.2969 0.9398 0.9352
503.1250 19.2969 0.9398 0.9352
315.6250 53.2031 0.9398 0.9352
315.6250 19.2969 0.9398 0.9352
315.6250 19.2969 0.9398 0.9602
503.1250 53.2031 0.9398 0.9602
515.6250 54.2969 0.9898 0.9852
303.1250 54.2969 0.9898 0.9852
515.6250 18.2031 0.9898 0.9852
515.6250 54.2969 0.9898 0.9852
515.6250 54.2969 0.9898 0.9102
303.1250 18.2031 0.9898 0.9102
615.6250 36.7969 0.9148 0.9102
403.1250 36.7969 0.9148 0.9102
615.6250 35.7031 0.9148 0.9102
615.6250 36.7969 0.9148 0.9102
615.6250 36.7969 0.9148 0.9352
403.1250 35.7031 0.9148 0.9352
415.6250 71.7969 0.9648 0.9602
603.1250 71.7969 0.9648 0.9602
415.6250 70.7031 0.9648 0.9602
415.6250 71.7969 0.9648 0.9602
415.6250 71.7969 0.9648 0.9852
603.1250 70.7031 0.9648 0.9852
465.6250 28.0469 0.9773 0.9727
653.1250 28.0469 0.9773 0.9727
465.6250 61.9531 0.9773 0.9727
465.6250 28.0469 0.9023 0.9727
465.6250 28.0469 0.9773 0.9477
653.1250 61.9531 0.9023 0.9477
665.6250 63.0469 0.9273 0.9227
453.1250 63.0469 0.9273 0.9227
665.6250 26.9531 0.9273 0.9227
665.6250 63.0469 0.9523 0.9227
665.6250 63.0469 0.9273 0.9977
453.1250 26.9531 0.9523 0.9977
565.6250 10.5469 0.9523 0.9977
353.1250 10.5469 0.9523 0.9977
565.6250 44.4531 0.9523 0.9977
565.6250 10.5469 0.9273 0.9977
565.6250 10.5469 0.9523 0.9727
353.1250 44.4531 0.9273 0.9727
365.6250 45.5469 0.9023 0.9477
553.1250 45.5469 0.9023 0.9477
365.6250 79.4531 0.9023 0.9477
365.6250 45.5469 0.9773 0.9477
365.6250 45.5469 0.9023 0.9227
553.1250 79.4531 0.9773 0.9227
390.6250 41.1719 0.9586 0.9164
328.1250 41.1719 0.9586 0.9164
390.6250 66.3281 0.9586 0.9164
390.6250 41.1719 0.9086 0.9164
390.6250 41.1719 0.9586 0.9414
328.1250 66.3281 0.9086 0.9414
590.6250 76.1719 0.9086 0.9664
528.1250 76.1719 0.9086 0.9664
590.6250 31.3281 0.9086 0.9664
590.6250 76.1719 0.9586 0.9664
590.6250 76.1719 0.9086 0.9914
528.1250 31.3281 0.9586 0.9914
690.6250 23.6719 0.9836 0.9414
628.1250 23.6719 0.9836 0.9414
690.6250 13.8281 0.9836 0.9414
690.6250 23.6719 0.9336 0.9414
690.6250 23.6719 0.9836 0.9664
628.1250 13.8281 0.9336 0.9664
490.6250 58.6719 0.9336 0.9914
428.1250 58.6719 0.9336 0.9914
490.6250 48.8281 0.9336 0.9914
490.6250 58.6719 0.9836 0.9914
490.6250 58.6719 0.9336 0.9164
428.1250 48.8281 0.9836 0.9164
440.6250 14.9219 0.9211 0.9789
478.1250 14.9219 0.9211 0.9789
440.6250 75.0781 0.9211 0.9789
440.6250 14.9219 0.9461 0.9789
440.6250 14.9219 0.9211 0.9539
478.1250 75.0781 0.9461 0.9539
640.6250 49.9219 0.9711 0.9289
678.1250 49.9219 0.9711 0.9289
640.6250 40.0781 0.9711 0.9289
640.6250 49.9219 0.9961 0.9289
640.6250 49.9219 0.9711 0.9039
678.1250 40.0781 0.9961 0.9039
540.6250 32.4219 0.9461 0.9539
578.1250 32.4219 0.9461 0.9539
540.6250 22.5781 0.9461 0.9539
540.6250 32.4219 0.9211 0.9539
540.6250 32.4219 0.9461 0.9289
578.1250 22.5781 0.9211 0.9289
340.6250 67.4219 0.9961 0.9039
378.1250 67.4219 0.9961 0.9039
340.6250 57.5781 0.9961 0.9039
340.6250 67.4219 0.9711 0.9039
340.6250 67.4219 0.9961 0.9789
378.1250 57.5781 0.9711 0.9789
328.1250 34.6094 0.9117 0.9945
615.6250 34.6094 0.9117 0.9945
328.1250 37.8906 0.9117 0.9945
328.1250 34.6094 0.9930 0.9945
328.1250 34.6094 0.9117 0.9258
615.6250 37.8906 0.9930 0.9258
528.1250 69.6094 0.9617 0.9445
415.6250 69.6094 0.9617 0.9445
528.1250 72.8906 0.9617 0.9445
528.1250 69.6094 0.9430 0.9445
528.1250 69.6094 0.9617 0.9758
415.6250 72.8906 0.9430 0.9758
628.1250 17.1094 0.9367 0.9695
315.6250 17.1094 0.9367 0.9695
628.1250 55.3906 0.9367 0.9695
628.1250 17.1094 0.9680 0.9695
628.1250 17.1094 0.9367 0.9508
315.6250 55.3906 0.9680 0.9508
428.1250 52.1094 0.9867 0.9195
515.6250 52.1094 0.9867 0.9195
428.1250 20.3906 0.9867 0.9195
428.1250 52.1094 0.9180 0.9195
428.1250 52.1094 0.9867 0.9008
515.6250 20.3906 0.9180 0.9008
478.1250 25.8594 0.9742 0.9070
565.6250 25.8594 0.9742 0.9070
478.1250 29.1406 0.9742 0.9070
478.1250 25.8594 0.9555 0.9070
478.1250 25.8594 0.9742 0.9633
565.6250 29.1406 0.9555 0.9633
678.1250 60.8594 0.9242 0.9570
365.6250 60.8594 0.9242 0.9570
678.1250 64.1406 0.9242 0.9570
678.1250 60.8594 0.9055 0.9570
678.1250 60.8594 0.9242 0.9133
365.6250 64.1406 0.9055 0.9133
578.1250 43.3594 0.9992 0.9320
465.6250 43.3594 0.9992 0.9320
578.1250 46.6406 0.9992 0.9320
578.1250 43.3594 0.9805 0.9320
578.1250 43.3594 0.9992 0.9383
465.6250 46.6406 0.9805 0.9383
378.1250 78.3594 0.9492 0.9820
665.6250 78.3594 0.9492 0.9820
378.1250 11.6406 0.9492 0.9820
378.1250 78.3594 0.9305 0.9820
378.1250 78.3594 0.9492 0.9883
665.6250 11.6406 0.9305 0.9883
353.1250 12.7344 0.9930 0.9508
440.6250 12.7344 0.9930 0.9508
353.1250 24.7656 0.9930 0.9508
353.1250 12.7344 0.9617 0.9508
353.1250 12.7344 0.9930 0.9695
440.6250 24.7656 0.9617 0.9695
553.1250 47.7344 0.9430 0.9008
640.6250 47.7344 0.9430 0.9008
553.1250 59.7656 0.9430 0.9008
553.1250 47.7344 0.9117 0.9008
553.1250 47.7344 0.9430 0.9195
640.6250 59.7656 0.9117 0.9195
653.1250 30.2344 0.9680 0.9758
540.6250 30.2344 0.9680 0.9758
653.1250 77.2656 0.9680 0.9758
653.1250 30.2344 0.9867 0.9758
653.1250 30.2344 0.9680 0.9445
540.6250 77.2656 0.9867 0.9445
453.1250 65.2344 0.9180 0.9258
340.6250 65.2344 0.9180 0.9258
453.1250 42.2656 0.9180 0.9258
453.1250 65.2344 0.9367 0.9258
453.1250 65.2344 0.9180 0.9945
340.6250 42.2656 0.9367 0.9945
403.1250 38.9844 0.9305 0.9383
390.6250 38.9844 0.9305 0.9383
403.1250 16.0156 0.9305 0.9383
403.1250 38.9844 0.9992 0.9383
403.1250 38.9844 0.9305 0.9320
390.6250 16.0156 0.9992 0.9320
603.1250 73.9844 0.9805 0.9883
590.6250 73.9844 0.9805 0.9883
603.1250 51.0156 0.9805 0.9883
603.1250 73.9844 0.9492 0.9883
603.1250 73.9844 0.9805 0.9820
590.6250 51.0156 0.9492 0.9820
503.1250 21.4844 0.9055 0.9133
690.6250 21.4844 0.9055 0.9133
503.1250 68.5156 0.9055 0.9133
503.1250 21.4844 0.9742 0.9133
503.1250 21.4844 0.9055 0.9570
690.6250 68.5156 0.9742 0.9570
303.1250 56.4844 0.9555 0.9633
490.6250 56.4844 0.9555 0.9633
303.1250 33.5156 0.9555 0.9633
303.1250 56.4844 0.9242 0.9633
303.1250 56.4844 0.9555 0.9070
490.6250 33.5156 0.9242 0.9070
