601.77174870 0.00000000
607.60000000 0.00000000
609.02464986 0.00000000
603.80580232 0.00000000
605.81020408 0.00000000
603.92777111 0.00000000
603.89567827 0.00000000
604.08463385 0.00000000
605.08447379 0.00000000
605.54581833 0.00000000
602.51628982 0.53522176
603.66188653 0.54749478
605.17688875 0.53889341
603.29187017 0.54730852
603.52748957 0.54413135
603.34856672 0.53117501
604.29731314 0.52671205
603.11479381 0.54377181
601.54527784 0.55654691
607.13659904 0.52891949
604.99173149 0.53722886
603.62866819 0.52454905
603.20804954 0.51938554
604.30056689 0.50220391
603.24991836 0.53747167
604.88196408 0.51146825
603.29950118 0.51315430
603.97986428 0.51199462
604.39897613 0.49529605
603.59628773 0.51782160
602.55930194 0.53954578
604.03127007 0.52491614
604.10628433 0.55129727
604.67633792 0.54282919
603.70946706 0.56091451
604.67032314 0.55009896
605.73826847 0.53192802
601.54785709 0.53050259
604.55238192 0.53033171
603.60270163 0.52275856
604.36056826 0.52028044
604.43740581 0.52954711
603.32250965 0.53275802
604.79989032 0.48750956
602.09926672 0.55166995
605.01270919 0.46989634
603.27540957 0.48786599
601.99566382 0.57130601
605.50244963 0.48275654
604.58374767 0.47708755
603.79703826 0.35003025
603.86977470 0.35438811
603.93999517 0.34675279
602.90277603 0.54861333
602.96087371 0.36590850
602.55394259 0.53491373
602.80359354 0.55880485
605.21785339 0.34109315
602.94995337 0.54687066
604.75421846 0.53808016
603.71842559 0.52482787
603.16668285 0.52124935
605.12945269 0.52792577
604.14026867 0.26515199
604.43639482 0.53042308
603.72653724 0.25615916
602.97258477 0.26625510
603.60440927 0.53971831
602.66465480 0.25841888
605.41681489 0.27949010
605.59855335 0.31887895
605.76385917 0.29255764
605.01805047 0.34171612
605.95586077 0.45299968
603.88441532 0.29223076
604.84882600 0.46069674
604.56541971 0.47901147
604.79866477 0.31933612
600.73964879 0.45433556
604.21957932 0.43979402
605.87676945 0.56050197
605.45327156 0.52445076
604.21307624 0.52149737
603.29413632 0.41046538
600.39585200 0.51287313
604.80255739 0.41116016
604.61650235 0.53867294
603.59436547 0.54012262
603.77865643 0.53382008
604.56009421 0.54291934
605.57841673 0.52106416
603.01738034 0.28675618
603.80627138 0.54932154
603.78373754 0.52637308
604.25101959 0.57993295
603.32494331 0.53391789
603.36738316 0.48148187
602.79858665 0.27074595
603.83891852 0.49426745
603.59266837 0.48855499
603.93712274 0.53428163
602.54276073 0.52819260
604.23029706 0.52877990
604.53769657 0.46711200
604.02112139 0.53170016
604.53897585 0.47658648
603.93993980 0.22677143
605.40744098 0.53902139
603.70784664 0.25616167
604.64321100 0.26333902
603.27873064 0.31971418
604.01796156 0.43901717
601.59416851 0.31089430
603.73634685 0.53118227
603.13885770 0.31175423
602.81001776 0.55125717
604.47202010 0.52331311
603.62049413 0.45518867
603.94331135 0.54272209
603.33547514 0.53685552
604.67277031 0.37409617
603.63590450 0.54228876
603.73490745 0.36730579
604.06263287 0.12120103
604.37797128 0.37855321
601.62932398 0.10486410
602.50160629 0.21438098
603.74608276 0.58466978
601.94807150 0.19872439
604.75057260 0.21200953
603.44225626 0.55997338
603.20584702 0.57178636
604.67834568 0.56968086
603.49170757 0.56187337
604.86387313 0.53076475
604.96723941 0.53815502
602.39545078 0.52651510
602.95817207 0.51822307
603.77291939 0.57438865
603.52955840 0.56212021
605.00339531 0.13393407
603.78259467 0.07353226
604.45121210 0.13014770
604.11024001 0.50489072
605.28657132 0.13651868
604.44906295 0.50795252
604.09797063 0.32327464
601.48998346 0.07159749
603.45694069 0.29990867
604.35029514 0.30711528
604.07649616 0.37469249
605.69535625 0.54453995
606.24692425 0.32658994
604.10317866 0.40674705
602.94923761 0.33771526
603.59364385 0.45771460
603.31811027 0.52656509
604.01769751 0.53732725
604.64567426 0.53184931
603.92198105 0.53182299
603.09840490 0.31029856
604.69901974 0.49076278
605.15842659 0.34128691
603.55588469 0.35851555
605.08225762 0.30987009
602.99968418 0.38448602
605.05144635 0.51528353
604.72174257 0.49903865
604.08772334 0.51018412
602.85978000 0.53908369
604.73756198 0.54181435
604.05228984 0.55123626
603.87192329 0.52766728
606.25662337 0.07973149
603.69867569 0.53015634
603.77447842 0.08725052
603.70754669 0.09746490
601.56792833 0.54400756
603.40142693 0.08944642
603.31314028 0.09151335
602.78546589 0.52139649
604.29275465 0.38196087
603.47460359 0.51945953
604.40431664 0.54298690
603.94130692 0.49367934
602.69010988 0.55770961
604.39202508 0.54896137
605.49565758 0.39102455
603.26858392 0.53097836
604.91606217 0.56435439
603.15253810 0.54277323
604.08081054 0.37006713
604.38983136 0.55386107
603.73735352 0.38599970
605.14066181 0.53927996
604.81644862 0.37291792
604.84463277 0.19364407
602.89674654 0.35524352
604.77801188 0.20235827
604.41732458 0.17548345
603.49189450 0.54018339
603.82775725 0.53459000
604.19650301 0.55982465
603.39127338 0.51441866
603.47922669 0.51767607
604.01370884 0.53458339
605.69813539 0.53967341
604.44637006 0.51351098
602.06991307 0.54958352
603.57126531 0.53554897
603.45784317 0.56445860
603.18132172 0.54109561
603.95038016 0.57010792
603.53239635 0.57589639
603.96600925 0.57474974
603.05679689 0.57693548
602.85881295 0.53515488
602.96625778 0.55440177
604.79627849 0.54221878
603.45533434 0.55998843
604.03685616 0.59782384
602.76467434 0.60726464
603.44653296 0.58394728
603.77142854 0.57455178
603.32331161 0.54445788
603.00811234 0.54046560
605.75123756 0.53420717
603.39106359 0.52812485
603.46744047 0.60279585
603.68020585 0.54177248
603.95296900 0.12104083
603.56047082 0.16530083
604.29322240 0.11333587
605.76550879 0.18701848
602.88433518 0.12350938
603.39312194 0.19078869
604.81751181 0.25118775
602.10215930 0.17509310
604.45256058 0.25644456
604.80207680 0.25033430
605.02928861 0.42574608
604.36998103 0.54480662
603.71936005 0.43812773
605.04400620 0.53715789
603.13212147 0.42118967
604.67300104 0.53624509
603.38189360 0.53589678
603.60257668 0.54774058
603.34454644 0.53941358
603.54769575 0.51978608
602.19221262 0.09028639
603.76443649 0.06532733
603.96175266 0.09068967
603.29674509 0.54991664
603.11846298 0.08603167
603.91846495 0.55900627
603.03239666 0.54779582
603.99837835 0.05942198
604.80044564 0.50459733
602.18778577 0.51161570
604.18527855 0.51928325
605.66107264 0.49241819
602.80894403 0.54408408
603.68092737 0.54284544
603.77806153 0.52887743
602.81040976 0.52193563
604.43900193 0.41785746
602.85610170 0.45043269
603.07674614 0.45206296
602.65777682 0.47949898
602.62777131 0.40225074
603.76579424 0.50985948
603.72466838 0.41469234
604.72388281 0.33674031
603.35724088 0.41370980
604.28133822 0.33836849
603.52749655 0.37871186
604.22432899 0.48373890
602.36445232 0.40034190
603.88442999 0.41968998
602.05282331 0.21876478
603.73098705 0.36795522
603.96173305 0.21189038
602.91981205 0.53271421
602.92683892 0.20380452
602.52160634 0.53455697
604.41033291 0.54123709
602.66921682 0.34984333
603.09902114 0.53303544
603.54262124 0.55267052
604.20757571 0.54249764
603.02124153 0.54428154
603.09265909 0.54532324
603.38311248 0.26463127
605.23283335 0.54988880
604.19367991 0.24484316
603.31018255 0.12887946
603.45964535 0.50393626
606.31836799 0.10114693
602.56890555 0.13313343
603.30256397 0.53576168
605.17051130 0.54094729
603.61239910 0.53785853
603.12178855 0.53649413
603.63997635 0.56477710
604.77744787 0.59005716
604.70277179 0.60282073
604.27920125 0.57115906
602.47849978 0.55036432
603.51472373 0.60955762
602.99710972 0.46221412
603.17050721 0.61200812
604.81898013 0.44853010
602.07980081 0.22038721
603.25686733 0.44030684
600.88902649 0.19525191
603.48278209 0.57362671
603.63744291 0.53255507
604.17979246 0.55528403
603.90671060 0.56205697
604.92615728 0.38693872
604.74565746 0.51104848
601.09607715 0.38688492
603.51141407 0.38961920
604.67759310 0.34781097
603.10421627 0.39691392
603.47288427 0.50917421
602.79056283 0.48948102
603.50611498 0.53434130
604.35114393 0.51175459
602.57852233 0.37526976
604.47525992 0.43227978
604.07954160 0.39634502
604.54478183 0.51800977
604.78811320 0.36668423
604.30302441 0.50909810
602.80322273 0.53638644
603.83525170 0.40187786
603.04052330 0.53544869
602.54100465 0.53230739
603.88737263 0.53897624
604.30412483 0.53072366
604.82944019 0.53533481
603.19362261 0.53789338
603.83050649 0.53421531
603.54912109 0.54399732
604.26574054 0.54083169
603.27224049 0.53268108
604.55601798 0.53690108
602.73205573 0.55956345
604.44980734 0.50335897
605.07479073 0.54228987
604.68424185 0.50001035
603.54498585 0.08333480
603.53538539 0.48010132
602.28728491 0.08546641
603.39453900 0.09819961
604.56380692 0.51793653
604.50678236 0.08378583
603.18211244 0.09039266
603.64332139 0.14495647
602.54599724 0.10266989
602.75697565 0.13251790
602.71309487 0.55094608
604.57898459 0.15564957
602.70748537 0.50772457
605.22564103 0.55859869
603.98441623 0.11654558
604.64988944 0.53219939
603.81868713 0.53728681
603.63042108 0.54655601
604.07110739 0.54071888
604.64506703 0.54439100
603.43315763 0.44480371
604.23245540 0.54988156
603.46871720 0.44675328
603.99023847 0.42505577
603.82924359 0.54665136
605.30456321 0.40793919
604.37890449 0.39900080
604.11833257 0.54306903
603.54724705 0.47994949
602.96602815 0.54932834
604.04910813 0.53915069
603.40936448 0.54462897
603.55722293 0.51433799
603.50515103 0.51886537
601.06596172 0.49291002
603.49578706 0.54649156
604.20948999 0.52833197
602.73856647 0.52283409
601.45351732 0.34305435
605.35824604 0.53370384
605.45093760 0.37646434
603.91828472 0.57528057
602.96872622 0.39779784
604.08232924 0.25414141
602.63606301 0.45137686
606.57688312 0.20843314
606.79534553 0.25341712
604.16897758 0.30379125
604.44994549 0.52599737
602.42516724 0.31756107
602.79498196 0.54768109
602.92313247 0.31133791
604.47778498 0.52294319
603.26918510 0.54601873
603.93657660 0.50466107
603.81959197 0.54613223
602.83233741 0.54195254
604.60210538 0.53327358
604.31778946 0.53181111
605.65901741 0.53050701
603.75011115 0.47570534
603.31681094 0.52782690
603.17573811 0.49540044
605.76339574 0.23548563
603.32860068 0.53426012
602.67872728 0.26706680
604.40577030 0.24938063
602.79793075 0.06103496
603.51699113 0.04088115
604.19633231 0.05695898
602.15943232 0.59785862
604.58064826 0.05853126
602.92392209 0.59296006
604.42260475 0.54219578
600.92422725 0.04249668
605.29845079 0.53754887
603.61555079 0.51274726
603.50741424 0.55012809
603.39924652 0.54629499
602.09212949 0.52999323
605.38121063 0.54058276
603.30647092 0.53386250
603.59215420 0.55986326
604.46992287 0.55264208
602.83008432 0.55991196
602.38253582 0.54844907
603.58957640 0.53891658
604.95188540 0.53434440
604.08227470 0.54730333
602.54884997 0.52937700
603.08023216 0.53200091
604.17035400 0.52952211
602.98315369 0.55084330
603.36394416 0.53889555
602.12946040 0.53485591
604.34146750 0.56913713
604.65501104 0.53631813
604.55265020 0.53082555
603.48235859 0.45019247
603.28760738 0.56176149
604.59452954 0.57153591
603.48342314 0.54965620
603.47402437 0.54270358
603.57076704 0.39994634
603.96317195 0.47371203
604.46167833 0.40516833
602.90090203 0.42346998
604.62238326 0.53717217
603.94664425 0.38486877
602.72510894 0.54166532
604.31607174 0.53610540
603.72475146 0.56384993
603.14746089 0.56688301
603.32394915 0.38510165
605.22569842 0.39958192
605.21848649 0.41843058
604.94420585 0.36919659
603.45449533 0.10984845
602.75321383 0.27423566
602.36938556 0.12526447
604.42345614 0.06781141
604.07009729 0.12788518
605.56289129 0.11710920
603.45089142 0.23885811
603.55208604 0.30509848
603.16637233 0.26052011
603.70944041 0.24398724
604.14015488 0.46972802
603.01709941 0.53912692
602.23958925 0.45710334
604.07562631 0.21070437
602.47743379 0.46040232
605.59398478 0.20540664
602.67917648 0.40587702
603.66763521 0.55074725
603.09455789 0.38362513
604.07486373 0.41517373
604.28347380 0.50105844
602.51108497 0.54310434
603.86194021 0.51255179
604.41562182 0.55133087
603.34684889 0.49594041
602.36475539 0.53625737
602.42558364 0.55162996
603.54320323 0.53793943
603.90402441 0.53706005
603.05426784 0.52691980
604.30907047 0.54387211
605.71309230 0.55798732
605.31745390 0.53445853
604.32667615 0.05699439
604.10751005 0.55004018
602.12636219 0.05823889
603.12217766 0.05366414
604.56964594 0.54431777
604.20693454 0.04370675
604.21685929 0.04338368
602.84413723 0.06724194
604.35834634 0.05999173
601.42301665 0.07205411
603.10345119 0.52326569
604.55628013 0.08750005
604.96943067 0.54369772
602.59089978 0.43056769
603.27806938 0.05115724
604.16239212 0.42592092
604.91791017 0.41965171
603.66505236 0.54598232
603.40478900 0.26792086
604.33006560 0.55171802
603.95720095 0.24965061
603.86243112 0.53180268
604.58620511 0.25571158
607.63594475 0.09689026
603.37869894 0.25763134
604.33617445 0.09193376
602.90872634 0.12760760
604.14925055 0.54744576
604.09019989 0.56106672
604.13575434 0.57164824
604.22441917 0.54803852
603.40883540 0.55684528
603.37530523 0.57304165
603.64873526 0.55537001
602.93695178 0.57587115
604.94220341 0.54190774
604.30990807 0.56493848
604.02434024 0.37613279
604.12894721 0.38475508
604.03975076 0.37151787
604.06608812 0.54949322
602.38681966 0.37695818
603.50636657 0.55928878
603.28538928 0.54512083
604.59185206 0.40845217
604.92298638 0.54761467
602.18918252 0.54152266
603.13842576 0.55978296
604.56291630 0.60685569
604.49828965 0.59784417
602.77366911 0.60313244
603.19355402 0.50397230
605.09105780 0.52794080
605.77682091 0.55142629
603.49886038 0.53554503
604.67160316 0.65153808
602.18099206 0.52416428
604.27945032 0.20976925
604.28327440 0.54336360
606.20756528 0.17686990
602.88035695 0.21779408
603.79450880 0.21692407
601.87464029 0.16622304
603.01112984 0.51208877
603.62525393 0.54343648
604.41174005 0.52062498
603.68163015 0.50784149
604.11725387 0.54474409
603.34528066 0.53527519
602.76655379 0.52661109
602.40257749 0.55149648
602.89291716 0.61183691
604.93583769 0.61064939
604.65492857 0.59073922
603.68926201 0.59110513
603.11469431 0.54556742
606.49387576 0.60953326
603.78840956 0.54378990
604.89420817 0.48929156
603.65121367 0.57057574
603.10537216 0.56974853
603.72228664 0.55804601
603.66355566 0.54652301
602.40216434 0.43903156
603.94260098 0.46385476
603.64558886 0.45768298
604.32364113 0.43096233
603.55068086 0.52720127
603.27882312 0.53162333
604.11676771 0.53549837
604.75081748 0.54274002
603.91134224 0.55260043
602.98091293 0.51246124
604.10921213 0.51552201
604.86131676 0.53683688
602.89179558 0.52480575
602.67956719 0.53690695
602.80328353 0.54468056
604.08412730 0.52841394
604.44648655 0.51395381
604.79286822 0.39423375
607.29103886 0.55008398
604.91713560 0.35512328
603.74943495 0.53071674
601.61273553 0.52434406
603.52515005 0.53182359
603.34145133 0.53125845
601.89474911 0.28525637
604.85280810 0.10254852
604.10374443 0.28555911
604.59370119 0.54361308
605.20894117 0.31486986
604.85823807 0.53629721
605.44044684 0.51725045
604.84371073 0.09547808
604.45655180 0.51744525
604.49386315 0.51374880
603.75377523 0.54844404
603.54591261 0.53262580
602.16867118 0.52902526
603.11011697 0.17504499
603.60938612 0.51585604
604.74236477 0.18462606
602.20775734 0.13677136
603.82843595 0.54183819
602.02852405 0.12238566
604.09890675 0.14086758
603.69676768 0.19912458
604.26705140 0.54811870
604.97633484 0.21934064
603.63707463 0.27814236
603.28847505 0.17807788
605.45934103 0.31879750
604.37271671 0.54404279
602.71270667 0.54297904
603.88761939 0.53559878
602.58114192 0.55179776
603.50775430 0.40781372
603.07445660 0.53353372
602.07812203 0.43308055
605.05215193 0.35373131
602.68264411 0.40815293
603.26918590 0.33922846
602.62866308 0.52396624
602.95244696 0.55964830
604.91773893 0.52662794
602.35897560 0.50816652
603.08232313 0.49808858
603.28706073 0.28777457
603.78118216 0.51019669
602.69269612 0.30377435
603.07918873 0.49725149
602.41409156 0.30968973
603.92525270 0.17761514
603.19175859 0.27317376
603.00552681 0.14398744
606.53517382 0.16219664
604.32951259 0.54565619
603.64378016 0.53502100
604.27131140 0.54632082
603.02963833 0.53381002
603.96712634 0.54251239
604.55468961 0.52748083
602.84917682 0.53676593
603.43371482 0.53450056
606.65660852 0.52822700
602.38326237 0.54007467
603.83704070 0.11877316
603.08404141 0.21178565
604.67027524 0.10964745
605.18237509 0.44913237
604.24190066 0.10881149
602.83942999 0.42702601
603.86561344 0.55441573
603.15126622 0.20821342
603.10442860 0.56535034
603.42249897 0.53917000
604.35022135 0.50060872
602.99865033 0.55443523
604.07882751 0.53583555
604.22172824 0.54164721
604.36662956 0.52176183
604.51823529 0.55065785
604.56348689 0.54465282
603.81615186 0.55583140
603.61238786 0.54020925
603.02291060 0.52854532
602.16929287 0.52837879
605.64599021 0.51729278
603.77381522 0.52723096
604.21704102 0.54197499
604.13741195 0.53410556
603.92598102 0.53853959
603.74992308 0.34171871
604.03060442 0.53627046
602.47538177 0.31832605
604.76829448 0.32777320
603.82457779 0.39129549
604.49592192 0.12836401
604.63861512 0.41438761
604.33962816 0.54945679
604.94750887 0.40740025
603.57656038 0.54917358
609.22851309 0.33619717
603.13283208 0.11558638
601.98273810 0.25548786
603.72287616 0.30294810
602.60305049 0.48398644
602.82467177 0.55268338
603.48645640 0.50277706
606.57304922 0.04663409
604.75840109 0.50228364
603.16315303 0.03176190
604.10798048 0.09661157
604.95192615 0.53571569
603.15002259 0.08834570
603.96197866 0.09611305
603.23733705 0.16602986
602.42821491 0.16698256
603.63844320 0.14743698
603.25400839 0.54455261
604.47848853 0.16425666
603.00797449 0.54687600
606.15440814 0.51773141
601.65839548 0.15622735
604.79184341 0.52613877
605.00825778 0.52707737
604.01616295 0.54421022
603.99351384 0.53862164
605.29196834 0.55704271
604.09599121 0.53111001
603.01151405 0.56257967
603.60661353 0.53890336
603.81186834 0.56255209
603.27397588 0.54536843
603.96344752 0.54552603
603.41000231 0.56320538
604.17418862 0.59402127
603.91254741 0.58325403
603.52494131 0.56143146
604.23291489 0.58569099
603.61127761 0.59925527
603.70647534 0.57390012
604.87809363 0.60465840
604.33665110 0.57988174
604.63536013 0.54443497
603.96320680 0.58097188
602.99050304 0.50438885
605.14210132 0.50343090
604.08922711 0.53115818
605.47282544 0.19873429
604.67228503 0.52888376
603.86579972 0.20708571
604.41883772 0.17102992
605.55668375 0.52075316
603.31341830 0.20407140
604.78027101 0.19402682
602.44523403 0.54136657
603.66246580 0.54633348
603.14620684 0.52814683
602.09537765 0.58317180
602.30360246 0.53861697
604.19459939 0.54426485
604.29341541 0.51637712
604.16506189 0.54611703
604.36989414 0.55770377
604.88777491 0.53697298
603.43657808 0.03657249
603.04053864 0.02925524
603.55940188 0.03124964
603.16674160 0.50353512
602.32202652 0.02725663
603.63831560 0.51975125
604.73134082 0.54116167
602.68871148 0.02329390
604.16115214 0.51580091
603.44386113 0.50920830
604.09005639 0.57495176
604.84850031 0.58548297
603.92405729 0.59815105
604.38575340 0.60843838
604.09207650 0.53209099
605.60315032 0.53270260
603.71866821 0.51363197
603.46569467 0.55154451
605.47184898 0.61198494
603.76438574 0.53508421
601.83352660 0.20991869
606.23641012 0.20313784
605.11573001 0.18955707
605.23153215 0.34069929
604.41796400 0.19273115
604.69478947 0.30756946
603.34277603 0.31711483
604.24234245 0.21665687
605.51095322 0.29383080
600.83030953 0.31707446
602.01982090 0.45855786
604.59941991 0.55198287
605.65145202 0.45114520
604.76561136 0.13367338
602.25830760 0.44684548
603.64469467 0.11266082
605.31412567 0.36157797
602.80002154 0.53570052
604.34310684 0.38574708
605.19992128 0.35864819
604.78400447 0.32250534
604.93600473 0.28006504
604.12956020 0.34312858
602.37371025 0.52216632
604.25960811 0.31004703
602.86021025 0.55129179
603.31539023 0.51657205
603.45784028 0.27734849
602.19820016 0.53361299
603.88110581 0.52922326
604.03220557 0.52692710
605.02084968 0.54881257
604.48744630 0.51648407
604.03385029 0.55624120
604.90596447 0.54665717
604.56004779 0.56046483
604.75798477 0.34693840
602.33694264 0.54861979
603.34377023 0.36055896
600.35826541 0.32941285
604.11248405 0.51565696
604.90812496 0.55633876
603.99583738 0.51692215
602.54926010 0.54983397
603.86554466 0.52138755
602.50944391 0.52648371
604.66908026 0.53793105
603.89532932 0.53770652
602.93027103 0.52099115
603.59679540 0.52847696
601.85524083 0.09620183
603.82389904 0.10446865
603.90769862 0.07651542
604.50389784 0.42521538
604.64204874 0.09257018
603.19986430 0.43794551
603.21352620 0.47619474
603.45338640 0.10103093
603.54817105 0.44260936
604.21039245 0.45846392
603.18328306 0.54175838
602.92467836 0.31812928
603.13674242 0.60615185
602.50171721 0.54819279
603.99521260 0.54154370
604.12597600 0.61879504
603.00822739 0.42756219
602.97645862 0.30886477
602.23870438 0.44160978
601.92083603 0.40501166
604.78286989 0.54105967
603.63068434 0.36273183
604.47693691 0.53897279
604.83495371 0.03338259
604.32220546 0.53630013
603.51124844 0.02821799
602.89527294 0.02333504
604.96804390 0.34253905
603.22361398 0.00779678
604.88730749 0.01060397
604.32532005 0.54740338
603.99248974 0.53722744
605.12224418 0.54918594
602.74271359 0.46042812
603.46398193 0.52030661
605.25041079 0.49751390
603.65318967 0.53966559
601.32753916 0.53156184
603.18512623 0.56980028
604.28169177 0.54993224
603.26165547 0.35075288
604.22098816 0.53014313
602.50753299 0.33942032
604.91274272 0.32009895
602.07357445 0.31992292
602.95072540 0.31572515
603.97035445 0.49072324
603.03046741 0.50030033
604.05956383 0.51076657
604.29130442 0.48340054
604.18791612 0.53530366
603.44274123 0.53817981
603.25958709 0.53011213
603.03759477 0.55114476
603.78397569 0.53704284
604.48042279 0.56839464
604.11111043 0.54798133
602.79594242 0.61490063
604.93236996 0.60267876
604.39467846 0.61975955
603.87692244 0.30446306
603.93550136 0.27252690
604.11647662 0.31395302
603.00963334 0.24003731
603.67130788 0.32331769
604.25067511 0.23840294
603.34880886 0.18913298
603.13157738 0.25033102
602.39394329 0.20187536
604.65248346 0.20860796
603.96464691 0.52123261
603.75300488 0.54859520
602.86202718 0.52987920
602.78774576 0.53296222
604.83771982 0.51533857
602.90798497 0.53475282
601.91337642 0.49065621
604.36651299 0.54688478
602.49435108 0.49766756
603.53511358 0.48575215
601.37088023 0.51855008
603.15409978 0.52070010
603.16128486 0.53217620
604.99921871 0.25303168
606.58663984 0.52855887
604.92780466 0.28433617
601.47187349 0.18031627
604.39687961 0.53027651
604.38724485 0.17521515
604.23057456 0.18280438
603.06453847 0.55064670
603.25608193 0.56059944
604.23858201 0.54920907
603.75483157 0.53473454
604.31483226 0.53962582
603.21557185 0.53315920
603.02574850 0.54309544
602.35192932 0.54474440
604.25012179 0.52693093
603.84790215 0.52737920
602.62738447 0.53519980
603.58238348 0.52820550
603.62136390 0.55168733
604.06099762 0.54002551
605.66399133 0.53729654
603.00788919 0.55206009
603.22490159 0.52050149
604.18877805 0.52785064
604.06707798 0.56316917
604.03777825 0.55582451
603.99391278 0.14305467
604.77738502 0.32626433
606.39256147 0.18971194
605.00932575 0.50219114
602.12455155 0.14436711
601.73261768 0.46171590
603.58636384 0.54339427
604.05706579 0.32482177
603.46310515 0.53622305
604.34518778 0.53549490
604.54902924 0.26262413
604.22395923 0.53658803
600.64786205 0.23828154
603.08503269 0.23015537
605.24714172 0.24196671
604.68921416 0.21467981
605.48870612 0.53605676
604.55772962 0.52504852
603.81256657 0.53975872
603.57235076 0.53422760
602.65129597 0.52637350
601.97475739 0.35249296
604.89750398 0.52001320
602.96050587 0.50968028
603.26806567 0.54724194
603.41217751 0.55085836
606.18960881 0.42320657
604.74272745 0.38486013
606.32760134 0.40079992
601.01770255 0.38239278
605.72502987 0.38633597
601.91380208 0.17580605
604.82384028 0.39775644
603.14867595 0.36252297
604.68993382 0.37415007
603.62552248 0.37258839
603.28095405 0.16900827
603.60989680 0.20183953
603.54113442 0.19957270
601.31483153 0.18131010
603.77065264 0.55268472
603.11220481 0.55797623
605.77648369 0.52307639
604.79220587 0.54779120
604.54786300 0.51749418
605.07315503 0.53838747
604.34334292 0.54345572
604.46286626 0.54634704
603.11294670 0.53102685
604.13772697 0.53607773
