0.00000000 1421.90000000
0.00000000 1421.90000000
0.00000000 1421.90000000
0.00000000 1421.90000000
0.00000000 1421.90000000
0.00000000 1421.90000000
0.00000000 1421.90000000
0.00000000 1421.90000000
0.00000000 1421.90000000
0.00000000 1421.90000000
0.55000000 311.30000000
0.54350000 311.20000000
0.53950000 310.90000000
0.55050000 311.00000000
0.53600000 310.80000000
0.53100000 311.40000000
0.51050000 311.30000000
0.51900000 310.60000000
0.53600000 311.10000000
0.52650000 311.20000000
0.52945455 522.10000000
0.54400000 521.30000000
0.44581818 226.90000000
0.53781818 522.50000000
0.54109091 358.70000000
0.53163636 227.00000000
0.52618182 360.40000000
0.54400000 227.00000000
0.45236364 226.90000000
0.53381818 227.00000000
0.53280000 166.40000000
0.51840000 166.40000000
0.50080000 166.90000000
0.51840000 166.40000000
0.53280000 226.80000000
0.52160000 480.80000000
0.55360000 226.40000000
0.51760000 490.30000000
0.53200000 166.90000000
0.53920000 480.40000000
0.52427100 186.30000000
0.54032796 186.30000000
0.51881012 187.50000000
0.55879724 184.50000000
0.53289783 186.30000000
0.55201848 187.60000000
0.52548284 186.80000000
0.52054079 187.50000000
0.54522836 187.60000000
0.52733470 187.60000000
0.41953285 197.60000000
0.41152413 197.60000000
0.48734947 264.30000000
0.54944294 197.60000000
0.40736565 197.60000000
0.54528037 264.40000000
0.56577681 197.60000000
0.48319612 264.30000000
0.54528037 264.30000000
0.56640043 264.00000000
0.50692480 378.00000000
0.53137255 378.00000000
0.51370067 198.20000000
0.52339999 381.70000000
0.56250576 784.40000000
0.22271390 197.70000000
0.55705244 785.00000000
0.54568308 198.10000000
0.47917775 197.90000000
0.22569408 197.70000000
0.50056165 265.40000000
0.49030825 265.40000000
0.51195141 388.30000000
0.47210031 265.50000000
0.53466562 138.40000000
0.49487983 141.90000000
0.53840125 139.70000000
0.51219958 138.40000000
0.52002351 391.30000000
0.55082288 141.90000000
0.50234527 246.60000000
0.53794144 451.80000000
0.51450361 246.60000000
0.52402575 247.90000000
0.54753130 112.80000000
0.50704461 114.00000000
0.53700096 234.50000000
0.54019941 232.40000000
0.53335847 452.80000000
0.53656738 233.20000000
0.55323900 213.10000000
0.54953112 72.40000000
0.52906280 213.10000000
0.52476441 213.00000000
0.52398924 212.90000000
0.55524228 212.50000000
0.54663257 160.10000000
0.53484655 164.10000000
0.50583973 74.60000000
0.51310742 160.10000000
0.52912951 1011.90000000
0.53271659 769.20000000
0.54905544 286.00000000
0.53759145 1015.70000000
0.55447166 1013.80000000
0.44431988 285.10000000
0.52916181 806.10000000
0.52721931 286.00000000
0.42835082 285.60000000
0.41586053 285.30000000
0.57692308 264.80000000
0.54220125 285.20000000
0.54773845 265.40000000
0.53445146 263.20000000
0.52735717 270.90000000
0.54547386 257.40000000
0.52480555 286.00000000
0.52448980 429.10000000
0.55003134 422.50000000
0.53538924 422.50000000
0.51874514 255.30000000
0.52429476 588.30000000
0.51321387 250.10000000
0.55703671 248.90000000
0.52020202 615.50000000
0.23780594 350.40000000
0.36099261 613.00000000
0.50921541 350.30000000
0.54544735 350.80000000
0.22909857 350.50000000
0.53878480 242.30000000
0.52290086 242.30000000
0.51770681 187.30000000
0.51599104 241.80000000
0.53371178 241.90000000
0.55920573 187.50000000
0.51843847 242.10000000
0.53394451 187.60000000
0.49144861 187.80000000
0.54937466 187.60000000
0.53789326 273.00000000
0.47218304 133.70000000
0.54937791 242.00000000
0.51644045 272.10000000
0.52012065 272.50000000
0.52786435 242.00000000
0.52120437 132.60000000
0.48454417 129.80000000
0.54649974 129.90000000
0.54280550 132.50000000
0.51745524 187.10000000
0.53720209 187.50000000
0.47809037 223.40000000
0.45492327 186.90000000
0.48953538 186.90000000
0.55232310 224.00000000
0.53372902 187.50000000
0.53022708 614.50000000
0.53103417 613.10000000
0.53256475 612.00000000
0.49672184 122.30000000
0.54466003 204.50000000
0.51843557 120.60000000
0.53396624 122.20000000
0.51975008 90.80000000
0.50579357 91.70000000
0.52088999 158.10000000
0.55137092 158.90000000
0.55135987 182.50000000
0.54171918 158.50000000
0.52300812 182.50000000
0.52848036 182.50000000
0.53570252 334.30000000
0.16924079 182.50000000
0.53968628 182.50000000
0.45157244 333.30000000
0.26896961 182.30000000
0.55906721 333.60000000
0.29041883 333.30000000
0.43669632 333.50000000
0.54305194 334.30000000
0.52385509 231.20000000
0.51433907 333.50000000
0.51633012 334.50000000
0.55428066 563.60000000
0.53612450 563.60000000
0.55495785 562.10000000
0.55398268 563.30000000
0.52579175 230.90000000
0.54395534 562.10000000
0.54148205 234.10000000
0.47957627 143.90000000
0.53103302 234.10000000
0.52385197 233.80000000
0.51467193 234.10000000
0.52191665 234.10000000
0.47333333 95.80000000
0.46816384 96.40000000
0.45316384 149.20000000
0.47161017 95.80000000
0.52623037 674.80000000
0.54074313 356.40000000
0.53780380 203.90000000
0.53775420 667.50000000
0.52414439 849.50000000
0.56349683 203.70000000
0.55310352 455.20000000
0.48607174 203.20000000
0.53151847 202.80000000
0.54081830 202.90000000
0.53190271 275.00000000
0.53908364 274.50000000
0.52407280 412.60000000
0.54538957 275.26666667
0.54500546 275.06666667
0.53208671 413.33333333
0.53178796 274.90000000
0.53340904 340.10000000
0.52369244 314.20000000
0.53261578 339.90000000
0.53389417 414.30000000
0.53090981 414.40000000
0.53837991 886.70000000
0.53124699 414.50000000
0.53913179 275.30000000
0.53766492 274.30000000
0.52749366 333.40000000
0.53618932 331.50000000
0.53649504 881.60000000
0.54580987 332.00000000
0.46013493 204.00000000
0.45491636 203.50000000
0.49227136 225.80000000
0.49398051 204.00000000
0.43254873 204.00000000
0.51473763 252.50000000
0.47120563 204.00000000
0.53112335 274.90000000
0.54274786 275.20000000
0.53111655 274.40000000
0.52533290 116.60000000
0.53546878 359.30000000
0.53557775 114.50000000
0.52008162 117.50000000
0.54589777 611.20000000
0.49434064 255.20000000
0.55129842 706.60000000
0.53843365 254.80000000
0.53711894 254.70000000
0.54238427 254.80000000
0.36733320 255.30000000
0.36836432 255.00000000
0.52975050 705.40000000
0.54878872 255.20000000
0.50383463 255.30000000
0.52894408 370.10000000
0.52970036 232.50000000
0.53169086 231.30000000
0.53758170 422.80000000
0.50552585 235.60000000
0.53432306 369.40000000
0.52882181 131.30000000
0.54054972 369.20000000
0.52966177 369.40000000
0.53775662 355.60000000
0.52998394 357.10000000
0.52619279 86.90000000
0.52374229 86.60000000
0.52247647 128.70000000
0.51205777 86.90000000
0.32521080 192.40000000
0.31870260 192.70000000
0.34266286 192.40000000
0.27808718 192.50000000
0.48981708 192.40000000
0.43801170 192.60000000
0.44672489 192.30000000
0.47519919 192.70000000
0.28187773 192.60000000
0.43577339 192.60000000
0.56550580 485.10000000
0.53085828 486.00000000
0.43301824 297.70000000
0.52828082 484.00000000
0.52452184 170.70000000
0.54618021 173.40000000
0.53989360 337.50000000
0.54934601 297.60000000
0.54592283 297.90000000
0.52710030 298.20000000
0.54429701 219.90000000
0.51991754 162.50000000
0.52775266 396.70000000
0.50384977 219.60000000
0.53023845 219.60000000
0.54957499 991.70000000
0.33047976 219.60000000
0.51386807 422.20000000
0.52870315 159.00000000
0.53457271 417.20000000
0.54586238 440.10000000
0.53410306 402.50000000
0.54341763 446.20000000
0.51151515 452.50000000
0.55012759 1186.30000000
0.54392117 483.70000000
0.52569303 1189.00000000
0.53674290 486.10000000
0.51731882 399.20000000
0.55136401 484.30000000
0.45940678 61.70000000
0.55266230 298.86666667
0.50672316 61.40000000
0.49336158 60.70000000
0.49652542 109.80000000
0.44429379 112.50000000
0.55636536 298.93333333
0.55948594 219.13333333
0.52680812 219.46666667
0.52759071 219.26666667
0.50468750 113.50000000
0.52602852 169.70000000
0.47500000 115.80000000
0.48281250 114.10000000
0.49218750 96.00000000
0.48593750 94.40000000
0.52376110 138.60000000
0.53016597 134.30000000
0.53248013 170.40000000
0.54225105 137.30000000
0.25887850 223.00000000
0.26344081 223.10000000
0.40794393 359.40000000
0.33411215 223.20000000
0.34205607 223.00000000
0.54252336 359.90000000
0.40626637 222.90000000
0.51858144 360.50000000
0.49833690 359.70000000
0.53303745 360.00000000
0.55813149 365.70000000
0.52617305 400.90000000
0.54636678 366.70000000
0.52733564 360.60000000
0.53460208 683.10000000
0.52387543 642.10000000
0.56116898 759.00000000
0.51796322 641.40000000
0.52773942 398.50000000
0.53151896 641.30000000
0.53309353 304.70000000
0.55808027 304.60000000
0.55755396 246.30000000
0.41366906 304.50000000
0.50647482 153.00000000
0.48633094 151.30000000
0.51437482 182.70000000
0.53053179 181.50000000
0.35171443 246.30000000
0.51495224 180.60000000
0.53542630 427.80000000
0.53738819 296.00000000
0.41414676 216.20000000
0.51668914 412.80000000
0.53027735 617.80000000
0.53539420 215.80000000
0.51050089 431.40000000
0.33926655 216.20000000
0.54444246 216.30000000
0.52508646 215.90000000
0.54579651 259.60000000
0.52379416 259.00000000
0.54273841 352.80000000
0.52254085 259.60000000
0.54057898 259.50000000
0.53017767 406.80000000
0.53663850 259.70000000
0.53736175 349.70000000
0.52770993 304.60000000
0.52555428 351.00000000
0.54749889 379.60000000
0.55641320 379.70000000
0.54236388 1093.50000000
0.53002119 378.10000000
0.54549105 380.10000000
0.53041011 449.80000000
0.52662363 377.40000000
0.54516978 373.80000000
0.53003587 1090.40000000
0.50222143 373.60000000
0.50824112 150.20000000
0.45696970 81.20000000
0.53600272 148.40000000
0.50341681 154.30000000
0.48567268 194.50000000
0.49157445 292.50000000
0.34902357 194.40000000
0.28872054 292.20000000
0.42784512 83.00000000
0.35447811 293.10000000
0.51214187 123.20000000
0.52873563 265.10000000
0.54776860 122.60000000
0.52458678 122.00000000
0.51712121 337.00000000
0.55120523 230.40000000
0.53141762 737.70000000
0.52068966 230.20000000
0.52452107 230.20000000
0.56091954 230.40000000
0.52389367 280.20000000
0.54684685 228.00000000
0.51944376 539.20000000
0.55085281 280.20000000
0.53424354 280.40000000
0.51571682 312.90000000
0.53873874 127.70000000
0.53333333 127.70000000
0.54684685 229.60000000
0.51981982 131.50000000
0.37203988 439.13333333
0.50483871 255.10000000
0.35775320 326.13333333
0.54306945 420.73333333
0.37242858 439.20000000
0.53608835 326.13333333
0.53924731 307.50000000
0.52258065 302.70000000
0.52526882 250.00000000
0.53763441 306.90000000
0.56119833 210.10000000
0.56062841 209.33333333
0.53968864 180.00000000
0.50947148 209.30000000
0.50075615 209.30000000
0.46544741 180.40000000
0.50129235 209.66666667
0.49692668 179.73333333
0.52231521 179.93333333
0.48621298 180.06666667
0.53931710 343.10000000
0.56850576 341.00000000
0.52914617 270.80000000
0.53611626 343.00000000
0.53801097 216.70000000
0.54631944 218.90000000
0.53131580 341.60000000
0.54673184 269.10000000
0.54306076 269.80000000
0.55342641 269.10000000
0.54806781 184.90000000
0.54351533 184.80000000
0.54191273 505.70000000
0.54872880 184.90000000
0.44931575 184.60000000
0.55717458 833.50000000
0.43168420 184.50000000
0.52930800 600.90000000
0.52725830 243.40000000
0.55019953 609.60000000
0.52709042 586.50000000
0.52939652 213.00000000
0.54938582 400.90000000
0.52058421 586.40000000
0.53266057 477.70000000
0.53222029 402.50000000
0.55779341 165.90000000
0.54563125 147.60000000
0.49931507 214.40000000
0.51008886 158.00000000
0.46254775 95.40000000
0.53422686 237.70000000
0.45166030 96.60000000
0.47449309 95.60000000
0.44077285 84.50000000
0.40959448 83.70000000
0.52839326 227.70000000
0.52572269 200.50000000
0.52082599 200.80000000
0.53285754 200.20000000
0.53726398 509.90000000
0.53318246 540.20000000
0.56184746 516.90000000
0.52919289 484.70000000
0.52376897 166.80000000
0.53619030 162.30000000
0.54046289 376.60000000
0.53993002 393.80000000
0.52236454 943.10000000
0.54331022 389.30000000
0.54495916 230.20000000
0.53659218 230.40000000
0.53778828 279.60000000
0.52305213 230.40000000
0.51542681 230.30000000
0.51988909 234.10000000
0.52098366 230.10000000
0.54793062 280.10000000
0.54795689 280.20000000
0.53598901 280.40000000
0.54874526 324.90000000
0.54671789 325.40000000
0.53935602 209.90000000
0.44522233 325.30000000
0.54907409 325.40000000
0.48545599 209.80000000
0.53121008 326.20000000
0.55742427 209.80000000
0.32841175 209.80000000
0.48507715 210.00000000
0.47605659 165.50000000
0.41666667 113.90000000
0.51926356 166.50000000
0.52250590 167.90000000
0.19054054 180.40000000
0.51643842 439.00000000
0.50836731 180.00000000
0.45406717 439.70000000
0.55366919 113.70000000
0.52821782 437.80000000
0.52096774 244.00000000
0.51562500 82.20000000
0.53279570 245.70000000
0.53655914 242.60000000
0.52688172 327.40000000
0.50591398 317.20000000
0.50937500 111.20000000
0.47187500 108.30000000
0.50312500 83.10000000
0.49375000 112.00000000
0.55704869 200.53333333
0.55046729 200.70000000
0.54137467 237.93333333
0.56499467 200.33333333
0.56757403 200.66666667
0.52848436 238.13333333
0.51261682 200.70000000
0.52289720 238.20000000
0.53691589 237.70000000
0.51588785 237.50000000
0.54559387 511.90000000
0.52802768 558.90000000
0.46819923 184.70000000
0.53486590 513.90000000
0.53180077 790.80000000
0.49808429 184.40000000
0.52422145 829.40000000
0.37474048 185.00000000
0.54429066 184.80000000
0.50242215 184.80000000
0.46036036 270.30000000
0.48417266 271.00000000
0.46846847 343.40000000
0.45675676 270.80000000
0.53963964 136.00000000
0.54864865 134.20000000
0.51726619 166.60000000
0.52014388 169.30000000
0.48992806 343.20000000
0.51294964 169.50000000
0.52807387 265.20000000
0.53187847 360.40000000
0.50970079 277.70000000
0.53369565 274.20000000
0.50752688 174.90000000
0.53915381 173.10000000
0.52104605 360.40000000
0.55578565 501.73333333
0.52548267 502.26666667
0.53824523 501.93333333
0.54254158 190.10000000
0.52125327 189.70000000
0.54336292 223.20000000
0.51529096 189.90000000
0.50124307 189.70000000
0.51070299 223.20000000
0.47565934 190.10000000
0.53811879 223.30000000
0.54376243 223.20000000
0.53562271 223.20000000
0.53531536 642.70000000
0.52375344 640.50000000
0.53403666 305.00000000
0.56682638 640.40000000
0.55707696 640.70000000
0.55045037 304.60000000
0.52867769 443.20000000
0.53114325 304.90000000
0.51871212 304.60000000
0.54028926 304.20000000
0.54249715 246.60000000
0.53419708 246.20000000
0.54246151 288.00000000
0.52151768 246.70000000
0.52511406 216.10000000
0.52019889 219.40000000
0.54348093 246.50000000
0.52016947 355.30000000
0.52976766 460.50000000
0.52533962 353.90000000
0.51350030 183.40000000
0.54385822 336.10000000
0.54275492 189.80000000
0.52738223 184.40000000
0.52586762 330.90000000
0.55748360 343.30000000
0.52495930 595.80000000
0.53309716 379.70000000
0.53134897 330.50000000
0.54982426 379.80000000
0.36431516 291.80000000
0.37800470 291.80000000
0.29424475 195.00000000
0.54625960 291.30000000
0.53130184 291.40000000
0.54952765 195.50000000
0.55315898 93.30000000
0.41416397 93.00000000
0.49403468 194.80000000
0.49759036 91.30000000
0.51391918 213.70000000
0.52153914 165.20000000
0.52713534 214.10000000
0.53639168 214.50000000
0.52710904 317.40000000
0.50464371 259.30000000
0.53612432 249.00000000
0.53485850 241.40000000
0.52724744 165.50000000
0.50001613 244.70000000
0.44430976 129.90000000
0.54157007 216.30000000
0.42232323 124.00000000
0.43350168 121.00000000
0.36754209 216.20000000
0.39474747 401.40000000
0.51170735 216.70000000
0.55911312 741.30000000
0.53606117 669.50000000
0.55425674 743.50000000
0.45964912 66.40000000
0.53413014 295.60000000
0.46315789 67.40000000
0.44561404 67.90000000
0.42456140 267.60000000
0.47368421 289.20000000
0.53006357 378.70000000
0.56606557 341.30000000
0.52432252 295.90000000
0.56771328 342.00000000
0.46473430 195.00000000
0.48883539 195.20000000
0.47246377 184.60000000
0.40096618 195.00000000
0.52560386 195.00000000
0.51111111 184.80000000
0.47830907 131.70000000
0.51845465 132.00000000
0.37362822 184.90000000
0.46987682 134.20000000
0.53191489 480.30000000
0.53862165 288.20000000
0.56382979 242.30000000
0.53652482 481.00000000
0.51453901 292.80000000
0.53900709 242.30000000
0.52388444 176.60000000
0.53864950 176.40000000
0.52450400 242.60000000
0.51852071 176.50000000
0.22196970 254.40000000
0.18591791 254.90000000
0.38409091 614.10000000
0.47651515 255.10000000
0.46515152 254.70000000
0.54924242 292.70000000
0.53648217 254.60000000
0.53927606 612.10000000
0.52927508 612.40000000
0.52549667 614.70000000
0.54334145 807.70000000
0.53120567 1293.00000000
0.53626175 440.50000000
0.50908806 823.60000000
0.51627567 202.10000000
0.53093630 202.20000000
0.52234043 336.80000000
0.54964539 338.70000000
0.54645390 439.70000000
0.52163121 338.10000000
0.53801626 304.90000000
0.52121212 184.70000000
0.55054467 209.80000000
0.54208366 304.70000000
0.55025568 304.80000000
0.48950921 209.90000000
0.51515152 304.70000000
0.53484848 210.00000000
0.52424242 182.40000000
0.49015152 209.80000000
0.54315992 485.70000000
0.45438596 132.10000000
0.55625460 286.00000000
0.53502676 485.70000000
0.50593677 486.10000000
0.53576614 285.40000000
0.43684211 485.90000000
0.35263158 285.70000000
0.44736842 124.50000000
0.40350877 287.30000000
0.54178052 98.40000000
0.51787440 216.20000000
0.55450168 97.50000000
0.38311310 98.30000000
0.52079507 161.30000000
0.52502800 160.90000000
0.47971014 219.70000000
0.53333333 351.00000000
0.52077295 215.00000000
0.52270531 358.70000000
0.54976712 175.90000000
0.51896445 172.30000000
0.53309269 173.50000000
0.51366247 179.10000000
0.55515448 141.30000000
0.52867567 148.80000000
0.52429747 144.70000000
0.55970346 147.20000000
0.53127620 173.70000000
0.52946747 148.80000000
0.52944752 238.10000000
0.55334428 237.70000000
0.54612571 259.60000000
0.46714627 237.50000000
0.54538397 237.80000000
0.53323396 260.30000000
0.53590563 237.90000000
0.54650017 259.70000000
0.50553923 259.50000000
0.53474191 259.80000000
0.53241696 333.60000000
0.53852205 333.60000000
0.51723424 197.93333333
0.52572539 333.46666667
0.52492014 333.93333333
0.49755575 197.93333333
0.54541435 334.00000000
0.41559233 198.00000000
0.54717262 197.93333333
0.51094529 197.93333333
0.53695261 182.50000000
0.53313914 182.40000000
0.54697737 389.90000000
0.35477316 182.30000000
0.53902116 182.30000000
0.54911066 355.30000000
0.44130361 182.50000000
0.55287347 362.10000000
0.53581842 390.00000000
0.51569853 353.90000000
0.52316556 425.30000000
0.55374834 424.90000000
0.54647682 554.70000000
0.56299779 425.20000000
0.53042826 424.90000000
0.51262252 1001.30000000
0.55772185 425.60000000
0.54049007 1054.40000000
0.51192494 548.90000000
0.50996909 1001.30000000
0.46577519 206.70000000
0.47571761 206.70000000
0.52593577 311.60000000
0.53690587 206.50000000
0.47308859 206.60000000
0.51626578 311.30000000
0.52394463 206.60000000
0.52028904 311.20000000
0.52728571 311.10000000
0.55219823 311.10000000
0.52215929 886.30000000
0.53011996 886.90000000
0.51550049 223.20000000
0.52659587 885.90000000
0.53985447 249.90000000
0.51640905 223.10000000
0.54296952 250.80000000
0.52124877 223.10000000
0.54697345 223.00000000
0.52658407 223.10000000
0.51700000 150.80000000
0.51194737 148.70000000
0.52233333 155.30000000
0.56473684 151.50000000
0.53828070 190.90000000
0.57914035 200.30000000
0.55275439 190.60000000
0.53557895 191.30000000
0.52245614 141.10000000
0.49715789 200.30000000
0.53108071 177.90000000
0.53056657 659.90000000
0.53705882 176.90000000
0.48874145 177.60000000
0.53819425 92.60000000
0.47477428 92.20000000
0.54272092 354.30000000
0.53238287 297.50000000
0.51747164 298.40000000
0.54089536 298.10000000
0.55126578 237.80000000
0.53103697 180.00000000
0.51803823 236.70000000
0.52700865 236.90000000
0.51084565 264.50000000
0.52489903 535.90000000
0.52765049 264.50000000
0.54723495 410.90000000
0.51707363 180.70000000
0.51930827 410.50000000
0.55013069 401.00000000
0.52157394 401.60000000
0.56949175 468.60000000
0.55884659 402.70000000
0.56078830 401.80000000
0.54660305 470.00000000
0.52449589 400.50000000
0.52169529 469.00000000
0.53984317 422.20000000
0.56306012 467.40000000
0.54590839 200.80000000
0.53879587 200.90000000
0.55774457 216.10000000
0.53777562 200.90000000
0.54774845 201.00000000
0.51713898 216.50000000
0.53997697 200.50000000
0.54628707 216.80000000
0.54470449 216.60000000
0.52147303 216.50000000
0.50656309 317.00000000
0.54708141 318.80000000
0.48934523 250.10000000
0.52172999 317.60000000
0.15581705 317.90000000
0.34769010 250.50000000
0.43213646 317.80000000
0.14694060 250.50000000
0.54299582 250.40000000
0.36786141 250.40000000
0.52368302 177.26666667
0.42030755 177.80000000
0.54247187 664.00000000
0.54015867 177.33333333
0.54534820 177.26666667
0.52733115 587.66666667
0.51336499 117.30000000
0.51381728 122.90000000
0.49875622 566.50000000
0.52123474 121.30000000
0.53082175 313.30000000
0.53039656 165.50000000
0.53227753 318.90000000
0.53298185 313.40000000
0.53374946 333.10000000
0.51794872 343.00000000
0.48794826 176.60000000
0.53390770 173.00000000
0.48087104 161.60000000
0.46882429 176.40000000
0.53268693 230.90000000
0.55455091 230.60000000
0.53177396 192.30000000
0.54073037 230.80000000
0.52441690 230.80000000
0.52842863 192.30000000
0.54564916 230.00000000
0.56658311 192.60000000
0.55455915 192.40000000
0.54702490 192.50000000
0.48699589 452.60000000
0.53191304 454.30000000
0.37540142 203.70000000
0.54483757 452.30000000
0.51395631 453.30000000
0.36381628 204.00000000
0.52329385 454.50000000
0.39927703 203.80000000
0.37093780 203.70000000
0.39423166 203.90000000
0.55374872 213.10000000
0.54747038 212.93333333
0.51713766 413.00000000
0.54312969 213.10000000
0.51318353 213.00000000
0.51004015 402.20000000
0.54018351 212.93333333
0.52808970 411.53333333
0.53365243 413.40000000
0.52674153 413.06666667
0.53510546 1051.80000000
0.52678571 872.90000000
0.52630106 830.40000000
0.54332234 1081.30000000
0.53694028 378.00000000
0.53633516 380.60000000
0.54551013 314.90000000
0.52608139 316.90000000
0.53705290 832.90000000
0.53854773 316.10000000
0.53716025 227.20000000
0.53670532 153.20000000
0.51592493 225.70000000
0.54948214 225.00000000
0.54389869 291.40000000
0.54163267 268.70000000
0.53841797 292.50000000
0.54088365 269.90000000
0.51305478 153.50000000
0.50489138 270.30000000
0.52893817 152.00000000
0.54406293 92.40000000
0.52335930 150.90000000
0.54243332 150.20000000
0.51410449 142.10000000
0.53041654 143.30000000
0.53354309 86.60000000
0.55347469 85.90000000
0.48058824 91.60000000
0.45471956 86.10000000
0.54877371 246.30000000
0.53851424 246.40000000
0.54733795 326.00000000
0.54188439 246.00000000
0.55832274 246.30000000
0.53018877 326.00000000
0.53508475 246.20000000
0.54104400 324.50000000
0.52827984 325.40000000
0.55254057 326.10000000
0.51154847 321.20000000
0.55659579 350.90000000
0.54156213 315.00000000
0.54663552 317.20000000
0.54902927 349.70000000
0.52220089 562.00000000
0.54046157 350.80000000
0.53981745 563.70000000
0.52658749 454.20000000
0.56658230 563.50000000
0.33593397 187.30000000
0.34915373 187.50000000
0.39296698 234.00000000
0.43224785 186.90000000
0.41856626 88.70000000
0.52711443 89.80000000
0.52842003 187.20000000
0.51782220 219.60000000
0.53590839 234.00000000
0.52905668 217.10000000
0.47160233 176.10000000
0.55586500 574.20000000
0.45055526 190.10000000
0.47974617 176.10000000
0.48305130 100.90000000
0.50735061 98.90000000
0.52913964 331.70000000
0.54147442 264.40000000
0.52475248 264.80000000
0.54049164 264.80000000
0.49266521 249.60000000
0.40290276 63.90000000
0.52572878 249.70000000
0.52008406 249.60000000
0.52100957 259.90000000
0.53802423 786.70000000
0.33984035 259.50000000
0.42579826 505.70000000
0.44060232 61.00000000
0.40841800 505.70000000
0.39658756 390.30000000
0.42151821 390.70000000
0.41543335 402.20000000
0.41331717 390.50000000
0.52946200 390.50000000
0.54968324 401.30000000
0.50164862 372.00000000
0.52194882 362.70000000
0.42774360 402.40000000
0.55100886 368.80000000
0.53545513 198.20000000
0.54503805 197.50000000
0.55533491 201.10000000
0.52745277 198.20000000
0.54719837 163.10000000
0.53916917 162.20000000
0.52558762 197.80000000
0.54939745 200.70000000
0.55188687 201.00000000
0.52486170 200.60000000
0.52577997 240.70000000
0.54240724 424.80000000
0.53271264 230.50000000
0.53211494 235.30000000
0.53615435 368.00000000
0.42536289 230.00000000
0.52905065 502.90000000
0.56590436 230.20000000
0.50303508 230.10000000
0.42298655 230.30000000
0.42752612 222.70000000
0.45481892 223.30000000
0.54996201 541.30000000
0.52341216 223.00000000
0.53393637 222.80000000
0.53608357 332.20000000
0.52819290 169.10000000
0.52698078 168.50000000
0.53245750 541.10000000
0.55060976 169.50000000
0.53571888 255.40000000
0.50282147 92.00000000
0.51526586 254.90000000
0.54292048 255.50000000
0.52367390 338.80000000
0.53090120 318.50000000
0.54171036 124.50000000
0.51717853 121.90000000
0.52393258 92.20000000
0.53727840 123.90000000
0.43650505 210.80000000
0.47480997 311.40000000
0.33662626 177.70000000
0.51713131 208.30000000
0.33669697 310.60000000
0.50508081 177.40000000
0.53354777 311.80000000
0.18509240 177.80000000
0.53146444 177.40000000
0.55104777 177.20000000
0.52033898 342.10000000
0.49647887 343.10000000
0.53389831 213.50000000
0.37203390 341.70000000
0.53135593 287.20000000
0.43728814 213.30000000
0.40796166 168.40000000
0.53456573 179.80000000
0.21240219 212.80000000
0.37691706 170.00000000
0.47500000 184.30000000
0.49165546 184.80000000
0.51007463 400.60000000
0.56194030 184.80000000
0.51380597 184.90000000
0.53395522 292.70000000
0.53235294 184.30000000
0.52826424 240.30000000
0.52146060 334.00000000
0.52599160 241.40000000
0.54635569 587.13333333
0.54036309 611.60000000
0.53819242 757.20000000
0.53955296 613.93333333
0.52886297 498.00000000
0.52225462 580.73333333
0.53865229 449.90000000
0.52548344 448.50000000
0.53970106 715.60000000
0.52854104 439.10000000
0.51398964 211.70000000
0.52973628 159.50000000
0.52797927 212.70000000
0.54766839 211.70000000
0.47927461 242.00000000
0.54041451 293.10000000
0.51884261 242.20000000
0.54417109 291.60000000
0.54484205 161.20000000
0.51333986 293.40000000
0.54087262 194.60000000
0.54086481 234.40000000
0.54539289 187.70000000
0.50279983 198.80000000
0.53111249 286.10000000
0.54789082 187.70000000
0.52672547 341.40000000
0.48307793 187.70000000
0.52723925 187.50000000
0.55174626 187.60000000
0.55875281 285.70000000
0.56036396 286.46666667
0.56170899 350.30000000
0.56365692 285.30000000
0.54928426 286.40000000
0.53257366 350.30000000
0.54056212 286.40000000
0.54155473 350.60000000
0.54414414 349.53333333
0.52778527 349.46666667
0.52884999 413.50000000
0.52396366 439.90000000
0.52666290 423.60000000
0.54664596 420.30000000
0.53968379 440.50000000
0.54361001 641.50000000
0.52399060 440.50000000
0.52515339 643.20000000
0.50963455 476.50000000
0.54214780 641.60000000
0.39888889 209.00000000
0.47862725 208.60000000
0.42876543 245.90000000
0.43229938 209.40000000
0.51544753 100.70000000
0.53538580 102.00000000
0.54506456 139.00000000
0.53402990 135.90000000
0.46038056 246.40000000
0.53320591 135.30000000
0.46422144 74.90000000
0.55249263 304.80000000
0.47822770 75.20000000
0.55416667 76.10000000
0.48237480 289.50000000
0.50502739 282.10000000
0.54903267 412.20000000
0.52002753 379.20000000
0.52250920 302.20000000
0.52600327 379.00000000
0.53549794 203.90000000
0.53038858 204.10000000
0.56581672 194.80000000
0.53097917 203.90000000
0.53595451 203.70000000
0.55630631 195.00000000
0.56033705 180.40000000
0.52092636 183.60000000
0.56401889 195.30000000
0.54938278 181.40000000
0.52585199 429.00000000
0.48929138 88.80000000
0.53833720 255.00000000
0.53257917 424.10000000
0.53056124 570.10000000
0.53629766 255.20000000
0.46189847 118.60000000
0.49423585 123.00000000
0.50232681 88.20000000
0.48318350 122.80000000
0.51745876 270.60000000
0.53708978 270.20000000
0.54412450 702.00000000
0.40998509 269.80000000
0.51605163 270.70000000
0.50240425 705.60000000
0.25791380 269.00000000
0.52713717 704.80000000
0.54226505 704.70000000
0.49359966 704.40000000
0.53538845 562.10000000
0.54897349 563.20000000
0.51633108 483.10000000
0.52723628 563.40000000
0.51842183 290.20000000
0.53755643 284.80000000
0.52647550 387.70000000
0.52725141 394.90000000
0.54653494 485.50000000
0.52930602 387.30000000
0.49100777 234.26666667
0.51710101 179.10000000
0.47780895 219.00000000
0.35967704 233.93333333
0.36891622 234.06666667
0.15247223 219.73333333
0.19358586 234.20000000
0.36196970 219.90000000
0.43951515 178.30000000
0.19451515 219.10000000
0.56573434 326.20000000
0.54535961 327.30000000
0.54681093 304.80000000
0.52935859 324.90000000
0.52552602 326.20000000
0.53945407 304.00000000
0.53960920 326.80000000
0.54758292 304.90000000
0.54249918 304.70000000
0.53104762 304.70000000
0.55807849 134.90000000
0.55088794 179.80000000
0.50271831 133.60000000
0.51388889 134.30000000
0.53224601 122.30000000
0.55060313 124.20000000
0.54197436 179.90000000
0.51419373 367.70000000
0.53331149 393.00000000
0.53792213 365.10000000
0.52719101 177.80000000
0.53629446 313.70000000
0.51825218 176.20000000
0.51501873 182.20000000
0.54059925 129.60000000
0.53174782 129.50000000
0.53123242 224.80000000
0.51319272 221.50000000
0.53500827 317.30000000
0.51511166 223.60000000
0.47770746 297.20000000
0.47889853 298.30000000
0.43057706 237.60000000
0.20508368 297.80000000
0.55230126 297.40000000
0.31262901 237.60000000
0.38197150 297.90000000
0.52437908 237.60000000
0.15483232 237.60000000
0.32273974 237.50000000
0.54779800 418.80000000
0.53146998 304.70000000
0.54717622 182.40000000
0.53540795 415.00000000
0.53541502 469.40000000
0.55287635 182.40000000
0.52367212 467.70000000
0.54576134 182.50000000
0.54444946 182.20000000
0.53707510 182.60000000
0.40629712 216.20000000
0.37507716 216.40000000
0.53427568 333.50000000
0.49607908 216.40000000
0.53121951 174.50000000
0.54093496 175.20000000
0.52180556 85.50000000
0.50827160 86.00000000
0.51429012 286.60000000
0.52936728 83.40000000
0.54862205 331.40000000
0.51186441 296.60000000
0.54075418 327.30000000
0.51797490 329.80000000
0.55490896 369.90000000
0.51496063 390.90000000
0.56271186 369.60000000
0.54067797 387.50000000
0.52372881 313.20000000
0.49915254 376.80000000
0.53749059 192.60000000
0.53805970 192.40000000
0.54902475 274.50000000
0.54685349 192.60000000
0.56021609 192.80000000
0.54468223 274.90000000
0.53768657 192.40000000
0.54440299 274.80000000
0.51529851 274.80000000
0.53208955 274.90000000
0.50592108 672.30000000
0.40388727 672.93333333
0.18773350 206.70000000
0.52964200 671.70000000
0.50150222 343.80000000
0.56082525 206.80000000
0.53527697 575.20000000
0.33158406 206.80000000
0.54965986 206.33333333
0.54071914 206.66666667
0.45199565 82.00000000
0.53523316 250.00000000
0.42565312 83.60000000
0.46186502 84.60000000
0.34357765 250.80000000
0.36861393 426.20000000
0.34870466 250.70000000
0.52176166 425.70000000
0.53678756 305.10000000
0.50000000 426.60000000
0.42232704 283.40000000
0.56048189 426.70000000
0.38707198 246.50000000
0.43529001 275.90000000
0.40160727 226.60000000
0.43522013 226.90000000
0.55455802 426.10000000
0.50154303 245.70000000
0.54145736 245.90000000
0.55672410 246.10000000
0.51795856 206.60000000
0.52609563 206.90000000
0.53218391 293.00000000
0.54742345 206.80000000
0.54841833 206.70000000
0.51891239 270.30000000
0.53955280 206.80000000
0.55128311 228.80000000
0.51843825 249.30000000
0.52727554 229.00000000
0.50699312 631.00000000
0.49841009 219.00000000
0.51346149 359.50000000
0.51954179 618.30000000
0.51883912 280.00000000
0.53680153 279.90000000
0.49214912 96.10000000
0.45035088 95.90000000
0.52672149 214.50000000
0.54344298 95.70000000
0.53850533 135.70000000
0.55108844 261.60000000
0.54475533 137.00000000
0.48869307 136.30000000
0.55873910 265.00000000
0.44206638 190.10000000
0.51358553 280.20000000
0.52626680 190.30000000
0.50790775 189.80000000
0.43382943 189.70000000
0.52650602 204.30000000
0.53505705 255.40000000
0.52831325 204.00000000
0.53132530 202.30000000
0.53192771 191.60000000
0.52650602 191.00000000
0.54080558 238.80000000
0.51875230 242.20000000
0.53602089 255.20000000
0.53554242 238.60000000
0.54936709 237.30000000
0.46218586 188.20000000
0.53037975 996.50000000
0.49240506 238.30000000
0.54113924 238.20000000
0.53037975 852.50000000
0.46727060 155.30000000
0.48454120 165.90000000
0.42790766 196.20000000
0.46037405 166.10000000
0.54273859 341.40000000
0.55179553 233.40000000
0.54066390 430.50000000
0.53402490 342.30000000
0.55228216 342.10000000
0.55518672 452.90000000
0.53834025 343.60000000
0.53534957 452.90000000
0.50303557 238.10000000
0.52710695 453.70000000
0.22197802 184.90000000
0.23199746 184.90000000
0.24835165 212.70000000
0.43406593 184.90000000
0.47692308 149.60000000
0.54175824 147.90000000
0.55547081 184.60000000
0.51412183 213.10000000
0.47178122 213.00000000
0.54942891 213.30000000
0.53598832 440.80000000
0.54907547 727.20000000
0.54322769 178.10000000
0.52865721 438.00000000
0.50219349 135.30000000
0.52594662 136.20000000
0.53218045 235.40000000
0.54065720 177.60000000
0.52480089 177.70000000
0.54326371 177.70000000
0.53059400 303.90000000
0.51589103 305.06666667
0.52326700 318.30000000
0.54062519 304.60000000
0.52484556 304.20000000
0.51099198 318.40000000
0.47446122 305.53333333
0.53377755 319.13333333
0.51746255 318.66666667
0.49644977 318.86666667
0.52291596 480.53333333
0.52308748 502.40000000
0.52907439 514.06666667
0.53942980 484.20000000
0.53843894 481.53333333
0.54817052 517.06666667
0.54501715 501.40000000
0.54085906 540.20000000
0.51476558 540.80000000
0.54311464 540.40000000
0.54848707 223.10000000
0.55344012 223.20000000
0.55167156 230.60000000
0.53974442 223.40000000
0.55497650 223.20000000
0.55979730 230.30000000
0.52188406 210.10000000
0.52544622 212.50000000
0.54443173 229.40000000
0.51671243 211.10000000
0.51360085 235.80000000
0.47320574 121.30000000
0.50409083 201.30000000
0.55024821 238.50000000
0.41518202 379.70000000
0.53664736 201.10000000
0.53441558 379.80000000
0.26515721 200.70000000
0.53443267 121.20000000
0.46819891 200.60000000
0.51346801 194.80000000
0.50020272 195.10000000
0.54003909 402.60000000
0.34822950 195.00000000
0.53667435 195.40000000
0.54846112 401.40000000
0.55091225 194.90000000
0.49624186 338.00000000
0.54121282 401.60000000
0.50770145 333.10000000
0.53193754 253.10000000
0.52897736 344.30000000
0.52521917 252.40000000
0.53375954 254.70000000
0.53147699 236.70000000
0.53823577 238.60000000
0.53626433 321.00000000
0.52433280 325.70000000
0.51407560 344.30000000
0.52169259 323.10000000
0.53607306 199.10000000
0.50691007 255.60000000
0.52606545 197.10000000
0.36006469 191.60000000
0.53603501 165.20000000
0.37254566 173.60000000
0.43704688 254.40000000
0.52269955 270.40000000
0.42916957 269.30000000
0.47059080 269.50000000
0.55689551 133.40000000
0.53624387 426.30000000
0.52031015 138.90000000
0.48964167 137.20000000
0.56055405 89.70000000
0.52627221 91.60000000
0.53939338 284.00000000
0.52292433 280.60000000
0.54803922 423.10000000
0.54409620 281.70000000
0.54813405 246.30000000
0.50812219 246.00000000
0.52523884 206.50000000
0.54898492 246.30000000
0.57012241 246.30000000
0.55846955 206.80000000
0.51091644 246.50000000
0.52330638 206.30000000
0.52132075 206.50000000
0.55473495 206.60000000
0.54647336 358.80000000
0.53135359 210.90000000
0.53863554 280.20000000
0.53535586 359.40000000
0.54744630 359.10000000
0.30322965 280.40000000
0.38032535 359.50000000
0.52806016 280.00000000
0.51968079 216.60000000
0.27759669 280.50000000
0.51501715 189.70000000
0.54255516 189.70000000
0.53223910 457.70000000
0.54242610 190.20000000
0.54242610 190.10000000
0.54435326 243.40000000
0.55408221 190.20000000
0.53134121 502.40000000
0.53106381 935.60000000
0.54801611 502.90000000
0.51645784 403.80000000
0.52563818 454.30000000
0.52106794 341.60000000
0.53811790 418.90000000
0.52112609 453.60000000
0.36819984 341.80000000
0.44496120 454.90000000
0.53213685 341.70000000
0.54239212 341.20000000
0.37356585 342.40000000
0.41817998 212.73333333
0.48745691 147.10000000
0.40559263 184.53333333
0.55762836 212.33333333
0.35404224 212.86666667
0.56361982 184.93333333
0.55608687 212.80000000
0.40815523 184.50000000
0.51047966 147.00000000
0.55536787 185.00000000
0.54493735 1094.40000000
0.52214662 307.10000000
0.55571940 237.50000000
0.54456836 1090.70000000
0.52304833 348.90000000
0.55794025 237.50000000
0.49400790 85.00000000
0.52816067 85.50000000
0.49424934 238.50000000
0.53841089 88.50000000
0.54035014 161.80000000
0.53627870 291.80000000
0.53277311 167.20000000
0.53266106 168.80000000
0.56885154 291.60000000
0.53515406 449.00000000
0.53905847 292.40000000
0.53720036 587.70000000
0.53078468 305.40000000
0.54961316 585.60000000
0.50200000 110.60000000
0.51532258 135.80000000
0.55774257 110.50000000
0.51688119 111.20000000
0.49896040 320.10000000
0.54174257 1089.60000000
0.34731183 319.00000000
0.52913716 1285.20000000
0.55005245 136.90000000
0.51464726 1288.20000000
0.44808446 177.40000000
0.45547579 177.00000000
0.55749482 304.90000000
0.55269641 177.30000000
0.51160319 177.40000000
0.53196813 304.60000000
0.55369375 177.40000000
0.55550654 303.70000000
0.53323307 304.60000000
0.54672469 304.20000000
0.53164417 489.30000000
0.52799405 526.53333333
0.56668523 223.20000000
0.51472959 484.70000000
0.54119962 385.40000000
0.54179896 222.90000000
0.53124087 439.46666667
0.54996981 222.60000000
0.54577007 222.46666667
0.51118412 222.73333333
0.18075974 230.30000000
0.18008223 230.20000000
0.33754221 503.00000000
0.54102922 230.00000000
0.31644805 230.20000000
0.54387987 502.60000000
0.54477184 230.40000000
0.50507081 502.10000000
0.52719151 500.40000000
0.52818131 501.10000000
0.50330583 832.80000000
0.53755080 832.30000000
0.51049402 706.20000000
0.53084206 832.90000000
0.53299482 141.90000000
0.53594097 143.10000000
0.51894793 166.80000000
0.53811441 167.20000000
0.55123840 703.90000000
0.52024001 166.20000000
0.54046288 269.50000000
0.52778053 269.40000000
0.54913497 254.90000000
0.55747919 269.30000000
0.54358788 269.10000000
0.55296409 254.80000000
0.54386800 269.40000000
0.54771003 254.90000000
0.56727574 254.80000000
0.54255091 254.90000000
0.55330853 401.30000000
0.52730816 402.20000000
0.35087475 195.00000000
0.42654575 402.00000000
0.51856010 401.80000000
0.19729383 195.10000000
0.35888221 402.20000000
0.28607059 195.10000000
0.26323750 195.40000000
0.21119037 194.90000000
0.51203277 78.60000000
0.54105854 112.20000000
0.47857143 82.90000000
0.52142857 82.10000000
0.47859703 87.20000000
0.44183308 88.40000000
0.49608393 121.10000000
0.53886661 120.80000000
0.51112002 108.60000000
0.52965785 123.90000000
0.52230026 89.30000000
0.53676285 381.40000000
0.50737489 92.10000000
0.52820457 89.90000000
0.50280948 115.30000000
0.44969271 114.90000000
0.52746319 486.10000000
0.52565303 478.50000000
0.53824038 372.80000000
0.51706764 482.90000000
0.54414028 285.80000000
0.53711240 285.90000000
0.54043039 227.00000000
0.54087854 284.90000000
0.50552573 285.50000000
0.50552573 226.70000000
0.50499031 286.40000000
0.50433018 226.40000000
0.53696705 226.70000000
0.51202156 226.70000000
0.51913834 296.70000000
0.40000000 54.80000000
0.52769180 295.80000000
0.52735168 297.50000000
0.52562415 439.50000000
0.54784118 311.50000000
0.42243187 173.70000000
0.45600978 164.80000000
0.44283718 53.70000000
0.42026555 171.20000000
0.50701271 209.70000000
0.51697576 209.50000000
0.55826357 290.70000000
0.54692702 209.90000000
0.51899931 174.10000000
0.51199645 171.30000000
0.54836279 209.50000000
0.49980682 247.40000000
0.55874143 416.70000000
0.52874288 248.20000000
0.52529466 350.80000000
0.52531120 349.70000000
0.52637508 390.40000000
0.53469613 350.60000000
0.54251688 350.60000000
0.54578576 390.00000000
0.50580913 350.50000000
0.54024896 390.00000000
0.54979253 389.80000000
0.53734440 390.50000000
0.53469743 187.30000000
0.55604396 105.90000000
0.54106473 197.70000000
0.54801154 187.50000000
0.53982331 187.60000000
0.54740181 197.80000000
0.53956044 96.30000000
0.51098901 95.50000000
0.49120879 105.10000000
0.55934066 96.10000000
0.52097886 611.10000000
0.54397590 612.30000000
0.28498162 259.50000000
0.53744332 612.50000000
0.53235294 353.20000000
0.52685355 259.90000000
0.51867470 230.60000000
0.51325301 236.50000000
0.34457831 259.60000000
0.52891566 238.20000000
0.51945193 173.00000000
0.55348101 242.00000000
0.52529200 168.90000000
0.55090746 170.10000000
0.52994609 241.90000000
0.53474394 541.40000000
0.54588608 241.30000000
0.53702532 742.90000000
0.53069620 509.40000000
0.53322785 742.90000000
0.49921977 154.30000000
0.54556444 182.90000000
0.50973643 151.30000000
0.52580645 152.50000000
0.49183714 313.30000000
0.53390375 303.60000000
0.53467549 380.70000000
0.52924251 385.90000000
0.50687167 184.10000000
0.52990439 382.90000000
0.53762466 227.10000000
0.54576187 226.70000000
0.56321890 285.70000000
0.52446058 226.70000000
0.53765675 226.80000000
0.52264378 286.10000000
0.52590559 227.20000000
0.52961268 285.80000000
0.55282354 286.40000000
0.52120308 285.70000000
0.52035098 727.80000000
0.50361774 400.80000000
0.48939718 209.60000000
0.53219653 805.13333333
0.52990043 658.80000000
0.41716563 209.20000000
0.55807579 349.50000000
0.55352483 209.50000000
0.49414010 209.90000000
0.52071062 209.70000000
0.54226689 311.40000000
0.40454718 312.50000000
0.52366631 438.80000000
0.53923659 311.60000000
0.54928176 311.70000000
0.53926197 439.00000000
0.47372527 312.80000000
0.49311263 439.60000000
0.40861872 439.30000000
0.55806697 439.70000000
0.56419370 742.40000000
0.50228524 626.70000000
0.50899854 610.80000000
0.44326355 742.80000000
0.53122460 324.60000000
0.48977072 305.90000000
0.42018349 222.10000000
0.53044204 214.00000000
0.39119266 609.30000000
0.44204337 205.20000000
0.55768097 259.50000000
0.53023463 259.50000000
0.54548603 241.80000000
0.54160998 259.30000000
0.24509955 259.60000000
0.47701480 242.10000000
0.47974755 259.70000000
0.23179685 241.50000000
0.54141521 242.00000000
0.47898723 242.50000000
0.53323500 389.00000000
0.54021569 385.86666667
0.56160516 187.30000000
0.56535257 390.60000000
0.54211721 389.00000000
0.39777766 187.40000000
0.54321506 390.00000000
0.55076831 187.06666667
0.42852504 187.00000000
0.36717669 186.93333333
0.50759155 92.90000000
0.53440071 198.10000000
0.51538359 92.50000000
0.55843357 93.30000000
0.55372895 115.00000000
0.54820904 113.00000000
0.56144536 198.00000000
0.52466804 245.40000000
0.50837250 198.90000000
0.51866627 243.70000000
0.43573137 370.40000000
0.52421162 369.50000000
0.39935065 234.50000000
0.45914217 370.30000000
0.54360902 280.00000000
0.53308271 234.40000000
0.55142838 368.50000000
0.54390557 234.30000000
0.52794756 234.50000000
0.55141952 234.20000000
0.43097735 192.50000000
0.31172555 105.40000000
0.51081634 379.80000000
0.46403454 192.90000000
0.47637909 192.40000000
0.52974933 281.80000000
0.34009217 79.10000000
0.36098310 78.60000000
0.50714286 106.20000000
0.46733231 77.90000000
0.54885151 672.80000000
0.53515286 409.60000000
0.55314515 325.10000000
0.53826538 670.80000000
0.53726541 553.90000000
0.54223999 325.00000000
0.55692373 264.20000000
0.52426743 263.00000000
0.51990902 327.70000000
0.50615149 255.80000000
0.54440572 184.10000000
0.53699913 250.30000000
0.54050627 180.40000000
0.52998432 184.00000000
0.33052457 250.20000000
0.28774399 180.40000000
0.40465665 250.60000000
0.26535884 180.10000000
0.53978538 179.90000000
0.33169764 180.00000000
0.52002228 197.60000000
0.52889099 337.70000000
0.52533278 197.10000000
0.54170148 197.20000000
0.53540796 285.60000000
0.54387357 275.20000000
0.53564228 486.90000000
0.54948749 274.60000000
0.53718358 274.50000000
0.52612553 274.70000000
0.55654925 299.13333333
0.53935065 298.10000000
0.52809995 700.06666667
0.56143791 298.33333333
0.54418879 298.60000000
0.53733414 863.40000000
0.55362338 297.50000000
0.54791234 884.10000000
0.53592857 390.10000000
0.55243831 883.00000000
0.54159520 368.20000000
0.53595050 140.80000000
0.53481275 375.00000000
0.50795740 374.50000000
0.51700400 485.80000000
0.52156661 414.70000000
0.54270297 238.70000000
0.51686139 245.60000000
0.50892079 144.00000000
0.51487129 247.80000000
0.54196034 219.40000000
0.53955857 219.90000000
0.51668955 203.30000000
0.40047292 219.70000000
0.54110603 124.90000000
0.54109077 124.50000000
0.53994741 219.40000000
0.53953785 203.90000000
0.37780080 203.70000000
0.53593147 203.60000000
0.53911184 247.80000000
0.52883168 210.70000000
0.55899123 192.50000000
0.52553728 249.60000000
0.52873904 127.20000000
0.54774123 129.90000000
0.50529961 109.80000000
0.52509786 111.10000000
0.54604035 191.80000000
0.56059922 111.90000000
0.53806039 233.90000000
0.53561912 233.80000000
0.53235938 274.90000000
0.54988054 234.20000000
0.54945246 234.10000000
0.55512195 369.40000000
0.54508882 234.20000000
0.54162562 368.50000000
0.54294484 258.10000000
0.53819413 369.90000000
0.47381036 325.70000000
0.47960550 326.10000000
0.53459112 670.90000000
0.55517037 325.40000000
0.54177473 325.20000000
0.52367796 662.60000000
0.55166805 325.10000000
0.51775138 629.90000000
0.54060910 672.80000000
0.51876158 624.90000000
0.54066735 180.30000000
0.55328270 180.30000000
0.52025112 251.00000000
0.48501548 180.20000000
0.53599587 174.40000000
0.52252150 173.90000000
0.52584517 160.20000000
0.53980483 160.20000000
0.53675078 241.90000000
0.52778867 159.60000000
0.53375603 263.10000000
0.52109966 376.80000000
0.55104365 219.50000000
0.54952867 263.70000000
0.52404332 380.40000000
0.53903041 219.70000000
0.51648163 412.90000000
0.54683056 219.60000000
0.54841396 219.60000000
0.53192176 219.60000000
0.35030608 203.70000000
0.38854174 203.86666667
0.52685388 486.90000000
0.06461454 203.80000000
0.52649430 203.80000000
0.52650052 332.60000000
0.38408606 203.40000000
0.53882766 417.66666667
0.15494495 484.73333333
0.44821425 414.13333333
0.52211308 271.60000000
0.53715545 353.50000000
0.52064087 272.20000000
0.54706708 275.40000000
0.53702843 346.00000000
0.53216783 341.20000000
0.52636376 436.40000000
0.51633347 438.90000000
0.52712378 349.90000000
0.53119372 449.80000000
0.37963179 213.50000000
0.39261905 274.00000000
0.37291058 203.50000000
0.43632379 212.20000000
0.25263004 274.70000000
0.37966102 298.90000000
0.41864846 274.50000000
0.26338936 297.60000000
0.53614146 298.00000000
0.48331933 297.60000000
0.45704545 61.10000000
0.52786527 140.80000000
0.46980519 60.20000000
0.46597403 61.90000000
0.32779221 612.70000000
0.32457792 199.90000000
0.53491439 611.70000000
0.49765029 201.00000000
0.55304337 138.60000000
0.43590801 201.00000000
0.44748994 241.90000000
0.45507116 242.10000000
0.54662325 401.20000000
0.54760360 242.30000000
0.49367511 241.70000000
0.53986029 384.00000000
0.54452859 241.90000000
0.53871318 401.00000000
0.54705698 400.10000000
0.53438759 401.00000000
0.52386756 341.50000000
0.54372937 306.00000000
0.54379766 431.90000000
0.56268556 341.20000000
0.53918404 341.50000000
0.53811896 357.80000000
0.54470469 258.50000000
0.52391015 254.90000000
0.52436579 302.40000000
0.50692577 254.60000000
0.40364651 185.10000000
0.35531674 184.10000000
0.48623605 263.90000000
0.57492073 184.50000000
0.47398121 184.90000000
0.54127422 266.00000000
0.45290347 176.40000000
0.42345400 185.00000000
0.39415535 264.90000000
0.40844646 183.60000000
0.46464849 440.20000000
0.41827120 439.50000000
0.22993449 177.80000000
0.25547337 440.90000000
0.53242463 184.20000000
0.51693435 177.80000000
0.48486977 98.10000000
0.47026302 96.40000000
0.12632789 177.70000000
0.41142748 95.80000000
0.53440390 209.60000000
0.53457157 209.70000000
0.53535222 318.50000000
0.54321090 209.80000000
0.56269100 210.10000000
0.54791309 318.90000000
0.54501424 209.90000000
0.55591576 318.10000000
0.55005450 318.60000000
0.52617348 318.60000000
0.52073467 843.20000000
0.54350237 944.50000000
0.53102948 522.10000000
0.53144269 874.30000000
0.54415941 946.40000000
0.53430648 521.60000000
0.55465701 945.40000000
0.55723022 522.40000000
0.56456625 522.20000000
0.55658208 521.60000000
0.52738504 118.90000000
0.50279814 209.00000000
0.55514756 118.10000000
0.51130176 119.90000000
0.53375658 137.60000000
0.51452757 142.30000000
0.53206270 246.90000000
0.52720709 227.00000000
0.52964986 211.20000000
0.53692204 226.90000000
