0.51266667 899.90000000 0.51363689 0.51412599 0.50885662
0.51266667 899.90000000 0.51363689 0.51412599 0.50885662
0.51266667 899.90000000 0.51363689 0.51412599 0.50885662
0.51266667 899.90000000 0.51363689 0.51412599 0.50885662
0.51266667 899.90000000 0.51363689 0.51412599 0.50885662
0.51266667 899.90000000 0.51363689 0.51412599 0.50885662
0.53000000 816.70000000 0.53147816 0.52519814 0.53688001
0.53000000 816.70000000 0.53147816 0.52519814 0.53688001
0.53000000 816.70000000 0.53147816 0.52519814 0.53688001
0.53000000 816.70000000 0.53147816 0.52519814 0.53688001
0.53000000 816.70000000 0.53147816 0.52519814 0.53688001
0.53000000 816.70000000 0.53147816 0.52519814 0.53688001
0.53766667 1315.10000000 0.51988505 0.57438209 0.51792814
0.53766667 1315.10000000 0.51988505 0.57438209 0.51792814
0.54200000 1323.60000000 0.55215769 0.52206229 0.55490565
0.53766667 1315.10000000 0.51988505 0.57438209 0.51792814
0.52433333 748.30000000 0.52694463 0.51781676 0.52543647
0.51966667 746.60000000 0.53616867 0.51175693 0.51680830
0.53650000 498.90000000 0.55006648 0.54539394 0.51256525
0.53650000 498.90000000 0.55006648 0.54539394 0.51256525
0.53500000 485.10000000 0.51633172 0.52460105 0.56292303
0.53650000 498.90000000 0.55006648 0.54539394 0.51256525
0.55200000 893.40000000 0.52650071 0.56717419 0.55747347
0.53850000 870.00000000 0.56434124 0.54295414 0.50995692
0.53733333 497.00000000 0.55516867 0.53957504 0.51495640
0.53733333 497.00000000 0.55516867 0.53957504 0.51495640
0.53555556 482.50000000 0.53693948 0.55123544 0.52266499
0.54622222 487.00000000 0.54427595 0.54985529 0.54599538
0.53733333 497.00000000 0.55516867 0.53957504 0.51495640
0.52133333 495.10000000 0.51454451 0.50693806 0.53875199
0.52984615 1236.20000000 0.52658725 0.54613275 0.51999353
0.52984615 1236.20000000 0.52658725 0.54613275 0.51999353
0.53600000 1242.90000000 0.54170904 0.55830163 0.51047696
0.53846154 1236.60000000 0.57615126 0.52264845 0.51294452
0.52984615 1236.20000000 0.52658725 0.54613275 0.51999353
0.53046154 1217.00000000 0.52785737 0.52906551 0.53547447
0.52727273 788.20000000 0.52860857 0.53091510 0.52344858
0.52727273 788.20000000 0.52860857 0.53091510 0.52344858
0.52545455 798.10000000 0.52803785 0.54609876 0.50328261
0.53490909 789.70000000 0.52808562 0.56515879 0.51268959
0.53527273 1421.50000000 0.52798125 0.53618116 0.53603473
0.53636364 1419.00000000 0.53409021 0.52789540 0.54723425
0.53485714 907.90000000 0.56063681 0.54067524 0.50347274
0.53485714 907.90000000 0.56063681 0.54067524 0.50347274
0.53200000 900.80000000 0.50440382 0.56607225 0.52438227
0.54400000 907.20000000 0.52948754 0.53255417 0.56848960
0.50228571 493.40000000 0.49168919 0.53936786 0.47208873
0.52628571 498.20000000 0.51762049 0.52024271 0.53956628
0.52695984 653.80000000 0.48429630 0.53488422 0.55814463
0.53026877 929.30000000 0.53441609 0.52399994 0.53024335
0.52695984 653.80000000 0.48429630 0.53488422 0.55814463
0.52909034 659.10000000 0.52558097 0.53453582 0.53418355
0.52640801 387.40000000 0.53746192 0.50862305 0.53089674
0.51430209 551.10000000 0.49865383 0.51983117 0.52225334
0.52346351 586.60000000 0.51903018 0.51790239 0.53354219
0.53356055 344.40000000 0.53745825 0.54233091 0.51440674
0.52346351 586.60000000 0.51903018 0.51790239 0.53354219
0.54609829 597.50000000 0.57241669 0.54637171 0.51991242
0.53391284 1023.10000000 0.53851837 0.53531759 0.52724461
0.50893358 563.60000000 0.53565990 0.51925398 0.47036680
0.54664021 1609.70000000 0.54273449 0.55491470 0.53951092
0.51861104 1008.10000000 0.50977557 0.50613924 0.53890080
0.54402753 1602.50000000 0.54201015 0.51019780 0.58147426
0.54015855 1602.20000000 0.51272893 0.54632778 0.55942086
0.54664021 1609.70000000 0.54273449 0.55491470 0.53951092
0.52424927 1017.60000000 0.51596652 0.55016752 0.51176274
0.53223948 631.70000000 0.55595788 0.50882129 0.53338965
0.50815004 836.20000000 0.51696953 0.50186019 0.50619876
0.52335390 627.40000000 0.51533941 0.54859820 0.50292920
0.54230756 636.20000000 0.56014019 0.52707891 0.54271695
0.53223948 631.70000000 0.55595788 0.50882129 0.53338965
0.52703674 841.30000000 0.53133803 0.54633945 0.50204641
0.54681991 641.70000000 0.57631500 0.54408259 0.52265637
0.52711710 1033.10000000 0.54533022 0.52432950 0.51072287
0.52558907 647.20000000 0.52146968 0.53103051 0.52127706
0.52892417 646.90000000 0.53460520 0.52519498 0.52265890
0.53082425 1178.10000000 0.54378790 0.54167477 0.51226531
0.54428827 1875.10000000 0.54784988 0.52211915 0.56373866
0.55134759 1733.00000000 0.56493137 0.54845837 0.54134445
0.53133355 1331.90000000 0.48956974 0.56022604 0.54469519
0.52673876 1730.60000000 0.49094557 0.52482745 0.56031476
0.54047780 1746.30000000 0.54362711 0.55040616 0.52732376
0.52671213 949.90000000 0.55070030 0.49873287 0.53057755
0.52798816 724.70000000 0.49645291 0.54553114 0.53598778
0.52039155 614.90000000 0.50909535 0.55505674 0.49737857
0.52258789 426.10000000 0.54273638 0.50098560 0.52419099
0.51616840 611.80000000 0.49257755 0.52342921 0.53048522
0.52950251 605.20000000 0.51574753 0.55995712 0.51131381
0.52039155 614.90000000 0.50909535 0.55505674 0.49737857
0.51895267 442.90000000 0.54131817 0.49789526 0.52457329
0.52488828 652.40000000 0.54033932 0.53929769 0.48644011
0.54957535 1178.20000000 0.54735517 0.55012678 0.55268292
0.56248580 653.00000000 0.54817039 0.58229482 0.55258851
0.53051200 653.50000000 0.50001842 0.52787727 0.55959093
0.52488828 652.40000000 0.54033932 0.53929769 0.48644011
0.52207704 1162.10000000 0.51647156 0.50599409 0.54154990
0.50953438 453.40000000 0.49620111 0.51058943 0.51887958
0.52351203 577.90000000 0.49957844 0.53155650 0.54020628
0.52070654 465.50000000 0.52534427 0.51292866 0.51829287
0.49883770 451.90000000 0.49053670 0.50241502 0.50499747
0.51659622 381.00000000 0.51856611 0.52677616 0.50170651
0.52932789 463.50000000 0.53080706 0.54808567 0.51191575
0.54167037 1321.30000000 0.55332858 0.55339827 0.52110527
0.57557323 1510.80000000 0.55650505 0.59627814 0.57571067
0.53011430 1334.20000000 0.51683078 0.50611050 0.56542146
0.54687205 1327.90000000 0.52933085 0.56905892 0.54502393
0.52044471 1071.90000000 0.49971495 0.52924330 0.53078049
0.53769879 1206.40000000 0.52838492 0.53850377 0.54811899
0.53700735 679.30000000 0.54002116 0.53759711 0.52726299
0.51540765 557.70000000 0.49344834 0.51777817 0.53369318
0.53700735 679.30000000 0.54002116 0.53759711 0.52726299
0.54139311 679.60000000 0.54199564 0.54600972 0.53342637
0.55552730 1715.20000000 0.53987126 0.57345073 0.55213173
0.51971364 1365.40000000 0.48312045 0.54194582 0.53058042
0.54979264 797.10000000 0.55293666 0.53407848 0.57029419
0.52528989 564.90000000 0.55372453 0.52552548 0.49737370
0.54979264 797.10000000 0.55293666 0.53407848 0.57029419
0.53567509 810.30000000 0.50723292 0.52745409 0.57028679
0.52378199 632.20000000 0.50507768 0.52709838 0.54013204
0.52403234 465.00000000 0.55873916 0.50333939 0.50579275
0.53898502 1031.50000000 0.49671457 0.56375309 0.55490788
0.54550726 765.10000000 0.56534775 0.52311738 0.54350537
0.54265162 1037.40000000 0.55042875 0.56218573 0.51446689
0.51476590 1037.30000000 0.50114027 0.53324578 0.51232067
0.52173143 1113.40000000 0.49698646 0.55352782 0.51693656
0.53886831 815.90000000 0.57385250 0.49958854 0.54401512
0.52967066 838.60000000 0.53038045 0.53860171 0.51927878
0.51439641 673.20000000 0.50044666 0.49624593 0.54401508
0.51222710 840.30000000 0.53427922 0.49389744 0.51047263
0.54915587 830.40000000 0.55695657 0.56746396 0.52131164
0.54246135 878.10000000 0.54240236 0.55162988 0.53462746
0.53609323 726.00000000 0.53939085 0.55689147 0.51025390
0.50307515 1696.70000000 0.46895400 0.53280307 0.50915341
0.54118771 1909.50000000 0.54166773 0.54057414 0.54189042
0.51292517 1696.60000000 0.49672551 0.53216238 0.50893016
0.52894755 1701.60000000 0.53967992 0.51905939 0.52913997
0.52996099 596.50000000 0.52150475 0.53778420 0.53225596
0.54633185 679.00000000 0.54246632 0.53130750 0.56008396
0.54642914 614.40000000 0.51802094 0.57515253 0.55050276
0.53826504 717.60000000 0.49646715 0.55190020 0.56654744
0.53613856 606.90000000 0.53626957 0.54282588 0.53367773
0.53198013 603.60000000 0.53524694 0.52863432 0.53344634
0.52373805 656.70000000 0.50837492 0.55004305 0.51894999
0.54084005 775.90000000 0.51685246 0.55448473 0.54976920
0.53392326 407.20000000 0.47408498 0.53177143 0.58602532
0.52225311 717.20000000 0.52127059 0.53103407 0.51354123
0.53226580 409.50000000 0.52537231 0.55810519 0.50977862
0.53061745 406.40000000 0.56629840 0.51983816 0.50027972
0.55105640 894.70000000 0.57198807 0.52694216 0.55575214
0.55143333 1569.30000000 0.57588992 0.51439477 0.56191082
0.52504101 1116.50000000 0.50963351 0.55002291 0.51739148
0.53382347 857.50000000 0.54031317 0.49864186 0.56392838
0.52861488 1097.50000000 0.52759289 0.51809675 0.54003934
0.52044370 1110.00000000 0.50646180 0.53120926 0.52110680
0.53003710 776.30000000 0.50764112 0.55549318 0.52488541
0.50134892 600.20000000 0.49286072 0.48099624 0.53245127
0.53488516 979.00000000 0.53671680 0.54153322 0.52547562
0.50773457 497.30000000 0.51440833 0.50428628 0.50627171
0.53488516 979.00000000 0.53671680 0.54153322 0.52547562
0.53969625 979.40000000 0.53588864 0.55885731 0.52381508
0.52942161 710.50000000 0.52736231 0.53671773 0.52226108
0.51363060 355.60000000 0.49496656 0.52106258 0.52491474
0.54818443 1225.40000000 0.52266236 0.56022964 0.56606720
0.53718859 1441.00000000 0.51774465 0.53673855 0.55458999
0.54818443 1225.40000000 0.52266236 0.56022964 0.56606720
0.54521944 1236.20000000 0.57062617 0.52904697 0.53491229
0.53524033 838.00000000 0.51597768 0.56091710 0.52774320
0.53199523 983.20000000 0.51851815 0.55289534 0.53210088
0.53756156 950.80000000 0.51885597 0.54987998 0.55045734
0.52995519 1359.50000000 0.54931930 0.52524783 0.51351311
0.54873364 941.10000000 0.54220577 0.56304950 0.54130387
0.51530182 942.20000000 0.51888945 0.53389524 0.49382715
0.51426997 492.90000000 0.52258798 0.50177413 0.51980227
0.53060412 712.50000000 0.52590885 0.53874319 0.52153365
0.52988972 803.30000000 0.50647499 0.55944298 0.52288022
0.52838791 496.30000000 0.53442829 0.54571469 0.50494400
0.53181538 796.40000000 0.55382875 0.52968878 0.51100695
0.52136531 792.70000000 0.52324450 0.52539493 0.51585104
0.52270018 1312.50000000 0.51716043 0.54361790 0.50773917
0.54490946 829.90000000 0.56438068 0.56562127 0.50384334
0.53765199 866.00000000 0.53401995 0.54820040 0.53245259
0.54798286 825.40000000 0.56353237 0.52842342 0.54865225
0.52903848 868.00000000 0.52354846 0.53230308 0.53099053
0.52397708 876.60000000 0.52732908 0.51513337 0.53105462
0.55714373 1483.10000000 0.56172530 0.57752764 0.53247444
0.53938474 1408.60000000 0.53140543 0.57650038 0.50959740
0.47731912 316.10000000 0.49978709 0.43741156 0.49847456
0.52995712 698.70000000 0.53660323 0.53728757 0.51226376
0.51250612 315.60000000 0.56064027 0.45036782 0.51692147
0.52468561 318.10000000 0.50823881 0.53759990 0.53088697
0.52335048 486.30000000 0.55688968 0.50708725 0.50359562
0.52501441 1104.70000000 0.52853640 0.53807772 0.50787566
0.54644654 492.40000000 0.54279291 0.54945365 0.55279857
0.54017011 550.70000000 0.52040368 0.55582496 0.53918921
0.53261399 498.80000000 0.54704815 0.49836456 0.55339965
0.55582547 486.90000000 0.53254879 0.58363338 0.54073902
0.52955189 434.20000000 0.53848739 0.50487872 0.55269295
0.53785701 476.70000000 0.53060538 0.54665245 0.53417978
0.52738491 1474.50000000 0.50916489 0.54309306 0.53164226
0.54692633 1577.00000000 0.52773216 0.54249768 0.57217905
0.53086130 1472.30000000 0.48544823 0.55410528 0.55393470
0.52930056 1470.80000000 0.52777233 0.54927131 0.50965849
0.54241164 1242.90000000 0.54420602 0.52650370 0.55876571
0.53901008 1352.60000000 0.51559650 0.55667353 0.54203640
0.51454849 740.30000000 0.53257145 0.52771615 0.48393315
0.53671139 782.70000000 0.54137959 0.54868025 0.51710980
0.52812611 740.00000000 0.53000683 0.52759361 0.52353928
0.54815847 747.20000000 0.53573139 0.53088250 0.57374602
0.53167136 1141.10000000 0.53421621 0.53368679 0.52587039
0.54770461 1169.40000000 0.54501375 0.55193032 0.54217529
0.54683755 872.00000000 0.53828365 0.52897041 0.57724658
0.53748947 959.00000000 0.50328024 0.56580703 0.54000763
0.55633857 854.30000000 0.55315947 0.57309293 0.54633603
0.55822967 877.40000000 0.56645565 0.54814862 0.56390106
0.52434267 450.90000000 0.50449447 0.50819835 0.55606834
0.51293381 475.10000000 0.51679326 0.50216219 0.51828671
0.53884161 846.00000000 0.55988737 0.51557028 0.54035169
0.52880566 736.40000000 0.52497648 0.55188947 0.50930179
0.53073104 841.30000000 0.50917482 0.54791241 0.53576083
0.54139116 844.10000000 0.52092549 0.56001049 0.54280730
0.54993272 972.60000000 0.50752823 0.58110003 0.55833826
0.52830822 853.90000000 0.49722139 0.53541067 0.55715775
0.52390830 705.80000000 0.52223203 0.53208821 0.51763006
0.52359627 634.50000000 0.53650845 0.49568501 0.53708672
0.52601752 702.30000000 0.50842510 0.52515292 0.54267018
0.53587363 698.40000000 0.54122894 0.52792776 0.53715573
0.54454911 797.40000000 0.53782465 0.55184301 0.54449071
0.52952818 718.60000000 0.53216384 0.54399577 0.51255347
0.54500618 1373.40000000 0.53786583 0.52579812 0.56481838
0.54720364 1238.40000000 0.58108219 0.49710605 0.56355409
0.55378428 1384.20000000 0.54370782 0.55091560 0.56751763
0.54363603 1381.10000000 0.53466669 0.56577839 0.53325040
0.51583272 872.40000000 0.48444228 0.53942495 0.52119067
0.52352090 792.60000000 0.52912749 0.53788407 0.50996211
0.53311398 499.30000000 0.53274909 0.54162107 0.52782411
0.51010950 404.40000000 0.50015182 0.49622582 0.53350122
0.52712103 496.40000000 0.54081277 0.52390097 0.51183877
0.52221798 497.60000000 0.49747332 0.52559903 0.54285318
0.52821093 1043.00000000 0.50433698 0.50709020 0.57181671
0.51534250 873.20000000 0.51096393 0.51807048 0.51263419
0.52613954 392.30000000 0.49980242 0.53235604 0.54753448
0.50721768 579.00000000 0.50360469 0.51260728 0.50713989
0.52817259 396.00000000 0.53987991 0.48726955 0.55799292
0.53070548 392.90000000 0.53898786 0.50316354 0.55254288
0.52465296 757.20000000 0.49795579 0.53539528 0.53595318
0.52928428 1138.80000000 0.50065204 0.53342376 0.54995092
0.53417508 992.50000000 0.52569103 0.52862704 0.54295190
0.50841554 633.80000000 0.49772927 0.52789022 0.50286117
0.52510238 999.40000000 0.50255601 0.55480491 0.51935564
0.52810993 1002.70000000 0.50906551 0.55480259 0.52263237
0.53486327 665.20000000 0.53571639 0.53878280 0.53124742
0.52883163 433.80000000 0.51331441 0.53912314 0.53329121
0.52925488 887.80000000 0.53950881 0.52954247 0.52270044
0.51290284 603.80000000 0.50204659 0.52727011 0.50932911
0.53127717 884.10000000 0.52426681 0.54349173 0.52600690
0.53790125 894.20000000 0.55001343 0.54449481 0.52368876
0.53386250 994.20000000 0.54640637 0.52862522 0.52555514
0.53454357 705.60000000 0.51936210 0.54235432 0.54103779
0.54110958 1107.30000000 0.51894073 0.54859763 0.56035273
0.53727359 1515.10000000 0.53867885 0.52664642 0.54461175
0.53058820 1107.20000000 0.50198802 0.53360709 0.55824004
0.55204733 1115.30000000 0.54804134 0.57073958 0.53946019
0.54353708 1300.80000000 0.54105006 0.53898444 0.55412278
0.55842332 1786.30000000 0.55585216 0.54721653 0.57107773
0.52636868 1162.70000000 0.49732406 0.57786873 0.50199824
0.54814346 1651.50000000 0.54223006 0.54099625 0.55954315
0.53000285 1159.60000000 0.51682459 0.55389099 0.52146929
0.53355958 1149.70000000 0.49723911 0.53552058 0.57216723
0.53314174 558.60000000 0.50448102 0.52923707 0.56550348
0.53391300 799.40000000 0.53546632 0.53377030 0.53273632
0.53432306 923.10000000 0.51386474 0.54285550 0.54489089
0.55050388 616.40000000 0.53239903 0.56230319 0.55847103
0.50141058 948.50000000 0.50619877 0.51385143 0.48741126
0.53929297 932.20000000 0.53183933 0.54806018 0.53844497
0.54953948 1454.50000000 0.57958565 0.51002378 0.55242315
0.53712102 958.80000000 0.52575522 0.51976425 0.56714733
0.50938110 1066.20000000 0.46870170 0.55741306 0.50526213
0.54891566 643.80000000 0.53862948 0.56963682 0.53917195
0.55019807 1046.90000000 0.55261153 0.56159952 0.53845695
0.53475011 1047.30000000 0.54302953 0.52269205 0.53701414
0.53991752 901.50000000 0.52876455 0.55778868 0.52856758
0.52719971 544.00000000 0.55972590 0.51297295 0.50944919
0.54390385 375.20000000 0.51432291 0.56261953 0.55055558
0.53124699 578.80000000 0.53110940 0.55633196 0.50686831
0.53111315 382.10000000 0.50589456 0.54707884 0.54678001
0.50961172 387.90000000 0.51960797 0.49549485 0.51488772
0.53054196 338.50000000 0.52187979 0.54084163 0.53122797
0.53577954 527.40000000 0.56142413 0.53519986 0.51187804
0.52900329 836.70000000 0.51911044 0.54243562 0.52588581
0.52985088 1187.20000000 0.51967256 0.52139967 0.54714159
0.51871121 831.10000000 0.52653131 0.49791071 0.52223150
0.52595473 830.40000000 0.52152158 0.57360076 0.48538788
0.52481198 566.90000000 0.52429999 0.52721424 0.51929092
0.54394435 810.50000000 0.52662046 0.54736008 0.55626877
0.54368137 749.30000000 0.53888536 0.52651232 0.56299235
0.51973724 924.00000000 0.51112391 0.53438527 0.51572836
0.54140587 735.90000000 0.50404468 0.54909770 0.57212660
0.51358916 755.30000000 0.49448619 0.53440636 0.51077966
0.51956731 546.90000000 0.52777141 0.51580647 0.51476278
0.54695147 695.20000000 0.52276037 0.54094446 0.57490825
0.53042295 1165.60000000 0.53283767 0.53639008 0.52691848
0.52883370 1057.10000000 0.53185817 0.54575946 0.50929211
0.53612216 1174.30000000 0.53487215 0.51698980 0.55629579
0.54308821 1180.90000000 0.53507236 0.53138216 0.56459320
0.54753466 845.10000000 0.54209778 0.54211148 0.55839977
0.54890289 757.70000000 0.53590439 0.53382947 0.57263769
0.53249354 464.60000000 0.53917705 0.53746724 0.51912552
0.51244418 396.40000000 0.49149220 0.53376061 0.50766134
0.53478898 462.30000000 0.56985799 0.50639003 0.53043870
0.53298019 461.70000000 0.52169589 0.54183803 0.52923493
0.53248923 1009.70000000 0.51434878 0.54795775 0.53480226
0.51731786 863.50000000 0.52048791 0.51147659 0.52245203
0.52823479 591.30000000 0.52391637 0.52309317 0.53675256
0.51183962 388.50000000 0.52732873 0.51785942 0.49996104
0.51331086 587.70000000 0.50295061 0.50801957 0.52621377
0.52577455 602.80000000 0.53661311 0.53508660 0.50474948
0.51580394 728.10000000 0.53672146 0.49798464 0.50806226
0.51694182 468.40000000 0.54947395 0.48380076 0.51032165
0.53023202 1469.10000000 0.53140347 0.54455091 0.51515787
0.53391743 1127.50000000 0.49521549 0.56260875 0.53459412
0.53991979 1458.00000000 0.52244750 0.54984464 0.54570206
0.54168794 1476.00000000 0.54546150 0.53292802 0.55053541
0.53906417 1864.70000000 0.55074931 0.51960673 0.54387519
0.53468963 1413.30000000 0.51574667 0.56557258 0.51736358
0.54369949 925.60000000 0.53538136 0.53164113 0.56524105
0.54041445 986.00000000 0.54502805 0.53551681 0.54214914
0.54335585 927.70000000 0.54345738 0.53647887 0.55084123
0.53440811 964.90000000 0.52787517 0.55562997 0.52071704
0.54852708 1160.90000000 0.54513116 0.55591473 0.54545283
0.53748304 1256.80000000 0.52711868 0.53645725 0.54963648
0.51675668 1119.90000000 0.48071372 0.55237107 0.52052406
0.53487355 1235.50000000 0.50585366 0.58597881 0.51140283
0.51044916 1123.80000000 0.49950922 0.51157724 0.52120540
0.52676770 1121.40000000 0.54417570 0.53653699 0.50056909
0.53251860 436.80000000 0.53034995 0.53514723 0.53762546
0.52477330 478.00000000 0.50012726 0.53066272 0.54838783
0.52613772 714.90000000 0.52854578 0.52787221 0.52183693
0.52954807 1390.40000000 0.54069054 0.52032920 0.52640518
0.54182098 713.90000000 0.56315488 0.56399382 0.49395713
0.52894043 710.60000000 0.51634700 0.53323117 0.53205594
0.52162137 573.70000000 0.52180216 0.51503791 0.52427027
0.52234429 1119.90000000 0.50235634 0.54644768 0.51801977
0.52821614 645.60000000 0.51063816 0.55285910 0.51975809
0.53907212 550.20000000 0.54392894 0.52918148 0.54674855
0.49260849 632.50000000 0.50769633 0.47877685 0.49085864
0.55196875 644.30000000 0.55994349 0.54457162 0.55005843
0.52605786 1638.30000000 0.53247500 0.52020524 0.52449590
0.53869853 1452.70000000 0.51397588 0.54021712 0.56366389
0.53062773 1794.10000000 0.54508223 0.50943179 0.54007800
0.55968611 1069.00000000 0.54896008 0.53684998 0.59620448
0.53855920 1793.80000000 0.53396703 0.54770558 0.53751130
0.55530896 1789.10000000 0.56032180 0.53301790 0.57163061
0.54007617 1414.20000000 0.53477039 0.54670664 0.53844144
0.52210712 855.20000000 0.51599801 0.52286924 0.53004948
0.52742665 675.10000000 0.53143490 0.51961343 0.52977078
0.51801574 893.50000000 0.51916491 0.51271108 0.51865664
0.53046618 684.80000000 0.50048462 0.54255534 0.55257696
0.52084578 686.10000000 0.49785657 0.53942872 0.52423423
0.51378993 549.70000000 0.51183465 0.51726121 0.51671066
0.53149741 732.60000000 0.50900197 0.54974282 0.53685861
0.50765237 551.60000000 0.47698840 0.52713390 0.51770057
0.53364310 718.60000000 0.53884356 0.53966052 0.52112275
0.51699749 524.60000000 0.49961624 0.54910903 0.50474471
0.53175408 530.60000000 0.53522783 0.53701556 0.52335415
0.51844151 768.00000000 0.52778450 0.54144458 0.49081615
0.52664424 1011.70000000 0.51346948 0.52503200 0.54271834
0.53479460 1412.20000000 0.51383331 0.54229023 0.54657337
0.52064463 804.10000000 0.52508267 0.52595116 0.51232963
0.54304325 1408.10000000 0.53818908 0.54237255 0.54995595
0.54404529 1418.80000000 0.53038182 0.56210372 0.54087041
0.52490229 664.80000000 0.51073320 0.54858203 0.51498913
0.51370189 380.10000000 0.50069348 0.51852309 0.51969890
0.52035262 523.40000000 0.53306618 0.52744968 0.50101257
0.53536749 452.60000000 0.53419548 0.56270067 0.51409833
0.52312409 519.90000000 0.53504896 0.52430122 0.50899576
0.52273350 525.50000000 0.54240350 0.50175149 0.52837405
0.52232890 729.80000000 0.50393357 0.51968164 0.54056060
0.54528760 622.10000000 0.52310078 0.58138647 0.53154537
0.53891011 522.50000000 0.53569617 0.51548800 0.56453888
0.53338654 1133.80000000 0.51188158 0.53892630 0.54812624
0.54738138 518.30000000 0.54806507 0.54709929 0.55024371
0.51663271 516.70000000 0.53699183 0.47921262 0.53278924
0.53693659 769.20000000 0.53518013 0.54232568 0.53833822
0.53340589 1621.00000000 0.52521506 0.51140384 0.56177612
0.52363636 353.70000000 0.50152857 0.54187663 0.52616912
0.52771633 653.50000000 0.50880544 0.55833281 0.51646285
0.51519481 355.10000000 0.50596313 0.50618846 0.52912374
0.49706745 360.70000000 0.47383874 0.51838466 0.49857306
0.53906158 721.70000000 0.54371593 0.52481206 0.54402167
0.54201741 1289.00000000 0.51650434 0.53913972 0.56978272
0.53007411 1025.20000000 0.53992295 0.49623611 0.55690106
0.56373991 697.00000000 0.57022981 0.57338677 0.54557611
0.54063147 1027.80000000 0.51899177 0.56152487 0.54008314
0.50526787 1024.80000000 0.49874457 0.49342141 0.52203564
0.53278678 664.40000000 0.55322866 0.52164664 0.52037823
0.52758225 459.60000000 0.50018498 0.54106339 0.53912908
0.54413503 904.20000000 0.55160516 0.53834616 0.54200867
0.52546991 682.50000000 0.51797696 0.54309380 0.51197613
0.52083585 920.90000000 0.52716629 0.51858996 0.51745783
0.53527826 901.10000000 0.51154808 0.54927285 0.54563196
0.53690142 626.60000000 0.54606625 0.52307353 0.53919267
0.53892538 466.00000000 0.55833672 0.52553268 0.53518706
0.55154711 1102.70000000 0.59892804 0.51886155 0.54222264
0.55050382 1778.80000000 0.54021528 0.54496397 0.56687877
0.53048780 1110.10000000 0.52422941 0.56326174 0.50839791
0.53543042 1096.30000000 0.51988301 0.56490158 0.52448141
0.52220708 692.40000000 0.51435993 0.51325419 0.53851280
0.52350465 1128.40000000 0.55102837 0.51043816 0.50967411
0.54810708 1065.90000000 0.53383691 0.56837993 0.54480124
0.54216135 1414.40000000 0.52502551 0.52293117 0.57927092
0.52241124 1072.80000000 0.48441164 0.54572207 0.53891757
0.54117714 1055.60000000 0.53567375 0.52546024 0.56564439
0.54072147 524.80000000 0.53354087 0.56447484 0.52500636
0.54017364 690.30000000 0.54553301 0.53788173 0.53897882
0.53624942 863.90000000 0.54037155 0.52663721 0.54351312
0.53005500 526.50000000 0.50938659 0.54141901 0.53647856
0.53381689 864.40000000 0.53492887 0.53122911 0.53483594
0.53350465 859.40000000 0.53233517 0.53667646 0.53191795
0.54990237 1302.70000000 0.56730482 0.53746062 0.54305676
0.53590387 810.90000000 0.53319819 0.55804320 0.51075297
0.53092294 969.30000000 0.51488235 0.54422482 0.53375922
0.51976540 524.80000000 0.51235271 0.51734012 0.53122592
0.53378264 964.90000000 0.54230492 0.53192229 0.52825725
0.53985023 953.10000000 0.56118572 0.52072866 0.53582995
0.51697261 1512.60000000 0.49356647 0.54057184 0.51810860
0.52034772 834.40000000 0.48599224 0.50021681 0.56609392
0.51199565 353.90000000 0.48980577 0.52823366 0.52309373
0.53123051 523.00000000 0.53845240 0.52573142 0.52521264
0.51253880 359.90000000 0.51554479 0.51164630 0.51207683
0.52304469 362.60000000 0.49273750 0.55856860 0.51482536
0.50528554 540.60000000 0.46198843 0.53500713 0.51017058
0.52022233 739.20000000 0.53306470 0.49957018 0.52557730
0.53279901 526.70000000 0.51441674 0.53231209 0.55023760
0.53279901 526.70000000 0.51441674 0.53231209 0.55023760
0.53952936 533.90000000 0.54231013 0.52334604 0.54986876
0.53538698 533.50000000 0.50830191 0.53973059 0.55067594
0.53690900 460.40000000 0.52602939 0.52301768 0.55827095
0.51927083 474.70000000 0.48251861 0.53067227 0.54193695
0.52942283 1449.90000000 0.52580276 0.54266844 0.52008667
0.52942283 1449.90000000 0.52580276 0.54266844 0.52008667
0.54211978 1455.00000000 0.53885895 0.54212918 0.54390824
0.54484548 1456.40000000 0.52864722 0.57241380 0.53363095
0.53215905 1254.00000000 0.53932269 0.51830767 0.54219544
0.53559774 1243.20000000 0.55329311 0.54173239 0.50690252
0.55319506 732.40000000 0.56071718 0.54447329 0.55480600
0.55319506 732.40000000 0.56071718 0.54447329 0.55480600
0.53477060 735.70000000 0.54487951 0.52926581 0.53010489
0.50467069 750.40000000 0.50088620 0.53421633 0.47777460
0.54382129 1996.70000000 0.51258516 0.55147061 0.56617084
0.52865327 2003.90000000 0.49727683 0.54559696 0.54222454
0.53175696 891.20000000 0.50760825 0.54636869 0.54271256
0.53175696 891.20000000 0.50760825 0.54636869 0.54271256
0.54914294 888.80000000 0.52016212 0.56089668 0.56301899
0.51858654 892.90000000 0.52232452 0.50996587 0.51986511
0.53714417 786.80000000 0.56251108 0.50762756 0.54039825
0.53423630 778.00000000 0.51622811 0.53759544 0.54856410
0.53776265 923.10000000 0.53466989 0.53690312 0.54276146
0.53776265 923.10000000 0.53466989 0.53690312 0.54276146
0.55937513 941.40000000 0.55169613 0.60476997 0.52218944
0.54510844 922.80000000 0.51870647 0.57575824 0.54483368
0.53127299 1074.70000000 0.52056206 0.54483718 0.52771923
0.52897941 1087.80000000 0.51143468 0.53503290 0.53905779
0.52805488 774.50000000 0.50732565 0.51565481 0.55986983
0.52805488 774.50000000 0.50732565 0.51565481 0.55986983
0.52174771 772.40000000 0.53558109 0.51309414 0.51398863
0.53215979 766.50000000 0.51865369 0.55059998 0.52450984
0.51954150 868.90000000 0.51178505 0.53155678 0.51447726
0.52457790 882.70000000 0.53416460 0.52636566 0.51133552
0.51049108 1563.70000000 0.50221831 0.52448150 0.50067842
0.51049108 1563.70000000 0.50221831 0.52448150 0.50067842
0.54902035 1560.10000000 0.53586067 0.55819957 0.55237859
0.52247890 1561.90000000 0.49626108 0.54217650 0.53210272
0.53855721 577.70000000 0.54545750 0.53540118 0.53606584
0.51497848 571.40000000 0.50283219 0.53089263 0.50753455
0.52574850 526.60000000 0.50696391 0.53148960 0.54259613
0.52574850 526.60000000 0.50696391 0.53148960 0.54259613
0.53654120 518.00000000 0.55352948 0.52767636 0.52318543
0.53409253 537.90000000 0.53209983 0.55226692 0.52813093
0.53763544 615.20000000 0.55654798 0.52529132 0.52538082
0.52749857 614.90000000 0.51296689 0.52863813 0.54258515
0.54289748 572.20000000 0.53498884 0.53597171 0.56249451
0.52069296 1102.20000000 0.52583400 0.53220632 0.50268164
0.53024716 566.80000000 0.55792241 0.51990770 0.51261452
0.53427347 581.80000000 0.52444895 0.55604462 0.51684544
0.52856621 365.20000000 0.50879695 0.54054496 0.53543565
0.53022033 696.60000000 0.51664218 0.54575024 0.52898938
0.50001203 541.90000000 0.49933012 0.50142776 0.50256013
0.51673458 463.40000000 0.50898544 0.53449985 0.50295818
0.53689741 536.40000000 0.52779974 0.54173544 0.54303914
0.51499291 537.30000000 0.51730558 0.53988473 0.49016288
0.54681426 982.40000000 0.51256204 0.58233095 0.55155042
0.53582762 847.10000000 0.52693234 0.55073056 0.53249804
0.54206226 1445.60000000 0.56353942 0.52526929 0.54214442
0.53655914 830.00000000 0.53804235 0.53545917 0.53578304
0.54761686 1445.30000000 0.53234414 0.56321870 0.54397701
0.54731682 1436.40000000 0.54516568 0.54012648 0.55513513
0.55410121 1548.10000000 0.53764322 0.57909273 0.54524058
0.51344086 893.80000000 0.48665697 0.54303305 0.51248074
0.53895340 560.00000000 0.55544445 0.52266682 0.53887316
0.53620537 717.50000000 0.54234040 0.54482588 0.52177947
0.52060578 565.50000000 0.53966673 0.50970127 0.51366365
0.52596092 561.20000000 0.51197998 0.53108366 0.53650658
0.52460162 603.70000000 0.50409084 0.54108833 0.52339974
0.52360079 761.70000000 0.50278231 0.53126614 0.53752344
0.52981766 713.70000000 0.53471908 0.54113094 0.51310559
0.52548924 752.10000000 0.53535990 0.51975398 0.52169407
0.53222406 714.80000000 0.52356157 0.53735058 0.53223608
0.54626085 710.90000000 0.54328153 0.58911762 0.50344588
0.54509166 1401.80000000 0.55190962 0.53440724 0.54834670
0.54964338 1461.80000000 0.54312666 0.55865250 0.54574357
0.54477160 1806.80000000 0.54274351 0.57360235 0.52369833
0.53043478 829.80000000 0.47938132 0.55087240 0.55491153
0.53588002 1808.50000000 0.53338772 0.54931038 0.52625269
0.53301057 1819.00000000 0.51347517 0.58079833 0.50170236
0.53012631 1067.00000000 0.52354950 0.55229671 0.51536265
0.51366460 499.80000000 0.49133849 0.52166026 0.52633798
0.50771363 657.00000000 0.52191186 0.49383440 0.50531227
0.52817874 452.10000000 0.49234277 0.54741351 0.54525402
0.53620009 654.70000000 0.52822642 0.55187323 0.52546685
0.53684092 661.40000000 0.53445903 0.55667117 0.52231009
0.52347422 708.40000000 0.51607692 0.52423958 0.52695571
0.51589258 499.90000000 0.50571996 0.51449660 0.52744500
0.51131668 759.70000000 0.52019061 0.52947918 0.48837719
0.54904885 1178.30000000 0.53271069 0.55933822 0.55434764
0.51939495 753.10000000 0.49752145 0.50724292 0.55070530
0.54307903 757.90000000 0.53683114 0.54276020 0.54848781
0.53152124 815.10000000 0.53322774 0.54038024 0.52535675
0.54229541 1269.90000000 0.54064824 0.54276024 0.54566709
0.56505376 1047.60000000 0.55060040 0.57613553 0.57032884
0.53625632 1397.20000000 0.51802246 0.55954471 0.53331452
0.51720430 1033.80000000 0.57058399 0.47635544 0.50230784
0.52795699 1042.30000000 0.54942512 0.50519517 0.53153384
0.53333333 959.50000000 0.55948397 0.50598261 0.53588519
0.56078508 1279.20000000 0.55660903 0.59778073 0.52292681
0.52571832 881.70000000 0.54969116 0.49934888 0.52650972
0.54650809 1072.30000000 0.55808491 0.52605523 0.55412566
0.53619924 896.30000000 0.53056193 0.54917101 0.52926693
0.53969329 886.80000000 0.51293472 0.56465409 0.54280606
0.54740768 832.00000000 0.54802227 0.55159730 0.54705952
0.54707868 999.20000000 0.52458770 0.57171680 0.54386074
0.55671020 1382.70000000 0.54684026 0.56309638 0.55980417
0.57136540 1224.70000000 0.56119721 0.59321323 0.56240667
0.54541134 1388.00000000 0.56782545 0.51448431 0.55275299
0.54510572 1387.20000000 0.53674458 0.55213857 0.54630123
0.52810679 739.40000000 0.53802508 0.52424639 0.51628200
0.52849431 664.70000000 0.53992964 0.50096857 0.54230449
0.54345114 554.10000000 0.53876761 0.56517930 0.53296534
0.52945028 462.10000000 0.52883492 0.52130002 0.54044744
0.52604580 559.90000000 0.49636708 0.53295211 0.54459740
0.51971331 551.70000000 0.53101928 0.51794229 0.51375135
0.53453660 923.80000000 0.54427076 0.52913705 0.52732868
0.54157911 752.30000000 0.52653043 0.56498196 0.53495230
0.51636651 438.40000000 0.50775222 0.52711399 0.51093445
0.52050362 357.50000000 0.56596030 0.50594748 0.49107011
0.53343263 425.00000000 0.53485645 0.54420593 0.52438502
0.53249379 428.70000000 0.55360073 0.51082919 0.53317951
0.55143309 418.60000000 0.54687067 0.55073029 0.55734275
0.51352070 346.00000000 0.52711806 0.50693400 0.50435386
0.54936625 1108.40000000 0.54206116 0.54135897 0.56387489
0.54168338 968.80000000 0.54311025 0.54620838 0.53402428
0.53875428 1126.10000000 0.53161764 0.54749412 0.53571020
0.53811845 1114.30000000 0.53699996 0.54841918 0.53071332
0.54005912 1036.80000000 0.56197133 0.53108854 0.52713021
0.52564504 924.70000000 0.53806897 0.53667965 0.50140421
0.52661509 692.70000000 0.52589151 0.53641794 0.51954434
0.53742117 876.60000000 0.53044952 0.52493048 0.55559478
0.50975391 704.40000000 0.52306117 0.48588020 0.51729316
0.53507221 702.80000000 0.52975757 0.52491107 0.55332695
0.53275420 1167.60000000 0.53166294 0.53535242 0.52995372
0.54390647 1445.40000000 0.54875139 0.55649004 0.52636395
0.52732919 763.00000000 0.49630390 0.52606181 0.55363465
0.54966168 1070.90000000 0.52262188 0.59278034 0.53744953
0.54223602 768.40000000 0.55058279 0.52492645 0.55320296
0.52608696 772.00000000 0.54873000 0.51059060 0.52085588
0.51055901 401.80000000 0.52593357 0.51779372 0.48685431
0.52016336 566.20000000 0.48119494 0.56503910 0.50947543
0.51837862 607.40000000 0.51404109 0.52043793 0.51706482
0.53443844 975.00000000 0.52570226 0.54138347 0.53523944
0.51774168 616.70000000 0.53603871 0.48088089 0.53159690
0.51837862 607.40000000 0.51404109 0.52043793 0.51706482
0.49552931 460.10000000 0.48216425 0.49808599 0.50468094
0.53756087 745.90000000 0.52297753 0.55147769 0.54209381
0.52521340 584.80000000 0.52983186 0.51773672 0.53128941
0.53595765 342.00000000 0.57137188 0.51988170 0.51660816
0.52599916 582.30000000 0.51398240 0.53387042 0.53027149
0.52521340 584.80000000 0.52983186 0.51773672 0.53128941
0.55660423 1370.90000000 0.53802560 0.58705882 0.54553520
0.52605437 803.30000000 0.52044816 0.53430884 0.52410619
0.53475507 1632.40000000 0.52577622 0.52698498 0.55176198
0.53599576 1066.10000000 0.55152831 0.51026539 0.54803281
0.53150514 1617.70000000 0.53375739 0.53712219 0.52237374
0.53475507 1632.40000000 0.52577622 0.52698498 0.55176198
0.53897902 1222.40000000 0.53835131 0.51339351 0.56398965
0.51267918 786.10000000 0.50162045 0.50108294 0.53528709
0.52550864 598.60000000 0.52317387 0.51484341 0.53231407
0.53431168 891.50000000 0.54656120 0.51949433 0.53135840
0.54278382 609.30000000 0.54976078 0.56915500 0.52144704
0.52550864 598.60000000 0.52317387 0.51484341 0.53231407
0.52498606 469.00000000 0.51254274 0.52974510 0.53224437
0.54098590 676.20000000 0.53347830 0.54459131 0.54743580
0.50643962 588.60000000 0.49993859 0.50845245 0.51259993
0.54915105 828.60000000 0.54265235 0.53673768 0.57068526
0.53949793 597.50000000 0.56550871 0.51978748 0.53286245
0.51631456 588.10000000 0.53910966 0.51834657 0.49045822
0.52662239 788.70000000 0.49992588 0.53858193 0.54000209
0.52464869 1099.80000000 0.51604549 0.52042061 0.53426816
0.53936105 1510.60000000 0.53256328 0.56507230 0.52321690
0.54392031 1007.50000000 0.55047914 0.54983268 0.52854293
0.55168150 1492.80000000 0.52651865 0.57204290 0.55678853
0.53455805 1502.70000000 0.53038057 0.52383354 0.54682447
0.53246047 680.70000000 0.51929802 0.54711432 0.53237267
0.52936923 445.40000000 0.51227279 0.52368884 0.54953813
0.51945092 566.10000000 0.48949817 0.53156085 0.53577708
0.51558166 357.70000000 0.50494154 0.50161820 0.53955608
0.52546676 574.20000000 0.54192845 0.53211641 0.50092507
0.53109415 558.80000000 0.51535342 0.53166455 0.55025480
0.52262236 729.40000000 0.53220566 0.52150757 0.51055365
0.54677388 457.50000000 0.54014325 0.53704109 0.56443774
0.51315078 622.40000000 0.50376968 0.50667724 0.52481440
0.52478156 924.60000000 0.52102782 0.53787376 0.51421274
0.53227046 622.60000000 0.54967187 0.51752480 0.52814659
0.54263796 616.50000000 0.52927368 0.54629230 0.55063655
0.53822134 827.00000000 0.53249701 0.55501319 0.52279846
0.53380945 1245.00000000 0.54558212 0.53556064 0.52257429
0.54585557 948.20000000 0.57594101 0.53297293 0.52932571
0.52134146 796.30000000 0.52912925 0.49790832 0.53532947
0.53255364 941.90000000 0.55210273 0.52300768 0.52350403
0.54224490 959.10000000 0.52473311 0.59276774 0.50366254
0.52025903 715.40000000 0.52610810 0.54389892 0.49288305
0.52317073 593.80000000 0.53041826 0.53058804 0.50457444
0.51642579 819.50000000 0.53191804 0.49275743 0.52609110
0.51818182 727.50000000 0.50912745 0.52435037 0.51910918
0.52487861 804.00000000 0.54550088 0.51871992 0.51126988
0.53166056 793.90000000 0.50587054 0.54382368 0.54362966
0.52288021 621.60000000 0.51460361 0.52863501 0.52620391
0.51893939 562.60000000 0.51649022 0.53735807 0.50334030
0.54707716 1253.00000000 0.54269992 0.55901996 0.54315723
0.53917197 1146.10000000 0.54541920 0.53975256 0.53709836
0.52883472 1238.30000000 0.53837377 0.52138539 0.52726467
0.52851889 1253.00000000 0.52940200 0.53760951 0.51888397
0.52502974 947.80000000 0.53234410 0.52925197 0.51399592
0.51242038 850.10000000 0.51114647 0.52808078 0.49547812
0.53159117 507.20000000 0.52237775 0.53801211 0.53493825
0.53457944 448.50000000 0.54040383 0.53283752 0.52970179
0.51242409 510.60000000 0.48284118 0.50277321 0.54852085
0.53322217 523.20000000 0.51132408 0.54779062 0.53508198
0.56339472 1188.30000000 0.54832357 0.55286972 0.59285623
0.55700935 1045.10000000 0.57436957 0.57690112 0.51968614
0.54157548 525.70000000 0.53057492 0.54690099 0.54860265
0.52677824 565.40000000 0.52675678 0.54262527 0.51366910
0.52791650 536.50000000 0.55366993 0.52186706 0.51271886
0.52338955 520.50000000 0.51813743 0.53658655 0.51786509
0.52112505 694.70000000 0.53289141 0.52387349 0.51767992
0.52803347 749.70000000 0.52054745 0.53142338 0.53116423
0.53073793 1339.90000000 0.51244425 0.53417988 0.54497672
0.53244838 1419.30000000 0.56460248 0.50275702 0.52871265
0.55635417 1339.10000000 0.57007113 0.55121738 0.54938957
0.54231308 1353.50000000 0.51973933 0.55193904 0.55686425
0.54637364 1835.20000000 0.54877698 0.53206206 0.55582342
0.54218289 1936.60000000 0.53428148 0.51065341 0.58196436
0.54568129 836.40000000 0.55642110 0.53109816 0.55091197
0.54290657 900.40000000 0.54929988 0.52586715 0.55420615
0.53162908 849.30000000 0.52935525 0.52622410 0.53597014
0.52387044 852.80000000 0.53795278 0.50650718 0.52326031
0.52127648 1143.60000000 0.50596535 0.50892411 0.54971728
0.53737024 1222.00000000 0.54286989 0.54537440 0.52405891
0.51436189 975.90000000 0.52917746 0.48034364 0.53325509
0.52804233 1080.60000000 0.55385703 0.54744356 0.47940706
0.53317853 976.30000000 0.52592714 0.52052390 0.55542878
0.54659787 973.60000000 0.54484246 0.53271548 0.56790405
0.51970416 407.10000000 0.48208855 0.51705003 0.55288074
0.53650794 449.20000000 0.54560750 0.54302008 0.52166382
0.51890244 342.50000000 0.51094817 0.52553819 0.51712395
0.52306887 628.30000000 0.56587809 0.50041586 0.50276339
0.53841463 335.60000000 0.52062151 0.53878879 0.55842463
0.52317073 337.30000000 0.54484820 0.50301277 0.52414430
0.52926829 707.00000000 0.51304112 0.54076438 0.52945737
0.52596874 1347.00000000 0.53076107 0.49971160 0.54656311
0.51818182 923.00000000 0.52669121 0.52379509 0.50272253
0.51638331 727.80000000 0.53485495 0.52673272 0.48690765
0.54015152 918.70000000 0.52106958 0.57335719 0.52379441
0.54128788 932.80000000 0.53412346 0.55789606 0.52650248
0.53371212 652.90000000 0.54162475 0.53778497 0.52334395
0.53607627 514.10000000 0.52404128 0.54569302 0.54015554
0.53598726 819.70000000 0.54535961 0.52310948 0.54147806
0.50762719 422.80000000 0.52899686 0.48971186 0.50464384
0.52484076 823.50000000 0.54038372 0.54102656 0.48891868
0.53248408 835.90000000 0.55300767 0.52534374 0.51838304
0.52579618 1025.90000000 0.53451403 0.52273865 0.51718028
0.51018705 513.50000000 0.48136562 0.53226666 0.51495139
0.53831776 1012.30000000 0.51890098 0.53849266 0.55411381
0.53453081 1224.00000000 0.53515765 0.55618865 0.51307172
0.54065421 1011.90000000 0.57308164 0.52536915 0.51811347
0.50747664 1005.40000000 0.52165427 0.51963159 0.47531497
0.54065421 1271.20000000 0.52007236 0.55851396 0.54624758
0.52599765 1534.40000000 0.49445366 0.53013369 0.55013086
0.54309623 1306.40000000 0.54463854 0.52888512 0.55572544
0.54596897 1555.70000000 0.56324643 0.54720496 0.52749814
0.53723849 1322.40000000 0.51665221 0.57188291 0.52289973
0.54309623 1309.00000000 0.54334245 0.54477161 0.54182893
0.52552301 674.80000000 0.52726990 0.52818697 0.52427221
0.54208330 797.60000000 0.52215400 0.55260746 0.55137538
0.53451327 1043.50000000 0.51689696 0.51529903 0.57059311
0.50277127 545.40000000 0.52451425 0.49267781 0.49301534
0.53008850 1021.00000000 0.53502402 0.52201463 0.53512191
0.53480826 1032.70000000 0.52711440 0.52563525 0.55141400
0.55575221 1728.30000000 0.54688873 0.55061081 0.57228306
0.55192758 933.40000000 0.54460631 0.59997999 0.50538476
0.54878893 1175.50000000 0.54334650 0.57065354 0.52890704
0.53565747 954.80000000 0.55442149 0.51317765 0.54055428
0.51972318 1172.70000000 0.50366582 0.53635472 0.51572363
0.55432526 1176.70000000 0.53840556 0.55272396 0.57274908
0.54290657 1094.90000000 0.55335376 0.55028026 0.52278164
0.53650659 891.70000000 0.52381686 0.54722397 0.53696240
0.51746032 429.50000000 0.51062247 0.52524334 0.51814088
0.52822190 769.70000000 0.50956592 0.55351587 0.52238982
0.52486772 442.10000000 0.54327695 0.50845995 0.52203665
0.52063492 429.10000000 0.51851166 0.54113565 0.50448273
0.52751323 415.30000000 0.52248856 0.55558866 0.50423739
0.52433608 723.70000000 0.49912115 0.54767981 0.52764689
0.52239022 577.40000000 0.49616597 0.50680061 0.55485324
0.52660016 715.10000000 0.51962563 0.54316878 0.51939652
0.50656780 554.60000000 0.52201895 0.50478262 0.49205598
0.52975411 568.40000000 0.53005444 0.51343873 0.54748775
0.53088726 456.40000000 0.52198220 0.53433669 0.53656969
0.53882559 574.50000000 0.52108992 0.54419289 0.54529400
0.52587506 1646.80000000 0.48590051 0.54908184 0.54005549
0.53606114 1902.70000000 0.53772131 0.51694085 0.55543211
0.54068304 1642.70000000 0.53529425 0.53073535 0.55996527
0.53454978 1642.40000000 0.53616458 0.53971014 0.52565324
0.53815858 1308.20000000 0.51802456 0.53112264 0.56398400
0.52543322 1502.70000000 0.54539360 0.52083374 0.50972185
0.53599557 820.70000000 0.56012430 0.53866019 0.50666521
0.53864972 668.20000000 0.52340413 0.56640024 0.52526964
0.53108009 804.10000000 0.54550000 0.52402109 0.52433764
0.53722444 801.70000000 0.55817817 0.55751098 0.49705375
0.51882704 1135.80000000 0.50637664 0.56187076 0.48418800
0.51941096 947.90000000 0.50822682 0.54579346 0.50198518
0.55359245 969.80000000 0.54253943 0.55664691 0.55841475
0.54022360 740.20000000 0.52785622 0.55824685 0.53703689
0.52411407 973.50000000 0.54046620 0.49381896 0.53749419
0.54170598 993.30000000 0.51007823 0.54311284 0.56669049
0.52007134 462.90000000 0.51508648 0.53806021 0.50428394
0.51315101 346.60000000 0.54742673 0.50444494 0.48686467
0.51020886 759.40000000 0.49958746 0.51195937 0.52114957
0.54630037 748.80000000 0.53990542 0.50650728 0.59400126
0.50177824 747.70000000 0.51475158 0.49112392 0.50144556
0.51560761 752.70000000 0.50104234 0.52805171 0.51894765
0.53402542 820.40000000 0.51302234 0.52832842 0.56197811
0.54479853 783.30000000 0.53986835 0.54787716 0.54198920
0.53332050 658.90000000 0.51272553 0.54193531 0.54691345
0.53472286 637.40000000 0.55026626 0.54718468 0.50694304
0.51309982 665.60000000 0.52162549 0.51646499 0.50259972
0.51841214 657.80000000 0.52869382 0.51405215 0.51313717
0.53600581 699.50000000 0.50445950 0.58238366 0.52185493
0.52185754 672.20000000 0.52951948 0.51057469 0.52350352
0.53958610 1276.90000000 0.55018155 0.52800889 0.53661015
0.55050515 1744.60000000 0.52019150 0.56304662 0.56894089
0.52763075 1277.90000000 0.52670628 0.51296324 0.53909067
0.53239739 1281.00000000 0.50566728 0.52799800 0.56690107
0.53920667 759.20000000 0.54277052 0.55578822 0.52032854
0.52911871 1046.70000000 0.52900765 0.55123986 0.50681745
0.52737452 418.50000000 0.54940564 0.50944422 0.52255802
0.51934462 685.40000000 0.49757824 0.53507875 0.52474801
0.50285814 430.30000000 0.49657708 0.48290915 0.52905219
0.52544005 428.40000000 0.51073059 0.49683908 0.56743577
0.52549233 830.90000000 0.49167722 0.55313707 0.52740149
0.54950058 1352.20000000 0.51076622 0.56506665 0.57220002
