4.00000000 0.00000000
4.00000000 0.00000000
4.00000000 0.00000000
4.00000000 0.00000000
4.00000000 0.00000000
4.00000000 0.00000000
4.00000000 0.00000000
4.00000000 0.00000000
4.00000000 0.00000000
4.00000000 0.00000000
4.00000000 0.00000000
4.00000000 0.00000000
4.17050000 0.54450000
4.16650000 0.52150000
4.17300000 0.53050000
4.17250000 0.55700000
4.16850000 0.55600000
4.16600000 0.55050000
4.17000000 0.55200000
4.17000000 0.55250000
4.18450000 0.53000000
4.16900000 0.52250000
4.17850000 0.54550000
4.17250000 0.51900000
4.02909091 0.51963636
4.03600000 0.50727273
4.02909091 0.49090909
4.02400000 0.51672727
4.02727273 0.52545455
4.02581818 0.52763636
4.03054545 0.52981818
4.02872727 0.54436364
4.02909091 0.55490909
4.02218182 0.50981818
4.02763636 0.54327273
4.03345455 0.53672727
4.00000000 0.54960000
4.00000000 0.54880000
4.00000000 0.52560000
4.00000000 0.53600000
4.00000000 0.28000000
4.00000000 0.50640000
4.00000000 0.28080000
4.00000000 0.27040000
4.00000000 0.29520000
4.00000000 0.54560000
4.00000000 0.28640000
4.00000000 0.29280000
4.00061350 0.52744831
4.00343521 0.55320010
4.00000000 0.54209271
4.00000000 0.56431114
4.00000000 0.54210407
4.00121942 0.51135727
3.99753844 0.51692040
4.01948798 0.52002351
4.01826019 0.52685475
4.01259143 0.54289446
4.00342215 0.54619906
4.02630617 0.51647074
3.76671684 0.53821578
4.16544517 0.53097543
3.79521074 0.54431576
3.78719178 0.55071168
3.76991787 0.54206500
3.78624048 0.54240190
3.78304149 0.53471881
4.12757508 0.53602276
4.13305677 0.55577953
4.12841896 0.53135837
4.16461192 0.54986526
4.13301422 0.55073219
4.18651207 0.50821189
3.78495433 0.53694397
4.18061731 0.53049676
4.17810162 0.53769812
4.19158955 0.30021097
4.15744247 0.53598553
4.17848810 0.26529625
3.77343840 0.35551937
3.78913226 0.33282440
3.78336405 0.52799316
3.79423487 0.35039424
3.78559433 0.36035062
4.00681818 0.11200366
4.09479664 0.19384231
4.00574713 0.11435475
3.99998694 0.10393156
4.00570794 0.46183386
4.02748171 0.10977011
4.01946186 0.41837774
4.00246156 0.54767098
4.00246156 0.53043248
4.00368098 0.19202833
4.09103613 0.53172006
4.00553283 0.54701204
4.04133310 0.38375948
4.17037199 0.48326049
4.00656851 0.35457591
4.01692823 0.40361488
4.02727914 0.55127843
4.01503262 0.42527773
4.02253571 0.53624581
4.17317890 0.54175894
4.16203380 0.53339161
4.18006993 0.47704934
4.18777195 0.52720474
4.17313034 0.57376651
4.08233220 0.53338096
4.09154768 0.52110004
4.08076362 0.51967412
4.06633937 0.52319431
4.08311193 0.54116002
3.97191604 0.52943975
3.97306511 0.53648468
4.08952079 0.53470897
4.09597989 0.56090873
4.08372803 0.52313854
4.08475773 0.55172970
4.09053656 0.54630494
3.87143104 0.44369472
4.02056261 0.39122576
3.87745787 0.48175117
3.87111346 0.47178685
3.87805664 0.43345375
3.90944928 0.43886907
3.87655880 0.49019310
4.02238909 0.37159105
4.01921160 0.37614469
4.02149261 0.35920992
4.00913033 0.35101378
4.02057517 0.36560890
3.99005828 0.56977415
4.04219949 0.39245524
3.98235687 0.52286139
3.98179528 0.54717079
3.99727096 0.53058406
3.99282375 0.53447575
3.99445085 0.52898428
4.04650469 0.44479966
4.05375107 0.40413470
4.05524297 0.38793691
4.05807758 0.40692668
4.05669224 0.39678176
4.24203089 0.53477564
4.03365916 0.53553822
4.23092463 0.52920066
4.23087121 0.55697358
4.26916278 0.09803807
4.25390443 0.55280692
4.24198718 0.09804779
4.02096108 0.11860239
4.02205998 0.11527533
4.01157792 0.52289782
4.01542104 0.11579139
4.02479509 0.11032724
4.11129066 0.18787699
3.87655334 0.18774524
4.11300411 0.18209932
4.09666365 0.19469945
4.10414548 0.56228901
4.11639850 0.17733626
4.11061851 0.54971210
3.86901230 0.54329888
3.87533942 0.54391038
3.87564245 0.21794125
3.86749536 0.52823135
3.88471317 0.53998380
4.02925097 0.54070001
4.07218507 0.52400292
4.02560010 0.53017888
4.02559591 0.53838339
4.02695740 0.53149428
4.01963470 0.53336475
4.02560638 0.52286875
4.08076970 0.53058883
4.06360652 0.52870562
4.06750365 0.53567151
4.06788819 0.52320343
4.06671936 0.54896340
4.01018755 0.20505115
4.04607653 0.30097866
4.01600597 0.20196078
4.01453538 0.22966752
4.00871697 0.22968883
4.01449275 0.20641517
4.01161552 0.19034527
4.05552813 0.28966673
4.06205255 0.32268559
4.04232058 0.25962793
4.05366778 0.30481397
4.03955211 0.32446658
4.00000000 0.43657903
3.97024150 0.53787246
4.00000000 0.41601753
4.00000000 0.42132425
4.00000000 0.32521908
4.00000000 0.43807205
4.00000000 0.32521908
4.02994710 0.54411765
4.01037836 0.55198091
4.01565292 0.53944224
3.96163878 0.54276982
4.01605773 0.54824967
3.96975599 0.32308473
4.02101130 0.29647010
3.97808167 0.17053359
3.97545583 0.31390676
3.97150847 0.53045852
3.94652379 0.30643913
3.97370145 0.55633379
4.02258198 0.53884541
4.01837145 0.54457702
4.01942408 0.24135299
4.01679250 0.52417746
4.01732433 0.53672913
4.01749609 0.53282743
4.03030735 0.53982759
4.02639613 0.52029703
4.01649731 0.52854134
4.03200994 0.54932256
4.01221122 0.52292969
4.01914409 0.53514309
4.08564468 0.54148426
4.09257871 0.52765367
4.07267616 0.54757121
4.02856072 0.53108696
4.07091454 0.53893553
4.01306765 0.47489602
3.90964250 0.55045538
4.02285884 0.47681012
4.01765130 0.48203463
4.01437908 0.29131228
4.02089381 0.49379509
4.02219251 0.30833121
3.98645482 0.44840687
3.99549014 0.47177188
3.99435239 0.55269684
3.92357356 0.46950773
3.99020003 0.45443751
3.99895839 0.45171122
3.99669533 0.54668881
3.99475889 0.43337007
4.00001102 0.44701020
3.99738220 0.53778451
4.02834941 0.44333701
4.02465693 0.50312758
4.00791211 0.55461612
4.01287563 0.54998046
4.01452145 0.53744898
3.98647190 0.55624783
4.00396148 0.53546226
3.92932264 0.53023748
4.07379679 0.55847551
3.93227359 0.53084871
3.93855730 0.53024150
3.92953022 0.27814962
3.93110229 0.54824794
3.94050716 0.27460928
4.02352517 0.16066972
4.01763008 0.14893473
4.02287582 0.52643239
4.07446736 0.14761480
4.01307614 0.15283083
3.95934743 0.08205987
4.00000000 0.03203505
3.96574975 0.09035324
3.95898425 0.09035324
3.95295361 0.55122287
3.92016031 0.08772024
3.92431976 0.53687757
4.00000000 0.24703019
4.00000000 0.25621551
4.00000000 0.03839662
3.99743590 0.26502759
4.00000000 0.23816943
4.00085457 0.50260120
3.96316939 0.52300429
4.00001499 0.46192654
4.00347076 0.48781109
4.00433283 0.55100450
4.03805847 0.47146177
4.03116942 0.52685907
3.95486670 0.53704321
3.96755918 0.54144641
3.96975216 0.53090094
3.95704436 0.53002950
3.96230368 0.53704704
3.99897981 0.51287586
3.99838057 0.53663474
3.99277277 0.52119845
3.99176332 0.52938144
3.98864905 0.43228093
4.02166022 0.53456830
4.02785653 0.39626289
4.12231329 0.53342056
4.12231823 0.55207696
4.13486390 0.53866397
3.99797571 0.55325697
4.13204799 0.53868701
3.95990751 0.54352720
4.00103093 0.29407216
3.95466245 0.56257200
3.97852934 0.52085349
3.95828149 0.08180771
3.98825911 0.53867384
3.98380402 0.07209769
4.02993986 0.02474227
4.01443299 0.04129081
4.02164948 0.29523196
4.00104167 0.02684708
4.02373282 0.02888746
3.95774656 0.54940404
4.28738610 0.53404053
3.95587353 0.54567830
3.95773495 0.54412260
3.95401598 0.55000774
3.96737195 0.53821714
3.96489039 0.54847720
4.22632939 0.41478648
4.22394941 0.41537128
4.22341561 0.54796682
4.28505712 0.41419829
4.21231130 0.37989936
4.25073779 0.16115531
3.92353379 0.28807976
4.25654155 0.19019788
4.22052224 0.15009520
4.24961580 0.50671155
4.18672651 0.15937373
4.19022508 0.53694410
3.93691976 0.52141696
3.93318724 0.53357327
3.92603762 0.29023819
3.92540779 0.55938546
3.94530098 0.54226892
4.00595357 0.29087894
4.03392572 0.38680793
4.01338861 0.27970702
4.01268657 0.27448867
4.00970702 0.44346048
3.98513543 0.25442233
3.97690989 0.45084577
4.02625199 0.55587833
4.02055821 0.53007291
4.03248576 0.39544771
4.02815903 0.52484393
4.02388471 0.53295512
3.97221893 0.52972449
4.00000000 0.33491525
3.97538053 0.53323449
3.97714233 0.54414381
3.97397331 0.54765876
3.99227082 0.52794663
3.99296516 0.53745120
4.00000000 0.43432203
4.00000000 0.43926554
4.00000000 0.37686441
4.00000000 0.42963277
4.00000000 0.47974576
4.00908180 0.55636364
3.98139303 0.47468767
4.00239918 0.51961722
4.01148098 0.53725450
4.00763728 0.54444976
4.03057416 0.53486443
4.03582137 0.52915698
3.97324489 0.57212272
3.97542841 0.54024323
3.97470426 0.48584301
3.96876727 0.53721946
3.96728579 0.55724710
4.00000000 0.47796610
3.97678157 0.51248209
4.00000000 0.47468927
4.00000000 0.47144068
3.99833333 0.08096045
4.07398305 0.46449153
4.07062147 0.10618644
4.08266123 0.37637262
4.08160983 0.39537806
4.08583519 0.52022733
3.97713615 0.38621695
4.08968125 0.38692735
4.00468750 0.31250000
3.95714058 0.53215512
4.00937500 0.34687500
4.01406250 0.31406250
4.01250000 0.48906250
4.00156250 0.34375000
4.00000000 0.49062500
3.89468303 0.53614285
3.88855838 0.53792893
3.88395996 0.53642521
3.96297537 0.52511679
3.89008649 0.50797171
3.98130841 0.10373832
4.03286145 0.07988893
3.98831776 0.10280374
3.98878505 0.09205607
3.98271028 0.53411215
3.98084112 0.09766355
3.98551402 0.53925234
4.01358821 0.51724769
4.01642270 0.52752953
4.01534091 0.09401323
4.03455958 0.52976695
4.02265023 0.54447227
3.98790001 0.37115619
4.00493108 0.39111823
3.94223840 0.52819950
3.99273953 0.49947262
3.99447083 0.13387424
3.98754922 0.39709223
3.97268464 0.52161795
4.00295088 0.19018637
3.99803922 0.23448845
3.99803922 0.51229858
3.99803922 0.22376238
3.99803922 0.23649777
4.25179856 0.38273381
3.99801587 0.53179820
4.23525180 0.34316547
4.24388489 0.35179856
4.25179856 0.53093525
4.21151079 0.35251799
4.22589928 0.53021583
3.99801587 0.54450926
3.99801587 0.54529659
3.99801587 0.46068425
3.99801587 0.55246474
3.99801587 0.54611554
4.03626733 0.52969954
3.92563895 0.53304856
4.04985876 0.53148112
4.03908898 0.52578647
4.03514702 0.17274653
4.04814137 0.50596430
4.06402799 0.18411659
3.93775087 0.30716860
3.92424890 0.28189357
3.93669252 0.55309510
3.92598616 0.31754683
3.94189953 0.28986636
3.88763813 0.52233823
4.24244604 0.53237410
3.88581265 0.53950301
3.88274235 0.54593816
3.89436033 0.54102174
4.00398116 0.54254611
4.00154125 0.54652446
4.26043165 0.53453237
4.23525180 0.54172662
4.23956835 0.55035971
4.23093525 0.54820144
4.24388489 0.52805755
3.99801587 0.39668785
4.00000000 0.12812500
3.99801587 0.38235945
3.99801587 0.36207551
3.99801587 0.52825839
3.99801587 0.36646904
3.99801587 0.52307911
4.00000000 0.45625000
3.99843750 0.44375000
4.00000000 0.10625000
4.00000000 0.42656250
4.00000000 0.42031250
3.99803922 0.51428849
4.01074766 0.54065421
3.99803922 0.55172782
3.99803922 0.53106193
3.99803922 0.32506309
3.99803922 0.52024850
3.99803922 0.32317997
3.96401869 0.53411215
3.99205607 0.52616822
3.98925234 0.54485981
4.02570093 0.54205607
3.98644860 0.53785047
4.00002066 0.55955234
4.07951756 0.52958590
4.00500000 0.50460744
4.00086777 0.51123967
4.01247934 0.06652204
3.99336088 0.55690083
3.99668044 0.06816116
4.05141451 0.13275659
4.06955036 0.14013803
4.06766571 0.52813038
4.07839825 0.12610496
4.05439114 0.13684570
4.06138445 0.53180675
3.99752755 0.46373278
4.07507995 0.56326773
4.07433921 0.53734454
4.08098264 0.54511548
4.05880005 0.54622660
4.05511412 0.52959820
4.06238981 0.50128788
4.05570248 0.49465565
4.06652893 0.48878788
3.99918733 0.46128788
4.05741047 0.48798209
3.95656363 0.52492474
4.06249084 0.53248038
3.95445254 0.52992321
3.95617659 0.53571919
3.95734272 0.52858172
3.94285890 0.53764877
3.93784424 0.52510123
3.99950549 0.54018838
3.99541340 0.55251701
3.99232601 0.53099424
4.04710623 0.53965986
4.00000262 0.54477499
3.99641287 0.37785976
3.91196671 0.50811818
3.99796965 0.41885400
4.00771062 0.40188906
4.00307692 0.44542909
4.04559131 0.38811355
4.05172684 0.43419676
3.94343693 0.53802798
3.94016755 0.54460976
3.94034068 0.51930412
3.91563598 0.54634609
3.93707576 0.55002709
4.05262840 0.16919697
3.97466331 0.23541513
4.05260421 0.17296219
4.05513585 0.17867451
4.05705474 0.51829799
3.99872611 0.18820447
4.00062082 0.53042006
3.94973546 0.53563342
3.95446204 0.53693022
3.97075440 0.24182699
3.97422303 0.53437916
3.96349156 0.54598749
4.04741846 0.53002982
3.99031737 0.41907141
4.03897479 0.55440903
4.04872880 0.55018085
4.05034054 0.56219595
4.04254622 0.53361606
4.05358623 0.53295719
3.98911255 0.29350573
3.99033206 0.31638260
3.98914193 0.43233911
3.99034675 0.31767558
3.98793711 0.30186600
3.93814933 0.53604965
4.02978312 0.44986294
3.94114067 0.53692467
3.96391890 0.52491860
3.94629273 0.35913127
3.98111218 0.53092719
3.98323960 0.37199571
4.05322099 0.27817867
4.04943965 0.24776667
4.05512779 0.48543901
4.02155527 0.26748367
4.06023140 0.26997904
3.98670291 0.52412577
4.02208744 0.52483925
3.98429327 0.53380840
3.98795181 0.50498090
3.99036145 0.46256244
4.00240964 0.52662357
3.99277108 0.42393476
4.02079297 0.55504463
4.02663395 0.53556411
4.03053534 0.52548120
4.01072063 0.55179047
4.02663395 0.51868945
3.99729730 0.12388004
3.99729730 0.11964087
3.99729730 0.10077749
3.99729730 0.10198075
3.99729730 0.31188449
4.03124769 0.08578304
4.01627175 0.31691966
4.01771566 0.32225102
4.01906701 0.31845613
4.02860052 0.12523140
3.99729730 0.32802666
4.00958904 0.30475750
3.93331398 0.54880485
3.92524824 0.52776065
3.92481983 0.54122357
3.92883768 0.52999480
3.93465927 0.03581038
3.98075753 0.52865351
3.97225537 0.03805253
3.97002723 0.03310578
3.97763653 0.03402066
3.97492393 0.52959241
3.93733784 0.03492553
3.97134649 0.04073310
3.98827299 0.54592602
3.98927970 0.54657022
4.00871136 0.26675832
3.98860519 0.56567193
3.98927858 0.55025925
3.97420035 0.54858589
4.00603578 0.16354852
3.96951359 0.54862293
4.00469462 0.18531458
4.00603466 0.22387040
4.00938026 0.18330116
4.00570133 0.16889632
4.01888264 0.52295483
4.00267096 0.52150372
4.00673408 0.54588699
4.01144567 0.52762561
4.00606748 0.53298567
3.98585616 0.52758933
3.99191457 0.54044078
3.99057228 0.54441321
3.99059042 0.54312081
3.98249592 0.54583258
4.00740976 0.55322873
3.98921186 0.53906222
4.03280442 0.52499855
4.09369369 0.52702703
4.04357164 0.55082244
4.03819239 0.54709096
4.05002034 0.53474862
3.99031677 0.52558268
3.99515838 0.53307178
4.03153153 0.36126126
4.01531532 0.38558559
4.03153153 0.51891892
4.08108108 0.34954955
4.02522523 0.37837838
3.98193971 0.53880360
4.01111995 0.51168140
3.96606077 0.53999526
3.97301232 0.54276001
3.97082623 0.53087005
4.00476250 0.53124793
3.99722518 0.53503139
4.08586060 0.52931624
4.10424403 0.54272178
4.08738874 0.54810197
4.00344975 0.52319334
4.09352638 0.52396257
3.96934424 0.56114353
4.12304253 0.55070718
3.97124816 0.54809313
3.96051135 0.55234011
3.97241085 0.53353669
4.04177424 0.54237253
4.04216622 0.53775715
3.95078240 0.52827707
3.94245321 0.53443556
3.95813314 0.54177505
4.12681770 0.53622364
3.95276771 0.53344054
4.05495495 0.02702703
4.01129904 0.02904969
4.04954955 0.01891892
4.05585586 0.01981982
4.07207207 0.15855856
4.00000000 0.01621622
4.00270270 0.16666667
4.06939552 0.26630631
4.05593432 0.25067422
4.04948561 0.03550131
4.02043592 0.24637605
4.06238884 0.27005231
4.00868396 0.26025012
3.99615385 0.38474061
4.01084619 0.28200094
4.00544647 0.29603787
4.01085788 0.37640252
4.00327256 0.26886396
4.00002338 0.36863020
4.03159809 0.49805009
4.02698867 0.47873584
4.03240906 0.39781157
3.99614788 0.45881336
4.02621348 0.50425164
3.96903037 0.54458729
4.06257168 0.54380056
3.97895623 0.52228514
3.97936605 0.55163249
3.98679727 0.54705982
4.00166820 0.51528926
4.00001020 0.54707513
4.07579493 0.53771377
4.05899386 0.53911930
4.05685228 0.54056196
4.07365207 0.53161290
4.05006656 0.53699053
4.02302145 0.21848402
4.06936394 0.14605930
4.02206813 0.23642938
4.02175863 0.23801460
4.01987183 0.52681289
4.03500486 0.24653096
4.03058945 0.55075095
4.08353419 0.55884744
4.08598517 0.55201100
4.10012673 0.15632233
4.09384983 0.54957915
4.10065519 0.53149689
3.99821429 0.55857927
4.00000000 0.30545455
3.99821429 0.54009481
3.99821429 0.54188409
3.99821429 0.30682920
3.99821429 0.56215783
3.99761905 0.34030867
4.01097643 0.12252525
4.02730640 0.12235690
4.02010101 0.32350168
4.00000000 0.13154882
4.02370370 0.08952862
3.99846154 0.54352415
3.99821429 0.52272954
3.99692308 0.54276685
3.99614192 0.53045915
3.99615385 0.53115683
4.03317829 0.54047704
4.04164580 0.52271914
4.00240590 0.52752709
3.99821429 0.54545195
3.99821429 0.50542843
3.99821429 0.52863559
3.99821429 0.50713573
4.05972222 0.44190732
4.03751265 0.49463623
4.06577829 0.46836662
4.05577189 0.45153738
4.05897209 0.19843574
4.04038914 0.45476062
4.03968382 0.21201229
4.04256989 0.25375771
4.03499395 0.24401028
4.03122235 0.48014801
4.03216277 0.21848501
4.03657520 0.24118108
4.06204448 0.53787661
3.96862565 0.51816481
4.08745098 0.55887135
4.06008847 0.51537542
4.06986848 0.50220230
4.07520803 0.53489479
4.06695600 0.48853898
4.06690644 0.52355202
4.06152944 0.53383498
4.04666191 0.53755569
3.96451212 0.52970955
4.05615073 0.54957147
4.00000000 0.23777778
4.08574100 0.34581580
4.00000000 0.23962963
4.00000000 0.24700337
4.00000000 0.41508418
4.00000000 0.23599327
4.00000000 0.34750842
3.99784946 0.52394811
3.99677419 0.53577606
3.99784946 0.37304815
4.07379617 0.53135811
3.99676251 0.55092333
4.00000000 0.41228070
4.05443395 0.51037360
4.00000000 0.35614035
4.00000000 0.40000000
4.00000000 0.34912281
4.07368421 0.38771930
4.05263158 0.37368421
4.01524412 0.53653778
4.01525006 0.53540924
4.01472737 0.52013542
4.04684010 0.53871169
4.01470658 0.54302388
4.02463768 0.49178744
4.10792769 0.55076574
4.02463768 0.51014493
4.02028986 0.51207729
4.02318841 0.40338164
4.02801932 0.50483092
4.03478261 0.41884058
4.04436712 0.52961165
4.05375196 0.52697668
4.04535853 0.55775236
4.10972589 0.53978529
4.03977451 0.53597909
4.04397163 0.54290780
4.12257789 0.52786358
4.04042553 0.54503546
4.05283688 0.55815603
4.04609929 0.54503546
4.01631206 0.55815603
4.01418440 0.53510638
4.10868427 0.53326898
4.11989165 0.54330011
4.10943851 0.54292449
4.11487384 0.55452396
4.11023016 0.55606986
4.01666667 0.12196970
4.00369521 0.11138294
4.01818182 0.10984848
4.01666667 0.11818182
4.02045455 0.55227273
4.00757576 0.12272727
4.00681818 0.52651515
4.01285253 0.52502548
4.00645600 0.51749915
4.00830785 0.11326028
4.00000000 0.54709480
4.00368671 0.50723751
4.10971458 0.25663418
4.00959370 0.23679993
4.11443787 0.34930386
4.11681866 0.17580926
4.11030978 0.38107901
4.11620606 0.24718761
4.12684302 0.49612948
4.01439754 0.30799553
4.00412357 0.41411798
4.00480384 0.28676265
4.01918274 0.44143137
4.00480384 0.43805796
3.87825333 0.52582386
3.64876809 0.56063677
3.89076803 0.53207680
3.88043201 0.51957974
3.87356093 0.53864714
3.89639988 0.51552214
3.89045063 0.53363245
3.63762968 0.53731572
3.64201929 0.52719310
3.64370621 0.54778415
3.63019497 0.52551188
3.64336837 0.55792042
3.93742221 0.53659920
4.15242754 0.54047939
3.92474406 0.54683004
3.91656240 0.55618936
3.91738374 0.55338575
3.99591502 0.54803781
3.99386751 0.52965373
4.19358974 0.54231381
4.18047165 0.54049162
4.17775060 0.55000408
4.17142391 0.53596266
4.17006237 0.50975093
3.99894737 0.51544233
3.98877152 0.53879108
4.00000000 0.53111982
4.00000000 0.55228443
4.00000000 0.12601344
3.99683091 0.54796193
3.99894737 0.12071669
3.99440532 0.09704617
3.99581377 0.07175274
3.99297731 0.51899452
3.99583333 0.09278169
3.99301643 0.08014476
4.07151063 0.54104176
3.98109863 0.46494382
4.06358485 0.54365005
4.07504270 0.51990374
4.07328055 0.29665425
4.03793666 0.54101848
4.04418569 0.34068468
3.98888889 0.23579276
3.98333333 0.25808989
3.98554307 0.45826467
3.98774032 0.24586767
3.98220974 0.22353308
3.98291854 0.36991445
4.03917887 0.32472803
3.97950513 0.32737355
3.99659523 0.33799977
3.98253687 0.53248070
3.98633483 0.35889503
3.98026990 0.53592004
4.05503487 0.52312587
4.05085077 0.54105997
4.05961123 0.32764296
4.04168759 0.51687064
4.04751743 0.53980649
4.08375137 0.52740570
4.01111617 0.52032454
4.07784585 0.52245844
4.06169730 0.54099771
4.08867943 0.54100411
4.05811908 0.53507183
4.05183944 0.54552140
4.00889597 0.56097766
4.01238601 0.52828632
4.01175614 0.52478415
4.01175412 0.55303104
4.01303306 0.53620362
4.11948103 0.53853428
4.08671101 0.52821877
4.10462400 0.52834628
4.09451199 0.52153270
4.13275920 0.12535742
4.09030451 0.51728301
4.11311775 0.12371665
3.91085735 0.08974132
3.90600887 0.11038433
3.90720251 0.51240946
4.07882114 0.10795270
3.92782705 0.08736142
4.06498896 0.36475938
4.00000000 0.13559507
4.06628256 0.35283885
4.06165121 0.35082119
4.06369095 0.52912141
4.00198675 0.35806181
4.00597351 0.55504636
4.01523948 0.37431060
4.01527576 0.29394049
4.02293179 0.14709724
4.00000000 0.29390421
4.01520319 0.32801161
4.11136988 0.53587486
3.98715798 0.53263669
4.10504319 0.53591584
4.12335105 0.54755039
4.10803101 0.44315172
4.03524474 0.53989590
4.04654928 0.45543854
4.09044286 0.34731747
4.09190119 0.33300493
4.09241331 0.54544457
3.98617276 0.31670243
4.09237673 0.34038433
4.03278663 0.05093019
3.97224502 0.07173337
4.04074533 0.06022026
4.03808653 0.05226352
4.03099312 0.52260374
4.01461554 0.05669027
4.01948476 0.54608653
3.94267849 0.56740384
3.93439992 0.54254084
3.93835286 0.07787445
3.96721035 0.55191673
3.93763473 0.53319482
3.96305263 0.33378947
4.01098671 0.51337352
3.95780702 0.36300000
3.97622807 0.35763158
3.97094737 0.54891228
3.94594737 0.34698246
3.97228070 0.51312281
4.00000000 0.54944636
4.00000000 0.53844119
4.00000000 0.48355069
4.00471826 0.54558317
4.00000000 0.55268824
4.01766074 0.36549932
4.21779710 0.55403738
4.01763338 0.41247606
4.02235294 0.36196990
4.02001368 0.50179207
4.07636115 0.36659371
4.08222982 0.50061560
4.20360368 0.55692122
4.19699097 0.51720916
4.20122954 0.54419431
4.21303094 0.52291424
4.20971340 0.54935840
3.94986116 0.53231879
4.08257536 0.45851401
3.94132528 0.52634872
3.94218175 0.55316444
3.93239091 0.50296069
3.97789939 0.51360801
3.98088532 0.48384782
4.00000000 0.20605500
4.00000000 0.16850873
4.00000000 0.49093072
4.06800635 0.16689582
4.00000000 0.16702803
4.24081319 0.54676278
3.97220910 0.30134714
4.24470179 0.53157764
4.21501504 0.53868893
4.24241054 0.08930090
4.25758013 0.54161083
4.23565190 0.08123224
3.99857235 0.03656612
3.99199227 0.04390833
4.00293581 0.30730464
3.96562366 0.04094568
3.99706956 0.03509553
4.01061724 0.54305901
3.95292756 0.54900831
4.00873835 0.54492236
4.01563665 0.54741071
4.00373447 0.52931677
4.04618012 0.55303183
4.05244565 0.54556289
3.88072050 0.52916717
3.87582661 0.54797398
3.88037450 0.54832850
3.95640701 0.54794961
3.88525621 0.53123949
3.78906578 0.53114649
3.97352771 0.54575100
3.78604061 0.54931036
3.78049787 0.52857253
3.77189407 0.28834538
3.75820130 0.54024509
3.75720402 0.28220787
3.97430843 0.32743614
3.96069398 0.33867631
3.98193253 0.54012530
3.96910040 0.33909237
3.96990683 0.33024739
4.27191582 0.32999989
3.99295960 0.11493939
4.27574668 0.33805856
4.26902956 0.34552983
4.26730928 0.54419049
4.25599722 0.32175020
4.25541091 0.54899522
3.98086869 0.52221212
3.99091919 0.49998990
3.98688889 0.12697980
3.98588889 0.49393939
3.98791919 0.47574747
4.01577381 0.53207418
4.04420690 0.53446962
4.04950307 0.46313564
4.01908263 0.53135908
4.03006356 0.54161145
4.02896197 0.49469538
4.05538273 0.33993213
4.01837767 0.51092939
4.02468966 0.45117570
4.02236782 0.34101806
4.00977997 0.36619704
4.02813793 0.31859442
4.12239104 0.38503932
3.98581576 0.56384805
4.11173531 0.37345728
4.12800880 0.40619086
4.12395708 0.41673997
4.12070505 0.39303612
4.13703185 0.38824470
4.02498860 0.54812061
4.01203514 0.53948053
4.02037227 0.55059449
3.99229440 0.55090503
4.02190123 0.57435043
4.02696975 0.06062360
3.99802957 0.16668810
4.02022031 0.05870052
4.02311426 0.05197909
4.02504668 0.20210978
4.08470874 0.06831591
4.10201643 0.20395818
3.97938176 0.49606236
3.97740812 0.49051752
3.97184721 0.18566485
4.00261974 0.50033323
3.96629058 0.50555448
4.15556939 0.53328250
4.24191481 0.52443755
4.14887803 0.53130777
4.15360866 0.54155800
4.16225608 0.53171237
4.13981980 0.56832031
4.15084342 0.52933771
4.31270885 0.54504549
4.28571547 0.53408189
4.29157155 0.53089330
4.26193135 0.53345740
4.28641439 0.52512821
3.95196734 0.55791942
3.95273148 0.26871914
3.92551801 0.53785307
3.94040700 0.48526855
3.94710134 0.51382979
3.92884758 0.56217381
3.89266903 0.52842779
3.98756173 0.52734568
3.99503086 0.53106481
3.99251543 0.22763889
3.95657407 0.55601852
3.99129630 0.50629630
3.94860335 0.52960894
3.95444193 0.52821758
3.95977654 0.54189944
3.96368715 0.51787709
3.96089385 0.55363128
3.97597765 0.54134078
3.96145251 0.54692737
3.98002259 0.53212121
3.98263693 0.54603990
3.97959910 0.56340674
3.95007152 0.53557500
3.98827216 0.54904950
3.99292778 0.51443912
4.05054984 0.53576970
3.99435121 0.54140446
3.99435121 0.51799021
3.99505544 0.55330636
3.99224353 0.54130956
3.99647388 0.54135451
4.00933229 0.54937230
4.00486591 0.53207679
4.00796720 0.53227172
4.05171318 0.53926881
4.00291488 0.53266613
4.03433013 0.54873135
4.00000000 0.51837489
4.03364049 0.55149932
4.04668126 0.54838417
4.05113331 0.55663277
4.02333710 0.56279245
4.01990656 0.56110601
4.07308668 0.50130613
4.07362370 0.49093534
4.06687446 0.54642163
4.00467131 0.49248435
4.08138493 0.48936475
4.00138676 0.55635347
4.00848906 0.54704476
3.99630270 0.54759131
3.99908474 0.53973374
4.00046936 0.20515233
4.04990399 0.52910480
4.04483060 0.18484383
4.04837027 0.10259308
4.04411850 0.10685934
4.04327104 0.56999131
4.00679415 0.10522237
4.05851804 0.10772852
4.00000000 0.11460877
3.95184890 0.40948069
4.00000000 0.12066938
4.00000000 0.10691995
4.00000000 0.36433740
4.00000000 0.15651289
4.00000000 0.33267752
4.00074627 0.53154173
3.99328917 0.54684583
3.99254290 0.41693639
3.95557745 0.55841579
3.98395243 0.53676841
4.04219989 0.18643575
4.00043996 0.54845835
4.03080381 0.22350608
4.03572184 0.19299313
4.05010576 0.15880487
3.99677419 0.18632998
3.99510841 0.13598625
3.97705193 0.47237108
3.98428237 0.46642445
3.97874865 0.54885142
4.00084205 0.50130004
3.97534439 0.48384782
4.21824421 0.54795448
3.99885089 0.53935705
4.24002057 0.53043012
4.23854958 0.53565680
4.21350487 0.54980104
4.22391129 0.53047930
4.22437181 0.53706519
3.99767442 0.49362517
3.99767442 0.48541724
3.99767442 0.53350205
3.99767442 0.47009576
3.99767442 0.49355677
3.88771107 0.28007846
4.01123835 0.16104037
3.90305426 0.28671938
3.89049122 0.26858142
3.89257328 0.54934578
3.99161448 0.27100826
3.98187544 0.55006457
4.06370730 0.52491848
4.05867236 0.54871506
4.05871506 0.18354037
3.99749612 0.53868012
4.06555512 0.53685171
3.99850794 0.53545513
4.24791308 0.54964423
4.01388471 0.51133534
3.99486368 0.53255689
4.00003757 0.00878059
3.97952447 0.50186239
3.97658866 0.01025118
4.24277357 0.02062442
4.24436054 0.02224665
4.25015559 0.54900633
4.24662587 0.02965979
4.24854787 0.03642672
