0.00000000 50.00000000
0.00000000 50.00000000
0.00000000 50.00000000
0.00000000 50.00000000
0.00000000 50.00000000
0.00000000 50.00000000
0.00000000 50.00000000
0.00000000 50.00000000
0.00000000 50.00000000
0.00000000 50.00000000
0.48796001 200.00000000
0.48796001 200.00000000
0.48796001 200.00000000
0.48796001 200.00000000
0.48796001 200.00000000
0.48796001 200.00000000
0.48796001 200.00000000
0.48796001 200.00000000
0.48796001 200.00000000
0.48796001 200.00000000
0.25407767 275.00000000
0.25407767 275.00000000
0.24854030 275.00000000
0.25407767 275.00000000
0.74261651 275.00000000
0.74708024 275.00000000
0.74261651 275.00000000
0.74708024 275.00000000
0.24854030 275.00000000
0.74708024 275.00000000
0.76074603 125.00000000
0.76074603 125.00000000
0.73894957 125.00000000
0.76074603 125.00000000
0.23913241 125.00000000
0.24639651 125.00000000
0.23913241 125.00000000
0.24639651 125.00000000
0.73894957 125.00000000
0.24639651 125.00000000
0.88258102 162.50000000
0.88258102 162.50000000
0.86874821 162.50000000
0.88258102 162.50000000
0.88258102 162.50000000
0.86874821 162.50000000
0.88258102 162.50000000
0.86874821 162.50000000
0.86874821 162.50000000
0.86874821 162.50000000
0.38327861 312.50000000
0.38327861 312.50000000
0.38311770 312.50000000
0.38327861 312.50000000
0.38327861 312.50000000
0.38311770 312.50000000
0.38327861 312.50000000
0.38311770 312.50000000
0.38311770 312.50000000
0.38311770 312.50000000
0.61659371 237.50000000
0.61659371 237.50000000
0.61296869 237.50000000
0.61659371 237.50000000
0.10917400 237.50000000
0.12671500 237.50000000
0.10917400 237.50000000
0.12671500 237.50000000
0.61296869 237.50000000
0.12671500 237.50000000
0.12449060 87.50000000
0.12449060 87.50000000
0.11877458 87.50000000
0.12449060 87.50000000
0.64103971 87.50000000
0.63955420 87.50000000
0.64103971 87.50000000
0.63955420 87.50000000
0.11877458 87.50000000
0.63955420 87.50000000
0.45859637 106.30000000
0.42924572 218.80000000
0.45859637 106.30000000
0.45859637 106.30000000
0.93125551 106.30000000
0.93125551 106.30000000
0.94136293 218.80000000
0.94136293 218.80000000
0.42924572 218.80000000
0.94136293 218.80000000
0.93830699 256.30000000
0.92695735 68.80000000
0.93830699 256.30000000
0.93830699 256.30000000
0.42893019 256.30000000
0.42893019 256.30000000
0.45168648 68.80000000
0.45168648 68.80000000
0.92695735 68.80000000
0.45168648 68.80000000
0.19794450 331.30000000
0.17865250 143.80000000
0.19833730 331.30000000
0.19794450 331.30000000
0.19794450 331.30000000
0.19833730 331.30000000
0.17865250 143.80000000
0.18468866 143.80000000
0.18468866 143.80000000
0.18468866 143.80000000
0.70767113 181.30000000
0.67918599 293.80000000
0.68970584 181.30000000
0.70767113 181.30000000
0.70767113 181.30000000
0.68970584 181.30000000
0.67918599 293.80000000
0.67406051 293.80000000
0.67406051 293.80000000
0.67406051 293.80000000
0.55612706 143.80000000
0.57443291 331.30000000
0.55796327 143.80000000
0.55612706 143.80000000
0.07296074 143.80000000
0.06121141 143.80000000
0.06704384 331.30000000
0.06822425 331.30000000
0.57111408 331.30000000
0.06822425 331.30000000
0.06535877 293.80000000
0.06295872 181.30000000
0.07084876 293.80000000
0.06535877 293.80000000
0.54518781 293.80000000
0.56833023 293.80000000
0.56340227 181.30000000
0.55209365 181.30000000
0.06120105 181.30000000
0.55209365 181.30000000
0.80978032 218.80000000
0.83408823 106.30000000
0.80588698 218.80000000
0.80978032 218.80000000
0.80978032 218.80000000
0.80588698 218.80000000
0.83408823 106.30000000
0.83043832 106.30000000
0.83043832 106.30000000
0.83043832 106.30000000
0.29323408 68.80000000
0.32201203 256.30000000
0.30214764 68.80000000
0.29323408 68.80000000
0.29323408 68.80000000
0.30214764 68.80000000
0.32201203 256.30000000
0.32740318 256.30000000
0.32740318 256.30000000
0.32740318 256.30000000
0.67658881 78.10000000
0.65830367 134.40000000
0.69053605 78.10000000
0.67658881 78.10000000
0.85421477 78.10000000
0.86961393 78.10000000
0.84220086 134.40000000
0.84805604 134.40000000
0.65523843 134.40000000
0.84805604 134.40000000
0.15115191 228.10000000
0.15875600 284.40000000
0.15866081 228.10000000
0.15115191 228.10000000
0.34266791 228.10000000
0.35273929 228.10000000
0.33938292 284.40000000
0.34191392 284.40000000
0.15868982 284.40000000
0.34191392 284.40000000
0.89914097 303.10000000
0.91020961 209.40000000
0.89914097 303.10000000
0.89914097 303.10000000
0.10114434 303.10000000
0.10114434 303.10000000
0.07735640 209.40000000
0.07735640 209.40000000
0.91020961 209.40000000
0.07735640 209.40000000
0.41283170 153.10000000
0.40837290 59.40000000
0.41283170 153.10000000
0.41283170 153.10000000
0.59966311 153.10000000
0.59966311 153.10000000
0.60741285 59.40000000
0.60741285 59.40000000
0.40837290 59.40000000
0.60741285 59.40000000
0.28202398 190.60000000
0.28225528 96.90000000
0.28181997 190.60000000
0.28202398 190.60000000
0.21443560 190.60000000
0.21725660 190.60000000
0.21298538 96.90000000
0.21853288 96.90000000
0.28603795 96.90000000
0.21853288 96.90000000
0.70883287 340.66666667
0.77297961 246.90000000
0.71970412 340.66666667
0.71760480 340.66666667
0.65810951 340.66666667
0.67957134 340.66666667
0.71138242 246.90000000
0.71647907 246.90000000
0.78210030 246.90000000
0.71647907 246.90000000
0.03651393 265.60000000
0.02949618 321.90000000
0.03504875 265.60000000
0.03651393 265.60000000
0.96498297 265.60000000
0.97171967 265.60000000
0.97021381 321.90000000
0.96677770 321.90000000
0.03109455 321.90000000
0.96677770 321.90000000
0.52971591 115.60000000
0.52275653 171.90000000
0.50190584 115.60000000
0.52971591 115.60000000
0.45970636 115.60000000
0.43253904 115.60000000
0.45809850 171.90000000
0.46711660 171.90000000
0.53465069 171.90000000
0.46711660 171.90000000
0.85764977 96.90000000
0.84196739 303.10000000
0.83577898 96.90000000
0.85764977 96.90000000
0.17454459 96.90000000
0.16866717 96.90000000
0.16088405 303.10000000
0.15225042 303.10000000
0.83590752 303.10000000
0.15225042 303.10000000
0.34767780 246.90000000
0.32393327 153.10000000
0.35372717 246.90000000
0.34767780 246.90000000
0.65278545 246.90000000
0.65530081 246.90000000
0.63874420 153.10000000
0.64945743 153.10000000
0.34198151 153.10000000
0.64945743 153.10000000
0.59344760 321.90000000
0.60921484 78.10000000
0.59344760 321.90000000
0.59344760 321.90000000
0.90777947 321.90000000
0.90777947 321.90000000
0.90786323 78.10000000
0.90786323 78.10000000
0.60921484 78.10000000
0.90786323 78.10000000
0.07618130 171.90000000
0.10397798 228.10000000
0.07618130 171.90000000
0.07618130 171.90000000
0.39010862 171.90000000
0.39010862 171.90000000
0.39863424 228.10000000
0.39863424 228.10000000
0.10397798 228.10000000
0.39863424 228.10000000
0.23007668 134.40000000
0.22017239 265.60000000
0.21054089 134.40000000
0.23007668 134.40000000
0.79367602 134.40000000
0.77374299 134.40000000
0.76254648 265.60000000
0.76923282 265.60000000
0.22469449 265.60000000
0.76923282 265.60000000
0.70898943 284.40000000
0.71231999 115.60000000
0.69878496 284.40000000
0.70898943 284.40000000
0.29098802 284.40000000
0.28225653 284.40000000
0.27568385 115.60000000
0.28335045 115.60000000
0.70944392 115.60000000
0.28335045 115.60000000
0.46548436 209.40000000
0.46225075 190.60000000
0.45134067 209.40000000
0.46548436 209.40000000
0.02964503 209.40000000
0.02957897 209.40000000
0.02464749 190.60000000
0.03147816 190.60000000
0.45702211 190.60000000
0.03147816 190.60000000
0.96299240 59.40000000
0.95454909 340.66666667
0.97141058 59.40000000
0.96299240 59.40000000
0.58070719 59.40000000
0.54212189 59.40000000
0.48998761 340.66666667
0.57751224 340.66666667
0.88400459 340.66666667
0.50321800 340.66666667
0.55161248 64.00000000
0.54318742 92.20000000
0.52609051 64.00000000
0.55161248 64.00000000
0.67039339 64.00000000
0.66454098 64.00000000
0.67300882 92.20000000
0.66767280 92.20000000
0.52958558 92.20000000
0.66767280 92.20000000
0.04667420 214.00000000
0.04831001 242.20000000
0.04434991 214.00000000
0.04667420 214.00000000
0.16991325 214.00000000
0.15070306 214.00000000
0.16672392 242.20000000
0.17422548 242.20000000
0.04750221 242.20000000
0.17422548 242.20000000
0.79807915 289.00000000
0.80827209 317.20000000
0.78853914 289.00000000
0.79807915 289.00000000
0.42444972 289.00000000
0.42605883 289.00000000
0.44843906 317.20000000
0.44797310 317.20000000
0.80050078 317.20000000
0.44797310 317.20000000
0.27537900 139.00000000
0.27465586 167.20000000
0.27777915 139.00000000
0.27537900 139.00000000
0.92029366 139.00000000
0.91146921 139.00000000
0.91435860 167.20000000
0.91622341 167.20000000
0.27775246 167.20000000
0.91622341 167.20000000
0.41582694 176.50000000
0.41646885 129.70000000
0.42340745 176.50000000
0.41582694 176.50000000
0.27926826 176.50000000
0.29265577 176.50000000
0.28615068 129.70000000
0.28295316 129.70000000
0.40100303 129.70000000
0.28295316 129.70000000
0.92465872 326.50000000
0.92206241 279.70000000
0.91921393 326.50000000
0.92465872 326.50000000
0.80028870 326.50000000
0.79221677 326.50000000
0.78165721 279.70000000
0.78168123 279.70000000
0.92156574 279.70000000
0.78168123 279.70000000
0.17139700 251.50000000
0.16993613 204.70000000
0.17815423 251.50000000
0.17139700 251.50000000
0.55033370 251.50000000
0.55049054 251.50000000
0.53767782 204.70000000
0.52832035 204.70000000
0.15933401 204.70000000
0.52832035 204.70000000
0.66509210 101.50000000
0.65384998 54.70000000
0.67906120 101.50000000
0.66509210 101.50000000
0.04330835 101.50000000
0.05126533 101.50000000
0.05290411 54.70000000
0.04764550 54.70000000
0.68229317 54.70000000
0.04764550 54.70000000
0.98756141 120.30000000
0.98433462 261.00000000
0.99251998 120.30000000
0.98756141 120.30000000
0.35784326 120.30000000
0.34800604 120.30000000
0.36788173 261.00000000
0.37826158 261.00000000
0.98426591 261.00000000
0.37826158 261.00000000
0.47690294 270.30000000
0.46841839 111.00000000
0.47542234 270.30000000
0.47690294 270.30000000
0.85141200 270.30000000
0.85589102 270.30000000
0.85328516 111.00000000
0.86556561 111.00000000
0.47945818 111.00000000
0.86556561 111.00000000
0.63489668 344.33333333
0.73292990 186.00000000
0.63398538 344.33333333
0.76437973 344.33333333
0.52956103 344.33333333
0.65807273 344.33333333
0.60772124 186.00000000
0.61218307 186.00000000
0.74020187 186.00000000
0.61218307 186.00000000
0.23576863 195.30000000
0.27194538 335.93333333
0.23359363 195.30000000
0.23576863 195.30000000
0.11708256 195.30000000
0.11168697 195.30000000
0.16220599 335.93333333
0.16753881 335.93333333
0.27087544 335.93333333
0.16217456 335.93333333
0.10719076 157.80000000
0.10989761 298.50000000
0.10246680 157.80000000
0.10719076 157.80000000
0.73634449 157.80000000
0.73280276 157.80000000
0.72121933 298.50000000
0.71962286 298.50000000
0.12297764 298.50000000
0.71962286 298.50000000
0.60220769 307.80000000
0.58549512 148.50000000
0.61095854 307.80000000
0.60220769 307.80000000
0.23888844 307.80000000
0.22890056 307.80000000
0.21797494 148.50000000
0.21149888 148.50000000
0.60053214 148.50000000
0.21149888 148.50000000
0.35241151 232.80000000
0.34550979 73.50000000
0.36925637 232.80000000
0.35241151 232.80000000
0.47749190 232.80000000
0.48851562 232.80000000
0.49490742 73.50000000
0.51203579 73.50000000
0.37484043 73.50000000
0.51203579 73.50000000
0.87070232 82.80000000
0.86833699 223.50000000
0.86086036 82.80000000
0.87070232 82.80000000
0.98427858 82.80000000
0.98427609 82.80000000
0.98610630 223.50000000
0.98388373 223.50000000
0.85146879 223.50000000
0.98388373 223.50000000
0.14422307 73.50000000
0.12622959 176.50000000
0.16335102 73.50000000
0.14422307 73.50000000
0.44336240 73.50000000
0.49048603 73.50000000
0.43723226 176.50000000
0.43722116 176.50000000
0.12962881 176.50000000
0.43722116 176.50000000
0.62587814 223.50000000
0.63863325 326.50000000
0.63206727 223.50000000
0.62587814 223.50000000
0.94492683 223.50000000
0.95162509 223.50000000
0.95468754 326.50000000
0.95961760 326.50000000
0.64235467 326.50000000
0.95961760 326.50000000
0.38775791 298.50000000
0.39010800 251.50000000
0.39669446 298.50000000
0.38775791 298.50000000
0.69372233 298.50000000
0.70139021 298.50000000
0.69198471 251.50000000
0.68774202 251.50000000
0.36917285 251.50000000
0.68774202 251.50000000
0.89704019 148.50000000
0.88388650 101.50000000
0.88340460 148.50000000
0.89704019 148.50000000
0.20074869 148.50000000
0.19390277 148.50000000
0.19581270 101.50000000
0.19892650 101.50000000
0.88673931 101.50000000
0.19892650 101.50000000
0.75297569 186.00000000
0.75775183 64.00000000
0.76173707 186.00000000
0.75297569 186.00000000
0.56735034 186.00000000
0.56967689 186.00000000
0.58568033 64.00000000
0.59616835 64.00000000
0.77017285 64.00000000
0.59616835 64.00000000
0.35481244 335.93333333
0.25699064 214.00000000
0.35620185 335.93333333
0.31652334 335.93333333
0.19765581 335.93333333
0.15587058 335.93333333
0.07570449 214.00000000
0.07888420 214.00000000
0.24829430 214.00000000
0.07888420 214.00000000
0.50259932 261.00000000
0.52494497 289.00000000
0.48971111 261.00000000
0.50259932 261.00000000
0.33594340 261.00000000
0.32071776 261.00000000
0.34160607 289.00000000
0.33727149 289.00000000
0.51845847 289.00000000
0.33727149 289.00000000
0.01895385 111.00000000
0.01725673 139.00000000
0.01891131 111.00000000
0.01895385 111.00000000
0.82148240 111.00000000
0.83694805 111.00000000
0.82887250 139.00000000
0.84554851 139.00000000
0.01438879 139.00000000
0.84554851 139.00000000
0.29620573 92.20000000
0.32835913 344.33333333
0.33230778 92.20000000
0.29620573 92.20000000
0.50777489 92.20000000
0.50421859 92.20000000
0.48147644 344.33333333
0.48345595 344.33333333
0.32052297 344.33333333
0.47938054 344.33333333
0.81058710 242.20000000
0.83111308 195.30000000
0.82791278 242.20000000
0.81058710 242.20000000
0.01278282 242.20000000
0.01610217 242.20000000
0.01587194 195.30000000
0.01539082 195.30000000
0.83647390 195.30000000
0.01539082 195.30000000
0.07919781 317.20000000
0.08818321 120.30000000
0.08168433 317.20000000
0.07919781 317.20000000
0.28124057 317.20000000
0.27467031 317.20000000
0.27016853 120.30000000
0.22769851 120.30000000
0.06316255 120.30000000
0.22769851 120.30000000
0.57152975 167.20000000
0.58043085 270.30000000
0.56754804 167.20000000
0.57152975 167.20000000
0.76186611 167.20000000
0.75656341 167.20000000
0.76950828 270.30000000
0.75190765 270.30000000
0.56768922 270.30000000
0.75190765 270.30000000
0.70183248 129.70000000
0.70482959 232.80000000
0.71275965 129.70000000
0.70183248 129.70000000
0.38517710 129.70000000
0.38901972 129.70000000
0.39388943 232.80000000
0.38988206 232.80000000
0.69701615 232.80000000
0.38988206 232.80000000
0.20842959 279.70000000
0.21624022 82.80000000
0.20084130 279.70000000
0.20842959 279.70000000
0.89774503 279.70000000
0.88293170 279.70000000
0.88878091 82.80000000
0.90572454 82.80000000
0.20691854 82.80000000
0.90572454 82.80000000
0.95263235 204.70000000
0.94938684 157.80000000
0.95450610 204.70000000
0.95263235 204.70000000
0.65025428 204.70000000
0.65286326 204.70000000
0.63773502 157.80000000
0.64801797 157.80000000
0.95747695 157.80000000
0.64801797 157.80000000
0.47033479 54.70000000
0.45242816 307.80000000
0.48488215 54.70000000
0.47033479 54.70000000
0.15160207 54.70000000
0.16469096 54.70000000
0.14321931 307.80000000
0.13833271 307.80000000
0.45286601 307.80000000
0.13833271 307.80000000
0.84595753 57.00000000
0.84290611 244.50000000
0.81618810 57.00000000
0.84595753 57.00000000
0.24045883 57.00000000
0.25073027 57.00000000
0.21342378 244.50000000
0.20449607 244.50000000
0.83321481 244.50000000
0.20449607 244.50000000
0.32118520 207.00000000
0.34183651 94.50000000
0.31970950 207.00000000
0.32118520 207.00000000
0.69299718 207.00000000
0.70764060 207.00000000
0.71957447 94.50000000
0.71554362 94.50000000
0.31913494 94.50000000
0.71554362 94.50000000
0.59110211 282.00000000
0.59385429 169.50000000
0.58338413 282.00000000
0.59110211 282.00000000
0.96137783 282.00000000
0.96167740 282.00000000
0.96043807 169.50000000
0.95865647 169.50000000
0.58655617 169.50000000
0.95865647 169.50000000
0.08629670 132.00000000
0.10087430 319.50000000
0.09840349 132.00000000
0.08629670 132.00000000
0.44139559 132.00000000
0.44790829 132.00000000
0.47600469 319.50000000
0.47886484 319.50000000
0.09038689 319.50000000
0.47886484 319.50000000
0.19994283 169.50000000
0.22440522 282.00000000
0.21094769 169.50000000
0.19994283 169.50000000
0.82781879 169.50000000
0.83020519 169.50000000
0.83089299 282.00000000
0.82314765 282.00000000
0.21016226 282.00000000
0.82314765 282.00000000
0.71539386 319.50000000
0.70317316 132.00000000
0.71798084 319.50000000
0.71539386 319.50000000
0.35077380 319.50000000
0.36057886 319.50000000
0.32536518 132.00000000
0.32888362 132.00000000
0.70990969 132.00000000
0.32888362 132.00000000
0.44990839 244.50000000
0.44488808 57.00000000
0.45608388 244.50000000
0.44582873 244.50000000
0.08216563 244.50000000
0.08387810 244.50000000
0.07725996 57.00000000
0.10520914 57.00000000
0.52271735 57.00000000
0.10520914 57.00000000
0.96817112 94.50000000
0.95799721 207.00000000
0.96419652 94.50000000
0.96817112 94.50000000
0.59446606 94.50000000
0.56853854 94.50000000
0.57793824 207.00000000
0.57818414 207.00000000
0.95457267 207.00000000
0.57818414 207.00000000
0.65671008 113.30000000
0.65671008 113.30000000
0.66903724 113.30000000
0.65671008 113.30000000
0.76885327 113.30000000
0.78636275 113.30000000
0.76885327 113.30000000
0.78636275 113.30000000
0.66903724 113.30000000
0.78636275 113.30000000
0.16167282 263.30000000
0.14317073 263.30000000
0.14626047 263.30000000
0.16167282 263.30000000
0.27713335 263.30000000
0.27428593 263.30000000
0.27713335 263.30000000
0.27428593 263.30000000
0.14626047 263.30000000
0.27428593 263.30000000
0.83568217 338.33333333
0.83568217 338.33333333
0.82900003 338.33333333
0.86489449 338.33333333
0.07401152 338.33333333
0.09850771 338.33333333
0.10322384 338.33333333
0.06909347 338.33333333
0.85841428 338.33333333
0.09850771 338.33333333
0.39790058 188.30000000
0.39790058 188.30000000
0.39001505 188.30000000
0.39790058 188.30000000
0.52428516 188.30000000
0.52282775 188.30000000
0.52428516 188.30000000
0.52282775 188.30000000
0.39001505 188.30000000
0.52282775 188.30000000
0.26555676 150.80000000
0.26555676 150.80000000
0.27394985 150.80000000
0.26555676 150.80000000
0.15165958 150.80000000
0.14246204 150.80000000
0.15165958 150.80000000
0.14246204 150.80000000
0.27394985 150.80000000
0.14246204 150.80000000
0.76749115 300.80000000
0.76749115 300.80000000
0.77137475 300.80000000
0.76749115 300.80000000
0.64900179 300.80000000
0.65123754 300.80000000
0.64900179 300.80000000
0.65123754 300.80000000
0.77137475 300.80000000
0.65123754 300.80000000
0.02305113 225.80000000
0.02305113 225.80000000
0.02170762 225.80000000
0.02305113 225.80000000
0.89361043 225.80000000
0.89762960 225.80000000
0.89361043 225.80000000
0.89762960 225.80000000
0.02170762 225.80000000
0.89762960 225.80000000
0.50656281 75.80000000
0.50656281 75.80000000
0.53394885 75.80000000
0.50656281 75.80000000
0.39041042 75.80000000
0.37293224 75.80000000
0.39041042 75.80000000
0.37293224 75.80000000
0.53394885 75.80000000
0.37293224 75.80000000
0.51566565 85.10000000
0.50945842 328.90000000
0.50246531 85.10000000
0.51566565 85.10000000
0.93779964 85.10000000
0.92732851 85.10000000
0.93463983 328.90000000
0.92813505 328.90000000
0.49799644 328.90000000
0.92813505 328.90000000
0.99190568 235.10000000
0.98994713 178.90000000
0.98937579 235.10000000
0.99190568 235.10000000
0.42085075 235.10000000
0.43047248 235.10000000
0.43816679 178.90000000
0.43650779 178.90000000
0.99271818 178.90000000
0.43650779 178.90000000
0.24577731 310.10000000
0.24079297 103.90000000
0.26029019 310.10000000
0.24577731 310.10000000
0.18740144 310.10000000
0.19223311 310.10000000
0.18019435 103.90000000
0.16543902 103.90000000
0.22405509 103.90000000
0.16543902 103.90000000
0.74048315 160.10000000
0.74265794 253.90000000
0.74766514 160.10000000
0.74048315 160.10000000
0.67429432 160.10000000
0.68016324 160.10000000
0.68114577 253.90000000
0.66955220 253.90000000
0.73135239 253.90000000
0.66955220 253.90000000
0.61251471 197.60000000
0.61613888 216.40000000
0.62524416 197.60000000
0.61251471 197.60000000
0.05509509 197.60000000
0.04958324 197.60000000
0.05171845 216.40000000
0.05963291 216.40000000
0.62546351 216.40000000
0.05963291 216.40000000
0.20616165 347.66666667
0.13395816 66.40000000
0.21002513 347.66666667
0.25227116 347.66666667
0.55244212 347.66666667
0.59925032 347.66666667
0.56280927 66.40000000
0.55721393 66.40000000
0.13557214 66.40000000
0.55721393 66.40000000
0.85334691 272.60000000
0.86690870 141.40000000
0.86246254 272.60000000
0.85334691 272.60000000
0.79064325 272.60000000
0.79277450 272.60000000
0.80038032 141.40000000
0.79858931 141.40000000
0.86997663 141.40000000
0.79858931 141.40000000
0.35652540 122.60000000
0.37045555 291.40000000
0.38068964 122.60000000
0.35652540 122.60000000
0.29709040 122.60000000
0.31629990 122.60000000
0.31109385 291.40000000
0.30998384 291.40000000
0.36764819 291.40000000
0.30998384 291.40000000
0.05197703 103.90000000
0.06169506 197.60000000
0.05108648 103.90000000
0.05197703 103.90000000
0.12410465 103.90000000
0.12628967 103.90000000
0.12244062 197.60000000
0.11322785 197.60000000
0.05308491 197.60000000
0.11322785 197.60000000
0.53998386 253.90000000
0.62168419 347.66666667
0.54736302 253.90000000
0.53998386 253.90000000
0.60580156 253.90000000
0.61155431 253.90000000
0.66308015 347.66666667
0.66547687 347.66666667
0.61002414 347.66666667
0.66029385 347.66666667
0.31299511 328.90000000
0.30126549 272.60000000
0.30989555 328.90000000
0.31299511 328.90000000
0.85839110 328.90000000
0.86709363 328.90000000
0.86146353 272.60000000
0.85544628 272.60000000
0.30851398 272.60000000
0.85544628 272.60000000
0.79471430 178.90000000
0.80290286 122.60000000
0.81904566 178.90000000
0.79471430 178.90000000
0.37415525 178.90000000
0.36632230 178.90000000
0.34879349 122.60000000
0.34149664 122.60000000
0.80203063 122.60000000
0.34149664 122.60000000
0.92787806 141.40000000
0.91672444 85.10000000
0.92149694 141.40000000
0.92787806 141.40000000
0.99503532 141.40000000
0.99077443 141.40000000
0.98471892 85.10000000
0.98475900 85.10000000
0.92835944 85.10000000
0.98475900 85.10000000
0.43347873 291.40000000
0.42452587 235.10000000
0.42849222 291.40000000
0.43347873 291.40000000
0.48233158 291.40000000
0.48750530 291.40000000
0.48705915 235.10000000
0.48118509 235.10000000
0.41820795 235.10000000
0.48118509 235.10000000
0.66711775 216.40000000
0.68017232 310.10000000
0.66681131 216.40000000
0.66711775 216.40000000
0.22111852 216.40000000
0.23480704 216.40000000
0.24948609 310.10000000
0.24430050 310.10000000
0.66683534 310.10000000
0.24430050 310.10000000
0.17479143 66.40000000
0.16144151 160.10000000
0.21570400 66.40000000
0.17479143 66.40000000
0.75399088 66.40000000
0.74813659 66.40000000
0.74491887 160.10000000
0.75314838 160.10000000
0.17248887 160.10000000
0.75314838 160.10000000
0.37781597 61.70000000
0.34360142 202.40000000
0.33197854 61.70000000
0.37781597 61.70000000
0.64690640 61.70000000
0.58834790 61.70000000
0.58762606 202.40000000
0.60759360 202.40000000
0.34307450 202.40000000
0.60759360 202.40000000
0.85336286 211.70000000
0.83993924 52.40000000
0.84157740 211.70000000
0.85336286 211.70000000
0.10099909 211.70000000
0.08533593 211.70000000
0.11067475 52.40000000
0.11311861 52.40000000
0.82602948 52.40000000
0.11311861 52.40000000
0.10780103 286.70000000
0.09988481 127.40000000
0.11406241 286.70000000
0.10780103 286.70000000
0.35216271 286.70000000
0.35894514 286.70000000
0.34927604 127.40000000
0.32916715 127.40000000
0.10685578 127.40000000
0.32916715 127.40000000
0.61161126 136.70000000
0.58905391 277.40000000
0.60654032 136.70000000
0.61161126 136.70000000
0.86791286 136.70000000
0.87052504 136.70000000
0.84063128 277.40000000
0.85354462 277.40000000
0.60691651 277.40000000
0.85354462 277.40000000
0.71293373 174.20000000
0.72761485 314.90000000
0.72017825 174.20000000
0.71293373 174.20000000
0.46300744 174.20000000
0.44669177 174.20000000
0.48457019 314.90000000
0.49234352 314.90000000
0.72869872 314.90000000
0.49234352 314.90000000
0.23947386 324.20000000
0.21776286 164.90000000
0.23096663 324.20000000
0.23947386 324.20000000
0.97841431 324.20000000
0.97626149 324.20000000
0.97569643 164.90000000
0.97274022 164.90000000
0.21436818 164.90000000
0.97274022 164.90000000
0.97469950 249.20000000
0.97340465 89.90000000
0.97191084 249.20000000
0.97469950 249.20000000
0.71729744 249.20000000
0.71361861 249.20000000
0.74972368 89.90000000
0.71391540 89.90000000
0.97436676 89.90000000
0.71391540 89.90000000
0.47902880 99.20000000
0.46079371 239.90000000
0.49335436 99.20000000
0.47902880 99.20000000
0.23309099 99.20000000
0.24303937 99.20000000
0.21828749 239.90000000
0.22386747 239.90000000
0.45811404 239.90000000
0.22386747 239.90000000
0.15695642 118.00000000
0.16033500 71.10000000
0.16275727 118.00000000
0.15695642 118.00000000
0.40057155 118.00000000
0.40598433 118.00000000
0.41046756 71.10000000
0.40417840 71.10000000
0.16494076 71.10000000
0.40417840 71.10000000
0.65605513 268.00000000
0.65429027 221.10000000
0.66869277 268.00000000
0.65605513 268.00000000
0.90443317 268.00000000
0.91717952 268.00000000
0.90815699 221.10000000
0.90600316 221.10000000
0.64454502 221.10000000
0.90600316 221.10000000
0.47343867 343.00000000
0.41899832 296.10000000
0.46625752 343.00000000
0.40386149 343.00000000
0.68539139 343.00000000
0.61445563 343.00000000
0.66676548 296.10000000
0.66088365 296.10000000
0.41604621 296.10000000
0.66088365 296.10000000
0.91181925 193.00000000
0.91047562 146.10000000
0.91382541 193.00000000
0.91181925 193.00000000
0.15827214 193.00000000
0.16541754 193.00000000
0.16403996 146.10000000
0.15535654 146.10000000
0.91785787 146.10000000
0.15535654 146.10000000
0.80403520 155.50000000
0.78625796 183.60000000
0.79308480 155.50000000
0.80403520 155.50000000
0.52440169 155.50000000
0.52493861 155.50000000
0.52790578 183.60000000
0.53300404 183.60000000
0.79535445 183.60000000
0.53300404 183.60000000
0.29458865 305.50000000
0.30574713 332.80000000
0.28520043 305.50000000
0.29458865 305.50000000
0.03731818 305.50000000
0.03960869 305.50000000
0.03956033 332.80000000
0.03750874 332.80000000
0.29809885 332.80000000
0.03750874 332.80000000
0.52265107 230.50000000
0.52335466 258.60000000
0.53586820 230.50000000
0.52265107 230.50000000
0.29189484 230.50000000
0.29180261 230.50000000
0.30053157 258.60000000
0.30156088 258.60000000
0.53630263 258.60000000
0.30156088 258.60000000
0.05333904 80.50000000
0.03687643 108.60000000
0.04345679 80.50000000
0.05333904 80.50000000
0.79885441 80.50000000
0.80885802 80.50000000
0.79106005 108.60000000
0.78944833 108.60000000
0.04702177 108.60000000
0.78944833 108.60000000
0.94363794 71.10000000
0.94491683 286.70000000
0.93825299 71.10000000
0.94363794 71.10000000
0.28734909 71.10000000
0.29935859 71.10000000
0.25040264 286.70000000
0.26752284 286.70000000
0.94173542 286.70000000
0.26752284 286.70000000
0.45331318 221.10000000
0.44508654 136.70000000
0.43359435 221.10000000
0.45331318 221.10000000
0.77237206 221.10000000
0.75934899 221.10000000
0.77418461 136.70000000
0.75557324 136.70000000
0.46422759 136.70000000
0.75557324 136.70000000
0.69187363 296.10000000
0.71158117 61.70000000
0.67388374 296.10000000
0.69187363 296.10000000
0.50129190 296.10000000
0.50141743 296.10000000
0.55922792 61.70000000
0.50606003 61.70000000
0.70203218 61.70000000
0.50606003 61.70000000
0.17210655 146.10000000
0.18798718 211.70000000
0.20469120 146.10000000
0.17210655 146.10000000
0.00955259 146.10000000
0.01027895 146.10000000
0.00614133 211.70000000
0.00517115 211.70000000
0.17318751 211.70000000
0.00517115 211.70000000
0.06818833 183.60000000
0.07698709 249.20000000
0.06208297 183.60000000
0.06818833 183.60000000
0.63281635 183.60000000
0.63105026 183.60000000
0.63066445 249.20000000
0.62712524 249.20000000
0.07225157 249.20000000
0.62712524 249.20000000
0.58182671 332.80000000
0.55708787 99.20000000
0.58330536 332.80000000
0.58182671 332.80000000
0.13554234 332.80000000
0.14004879 332.80000000
0.13633451 99.20000000
0.12884065 99.20000000
0.57613379 99.20000000
0.12884065 99.20000000
0.31950787 258.60000000
0.29951778 174.20000000
0.33452308 258.60000000
0.31950787 258.60000000
0.37479980 258.60000000
0.39865919 258.60000000
0.36834190 174.20000000
0.37680558 174.20000000
0.30615073 174.20000000
0.37680558 174.20000000
0.81780819 108.60000000
0.81247374 324.20000000
0.83164288 108.60000000
0.81780819 108.60000000
0.87493919 108.60000000
0.88686714 108.60000000
0.88095132 324.20000000
0.87575001 324.20000000
0.82240341 324.20000000
0.87575001 324.20000000
0.51321068 89.90000000
0.49995901 155.50000000
0.51335915 89.90000000
0.51321068 89.90000000
0.69538414 89.90000000
0.69332979 89.90000000
0.69023958 155.50000000
0.69084997 155.50000000
0.49780105 155.50000000
0.69084997 155.50000000
0.00792023 239.90000000
0.00687676 305.50000000
0.00583875 239.90000000
0.00792023 239.90000000
0.18216873 239.90000000
0.17901011 239.90000000
0.19734969 305.50000000
0.19972380 305.50000000
0.00751658 305.50000000
0.19972380 305.50000000
0.76696156 314.90000000
0.75574242 230.50000000
0.76001344 314.90000000
0.76696156 314.90000000
0.45830262 314.90000000
0.46746147 314.90000000
0.45031719 230.50000000
0.43396603 230.50000000
0.75473446 230.50000000
0.43396603 230.50000000
0.25840371 164.90000000
0.25243672 80.50000000
0.24241763 164.90000000
0.25840371 164.90000000
0.95261190 164.90000000
0.94474531 164.90000000
0.94174040 80.50000000
0.94409418 80.50000000
0.26007506 80.50000000
0.94409418 80.50000000
0.39478383 127.40000000
0.38671288 118.00000000
0.37320013 127.40000000
0.39478383 127.40000000
0.32340831 127.40000000
0.30247383 127.40000000
0.32144184 118.00000000
0.32247607 118.00000000
0.39107230 118.00000000
0.32247607 118.00000000
0.87812751 277.40000000
0.87575379 268.00000000
0.87930393 277.40000000
0.87812751 277.40000000
0.81612122 277.40000000
0.81045776 277.40000000
0.81785336 268.00000000
0.81595227 268.00000000
0.88273034 268.00000000
0.81595227 268.00000000
0.13291802 202.40000000
0.12341880 343.00000000
0.13238671 202.40000000
0.13291802 202.40000000
0.54844992 202.40000000
0.57371463 202.40000000
0.59607281 343.00000000
0.50103605 343.00000000
0.21528465 343.00000000
0.59127759 343.00000000
0.64307607 52.40000000
0.64264398 193.00000000
0.63900296 52.40000000
0.64307607 52.40000000
0.07634964 52.40000000
0.07955722 52.40000000
0.06793371 193.00000000
0.06535731 193.00000000
0.62813788 193.00000000
0.06535731 193.00000000
0.17981794 53.50000000
0.19054008 320.80000000
0.19106730 53.50000000
0.17981794 53.50000000
0.23793215 53.50000000
0.24921115 53.50000000
0.24480899 320.80000000
0.25726583 320.80000000
0.20207373 320.80000000
0.25726583 320.80000000
0.68881156 203.50000000
0.68933657 170.70000000
0.68721634 203.50000000
0.68881156 203.50000000
0.73305297 203.50000000
0.74126654 203.50000000
0.73859985 170.70000000
0.74679873 170.70000000
0.69529625 170.70000000
0.74679873 170.70000000
0.45415458 278.50000000
0.45778305 95.70000000
0.44057941 278.50000000
0.45415458 278.50000000
0.99498585 278.50000000
0.99747938 278.50000000
0.99684211 95.70000000
0.99475877 95.70000000
0.43992933 95.70000000
0.99475877 95.70000000
0.93862161 128.50000000
0.94062622 245.70000000
0.93392543 128.50000000
0.93862161 128.50000000
0.48227049 128.50000000
0.49494321 128.50000000
0.48170071 245.70000000
0.47935791 245.70000000
0.94150121 245.70000000
0.47935791 245.70000000
0.82227696 166.00000000
0.80538774 208.20000000
0.80651610 166.00000000
0.82227696 166.00000000
0.87470256 166.00000000
0.87105323 166.00000000
0.86211458 208.20000000
0.85497124 208.20000000
0.80595947 208.20000000
0.85497124 208.20000000
0.33070713 316.00000000
0.30913388 58.20000000
0.32534309 316.00000000
0.33070713 316.00000000
0.38071384 316.00000000
0.38387635 316.00000000
0.37097112 58.20000000
0.40548412 58.20000000
0.36427912 58.20000000
0.40548412 58.20000000
0.56794094 241.00000000
0.55807322 133.20000000
0.56034806 241.00000000
0.56794094 241.00000000
0.12145761 241.00000000
0.11910752 241.00000000
0.12305344 133.20000000
0.12240532 133.20000000
0.56058805 133.20000000
0.12240532 133.20000000
0.07590115 91.00000000
0.06956152 283.20000000
0.07145644 91.00000000
0.07590115 91.00000000
0.64675877 91.00000000
0.64497823 91.00000000
0.63433515 283.20000000
0.62238438 283.20000000
0.06879654 283.20000000
0.62238438 283.20000000
0.28144741 109.70000000
0.25469552 189.40000000
0.24614557 109.70000000
0.28144741 109.70000000
0.81932057 109.70000000
0.81323151 109.70000000
0.81987932 189.40000000
0.79926639 189.40000000
0.25035940 189.40000000
0.79926639 189.40000000
0.73742394 259.70000000
0.67034112 339.46666667
0.73611815 259.70000000
0.73742394 259.70000000
0.31542534 259.70000000
0.31993616 259.70000000
0.28792359 339.46666667
0.30436891 339.46666667
0.67408696 339.46666667
0.29651190 339.46666667
0.13212974 334.80000000
0.00529175 264.40000000
0.13392206 334.80000000
0.12534617 334.80000000
0.17914458 334.80000000
0.17632973 334.80000000
0.05746447 264.40000000
0.05673857 264.40000000
0.00416098 264.40000000
0.05673857 264.40000000
0.50334819 184.70000000
0.48295957 114.40000000
0.49209772 184.70000000
0.50334819 184.70000000
0.55154128 184.70000000
0.54411048 184.70000000
0.54151030 114.40000000
0.56814109 114.40000000
0.51748310 114.40000000
0.56814109 114.40000000
0.61749348 147.20000000
0.63645763 76.90000000
0.63997209 147.20000000
0.61749348 147.20000000
0.17866990 147.20000000
0.18754574 147.20000000
0.17836498 76.90000000
0.20944582 76.90000000
0.63353357 76.90000000
0.20944582 76.90000000
0.13148971 297.20000000
0.11895915 226.90000000
0.12741645 297.20000000
0.13148971 297.20000000
0.69069045 297.20000000
0.66585321 297.20000000
0.67052011 226.90000000
0.68402063 226.90000000
0.12170841 226.90000000
0.68402063 226.90000000
0.87491074 222.20000000
0.86789854 301.90000000
0.87077936 222.20000000
0.87491074 222.20000000
0.92935989 222.20000000
0.93069934 222.20000000
0.93047843 301.90000000
0.93374558 301.90000000
0.87053173 301.90000000
0.93374558 301.90000000
0.40791048 72.20000000
0.36645449 151.90000000
0.34627656 72.20000000
0.40791048 72.20000000
0.46322030 72.20000000
0.40151135 72.20000000
0.41850062 151.90000000
0.42858361 151.90000000
0.37391615 151.90000000
0.42858361 151.90000000
0.60388818 81.70000000
0.60053050 255.10000000
0.60597915 81.70000000
0.60388818 81.70000000
0.90209129 81.70000000
0.91297692 81.70000000
0.89997922 255.10000000
0.89769480 255.10000000
0.58122516 255.10000000
0.89769480 255.10000000
0.09024768 231.70000000
0.10203447 105.10000000
0.08289056 231.70000000
0.09024768 231.70000000
0.39639579 231.70000000
0.38373920 231.70000000
0.40263238 105.10000000
0.41004612 105.10000000
0.10937671 105.10000000
0.41004612 105.10000000
0.83606835 306.70000000
0.84506911 180.10000000
0.83625480 306.70000000
0.83606835 306.70000000
0.16242084 306.70000000
0.14872697 306.70000000
0.14842436 180.10000000
0.14167927 180.10000000
0.84510209 180.10000000
0.14167927 180.10000000
0.32096045 156.70000000
0.36843605 330.10000000
0.33521703 156.70000000
0.32096045 156.70000000
0.64003446 156.70000000
0.64192896 156.70000000
0.65830375 330.10000000
0.65261360 330.10000000
0.36128741 330.10000000
0.65261360 330.10000000
0.45539848 194.20000000
0.48513133 292.60000000
0.46552375 194.20000000
0.45539848 194.20000000
0.02679801 194.20000000
0.03140716 194.20000000
0.02738470 292.60000000
0.02459448 292.60000000
0.46592852 292.60000000
0.02459448 292.60000000
0.85154672 344.20000000
0.96770815 142.60000000
0.85373217 344.20000000
0.93545934 344.20000000
0.47536219 344.20000000
0.55237324 344.20000000
0.52698307 142.60000000
0.51687843 142.60000000
0.97402150 142.60000000
0.51687843 142.60000000
0.22389510 269.20000000
0.24236172 67.60000000
0.23535942 269.20000000
0.22389510 269.20000000
0.75576655 269.20000000
0.77136400 269.20000000
0.78718174 67.60000000
0.78227868 67.60000000
0.26752945 67.60000000
0.78227868 67.60000000
0.71413173 119.20000000
0.70823855 217.60000000
0.73191389 119.20000000
0.71413173 119.20000000
0.26912209 119.20000000
0.28310258 119.20000000
0.26059155 217.60000000
0.27043120 217.60000000
0.71349205 217.60000000
0.27043120 217.60000000
0.89057246 100.40000000
0.91362181 123.80000000
0.91721227 100.40000000
0.89057246 100.40000000
0.08757606 100.40000000
0.10561940 100.40000000
0.09524398 123.80000000
0.10591260 123.80000000
0.91439273 123.80000000
0.10591260 123.80000000
0.41531292 250.40000000
0.40384388 273.80000000
0.41355704 250.40000000
0.41531292 250.40000000
0.58406693 250.40000000
0.59656246 250.40000000
0.58746688 273.80000000
0.58388879 273.80000000
0.40922841 273.80000000
0.58388879 273.80000000
0.65941065 325.40000000
0.62331104 348.86666667
0.66388402 325.40000000
0.65941065 325.40000000
0.83367095 325.40000000
0.83720737 325.40000000
0.74058944 348.86666667
0.77733399 348.86666667
0.60932440 348.86666667
0.75460116 348.86666667
0.15334688 175.40000000
0.15751237 198.80000000
0.15171042 175.40000000
0.15334688 175.40000000
0.32502911 175.40000000
0.32507088 175.40000000
0.33065058 198.80000000
0.33046454 198.80000000
0.16355084 198.80000000
0.33046454 198.80000000
0.03485321 137.90000000
0.03471393 161.30000000
0.04060283 137.90000000
0.03485321 137.90000000
0.96660136 137.90000000
0.96518437 137.90000000
0.96217645 161.30000000
0.96214573 161.30000000
0.02854502 161.30000000
0.96214573 161.30000000
0.52831776 287.90000000
0.53983890 311.30000000
0.52774788 287.90000000
0.52831776 287.90000000
0.45738766 287.90000000
0.45796846 287.90000000
0.47238526 311.30000000
0.45664955 311.30000000
0.52671325 311.30000000
0.45664955 311.30000000
0.28256310 212.90000000
0.28053762 236.30000000
0.26508490 212.90000000
0.28256310 212.90000000
0.21723089 212.90000000
0.20020986 212.90000000
0.20432025 236.30000000
0.20857576 236.30000000
0.28249400 236.30000000
0.20857576 236.30000000
0.77707373 62.90000000
0.80676922 86.30000000
0.78015873 62.90000000
0.77707373 62.90000000
0.72133497 62.90000000
0.70696365 62.90000000
0.73150800 86.30000000
0.72668115 86.30000000
0.79853981 86.30000000
0.72668115 86.30000000
0.73983758 67.60000000
0.72936472 278.50000000
0.72885222 67.60000000
0.73983758 67.60000000
0.57739245 67.60000000
0.57469939 67.60000000
0.56960225 278.50000000
0.57864203 278.50000000
0.73416859 278.50000000
0.57864203 278.50000000
0.25063962 217.60000000
0.22498698 128.50000000
0.22907788 217.60000000
0.25063962 217.60000000
0.07990014 217.60000000
0.06993856 217.60000000
0.08093950 128.50000000
0.07157229 128.50000000
0.23269207 128.50000000
0.07157229 128.50000000
0.98872487 292.60000000
0.98329451 53.50000000
0.98733051 292.60000000
0.98872487 292.60000000
0.33891133 292.60000000
0.32035767 292.60000000
0.31074746 53.50000000
0.35719776 53.50000000
0.99067086 53.50000000
0.35719776 53.50000000
0.47989312 142.60000000
0.47408607 203.50000000
0.48570388 142.60000000
0.47989312 142.60000000
0.82898999 142.60000000
0.83374421 142.60000000
0.81876216 203.50000000
0.82772494 203.50000000
0.48750842 203.50000000
0.82772494 203.50000000
0.36421755 180.10000000
0.36699765 241.00000000
0.35162205 180.10000000
0.36421755 180.10000000
0.44750094 180.10000000
0.44663732 180.10000000
0.45323145 241.00000000
0.44751650 241.00000000
0.35960015 241.00000000
0.44751650 241.00000000
0.85695940 330.10000000
0.85144091 91.00000000
0.85756963 330.10000000
0.85695940 330.10000000
0.94903343 330.10000000
0.94849350 330.10000000
0.94502544 91.00000000
0.93949833 91.00000000
0.85713914 91.00000000
0.93949833 91.00000000
0.12510687 255.10000000
0.11211638 166.00000000
0.10980489 255.10000000
0.12510687 255.10000000
0.69728068 255.10000000
0.68907868 255.10000000
0.68989436 166.00000000
0.68763404 166.00000000
0.10050005 166.00000000
0.68763404 166.00000000
0.60024497 105.10000000
0.61747884 316.00000000
0.62498151 105.10000000
0.60024497 105.10000000
0.19621521 105.10000000
0.21500328 105.10000000
0.20808055 316.00000000
0.20821367 316.00000000
0.61115874 316.00000000
0.20821367 316.00000000
0.80672146 123.80000000
0.81868506 147.20000000
0.80206006 123.80000000
0.80672146 123.80000000
0.38553297 123.80000000
0.38933554 123.80000000
0.38426017 147.20000000
0.37824547 147.20000000
0.80866886 147.20000000
0.37824547 147.20000000
0.30194582 273.80000000
0.30296485 297.20000000
0.30451090 273.80000000
0.30194582 273.80000000
0.88260422 273.80000000
0.87844701 273.80000000
0.87954887 297.20000000
0.88622630 297.20000000
0.29947283 297.20000000
0.88622630 297.20000000
0.49162694 348.86666667
0.53856971 222.20000000
0.49814443 348.86666667
0.45515625 348.86666667
0.56199556 348.86666667
0.53297949 348.86666667
0.63568919 222.20000000
0.63761219 222.20000000
0.54041669 222.20000000
0.63761219 222.20000000
0.04636252 198.80000000
0.04980974 72.20000000
0.04821515 198.80000000
0.04636252 198.80000000
0.12986854 198.80000000
0.13112586 198.80000000
0.13828006 72.20000000
0.14805725 72.20000000
0.05951877 72.20000000
0.14805725 72.20000000
0.17349062 161.30000000
0.16669587 109.70000000
0.16981180 161.30000000
0.17349062 161.30000000
0.49268164 161.30000000
0.51856145 161.30000000
0.49182667 109.70000000
0.52682418 109.70000000
0.19035411 109.70000000
0.52682418 109.70000000
0.65688760 311.30000000
0.65877179 259.70000000
0.66814442 311.30000000
0.65688760 311.30000000
0.01188092 311.30000000
0.00899117 311.30000000
0.01117051 259.70000000
0.01154922 259.70000000
0.67321819 259.70000000
0.01154922 259.70000000
0.43019671 236.30000000
0.49936069 334.80000000
0.40650596 236.30000000
0.43019671 236.30000000
0.25930895 236.30000000
0.24829814 236.30000000
0.26313531 334.80000000
0.26183854 330.40000000
0.42460492 330.40000000
0.26085934 330.40000000
0.93267993 86.30000000
0.93335002 184.70000000
0.91529120 86.30000000
0.93267993 86.30000000
0.79446666 86.30000000
0.77251238 86.30000000
0.77233278 184.70000000
0.74603956 184.70000000
0.92093328 184.70000000
0.74603956 184.70000000
0.08043832 76.90000000
0.08780152 212.90000000
0.08460881 76.90000000
0.08043832 76.90000000
0.30023213 76.90000000
0.29015809 76.90000000
0.28499240 212.90000000
0.28349193 212.90000000
0.07896900 212.90000000
0.28349193 212.90000000
0.58970599 226.90000000
0.59719182 62.90000000
0.56497525 226.90000000
0.58970599 226.90000000
0.78606684 226.90000000
0.78469026 226.90000000
0.79646457 62.90000000
0.77448717 62.90000000
0.59776386 62.90000000
0.77448717 62.90000000
0.34122949 301.90000000
0.32223907 137.90000000
0.34169142 301.90000000
0.34122949 301.90000000
0.54129535 301.90000000
0.54532881 301.90000000
0.53632138 137.90000000
0.53417031 137.90000000
0.31719251 137.90000000
0.53417031 137.90000000
0.83730744 151.90000000
0.82540341 287.90000000
0.82889967 151.90000000
0.83730744 151.90000000
0.05476825 151.90000000
0.04930132 151.90000000
0.04611991 287.90000000
0.04723759 287.90000000
0.81679308 287.90000000
0.04723759 287.90000000
0.96356847 189.40000000
0.95545090 325.40000000
0.95889892 189.40000000
0.96356847 189.40000000
0.66291995 189.40000000
0.66685562 189.40000000
0.65722490 325.40000000
0.66540844 325.40000000
0.95420921 325.40000000
0.66668521 325.40000000
0.48214778 339.46666667
0.46155730 175.40000000
0.48318881 339.46666667
0.45739260 339.46666667
0.23939394 339.46666667
0.21549641 339.46666667
0.15095395 175.40000000
0.16137457 175.40000000
0.46710953 175.40000000
0.16137457 175.40000000
0.70321537 264.40000000
0.71478415 100.40000000
0.70142272 264.40000000
0.70321537 264.40000000
0.42382515 264.40000000
0.41236767 264.40000000
0.41966752 100.40000000
0.41211176 100.40000000
0.72940629 100.40000000
0.41211176 100.40000000
0.20424145 114.40000000
0.21667877 250.40000000
0.20262555 114.40000000
0.20424145 114.40000000
0.91788019 114.40000000
0.90657138 114.40000000
0.93283298 250.40000000
0.92048105 250.40000000
0.20971148 250.40000000
0.92048105 250.40000000
0.40097874 95.70000000
0.38372731 81.70000000
0.40616059 95.70000000
0.40097874 95.70000000
0.73754657 95.70000000
0.73283336 95.70000000
0.74324368 81.70000000
0.74542243 81.70000000
0.39178130 81.70000000
0.74542243 81.70000000
0.89501499 245.70000000
0.90012560 231.70000000
0.88521201 245.70000000
0.89501499 245.70000000
0.22650805 245.70000000
0.23500476 245.70000000
0.22343640 231.70000000
0.23510854 231.70000000
0.90332778 231.70000000
0.23510854 231.70000000
0.14802119 320.80000000
0.15353902 306.70000000
0.16125004 320.80000000
0.14802119 320.80000000
0.48636315 320.80000000
0.49830574 320.80000000
0.48247393 306.70000000
0.47854030 306.70000000
0.14094909 306.70000000
0.47854030 306.70000000
0.63313895 170.70000000
0.64773457 156.70000000
0.65902644 170.70000000
0.63313895 170.70000000
0.97769821 170.70000000
0.97653522 170.70000000
0.98276130 156.70000000
0.97767796 156.70000000
0.64885264 156.70000000
0.97767796 156.70000000
0.50674527 133.20000000
0.51472350 194.20000000
0.49741378 133.20000000
0.50674527 133.20000000
0.33251462 133.20000000
0.35490516 133.20000000
0.35914655 194.20000000
0.34719033 194.20000000
0.50855525 194.20000000
0.34719033 194.20000000
0.01729377 283.20000000
0.05387656 344.20000000
0.01833497 283.20000000
0.02295965 283.20000000
0.84051516 283.20000000
0.84579508 283.20000000
0.74312983 344.20000000
0.78281959 344.20000000
0.02169798 344.20000000
0.74385690 344.20000000
0.76767990 208.20000000
0.76803054 269.20000000
0.76857536 208.20000000
0.76767990 208.20000000
0.60123766 208.20000000
0.60488467 208.20000000
0.60115239 269.20000000
0.58889977 269.20000000
0.75525474 269.20000000
0.58889977 269.20000000
0.28494776 58.20000000
0.26366605 119.20000000
0.30735607 58.20000000
0.28494776 58.20000000
0.12201903 58.20000000
0.13915039 58.20000000
0.11181168 119.20000000
0.09982941 119.20000000
0.24398985 119.20000000
0.09982941 119.20000000
0.89622693 55.80000000
0.90159765 126.20000000
0.90122921 55.80000000
0.89622693 55.80000000
0.03944919 55.80000000
0.03571770 55.80000000
0.04046590 126.20000000
0.03004693 126.20000000
0.90968242 126.20000000
0.03004693 126.20000000
0.40697083 205.80000000
0.39795513 276.20000000
0.40195596 205.80000000
0.40697083 205.80000000
0.53664655 205.80000000
0.53777623 205.80000000
0.52753272 276.20000000
0.52790884 276.20000000
0.39940341 276.20000000
0.52790884 276.20000000
0.65720518 280.80000000
0.65906209 201.20000000
0.62983707 280.80000000
0.65720518 280.80000000
0.79385122 280.80000000
0.76315247 280.80000000
0.79219811 201.20000000
0.77547634 201.20000000
0.63843147 201.20000000
0.77547634 201.20000000
0.16269489 130.80000000
0.16830468 51.20000000
0.15518002 130.80000000
0.16269489 130.80000000
0.29714506 130.80000000
0.28978352 130.80000000
0.29700302 51.20000000
0.30790347 51.20000000
0.17342986 51.20000000
0.30790347 51.20000000
0.02968459 168.30000000
0.03046937 88.70000000
0.03148430 168.30000000
0.02968459 168.30000000
0.90082325 168.30000000
0.90616317 168.30000000
0.90547883 88.70000000
0.90888463 88.70000000
0.03262712 88.70000000
0.90888463 88.70000000
0.54587129 318.30000000
0.51963417 238.70000000
0.53762769 318.30000000
0.54587129 318.30000000
0.43208726 318.30000000
0.41754724 318.30000000
0.40575759 238.70000000
0.42030948 238.70000000
0.53632303 238.70000000
0.42030948 238.70000000
0.27909364 243.30000000
0.28702648 313.70000000
0.28080418 243.30000000
0.27909364 243.30000000
0.16108755 243.30000000
0.15584149 243.30000000
0.17293756 313.70000000
0.16667725 313.70000000
0.28577863 313.70000000
0.16667725 313.70000000
0.79191745 93.30000000
0.77969412 163.70000000
0.77275086 93.30000000
0.79191745 93.30000000
0.68479152 93.30000000
0.66230911 93.30000000
0.65665297 163.70000000
0.66034942 163.70000000
0.76903273 163.70000000
0.66034942 163.70000000
