0.27400000 1418.00000000 0.27704768 0.25782545 0.28622698
0.27400000 1418.00000000 0.27704768 0.25782545 0.28622698
0.27400000 1418.00000000 0.27704768 0.25782545 0.28622698
0.27400000 1418.00000000 0.27704768 0.25782545 0.28622698
0.27400000 1418.00000000 0.27704768 0.25782545 0.28622698
0.27400000 1418.00000000 0.27704768 0.25782545 0.28622698
0.52500000 311.60000000 0.52525329 0.51877616 0.52589432
0.52500000 311.60000000 0.52525329 0.51877616 0.52589432
0.52500000 311.60000000 0.52525329 0.51877616 0.52589432
0.52500000 311.60000000 0.52525329 0.51877616 0.52589432
0.52500000 311.60000000 0.52525329 0.51877616 0.52589432
0.52500000 311.60000000 0.52525329 0.51877616 0.52589432
0.53527273 521.10000000 0.50392070 0.54150602 0.56096271
0.53527273 521.10000000 0.50392070 0.54150602 0.56096271
0.52436364 225.90000000 0.50418904 0.54206256 0.52818929
0.53527273 521.10000000 0.50392070 0.54150602 0.56096271
0.50690909 520.70000000 0.50184193 0.51214601 0.50478411
0.53345455 226.50000000 0.52760557 0.54719128 0.52267005
0.53360000 226.20000000 0.55393677 0.56404298 0.48453946
0.53360000 226.20000000 0.55393677 0.56404298 0.48453946
0.54000000 325.60000000 0.52317587 0.53337051 0.55956278
0.53360000 226.20000000 0.55393677 0.56404298 0.48453946
0.54000000 226.40000000 0.49962529 0.59029849 0.52731951
0.53760000 522.40000000 0.58598639 0.52969124 0.49431990
0.52864500 372.10000000 0.51976026 0.52027772 0.54382905
0.52864500 372.10000000 0.51976026 0.52027772 0.54382905
0.52124896 369.40000000 0.50793554 0.50651200 0.54413204
0.52001818 374.90000000 0.49216446 0.52285915 0.54620466
0.52864500 372.10000000 0.51976026 0.52027772 0.54382905
0.51570476 366.70000000 0.49476943 0.54192874 0.49652817
0.54558962 197.60000000 0.54951630 0.55337639 0.53442146
0.54558962 197.60000000 0.54951630 0.55337639 0.53442146
0.55070554 264.80000000 0.56340543 0.55671745 0.53243509
0.53789629 197.20000000 0.54513387 0.52543055 0.54305639
0.54558962 197.60000000 0.54951630 0.55337639 0.53442146
0.54013783 265.00000000 0.55352611 0.53328474 0.52920008
0.50867284 750.90000000 0.51364314 0.50866135 0.50534480
0.50867284 750.90000000 0.51364314 0.50866135 0.50534480
0.54525760 197.80000000 0.52690519 0.55629018 0.55470795
0.49980499 753.20000000 0.48494608 0.49818894 0.51149618
0.54272950 783.90000000 0.47876552 0.55597983 0.58721242
0.53178385 196.80000000 0.49734459 0.55942385 0.53826641
0.45363114 264.90000000 0.41705198 0.47665127 0.45225459
0.45363114 264.90000000 0.41705198 0.47665127 0.45225459
0.44222832 389.90000000 0.41814052 0.41352194 0.50166618
0.43866249 265.20000000 0.38840074 0.46678446 0.45854702
0.51653605 265.40000000 0.49490863 0.53363987 0.52221554
0.55064002 280.40000000 0.48395896 0.58736694 0.58517385
0.52959795 452.10000000 0.49082486 0.54660612 0.54909066
0.53295212 452.80000000 0.49418842 0.53198981 0.57930246
0.52959795 452.10000000 0.49082486 0.54660612 0.54909066
0.55124317 451.00000000 0.53870590 0.59993268 0.51864313
0.56728090 234.10000000 0.54085035 0.62372541 0.52896614
0.53381928 448.70000000 0.55520117 0.51558730 0.53141916
0.53294321 212.70000000 0.50340714 0.52403656 0.56496640
0.52173913 146.50000000 0.51905697 0.52810404 0.51713845
0.53294321 212.70000000 0.50340714 0.52403656 0.56496640
0.55481821 212.20000000 0.55328625 0.54994523 0.56258358
0.53880563 212.30000000 0.49468280 0.54185373 0.57845040
0.45500853 212.80000000 0.39354374 0.45482242 0.52730336
0.55178175 1014.80000000 0.53550772 0.55954704 0.56276555
0.51731255 1015.20000000 0.52953036 0.49387561 0.52966471
0.53425090 286.70000000 0.56447129 0.51788567 0.52214818
0.53608998 1012.20000000 0.49786420 0.55637469 0.55365874
0.55178175 1014.80000000 0.53550772 0.55954704 0.56276555
0.52997766 286.30000000 0.51527845 0.50891475 0.56550099
0.53285775 285.30000000 0.56407090 0.53177032 0.50990101
0.53642590 287.20000000 0.53519796 0.54707279 0.52810952
0.51022403 530.50000000 0.51076308 0.51403395 0.50376100
0.55105640 286.30000000 0.54068466 0.52657683 0.58480948
0.53285775 285.30000000 0.56407090 0.53177032 0.50990101
0.53235588 844.00000000 0.52425457 0.52393611 0.54640744
0.54865967 498.50000000 0.51866260 0.57834165 0.53814501
0.53065009 613.40000000 0.52549990 0.54061106 0.52297811
0.52159091 350.90000000 0.48681090 0.53118359 0.54088153
0.51537490 496.70000000 0.52525535 0.52341925 0.49307237
0.51187354 612.10000000 0.47290062 0.53626746 0.53267859
0.54151258 350.90000000 0.48141302 0.57507208 0.56716690
0.52657356 242.40000000 0.53106296 0.52329537 0.52691016
0.50967458 241.40000000 0.51351641 0.50310911 0.51314357
0.53915860 187.10000000 0.53376476 0.50997165 0.57698834
0.54393676 241.90000000 0.54814964 0.55055016 0.53213746
0.53607764 241.80000000 0.53969385 0.51074162 0.55853547
0.52182624 186.90000000 0.53490066 0.48837312 0.55070516
0.54206359 350.30000000 0.55271137 0.54180537 0.53254968
0.49672897 259.70000000 0.52334798 0.48004881 0.48843425
0.54339575 241.50000000 0.54423071 0.56616520 0.52357216
0.53561853 351.80000000 0.51449255 0.56175791 0.53279117
0.54206359 350.30000000 0.55271137 0.54180537 0.53254968
0.51093282 242.30000000 0.50477917 0.53131927 0.49218603
0.42131287 186.80000000 0.35015278 0.47070167 0.45593707
0.53649532 187.20000000 0.54599979 0.54408408 0.51953560
0.49712276 433.20000000 0.55520669 0.49461797 0.43336215
0.43768116 186.90000000 0.45992412 0.40397547 0.43290328
0.42131287 186.80000000 0.35015278 0.47070167 0.45593707
0.54269972 613.30000000 0.51625342 0.55291811 0.55956315
0.51330737 252.40000000 0.49825002 0.47215714 0.56071450
0.51337203 333.20000000 0.49168575 0.52571084 0.52481439
0.52379098 182.20000000 0.53289826 0.51181297 0.51985194
0.53523207 241.00000000 0.50719549 0.54914881 0.55287757
0.52491074 183.10000000 0.54002260 0.50170455 0.51856722
0.50303483 182.00000000 0.47875666 0.50850746 0.52492231
0.53486172 182.30000000 0.57830960 0.51021002 0.51900494
0.52359278 182.30000000 0.52471571 0.54328797 0.50307346
0.54054815 334.30000000 0.55562368 0.52441066 0.53923069
0.53485789 182.40000000 0.51636886 0.52764331 0.56060129
0.50722822 181.50000000 0.51967018 0.48062637 0.51941155
0.54115023 335.10000000 0.53341754 0.54639223 0.54105978
0.52720710 564.80000000 0.50751848 0.56415329 0.50833438
0.50476874 447.20000000 0.50568400 0.49884116 0.51417860
0.52720710 564.80000000 0.50751848 0.56415329 0.50833438
0.51501867 564.80000000 0.52249087 0.52213699 0.50057852
0.51961742 564.80000000 0.49849941 0.53587705 0.52744824
0.54444293 564.00000000 0.55445586 0.53694456 0.54120976
0.54019608 233.40000000 0.54053750 0.53925058 0.53800492
0.45098870 234.30000000 0.40738530 0.46379632 0.47934835
0.54019608 233.40000000 0.54053750 0.53925058 0.53800492
0.55588235 233.60000000 0.52561076 0.57183913 0.57696958
0.51663696 233.80000000 0.47679918 0.55235654 0.52233566
0.48293785 201.60000000 0.48520750 0.46129852 0.50649872
0.55510058 885.50000000 0.53071254 0.59511188 0.53586317
0.49638101 676.70000000 0.49001261 0.47799900 0.52375434
0.52570956 202.60000000 0.51460154 0.53196738 0.53562056
0.54041609 885.50000000 0.54713855 0.56585730 0.50967132
0.55717002 888.60000000 0.57649517 0.58068073 0.51656722
0.50471435 203.40000000 0.43414152 0.53323320 0.54001938
0.54698982 275.80000000 0.54400724 0.54238863 0.55327383
0.52531516 275.10000000 0.49496575 0.54576309 0.53232151
0.53758151 413.80000000 0.52739157 0.52832328 0.55417707
0.54640245 275.80000000 0.54400724 0.54055361 0.55327383
0.56666379 274.80000000 0.56619489 0.57975437 0.55336454
0.53503670 413.80000000 0.51066461 0.53880514 0.55413784
0.51316357 413.70000000 0.48577570 0.54312207 0.51423091
0.51352238 413.10000000 0.46228844 0.55718023 0.52408828
0.53391545 886.00000000 0.54084860 0.51344436 0.54350363
0.52825933 412.70000000 0.56079755 0.52878269 0.49586146
0.51692155 413.30000000 0.49418321 0.53378417 0.52186247
0.53835259 653.00000000 0.54358341 0.56444197 0.50632682
0.52078711 202.50000000 0.47693756 0.54604543 0.53414069
0.52764178 203.30000000 0.51094363 0.53969546 0.53051526
0.51990255 275.40000000 0.51486308 0.51996337 0.51979309
0.49738381 203.20000000 0.50590418 0.51572435 0.47363858
0.50604198 202.70000000 0.46222993 0.52093785 0.53267668
0.53810690 274.90000000 0.56056062 0.51839414 0.53490695
0.53046607 234.80000000 0.49460937 0.56153580 0.53611355
0.52424657 704.10000000 0.50984047 0.54277012 0.51852509
0.51396048 235.50000000 0.49230912 0.55031655 0.49002363
0.51594716 243.10000000 0.51545487 0.49474693 0.52973800
0.50045103 703.60000000 0.46423974 0.47560888 0.55736858
0.53315855 255.40000000 0.51287571 0.55087406 0.53225588
0.53944900 255.10000000 0.54511930 0.51547033 0.56009580
0.50879806 255.30000000 0.47695105 0.53682169 0.50903105
0.52896547 708.10000000 0.49487396 0.56376604 0.52963738
0.52002897 255.20000000 0.49890852 0.50098368 0.55898619
0.53218953 255.10000000 0.52801235 0.52402514 0.54736125
0.51925558 474.30000000 0.49527975 0.50784756 0.55218769
0.54922602 369.10000000 0.53376254 0.57848476 0.53717044
0.56228497 267.80000000 0.56369702 0.56719511 0.54033605
0.54922602 369.10000000 0.53376254 0.57848476 0.53717044
0.53029740 369.10000000 0.49371279 0.54794580 0.54933464
0.53837290 369.90000000 0.51864884 0.55753302 0.53524284
0.52737747 164.50000000 0.52048396 0.49950307 0.55896655
0.51016252 191.70000000 0.52792492 0.48872374 0.51497557
0.52431816 192.20000000 0.51186533 0.52430069 0.53544382
0.51016252 191.70000000 0.52792492 0.48872374 0.51497557
0.53342173 191.50000000 0.51686190 0.52704364 0.54863211
0.53227594 191.60000000 0.56676902 0.51116918 0.52404348
0.51995135 192.10000000 0.52786436 0.47436610 0.55907840
0.52751797 486.00000000 0.51470198 0.55158253 0.51301237
0.53690311 484.80000000 0.49474576 0.56909483 0.54242896
0.53500829 297.50000000 0.48919598 0.55945488 0.55722211
0.54098950 485.50000000 0.52917610 0.52683601 0.56418545
0.49852957 339.30000000 0.49549289 0.49497851 0.50286316
0.53160590 298.40000000 0.50680734 0.53239840 0.55967730
0.55204225 218.90000000 0.56891712 0.56109756 0.52633597
0.50696402 218.60000000 0.48327324 0.52300468 0.51232860
0.52989251 776.10000000 0.51446957 0.54952546 0.52770394
0.55872869 218.90000000 0.57317340 0.52861250 0.57808073
0.55659624 219.50000000 0.56063435 0.55335893 0.55648676
0.51203148 817.30000000 0.51090486 0.51060785 0.51836352
0.53009114 868.40000000 0.54848551 0.51085685 0.52489489
0.51468724 822.80000000 0.50433320 0.51653569 0.52168258
0.51192071 486.20000000 0.48668240 0.49375683 0.55316299
0.52393484 875.40000000 0.50790605 0.54550528 0.52346629
0.50953976 1183.00000000 0.49056144 0.50773550 0.52944093
0.51939377 485.40000000 0.52173954 0.54430071 0.49398942
0.46115819 128.20000000 0.45995718 0.49742172 0.41314309
0.53995515 299.40000000 0.56098759 0.49905452 0.55751077
0.47641243 122.10000000 0.45269492 0.53935624 0.44031714
0.47666667 124.60000000 0.49899464 0.43023810 0.50157212
0.45141243 227.60000000 0.44501660 0.45945001 0.45704471
0.54699068 219.10000000 0.52271216 0.54135984 0.57547949
0.48906250 242.10000000 0.46313550 0.48126635 0.53892219
0.52608696 325.70000000 0.54052568 0.50202552 0.53740817
0.47343750 189.60000000 0.45765931 0.49049892 0.47577399
0.47343750 246.70000000 0.41510282 0.48818502 0.49678780
0.52812500 198.70000000 0.51455352 0.55899718 0.51247876
0.54451847 189.50000000 0.53466771 0.56114578 0.52464785
0.52383178 222.50000000 0.52811787 0.49806649 0.54706703
0.54089719 222.30000000 0.56078801 0.50627951 0.55481447
0.53130841 360.50000000 0.52186961 0.50260074 0.56910286
0.54205607 222.30000000 0.56137775 0.53029262 0.52872225
0.54579439 222.80000000 0.56291834 0.50311455 0.56303548
0.54127130 360.50000000 0.47574063 0.55712932 0.58142538
0.51730104 715.40000000 0.51351883 0.52001379 0.51571816
0.53687082 793.80000000 0.53247037 0.53037508 0.55274633
0.53252595 641.90000000 0.53930283 0.54103170 0.51428174
0.52837370 720.70000000 0.53221169 0.49055456 0.56107961
0.52595156 1293.00000000 0.49567051 0.53865069 0.54305053
0.53279963 641.20000000 0.55780044 0.53082269 0.51048062
0.52230216 305.20000000 0.49477791 0.51214383 0.56622481
0.54666025 304.90000000 0.51852675 0.54761073 0.57001099
0.51582734 245.40000000 0.49333935 0.53725894 0.51280318
0.51438849 305.20000000 0.48735534 0.51393526 0.54789393
0.51366906 296.70000000 0.50823978 0.49116050 0.54164106
0.55084117 245.30000000 0.58175842 0.50865245 0.56124471
0.52069209 743.30000000 0.52221821 0.52013460 0.51846202
0.52270722 605.30000000 0.50464161 0.51876331 0.55378898
0.55242681 215.10000000 0.54889001 0.55151780 0.55570752
0.51560092 743.30000000 0.49569028 0.47750476 0.56936991
0.53380200 743.30000000 0.52707642 0.53801828 0.53190966
0.53503876 215.70000000 0.47414338 0.58909258 0.53090589
0.55712932 259.90000000 0.55320108 0.57908469 0.54036301
0.55200461 259.90000000 0.51476861 0.55663854 0.58521548
0.53749836 469.00000000 0.55609188 0.53779079 0.51643095
0.56265924 260.50000000 0.56222913 0.54572483 0.58524146
0.54304516 260.50000000 0.53876598 0.52241818 0.56893887
0.52592422 467.60000000 0.49666674 0.52762573 0.55496715
0.52841807 379.20000000 0.50086556 0.54344883 0.53773518
0.53151841 380.40000000 0.51368373 0.56168008 0.51729338
0.53519098 1091.30000000 0.53465733 0.54037805 0.52769184
0.52486878 379.20000000 0.47694093 0.55348232 0.54114631
0.53717985 379.20000000 0.50177266 0.54817016 0.56108622
0.52462936 758.00000000 0.52302874 0.51741601 0.52956547
0.53707047 194.40000000 0.51802551 0.54226819 0.55182121
0.42242424 161.20000000 0.42371603 0.38038069 0.44449787
0.54883518 291.80000000 0.50896906 0.60792376 0.51781961
0.51930693 195.30000000 0.45495224 0.50954037 0.57914879
0.44435061 194.80000000 0.41147516 0.47647086 0.44692491
0.33441077 293.10000000 0.29396358 0.35167551 0.35634368
0.52454545 246.30000000 0.52468587 0.50894971 0.54103569
0.53946360 525.40000000 0.55904384 0.53913218 0.52091314
0.54103306 230.10000000 0.55469863 0.53038237 0.54830853
0.53772039 244.20000000 0.51404700 0.56957750 0.53439967
0.54527548 637.80000000 0.57315903 0.52481372 0.53332949
0.53869732 229.80000000 0.51748518 0.56202915 0.53781960
0.54049337 280.90000000 0.52002305 0.54279125 0.56036037
0.52432432 279.80000000 0.51884385 0.54716414 0.50753806
0.53718601 541.40000000 0.51782961 0.54458395 0.54840450
0.54125461 280.60000000 0.56063795 0.50611781 0.55528892
0.54199262 281.70000000 0.53671084 0.53580765 0.55253018
0.54414414 260.90000000 0.52817351 0.53304786 0.57697330
0.53718857 440.10000000 0.54040461 0.54002542 0.52918174
0.49354839 440.30000000 0.50658164 0.49510514 0.47868111
0.53606434 326.40000000 0.53662171 0.55423937 0.51637190
0.54417023 439.90000000 0.51613317 0.56150454 0.55658239
0.54647901 438.60000000 0.53923001 0.52547201 0.57910655
0.55698925 326.20000000 0.56078818 0.54061411 0.57068143
0.52481423 208.70000000 0.53125962 0.51955592 0.52417612
0.52946963 208.70000000 0.54429561 0.50246751 0.54354544
0.53508634 179.60000000 0.53183522 0.49924375 0.57053627
0.52843537 209.10000000 0.48981965 0.53035749 0.56933097
0.52330455 209.10000000 0.51940213 0.50939164 0.54154814
0.52559870 179.80000000 0.51937533 0.54661867 0.50946112
0.53042409 342.30000000 0.52548722 0.51560769 0.54923124
0.53465803 342.70000000 0.54378117 0.52347557 0.53622701
0.51207369 270.40000000 0.48951740 0.53138272 0.50950591
0.53676530 342.80000000 0.50573073 0.50880034 0.59630349
0.52220431 342.20000000 0.54870959 0.49134313 0.51930357
0.53170075 270.40000000 0.54582745 0.52072050 0.52813372
0.53639219 184.60000000 0.53035788 0.52797172 0.54722379
0.53602848 184.30000000 0.55480881 0.53743164 0.51277580
0.52726955 831.20000000 0.53629569 0.49851451 0.54563486
0.55230657 184.50000000 0.54174992 0.51993742 0.59457607
0.54127713 184.00000000 0.53290823 0.52169554 0.56967897
0.53669508 830.80000000 0.53236492 0.51957846 0.55646884
0.54553981 587.00000000 0.52454991 0.55831781 0.55591107
0.55660866 418.80000000 0.51317988 0.58476824 0.56540147
0.52965073 402.00000000 0.50877447 0.51552847 0.56449425
0.52661869 585.90000000 0.51629335 0.53099560 0.53553066
0.53222769 588.00000000 0.50729992 0.55422162 0.53176775
0.49814883 307.90000000 0.52318988 0.47080236 0.50122662
0.52274464 198.30000000 0.50838283 0.54171932 0.52395024
0.53868914 238.10000000 0.54402151 0.53515426 0.53840629
0.52287687 191.60000000 0.56504382 0.48235456 0.51526258
0.52293565 187.90000000 0.51707359 0.50025659 0.53691995
0.54826624 166.50000000 0.51802342 0.54095194 0.59519540
0.51720051 200.00000000 0.49215471 0.53021885 0.53049421
0.45718252 540.80000000 0.45930426 0.45076375 0.46103854
0.52184129 541.60000000 0.47669480 0.54269626 0.54914005
0.51690115 937.80000000 0.50883665 0.50070115 0.54462808
0.46008886 542.10000000 0.47453051 0.46771506 0.45463183
0.50875602 332.60000000 0.51204173 0.48887762 0.53461041
0.55866397 779.20000000 0.53350219 0.58386724 0.55892583
0.52882567 229.90000000 0.54251398 0.50206760 0.54268389
0.54547288 230.00000000 0.54175327 0.53473565 0.55961496
0.52528828 280.60000000 0.54436337 0.49120470 0.54194849
0.54494915 229.70000000 0.51993225 0.53778849 0.57828818
0.52574071 230.10000000 0.52809672 0.51552931 0.53302954
0.53906118 280.70000000 0.53139974 0.54962497 0.53676430
0.53265808 325.80000000 0.51777201 0.53281072 0.54626773
0.54316385 325.10000000 0.52309007 0.54356151 0.55783517
0.55344324 209.30000000 0.53728868 0.54779224 0.57392113
0.53433144 326.40000000 0.52806384 0.52321253 0.55294330
0.54840520 326.20000000 0.54316631 0.55943507 0.54172282
0.53201638 209.00000000 0.51884870 0.54776369 0.52802740
0.53466806 179.60000000 0.53066961 0.56914703 0.49920738
0.53307125 179.90000000 0.54345813 0.50696666 0.54344881
0.50163704 331.70000000 0.50418980 0.50259893 0.49983285
0.53064121 179.50000000 0.52219354 0.54600122 0.52647754
0.51852440 180.30000000 0.50079252 0.51754746 0.53677427
0.53003300 438.80000000 0.49775910 0.57394108 0.51700740
0.52741935 400.80000000 0.49534372 0.54321886 0.54420873
0.50156250 165.10000000 0.45561145 0.49710578 0.54109263
0.51290323 475.50000000 0.51302399 0.49339999 0.53229998
0.51505376 400.80000000 0.51191441 0.52878784 0.50527893
0.54408602 403.20000000 0.51273458 0.56965465 0.54712710
0.50781250 227.10000000 0.46035315 0.51581343 0.54176053
0.54164632 200.50000000 0.50795052 0.55625262 0.55787419
0.53457944 200.90000000 0.52615353 0.52375375 0.55063531
0.53452568 237.90000000 0.55169889 0.53641749 0.51869858
0.55326068 200.30000000 0.52220033 0.57591952 0.56260515
0.52677062 200.10000000 0.51370439 0.53995113 0.52739319
0.53971963 238.30000000 0.54899496 0.52443847 0.54757248
0.50996169 834.70000000 0.48510588 0.52659666 0.51702839
0.53460208 835.10000000 0.53765845 0.54439698 0.52307924
0.55977011 184.10000000 0.54437538 0.56051623 0.57131127
0.52720307 833.60000000 0.54686692 0.51022979 0.52488634
0.50651341 832.30000000 0.47720818 0.52602284 0.51679498
0.53667820 184.30000000 0.55530713 0.53290845 0.52246579
0.44864865 270.20000000 0.41945325 0.48741771 0.44713971
0.49568345 269.50000000 0.44348922 0.52657062 0.51770030
0.44594595 341.60000000 0.40446250 0.47458507 0.46493620
0.43603604 270.10000000 0.34938558 0.48800333 0.47810171
0.53333333 268.90000000 0.48492900 0.54360553 0.57977409
0.53597122 329.30000000 0.52097553 0.53036006 0.55971543
0.52384292 360.00000000 0.47708770 0.51505634 0.57899124
0.52796683 360.00000000 0.52540738 0.53840043 0.51550463
0.50004675 503.70000000 0.49897233 0.50226340 0.50562072
0.51621085 359.40000000 0.48527881 0.54007977 0.52639075
0.51628097 351.80000000 0.51253279 0.50164707 0.52909668
0.53345899 502.60000000 0.51444252 0.53365443 0.55275648
0.54912934 189.40000000 0.52192480 0.55201020 0.57483043
0.53662742 189.10000000 0.53206334 0.52521127 0.54761258
0.54249566 222.80000000 0.56214116 0.54957453 0.52006323
0.54954256 189.40000000 0.52322350 0.55201020 0.57483043
0.52146720 189.50000000 0.49465235 0.50670890 0.56367394
0.54278912 222.90000000 0.55474295 0.53469519 0.54084633
0.53687281 643.40000000 0.51670866 0.53004229 0.56022588
0.49787879 639.70000000 0.49421914 0.53346594 0.46060396
0.53468048 304.80000000 0.50299729 0.55239239 0.54874564
0.53596512 642.50000000 0.49609145 0.53214467 0.57768779
0.53122731 641.40000000 0.53744739 0.50698479 0.55144927
0.51787879 304.00000000 0.48928722 0.51293009 0.54963948
0.53471272 245.50000000 0.51185776 0.55544038 0.53864807
0.52829438 246.00000000 0.52139616 0.53967089 0.52143653
0.51911178 563.60000000 0.49771021 0.53211433 0.52386960
0.53768534 246.10000000 0.52136982 0.53913581 0.55255531
0.53290205 245.10000000 0.48918405 0.54783509 0.55984878
0.53015170 699.70000000 0.55227549 0.54641934 0.49015192
0.53499702 366.60000000 0.54888441 0.52276109 0.52613675
0.51243895 660.40000000 0.50235651 0.53728135 0.49508813
0.53658318 372.90000000 0.50507271 0.54192190 0.55844489
0.54521169 369.40000000 0.54621070 0.55064032 0.53874345
0.53888491 650.50000000 0.53449778 0.55363453 0.53592649
0.53907614 380.20000000 0.49846752 0.59511106 0.52644462
0.54377880 292.10000000 0.56182334 0.53124303 0.53789599
0.47718190 293.30000000 0.45599318 0.49136968 0.48189057
0.53626088 194.40000000 0.52796473 0.53968687 0.54234210
0.54022657 292.80000000 0.53409229 0.54707108 0.54287176
0.55525986 292.50000000 0.53563877 0.56746532 0.56003334
0.49882457 186.10000000 0.52009391 0.50061630 0.46356112
0.54275227 418.80000000 0.54907491 0.55247940 0.52907287
0.52978312 331.00000000 0.53202718 0.51933461 0.53325965
0.53150167 260.00000000 0.53088240 0.51984418 0.54589249
0.52030607 419.40000000 0.52134218 0.50216504 0.53285391
0.51588235 469.40000000 0.50490851 0.57945063 0.46773053
0.53362090 259.80000000 0.52842954 0.52114274 0.55351122
0.42592593 215.90000000 0.35602726 0.40680823 0.49263648
0.55490820 216.20000000 0.53537577 0.53171894 0.59882192
0.42390572 256.90000000 0.39501610 0.40224966 0.48129508
0.41303030 215.70000000 0.39400688 0.43731628 0.40761789
0.32902357 215.80000000 0.25596448 0.30803163 0.42640786
0.53608021 744.40000000 0.49491026 0.55116258 0.56200772
0.46315789 128.50000000 0.44434524 0.43416340 0.51903763
0.54070759 379.60000000 0.54288375 0.56301842 0.51475189
0.42631579 134.10000000 0.39639756 0.41064796 0.46410814
0.45964912 128.00000000 0.41879387 0.45164097 0.52554957
0.40175439 379.90000000 0.34942853 0.40059426 0.43985221
0.53212613 342.90000000 0.53554585 0.53805849 0.52016767
0.52850242 194.40000000 0.55703869 0.52191916 0.51223851
0.49100784 194.80000000 0.42715467 0.52030747 0.54487289
0.55024155 183.60000000 0.56019507 0.53490490 0.55699423
0.52463768 195.30000000 0.53464181 0.53604243 0.50318192
0.55700483 194.70000000 0.58684406 0.56022099 0.52801330
0.51749160 184.00000000 0.51237026 0.50632642 0.52740540
0.53475177 704.80000000 0.52841855 0.53432651 0.54238437
0.52802993 558.70000000 0.49861955 0.51263865 0.56249904
0.54751773 241.70000000 0.54010531 0.52561176 0.57963051
0.50673759 706.60000000 0.51822984 0.51448511 0.48543126
0.52234043 583.00000000 0.52694420 0.53465015 0.50923353
0.52327880 241.80000000 0.52084271 0.54117037 0.51685490
0.49318182 254.90000000 0.48217817 0.50963236 0.48435510
0.52707092 255.30000000 0.50954834 0.51088259 0.55891535
0.52500000 611.60000000 0.49204009 0.56704664 0.51613438
0.49090909 255.00000000 0.41019291 0.49651494 0.56799730
0.52348485 255.00000000 0.49750375 0.53463975 0.53429736
0.54616869 613.50000000 0.54449074 0.56069177 0.53350558
0.53093282 1293.60000000 0.51602653 0.52720359 0.55278594
0.53404255 1290.00000000 0.49488586 0.57690031 0.53181950
0.51563174 438.60000000 0.50233934 0.49067745 0.55850543
0.51913679 1296.70000000 0.50373659 0.52142254 0.53998422
0.53452141 408.20000000 0.53482136 0.51236379 0.54997623
0.53156028 439.30000000 0.49798524 0.54753103 0.54974846
0.55397042 305.50000000 0.55168372 0.53404161 0.57708566
0.52121212 304.80000000 0.51870715 0.52456785 0.52389398
0.52173002 209.30000000 0.49313621 0.54917091 0.52489479
0.55147433 304.90000000 0.55579141 0.54686433 0.55582357
0.53708464 304.40000000 0.53088425 0.55385941 0.52891409
0.54090909 209.40000000 0.51850216 0.56966260 0.53702252
0.54069421 486.40000000 0.51213209 0.55207018 0.55648982
0.44736842 259.20000000 0.44286562 0.42204900 0.47740267
0.55091335 287.30000000 0.53865563 0.57983732 0.53157234
0.53579291 485.20000000 0.52383879 0.52141957 0.56113269
0.51366845 486.30000000 0.44481006 0.56626169 0.52861522
0.31929825 287.10000000 0.28458412 0.31378291 0.35981613
0.55773796 201.30000000 0.53036770 0.56285183 0.57953358
0.55072464 218.90000000 0.54563951 0.56982624 0.53349820
0.51016797 198.00000000 0.45271766 0.53416832 0.53608537
0.54080627 200.80000000 0.52198119 0.56961498 0.52594226
0.54601344 218.90000000 0.54288035 0.58780337 0.50544873
0.50434783 691.80000000 0.49639123 0.54627306 0.45673586
0.52422760 345.60000000 0.52415156 0.53665093 0.51765006
0.52422760 345.60000000 0.52415156 0.53665093 0.51765006
0.54277286 348.70000000 0.52487011 0.55125970 0.55668098
0.55340009 330.50000000 0.57799194 0.56381649 0.51988095
0.51364695 285.00000000 0.50678515 0.57471381 0.47272199
0.52856699 292.70000000 0.51088256 0.53514600 0.53624912
0.54237527 237.80000000 0.52782240 0.50780731 0.59422318
0.54237527 237.80000000 0.52782240 0.50780731 0.59422318
0.51767629 259.90000000 0.50157127 0.52502397 0.52395728
0.54002045 237.70000000 0.50977082 0.56204783 0.54995173
0.54349435 237.40000000 0.55016658 0.51610115 0.56446893
0.54042516 259.60000000 0.53804798 0.52781760 0.55750680
0.54832696 335.10000000 0.53985170 0.58076252 0.52719613
0.54832696 335.10000000 0.53985170 0.58076252 0.52719613
0.55127769 197.70000000 0.54698553 0.56124195 0.54622552
0.52941823 335.00000000 0.50781160 0.56821336 0.51215159
0.54062156 334.80000000 0.57183070 0.54286478 0.50410941
0.51670856 197.10000000 0.50408106 0.51282123 0.52794378
0.55121018 182.00000000 0.54309894 0.54925602 0.56026721
0.55121018 182.00000000 0.54309894 0.54925602 0.56026721
0.52840538 390.50000000 0.49610265 0.53265125 0.55927659
0.55019419 182.10000000 0.54130006 0.53471757 0.57666320
0.54061691 182.00000000 0.53144025 0.52665916 0.56593683
0.53375267 389.70000000 0.52756447 0.55197236 0.51749773
0.51194702 425.60000000 0.49110717 0.49591633 0.53786136
0.51194702 425.60000000 0.49110717 0.49591633 0.53786136
0.51856071 1105.80000000 0.51429742 0.51649080 0.52453167
0.51257395 424.30000000 0.49191613 0.50764661 0.53147195
0.51729360 426.40000000 0.49731477 0.52153620 0.53539457
0.52520530 1424.70000000 0.47837340 0.54080908 0.55668815
0.54156146 206.40000000 0.56953122 0.52794153 0.53089767
0.54156146 206.40000000 0.56953122 0.52794153 0.53089767
0.53259468 312.80000000 0.53300507 0.50781115 0.55758728
0.54088040 206.20000000 0.52629354 0.54492087 0.54706885
0.56681838 206.00000000 0.56911664 0.57572001 0.55579145
0.54255150 312.30000000 0.54425920 0.54713901 0.53698919
0.54872173 882.30000000 0.51996711 0.58290435 0.54107942
0.54872173 882.30000000 0.51996711 0.58290435 0.54107942
0.53230678 223.10000000 0.54983639 0.55163537 0.49753571
0.54785054 883.00000000 0.55310826 0.52754073 0.55878533
0.50839331 508.70000000 0.52336043 0.51166535 0.49353970
0.54691839 223.30000000 0.53444829 0.56695101 0.53674077
0.54875439 275.90000000 0.50308612 0.56468504 0.57655906
0.54875439 275.90000000 0.50308612 0.56468504 0.57655906
0.53705263 290.50000000 0.53328052 0.52810183 0.56230671
0.54235088 274.50000000 0.53714289 0.51890341 0.57159262
0.51843860 276.00000000 0.46156379 0.52747767 0.56328523
0.53436842 391.60000000 0.55520344 0.54920517 0.50450864
