0.52933333 166.70000000 0.53457866 0.51498720 0.54576229
0.52933333 166.70000000 0.53457866 0.51498720 0.54576229
0.52933333 166.70000000 0.53457866 0.51498720 0.54576229
0.52933333 166.70000000 0.53457866 0.51498720 0.54576229
0.52933333 166.70000000 0.53457866 0.51498720 0.54576229
0.52933333 166.70000000 0.53457866 0.51498720 0.54576229
0.51320000 262.00000000 0.51491117 0.52104103 0.50626772
0.51320000 262.00000000 0.51491117 0.52104103 0.50626772
0.51320000 262.00000000 0.51491117 0.52104103 0.50626772
0.51320000 262.00000000 0.51491117 0.52104103 0.50626772
0.51320000 262.00000000 0.51491117 0.52104103 0.50626772
0.51320000 262.00000000 0.51491117 0.52104103 0.50626772
0.50633333 322.90000000 0.51178907 0.49648240 0.51073712
0.50633333 322.90000000 0.51178907 0.49648240 0.51073712
0.52266667 322.40000000 0.51614355 0.52619723 0.52479313
0.50633333 322.90000000 0.51178907 0.49648240 0.51073712
0.51800000 308.40000000 0.53027615 0.50947192 0.51156598
0.52566667 307.80000000 0.52295965 0.53941719 0.50955483
0.53650000 205.60000000 0.54163997 0.55192095 0.51880595
0.53650000 205.60000000 0.54163997 0.55192095 0.51880595
0.53900000 205.50000000 0.52164467 0.53243267 0.55844613
0.53650000 205.60000000 0.54163997 0.55192095 0.51880595
0.51300000 216.40000000 0.51500941 0.50110338 0.52133029
0.53050000 218.10000000 0.52529166 0.49660808 0.56257240
0.52888889 229.20000000 0.51100694 0.52976624 0.54977028
0.52888889 229.20000000 0.51100694 0.52976624 0.54977028
0.51066667 228.20000000 0.47857587 0.50094325 0.55089450
0.52622222 229.10000000 0.51104527 0.53008896 0.53960241
0.52888889 229.20000000 0.51100694 0.52976624 0.54977028
0.51066667 228.10000000 0.48710058 0.50831095 0.53433057
0.54369231 345.30000000 0.52644149 0.56862210 0.53396489
0.54369231 345.30000000 0.52644149 0.56862210 0.53396489
0.53661538 344.70000000 0.54711820 0.53856214 0.52122588
0.53384615 345.80000000 0.50979890 0.56329868 0.52813323
0.54369231 345.30000000 0.52644149 0.56862210 0.53396489
0.53538462 344.70000000 0.54253490 0.53564473 0.52851766
0.54763636 284.90000000 0.54822678 0.54752316 0.54604087
0.54763636 284.90000000 0.54822678 0.54752316 0.54604087
0.53781818 284.50000000 0.52048133 0.53985964 0.54975229
0.54727273 284.90000000 0.54519605 0.54632511 0.55091113
0.52400000 301.70000000 0.53093796 0.51531392 0.52590246
0.51563636 301.70000000 0.51377861 0.49935096 0.53262353
0.50285714 190.40000000 0.48553060 0.51422194 0.50390600
0.50285714 190.40000000 0.48553060 0.51422194 0.50390600
0.51542857 192.60000000 0.50525573 0.50403161 0.53383072
0.50228571 190.50000000 0.48868252 0.53093381 0.49079524
0.52000000 182.20000000 0.52081617 0.54775326 0.49124353
0.50971429 182.80000000 0.49045622 0.52946446 0.51020198
0.51201217 198.10000000 0.51587565 0.52729505 0.49383802
0.51429484 277.30000000 0.50974937 0.51538938 0.51368503
0.51201217 198.10000000 0.51587565 0.52729505 0.49383802
0.51575265 198.70000000 0.51000228 0.54081564 0.49305728
0.53173285 189.50000000 0.53956768 0.53877292 0.52252439
0.52918904 264.40000000 0.49566161 0.54092733 0.54507461
0.52415433 289.40000000 0.49901514 0.52996447 0.53880905
0.51570476 163.80000000 0.53939977 0.52538894 0.48582804
0.52415433 289.40000000 0.49901514 0.52996447 0.53880905
0.53355594 289.50000000 0.53628820 0.52753271 0.53788718
0.54088995 303.90000000 0.56750583 0.53079775 0.52108943
0.50832765 172.50000000 0.53378469 0.48893395 0.50308352
0.51793672 366.30000000 0.51921157 0.52434527 0.50873965
0.53034148 229.70000000 0.53753639 0.51630508 0.53850490
0.53097905 362.50000000 0.53211349 0.53906322 0.52168315
0.51555932 367.40000000 0.52474141 0.52270959 0.50123333
0.51793672 366.30000000 0.51921157 0.52434527 0.50873965
0.54025157 230.60000000 0.52891990 0.55404741 0.53635931
0.53012268 246.50000000 0.52862049 0.54052740 0.52158435
0.52062956 323.50000000 0.51630176 0.55159138 0.49401677
0.51663653 245.00000000 0.50109709 0.51251398 0.52923111
0.53012977 246.40000000 0.53741471 0.54249682 0.51154251
0.53012268 246.50000000 0.52862049 0.54052740 0.52158435
0.53215573 321.90000000 0.51946290 0.56646510 0.51004364
0.51763664 222.50000000 0.50767654 0.51327457 0.53578075
0.53807087 351.40000000 0.53542504 0.54001117 0.53817343
0.51950350 222.80000000 0.52152930 0.52281872 0.51440299
0.51717380 222.60000000 0.51192883 0.49950939 0.53962528
0.51862875 233.50000000 0.53516900 0.48247751 0.53860361
0.51023563 369.90000000 0.51493709 0.52852170 0.48786132
0.54206193 344.00000000 0.53863413 0.53732713 0.54993980
0.51919122 265.10000000 0.53609076 0.49520950 0.53407448
0.53407369 346.30000000 0.54310734 0.52450454 0.53200855
0.53087470 340.70000000 0.51085181 0.55110164 0.53001565
0.51294749 323.80000000 0.50623403 0.49096478 0.54194030
0.53727972 247.40000000 0.53364900 0.53216571 0.54457867
0.52265840 268.60000000 0.50951896 0.53282770 0.52327994
0.54131869 191.60000000 0.50828810 0.57143948 0.54116989
0.52416190 268.40000000 0.52392651 0.52819930 0.51823042
0.51694482 268.60000000 0.50591401 0.52495500 0.51835102
0.52265840 268.60000000 0.50951896 0.53282770 0.52327994
0.51947605 191.50000000 0.50020736 0.52910162 0.53127192
0.52183973 175.40000000 0.48776849 0.55424558 0.51774861
0.52137171 307.80000000 0.51170866 0.53917115 0.51236243
0.51139514 175.70000000 0.48193278 0.53949948 0.51196445
0.52062410 175.10000000 0.48615742 0.56082412 0.51035726
0.52183973 175.40000000 0.48776849 0.55424558 0.51774861
0.52591342 307.30000000 0.53722035 0.52177002 0.52254257
0.50712877 174.70000000 0.48689048 0.51262215 0.52084020
0.49009896 214.30000000 0.47883621 0.51375323 0.47012129
0.52489081 174.80000000 0.53039737 0.51559490 0.52826960
0.52013595 174.80000000 0.50081100 0.53792535 0.52053884
0.53559101 171.10000000 0.51851939 0.55100203 0.53413231
0.52204165 210.90000000 0.52432150 0.49237934 0.54858233
0.50112634 294.90000000 0.48629432 0.50586208 0.50912438
0.51812608 332.50000000 0.50666901 0.52001855 0.52245361
0.51563558 291.90000000 0.49378664 0.50499736 0.54260789
0.54167314 291.90000000 0.55599183 0.54382045 0.52982178
0.52416634 286.90000000 0.52115964 0.52481863 0.52847558
0.52138447 327.10000000 0.52423120 0.49848600 0.53517343
0.53043808 321.70000000 0.51800888 0.52532906 0.54434262
0.52942455 259.90000000 0.51427029 0.52778802 0.53991828
0.53043808 321.70000000 0.51800888 0.52532906 0.54434262
0.53044203 321.40000000 0.52156502 0.52288523 0.54409669
0.51346878 351.20000000 0.50753529 0.52557899 0.50616926
0.52633603 280.80000000 0.50917502 0.53273721 0.53423412
0.53383813 230.00000000 0.53387136 0.52900199 0.54152041
0.51889188 166.30000000 0.50426519 0.51940513 0.53179899
0.53383813 230.00000000 0.53387136 0.52900199 0.54152041
0.52699719 230.30000000 0.52985165 0.50832597 0.54738425
0.53614846 228.90000000 0.51249488 0.54821050 0.54836461
0.53034460 162.60000000 0.53635919 0.55202224 0.49933047
0.52089321 264.10000000 0.52733386 0.51957652 0.51439959
0.54222877 194.60000000 0.52108125 0.55588621 0.54976412
0.53774034 262.30000000 0.53076063 0.54894907 0.53900423
0.51967382 264.00000000 0.52973585 0.51496060 0.51479470
0.51843419 263.60000000 0.52351797 0.53352063 0.50222082
0.53334042 197.10000000 0.52461974 0.55064893 0.52838690
0.53055122 352.80000000 0.54277555 0.54523318 0.50269776
0.51866939 288.30000000 0.51153628 0.52540483 0.52044885
0.52385416 350.30000000 0.51149002 0.52552502 0.53521830
0.53724575 352.90000000 0.53448120 0.55841990 0.51523269
0.53197674 354.10000000 0.52033314 0.53286972 0.54368018
0.53467732 290.90000000 0.54715584 0.51960041 0.53741346
0.53098024 325.30000000 0.53140221 0.53870953 0.52190245
0.53363484 366.00000000 0.54426261 0.53679571 0.52170688
0.52041049 323.70000000 0.48910590 0.54197742 0.53115458
0.52621137 324.10000000 0.54633980 0.52229481 0.50983978
0.52382113 294.50000000 0.51498985 0.51925917 0.53932014
0.53215976 332.30000000 0.52828458 0.54099415 0.52514337
0.52428823 204.60000000 0.53507921 0.51423802 0.52693011
0.52917973 241.50000000 0.53192142 0.52598347 0.53032719
0.53045510 204.50000000 0.54387218 0.51733827 0.52881333
0.53046045 204.40000000 0.52280784 0.53280081 0.54391739
0.50463650 204.80000000 0.49138370 0.48872317 0.52785191
0.52789782 242.40000000 0.53106750 0.52341946 0.53130756
0.52896606 184.30000000 0.52433480 0.53278293 0.53179827
0.52728949 323.90000000 0.52611243 0.54349329 0.50939123
0.53560804 183.80000000 0.51457454 0.54335885 0.54928278
0.53059620 184.40000000 0.52312373 0.53792259 0.52998875
0.51688119 197.40000000 0.49340959 0.54000608 0.51339293
0.52226593 347.00000000 0.51838105 0.54432070 0.49821322
0.51900129 300.80000000 0.52348586 0.52683182 0.51027361
0.52921956 234.20000000 0.51926084 0.53255745 0.53524683
0.52720653 299.10000000 0.52706157 0.54903589 0.50476649
0.53679867 301.20000000 0.55039351 0.53166735 0.52830053
0.51404558 290.80000000 0.51967751 0.50734460 0.51977367
0.52604415 227.80000000 0.49709987 0.51992364 0.55664232
0.51946002 342.60000000 0.51368262 0.54889170 0.49219330
0.51600451 176.80000000 0.51657799 0.53145707 0.49774614
0.51946002 342.60000000 0.51368262 0.54889170 0.49219330
0.52036454 342.70000000 0.51485267 0.55263140 0.49007257
0.52974921 334.20000000 0.51330274 0.52792918 0.54712165
0.52669766 170.50000000 0.49999061 0.54147718 0.53556580
0.51708091 255.10000000 0.54115119 0.50839405 0.50277522
0.54874882 296.40000000 0.55960572 0.53395193 0.54626957
0.51708091 255.10000000 0.54115119 0.50839405 0.50277522
0.52313592 258.30000000 0.53990649 0.49599012 0.53657220
0.50629385 243.50000000 0.50315402 0.51507264 0.50061489
0.53275953 284.60000000 0.53490631 0.51362289 0.55089948
0.53030580 224.60000000 0.50945340 0.53450707 0.55102374
0.52756263 317.30000000 0.51584417 0.55375341 0.51348297
0.52735800 221.70000000 0.51075024 0.52337530 0.54925943
0.52352376 225.10000000 0.50532329 0.53515865 0.52957254
0.54337742 211.70000000 0.50713354 0.54776821 0.57065284
0.52719928 300.90000000 0.54114413 0.53548885 0.50314615
0.53705584 315.90000000 0.54833639 0.54007104 0.51998452
0.51600342 200.30000000 0.51513314 0.55634644 0.47298922
0.52236061 313.60000000 0.49393793 0.53668520 0.53205449
0.53412318 315.70000000 0.53916785 0.54149363 0.52003775
0.51584169 330.40000000 0.50491630 0.52098732 0.52296144
0.51806795 208.80000000 0.52157156 0.48803551 0.54517508
0.53336120 269.30000000 0.53757008 0.54274749 0.52169154
0.52668657 257.50000000 0.54018500 0.52366255 0.51768470
0.52282800 270.20000000 0.54754544 0.51347351 0.50950225
0.53025292 269.40000000 0.53141782 0.53435051 0.52644472
0.52284624 283.00000000 0.54189970 0.51217669 0.51607144
0.51353302 270.60000000 0.51851531 0.49337595 0.53025780
0.54380614 156.80000000 0.54475385 0.53691257 0.55774059
0.54624805 344.90000000 0.54528333 0.56900793 0.52553176
0.54059693 156.80000000 0.54071276 0.54168572 0.54916996
0.54315695 156.90000000 0.53654006 0.55318752 0.54459768
0.52077821 163.70000000 0.51404261 0.54636749 0.50367935
0.50929385 361.90000000 0.52554705 0.50056523 0.49865240
0.51564858 167.60000000 0.50300854 0.50420785 0.53880538
0.52610947 187.10000000 0.50195834 0.49716358 0.58338006
0.51184355 167.50000000 0.47729737 0.54817424 0.50263100
0.51002358 167.60000000 0.50266403 0.49286364 0.53247388
0.53708726 165.70000000 0.51119390 0.54226252 0.55352784
0.51937731 184.20000000 0.50798863 0.52699959 0.52561936
0.52201218 285.50000000 0.52266787 0.53005302 0.51520311
0.54079059 304.40000000 0.53512956 0.55126939 0.54066110
0.53007277 287.10000000 0.50716102 0.52387788 0.55920119
0.50848084 289.30000000 0.49451687 0.50921780 0.52073959
0.50423374 280.50000000 0.48305483 0.51979329 0.50750974
0.52968077 303.30000000 0.52362979 0.51501888 0.54766331
0.52748930 315.30000000 0.50826900 0.53987907 0.53064040
0.53977315 334.20000000 0.51772682 0.55424771 0.54629831
0.53005115 316.50000000 0.52620408 0.54418741 0.51646999
0.52938303 315.00000000 0.51068385 0.54114664 0.53405606
0.52549640 328.00000000 0.52900589 0.51741328 0.52704612
0.52879754 348.50000000 0.51905715 0.52336376 0.54036519
0.52770791 226.60000000 0.52044833 0.52337311 0.53259535
0.51731594 242.40000000 0.50774689 0.49816238 0.54187133
0.52004329 226.50000000 0.51698023 0.52941027 0.51323836
0.53248348 226.90000000 0.51705437 0.51049447 0.55782109
0.52383003 212.10000000 0.49169310 0.50757753 0.56985339
0.54011913 230.10000000 0.53899037 0.50984230 0.56830464
0.52003273 249.10000000 0.52875740 0.50822536 0.52583863
0.51603159 217.00000000 0.50929095 0.51510906 0.52927229
0.51918349 250.20000000 0.49028117 0.53397317 0.53063281
0.52817421 249.10000000 0.53116533 0.51190303 0.54287186
0.50047827 253.00000000 0.49037933 0.49642899 0.51387602
0.52041920 219.10000000 0.49432913 0.51874279 0.55233272
0.50477880 337.20000000 0.51293582 0.51047088 0.48760024
0.51962611 306.20000000 0.50421828 0.54791276 0.50767394
0.52452945 337.70000000 0.51100456 0.52349869 0.53666494
0.50506211 337.10000000 0.51564921 0.51480949 0.48126165
0.50149432 341.20000000 0.50714617 0.52647292 0.46553236
0.52721361 309.20000000 0.52215001 0.53582799 0.52001546
0.51616383 310.80000000 0.53791750 0.49627444 0.51105273
0.50849647 276.00000000 0.50410626 0.50765262 0.51718847
0.52147764 311.00000000 0.53027590 0.51915761 0.51445055
0.50810848 311.20000000 0.51453908 0.49440116 0.51457182
0.53835310 297.40000000 0.53450704 0.54106286 0.54123846
0.51759049 264.10000000 0.51597969 0.49739709 0.53597195
0.52008519 191.00000000 0.49399037 0.53350736 0.53570436
0.54539088 158.50000000 0.51229139 0.58553987 0.53536936
0.53847239 191.00000000 0.54652259 0.54044543 0.52390666
0.52167744 191.00000000 0.51515561 0.53828490 0.51308166
0.54444477 204.80000000 0.55231031 0.53567389 0.54768520
0.54015364 171.70000000 0.53744629 0.54856407 0.53256976
0.53074433 197.20000000 0.50527012 0.51899235 0.56104961
0.52339021 290.90000000 0.50604351 0.53026863 0.53392915
0.51804879 197.20000000 0.49436175 0.49784357 0.55227016
0.52818554 197.20000000 0.51089924 0.51447166 0.55229919
0.53277737 209.70000000 0.52344966 0.53084091 0.54218715
0.52958170 309.80000000 0.52897935 0.52474422 0.53485693
0.51836496 312.70000000 0.51386101 0.53105269 0.50916993
0.49626068 201.00000000 0.50215562 0.50410294 0.48793920
0.51533579 310.60000000 0.52320619 0.49707049 0.52580578
0.51835244 313.70000000 0.51946558 0.52914368 0.50930119
0.50859382 301.50000000 0.50678422 0.51822440 0.49939129
0.52203086 193.50000000 0.48599644 0.55686363 0.51678070
0.50763855 356.20000000 0.51776489 0.50447238 0.50098450
0.51787690 247.30000000 0.50167273 0.52554079 0.52989423
0.53042845 357.40000000 0.54266145 0.54926949 0.49633388
0.51455082 355.30000000 0.51899714 0.52420901 0.49974878
0.51858623 361.20000000 0.52154044 0.52945060 0.50509810
0.53990145 249.60000000 0.55639372 0.52812707 0.53452453
0.52003390 267.20000000 0.53007593 0.48341571 0.54266320
0.52847766 367.40000000 0.52228523 0.53439761 0.53161503
0.52975709 270.80000000 0.52303597 0.51683775 0.54759747
0.53381390 266.60000000 0.54619081 0.51863799 0.53784542
0.51724104 272.80000000 0.51487567 0.50645526 0.52982051
0.53816457 373.30000000 0.55326556 0.52414407 0.53341938
0.52365782 243.40000000 0.51177257 0.51384836 0.54830007
0.53136829 344.90000000 0.50844478 0.54092600 0.54271666
0.52637071 241.30000000 0.49797458 0.54569118 0.52978665
0.52501529 243.20000000 0.51219091 0.51265605 0.55203718
0.52863112 228.80000000 0.51634869 0.53363922 0.53528296
0.53203637 323.80000000 0.53037173 0.55287756 0.51248493
0.52593700 334.60000000 0.52230768 0.55008938 0.50852383
0.53526916 224.80000000 0.52615437 0.53480388 0.54291578
0.51755868 332.30000000 0.50216285 0.52724421 0.52243189
0.52406977 334.70000000 0.52394000 0.54497149 0.50546906
0.52810607 347.20000000 0.52165973 0.54862716 0.51494994
0.52408699 234.40000000 0.51370268 0.50649097 0.54828633
0.50130915 289.80000000 0.49139681 0.51282651 0.50058716
0.52472435 177.90000000 0.51529585 0.54949754 0.50935479
0.51747205 287.00000000 0.53055736 0.49428421 0.52660031
0.50056979 289.60000000 0.49022292 0.51315742 0.49630051
0.51492294 286.50000000 0.51836691 0.53392389 0.49753604
0.53746988 174.00000000 0.50647979 0.54331235 0.56036573
0.52589759 174.40000000 0.51634109 0.53505679 0.52927393
0.52708895 269.80000000 0.52126103 0.52284207 0.53048214
0.51715626 174.40000000 0.50506481 0.52655684 0.51972552
0.52821977 174.40000000 0.51657271 0.53783951 0.53209336
0.52821977 172.20000000 0.52058452 0.52349822 0.54029873
0.53310966 266.00000000 0.51512434 0.54681066 0.53609366
0.53801022 179.40000000 0.54257637 0.51830020 0.55277920
0.50811966 255.20000000 0.49602595 0.51245951 0.51230892
0.53021176 180.60000000 0.46404293 0.58786957 0.54154267
0.53382621 179.60000000 0.51899914 0.51971526 0.56212137
0.54225995 175.00000000 0.52212146 0.52227757 0.56962911
0.52221131 250.20000000 0.53178323 0.51104435 0.52373320
0.50527309 274.60000000 0.50256496 0.51680101 0.50286198
0.52063813 346.70000000 0.53442653 0.51888553 0.50889087
0.53198893 275.60000000 0.53726169 0.54311740 0.51259576
0.53766208 274.00000000 0.53638730 0.53830919 0.53588024
0.53012342 267.30000000 0.53713823 0.52304765 0.52960928
0.54126463 337.00000000 0.53006025 0.55416403 0.53331922
0.52470966 336.20000000 0.52684551 0.51549648 0.53118701
0.54780702 301.00000000 0.54214320 0.54408243 0.55742681
0.53835041 335.80000000 0.54204943 0.55962455 0.51298702
0.51933494 336.30000000 0.52777688 0.50827510 0.51953701
0.52853426 324.10000000 0.54594061 0.53811255 0.49973542
0.52004818 292.70000000 0.52591409 0.52891302 0.50234631
0.52366279 218.70000000 0.48671129 0.53808827 0.54462225
0.50276146 187.00000000 0.51639254 0.49048300 0.50702897
0.51629630 218.60000000 0.48058382 0.52129015 0.54898649
0.52644918 218.70000000 0.49478928 0.53103467 0.55465684
0.52271964 234.30000000 0.49389949 0.53066093 0.53669066
0.53201234 201.40000000 0.54195144 0.52317332 0.53534538
0.53365837 247.50000000 0.51832592 0.51808877 0.56305351
0.54394654 163.10000000 0.51947061 0.54606168 0.56365186
0.51665456 247.20000000 0.49688040 0.51961164 0.53025264
0.54031639 247.60000000 0.52140489 0.52478767 0.57534915
0.52035615 251.20000000 0.50192624 0.52625177 0.53332389
0.53313286 167.40000000 0.54448868 0.50260517 0.55065539
0.50968691 366.10000000 0.52370556 0.50139726 0.50419288
0.50384467 280.50000000 0.49242066 0.52492510 0.49263483
0.54668794 365.90000000 0.55073465 0.54863559 0.54348495
0.53464206 366.80000000 0.52587709 0.54306651 0.53601009
0.52669915 373.10000000 0.55394285 0.52182472 0.50632183
0.52773092 285.10000000 0.51867163 0.51092657 0.55497678
0.51305131 304.80000000 0.52830304 0.51659059 0.49610957
0.53620420 325.60000000 0.53988755 0.54116442 0.52677746
0.52306671 305.60000000 0.52503979 0.51592362 0.52935912
0.51408461 304.70000000 0.52837198 0.51511356 0.49688822
0.51409409 310.50000000 0.52235712 0.51025359 0.51054305
0.53455997 330.50000000 0.52728158 0.55364580 0.52004699
0.52618352 211.30000000 0.50310677 0.53241560 0.53826869
0.53913648 231.50000000 0.49214204 0.55765900 0.56011787
0.55349408 211.50000000 0.53092223 0.57038610 0.56162951
0.53096996 211.80000000 0.52496796 0.55067754 0.52107507
0.51783963 194.10000000 0.49764611 0.52766098 0.52964862
0.51717703 213.60000000 0.46773084 0.52900850 0.55249547
0.53509196 190.50000000 0.52724845 0.52405254 0.55058803
0.53042511 372.60000000 0.50365482 0.53202508 0.55249436
0.51828197 191.10000000 0.50145202 0.51470711 0.53213018
0.54630281 189.90000000 0.54751631 0.51510940 0.57503253
0.51099115 185.70000000 0.49791234 0.51411811 0.51743476
0.51571771 362.60000000 0.50802609 0.53578383 0.50471238
0.51925041 283.60000000 0.52251524 0.50942286 0.52095915
0.52166156 251.30000000 0.50681947 0.53718996 0.52260458
0.52499549 284.10000000 0.51808056 0.54665317 0.50723128
0.51385085 283.60000000 0.51919542 0.50294535 0.51349819
0.51526263 307.40000000 0.53761863 0.50311667 0.50112529
0.52286462 275.00000000 0.49443357 0.53946263 0.53462700
0.52361183 360.70000000 0.52277042 0.52834070 0.52257545
0.51347768 219.30000000 0.54924370 0.49024709 0.49506722
0.50137427 359.70000000 0.48996176 0.51433622 0.49706123
0.52879847 361.10000000 0.53274258 0.53378550 0.52282285
0.51599266 353.30000000 0.49732094 0.53247559 0.51828660
0.52313529 213.30000000 0.51402404 0.52036092 0.53030492
0.53221099 238.60000000 0.53431247 0.53341918 0.52765608
0.51399581 308.90000000 0.51835855 0.49254633 0.52775364
0.51774688 238.10000000 0.52774523 0.49471385 0.53100426
0.53747414 238.60000000 0.54019762 0.53328417 0.54065792
0.52345438 233.70000000 0.53060305 0.51259309 0.52952448
0.52709528 304.10000000 0.50911316 0.55705972 0.50928216
0.51453443 210.00000000 0.50367263 0.49339145 0.54271397
0.52704444 279.60000000 0.50941869 0.51356123 0.55328509
0.51895103 210.10000000 0.49853580 0.52455861 0.52753428
0.51750700 210.10000000 0.51117147 0.50289388 0.53636385
0.51204240 216.50000000 0.49882003 0.51174169 0.52233271
0.53070463 287.70000000 0.52287511 0.53449886 0.52891549
0.52161608 330.70000000 0.51571500 0.52917938 0.52070401
0.52356521 187.00000000 0.49502387 0.54473972 0.53252173
0.52094732 327.20000000 0.52677027 0.50769451 0.52960722
0.52722229 331.00000000 0.51635973 0.53073472 0.53350984
0.52886160 306.60000000 0.52157221 0.56008414 0.49956791
0.52065483 174.00000000 0.50445484 0.51537103 0.53724532
0.52152127 254.20000000 0.51128072 0.51609964 0.53829517
0.52048836 223.80000000 0.51469463 0.50265255 0.54310860
0.52231645 254.20000000 0.50370336 0.51926472 0.54110040
0.51364103 254.50000000 0.52186661 0.50690851 0.50914965
0.52786250 262.20000000 0.54533837 0.52974139 0.51046111
0.52455668 229.10000000 0.50718871 0.50364170 0.55879756
0.52778627 162.60000000 0.54746503 0.50379430 0.52975538
0.53463459 340.90000000 0.53741791 0.53200578 0.53608132
0.51732451 162.40000000 0.48664777 0.53072795 0.52700492
0.52841440 162.20000000 0.54049829 0.49943456 0.54462492
0.52384772 168.60000000 0.51391977 0.53365765 0.52140551
0.51940558 348.80000000 0.52653559 0.53117125 0.49798580
0.53134897 157.10000000 0.54477171 0.56726815 0.48267748
0.53844086 284.90000000 0.53249727 0.55815341 0.52284728
0.54041894 157.10000000 0.55139288 0.57256236 0.49479544
0.53850440 157.20000000 0.53571763 0.58453175 0.49125288
0.51328027 165.80000000 0.48051638 0.51422316 0.54172634
0.51554403 303.60000000 0.50298185 0.52272368 0.51909014
0.52533117 271.90000000 0.50780908 0.53048427 0.53859656
0.55147424 191.90000000 0.53769451 0.56389800 0.55512813
0.53636715 269.60000000 0.53246393 0.54050913 0.53624755
0.53358808 271.40000000 0.54283411 0.52645731 0.53392357
0.53514590 263.10000000 0.53277710 0.51709536 0.55575173
0.52364991 184.80000000 0.51193723 0.51211076 0.54322614
0.53463007 316.60000000 0.52600726 0.53121792 0.54537933
0.51066072 239.60000000 0.49407776 0.50507653 0.52730179
0.54085526 316.60000000 0.55567027 0.54121446 0.52511534
0.53167709 316.80000000 0.51722986 0.52514741 0.55051376
0.53396786 306.20000000 0.52754823 0.53480446 0.53777492
0.51156826 230.80000000 0.48387760 0.52865514 0.51743125
0.53591583 228.00000000 0.50573394 0.52530177 0.57097333
0.53108778 362.00000000 0.56786314 0.51263467 0.50983728
0.52175753 225.80000000 0.51833112 0.52126972 0.52298875
0.52221664 225.40000000 0.50040606 0.53358552 0.52930826
0.52224534 218.00000000 0.52258295 0.52912021 0.51217857
0.52256885 345.90000000 0.50868158 0.52676154 0.53231281
0.53980254 248.60000000 0.52648644 0.52469970 0.56687658
0.52050367 330.60000000 0.50850262 0.53021706 0.52160180
0.51370799 250.90000000 0.52285340 0.51765776 0.49929106
0.54115056 248.30000000 0.52936744 0.52446537 0.56435126
0.51459654 234.40000000 0.51965964 0.51203054 0.51154196
0.51887511 310.20000000 0.52477384 0.52497433 0.50701963
0.53320346 338.30000000 0.52367644 0.56852236 0.50408182
0.51975610 211.20000000 0.51773283 0.51699682 0.52263918
0.51924288 339.80000000 0.50535090 0.55077555 0.50117017
0.53472506 338.10000000 0.54052507 0.55511902 0.50723667
0.52228332 352.10000000 0.51969342 0.51165555 0.53462262
0.52566475 220.00000000 0.53700309 0.51397144 0.52937961
0.51305428 294.00000000 0.50579186 0.51740480 0.51320740
0.53462505 163.30000000 0.52949660 0.52906909 0.54048667
0.52306068 294.10000000 0.51854490 0.52364582 0.52735065
0.51555812 294.20000000 0.50424399 0.52066471 0.52126019
0.51521249 307.10000000 0.48391534 0.51217480 0.54529971
0.51848345 172.60000000 0.52170877 0.50185361 0.52778619
0.52584730 180.40000000 0.49322085 0.54125545 0.53915010
0.52098194 255.70000000 0.49213982 0.53905484 0.52693601
0.53031657 180.40000000 0.52999105 0.53187736 0.53318172
0.51921477 180.40000000 0.48546963 0.54499210 0.52826266
0.51863749 187.00000000 0.50320609 0.52546654 0.52429444
0.51318048 265.70000000 0.51582695 0.50399364 0.51969079
0.52914778 200.60000000 0.48718032 0.53133233 0.56406052
0.52914778 200.60000000 0.48718032 0.53133233 0.56406052
0.51923305 199.60000000 0.49741684 0.49772515 0.55501968
0.53747841 200.60000000 0.51664527 0.54855009 0.54645457
0.51717131 196.80000000 0.47957200 0.53539718 0.53654730
0.52861885 196.00000000 0.51371993 0.54574819 0.52527367
0.53010309 319.40000000 0.51894465 0.53495913 0.53221580
0.53010309 319.40000000 0.51894465 0.53495913 0.53221580
0.52976530 319.70000000 0.53650337 0.50975350 0.54054697
0.52019379 318.50000000 0.51374357 0.51201898 0.53804914
0.51298798 313.20000000 0.50120292 0.50737874 0.52965884
0.52736220 315.80000000 0.51422916 0.55294946 0.51277990
0.51401889 345.40000000 0.51122815 0.52846433 0.49706525
0.51401889 345.40000000 0.51122815 0.52846433 0.49706525
0.51372223 345.40000000 0.50625731 0.52909461 0.50575435
0.51782262 345.10000000 0.51908185 0.52882150 0.50254744
0.53420371 378.90000000 0.51980131 0.53684724 0.54614921
0.53302644 378.20000000 0.52240493 0.53349427 0.54178890
0.52806686 255.70000000 0.53117535 0.51525199 0.53324801
0.52806686 255.70000000 0.53117535 0.51525199 0.53324801
0.51899126 259.00000000 0.52750457 0.50949773 0.51794856
0.53467673 255.50000000 0.53251937 0.52748816 0.54158191
0.53884468 252.80000000 0.53315651 0.51876926 0.56293488
0.51981601 255.00000000 0.49752726 0.52024359 0.53875696
0.53499556 235.80000000 0.56642702 0.50546183 0.53282499
0.53499556 235.80000000 0.56642702 0.50546183 0.53282499
0.51153976 235.20000000 0.50780098 0.50032746 0.52136236
0.54327992 235.40000000 0.58555179 0.50031409 0.54292132
0.51193929 239.50000000 0.51213831 0.50959162 0.51201487
0.51609732 236.70000000 0.49188039 0.52687792 0.52876756
0.52963514 325.20000000 0.52294726 0.55296257 0.51170897
0.52963514 325.20000000 0.52294726 0.55296257 0.51170897
0.51637204 325.20000000 0.51474845 0.51936904 0.51255815
0.53909390 325.90000000 0.54398187 0.55514287 0.51591546
0.53496816 327.00000000 0.55126997 0.54578580 0.50467999
0.52207408 328.40000000 0.52170911 0.54223445 0.50433467
0.52093046 298.90000000 0.51132714 0.53505745 0.51550043
0.52093046 298.90000000 0.51132714 0.53505745 0.51550043
0.54265051 296.60000000 0.54042758 0.56002662 0.52531662
0.52095282 298.80000000 0.51106579 0.53947401 0.51391272
0.52358712 271.00000000 0.51500578 0.51404593 0.53862387
0.51310163 270.70000000 0.48984835 0.55177494 0.49195261
0.52216995 174.10000000 0.54110676 0.52161545 0.50577467
0.52216995 174.10000000 0.54110676 0.52161545 0.50577467
0.54063302 174.90000000 0.55172407 0.50563749 0.56799989
0.52811163 174.30000000 0.55109715 0.52337667 0.50821148
0.52039136 177.60000000 0.52041349 0.50595738 0.53189406
0.51852723 178.40000000 0.51645103 0.52008754 0.51065694
0.51583284 182.80000000 0.49238022 0.53064087 0.51807369
0.50491560 352.20000000 0.49538196 0.49786083 0.52234070
0.50150156 181.80000000 0.46167812 0.52978365 0.51094478
0.52099196 182.80000000 0.47698080 0.54606160 0.52927667
0.53080194 175.10000000 0.51307074 0.52427569 0.55596392
0.52634506 338.60000000 0.53552721 0.53653304 0.50598998
0.52158498 273.50000000 0.52547383 0.50359261 0.53540077
0.50361342 236.10000000 0.47825588 0.52001124 0.51316861
0.51864522 273.50000000 0.52044014 0.50154480 0.53472993
0.51610786 273.50000000 0.52500418 0.50235629 0.52050025
0.51098099 288.00000000 0.50974234 0.51857113 0.50508849
0.52054273 251.30000000 0.50990649 0.53011371 0.51677693
0.51481959 349.10000000 0.52618164 0.49019642 0.52811032
0.51451613 199.90000000 0.51949340 0.50597692 0.52170084
0.52287677 349.30000000 0.53239110 0.51189677 0.52292454
0.50771127 349.40000000 0.52540420 0.48307453 0.51491834
0.52968218 354.40000000 0.54031715 0.51782044 0.52822684
0.51720430 202.20000000 0.50333735 0.54992131 0.50182176
0.53535794 229.20000000 0.53188428 0.52063617 0.55426249
0.52326954 293.70000000 0.51526481 0.51710983 0.53765182
0.53897341 229.80000000 0.55658398 0.53682955 0.52731381
0.53448511 228.90000000 0.52898388 0.52652866 0.54972844
0.53038917 231.80000000 0.51753256 0.52299713 0.54650229
0.53130781 296.10000000 0.51755911 0.53629237 0.53873555
0.53665792 256.90000000 0.51451757 0.54849045 0.54603413
0.52433245 269.60000000 0.50468032 0.54328605 0.51978958
0.52054670 257.30000000 0.50580157 0.52589318 0.53285806
0.53382724 256.70000000 0.51093296 0.54382313 0.54686488
0.52535626 274.00000000 0.49968448 0.53553207 0.53921122
0.52779693 282.70000000 0.54069048 0.53386085 0.50520727
0.54649903 383.10000000 0.56259944 0.53795661 0.53917494
0.52360248 178.40000000 0.50785833 0.52023126 0.54058788
0.52555907 381.60000000 0.51775274 0.52137828 0.53752680
0.51694908 381.00000000 0.51360966 0.51956418 0.51726318
0.53014524 366.10000000 0.53389119 0.54581015 0.50747952
0.51677019 169.20000000 0.52622539 0.51258044 0.51002534
0.53217548 302.60000000 0.53983869 0.53007595 0.52908477
0.52777928 214.60000000 0.47521595 0.54321310 0.56252762
0.51875042 302.40000000 0.52905663 0.50962865 0.52076893
0.53350767 302.40000000 0.53740253 0.52978014 0.53360480
0.52077282 305.00000000 0.50021761 0.52658958 0.53588215
0.53580682 216.30000000 0.51617695 0.55171023 0.53600308
0.51787727 212.30000000 0.49702446 0.55845115 0.49643879
0.54390831 330.90000000 0.53088638 0.58256400 0.52002908
0.51895335 211.70000000 0.51511943 0.49778219 0.54470950
0.50982945 212.30000000 0.49413536 0.54400623 0.49352993
0.52947566 214.20000000 0.48068498 0.54133068 0.55527941
0.51591640 337.50000000 0.51774096 0.52235873 0.50640381
0.51666667 205.90000000 0.50061322 0.54283749 0.49959238
0.52256283 274.30000000 0.52695387 0.51038696 0.53220972
0.54462366 205.40000000 0.55572735 0.53569048 0.54942203
0.52580645 205.90000000 0.51727806 0.53236634 0.52332852
0.52096774 203.50000000 0.51105683 0.54736398 0.50679855
0.50241774 274.10000000 0.48771110 0.52817160 0.49157162
0.54912771 299.90000000 0.52620977 0.57069507 0.55032198
0.52038254 364.40000000 0.51299475 0.55222031 0.49346317
0.52501534 297.50000000 0.52434418 0.53527380 0.51539741
0.53199485 299.00000000 0.51558390 0.53847113 0.53817096
0.50926144 296.60000000 0.50032306 0.52134547 0.50766524
0.53302045 361.30000000 0.54878180 0.55081201 0.49725268
0.52932836 358.10000000 0.49736925 0.54367677 0.54616135
0.51743395 320.70000000 0.50353384 0.52579427 0.52261904
0.52724769 355.60000000 0.53737276 0.50926618 0.53405890
0.52962420 358.30000000 0.49941041 0.54052960 0.54746687
0.51176173 340.20000000 0.51239118 0.50772430 0.51121051
0.52346075 302.80000000 0.51443166 0.52932309 0.52493218
0.51886224 241.00000000 0.50607085 0.51143425 0.53970032
0.53097051 202.90000000 0.50845056 0.52299553 0.56215365
0.51122791 240.50000000 0.48945616 0.50224840 0.54702109
0.51970970 241.00000000 0.50412804 0.51007175 0.54566873
0.52648035 252.00000000 0.51556123 0.53664591 0.53076296
0.51384447 213.70000000 0.51134542 0.50546967 0.52549724
0.52060934 213.40000000 0.53423193 0.51886168 0.51085020
0.52907116 174.80000000 0.52448999 0.54009299 0.53156266
0.52158881 212.70000000 0.52565089 0.51051602 0.52772407
0.52962988 213.20000000 0.52456203 0.53585117 0.52867130
0.51258407 211.00000000 0.49988280 0.51379339 0.52174379
0.52680221 173.50000000 0.51225806 0.53900662 0.52659435
0.52524634 329.50000000 0.52802292 0.53928234 0.50705545
0.53000321 290.30000000 0.51771598 0.54090988 0.52769662
0.54518930 329.90000000 0.54060317 0.54627083 0.54758746
0.52202987 329.10000000 0.52059769 0.53597343 0.50808964
0.51657297 325.30000000 0.51142759 0.53061516 0.50586925
0.54682629 286.30000000 0.55472233 0.54336541 0.54179432
0.53201149 269.60000000 0.53388434 0.54043270 0.52162278
0.52287486 334.90000000 0.52120287 0.52747078 0.51840698
0.51055113 270.00000000 0.51061011 0.49959584 0.52564385
0.53736369 269.50000000 0.54333828 0.53894255 0.53062343
0.53162098 281.50000000 0.51732062 0.52721701 0.55019367
0.51422524 348.40000000 0.49211736 0.52255861 0.52831022
0.54099379 174.70000000 0.51050173 0.56152451 0.54532512
0.51880005 241.70000000 0.51735350 0.51237415 0.52449216
0.53354037 177.30000000 0.50861765 0.59092135 0.50371383
0.53975155 174.60000000 0.51993073 0.54696110 0.54831720
0.52670807 166.20000000 0.49998725 0.55081756 0.52152413
0.55283873 229.30000000 0.55681157 0.55509240 0.54666993
0.50449085 168.10000000 0.46927372 0.53844675 0.51019746
0.50973408 268.60000000 0.53306888 0.48058556 0.51038088
0.50826413 168.30000000 0.50017906 0.50467784 0.51118794
0.50449085 168.10000000 0.46927372 0.53844675 0.51019746
0.51578650 164.70000000 0.51009698 0.51385983 0.52093764
0.53996712 260.60000000 0.51599047 0.55347453 0.54984204
0.51164450 262.00000000 0.50413367 0.52707112 0.50334211
0.53532154 153.20000000 0.53859486 0.52810835 0.53830904
0.51747202 262.20000000 0.50193712 0.53864193 0.50794875
0.51164450 262.00000000 0.50413367 0.52707112 0.50334211
0.53684734 280.60000000 0.52886139 0.54455132 0.53435697
0.54190920 165.90000000 0.49505449 0.58677484 0.53495612
0.51689369 336.70000000 0.51809993 0.51340028 0.51858244
0.51913945 222.60000000 0.52408675 0.50761063 0.52095401
0.52370236 337.90000000 0.49752249 0.52460078 0.54878890
0.51689369 336.70000000 0.51809993 0.51340028 0.51858244
0.52824464 326.60000000 0.53016994 0.52006943 0.53234387
0.53600069 215.50000000 0.54462261 0.52854134 0.53431559
0.52789158 216.30000000 0.52052401 0.51786090 0.54224273
0.52372665 314.50000000 0.54660280 0.52131844 0.50053144
0.52791016 216.30000000 0.51458073 0.52329649 0.54417156
0.52789158 216.30000000 0.52052401 0.51786090 0.54224273
0.53320559 210.70000000 0.50703976 0.54850404 0.54318192
0.52738554 306.80000000 0.56212695 0.50519973 0.51400516
0.51633121 240.60000000 0.48879693 0.51540338 0.54269929
0.51637680 333.90000000 0.51820616 0.53655050 0.49486814
0.53308976 239.50000000 0.54394077 0.52837074 0.52377088
0.51761322 240.60000000 0.49292771 0.50978224 0.55061790
0.54127386 245.90000000 0.55547298 0.53278452 0.53769098
0.53289713 343.80000000 0.54976193 0.52624325 0.52025322
0.52373096 360.50000000 0.53650059 0.52490607 0.50998440
0.52403610 245.10000000 0.49833326 0.55978171 0.51504961
0.52702884 359.10000000 0.53466145 0.51782294 0.53217496
0.52525327 361.90000000 0.54556034 0.52676637 0.50474729
0.52554723 333.20000000 0.52244589 0.53084463 0.52477801
0.53336127 227.20000000 0.50908741 0.52688680 0.55894189
0.52229156 283.60000000 0.51447422 0.52468972 0.52748267
0.53654340 176.80000000 0.51484461 0.53319515 0.56055605
0.53499612 283.60000000 0.52161894 0.54547183 0.53612120
0.51662908 283.60000000 0.51768450 0.51221508 0.52252558
0.53040874 289.70000000 0.52190217 0.53825758 0.52981930
0.53257576 181.20000000 0.52705173 0.55243372 0.51607136
0.52574911 192.40000000 0.53268971 0.49914378 0.54659918
0.51715979 290.40000000 0.54494480 0.50737351 0.49906965
0.53334234 193.70000000 0.53679002 0.51353439 0.55176470
0.51748033 192.10000000 0.52745005 0.49348431 0.52681077
0.50489401 200.20000000 0.48134614 0.52965603 0.50172408
0.55226286 300.30000000 0.54537433 0.55994244 0.55491990
0.51866824 214.90000000 0.51863492 0.52820924 0.51462180
0.52317073 178.20000000 0.51036689 0.49968686 0.55597992
0.53196494 211.10000000 0.51539983 0.52294095 0.55601855
0.52895866 214.30000000 0.52349151 0.54482695 0.52163153
0.52480900 207.50000000 0.51850884 0.52456078 0.53410392
0.51280488 174.90000000 0.49745651 0.50428229 0.53806038
0.52016262 305.90000000 0.54567311 0.48944171 0.52242755
0.53257576 272.40000000 0.53329715 0.55542295 0.50891618
0.52386967 305.40000000 0.51747711 0.52878013 0.52602055
0.52049015 305.60000000 0.53898455 0.49823656 0.52287030
0.51470110 298.60000000 0.51207648 0.52008963 0.50961767
0.52916667 267.00000000 0.49792492 0.52594371 0.56134594
0.52071458 366.20000000 0.52694591 0.52318403 0.51520242
0.52070064 334.00000000 0.50820180 0.52374147 0.52884481
0.50246125 366.10000000 0.48819131 0.49930722 0.51965786
0.51868057 366.20000000 0.52211064 0.52262416 0.51147050
0.53230041 356.00000000 0.54481217 0.54367816 0.50767772
0.52643312 324.10000000 0.52568567 0.55115696 0.50122357
0.52956529 248.40000000 0.53080078 0.52637405 0.52974126
0.52336449 216.90000000 0.50586007 0.52727240 0.53923160
0.52711133 248.70000000 0.50940813 0.50927157 0.55801135
0.52875892 248.60000000 0.52047707 0.52845761 0.54035911
0.53078480 266.30000000 0.48677655 0.54197135 0.55379310
0.54672897 233.90000000 0.53882763 0.56496716 0.53819730
0.52975936 225.00000000 0.50454120 0.53056367 0.54846399
0.53138075 244.40000000 0.51186646 0.53489658 0.54729692
0.54470383 225.50000000 0.54120325 0.54079853 0.55017749
0.53067051 224.90000000 0.50598533 0.53324301 0.54956888
0.52746606 230.50000000 0.50398770 0.50839479 0.56720378
0.52510460 250.60000000 0.51028544 0.52606972 0.53775142
0.52105335 343.30000000 0.52381077 0.53447663 0.50296876
0.52979351 361.60000000 0.54489571 0.50347722 0.53873291
0.52606016 344.80000000 0.52878488 0.51815476 0.53055089
0.54510709 345.00000000 0.53341772 0.56845131 0.53249524
0.55697722 356.70000000 0.56085156 0.57375190 0.53667527
0.53421829 374.20000000 0.52492910 0.55239664 0.52329998
0.52386907 282.40000000 0.51652773 0.52989939 0.52330289
0.52283737 302.10000000 0.51245948 0.53150288 0.52494374
0.51831625 284.10000000 0.52102662 0.52692847 0.50744823
0.52608993 282.20000000 0.51501539 0.54517760 0.51436207
0.50461255 291.60000000 0.52492706 0.50835602 0.47760491
0.51764706 307.40000000 0.50059794 0.51692654 0.53511485
0.52955968 187.60000000 0.49483595 0.54360575 0.54830492
0.53174603 210.30000000 0.53677851 0.53535763 0.52531976
0.53026144 185.80000000 0.54400653 0.51994594 0.53183645
0.53141383 187.10000000 0.56180571 0.50323008 0.52930728
0.51968696 174.40000000 0.53461936 0.51234893 0.51163822
0.51798942 193.40000000 0.52031106 0.50544185 0.52914635
0.53963415 165.40000000 0.55542332 0.55514242 0.51280847
0.52857777 309.40000000 0.51008967 0.54554301 0.52741511
0.53597561 165.40000000 0.54484362 0.55387052 0.50913159
0.53841463 165.40000000 0.54307754 0.54293196 0.53010496
0.50304878 177.30000000 0.47020469 0.49984951 0.53051955
0.52696920 333.50000000 0.51687473 0.52561846 0.53397350
0.51174242 277.20000000 0.50810047 0.52131096 0.50675209
0.53511473 218.90000000 0.52730932 0.52551924 0.55098261
0.52878788 278.20000000 0.53055985 0.54094216 0.51512578
0.51780303 277.80000000 0.49842937 0.53291758 0.51800285
0.53181818 271.00000000 0.51564411 0.56445955 0.51084946
0.53655704 213.30000000 0.54268574 0.52970518 0.54193705
0.51847134 322.80000000 0.50950812 0.53784756 0.50885498
0.53356446 162.90000000 0.53696425 0.54307298 0.52104684
0.53885350 322.90000000 0.55326148 0.54401571 0.51558612
0.52101911 322.90000000 0.51013715 0.54344458 0.50905858
0.54331210 330.60000000 0.53833819 0.55093487 0.54192671
0.52658228 165.90000000 0.53805801 0.53873298 0.50823106
0.53411215 232.00000000 0.50691603 0.55520961 0.53227227
0.51628963 279.50000000 0.50614720 0.51122204 0.53060474
0.52523364 232.90000000 0.52708648 0.52601841 0.52349154
0.52850467 231.00000000 0.51504745 0.53760779 0.52751359
0.53037383 238.20000000 0.50611070 0.55925913 0.52887539
0.51046512 286.50000000 0.50413576 0.53155794 0.49677826
0.51757322 264.90000000 0.51806512 0.51987615 0.51617249
0.52651430 310.80000000 0.53213613 0.52420336 0.52325140
0.49581590 261.50000000 0.50991325 0.49201300 0.48136757
0.50000000 264.50000000 0.51448007 0.50258966 0.48354035
0.51589958 249.10000000 0.50553537 0.52092250 0.52067625
0.53640704 292.00000000 0.54970103 0.54742933 0.51346487
0.53244838 354.50000000 0.55458092 0.53352947 0.50635987
0.49782322 190.90000000 0.47706586 0.51147777 0.50493757
0.53510324 352.10000000 0.54052615 0.53484532 0.52660533
0.53687316 354.50000000 0.56019040 0.53488489 0.51405469
0.52949853 369.40000000 0.51939935 0.54322714 0.52445530
0.54811145 200.20000000 0.57173984 0.53357875 0.54564968
0.49619377 309.50000000 0.49174310 0.50009370 0.49965143
0.52235275 249.00000000 0.52511696 0.50796363 0.53667084
0.53425606 307.40000000 0.52464212 0.52578309 0.55139408
0.50276817 309.70000000 0.49860287 0.50640066 0.50532568
0.52664360 306.50000000 0.53725552 0.50092574 0.54147107
0.54299060 250.80000000 0.54409968 0.53695549 0.55175539
0.50529101 192.90000000 0.46625146 0.51649546 0.52617987
0.52254333 339.70000000 0.52369341 0.54440027 0.49823338
0.53756614 193.10000000 0.53724283 0.53971127 0.53454994
0.51058201 192.90000000 0.47459539 0.51028520 0.53310054
0.51481481 191.80000000 0.50278549 0.52954114 0.51476486
0.53005174 336.80000000 0.53073766 0.53254022 0.52078268
0.51728942 186.20000000 0.50387581 0.51469514 0.53227978
0.52836076 234.00000000 0.51613753 0.54222388 0.52789318
0.53142013 186.30000000 0.51333501 0.53626355 0.54263526
0.51784797 186.10000000 0.49268635 0.52378803 0.53704802
0.52976695 182.40000000 0.54201741 0.51965336 0.52193410
0.52746195 228.30000000 0.50658352 0.53562290 0.53429849
0.53307435 308.20000000 0.53884999 0.53553877 0.52415799
0.53793322 351.70000000 0.53813599 0.54274843 0.52888676
0.54210093 307.50000000 0.53885355 0.54327218 0.54365352
0.52402422 308.70000000 0.52257514 0.53334059 0.51861401
0.53093313 298.90000000 0.53185357 0.53304408 0.52396131
0.52420074 347.20000000 0.51575303 0.54528410 0.50900625
0.53016829 332.90000000 0.51291796 0.55518456 0.52311412
0.53054667 278.10000000 0.51294592 0.53060826 0.54889439
0.52863361 336.00000000 0.54056247 0.53014758 0.51497713
0.52709987 333.20000000 0.50882000 0.55110660 0.52089219
0.52678280 343.20000000 0.52629890 0.51335341 0.53759659
0.52904196 287.10000000 0.52467317 0.51749618 0.54385314
0.55544033 244.60000000 0.54153325 0.54872699 0.57433284
0.54079807 184.60000000 0.53439488 0.53069567 0.55317438
0.51922537 246.10000000 0.50961823 0.52810493 0.51413998
0.52891895 243.20000000 0.51835808 0.52414394 0.54765518
0.52675724 227.80000000 0.51248440 0.53213955 0.53574714
0.54024768 171.60000000 0.56406996 0.54818698 0.51771862
0.50770652 215.10000000 0.51575576 0.48031970 0.52320353
0.51870748 208.60000000 0.51749338 0.51278199 0.52481124
0.51564455 216.20000000 0.51256514 0.50412615 0.53236902
0.51815674 214.80000000 0.52094999 0.51136496 0.52094852
0.50923846 216.30000000 0.49340020 0.48379707 0.54858470
0.51657771 208.80000000 0.50514396 0.51349298 0.53175481
0.52302480 305.10000000 0.50654182 0.54773175 0.51342010
0.52725034 299.20000000 0.52488148 0.54888219 0.50655159
0.51278630 304.60000000 0.52899872 0.52801011 0.47886079
0.53265715 305.60000000 0.51701318 0.56404475 0.51658259
0.53566918 307.00000000 0.55137926 0.52819535 0.52143426
0.51540197 299.90000000 0.50895271 0.51353279 0.52558111
0.51091981 273.70000000 0.51217554 0.50280130 0.51617622
0.53720114 379.00000000 0.53393050 0.53775184 0.53437036
0.53240688 277.90000000 0.52397773 0.54809883 0.52729837
0.50460065 274.40000000 0.50391078 0.50751679 0.50047732
0.52126415 260.80000000 0.50826048 0.52424742 0.52984196
0.55226774 360.10000000 0.53593758 0.55683806 0.56180669
0.54322499 157.20000000 0.55314627 0.56768851 0.50274966
0.53121122 253.60000000 0.51946550 0.52057244 0.55623808
0.55841757 157.20000000 0.53458852 0.56605043 0.56895056
0.54247560 157.60000000 0.55592776 0.56746930 0.50220064
0.53075549 166.40000000 0.51466063 0.55015652 0.53337840
0.52015928 270.60000000 0.49909201 0.51736769 0.54145441
