3.99733333 0.52133333 6.88836054 6.90455994 6.90130606 0.52749649 0.52676914 0.50783949
3.99733333 0.52133333 6.88836054 6.90455994 6.90130606 0.52749649 0.52676914 0.50783949
3.99733333 0.52133333 6.88836054 6.90455994 6.90130606 0.52749649 0.52676914 0.50783949
3.99733333 0.52133333 6.88836054 6.90455994 6.90130606 0.52749649 0.52676914 0.50783949
3.99733333 0.52133333 6.88836054 6.90455994 6.90130606 0.52749649 0.52676914 0.50783949
3.99733333 0.52133333 6.88836054 6.90455994 6.90130606 0.52749649 0.52676914 0.50783949
3.88360000 0.53000000 6.46493936 6.47494910 6.45975917 0.54417865 0.51840031 0.53123622
3.88360000 0.53000000 6.46493936 6.47494910 6.45975917 0.54417865 0.51840031 0.53123622
3.88360000 0.53000000 6.46493936 6.47494910 6.45975917 0.54417865 0.51840031 0.53123622
3.88360000 0.53000000 6.46493936 6.47494910 6.45975917 0.54417865 0.51840031 0.53123622
3.88360000 0.53000000 6.46493936 6.47494910 6.45975917 0.54417865 0.51840031 0.53123622
3.88360000 0.53000000 6.46493936 6.47494910 6.45975917 0.54417865 0.51840031 0.53123622
3.98766667 0.52600000 6.80514131 6.79192487 6.81531478 0.54368239 0.51420892 0.52151798
3.98766667 0.52600000 6.80514131 6.79192487 6.81531478 0.54368239 0.51420892 0.52151798
3.98766667 0.52600000 6.80514131 6.79192487 6.81531478 0.54368239 0.51420892 0.52151798
3.98766667 0.52600000 6.80514131 6.79192487 6.81531478 0.54368239 0.51420892 0.52151798
3.98766667 0.52700000 6.81905111 6.79473792 6.79856169 0.54098878 0.51712254 0.52481624
3.98766667 0.52733333 6.81905111 6.79473792 6.79856169 0.54199888 0.51712254 0.52481624
4.16500000 0.52550000 6.79952346 6.81557798 6.78796603 0.52567787 0.53552498 0.51516456
4.16500000 0.52550000 6.79952346 6.81557798 6.78796603 0.52567787 0.53552498 0.51516456
4.16500000 0.52550000 6.79952346 6.81557798 6.78796603 0.52567787 0.53552498 0.51516456
4.16500000 0.52550000 6.79952346 6.81557798 6.78796603 0.52567787 0.53552498 0.51516456
4.16450000 0.52800000 6.78909728 6.78824761 6.80954895 0.52715864 0.54008160 0.51648432
4.16450000 0.52800000 6.78909728 6.78824761 6.80954895 0.52715864 0.54008160 0.51648432
4.02311111 0.52666667 6.76025735 6.79214257 6.76652048 0.54092834 0.52197498 0.51785342
4.02311111 0.52666667 6.76025735 6.79214257 6.76652048 0.54092834 0.52197498 0.51785342
4.02311111 0.52666667 6.76025735 6.79214257 6.76652048 0.54092834 0.52197498 0.51785342
4.02311111 0.52800000 6.76013095 6.79069329 6.76629377 0.53686486 0.52735674 0.52075030
4.02311111 0.52666667 6.76025735 6.79214257 6.76652048 0.54092834 0.52197498 0.51785342
4.02311111 0.52800000 6.76013095 6.79069329 6.76629377 0.53686486 0.52735674 0.52075030
4.14646154 0.53292308 6.72602021 6.71822443 6.69231722 0.55293195 0.51679677 0.53083087
4.14646154 0.53292308 6.72602021 6.71822443 6.69231722 0.55293195 0.51679677 0.53083087
4.14646154 0.53292308 6.72602021 6.71822443 6.69231722 0.55293195 0.51679677 0.53083087
4.14646154 0.53384615 6.72708800 6.72090078 6.69253984 0.54891429 0.51697403 0.53672329
4.14646154 0.53292308 6.72602021 6.71822443 6.69231722 0.55293195 0.51679677 0.53083087
4.14646154 0.53384615 6.72708800 6.72090078 6.69253984 0.54891429 0.51697403 0.53672329
4.02654545 0.54000000 6.82411519 6.85044603 6.85263769 0.55734732 0.53125102 0.53526596
4.02654545 0.54000000 6.82411519 6.85044603 6.85263769 0.55734732 0.53125102 0.53526596
4.02654545 0.54000000 6.82411519 6.85044603 6.85263769 0.55734732 0.53125102 0.53526596
4.02654545 0.53854545 6.82105475 6.85284569 6.85446082 0.55817876 0.53588902 0.52604246
4.02436364 0.53781818 6.80841716 6.83345683 6.81457794 0.55743667 0.52657510 0.53309276
4.02436364 0.53781818 6.81056859 6.83239791 6.81793398 0.55826232 0.53581649 0.52341166
3.94228571 0.52285714 6.72493500 6.65890918 6.70992636 0.51901598 0.53917213 0.51402857
3.94228571 0.52285714 6.72493500 6.65890918 6.70992636 0.51901598 0.53917213 0.51402857
3.94228571 0.52285714 6.72493500 6.65890918 6.70992636 0.51901598 0.53917213 0.51402857
3.94228571 0.52457143 6.72440043 6.65929725 6.71200970 0.52450305 0.53838787 0.51397548
3.95142857 0.52228571 6.71591768 6.65901590 6.69397159 0.52105306 0.53575555 0.51359107
3.95142857 0.52228571 6.71758262 6.66015951 6.69221720 0.52280452 0.53637336 0.51022110
3.96213733 0.52588463 6.69884598 6.70191515 6.70697516 0.52580034 0.53318781 0.52212241
3.93180710 0.53143413 6.64996640 6.67575074 6.66062939 0.54814415 0.51969018 0.52429518
3.96213733 0.52588463 6.69884598 6.70191515 6.70697516 0.52580034 0.53318781 0.52212241
3.96213733 0.52643077 6.69562508 6.70651984 6.70382380 0.52458880 0.53223754 0.52692140
3.95572875 0.52321368 6.71550834 6.72711977 6.70885341 0.52276934 0.53146367 0.51897460
3.89294256 0.53219313 6.61143735 6.61595418 6.61569715 0.54932662 0.52671878 0.51879279
4.03894696 0.52692364 6.38158983 6.37507647 6.39170278 0.54641976 0.51710201 0.51864293
4.00000000 0.52314247 6.97022398 6.96895283 6.96165413 0.52355794 0.53322787 0.50986910
4.03894696 0.52692364 6.38158983 6.37507647 6.39170278 0.54641976 0.51710201 0.51864293
4.03894696 0.52831131 6.38225885 6.37359929 6.38526393 0.54554452 0.51740106 0.52401049
4.05875557 0.52623040 6.35893335 6.37135997 6.37245582 0.54941148 0.51067562 0.51946515
3.99692494 0.52006362 6.88787712 6.88580885 6.87088103 0.52140941 0.53499583 0.49942791
3.88503415 0.53185521 6.64574590 6.69251924 6.65105138 0.54479042 0.51650961 0.53427211
4.05320666 0.52986314 6.68333571 6.65800473 6.65842305 0.52615508 0.54161794 0.51967868
3.88503415 0.53185521 6.64574590 6.69251924 6.65105138 0.54479042 0.51650961 0.53427211
3.88503415 0.53155936 6.64926928 6.69079931 6.65006145 0.54743309 0.51529375 0.53161827
3.88503415 0.53185521 6.64574590 6.69251924 6.65105138 0.54479042 0.51650961 0.53427211
4.05320666 0.53032820 6.68885272 6.65423607 6.66019958 0.52317787 0.54147995 0.52476208
4.14820409 0.52421374 6.72040411 6.74388576 6.74676645 0.54900171 0.51799913 0.50839628
3.78143688 0.52671520 6.36674979 6.37899897 6.38027002 0.55052623 0.51375861 0.51760479
4.14820409 0.52463568 6.72040411 6.74388576 6.74676645 0.54900171 0.51936900 0.50839628
4.14820409 0.52463213 6.71448366 6.74880799 6.74613636 0.55124723 0.51667178 0.50773135
4.14820409 0.52421374 6.72040411 6.74388576 6.74676645 0.54900171 0.51799913 0.50839628
3.78143688 0.52575571 6.36670397 6.37898334 6.38012903 0.54865460 0.51188990 0.51841983
3.99440384 0.53080211 6.65845803 6.63994428 6.67068752 0.52333415 0.54425094 0.52339222
3.91909908 0.53096588 6.62800766 6.65324747 6.63640432 0.54406458 0.51368109 0.53508307
3.99440384 0.53080211 6.65845803 6.63994428 6.67068752 0.52333415 0.54425094 0.52339222
3.99440384 0.53080654 6.65587161 6.63892283 6.66909313 0.52723487 0.53808888 0.52472506
4.02164718 0.53315396 6.66390896 6.64599149 6.64612775 0.52636137 0.54733329 0.52451904
3.88650817 0.53304128 6.64910705 6.68953738 6.64198404 0.54553503 0.51895864 0.53446833
3.78495535 0.52447878 6.34655096 6.38596266 6.39175982 0.54930860 0.50823380 0.51757439
4.17767791 0.52589973 6.73589216 6.75398812 6.76837734 0.54743667 0.52188258 0.51022020
3.78495535 0.52447878 6.34655096 6.38596266 6.39175982 0.54930860 0.50823380 0.51757439
3.78495535 0.52767879 6.34655096 6.38417405 6.39280148 0.55313148 0.51297926 0.51846606
3.77695585 0.52671725 6.36536206 6.39230894 6.36030981 0.55037489 0.51199490 0.51956504
4.13810233 0.52589795 6.63679197 6.66854761 6.67525762 0.55128510 0.51807349 0.51029173
4.00647694 0.53371695 6.72229618 6.73891186 6.73352800 0.54904756 0.52769021 0.52235085
3.95518830 0.52589601 6.69834896 6.69376384 6.66103046 0.52693923 0.53157838 0.52413529
4.00647694 0.53371695 6.72229618 6.73891186 6.73352800 0.54904756 0.52769021 0.52235085
4.00647694 0.53257336 6.72088969 6.73883429 6.73809267 0.54918130 0.52894425 0.51753251
4.00647694 0.53371695 6.72229618 6.73891186 6.73352800 0.54904756 0.52769021 0.52235085
3.95518830 0.52642792 6.69389779 6.69188020 6.66103046 0.52496438 0.53023383 0.52873164
4.00739605 0.52438082 6.97897591 6.98549766 6.99280070 0.52380118 0.53537742 0.51151092
4.01946622 0.52622677 6.35353705 6.40221339 6.39386377 0.54946201 0.50963919 0.52062062
4.00739605 0.52438082 6.97897591 6.98549766 6.99280070 0.52380118 0.53537742 0.51151092
4.00739605 0.52068091 6.97897591 6.98549766 6.99280070 0.52152846 0.53551051 0.50118229
4.00739605 0.52438082 6.97897591 6.98549766 6.99280070 0.52380118 0.53537742 0.51151092
4.01946622 0.52553233 6.35444520 6.40221339 6.39476467 0.54627052 0.50862915 0.52277547
3.95558256 0.52188645 6.85267726 6.79266508 6.81333508 0.52228861 0.54096869 0.50261055
3.93601613 0.52978988 6.55327921 6.57206002 6.53065152 0.52426731 0.53493423 0.53145232
3.95558256 0.52188997 6.85267726 6.79266508 6.81333508 0.52053422 0.54269283 0.50261055
3.95558256 0.52306988 6.85419241 6.79105218 6.81333508 0.52255917 0.54412808 0.50261055
3.97215061 0.52188997 6.84407242 6.81495551 6.84411715 0.52059369 0.54269283 0.50261055
3.96412223 0.52978988 6.53907036 6.55112752 6.55636398 0.52714977 0.53502899 0.52872521
3.96356322 0.52977584 6.67283939 6.67782488 6.66863563 0.55305603 0.52519145 0.51478292
4.03167061 0.51941198 6.81067386 6.79882154 6.81410117 0.54235177 0.50583525 0.50949935
3.96356322 0.52977584 6.67283939 6.67782488 6.66863563 0.55305603 0.52519145 0.51478292
3.96356322 0.53162626 6.67510842 6.66797563 6.66404855 0.55063702 0.53288383 0.51516438
3.98996283 0.52903373 6.67745268 6.64936596 6.67509140 0.54869902 0.52541987 0.51688523
4.01698495 0.52300356 6.79515100 6.79108357 6.80784398 0.54032913 0.51896207 0.50959757
3.98307407 0.52789673 6.61492638 6.61398467 6.61691711 0.54983325 0.50972050 0.52592567
3.92783317 0.53022556 6.74656597 6.75186264 6.73854318 0.54577675 0.52450853 0.52736178
3.98307407 0.52789673 6.61492638 6.61398467 6.61691711 0.54983325 0.50972050 0.52592567
3.98307407 0.52790166 6.61855225 6.61189076 6.61953188 0.54892479 0.51063617 0.52557345
3.97616963 0.52727076 6.58679929 6.60332908 6.59791184 0.55340798 0.50980933 0.51993770
4.10261582 0.52789093 6.92153188 6.91447154 6.91383310 0.54334154 0.51781101 0.52795604
4.02376943 0.52742240 6.85064873 6.86867716 6.87457424 0.53148191 0.52901456 0.52226179
3.93219827 0.51567451 6.73802501 6.69036990 6.73066232 0.51820311 0.52532610 0.50289608
4.02376943 0.52742240 6.85064873 6.86867716 6.87457424 0.53148191 0.52901456 0.52226179
4.02376943 0.52971178 6.84949323 6.86698843 6.87307988 0.53009315 0.53495047 0.52533717
4.01738930 0.52742240 6.85787572 6.88694462 6.85463788 0.53148191 0.53046384 0.52069929
3.93667320 0.51887555 6.67424670 6.69769600 6.72751764 0.52633012 0.51905375 0.51047235
4.01968731 0.52500675 6.80766585 6.82440628 6.80011500 0.54380109 0.51191126 0.51771785
3.94925627 0.51681440 6.71868462 6.70244377 6.75556316 0.51131242 0.53445074 0.50886708
4.01968731 0.52500675 6.80766585 6.82440628 6.80011500 0.54380109 0.51191126 0.51771785
4.01968731 0.52623794 6.80766585 6.82314046 6.80002565 0.54395036 0.51439659 0.51907303
4.06931964 0.52500843 6.76071269 6.77811661 6.77189018 0.54492468 0.51191126 0.51669744
3.96358448 0.51625888 6.72558687 6.70497218 6.75894704 0.50967307 0.53606364 0.50714295
4.24288003 0.53462862 6.61524736 6.61602617 6.59469777 0.54491597 0.51961792 0.53850456
3.97297014 0.52826027 6.65132873 6.65704488 6.64411106 0.54521603 0.52221480 0.51628748
4.24288003 0.53462862 6.61524736 6.61602617 6.59469777 0.54491597 0.51961792 0.53850456
4.24288003 0.53491762 6.61435450 6.61517447 6.59557496 0.54589595 0.51976668 0.53840256
4.22542121 0.53491932 6.61982191 6.64546417 6.60619870 0.54491597 0.52056132 0.53850456
3.94702935 0.52932283 6.64431436 6.66633233 6.65170524 0.54735268 0.52223565 0.51721087
4.10178194 0.52587007 6.77259057 6.80163698 6.79797663 0.54616290 0.50423354 0.52812106
3.96348597 0.53124977 6.60746587 6.63471187 6.61799523 0.54846310 0.51899773 0.52525797
4.10178194 0.52587007 6.77259057 6.80163698 6.79797663 0.54616290 0.50423354 0.52812106
4.10178194 0.52552878 6.77259057 6.80378099 6.79692400 0.54728649 0.50095318 0.52917369
4.08680086 0.52519096 6.78229410 6.80614132 6.78591589 0.54484457 0.50755570 0.52537797
4.10384468 0.52853074 6.56014812 6.58658344 6.55050707 0.54520914 0.51532475 0.52424635
4.04592970 0.52527376 6.88993106 6.87673511 6.89491179 0.53226668 0.53053851 0.51029446
4.01340685 0.52700590 6.76943841 6.77700987 6.77984473 0.54767793 0.51885455 0.51399104
4.04592970 0.52527376 6.88993106 6.87673511 6.89491179 0.53226668 0.53053851 0.51029446
4.04592970 0.52321190 6.88993106 6.87673511 6.89491179 0.52649456 0.53067244 0.51029446
4.02788046 0.52475829 6.89264008 6.85625414 6.89082911 0.53079609 0.52910994 0.51185696
3.99222085 0.52441036 6.75754481 6.78500423 6.77389474 0.54155877 0.51874044 0.51269234
3.99614777 0.51791330 6.71414929 6.72062276 6.74463463 0.51498662 0.53307209 0.50978627
4.00532422 0.52915459 6.58964622 6.62124397 6.61386864 0.55075981 0.51187639 0.52645600
3.99614777 0.51791330 6.71414929 6.72062276 6.74463463 0.51498662 0.53307209 0.50978627
3.99614777 0.51736385 6.71949361 6.71567268 6.74463463 0.50957016 0.54135699 0.50528538
3.97297371 0.51901524 6.71355620 6.70804374 6.75647505 0.51476641 0.53150044 0.51521983
3.98149287 0.52601487 6.60052908 6.61005578 6.62592455 0.55045948 0.50745855 0.52063745
3.96659347 0.52471164 6.65275717 6.65297019 6.64718263 0.54387041 0.51769137 0.51118950
4.01874660 0.52925307 6.86022894 6.85790576 6.83867439 0.53424082 0.52754285 0.52696728
3.96659347 0.52471164 6.65275717 6.65297019 6.64718263 0.54387041 0.51769137 0.51118950
3.96659347 0.52790313 6.64955566 6.65633304 6.64629708 0.54932000 0.51668538 0.51588393
3.94954065 0.52684435 6.66270282 6.66717022 6.64985757 0.54313538 0.52422333 0.51236861
4.02101294 0.52924888 6.87046838 6.86955137 6.88866912 0.53291436 0.53352076 0.52214292
3.87384341 0.53003949 6.67669693 6.67795069 6.65308322 0.54956069 0.51560697 0.52434289
3.98755283 0.52188645 6.82278523 6.83351836 6.85017434 0.51867088 0.54659681 0.50123706
3.87384341 0.53003949 6.67669693 6.67795069 6.65308322 0.54956069 0.51560697 0.52434289
3.87384341 0.52913406 6.67669693 6.67795069 6.65399231 0.54863476 0.51560697 0.52260046
4.04709442 0.52943617 6.58828606 6.59318882 6.57481111 0.54618001 0.51647016 0.52512474
3.97156593 0.52069949 6.82313932 6.81865837 6.82495616 0.51570699 0.54487267 0.50261055
4.01945440 0.52700403 6.75493573 6.75115658 6.75196675 0.54468207 0.52178672 0.51560396
3.96762609 0.53349193 6.69408444 6.68586625 6.68597524 0.55416139 0.53416141 0.51634431
4.01945440 0.52700403 6.75493573 6.75115658 6.75196675 0.54468207 0.52178672 0.51560396
4.01945440 0.52614010 6.75493573 6.75242240 6.75196675 0.54215043 0.52185423 0.51560396
4.00432900 0.52570906 6.82117041 6.80760400 6.81259782 0.54315149 0.52040192 0.51423409
3.93638823 0.53088554 6.64888644 6.65399371 6.65247353 0.54970822 0.53397592 0.51328487
3.93892172 0.52979457 6.53898697 6.57139424 6.53336144 0.52302116 0.53512229 0.53283043
4.10687237 0.52519561 6.75713695 6.78222997 6.77728855 0.54662007 0.50956933 0.52118531
3.93892172 0.52979457 6.53898697 6.57139424 6.53336144 0.52302116 0.53512229 0.53283043
3.93892172 0.53173397 6.54025611 6.56989780 6.53811767 0.52905779 0.53792998 0.52963413
3.96409643 0.52785751 6.53244214 6.53410714 6.53562669 0.52451245 0.53190386 0.52865405
4.06876320 0.52416939 6.75191296 6.76850231 6.76347375 0.54370820 0.50546002 0.52537797
4.02123225 0.52170275 6.78371165 6.77862147 6.78943639 0.54143613 0.50986721 0.51337934
4.03406068 0.52680679 6.86883728 6.88866717 6.87096992 0.52759572 0.54268650 0.50869653
4.02123225 0.52202955 6.78371165 6.77862147 6.78943639 0.54143613 0.51091984 0.51337934
4.02123225 0.52529114 6.78090175 6.77281737 6.79233946 0.54154304 0.51819210 0.51662853
4.01893722 0.52301101 6.77905870 6.77444356 6.80190679 0.54429598 0.50989522 0.51435022
4.01908552 0.52579189 6.88127854 6.87297139 6.88143225 0.52937285 0.53413639 0.51185696
3.99025109 0.53023468 6.85198764 6.84206847 6.85225311 0.54452008 0.52118547 0.53083671
3.95323484 0.52665115 6.62545133 6.65080211 6.66417251 0.54370446 0.51435261 0.52067940
3.99025109 0.53023468 6.85198764 6.84206847 6.85225311 0.54452008 0.52118547 0.53083671
3.99025109 0.52905672 6.85073360 6.84444976 6.84893521 0.54237971 0.51888791 0.53165975
4.02380077 0.53062378 6.97147423 6.97518851 6.98276260 0.54443832 0.52353561 0.52975717
3.90360251 0.52541827 6.58344651 6.60247451 6.57903679 0.54511683 0.51441282 0.51552097
3.97185612 0.51440062 6.75879006 6.72797091 6.76904565 0.51817178 0.52688998 0.49643580
4.21757831 0.53491338 6.62912312 6.62254343 6.60178683 0.54266311 0.52204524 0.53928027
3.97185612 0.51440062 6.75879006 6.72797091 6.76904565 0.51817178 0.52688998 0.49643580
3.97185612 0.51952066 6.75475239 6.73198849 6.76961684 0.52643119 0.52127597 0.51047235
3.96926752 0.51439654 6.73250005 6.71834558 6.73115754 0.51995750 0.52688998 0.49411022
4.25452149 0.53462777 6.60994826 6.62522344 6.60978407 0.54556170 0.51888949 0.53855330
3.93790487 0.52132469 6.71463756 6.68066416 6.74237488 0.52319962 0.53109191 0.51313480
4.20385412 0.51995167 6.79736348 6.83835839 6.82994922 0.51493720 0.52776939 0.51542104
3.93790487 0.52132469 6.71463756 6.68066416 6.74237488 0.52319962 0.53109191 0.51313480
3.93790487 0.51818789 6.71288317 6.68270498 6.74393738 0.52287068 0.52905109 0.50582976
3.99499214 0.52194969 6.69909111 6.72006983 6.75578668 0.52495401 0.53109191 0.51313480
4.16172243 0.51658088 6.77917085 6.78658943 6.79413025 0.51150809 0.52779861 0.50848261
4.02005198 0.52869914 6.60104415 6.59348425 6.63879177 0.54321268 0.52254873 0.52200380
4.08558315 0.53290400 6.53833163 6.56225712 6.55703093 0.55871424 0.52684511 0.51546218
4.02005198 0.52869914 6.60104415 6.59348425 6.63879177 0.54321268 0.52254873 0.52200380
4.02005198 0.53023760 6.59986767 6.59585784 6.63778167 0.54556562 0.52263207 0.52423642
3.85035343 0.52870211 6.54643095 6.52815851 6.57799168 0.54338741 0.52134392 0.52318027
4.08055362 0.53614270 6.54587350 6.54357983 6.54926575 0.55998007 0.52934893 0.52160659
4.03134774 0.52894770 6.79391680 6.83105341 6.81679494 0.54439844 0.51964598 0.52282049
4.03352732 0.53184076 6.57162600 6.55885787 6.52752704 0.54738248 0.52190166 0.52697549
4.03134774 0.52894770 6.79391680 6.83105341 6.81679494 0.54439844 0.51964598 0.52282049
4.03134774 0.52895187 6.79278486 6.83198055 6.81486006 0.54747040 0.51678445 0.52277220
4.00905627 0.52539827 6.81626017 6.80143748 6.83381683 0.54430944 0.51371762 0.51783358
3.93935707 0.53123286 6.59341807 6.60385639 6.58179507 0.55088028 0.51873679 0.52381075
4.01289815 0.53153566 6.86680670 6.86635742 6.87749157 0.52707070 0.53810235 0.53141416
3.99430208 0.52429901 6.67815416 6.68666415 6.71622564 0.54340729 0.51902024 0.51317130
4.01289815 0.53153566 6.86680670 6.86635742 6.87749157 0.52707070 0.53810235 0.53141416
4.01289815 0.52867624 6.86244944 6.86665306 6.87470280 0.52712035 0.52698859 0.53305351
4.01575758 0.52866484 6.85868086 6.85597086 6.88259706 0.52171711 0.53666181 0.52992395
3.97412664 0.52386233 6.66126038 6.68746187 6.70241890 0.54160407 0.51963087 0.51199981
4.17663575 0.52350427 6.70933661 6.73498350 6.74193786 0.54357458 0.51181928 0.51539383
4.02611079 0.52830339 6.87023301 6.87264457 6.87320430 0.53084223 0.52440928 0.52758850
4.17663575 0.52393162 6.70933661 6.73498350 6.74193786 0.54357458 0.51313507 0.51539383
4.17663575 0.52350609 6.71094504 6.73343756 6.74437925 0.54678534 0.51178285 0.51254221
4.20265139 0.52392799 6.75195666 6.78682338 6.78785765 0.54102671 0.51568725 0.51539383
4.08126630 0.53027866 6.84744681 6.84883352 6.83003520 0.52861547 0.53836544 0.52245187
3.87825632 0.53244973 6.65967728 6.65803143 6.65637500 0.54671016 0.51768766 0.53201781
4.02012550 0.52853266 6.39213201 6.37810641 6.38808591 0.54441838 0.51647554 0.52453003
3.87825632 0.53244973 6.65967728 6.65803143 6.65637500 0.54671016 0.51768766 0.53201781
3.87825632 0.53125749 6.66061186 6.65823388 6.65989557 0.54669740 0.51614373 0.52994240
3.87586201 0.53304764 6.64123011 6.64777513 6.65013701 0.54844364 0.51763130 0.53207033
3.98910457 0.52886920 6.36127811 6.38226770 6.39088305 0.54261080 0.52116779 0.52363600
3.97467507 0.52760934 6.82621202 6.85187668 6.84649524 0.54668668 0.51861871 0.51924766
3.99921104 0.53341166 6.99880952 7.00000000 6.99534317 0.54316313 0.52623907 0.52793752
3.97467507 0.52760934 6.82621202 6.85187668 6.84649524 0.54668668 0.51861871 0.51924766
3.97467507 0.52549666 6.82740307 6.85194204 6.84123125 0.54453957 0.51052345 0.52230669
4.07141339 0.52620336 6.78361615 6.82781610 6.81132446 0.54467198 0.51653447 0.51948475
4.00790981 0.52985746 6.75823692 6.72758711 6.76417619 0.54059508 0.51654565 0.52856017
4.02331962 0.51846945 6.89810289 6.88273473 6.91197011 0.51989049 0.52951747 0.50208197
4.07902979 0.51727782 6.85038894 6.85918775 6.89634179 0.52940332 0.52399012 0.50267948
4.02331962 0.51846945 6.89810289 6.88273473 6.91197011 0.51989049 0.52951747 0.50208197
4.02331962 0.52170975 6.89328632 6.88266029 6.90643100 0.52171590 0.52946100 0.51090572
4.03796122 0.52226204 6.88957728 6.88935712 6.89522534 0.52155715 0.53616596 0.50578567
4.00785163 0.52054155 6.85022184 6.89117110 6.88707568 0.53381925 0.52182918 0.51103829
3.75114731 0.52766238 6.43002545 6.43453191 6.42141254 0.52054930 0.53719541 0.52612946
4.01239483 0.52648655 6.82180165 6.86152043 6.79699278 0.54376806 0.51163298 0.52497630
3.75114731 0.52766238 6.43002545 6.43453191 6.42141254 0.52054930 0.53719541 0.52612946
3.75114731 0.52410909 6.42709491 6.43270016 6.42484989 0.51578432 0.53766342 0.51950466
3.82733865 0.52765979 6.38430717 6.40783324 6.38721027 0.51860715 0.53783186 0.52751438
4.00482640 0.52545681 6.80355127 6.82742843 6.83133929 0.54345168 0.50747350 0.52539423
3.92014628 0.52359519 6.38696634 6.39696795 6.38091556 0.54643482 0.50297259 0.52221993
4.00472031 0.52202535 6.73671344 6.75724934 6.79066385 0.51821457 0.53112626 0.51527044
3.92014628 0.52359519 6.38696634 6.39696795 6.38091556 0.54643482 0.50297259 0.52221993
3.92014628 0.52359974 6.38890890 6.39297856 6.38078886 0.54433563 0.50673922 0.52048240
3.88308877 0.52292179 6.37097799 6.41227951 6.39558580 0.54466638 0.50505323 0.52026665
4.02360154 0.52465693 6.75352977 6.76318055 6.74222101 0.52401507 0.53054310 0.51938010
4.03345521 0.53373007 6.70029813 6.70822037 6.70917972 0.54294360 0.51955603 0.53643520
4.18250692 0.52825035 6.60114281 6.62363015 6.60184559 0.55040619 0.51795842 0.51551215
4.03345521 0.53373007 6.70029813 6.70822037 6.70917972 0.54294360 0.51955603 0.53643520
4.03345521 0.53546001 6.69744638 6.70981848 6.70216698 0.54524439 0.52243674 0.53708064
4.02912662 0.53344189 6.71607923 6.70837220 6.73053212 0.54208153 0.52142584 0.53479409
4.27602697 0.52783022 6.73420909 6.72667515 6.69469621 0.54549864 0.51959357 0.51751688
3.81732662 0.52493170 6.56250632 6.58280663 6.60375964 0.53931641 0.51334823 0.52631315
4.00147318 0.53435656 6.45740512 6.46952566 6.45145174 0.54736879 0.51670058 0.53828216
3.81732662 0.52493170 6.56250632 6.58280663 6.60375964 0.53931641 0.51334823 0.52631315
3.81732662 0.52452684 6.56384353 6.58280663 6.60375964 0.53922920 0.51334823 0.52517679
3.81813963 0.52371713 6.58635233 6.61648711 6.58401892 0.54056641 0.51063164 0.52412415
3.96006900 0.53464896 6.47640202 6.50041691 6.47147752 0.54898640 0.51582593 0.53831839
3.99461294 0.52904081 6.64814696 6.67353737 6.69512066 0.53615840 0.53555626 0.51534718
4.01489050 0.52503818 6.80921148 6.79837446 6.80728696 0.54974995 0.50739317 0.51777778
3.99461294 0.52858832 6.64814696 6.67353737 6.69650954 0.53615840 0.53555626 0.51395829
3.99461294 0.52859036 6.64814696 6.67353737 6.69512066 0.53615840 0.53555626 0.51412767
3.92744487 0.52498879 6.70118321 6.72126169 6.72835738 0.53459646 0.52876066 0.51136043
4.01109102 0.52694093 6.79607166 6.83905754 6.80502137 0.54921307 0.51105292 0.52069814
3.92169366 0.52982527 6.51976836 6.53132976 6.51968875 0.54993751 0.51196138 0.52779105
3.96380922 0.52873170 6.70176477 6.69275292 6.66640157 0.52465698 0.54208178 0.51984432
3.92169366 0.52982527 6.51976836 6.53132976 6.51968875 0.54993751 0.51196138 0.52779105
3.92169366 0.53013583 6.51976836 6.53240503 6.51968875 0.55087208 0.51180354 0.52779105
3.94251562 0.52920706 6.52332815 6.53112266 6.50649151 0.54984195 0.50898999 0.52857362
4.04591947 0.53058786 6.70261949 6.65443504 6.67335619 0.52767672 0.54644082 0.51860975
3.94408509 0.53460359 6.66549670 6.68699158 6.68077873 0.55552594 0.53226581 0.51689080
3.94869660 0.52535962 6.81498084 6.81727414 6.83594820 0.52795800 0.54050513 0.51179185
3.94408509 0.53460359 6.66549670 6.68699158 6.68077873 0.55552594 0.53226581 0.51689080
3.94408509 0.53570653 6.66549670 6.68586798 6.67973707 0.55552594 0.53447636 0.51793246
3.96027241 0.53533889 6.62731682 6.63829654 6.66783609 0.55552594 0.53338941 0.51793246
3.96377875 0.52475356 6.85615286 6.84561687 6.79594750 0.52455938 0.54209243 0.51179185
4.29957840 0.52008024 6.81437093 6.81525662 6.79615439 0.52218480 0.53015034 0.51115557
4.00754575 0.53161867 6.68886566 6.66984521 6.70422932 0.54803133 0.53339859 0.51801548
4.29957840 0.52008024 6.81437093 6.81525662 6.79615439 0.52218480 0.53015034 0.51115557
4.29957840 0.52008024 6.81437093 6.81525662 6.79615439 0.52218480 0.53015034 0.51115557
4.31297090 0.52008024 6.78284101 6.75261821 6.75896156 0.52218480 0.53015034 0.51115557
3.90924812 0.53199603 6.61977920 6.62656569 6.65950533 0.54919412 0.53027159 0.52132114
3.96558598 0.52294633 6.83270141 6.82925631 6.84057487 0.52434510 0.54424639 0.50439079
4.17024368 0.52393344 6.68830346 6.70400790 6.71522539 0.54290193 0.51703726 0.51237032
3.96558598 0.52294633 6.83270141 6.82925631 6.84057487 0.52434510 0.54424639 0.50439079
3.96558598 0.52476451 6.82908342 6.82766901 6.83431080 0.52626993 0.53673960 0.51678451
3.94869660 0.52113180 6.83431674 6.82574375 6.81588910 0.52255938 0.54232331 0.50234998
4.20009456 0.52520640 6.75859677 6.74283604 6.76843191 0.54135756 0.51835257 0.51677053
3.98570719 0.53085970 6.68802753 6.69388652 6.70090663 0.54802013 0.53104915 0.51787570
3.88273751 0.53125391 6.64318284 6.64752459 6.67286707 0.54841492 0.51562094 0.52851836
3.98570719 0.53085970 6.68802753 6.69388652 6.70090663 0.54802013 0.53104915 0.51787570
3.98570719 0.53123280 6.68807633 6.69814623 6.69576855 0.55154518 0.52537824 0.52055532
3.90888637 0.53199177 6.64402294 6.60817350 6.63885483 0.54825042 0.53338611 0.51952740
3.88094557 0.53065690 6.63950258 6.67016835 6.66128162 0.54406595 0.51573081 0.53132905
4.01046514 0.52694294 6.79139288 6.81498044 6.80052204 0.55269809 0.50900870 0.51842396
4.00599580 0.52725723 6.82747504 6.84053555 6.84558113 0.54780316 0.51404027 0.52131902
4.01046514 0.52694294 6.79139288 6.81498044 6.80052204 0.55269809 0.50900870 0.51842396
4.01046514 0.52662146 6.78954364 6.81588954 6.79849665 0.55169453 0.51373677 0.51432301
4.00094535 0.52662648 6.80240826 6.81326760 6.80848820 0.55000492 0.50901822 0.52014596
4.07492711 0.52513837 6.81803132 6.77946544 6.80341889 0.54252057 0.52096434 0.51409706
4.02967485 0.52639750 6.74123424 6.70293382 6.70384412 0.52230658 0.53733562 0.52000978
4.07539953 0.52117509 6.87206436 6.86043282 6.88590775 0.52235458 0.53207611 0.50623061
4.02967485 0.52639750 6.74123424 6.70293382 6.70384412 0.52230658 0.53733562 0.52000978
4.02967485 0.52687769 6.74147083 6.69959033 6.70944826 0.52342289 0.54075991 0.51732305
4.04546296 0.52732343 6.71341989 6.67886112 6.68940674 0.52806947 0.53480113 0.51974344
4.00814924 0.52280259 6.86941954 6.87522053 6.88417633 0.52354620 0.53102506 0.51092220
4.21530602 0.52990837 6.63224023 6.64910262 6.62082802 0.54785829 0.52183757 0.51898243
3.99562893 0.52068396 6.77331693 6.76200813 6.82150330 0.52672961 0.52486951 0.51356177
4.21530602 0.52990837 6.63224023 6.64910262 6.62082802 0.54785829 0.52183757 0.51898243
4.21530602 0.52658368 6.63107744 6.64948012 6.62561038 0.54782189 0.51764428 0.51326904
4.29887967 0.52949689 6.75098911 6.76034984 6.74061592 0.54917043 0.51927305 0.51898243
3.92849057 0.52382862 6.65950285 6.66639299 6.70585908 0.52922739 0.52854211 0.51866958
3.97679058 0.53317923 6.47788101 6.46423316 6.47698933 0.54304745 0.51957638 0.53669034
3.94793436 0.52908672 6.60862652 6.63180379 6.64509416 0.54341748 0.51576799 0.52957881
3.97679058 0.53317923 6.47788101 6.46423316 6.47698933 0.54304745 0.51957638 0.53669034
3.97679058 0.53523633 6.47607554 6.46514716 6.47426550 0.54745002 0.51940535 0.53843878
3.94569432 0.53435311 6.52314979 6.49661263 6.49062043 0.54388183 0.51971389 0.53931526
3.98071429 0.52946837 6.56004705 6.59140790 6.57268362 0.54798050 0.51542022 0.52601957
4.04233558 0.52407750 6.79876508 6.82393240 6.82154350 0.54212446 0.50934939 0.52107567
4.03880259 0.52862929 6.80222385 6.79945969 6.81297189 0.54930474 0.51654611 0.52031938
4.04233558 0.52442232 6.79876508 6.82393240 6.82154350 0.54331494 0.50934939 0.52107567
4.04233558 0.52580164 6.79566960 6.82280881 6.82289644 0.54440921 0.50873331 0.52445428
4.01377296 0.52407868 6.79494119 6.80522845 6.81351744 0.54212446 0.50934939 0.52090800
4.03073181 0.52733897 6.78728853 6.80366828 6.81520173 0.54740369 0.51478693 0.51975117
4.06717277 0.52518325 6.76037064 6.75862497 6.76446997 0.51970777 0.53631191 0.51857130
4.02914331 0.53153110 6.86615446 6.86027209 6.87556592 0.52713037 0.53819066 0.53124709
4.06717277 0.52518325 6.76037064 6.75862497 6.76446997 0.51970777 0.53631191 0.51857130
4.06717277 0.52465142 6.76188579 6.75879778 6.76598512 0.52124765 0.53773580 0.51403480
4.02833012 0.52517222 6.75187289 6.75907712 6.78956716 0.52470064 0.53447579 0.51571756
4.04109820 0.52819321 6.87468106 6.87964566 6.86571389 0.52573736 0.53817608 0.52231348
4.21169104 0.52106898 6.81324485 6.79480145 6.83874325 0.51724719 0.52881928 0.51517085
4.01124752 0.53517599 6.72952263 6.73803570 6.72011473 0.54697156 0.51895230 0.53789503
4.21169104 0.52106898 6.81324485 6.79480145 6.83874325 0.51724719 0.52881928 0.51517085
4.21169104 0.51938673 6.81483215 6.79661963 6.83874325 0.51393575 0.52527696 0.51702270
4.20270228 0.52107526 6.81687750 6.81048118 6.80975454 0.52051904 0.52553051 0.51517085
4.02537772 0.53315787 6.70425922 6.72086844 6.72419083 0.54502330 0.51526190 0.53750508
4.09457724 0.53326371 6.52685212 6.54648670 6.54180619 0.55501790 0.52932551 0.51916666
3.99838057 0.52168790 6.79204633 6.83091477 6.81882594 0.53817333 0.51083979 0.52015005
4.09457724 0.53326371 6.52685212 6.54648670 6.54180619 0.55501790 0.52932551 0.51916666
4.09457724 0.53218457 6.52685212 6.54648670 6.54180619 0.55501790 0.52602973 0.51916666
4.08774013 0.53326500 6.55160318 6.57041986 6.54685053 0.55898422 0.52261041 0.52052496
3.82623844 0.52168954 6.58339533 6.62982307 6.58872274 0.53799597 0.50723023 0.52372751
3.87900141 0.53153866 6.62025866 6.61663169 6.61605015 0.55255943 0.51871108 0.52304644
3.75469284 0.52918782 6.42855899 6.43349118 6.44995019 0.51998554 0.54270138 0.52624020
3.87900141 0.53153866 6.62025866 6.61663169 6.61605015 0.55255943 0.51871108 0.52304644
3.87900141 0.53184354 6.62111337 6.61663169 6.61614791 0.55161881 0.51966346 0.52381075
4.01067722 0.53001427 6.55943572 6.57603900 6.56385514 0.55173498 0.51589015 0.52205650
3.81666321 0.52868020 6.42916462 6.42142552 6.42764964 0.52000749 0.54573796 0.52144191
3.93686509 0.52430284 6.69861978 6.66328850 6.68896469 0.54343032 0.51889411 0.51261612
3.96194149 0.52191055 6.41699745 6.43557310 6.41654517 0.54430514 0.50073791 0.52111568
3.93686509 0.52474144 6.69861978 6.66328850 6.68896469 0.54459312 0.51889411 0.51261612
3.93686509 0.52430284 6.69861978 6.66445129 6.68896469 0.54331106 0.51903002 0.51261612
3.96097832 0.52342565 6.68624404 6.68330795 6.69541429 0.54331106 0.51889411 0.50986602
3.88950541 0.52359632 6.41270654 6.42044318 6.41259851 0.54146392 0.50708124 0.52320960
4.03496330 0.52929586 6.86950992 6.85958527 6.87778304 0.52863559 0.53855697 0.52033541
3.98712286 0.53533617 6.66304745 6.66165280 6.68758179 0.55455040 0.53555163 0.51712969
4.03496330 0.52929586 6.86950992 6.85958527 6.87778304 0.52863559 0.53855697 0.52033541
4.03496330 0.52929344 6.87269796 6.85958527 6.87778304 0.52710533 0.53527475 0.52482370
4.04333768 0.53077127 6.87640266 6.84351268 6.84209538 0.53006416 0.53855697 0.52245187
3.96541269 0.53460359 6.67033873 6.68318839 6.70612616 0.55146965 0.53914978 0.51526434
3.96964891 0.52787150 6.35791439 6.36131617 6.36997674 0.54624716 0.51728889 0.52028207
4.20245138 0.52240922 6.69062061 6.69593274 6.66790307 0.52541145 0.53057744 0.51492915
3.96964891 0.52820154 6.35791439 6.36131617 6.36997674 0.54624716 0.51728889 0.52127217
3.96964891 0.52523667 6.35325219 6.36238375 6.37047138 0.54381722 0.50814626 0.52261571
4.01648754 0.53018825 6.38279558 6.37704311 6.40808421 0.54538523 0.51912895 0.52648384
4.30888073 0.51427309 6.83490387 6.82405926 6.81103204 0.51167224 0.53188227 0.50104811
3.96759827 0.53262737 6.76711225 6.75747010 6.76487149 0.54420552 0.52378950 0.52683680
3.91931230 0.52363132 6.69873245 6.70065055 6.73469465 0.53055993 0.53009690 0.51012623
3.96759827 0.53262737 6.76711225 6.75747010 6.76487149 0.54420552 0.52378950 0.52683680
3.96759827 0.53143693 6.76859688 6.75885232 6.76564717 0.54263092 0.52231016 0.52603979
3.92493542 0.53104479 6.73272458 6.76674959 6.75219671 0.54064026 0.52009863 0.52870829
3.94728507 0.52768538 6.69115837 6.66649727 6.75097237 0.53544883 0.53146791 0.51607190
4.03790001 0.51923436 6.84400915 6.86386617 6.89498077 0.52783743 0.51990611 0.51592798
3.96675277 0.53106945 6.49341556 6.51974159 6.51643228 0.55178999 0.51174818 0.52962607
4.03790001 0.51923436 6.84400915 6.86386617 6.89498077 0.52783743 0.51990611 0.51592798
4.03790001 0.52119939 6.84400915 6.86366159 6.89498077 0.53153098 0.52603299 0.51071155
4.00458365 0.52054155 6.89218552 6.92268123 6.90072508 0.52972422 0.52182918 0.51592798
3.92667228 0.53169443 6.53551075 6.52512120 6.50535804 0.55353069 0.51371380 0.52797808
3.99419355 0.51646418 6.92821428 6.93512114 6.93523534 0.52659946 0.52803649 0.49591437
4.06793395 0.53162570 6.60348100 6.59641092 6.56128067 0.55472307 0.52331910 0.51705470
3.99419355 0.51646418 6.92821428 6.93512114 6.93523534 0.52659946 0.52803649 0.49591437
3.99419355 0.52034353 6.92649014 6.93687553 6.93523534 0.52891077 0.53016415 0.50360014
3.99741517 0.51711353 6.94288438 6.93551391 6.93978174 0.52864027 0.53016415 0.49335026
4.05362263 0.53162442 6.55880324 6.63181764 6.56813434 0.55974859 0.51557467 0.51836880
3.89594565 0.53041995 6.59041882 6.58787826 6.59763508 0.54498576 0.51921480 0.52806077
3.96159528 0.51808504 6.70821035 6.75679346 6.74024493 0.51207737 0.53145764 0.51468425
3.89594565 0.53041995 6.59041882 6.58787826 6.59763508 0.54498576 0.51921480 0.52806077
3.89594565 0.52963563 6.59041882 6.58574636 6.59996035 0.54251856 0.51909951 0.52793806
3.99018990 0.53159796 6.72957112 6.74434952 6.75403192 0.54610936 0.52145510 0.52838706
3.98997827 0.51919926 6.73727569 6.71793819 6.73222237 0.52067876 0.52687912 0.51366441
3.78765854 0.52476596 6.36848393 6.38602891 6.40007065 0.54465376 0.51263272 0.51853541
3.93951016 0.52243592 6.69033383 6.68455869 6.71132193 0.53986320 0.51907948 0.50824881
3.78765854 0.52476596 6.36848393 6.38602891 6.40007065 0.54465376 0.51263272 0.51853541
3.78765854 0.52542278 6.37132398 6.38501176 6.40008988 0.54080300 0.51349171 0.52349318
3.76500863 0.52640531 6.35997254 6.37977802 6.37556465 0.54304439 0.51704075 0.52161867
3.95079742 0.51851908 6.67180517 6.65290541 6.68110963 0.53338612 0.51775493 0.50413730
4.08060976 0.53199426 6.53358527 6.53353074 6.50835720 0.52934955 0.52913557 0.53458471
4.09373676 0.53048816 6.53627125 6.51682380 6.53646193 0.55024134 0.51851081 0.52113794
4.08060976 0.53199426 6.53358527 6.53353074 6.50835720 0.52934955 0.52913557 0.53458471
4.08060976 0.53395983 6.53642098 6.53175261 6.51172354 0.52977782 0.53886452 0.53157566
4.11818747 0.53101387 6.50554611 6.53526152 6.52233280 0.53205027 0.52440118 0.53304625
4.21142765 0.53110067 6.47266445 6.48518995 6.48289422 0.55327983 0.51492877 0.52361088
3.95689197 0.52330359 6.70560124 6.69288200 6.71266505 0.53862051 0.52312308 0.50854650
3.73645276 0.52607636 6.37864557 6.37722558 6.39430208 0.54639289 0.51559627 0.51768647
3.95689197 0.52330359 6.70560124 6.69288200 6.71266505 0.53862051 0.52312308 0.50854650
3.95689197 0.52243782 6.70550126 6.69156621 6.71549450 0.54116728 0.51884752 0.50687984
3.99610215 0.52025821 6.68613949 6.67771360 6.69314240 0.53324871 0.52067200 0.50714117
3.75188201 0.52542278 6.35185614 6.39381102 6.39082478 0.54203938 0.51561398 0.52058037
4.10949526 0.53049461 6.52227235 6.53080619 6.52686765 0.54604542 0.51976196 0.52446430
4.10305356 0.53395026 6.52707341 6.52750679 6.54379473 0.52810934 0.54632990 0.52507648
4.10949526 0.53049461 6.52227235 6.53080619 6.52686765 0.54604542 0.51976196 0.52446430
4.10949526 0.52927604 6.52126950 6.52655986 6.52761210 0.54906649 0.51401630 0.52375534
4.10889564 0.52867459 6.52145899 6.52063374 6.52498085 0.54603432 0.51783556 0.52076453
4.06739837 0.53350311 6.52472319 6.54106970 6.53797089 0.52667774 0.53720500 0.53468559
4.04471326 0.52913082 6.58492758 6.61101371 6.58751857 0.55321205 0.52091017 0.51269012
4.02780897 0.51840385 6.88587925 6.89909305 6.87293676 0.52797116 0.52310918 0.50910355
4.04471326 0.52913082 6.58492758 6.61101371 6.58751857 0.55321205 0.52091017 0.51269012
4.04471326 0.53269841 6.57945492 6.61201944 6.58637423 0.55968361 0.51798583 0.51952192
4.05935612 0.53055940 6.57506605 6.60933987 6.58383744 0.55630571 0.52087353 0.51368779
3.99223712 0.51905739 6.87641310 6.89392867 6.89160827 0.52766495 0.53025099 0.50155933
3.99110490 0.51918374 6.69224862 6.74907443 6.72140964 0.51516034 0.53417695 0.51155436
4.08677474 0.53042612 6.70437938 6.72823180 6.71050935 0.54638154 0.51867694 0.52704671
3.99110490 0.51918374 6.69224862 6.74907443 6.72140964 0.51516034 0.53417695 0.51155436
3.99110490 0.51807573 6.68888169 6.74907443 6.71932691 0.51755972 0.53043620 0.51043524
3.97941341 0.51974240 6.72027588 6.73579713 6.74570548 0.51684853 0.53256683 0.51322102
3.90694303 0.52963563 6.60986375 6.61122593 6.60891269 0.54481336 0.51936616 0.52563029
4.01197377 0.52392325 6.87669062 6.87404018 6.89211023 0.52819945 0.52964436 0.51513151
4.01197377 0.52392325 6.87669062 6.87404018 6.89211023 0.52819945 0.52964436 0.51513151
4.01197377 0.52392325 6.87669062 6.87404018 6.89211023 0.52819945 0.52964436 0.51513151
4.01197377 0.52184262 6.87467350 6.87689989 6.89194315 0.52157650 0.53338020 0.51135335
4.02497301 0.52288428 6.84954496 6.86906799 6.85219578 0.52521438 0.53099571 0.51354421
4.02497301 0.52028282 6.85362305 6.86985763 6.85380868 0.51859142 0.53338020 0.50976605
4.03080555 0.52567909 6.82479151 6.82044583 6.80355766 0.54351531 0.50664355 0.52601131
4.03080555 0.52567909 6.82479151 6.82044583 6.80355766 0.54351531 0.50664355 0.52601131
4.03080555 0.52567909 6.82479151 6.82044583 6.80355766 0.54351531 0.50664355 0.52601131
4.03080555 0.52635934 6.82691273 6.81935711 6.80059218 0.54239508 0.50993327 0.52601181
4.02635817 0.52636636 6.80374612 6.82225327 6.80747310 0.54469312 0.50667927 0.52703172
4.02635817 0.52601922 6.80378196 6.82198268 6.80739854 0.54145168 0.51000554 0.52601181
3.95966958 0.53418836 6.60581144 6.58283526 6.55122371 0.54159202 0.51973934 0.54136671
3.95966958 0.53418836 6.60581144 6.58283526 6.55122371 0.54159202 0.51973934 0.54136671
3.95966958 0.53418836 6.60581144 6.58283526 6.55122371 0.54159202 0.51973934 0.54136671
3.95966958 0.53593593 6.60509288 6.58207036 6.54954939 0.54320347 0.52258195 0.54207189
3.89888582 0.53476549 6.59973343 6.62651441 6.58355193 0.54296574 0.52075147 0.54043078
3.89888582 0.53563842 6.59982788 6.62735055 6.58272854 0.54366777 0.52340101 0.53960564
3.93598782 0.52684080 6.42887578 6.47063468 6.44789733 0.54087834 0.51304273 0.52431039
3.93598782 0.52684080 6.42887578 6.47063468 6.44789733 0.54087834 0.51304273 0.52431039
3.93598782 0.52684080 6.42887578 6.47063468 6.44789733 0.54087834 0.51304273 0.52431039
3.93598782 0.52436146 6.42925033 6.46962953 6.45150573 0.54157652 0.51056366 0.51897053
4.03798762 0.52642758 6.48684328 6.50549961 6.49404682 0.54087834 0.51304273 0.52318680
4.03798762 0.52518791 6.48083181 6.50642863 6.49905242 0.54403345 0.51056366 0.51900972
4.00322158 0.52760749 6.87330721 6.86559143 6.88768943 0.52702262 0.54004001 0.52030115
4.00322158 0.52760749 6.87330721 6.86559143 6.88768943 0.52702262 0.54004001 0.52030115
4.00322158 0.52760749 6.87330721 6.86559143 6.88768943 0.52702262 0.54004001 0.52030115
4.00322158 0.52437957 6.87600160 6.86699988 6.88938435 0.52598485 0.53721189 0.51456479
4.00738384 0.52898998 6.83549604 6.85350556 6.84979313 0.52972730 0.54166813 0.52058915
4.00738384 0.52668372 6.83404128 6.85495484 6.84979313 0.52868953 0.54024846 0.51620413
4.03500982 0.53026308 6.80555645 6.79350664 6.80611416 0.55344249 0.51704858 0.52103549
4.03500982 0.53026308 6.80555645 6.79350664 6.80611416 0.55344249 0.51704858 0.52103549
4.03500982 0.53026308 6.80555645 6.79350664 6.80611416 0.55344249 0.51704858 0.52103549
4.03500982 0.52773843 6.80637589 6.79350664 6.80504125 0.55117792 0.51047327 0.52328647
4.01260937 0.52931671 6.80407621 6.81082487 6.81972794 0.55167036 0.51804858 0.51921355
4.01260937 0.52773843 6.80202744 6.81082487 6.82238210 0.55202538 0.51047327 0.52229637
4.17443960 0.52768461 6.73308173 6.68634428 6.67649040 0.54604411 0.52544925 0.51368663
4.17443960 0.52768461 6.73308173 6.68634428 6.67649040 0.54604411 0.52544925 0.51368663
4.17443960 0.52768461 6.73308173 6.68634428 6.67649040 0.54604411 0.52544925 0.51368663
4.17443960 0.52768042 6.73089431 6.69076064 6.67746128 0.55170292 0.52206366 0.51155639
4.15869389 0.52993180 6.71892157 6.70380775 6.72167001 0.54630852 0.53307488 0.51333241
4.15869389 0.52880541 6.71789064 6.70693485 6.72264088 0.54518476 0.53005720 0.51409831
3.99821429 0.52630097 6.82114393 6.81352397 6.81939575 0.52821172 0.53660283 0.51943425
3.99821429 0.52630097 6.82114393 6.81352397 6.81939575 0.52821172 0.53660283 0.51943425
3.99821429 0.52630097 6.82114393 6.81352397 6.81939575 0.52821172 0.53660283 0.51943425
3.99821429 0.52450813 6.82517031 6.81446236 6.81722857 0.52606132 0.53589261 0.51533907
3.99821429 0.52570217 6.82331784 6.81352397 6.81939575 0.52603780 0.53660283 0.51943425
3.99821429 0.52510693 6.82517031 6.81446236 6.81722857 0.52784704 0.53589261 0.51533907
3.99538237 0.52077935 6.79944042 6.76001864 6.78119936 0.52007620 0.53811353 0.50788615
3.95504620 0.53230810 6.65387703 6.66429519 6.64439980 0.54749978 0.51749970 0.53181694
3.99538237 0.52077935 6.79944042 6.76001864 6.78119936 0.52007620 0.53811353 0.50788615
3.99538237 0.52076606 6.79783241 6.76381643 6.78088597 0.52570545 0.53051578 0.51078535
3.99654508 0.52077935 6.84760944 6.82763914 6.83106916 0.52177111 0.53798112 0.50616202
4.00952381 0.53231610 6.62575938 6.62397350 6.63198618 0.54816345 0.51722652 0.53145019
3.96709580 0.53473303 6.67267171 6.66717117 6.67374154 0.55006294 0.53630531 0.51880399
3.96438514 0.52349982 6.66335400 6.66522874 6.67068843 0.54219654 0.51916002 0.51170513
3.96709580 0.53473303 6.67267171 6.66717117 6.67374154 0.55006294 0.53630531 0.51880399
3.96709580 0.53619823 6.67479145 6.66855390 6.67023471 0.55345482 0.53392231 0.52202533
3.92174942 0.53510200 6.64071463 6.66366077 6.68288148 0.55068575 0.53644265 0.51883764
3.92794807 0.52434547 6.61848404 6.62164520 6.64367204 0.55227480 0.50910447 0.51352307
3.95083706 0.53123877 6.64638759 6.67203003 6.63761137 0.54935594 0.51421348 0.53281318
4.04088928 0.52234234 6.89278132 6.88132376 6.90360361 0.52475165 0.52957416 0.51287425
3.95083706 0.53123877 6.64638759 6.67203003 6.63761137 0.54935594 0.51421348 0.53281318
3.95083706 0.53216374 6.64638759 6.66996804 6.63429477 0.55140528 0.51442991 0.53338941
3.97495509 0.53185701 6.64670184 6.64409477 6.62421835 0.55020885 0.51512257 0.53281318
4.07585004 0.52449288 6.87441013 6.89611762 6.90433171 0.52629409 0.52604075 0.52085752
3.93825072 0.52907791 6.69241256 6.71180529 6.67100869 0.53775496 0.52845698 0.52283558
3.96606919 0.52536499 6.61910153 6.65904116 6.66993516 0.54501465 0.51753949 0.51765367
3.93825072 0.52907791 6.69241256 6.71180529 6.67100869 0.53775496 0.52845698 0.52283558
3.93825072 0.52639734 6.68948341 6.71168851 6.67165383 0.53836628 0.52448163 0.51836939
3.96060418 0.52952434 6.68165698 6.70769904 6.66555971 0.53775496 0.52982684 0.52283558
3.96222304 0.52746043 6.64501665 6.63731309 6.63464451 0.54496523 0.51657675 0.52490623
3.91788768 0.52495466 6.72284725 6.78088187 6.76373882 0.54054829 0.51574909 0.52364147
4.06285146 0.53162246 6.76942169 6.78801299 6.80766725 0.54835809 0.52342890 0.52423266
3.91788768 0.52455143 6.72284725 6.78088187 6.76373882 0.54054829 0.51448327 0.52364147
3.91788768 0.52576597 6.72262509 6.77730648 6.76257935 0.53941077 0.51821937 0.52471720
3.94363583 0.52414659 6.74359314 6.76358734 6.75691882 0.53703384 0.51544858 0.52480094
4.06707633 0.53124374 6.66062117 6.68624202 6.71583890 0.54979250 0.52130609 0.52448029
3.83065903 0.53559184 6.48137746 6.48164233 6.46984510 0.54512049 0.52366761 0.53722880
4.03295031 0.52204969 6.75493619 6.79080441 6.75199917 0.52885813 0.53801011 0.50526552
3.83065903 0.53587920 6.48137746 6.48164233 6.46984510 0.54599769 0.52366761 0.53722880
3.83065903 0.53731680 6.47963780 6.48078026 6.46809389 0.54775287 0.52525384 0.53802172
3.81918206 0.53530531 6.48529805 6.46886788 6.47931284 0.54438750 0.52368554 0.53719005
4.01862189 0.51831134 6.77308233 6.78688463 6.79496782 0.52108624 0.53796759 0.50165459
3.97620143 0.52514197 6.80218953 6.79499326 6.78945881 0.54515866 0.51052018 0.52209870
4.02892801 0.53058677 6.85549558 6.82494653 6.84025830 0.52276130 0.54244107 0.52653732
3.97620143 0.52514197 6.80218953 6.79499326 6.78945881 0.54515866 0.51052018 0.52209870
3.97620143 0.52647752 6.80231854 6.79191581 6.79246920 0.54701580 0.51567644 0.51867775
3.98224843 0.52447308 6.77368004 6.82640063 6.80739562 0.54515866 0.51160713 0.51890648
4.00141503 0.53011058 6.84521683 6.87355231 6.86205169 0.52689779 0.53657720 0.52643550
3.98689660 0.52776255 6.85449920 6.89335987 6.88932392 0.52615886 0.54055371 0.51909498
4.10742973 0.52684991 6.47855457 6.51241809 6.49799548 0.54841193 0.51315513 0.52031643
3.98689660 0.52776255 6.85449920 6.89335987 6.88932392 0.52615886 0.54055371 0.51909498
3.98689660 0.52979037 6.85576741 6.89494717 6.88747207 0.52965570 0.53759826 0.52525558
3.98488402 0.52826760 6.87053326 6.85786264 6.88150789 0.52788299 0.54055371 0.51909498
4.10325174 0.52749092 6.48337049 6.51420881 6.52109747 0.55226465 0.51302224 0.51831854
4.03765185 0.52395525 6.87292661 6.86224907 6.88411090 0.52300745 0.52782647 0.52047300
3.94363583 0.52818046 6.74233130 6.76609011 6.75447730 0.54063263 0.52315038 0.52572819
4.03765185 0.52449288 6.87292661 6.86224907 6.88225905 0.52300745 0.52782647 0.52232485
4.03765185 0.52395525 6.87292661 6.86224907 6.88411090 0.52300745 0.52782647 0.52047300
4.05379541 0.52395525 6.87358867 6.86454679 6.84393589 0.52300745 0.52604075 0.52203550
3.92029732 0.52858531 6.71792728 6.75112584 6.75123641 0.54072215 0.52201640 0.52838290
3.97340326 0.52746166 6.64060618 6.63973487 6.64155877 0.54699060 0.51546564 0.52397165
3.81918206 0.53587920 6.48529029 6.46885276 6.47918539 0.54269103 0.52452578 0.54011683
3.97340326 0.52746166 6.64060618 6.63973487 6.64155877 0.54699060 0.51546564 0.52397165
3.97340326 0.52711201 6.64178265 6.63973487 6.64249335 0.54581413 0.51546564 0.52397165
3.98250889 0.52746043 6.64128438 6.65174745 6.63434842 0.54592677 0.51647574 0.52389613
3.81830929 0.53588084 6.48497370 6.47366633 6.46331474 0.54277457 0.52366727 0.54100407
3.95325426 0.53320718 6.65017202 6.69199969 6.64189624 0.54894741 0.51821261 0.53230855
4.09884963 0.52346749 6.78393108 6.79833510 6.80778960 0.54598779 0.50737098 0.51893241
3.95325426 0.53320718 6.65017202 6.69199969 6.64189624 0.54894741 0.51821261 0.53230855
3.95325426 0.53290956 6.65102672 6.69113013 6.64281367 0.54720776 0.52094461 0.53044772
4.08693053 0.53378909 6.59679087 6.57932492 6.57051463 0.54805596 0.51907302 0.53407546
3.97620143 0.52513973 6.80425132 6.79289620 6.79246920 0.54504457 0.51368595 0.51894144
4.00000361 0.52434547 6.73168276 6.73635601 6.75166894 0.54712367 0.51281406 0.51503956
4.11998376 0.52978529 6.80848672 6.80682311 6.81971773 0.53105632 0.54066617 0.52070515
4.00000361 0.52434547 6.73168276 6.73635601 6.75166894 0.54712367 0.51281406 0.51503956
4.00000361 0.52434547 6.73168276 6.73635601 6.75166894 0.54582496 0.51409611 0.51503956
3.96227191 0.52561666 6.67839025 6.71383539 6.72934621 0.54946095 0.51291034 0.51600841
3.98689660 0.53079793 6.85429682 6.89494717 6.88932392 0.53112629 0.54066617 0.52340373
4.05642293 0.52869555 6.87793998 6.85713237 6.84001983 0.52460218 0.54427896 0.51725688
3.99654508 0.51848050 6.84922234 6.82211117 6.83258431 0.51830504 0.54531326 0.49553896
4.05642293 0.52869555 6.87793998 6.85713237 6.84001983 0.52460218 0.54427896 0.51725688
4.05642293 0.52726924 6.87821457 6.85740518 6.83590383 0.52151679 0.53486822 0.52497482
4.03225683 0.52821936 6.89885284 6.87038934 6.87017271 0.52460218 0.54427896 0.51602231
4.01499568 0.52076938 6.88025098 6.89533791 6.87826682 0.52559783 0.52834519 0.51263720
4.10839228 0.52781247 6.49020482 6.51831349 6.50861763 0.55037365 0.51310079 0.52115042
3.92174942 0.53656453 6.63711274 6.66935496 6.68180111 0.55527543 0.53179422 0.52290391
4.10839228 0.52781247 6.49020482 6.51831349 6.50861763 0.55037365 0.51310079 0.52115042
4.10839228 0.52781454 6.48921472 6.51631769 6.50760489 0.55045466 0.51312018 0.52137478
4.11193548 0.52781247 6.47539361 6.53206106 6.52028389 0.55136375 0.51322502 0.52022450
3.95466699 0.53583460 6.66829827 6.65545240 6.70093302 0.55523987 0.52839601 0.52418839
4.07551282 0.53162835 6.70260055 6.72485681 6.72833736 0.55098203 0.52226208 0.52289041
3.96259030 0.53092631 6.66768546 6.66157865 6.62805873 0.54968694 0.51617804 0.53007569
4.07551282 0.53162835 6.70260055 6.72485681 6.72833736 0.55098203 0.52226208 0.52289041
4.07551282 0.53162835 6.70262697 6.72492858 6.72722625 0.55197554 0.52253424 0.52186554
4.00767168 0.53009431 6.74010193 6.78232383 6.78534051 0.54736509 0.51873137 0.52540290
3.95083706 0.53154455 6.64455801 6.67093052 6.63875510 0.55306599 0.51440201 0.52980627
4.00870730 0.52267469 6.79268154 6.80860752 6.78499821 0.53283028 0.53520610 0.50810747
3.91495636 0.53086763 6.71165479 6.70875349 6.70329246 0.53813492 0.53268735 0.52428340
4.00870730 0.52267469 6.79268154 6.80860752 6.78499821 0.53283028 0.53520610 0.50810747
4.00870730 0.51956522 6.79241468 6.81137419 6.79713670 0.52814545 0.54127541 0.49334132
3.92979425 0.52453416 6.69643129 6.69967882 6.68415179 0.53684506 0.53637673 0.50905610
3.93825072 0.52818506 6.68948341 6.71031864 6.67165383 0.53838293 0.52855419 0.51950576
4.02662662 0.51704426 6.93877519 6.93041774 6.92043123 0.52306646 0.52660362 0.50313952
3.99880952 0.52963068 6.66459477 6.67640996 6.66508820 0.53781704 0.52237053 0.52847966
4.02662662 0.51704426 6.93877519 6.93041774 6.92043123 0.52306646 0.52660362 0.50313952
4.02662662 0.51704426 6.93877519 6.93041774 6.92043123 0.52306646 0.52660362 0.50313952
4.03991776 0.51767717 6.96416802 6.92685641 6.94236240 0.52124828 0.52460362 0.50925911
3.99920793 0.53122273 6.66459477 6.67642430 6.66502132 0.54142467 0.52478052 0.52747829
3.99495672 0.53140591 6.74475460 6.74652266 6.76820533 0.54450267 0.52224231 0.53093199
4.13269868 0.52014639 6.56967512 6.56466485 6.58591108 0.52485748 0.53743518 0.49818136
3.99495672 0.53101680 6.74475460 6.74652266 6.76820533 0.54450267 0.52114341 0.53093199
3.99495672 0.53140591 6.74475460 6.74652266 6.76820533 0.54450267 0.52224231 0.53093199
3.99263566 0.53024462 6.63539553 6.65663999 6.66233138 0.54667877 0.51632282 0.53060781
4.14724643 0.52080864 6.58202275 6.53342823 6.56011697 0.52685748 0.53956284 0.49636318
4.04710330 0.52535111 6.80388342 6.79731242 6.80539178 0.54861673 0.51839527 0.50914536
3.99155953 0.52948870 6.89312425 6.88703093 6.90658747 0.53166312 0.52870838 0.53138596
4.04710330 0.52535111 6.80388342 6.79731242 6.80539178 0.54861673 0.51839527 0.50914536
4.04710330 0.52535111 6.80388342 6.79731242 6.80539178 0.54861673 0.51839527 0.50914536
4.04419392 0.52437603 6.79779283 6.81894492 6.80965299 0.54586143 0.51641507 0.51129563
3.98411655 0.52849860 6.89285061 6.89175513 6.88995778 0.53034733 0.52865954 0.52982346
4.04957265 0.53321256 6.84516588 6.84843839 6.86526223 0.53068477 0.54279275 0.52506725
3.97247365 0.52437900 6.79846732 6.79257132 6.78364643 0.54043794 0.51106803 0.52181861
4.04957265 0.53321256 6.84516588 6.84843839 6.86526223 0.53068477 0.54279275 0.52506725
4.04957265 0.53321256 6.84516588 6.84843839 6.86526223 0.53068477 0.54279275 0.52506725
3.99807925 0.53224870 6.87829608 6.86665627 6.86734426 0.52912227 0.54267997 0.52408576
3.98673627 0.52470903 6.81545999 6.83342985 6.81318747 0.53856878 0.51313340 0.52268275
3.93812713 0.52063601 6.66821549 6.66776035 6.65182044 0.54076582 0.51217452 0.50824042
3.88178083 0.53107634 6.65003198 6.65917647 6.65590952 0.54926448 0.51508071 0.53071141
3.93812713 0.52063601 6.66821549 6.66776035 6.65182044 0.54076582 0.51217452 0.50824042
3.93812713 0.52536074 6.66949910 6.66744549 6.64406827 0.54438366 0.51774839 0.51352194
3.95146145 0.52149993 6.70342793 6.70430881 6.69998662 0.53942645 0.51356341 0.51062607
3.93169828 0.53139059 6.64795475 6.65925771 6.62766313 0.55275034 0.51862089 0.52414532
4.32000706 0.53273997 6.46016749 6.47565668 6.45221565 0.55171963 0.51536036 0.52870084
4.04991228 0.52979416 6.85270243 6.85135075 6.83101882 0.54526136 0.52991248 0.51912125
4.32000706 0.53273997 6.46016749 6.47565668 6.45221565 0.55171963 0.51536036 0.52870084
4.32000706 0.53213846 6.46184609 6.47657095 6.45328284 0.55088848 0.51704599 0.52598469
4.19801549 0.53183183 6.52526942 6.56170965 6.53986976 0.54659818 0.51517478 0.53182130
4.02253129 0.52713929 6.83136342 6.85255649 6.84362810 0.54504058 0.52445502 0.51621362
4.04208080 0.52865825 6.81615017 6.80813554 6.81406364 0.54575736 0.52124644 0.51957328
4.03285503 0.52128916 6.83438141 6.85802622 6.87342879 0.51744630 0.53400913 0.51055440
4.04208080 0.52865825 6.81615017 6.80813554 6.81406364 0.54575736 0.52124644 0.51957328
4.04208080 0.52689021 6.81520199 6.80823655 6.81298837 0.54480631 0.51892848 0.51780283
3.99717440 0.52724357 6.81951484 6.85782507 6.84685463 0.54660281 0.51782278 0.51743271
4.04644967 0.52071777 6.89490454 6.86766358 6.89507838 0.51802156 0.52934632 0.51355656
4.02790788 0.51694890 6.68635366 6.69642268 6.68510950 0.51900428 0.52761644 0.50822284
4.08356224 0.53198870 6.64632769 6.63447566 6.65713909 0.55291757 0.52596502 0.51848856
4.02790788 0.51694890 6.68635366 6.69642268 6.68510950 0.51900428 0.52761644 0.50822284
4.02790788 0.51584699 6.68773407 6.69611218 6.68833867 0.51081329 0.53431402 0.50443041
3.97702216 0.51749535 6.73343475 6.72864892 6.75982573 0.51843610 0.52959291 0.50822284
4.11067598 0.53379244 6.61532444 6.65893853 6.65941674 0.55624284 0.52079037 0.52528786
4.06350602 0.52842491 6.86798057 6.87123386 6.89315133 0.52314312 0.54646836 0.51540609
3.89451220 0.52560976 6.65661305 6.62875980 6.69092483 0.52323932 0.54496466 0.50725765
4.06350602 0.52842491 6.86798057 6.87123386 6.89315133 0.52314312 0.54646836 0.51540609
4.06350602 0.52636316 6.86328913 6.87186305 6.89306654 0.52788619 0.53457487 0.51560143
4.00564887 0.52689691 6.85990195 6.87484875 6.88395278 0.52172590 0.54313132 0.51543634
4.05304878 0.52500000 6.77959608 6.73520461 6.77257992 0.52838317 0.53718694 0.50880365
3.79512368 0.52588869 6.37622295 6.39856799 6.38970837 0.54362232 0.51231490 0.52455817
4.00984848 0.53409091 6.72034389 6.71994792 6.72239406 0.55036042 0.52945806 0.52141260
3.79512368 0.52588869 6.37622295 6.39856799 6.38970837 0.54362232 0.51231490 0.52455817
3.79512368 0.52454191 6.37621712 6.40202467 6.38499150 0.54658740 0.50577573 0.52303283
3.78193885 0.52622652 6.38500545 6.37937443 6.38233928 0.54265144 0.51324756 0.52571188
4.00492424 0.53257576 6.68972569 6.71077310 6.72345093 0.54941691 0.52563574 0.52145541
3.93512608 0.53547290 6.61862840 6.61833341 6.62815631 0.54395188 0.52210065 0.53798914
3.92515705 0.52677493 6.64431746 6.64398360 6.63760251 0.55099065 0.51101823 0.52039079
3.93512608 0.53547290 6.61862840 6.61833341 6.62815631 0.54395188 0.52210065 0.53798914
3.93512608 0.53575773 6.61783996 6.62187624 6.62532618 0.54560580 0.52024557 0.53919625
3.96437715 0.53431683 6.60133810 6.61564964 6.60670309 0.54234258 0.52031493 0.53810525
3.96879383 0.52741188 6.62319703 6.64544982 6.64642881 0.55143799 0.51295183 0.51995127
4.10435208 0.52464410 6.65930941 6.64502242 6.65016877 0.53960232 0.51873587 0.52033988
3.97383178 0.53037383 6.54206414 6.50397047 6.52573519 0.51886206 0.54984929 0.52318474
4.10435208 0.52464410 6.65930941 6.64502242 6.65016877 0.53960232 0.51873587 0.52033988
4.10435208 0.52300979 6.65552532 6.64145944 6.65547534 0.54097561 0.51385092 0.51819472
4.13291853 0.52627841 6.66232712 6.68890687 6.67608970 0.53946748 0.51872153 0.52487560
4.00046729 0.53177570 6.53796603 6.54877283 6.53870360 0.52917324 0.55025330 0.51674715
3.97868367 0.52968326 6.70359814 6.68297138 6.68450938 0.53234218 0.53513172 0.52005620
3.99790795 0.52510460 6.74110926 6.75907084 6.75608397 0.54611767 0.52128469 0.50962779
3.97868367 0.52968326 6.70359814 6.68297138 6.68450938 0.53234218 0.53513172 0.52005620
3.97868367 0.52877828 6.69939643 6.68466028 6.68617838 0.53266231 0.53213546 0.51969503
3.92736117 0.52922871 6.72998195 6.68769993 6.67789231 0.52951763 0.53515184 0.52133867
3.94728033 0.52928870 6.64049910 6.70488270 6.66961190 0.55498635 0.52033722 0.51413720
3.94192173 0.52732379 6.52796106 6.53686041 6.56354649 0.54964896 0.50863919 0.52343696
4.12565088 0.53154951 6.58735287 6.58896151 6.56783063 0.54274498 0.51589140 0.53445739
3.94192173 0.52732379 6.52796106 6.53686041 6.56354649 0.54964896 0.50863919 0.52343696
3.94192173 0.52607769 6.52870729 6.53576980 6.56162237 0.54694311 0.50951027 0.52154227
3.96628991 0.52826324 6.53049165 6.55302415 6.55183082 0.55141385 0.50942785 0.52337527
4.00825005 0.52919224 6.66934980 6.66281450 6.64518232 0.54084356 0.51432204 0.53103589
4.06104688 0.53605713 6.61381753 6.65364154 6.64331001 0.55636659 0.53377254 0.51806679
3.95882353 0.52491349 6.57984102 6.61289759 6.57985767 0.54625161 0.50874589 0.52190745
4.06104688 0.53605713 6.61381753 6.65364154 6.64331001 0.55636659 0.53377254 0.51806679
4.06104688 0.53495148 6.61392344 6.65347620 6.64557948 0.55172334 0.53734098 0.51625134
4.08250239 0.53642613 6.66502095 6.68834250 6.70567011 0.55620344 0.53260975 0.52040586
3.92283737 0.52387543 6.59014285 6.60797465 6.60878150 0.54429257 0.51074955 0.51878742
3.99883729 0.51969040 6.80466716 6.81582825 6.83642469 0.51746406 0.54513357 0.49442535
4.13756614 0.52539683 6.53672111 6.53760960 6.54379253 0.52697080 0.53717716 0.51266466
3.99883729 0.51969040 6.80466716 6.81582825 6.83642469 0.51746406 0.54513357 0.49442535
3.99883729 0.52145167 6.80817594 6.81404254 6.83062648 0.51421009 0.54168958 0.50825775
4.03818713 0.52028208 6.76390045 6.74875129 6.77632733 0.51752045 0.54496076 0.49620066
4.13597884 0.52222222 6.52127704 6.52727267 6.53166294 0.52444715 0.52866449 0.51380005
3.88414634 0.52560976 6.68284391 6.65429687 6.66611022 0.52490254 0.54394594 0.50691686
4.01656267 0.52827214 6.80736271 6.78060000 6.82459549 0.54602231 0.51951045 0.52034884
3.88414634 0.52560976 6.68284391 6.65429687 6.66611022 0.52490254 0.54394594 0.50691686
3.88414634 0.52012195 6.69549989 6.65066288 6.67068706 0.51728776 0.54626790 0.49351058
4.00731707 0.52621951 6.67995761 6.62644491 6.68320980 0.52653132 0.54258112 0.50880365
4.03151572 0.52242269 6.81595723 6.80097999 6.82180647 0.53988895 0.51225283 0.51484546
4.04924242 0.53295455 6.71474842 6.72773622 6.73022576 0.55294812 0.52214368 0.52201001
4.05390190 0.53176329 6.86651164 6.87635047 6.87756892 0.52779975 0.53982572 0.52641861
4.04924242 0.53295455 6.71474842 6.72773622 6.73022576 0.55294812 0.52214368 0.52201001
4.04924242 0.53295455 6.71722700 6.72642043 6.73208783 0.55275592 0.52471939 0.52014793
4.06439394 0.53333333 6.67639549 6.66104948 6.69781683 0.55290892 0.52325479 0.52235549
4.02598709 0.52887170 6.87787772 6.85985962 6.88258933 0.52141351 0.53823842 0.52588036
3.97006562 0.52741289 6.64096213 6.61373911 6.64300402 0.55137793 0.51295183 0.51995127
4.00380553 0.51704829 6.87979275 6.88747168 6.89020462 0.51911291 0.52682585 0.50740726
3.97006562 0.52741289 6.64096213 6.61373911 6.64300402 0.55137793 0.51295183 0.51995127
3.97006562 0.52518257 6.64214172 6.61477859 6.64128200 0.55112858 0.50984934 0.51610030
3.93185103 0.52804578 6.63177064 6.65888553 6.64075220 0.55410207 0.51095163 0.52096733
4.03610820 0.51705233 6.89141840 6.88026139 6.85117691 0.52131441 0.53132260 0.50020633
3.99065421 0.53177570 6.53033498 6.51905479 6.52693464 0.52782189 0.55170258 0.51674715
3.85959340 0.52907882 6.59648168 6.57791732 6.61497799 0.54430983 0.51652262 0.52949860
3.99065421 0.53177570 6.53033498 6.51905479 6.52693464 0.52782189 0.55170258 0.51674715
3.99065421 0.52990654 6.53442742 6.51465861 6.52361311 0.51993871 0.54570306 0.52433705
4.00233645 0.53130841 6.53221958 6.52881092 6.52568092 0.52778435 0.55161849 0.51552724
4.02676379 0.52908032 6.76768859 6.77982937 6.80411047 0.54299694 0.52192657 0.52587667
4.05271967 0.52719665 6.71061484 6.74971718 6.73409182 0.55109929 0.52027807 0.51146319
3.99221738 0.52618224 6.83588064 6.84227004 6.84718137 0.54548632 0.51323505 0.51935603
4.05271967 0.52719665 6.71061484 6.74971718 6.73409182 0.55109929 0.52027807 0.51146319
4.05271967 0.52803347 6.71075075 6.74801366 6.73409182 0.55245591 0.52062482 0.51256210
3.96861925 0.52468619 6.59120213 6.62159935 6.64008637 0.54952756 0.51735112 0.50787624
4.03501992 0.52759943 6.81661445 6.80544029 6.80141000 0.54749785 0.51553591 0.51940704
4.02388948 0.53450111 6.64195499 6.65049448 6.65497634 0.54557578 0.51573123 0.54049293
4.03940131 0.51913469 6.69178132 6.69987785 6.71050973 0.51819308 0.53270885 0.50972588
4.02388948 0.53450111 6.64195499 6.65049448 6.65497634 0.54557578 0.51573123 0.54049293
4.02388948 0.53420873 6.64371059 6.65234255 6.65839398 0.54555241 0.51919339 0.53633149
4.01387128 0.53450285 6.64818662 6.64688620 6.64227423 0.54705835 0.51690674 0.53771454
3.97210413 0.51695190 6.69694812 6.71033502 6.72818782 0.51682320 0.52786877 0.51010963
3.90934256 0.52145329 6.59428795 6.57959291 6.60832824 0.54129395 0.50148313 0.52380432
3.93514503 0.52408243 6.67650399 6.64188781 6.67642059 0.53803923 0.52125653 0.51155462
3.90934256 0.52145329 6.59428795 6.57959291 6.60832824 0.54129395 0.50148313 0.52380432
3.90934256 0.52456747 6.59463297 6.57848180 6.60500035 0.54323515 0.50558645 0.52705023
3.94048443 0.52214533 6.58805020 6.61011234 6.59471210 0.54233562 0.50373061 0.52290342
3.98326180 0.52107444 6.68651323 6.65217065 6.68211684 0.54067645 0.51097404 0.51038354
4.12063492 0.52328042 6.52948321 6.49064141 6.51650951 0.52281677 0.53087392 0.51705747
4.19891458 0.53153696 6.54167452 6.53599771 6.52194165 0.55104577 0.51646317 0.52499599
4.12063492 0.52328042 6.52948321 6.49064141 6.51650951 0.52281677 0.53087392 0.51705747
4.12063492 0.52433862 6.52916808 6.49215656 6.51686665 0.52344469 0.53064082 0.52025092
4.11322751 0.52275132 6.50325918 6.52521683 6.54869154 0.52281677 0.52920726 0.51705747
4.19922121 0.53213304 6.53703641 6.55301208 6.54147170 0.54756221 0.51690294 0.52994923
4.03627054 0.51730868 6.84517701 6.85473502 6.87151142 0.51199670 0.53236987 0.50536333
3.92008844 0.52969354 6.70425135 6.71237906 6.67425326 0.53401261 0.53302688 0.51905578
4.03627054 0.51730868 6.84517701 6.85473502 6.87151142 0.51199670 0.53236987 0.50536333
4.03627054 0.52128595 6.84695672 6.85429752 6.86962462 0.51733228 0.53237608 0.51222107
4.05440421 0.51730868 6.87976214 6.89555451 6.88573725 0.51199670 0.53412425 0.50369666
3.98730769 0.52968943 6.68404087 6.68389478 6.67415624 0.53548685 0.53340128 0.51841256
4.09257312 0.53452362 6.64777607 6.66784824 6.67283863 0.55708200 0.52493363 0.52241795
3.97345210 0.52889019 6.52048517 6.55342231 6.54680840 0.55245678 0.51227060 0.52152199
4.09257312 0.53452362 6.64777607 6.66784824 6.67283863 0.55708200 0.52493363 0.52241795
4.09257312 0.53307042 6.64868175 6.66789551 6.66845323 0.55527148 0.52687981 0.51814695
4.12513080 0.53488463 6.63404063 6.64972572 6.65894138 0.55824574 0.52507147 0.52231355
3.94629965 0.52951616 6.53021919 6.54665542 6.56247022 0.55320497 0.51327281 0.52187783
3.89126939 0.53107915 6.66160466 6.65877745 6.63293842 0.55003484 0.51411917 0.53042691
4.08177942 0.53531775 6.67896934 6.67654229 6.69408098 0.55421381 0.53362315 0.51841332
3.89126939 0.53107915 6.66160466 6.65877745 6.63293842 0.55003484 0.51411917 0.53042691
3.89126939 0.53291308 6.66063378 6.65791539 6.63202933 0.54926448 0.51776639 0.53349113
3.90261440 0.53199940 6.64345996 6.64186775 6.64519871 0.55270353 0.51498124 0.52977979
4.11691540 0.53457975 6.66767894 6.70001596 6.68162914 0.55189918 0.53043085 0.52129487
4.06708510 0.52758762 6.87298722 6.86891906 6.85615159 0.54239502 0.52531011 0.51900088
3.94071895 0.52205710 6.64854026 6.68055911 6.66594880 0.51931815 0.53413482 0.51186223
4.06708510 0.52758762 6.87298722 6.86891906 6.85615159 0.54239502 0.52531011 0.51900088
4.06708510 0.53067522 6.87176771 6.86736784 6.85615159 0.54624278 0.52987280 0.52031173
4.01545359 0.52582161 6.85303099 6.85982260 6.83557411 0.54107761 0.52643849 0.51403108
3.91019264 0.52145855 6.64747508 6.65191767 6.67462822 0.51743136 0.53626248 0.50994759
3.98361903 0.52948623 6.89112100 6.87690680 6.89125712 0.52504606 0.53393684 0.53301846
4.00257457 0.52535583 6.90012576 6.90119122 6.89384277 0.51728267 0.54143278 0.51701747
3.98361903 0.52948623 6.89112100 6.87690680 6.89125712 0.52504606 0.53393684 0.53301846
3.98361903 0.53048372 6.89173251 6.87214584 6.89314305 0.52958473 0.54602131 0.51899971
3.98709669 0.52998128 6.89987362 6.88611564 6.88817936 0.52636185 0.53393684 0.53301846
3.98464417 0.52586081 6.88417082 6.88402917 6.89336867 0.52004285 0.55079124 0.50583067
3.98905195 0.52570460 6.81903958 6.82657932 6.80422469 0.53871232 0.51528394 0.52412516
3.78092075 0.52522103 6.36488493 6.37840302 6.37633707 0.54391068 0.50994240 0.52450534
3.98905195 0.52570460 6.81903958 6.82657932 6.80422469 0.53871232 0.51528394 0.52412516
3.98905195 0.52670348 6.82009221 6.82538315 6.80440507 0.54148434 0.51651029 0.52275631
3.98474841 0.52537238 6.79816512 6.81024655 6.80986909 0.53777774 0.51528394 0.52412516
3.75076729 0.52623454 6.35253814 6.36175100 6.34802984 0.54678810 0.50921230 0.52499559
3.99880952 0.52962910 6.65881151 6.66844113 6.65551748 0.53892311 0.52335793 0.52605394
3.92846444 0.53604926 6.63413575 6.64511789 6.62259329 0.54624320 0.52269147 0.53710538
3.99880952 0.52962910 6.65881151 6.66844113 6.65551748 0.53892311 0.52335793 0.52605394
3.99880952 0.52962594 6.65499307 6.66815922 6.65351906 0.54068447 0.51976916 0.52791334
3.99880952 0.53002909 6.66722273 6.67787008 6.66625129 0.54103691 0.52335684 0.52489024
3.92499539 0.53402614 6.63429135 6.64949574 6.63114012 0.54392879 0.51953694 0.53648434
4.13137417 0.52410247 6.59561997 6.55175589 6.56616230 0.52718306 0.53550756 0.51110467
4.16225319 0.52505061 6.70022107 6.75433338 6.72744642 0.54561064 0.51105716 0.52216437
4.13137417 0.52410247 6.59561997 6.55175589 6.56616230 0.52718306 0.53550756 0.51110467
4.13137417 0.52410683 6.60001971 6.56249035 6.56816230 0.52866719 0.52954932 0.51572137
4.16040868 0.52278233 6.58400067 6.55455820 6.58827820 0.52718306 0.53588083 0.50677886
4.04606935 0.52464742 6.62747163 6.66263525 6.66658977 0.53685845 0.51743948 0.52372618
