300.0000 10.0000 0.9000 0.0000
300.0000 10.0000 0.9000 0.0000
300.0000 10.0000 0.9000 0.0000
300.0000 10.0000 0.9000 0.0000
300.0000 10.0000 0.9000 0.0000
300.0000 10.0000 0.9000 0.0000
500.0000 32.5000 0.9500 0.2500
500.0000 32.5000 0.9500 0.2500
500.0000 32.5000 0.9500 0.2500
500.0000 32.5000 0.9500 0.2500
500.0000 32.5000 0.9500 0.2500
500.0000 32.5000 0.9500 0.2500
600.0000 21.2500 0.9250 0.1250
600.0000 21.2500 0.9250 0.1250
600.0000 43.7500 0.9250 0.1250
600.0000 21.2500 0.9250 0.1250
600.0000 21.2500 0.9250 0.3750
600.0000 43.7500 0.9250 0.3750
400.0000 43.7500 0.9750 0.3750
400.0000 43.7500 0.9750 0.3750
400.0000 21.2500 0.9750 0.3750
400.0000 43.7500 0.9750 0.3750
400.0000 43.7500 0.9750 0.1250
400.0000 21.2500 0.9750 0.1250
450.0000 26.8750 0.9625 0.4375
450.0000 26.8750 0.9625 0.4375
450.0000 15.6250 0.9625 0.4375
450.0000 26.8750 0.9375 0.4375
450.0000 26.8750 0.9625 0.4375
450.0000 15.6250 0.9375 0.4375
650.0000 49.3750 0.9125 0.1875
650.0000 49.3750 0.9125 0.1875
650.0000 38.1250 0.9125 0.1875
650.0000 49.3750 0.9875 0.1875
650.0000 49.3750 0.9125 0.1875
650.0000 38.1250 0.9875 0.1875
550.0000 15.6250 0.9875 0.3125
550.0000 15.6250 0.9875 0.3125
550.0000 49.3750 0.9875 0.3125
550.0000 15.6250 0.9125 0.3125
550.0000 15.6250 0.9875 0.0625
550.0000 49.3750 0.9125 0.0625
350.0000 38.1250 0.9375 0.0625
350.0000 38.1250 0.9375 0.0625
350.0000 26.8750 0.9375 0.0625
350.0000 38.1250 0.9625 0.0625
350.0000 38.1250 0.9375 0.3125
350.0000 26.8750 0.9625 0.3125
375.0000 24.0625 0.9938 0.2188
525.0000 24.0625 0.9938 0.2188
375.0000 24.0625 0.9938 0.2188
375.0000 24.0625 0.9437 0.2188
375.0000 24.0625 0.9938 0.4688
525.0000 24.0625 0.9437 0.4688
575.0000 46.5625 0.9437 0.4688
325.0000 46.5625 0.9437 0.4688
575.0000 46.5625 0.9437 0.4688
575.0000 46.5625 0.9938 0.4688
575.0000 46.5625 0.9437 0.2188
325.0000 46.5625 0.9938 0.2188
675.0000 12.8125 0.9688 0.0938
425.0000 12.8125 0.9688 0.0938
675.0000 35.3125 0.9688 0.0938
675.0000 12.8125 0.9188 0.0938
675.0000 12.8125 0.9688 0.0938
425.0000 35.3125 0.9188 0.0938
475.0000 35.3125 0.9188 0.3438
625.0000 35.3125 0.9188 0.3438
475.0000 12.8125 0.9188 0.3438
475.0000 35.3125 0.9688 0.3438
475.0000 35.3125 0.9188 0.3438
625.0000 12.8125 0.9688 0.3438
425.0000 18.4375 0.9313 0.2812
675.0000 18.4375 0.9313 0.2812
425.0000 29.6875 0.9313 0.2812
425.0000 18.4375 0.9062 0.2812
425.0000 18.4375 0.9313 0.0312
675.0000 29.6875 0.9062 0.0312
625.0000 40.9375 0.9812 0.0312
475.0000 40.9375 0.9812 0.0312
625.0000 52.1875 0.9812 0.0312
625.0000 40.9375 0.9563 0.0312
625.0000 40.9375 0.9812 0.2812
475.0000 52.1875 0.9563 0.2812
525.0000 29.6875 0.9062 0.4062
375.0000 29.6875 0.9062 0.4062
525.0000 40.9375 0.9062 0.4062
525.0000 29.6875 0.9313 0.4062
525.0000 29.6875 0.9062 0.4062
375.0000 40.9375 0.9313 0.4062
325.0000 52.1875 0.9563 0.1562
575.0000 52.1875 0.9563 0.1562
325.0000 18.4375 0.9563 0.1562
325.0000 52.1875 0.9812 0.1562
325.0000 52.1875 0.9563 0.1562
575.0000 18.4375 0.9812 0.1562
337.5000 31.0938 0.9469 0.3281
412.5000 31.0938 0.9469 0.3281
337.5000 53.5938 0.9469 0.3281
337.5000 31.0938 0.9531 0.3281
337.5000 31.0938 0.9469 0.4219
412.5000 53.5938 0.9531 0.4219
537.5000 53.5938 0.9969 0.0781
612.5000 53.5938 0.9969 0.0781
537.5000 31.0938 0.9969 0.0781
537.5000 53.5938 0.9031 0.0781
537.5000 53.5938 0.9969 0.1719
612.5000 31.0938 0.9031 0.1719
637.5000 19.8438 0.9219 0.4531
512.5000 19.8438 0.9219 0.4531
637.5000 19.8438 0.9219 0.4531
637.5000 19.8438 0.9781 0.4531
637.5000 19.8438 0.9219 0.0469
512.5000 19.8438 0.9781 0.0469
437.5000 42.3438 0.9719 0.2031
312.5000 42.3438 0.9719 0.2031
437.5000 42.3438 0.9719 0.2031
437.5000 42.3438 0.9281 0.2031
437.5000 42.3438 0.9719 0.2969
312.5000 42.3438 0.9281 0.2969
487.5000 14.2188 0.9844 0.1406
362.5000 14.2188 0.9844 0.1406
487.5000 47.9688 0.9844 0.1406
487.5000 14.2188 0.9906 0.1406
487.5000 14.2188 0.9844 0.1094
362.5000 47.9688 0.9906 0.1094
687.5000 36.7188 0.9344 0.3906
562.5000 36.7188 0.9344 0.3906
687.5000 25.4688 0.9344 0.3906
687.5000 36.7188 0.9406 0.3906
687.5000 36.7188 0.9344 0.3594
562.5000 25.4688 0.9406 0.3594
587.5000 25.4688 0.9594 0.0156
662.5000 25.4688 0.9594 0.0156
587.5000 14.2188 0.9594 0.0156
587.5000 25.4688 0.9656 0.0156
587.5000 25.4688 0.9594 0.4844
662.5000 14.2188 0.9656 0.4844
387.5000 47.9688 0.9094 0.2656
462.5000 47.9688 0.9094 0.2656
387.5000 36.7188 0.9094 0.2656
387.5000 47.9688 0.9156 0.2656
387.5000 47.9688 0.9094 0.2344
462.5000 36.7188 0.9156 0.2344
362.5000 17.0312 0.9531 0.4219
637.5000 17.0312 0.9531 0.4219
362.5000 39.5312 0.9531 0.4219
362.5000 17.0312 0.9969 0.4219
362.5000 17.0312 0.9531 0.0781
637.5000 39.5312 0.9969 0.0781
562.5000 39.5312 0.9031 0.1719
437.5000 39.5312 0.9031 0.1719
562.5000 17.0312 0.9031 0.1719
562.5000 39.5312 0.9469 0.1719
562.5000 39.5312 0.9031 0.3281
437.5000 17.0312 0.9469 0.3281
662.5000 28.2812 0.9781 0.2969
337.5000 28.2812 0.9781 0.2969
662.5000 28.2812 0.9781 0.2969
662.5000 28.2812 0.9719 0.2969
662.5000 28.2812 0.9781 0.4531
337.5000 28.2812 0.9719 0.4531
462.5000 50.7812 0.9281 0.0469
537.5000 50.7812 0.9281 0.0469
462.5000 50.7812 0.9281 0.0469
462.5000 50.7812 0.9219 0.0469
462.5000 50.7812 0.9281 0.2031
537.5000 50.7812 0.9219 0.2031
412.5000 22.6562 0.9156 0.1094
587.5000 22.6562 0.9156 0.1094
412.5000 33.9062 0.9156 0.1094
412.5000 22.6562 0.9594 0.1094
412.5000 22.6562 0.9156 0.3906
587.5000 33.9062 0.9594 0.3906
612.5000 45.1562 0.9656 0.3594
387.5000 45.1562 0.9656 0.3594
612.5000 11.4062 0.9656 0.3594
612.5000 45.1562 0.9094 0.3594
612.5000 45.1562 0.9656 0.1406
387.5000 11.4062 0.9094 0.1406
512.5000 11.4062 0.9406 0.2344
487.5000 11.4062 0.9406 0.2344
512.5000 22.6562 0.9406 0.2344
512.5000 11.4062 0.9844 0.2344
512.5000 11.4062 0.9406 0.0156
487.5000 22.6562 0.9844 0.0156
312.5000 33.9062 0.9906 0.4844
687.5000 33.9062 0.9906 0.4844
312.5000 45.1562 0.9906 0.4844
312.5000 33.9062 0.9344 0.4844
312.5000 33.9062 0.9906 0.2656
687.5000 45.1562 0.9344 0.2656
318.7500 21.9531 0.9703 0.2734
356.2500 21.9531 0.9703 0.2734
318.7500 51.4844 0.9703 0.2734
318.7500 21.9531 0.9797 0.2734
318.7500 21.9531 0.9703 0.3359
356.2500 51.4844 0.9797 0.3359
518.7500 44.4531 0.9203 0.0234
556.2500 44.4531 0.9203 0.0234
518.7500 28.9844 0.9203 0.0234
518.7500 44.4531 0.9297 0.0234
518.7500 44.4531 0.9203 0.0859
556.2500 28.9844 0.9297 0.0859
618.7500 10.7031 0.9953 0.3984
656.2500 10.7031 0.9953 0.3984
618.7500 17.7344 0.9953 0.3984
618.7500 10.7031 0.9547 0.3984
618.7500 10.7031 0.9953 0.2109
656.2500 17.7344 0.9547 0.2109
418.7500 33.2031 0.9453 0.1484
456.2500 33.2031 0.9453 0.1484
418.7500 40.2344 0.9453 0.1484
418.7500 33.2031 0.9047 0.1484
418.7500 33.2031 0.9453 0.4609
456.2500 40.2344 0.9047 0.4609
468.7500 16.3281 0.9078 0.2109
406.2500 16.3281 0.9078 0.2109
468.7500 45.8594 0.9078 0.2109
468.7500 16.3281 0.9672 0.2109
468.7500 16.3281 0.9078 0.1484
406.2500 45.8594 0.9672 0.1484
668.7500 38.8281 0.9578 0.4609
606.2500 38.8281 0.9578 0.4609
668.7500 23.3594 0.9578 0.4609
668.7500 38.8281 0.9172 0.4609
668.7500 38.8281 0.9578 0.3984
606.2500 23.3594 0.9172 0.3984
568.7500 27.5781 0.9328 0.0859
506.2500 27.5781 0.9328 0.0859
568.7500 12.1094 0.9328 0.0859
568.7500 27.5781 0.9922 0.0859
568.7500 27.5781 0.9328 0.2734
506.2500 12.1094 0.9922 0.2734
368.7500 50.0781 0.9828 0.3359
306.2500 50.0781 0.9828 0.3359
368.7500 34.6094 0.9828 0.3359
368.7500 50.0781 0.9422 0.3359
368.7500 50.0781 0.9828 0.0234
306.2500 34.6094 0.9422 0.0234
393.7500 13.5156 0.9266 0.4922
581.2500 13.5156 0.9266 0.4922
393.7500 43.0469 0.9266 0.4922
393.7500 13.5156 0.9734 0.4922
393.7500 13.5156 0.9266 0.1797
581.2500 43.0469 0.9734 0.1797
593.7500 36.0156 0.9766 0.2422
381.2500 36.0156 0.9766 0.2422
593.7500 20.5469 0.9766 0.2422
593.7500 36.0156 0.9234 0.2422
593.7500 36.0156 0.9766 0.4297
381.2500 20.5469 0.9234 0.4297
693.7500 24.7656 0.9016 0.3672
481.2500 24.7656 0.9016 0.3672
693.7500 31.7969 0.9016 0.3672
693.7500 24.7656 0.9984 0.3672
693.7500 24.7656 0.9016 0.3047
481.2500 31.7969 0.9984 0.3047
493.7500 47.2656 0.9516 0.1172
681.2500 47.2656 0.9516 0.1172
493.7500 54.2969 0.9516 0.1172
493.7500 47.2656 0.9484 0.1172
493.7500 47.2656 0.9516 0.0547
681.2500 54.2969 0.9484 0.0547
443.7500 30.3906 0.9891 0.0547
631.2500 30.3906 0.9891 0.0547
443.7500 37.4219 0.9891 0.0547
443.7500 30.3906 0.9859 0.0547
443.7500 30.3906 0.9891 0.3672
631.2500 37.4219 0.9859 0.3672
643.7500 52.8906 0.9391 0.3047
431.2500 52.8906 0.9391 0.3047
643.7500 14.9219 0.9391 0.3047
643.7500 52.8906 0.9359 0.3047
643.7500 52.8906 0.9391 0.1172
431.2500 14.9219 0.9359 0.1172
543.7500 19.1406 0.9641 0.1797
331.2500 19.1406 0.9641 0.1797
543.7500 26.1719 0.9641 0.1797
543.7500 19.1406 0.9609 0.1797
543.7500 19.1406 0.9641 0.2422
331.2500 26.1719 0.9609 0.2422
343.7500 41.6406 0.9141 0.4297
531.2500 41.6406 0.9141 0.4297
343.7500 48.6719 0.9141 0.4297
343.7500 41.6406 0.9109 0.4297
343.7500 41.6406 0.9141 0.4922
531.2500 48.6719 0.9109 0.4922
331.2500 20.5469 0.9797 0.0703
468.7500 20.5469 0.9797 0.0703
331.2500 13.5156 0.9797 0.0703
331.2500 20.5469 0.9266 0.0703
331.2500 20.5469 0.9797 0.2266
468.7500 13.5156 0.9266 0.2266
531.2500 43.0469 0.9297 0.3203
668.7500 43.0469 0.9297 0.3203
531.2500 36.0156 0.9297 0.3203
531.2500 43.0469 0.9766 0.3203
531.2500 43.0469 0.9297 0.4766
668.7500 36.0156 0.9766 0.4766
631.2500 31.7969 0.9547 0.1953
568.7500 31.7969 0.9547 0.1953
631.2500 47.2656 0.9547 0.1953
631.2500 31.7969 0.9016 0.1953
631.2500 31.7969 0.9547 0.3516
568.7500 47.2656 0.9016 0.3516
431.2500 54.2969 0.9047 0.4453
368.7500 54.2969 0.9047 0.4453
431.2500 24.7656 0.9047 0.4453
431.2500 54.2969 0.9516 0.4453
431.2500 54.2969 0.9047 0.1016
368.7500 24.7656 0.9516 0.1016
481.2500 26.1719 0.9422 0.3828
318.7500 26.1719 0.9422 0.3828
481.2500 19.1406 0.9422 0.3828
481.2500 26.1719 0.9141 0.3828
481.2500 26.1719 0.9422 0.2891
318.7500 19.1406 0.9141 0.2891
681.2500 48.6719 0.9922 0.1328
518.7500 48.6719 0.9922 0.1328
681.2500 41.6406 0.9922 0.1328
681.2500 48.6719 0.9641 0.1328
681.2500 48.6719 0.9922 0.0391
518.7500 41.6406 0.9641 0.0391
581.2500 14.9219 0.9172 0.2578
618.7500 14.9219 0.9172 0.2578
581.2500 52.8906 0.9172 0.2578
581.2500 14.9219 0.9391 0.2578
581.2500 14.9219 0.9172 0.1641
618.7500 52.8906 0.9391 0.1641
381.2500 37.4219 0.9672 0.0078
418.7500 37.4219 0.9672 0.0078
381.2500 30.3906 0.9672 0.0078
381.2500 37.4219 0.9891 0.0078
381.2500 37.4219 0.9672 0.4141
418.7500 30.3906 0.9891 0.4141
356.2500 28.9844 0.9234 0.1641
693.7500 28.9844 0.9234 0.1641
356.2500 21.9531 0.9234 0.1641
356.2500 28.9844 0.9203 0.1641
356.2500 28.9844 0.9234 0.2578
693.7500 21.9531 0.9203 0.2578
556.2500 51.4844 0.9734 0.4141
493.7500 51.4844 0.9734 0.4141
556.2500 44.4531 0.9734 0.4141
556.2500 51.4844 0.9703 0.4141
556.2500 51.4844 0.9734 0.0078
493.7500 44.4531 0.9703 0.0078
656.2500 17.7344 0.9484 0.0391
393.7500 17.7344 0.9484 0.0391
656.2500 33.2031 0.9484 0.0391
656.2500 17.7344 0.9453 0.0391
656.2500 17.7344 0.9484 0.1328
393.7500 33.2031 0.9453 0.1328
456.2500 40.2344 0.9984 0.2891
593.7500 40.2344 0.9984 0.2891
456.2500 10.7031 0.9984 0.2891
456.2500 40.2344 0.9953 0.2891
456.2500 40.2344 0.9984 0.3828
593.7500 10.7031 0.9953 0.3828
406.2500 12.1094 0.9609 0.3516
543.7500 12.1094 0.9609 0.3516
406.2500 27.5781 0.9609 0.3516
406.2500 12.1094 0.9328 0.3516
406.2500 12.1094 0.9609 0.1953
543.7500 27.5781 0.9328 0.1953
606.2500 34.6094 0.9109 0.1016
343.7500 34.6094 0.9109 0.1016
606.2500 50.0781 0.9109 0.1016
606.2500 34.6094 0.9828 0.1016
606.2500 34.6094 0.9109 0.4453
343.7500 50.0781 0.9828 0.4453
506.2500 23.3594 0.9859 0.4766
443.7500 23.3594 0.9859 0.4766
506.2500 38.8281 0.9859 0.4766
506.2500 23.3594 0.9078 0.4766
506.2500 23.3594 0.9859 0.3203
443.7500 38.8281 0.9078 0.3203
306.2500 45.8594 0.9359 0.2266
643.7500 45.8594 0.9359 0.2266
306.2500 16.3281 0.9359 0.2266
306.2500 45.8594 0.9578 0.2266
306.2500 45.8594 0.9359 0.0703
643.7500 16.3281 0.9578 0.0703
309.3750 27.9297 0.9820 0.4180
559.3750 27.9297 0.9820 0.4180
309.3750 30.0391 0.9820 0.4180
309.3750 27.9297 0.9664 0.4180
309.3750 27.9297 0.9820 0.1055
559.3750 30.0391 0.9664 0.1055
509.3750 50.4297 0.9320 0.1680
359.3750 50.4297 0.9320 0.1680
509.3750 52.5391 0.9320 0.1680
509.3750 50.4297 0.9164 0.1680
509.3750 50.4297 0.9320 0.3555
359.3750 52.5391 0.9164 0.3555
609.3750 16.6797 0.9570 0.2930
459.3750 16.6797 0.9570 0.2930
609.3750 41.2891 0.9570 0.2930
609.3750 16.6797 0.9914 0.2930
609.3750 16.6797 0.9570 0.4805
459.3750 41.2891 0.9914 0.4805
409.3750 39.1797 0.9070 0.0430
659.3750 39.1797 0.9070 0.0430
409.3750 18.7891 0.9070 0.0430
409.3750 39.1797 0.9414 0.0430
409.3750 39.1797 0.9070 0.2305
659.3750 18.7891 0.9414 0.2305
459.3750 11.0547 0.9445 0.1055
609.3750 11.0547 0.9445 0.1055
459.3750 24.4141 0.9445 0.1055
459.3750 11.0547 0.9789 0.1055
459.3750 11.0547 0.9445 0.4180
609.3750 24.4141 0.9789 0.4180
659.3750 33.5547 0.9945 0.3555
409.3750 33.5547 0.9945 0.3555
659.3750 46.9141 0.9945 0.3555
659.3750 33.5547 0.9289 0.3555
659.3750 33.5547 0.9945 0.1680
409.3750 46.9141 0.9289 0.1680
559.3750 22.3047 0.9195 0.2305
309.3750 22.3047 0.9195 0.2305
559.3750 35.6641 0.9195 0.2305
559.3750 22.3047 0.9539 0.2305
559.3750 22.3047 0.9195 0.0430
309.3750 35.6641 0.9539 0.0430
359.3750 44.8047 0.9695 0.4805
509.3750 44.8047 0.9695 0.4805
359.3750 13.1641 0.9695 0.4805
359.3750 44.8047 0.9039 0.4805
359.3750 44.8047 0.9695 0.2930
509.3750 13.1641 0.9039 0.2930
384.3750 19.4922 0.9133 0.3242
384.3750 19.4922 0.9133 0.3242
384.3750 15.9766 0.9133 0.3242
384.3750 19.4922 0.9852 0.3242
384.3750 19.4922 0.9133 0.3867
384.3750 15.9766 0.9852 0.3867
584.3750 41.9922 0.9633 0.0742
584.3750 41.9922 0.9633 0.0742
584.3750 38.4766 0.9633 0.0742
584.3750 41.9922 0.9352 0.0742
584.3750 41.9922 0.9633 0.1367
584.3750 38.4766 0.9352 0.1367
684.3750 30.7422 0.9383 0.4492
684.3750 30.7422 0.9383 0.4492
684.3750 49.7266 0.9383 0.4492
684.3750 30.7422 0.9602 0.4492
684.3750 30.7422 0.9383 0.0117
684.3750 49.7266 0.9602 0.0117
484.3750 53.2422 0.9883 0.1992
484.3750 53.2422 0.9883 0.1992
484.3750 27.2266 0.9883 0.1992
484.3750 53.2422 0.9102 0.1992
484.3750 53.2422 0.9883 0.2617
484.3750 27.2266 0.9102 0.2617
434.3750 25.1172 0.9508 0.1367
434.3750 25.1172 0.9508 0.1367
434.3750 10.3516 0.9508 0.1367
434.3750 25.1172 0.9727 0.1367
434.3750 25.1172 0.9508 0.0742
434.3750 10.3516 0.9727 0.0742
634.3750 47.6172 0.9008 0.3867
634.3750 47.6172 0.9008 0.3867
634.3750 32.8516 0.9008 0.3867
634.3750 47.6172 0.9227 0.3867
634.3750 47.6172 0.9008 0.3242
634.3750 32.8516 0.9227 0.3242
534.3750 13.8672 0.9758 0.0117
534.3750 13.8672 0.9758 0.0117
534.3750 44.1016 0.9758 0.0117
534.3750 13.8672 0.9977 0.0117
534.3750 13.8672 0.9758 0.4492
534.3750 44.1016 0.9977 0.4492
334.3750 36.3672 0.9258 0.2617
334.3750 36.3672 0.9258 0.2617
334.3750 21.6016 0.9258 0.2617
334.3750 36.3672 0.9477 0.2617
334.3750 36.3672 0.9258 0.1992
334.3750 21.6016 0.9477 0.1992
346.8750 15.2734 0.9664 0.2461
671.8750 15.2734 0.9664 0.2461
346.8750 34.2578 0.9664 0.2461
346.8750 15.2734 0.9133 0.2461
346.8750 15.2734 0.9664 0.4648
671.8750 34.2578 0.9133 0.4648
546.8750 37.7734 0.9164 0.4961
471.8750 37.7734 0.9164 0.4961
546.8750 11.7578 0.9164 0.4961
546.8750 37.7734 0.9633 0.4961
546.8750 37.7734 0.9164 0.2148
471.8750 11.7578 0.9633 0.2148
646.8750 26.5234 0.9914 0.1211
371.8750 26.5234 0.9914 0.1211
646.8750 23.0078 0.9914 0.1211
646.8750 26.5234 0.9383 0.1211
646.8750 26.5234 0.9914 0.0898
371.8750 23.0078 0.9383 0.0898
446.8750 49.0234 0.9414 0.3711
571.8750 49.0234 0.9414 0.3711
446.8750 45.5078 0.9414 0.3711
446.8750 49.0234 0.9883 0.3711
446.8750 49.0234 0.9414 0.3398
571.8750 45.5078 0.9883 0.3398
496.8750 32.1484 0.9039 0.3086
521.8750 32.1484 0.9039 0.3086
496.8750 39.8828 0.9039 0.3086
496.8750 32.1484 0.9258 0.3086
496.8750 32.1484 0.9039 0.0273
521.8750 39.8828 0.9258 0.0273
696.8750 54.6484 0.9539 0.0586
321.8750 54.6484 0.9539 0.0586
696.8750 17.3828 0.9539 0.0586
696.8750 54.6484 0.9758 0.0586
696.8750 54.6484 0.9539 0.2773
321.8750 17.3828 0.9758 0.2773
596.8750 20.8984 0.9289 0.4336
421.8750 20.8984 0.9289 0.4336
596.8750 28.6328 0.9289 0.4336
596.8750 20.8984 0.9008 0.4336
596.8750 20.8984 0.9289 0.4023
421.8750 28.6328 0.9008 0.4023
396.8750 43.3984 0.9789 0.1836
621.8750 43.3984 0.9789 0.1836
396.8750 51.1328 0.9789 0.1836
396.8750 43.3984 0.9508 0.1836
396.8750 43.3984 0.9789 0.1523
621.8750 51.1328 0.9508 0.1523
371.8750 23.7109 0.9352 0.0273
496.8750 23.7109 0.9352 0.0273
371.8750 48.3203 0.9352 0.0273
371.8750 23.7109 0.9320 0.0273
371.8750 23.7109 0.9352 0.0586
496.8750 48.3203 0.9320 0.0586
571.8750 46.2109 0.9852 0.2773
696.8750 46.2109 0.9852 0.2773
571.8750 25.8203 0.9852 0.2773
571.8750 46.2109 0.9820 0.2773
571.8750 46.2109 0.9852 0.3086
696.8750 25.8203 0.9820 0.3086
671.8750 12.4609 0.9102 0.1523
596.8750 12.4609 0.9102 0.1523
671.8750 14.5703 0.9102 0.1523
671.8750 12.4609 0.9070 0.1523
671.8750 12.4609 0.9102 0.4336
596.8750 14.5703 0.9070 0.4336
471.8750 34.9609 0.9602 0.4023
396.8750 34.9609 0.9602 0.4023
471.8750 37.0703 0.9602 0.4023
471.8750 34.9609 0.9570 0.4023
471.8750 34.9609 0.9602 0.1836
396.8750 37.0703 0.9570 0.1836
421.8750 18.0859 0.9977 0.4648
346.8750 18.0859 0.9977 0.4648
421.8750 53.9453 0.9977 0.4648
421.8750 18.0859 0.9195 0.4648
421.8750 18.0859 0.9977 0.4961
346.8750 53.9453 0.9195 0.4961
621.8750 40.5859 0.9477 0.2148
546.8750 40.5859 0.9477 0.2148
621.8750 31.4453 0.9477 0.2148
621.8750 40.5859 0.9695 0.2148
621.8750 40.5859 0.9477 0.2461
546.8750 31.4453 0.9695 0.2461
521.8750 29.3359 0.9727 0.3398
646.8750 29.3359 0.9727 0.3398
521.8750 20.1953 0.9727 0.3398
521.8750 29.3359 0.9445 0.3398
521.8750 29.3359 0.9727 0.1211
646.8750 20.1953 0.9445 0.1211
321.8750 51.8359 0.9227 0.0898
446.8750 51.8359 0.9227 0.0898
321.8750 42.6953 0.9227 0.0898
321.8750 51.8359 0.9945 0.0898
321.8750 51.8359 0.9227 0.3711
446.8750 42.6953 0.9945 0.3711
315.6250 15.9766 0.9398 0.1758
503.1250 15.9766 0.9398 0.1758
315.6250 37.7734 0.9398 0.1758
315.6250 15.9766 0.9398 0.1758
315.6250 15.9766 0.9398 0.3008
503.1250 37.7734 0.9398 0.3008
515.6250 38.4766 0.9898 0.4258
303.1250 38.4766 0.9898 0.4258
515.6250 15.2734 0.9898 0.4258
515.6250 38.4766 0.9898 0.4258
515.6250 38.4766 0.9898 0.0508
303.1250 15.2734 0.9898 0.0508
615.6250 27.2266 0.9148 0.0508
403.1250 27.2266 0.9148 0.0508
615.6250 26.5234 0.9148 0.0508
615.6250 27.2266 0.9148 0.0508
615.6250 27.2266 0.9148 0.1758
403.1250 26.5234 0.9148 0.1758
415.6250 49.7266 0.9648 0.3008
603.1250 49.7266 0.9648 0.3008
415.6250 49.0234 0.9648 0.3008
415.6250 49.7266 0.9648 0.3008
415.6250 49.7266 0.9648 0.4258
603.1250 49.0234 0.9648 0.4258
465.6250 21.6016 0.9773 0.3633
653.1250 21.6016 0.9773 0.3633
465.6250 43.3984 0.9773 0.3633
465.6250 21.6016 0.9023 0.3633
465.6250 21.6016 0.9773 0.2383
653.1250 43.3984 0.9023 0.2383
665.6250 44.1016 0.9273 0.1133
453.1250 44.1016 0.9273 0.1133
665.6250 20.8984 0.9273 0.1133
665.6250 44.1016 0.9523 0.1133
665.6250 44.1016 0.9273 0.4883
453.1250 20.8984 0.9523 0.4883
565.6250 10.3516 0.9523 0.4883
353.1250 10.3516 0.9523 0.4883
565.6250 32.1484 0.9523 0.4883
565.6250 10.3516 0.9273 0.4883
565.6250 10.3516 0.9523 0.3633
353.1250 32.1484 0.9273 0.3633
365.6250 32.8516 0.9023 0.2383
553.1250 32.8516 0.9023 0.2383
365.6250 54.6484 0.9023 0.2383
365.6250 32.8516 0.9773 0.2383
365.6250 32.8516 0.9023 0.1133
553.1250 54.6484 0.9773 0.1133
390.6250 30.0391 0.9586 0.0820
328.1250 30.0391 0.9586 0.0820
390.6250 46.2109 0.9586 0.0820
390.6250 30.0391 0.9086 0.0820
390.6250 30.0391 0.9586 0.2070
328.1250 46.2109 0.9086 0.2070
590.6250 52.5391 0.9086 0.3320
528.1250 52.5391 0.9086 0.3320
590.6250 23.7109 0.9086 0.3320
590.6250 52.5391 0.9586 0.3320
590.6250 52.5391 0.9086 0.4570
528.1250 23.7109 0.9586 0.4570
690.6250 18.7891 0.9836 0.2070
628.1250 18.7891 0.9836 0.2070
690.6250 12.4609 0.9836 0.2070
690.6250 18.7891 0.9336 0.2070
690.6250 18.7891 0.9836 0.3320
628.1250 12.4609 0.9336 0.3320
490.6250 41.2891 0.9336 0.4570
428.1250 41.2891 0.9336 0.4570
490.6250 34.9609 0.9336 0.4570
490.6250 41.2891 0.9836 0.4570
490.6250 41.2891 0.9336 0.0820
428.1250 34.9609 0.9836 0.0820
440.6250 13.1641 0.9211 0.3945
478.1250 13.1641 0.9211 0.3945
440.6250 51.8359 0.9211 0.3945
440.6250 13.1641 0.9461 0.3945
440.6250 13.1641 0.9211 0.2695
478.1250 51.8359 0.9461 0.2695
640.6250 35.6641 0.9711 0.1445
678.1250 35.6641 0.9711 0.1445
640.6250 29.3359 0.9711 0.1445
640.6250 35.6641 0.9961 0.1445
640.6250 35.6641 0.9711 0.0195
678.1250 29.3359 0.9961 0.0195
540.6250 24.4141 0.9461 0.2695
578.1250 24.4141 0.9461 0.2695
540.6250 18.0859 0.9461 0.2695
540.6250 24.4141 0.9211 0.2695
540.6250 24.4141 0.9461 0.1445
578.1250 18.0859 0.9211 0.1445
340.6250 46.9141 0.9961 0.0195
378.1250 46.9141 0.9961 0.0195
340.6250 40.5859 0.9961 0.0195
340.6250 46.9141 0.9711 0.0195
340.6250 46.9141 0.9961 0.3945
378.1250 40.5859 0.9711 0.3945
328.1250 25.8203 0.9117 0.4727
615.6250 25.8203 0.9117 0.4727
328.1250 27.9297 0.9117 0.4727
328.1250 25.8203 0.9930 0.4727
328.1250 25.8203 0.9117 0.1289
615.6250 27.9297 0.9930 0.1289
528.1250 48.3203 0.9617 0.2227
415.6250 48.3203 0.9617 0.2227
528.1250 50.4297 0.9617 0.2227
528.1250 48.3203 0.9430 0.2227
528.1250 48.3203 0.9617 0.3789
415.6250 50.4297 0.9430 0.3789
628.1250 14.5703 0.9367 0.3477
315.6250 14.5703 0.9367 0.3477
628.1250 39.1797 0.9367 0.3477
628.1250 14.5703 0.9680 0.3477
628.1250 14.5703 0.9367 0.2539
315.6250 39.1797 0.9680 0.2539
428.1250 37.0703 0.9867 0.0977
515.6250 37.0703 0.9867 0.0977
428.1250 16.6797 0.9867 0.0977
428.1250 37.0703 0.9180 0.0977
428.1250 37.0703 0.9867 0.0039
515.6250 16.6797 0.9180 0.0039
478.1250 20.1953 0.9742 0.0352
565.6250 20.1953 0.9742 0.0352
478.1250 22.3047 0.9742 0.0352
478.1250 20.1953 0.9555 0.0352
478.1250 20.1953 0.9742 0.3164
565.6250 22.3047 0.9555 0.3164
678.1250 42.6953 0.9242 0.2852
365.6250 42.6953 0.9242 0.2852
678.1250 44.8047 0.9242 0.2852
678.1250 42.6953 0.9055 0.2852
678.1250 42.6953 0.9242 0.0664
365.6250 44.8047 0.9055 0.0664
578.1250 31.4453 0.9992 0.1602
465.6250 31.4453 0.9992 0.1602
578.1250 33.5547 0.9992 0.1602
578.1250 31.4453 0.9805 0.1602
578.1250 31.4453 0.9992 0.1914
465.6250 33.5547 0.9805 0.1914
378.1250 53.9453 0.9492 0.4102
665.6250 53.9453 0.9492 0.4102
378.1250 11.0547 0.9492 0.4102
378.1250 53.9453 0.9305 0.4102
378.1250 53.9453 0.9492 0.4414
665.6250 11.0547 0.9305 0.4414
353.1250 11.7578 0.9930 0.2539
440.6250 11.7578 0.9930 0.2539
353.1250 19.4922 0.9930 0.2539
353.1250 11.7578 0.9617 0.2539
353.1250 11.7578 0.9930 0.3477
440.6250 19.4922 0.9617 0.3477
553.1250 34.2578 0.9430 0.0039
640.6250 34.2578 0.9430 0.0039
553.1250 41.9922 0.9430 0.0039
553.1250 34.2578 0.9117 0.0039
553.1250 34.2578 0.9430 0.0977
640.6250 41.9922 0.9117 0.0977
653.1250 23.0078 0.9680 0.3789
540.6250 23.0078 0.9680 0.3789
653.1250 53.2422 0.9680 0.3789
653.1250 23.0078 0.9867 0.3789
653.1250 23.0078 0.9680 0.2227
540.6250 53.2422 0.9867 0.2227
453.1250 45.5078 0.9180 0.1289
340.6250 45.5078 0.9180 0.1289
453.1250 30.7422 0.9180 0.1289
453.1250 45.5078 0.9367 0.1289
453.1250 45.5078 0.9180 0.4727
340.6250 30.7422 0.9367 0.4727
403.1250 28.6328 0.9305 0.1914
390.6250 28.6328 0.9305 0.1914
403.1250 13.8672 0.9305 0.1914
403.1250 28.6328 0.9992 0.1914
403.1250 28.6328 0.9305 0.1602
390.6250 13.8672 0.9992 0.1602
603.1250 51.1328 0.9805 0.4414
590.6250 51.1328 0.9805 0.4414
603.1250 36.3672 0.9805 0.4414
603.1250 51.1328 0.9492 0.4414
603.1250 51.1328 0.9805 0.4102
590.6250 36.3672 0.9492 0.4102
503.1250 17.3828 0.9055 0.0664
690.6250 17.3828 0.9055 0.0664
503.1250 47.6172 0.9055 0.0664
503.1250 17.3828 0.9742 0.0664
503.1250 17.3828 0.9055 0.2852
690.6250 47.6172 0.9742 0.2852
303.1250 39.8828 0.9555 0.3164
490.6250 39.8828 0.9555 0.3164
303.1250 25.1172 0.9555 0.3164
303.1250 39.8828 0.9242 0.3164
303.1250 39.8828 0.9555 0.0352
490.6250 25.1172 0.9242 0.0352
304.6875 24.9414 0.9293 0.0957
660.9375 24.9414 0.9293 0.0957
304.6875 40.4102 0.9293 0.0957
304.6875 24.9414 0.9863 0.0957
304.6875 24.9414 0.9293 0.1230
660.9375 40.4102 0.9863 0.1230
504.6875 47.4414 0.9793 0.3457
460.9375 47.4414 0.9793 0.3457
504.6875 17.9102 0.9793 0.3457
504.6875 47.4414 0.9363 0.3457
504.6875 47.4414 0.9793 0.3730
460.9375 17.9102 0.9363 0.3730
604.6875 13.6914 0.9043 0.2207
360.9375 13.6914 0.9043 0.2207
604.6875 29.1602 0.9043 0.2207
604.6875 13.6914 0.9613 0.2207
604.6875 13.6914 0.9043 0.4980
360.9375 29.1602 0.9613 0.4980
404.6875 36.1914 0.9543 0.4707
560.9375 36.1914 0.9543 0.4707
404.6875 51.6602 0.9543 0.4707
404.6875 36.1914 0.9113 0.4707
404.6875 36.1914 0.9543 0.2480
560.9375 51.6602 0.9113 0.2480
454.6875 19.3164 0.9918 0.4082
510.9375 19.3164 0.9918 0.4082
454.6875 34.7852 0.9918 0.4082
454.6875 19.3164 0.9738 0.4082
454.6875 19.3164 0.9918 0.4355
510.9375 34.7852 0.9738 0.4355
654.6875 41.8164 0.9418 0.1582
310.9375 41.8164 0.9418 0.1582
654.6875 12.2852 0.9418 0.1582
654.6875 41.8164 0.9238 0.1582
654.6875 41.8164 0.9418 0.1855
310.9375 12.2852 0.9238 0.1855
554.6875 30.5664 0.9668 0.2832
410.9375 30.5664 0.9668 0.2832
554.6875 23.5352 0.9668 0.2832
554.6875 30.5664 0.9988 0.2832
554.6875 30.5664 0.9668 0.0605
410.9375 23.5352 0.9988 0.0605
354.6875 53.0664 0.9168 0.0332
610.9375 53.0664 0.9168 0.0332
354.6875 46.0352 0.9168 0.0332
354.6875 53.0664 0.9488 0.0332
354.6875 53.0664 0.9168 0.3105
610.9375 46.0352 0.9488 0.3105
379.6875 10.8789 0.9730 0.1270
485.9375 10.8789 0.9730 0.1270
379.6875 54.4727 0.9730 0.1270
379.6875 10.8789 0.9676 0.1270
379.6875 10.8789 0.9730 0.4043
485.9375 54.4727 0.9676 0.4043
579.6875 33.3789 0.9230 0.3770
685.9375 33.3789 0.9230 0.3770
579.6875 31.9727 0.9230 0.3770
579.6875 33.3789 0.9176 0.3770
579.6875 33.3789 0.9230 0.1543
685.9375 31.9727 0.9176 0.1543
679.6875 22.1289 0.9980 0.0020
585.9375 22.1289 0.9980 0.0020
679.6875 20.7227 0.9980 0.0020
679.6875 22.1289 0.9926 0.0020
679.6875 22.1289 0.9980 0.0293
585.9375 20.7227 0.9926 0.0293
479.6875 44.6289 0.9480 0.2520
385.9375 44.6289 0.9480 0.2520
479.6875 43.2227 0.9480 0.2520
479.6875 44.6289 0.9426 0.2520
479.6875 44.6289 0.9480 0.2793
385.9375 43.2227 0.9426 0.2793
429.6875 27.7539 0.9105 0.3145
335.9375 27.7539 0.9105 0.3145
429.6875 48.8477 0.9105 0.3145
429.6875 27.7539 0.9801 0.3145
429.6875 27.7539 0.9105 0.0918
335.9375 48.8477 0.9801 0.0918
629.6875 50.2539 0.9605 0.0645
535.9375 50.2539 0.9605 0.0645
629.6875 26.3477 0.9605 0.0645
629.6875 50.2539 0.9301 0.0645
629.6875 50.2539 0.9605 0.3418
535.9375 26.3477 0.9301 0.3418
529.6875 16.5039 0.9355 0.4395
635.9375 16.5039 0.9355 0.4395
529.6875 15.0977 0.9355 0.4395
529.6875 16.5039 0.9551 0.4395
529.6875 16.5039 0.9355 0.4668
635.9375 15.0977 0.9551 0.4668
329.6875 39.0039 0.9855 0.1895
435.9375 39.0039 0.9855 0.1895
329.6875 37.5977 0.9855 0.1895
329.6875 39.0039 0.9051 0.1895
329.6875 39.0039 0.9855 0.2168
435.9375 37.5977 0.9051 0.2168
342.1875 17.9102 0.9199 0.2988
573.4375 17.9102 0.9199 0.2988
342.1875 24.9414 0.9199 0.2988
342.1875 17.9102 0.9332 0.2988
342.1875 17.9102 0.9199 0.4512
573.4375 24.9414 0.9332 0.4512
542.1875 40.4102 0.9699 0.0488
373.4375 40.4102 0.9699 0.0488
542.1875 47.4414 0.9699 0.0488
542.1875 40.4102 0.9832 0.0488
542.1875 40.4102 0.9699 0.2012
373.4375 47.4414 0.9832 0.2012
642.1875 29.1602 0.9449 0.4238
473.4375 29.1602 0.9449 0.4238
642.1875 36.1914 0.9449 0.4238
642.1875 29.1602 0.9082 0.4238
642.1875 29.1602 0.9449 0.0762
473.4375 36.1914 0.9082 0.0762
442.1875 51.6602 0.9949 0.1738
673.4375 51.6602 0.9949 0.1738
442.1875 13.6914 0.9949 0.1738
442.1875 51.6602 0.9582 0.1738
442.1875 51.6602 0.9949 0.3262
673.4375 13.6914 0.9582 0.3262
492.1875 23.5352 0.9574 0.2363
623.4375 23.5352 0.9574 0.2363
492.1875 30.5664 0.9574 0.2363
492.1875 23.5352 0.9207 0.2363
492.1875 23.5352 0.9574 0.0137
623.4375 30.5664 0.9207 0.0137
692.1875 46.0352 0.9074 0.4863
423.4375 46.0352 0.9074 0.4863
692.1875 53.0664 0.9074 0.4863
692.1875 46.0352 0.9707 0.4863
692.1875 46.0352 0.9074 0.2637
423.4375 53.0664 0.9707 0.2637
592.1875 12.2852 0.9824 0.1113
323.4375 12.2852 0.9824 0.1113
592.1875 41.8164 0.9824 0.1113
592.1875 12.2852 0.9457 0.1113
592.1875 12.2852 0.9824 0.3887
323.4375 41.8164 0.9457 0.3887
392.1875 34.7852 0.9324 0.3613
523.4375 34.7852 0.9324 0.3613
392.1875 19.3164 0.9324 0.3613
392.1875 34.7852 0.9957 0.3613
392.1875 34.7852 0.9324 0.1387
523.4375 19.3164 0.9957 0.1387
367.1875 31.9727 0.9762 0.4551
398.4375 31.9727 0.9762 0.4551
367.1875 10.8789 0.9762 0.4551
367.1875 31.9727 0.9145 0.4551
367.1875 31.9727 0.9762 0.0449
398.4375 10.8789 0.9145 0.0449
567.1875 54.4727 0.9262 0.2051
598.4375 54.4727 0.9262 0.2051
567.1875 33.3789 0.9262 0.2051
567.1875 54.4727 0.9645 0.2051
567.1875 54.4727 0.9262 0.2949
598.4375 33.3789 0.9645 0.2949
667.1875 20.7227 0.9512 0.3301
698.4375 20.7227 0.9512 0.3301
667.1875 44.6289 0.9512 0.3301
667.1875 20.7227 0.9395 0.3301
667.1875 20.7227 0.9512 0.4199
698.4375 44.6289 0.9395 0.4199
467.1875 43.2227 0.9012 0.0801
498.4375 43.2227 0.9012 0.0801
467.1875 22.1289 0.9012 0.0801
467.1875 43.2227 0.9895 0.0801
467.1875 43.2227 0.9012 0.1699
498.4375 22.1289 0.9895 0.1699
417.1875 15.0977 0.9387 0.0176
448.4375 15.0977 0.9387 0.0176
417.1875 16.5039 0.9387 0.0176
417.1875 15.0977 0.9270 0.0176
417.1875 15.0977 0.9387 0.4824
448.4375 16.5039 0.9270 0.4824
617.1875 37.5977 0.9887 0.2676
648.4375 37.5977 0.9887 0.2676
617.1875 39.0039 0.9887 0.2676
617.1875 37.5977 0.9770 0.2676
617.1875 37.5977 0.9887 0.2324
648.4375 39.0039 0.9770 0.2324
517.1875 26.3477 0.9137 0.1426
548.4375 26.3477 0.9137 0.1426
517.1875 50.2539 0.9137 0.1426
517.1875 26.3477 0.9020 0.1426
517.1875 26.3477 0.9137 0.1074
548.4375 50.2539 0.9020 0.1074
317.1875 48.8477 0.9637 0.3926
348.4375 48.8477 0.9637 0.3926
317.1875 27.7539 0.9637 0.3926
317.1875 48.8477 0.9520 0.3926
317.1875 48.8477 0.9637 0.3574
348.4375 27.7539 0.9520 0.3574
323.4375 12.9883 0.9996 0.3691
604.6875 12.9883 0.9996 0.3691
323.4375 21.4258 0.9996 0.3691
323.4375 12.9883 0.9066 0.3691
323.4375 12.9883 0.9996 0.2871
604.6875 21.4258 0.9066 0.2871
523.4375 35.4883 0.9496 0.1191
404.6875 35.4883 0.9496 0.1191
523.4375 43.9258 0.9496 0.1191
523.4375 35.4883 0.9566 0.1191
523.4375 35.4883 0.9496 0.0371
404.6875 43.9258 0.9566 0.0371
623.4375 24.2383 0.9746 0.4941
304.6875 24.2383 0.9746 0.4941
623.4375 32.6758 0.9746 0.4941
623.4375 24.2383 0.9316 0.4941
623.4375 24.2383 0.9746 0.1621
304.6875 32.6758 0.9316 0.1621
423.4375 46.7383 0.9246 0.2441
504.6875 46.7383 0.9246 0.2441
423.4375 10.1758 0.9246 0.2441
423.4375 46.7383 0.9816 0.2441
423.4375 46.7383 0.9246 0.4121
504.6875 10.1758 0.9816 0.4121
473.4375 29.8633 0.9371 0.1816
554.6875 29.8633 0.9371 0.1816
473.4375 27.0508 0.9371 0.1816
473.4375 29.8633 0.9441 0.1816
473.4375 29.8633 0.9371 0.2246
554.6875 27.0508 0.9441 0.2246
673.4375 52.3633 0.9871 0.4316
354.6875 52.3633 0.9871 0.4316
673.4375 49.5508 0.9871 0.4316
673.4375 52.3633 0.9941 0.4316
673.4375 52.3633 0.9871 0.4746
354.6875 49.5508 0.9941 0.4746
573.4375 18.6133 0.9121 0.0566
454.6875 18.6133 0.9121 0.0566
573.4375 38.3008 0.9121 0.0566
573.4375 18.6133 0.9191 0.0566
573.4375 18.6133 0.9121 0.3496
454.6875 38.3008 0.9191 0.3496
373.4375 41.1133 0.9621 0.3066
654.6875 41.1133 0.9621 0.3066
373.4375 15.8008 0.9621 0.3066
373.4375 41.1133 0.9691 0.3066
373.4375 41.1133 0.9621 0.0996
654.6875 15.8008 0.9691 0.0996
398.4375 21.4258 0.9059 0.4004
429.6875 21.4258 0.9059 0.4004
398.4375 12.9883 0.9059 0.4004
398.4375 21.4258 0.9379 0.4004
398.4375 21.4258 0.9059 0.1934
429.6875 12.9883 0.9379 0.1934
598.4375 43.9258 0.9559 0.1504
629.6875 43.9258 0.9559 0.1504
598.4375 35.4883 0.9559 0.1504
598.4375 43.9258 0.9879 0.1504
598.4375 43.9258 0.9559 0.4434
629.6875 35.4883 0.9879 0.4434
698.4375 10.1758 0.9309 0.2754
529.6875 10.1758 0.9309 0.2754
698.4375 46.7383 0.9309 0.2754
698.4375 10.1758 0.9129 0.2754
698.4375 10.1758 0.9309 0.3184
529.6875 46.7383 0.9129 0.3184
498.4375 32.6758 0.9809 0.0254
329.6875 32.6758 0.9809 0.0254
498.4375 24.2383 0.9809 0.0254
498.4375 32.6758 0.9629 0.0254
498.4375 32.6758 0.9809 0.0684
329.6875 24.2383 0.9629 0.0684
448.4375 15.8008 0.9684 0.0879
379.6875 15.8008 0.9684 0.0879
448.4375 18.6133 0.9684 0.0879
448.4375 15.8008 0.9004 0.0879
448.4375 15.8008 0.9684 0.2559
379.6875 18.6133 0.9004 0.2559
648.4375 38.3008 0.9184 0.3379
579.6875 38.3008 0.9184 0.3379
648.4375 41.1133 0.9184 0.3379
648.4375 38.3008 0.9504 0.3379
648.4375 38.3008 0.9184 0.0059
579.6875 41.1133 0.9504 0.0059
548.4375 27.0508 0.9934 0.2129
679.6875 27.0508 0.9934 0.2129
548.4375 52.3633 0.9934 0.2129
548.4375 27.0508 0.9254 0.2129
548.4375 27.0508 0.9934 0.1309
679.6875 52.3633 0.9254 0.1309
348.4375 49.5508 0.9434 0.4629
479.6875 49.5508 0.9434 0.4629
348.4375 29.8633 0.9434 0.4629
348.4375 49.5508 0.9754 0.4629
348.4375 49.5508 0.9434 0.3809
479.6875 29.8633 0.9754 0.3809
335.9375 28.4570 0.9527 0.0410
517.1875 28.4570 0.9527 0.0410
335.9375 42.5195 0.9527 0.0410
335.9375 28.4570 0.9598 0.0410
335.9375 28.4570 0.9527 0.1465
517.1875 42.5195 0.9598 0.1465
535.9375 50.9570 0.9027 0.2910
317.1875 50.9570 0.9027 0.2910
535.9375 20.0195 0.9027 0.2910
535.9375 50.9570 0.9098 0.2910
535.9375 50.9570 0.9027 0.3965
317.1875 20.0195 0.9098 0.3965
635.9375 17.2070 0.9777 0.1660
417.1875 17.2070 0.9777 0.1660
635.9375 31.2695 0.9777 0.1660
635.9375 17.2070 0.9848 0.1660
635.9375 17.2070 0.9777 0.2715
417.1875 31.2695 0.9848 0.2715
435.9375 39.7070 0.9277 0.4160
617.1875 39.7070 0.9277 0.4160
435.9375 53.7695 0.9277 0.4160
435.9375 39.7070 0.9348 0.4160
435.9375 39.7070 0.9277 0.0215
617.1875 53.7695 0.9348 0.0215
485.9375 11.5820 0.9152 0.4785
667.1875 11.5820 0.9152 0.4785
485.9375 36.8945 0.9152 0.4785
485.9375 11.5820 0.9973 0.4785
485.9375 11.5820 0.9152 0.3340
667.1875 36.8945 0.9973 0.3340
685.9375 34.0820 0.9652 0.2285
467.1875 34.0820 0.9652 0.2285
685.9375 14.3945 0.9652 0.2285
685.9375 34.0820 0.9473 0.2285
685.9375 34.0820 0.9652 0.0840
467.1875 14.3945 0.9473 0.0840
585.9375 22.8320 0.9402 0.3535
367.1875 22.8320 0.9402 0.3535
585.9375 25.6445 0.9402 0.3535
585.9375 22.8320 0.9723 0.3535
585.9375 22.8320 0.9402 0.2090
367.1875 25.6445 0.9723 0.2090
385.9375 45.3320 0.9902 0.1035
567.1875 45.3320 0.9902 0.1035
385.9375 48.1445 0.9902 0.1035
385.9375 45.3320 0.9223 0.1035
385.9375 45.3320 0.9902 0.4590
567.1875 48.1445 0.9223 0.4590
360.9375 20.0195 0.9465 0.1973
342.1875 20.0195 0.9465 0.1973
360.9375 50.9570 0.9465 0.1973
360.9375 20.0195 0.9910 0.1973
360.9375 20.0195 0.9465 0.3652
342.1875 50.9570 0.9910 0.3652
560.9375 42.5195 0.9965 0.4473
542.1875 42.5195 0.9965 0.4473
560.9375 28.4570 0.9965 0.4473
560.9375 42.5195 0.9410 0.4473
560.9375 42.5195 0.9965 0.1152
542.1875 28.4570 0.9410 0.1152
660.9375 31.2695 0.9215 0.0723
642.1875 31.2695 0.9215 0.0723
660.9375 17.2070 0.9215 0.0723
660.9375 31.2695 0.9660 0.0723
660.9375 31.2695 0.9215 0.2402
642.1875 17.2070 0.9660 0.2402
460.9375 53.7695 0.9715 0.3223
442.1875 53.7695 0.9715 0.3223
460.9375 39.7070 0.9715 0.3223
460.9375 53.7695 0.9160 0.3223
460.9375 53.7695 0.9715 0.4902
442.1875 39.7070 0.9160 0.4902
410.9375 25.6445 0.9840 0.2598
492.1875 25.6445 0.9840 0.2598
410.9375 45.3320 0.9840 0.2598
410.9375 25.6445 0.9535 0.2598
410.9375 25.6445 0.9840 0.1777
492.1875 45.3320 0.9535 0.1777
610.9375 48.1445 0.9340 0.0098
692.1875 48.1445 0.9340 0.0098
610.9375 22.8320 0.9340 0.0098
610.9375 48.1445 0.9035 0.0098
610.9375 48.1445 0.9340 0.4277
692.1875 22.8320 0.9035 0.4277
510.9375 14.3945 0.9590 0.3848
592.1875 14.3945 0.9590 0.3848
510.9375 11.5820 0.9590 0.3848
510.9375 14.3945 0.9785 0.3848
510.9375 14.3945 0.9590 0.3027
592.1875 11.5820 0.9785 0.3027
310.9375 36.8945 0.9090 0.1348
392.1875 36.8945 0.9090 0.1348
310.9375 34.0820 0.9090 0.1348
310.9375 36.8945 0.9285 0.1348
310.9375 36.8945 0.9090 0.0527
392.1875 34.0820 0.9285 0.0527
307.8125 18.9648 0.9598 0.4512
401.5625 18.9648 0.9598 0.4512
307.8125 49.1992 0.9598 0.4512
307.8125 18.9648 0.9465 0.4512
307.8125 18.9648 0.9598 0.0176
401.5625 49.1992 0.9465 0.0176
507.8125 41.4648 0.9098 0.2012
601.5625 41.4648 0.9098 0.2012
507.8125 26.6992 0.9098 0.2012
507.8125 41.4648 0.9965 0.2012
507.8125 41.4648 0.9098 0.2676
601.5625 26.6992 0.9965 0.2676
607.8125 30.2148 0.9848 0.3262
501.5625 30.2148 0.9848 0.3262
607.8125 15.4492 0.9848 0.3262
607.8125 30.2148 0.9215 0.3262
607.8125 30.2148 0.9848 0.3926
501.5625 15.4492 0.9215 0.3926
407.8125 52.7148 0.9348 0.0762
301.5625 52.7148 0.9348 0.0762
407.8125 37.9492 0.9348 0.0762
407.8125 52.7148 0.9715 0.0762
407.8125 52.7148 0.9348 0.1426
301.5625 37.9492 0.9715 0.1426
457.8125 24.5898 0.9223 0.0137
351.5625 24.5898 0.9223 0.0137
457.8125 54.8242 0.9223 0.0137
457.8125 24.5898 0.9090 0.0137
457.8125 24.5898 0.9223 0.4551
351.5625 54.8242 0.9090 0.4551
657.8125 47.0898 0.9723 0.2637
551.5625 47.0898 0.9723 0.2637
657.8125 32.3242 0.9723 0.2637
657.8125 47.0898 0.9590 0.2637
657.8125 47.0898 0.9723 0.2051
551.5625 32.3242 0.9590 0.2051
557.8125 13.3398 0.9473 0.1387
651.5625 13.3398 0.9473 0.1387
557.8125 21.0742 0.9473 0.1387
557.8125 13.3398 0.9340 0.1387
557.8125 13.3398 0.9473 0.0801
651.5625 21.0742 0.9340 0.0801
357.8125 35.8398 0.9973 0.3887
451.5625 35.8398 0.9973 0.3887
357.8125 43.5742 0.9973 0.3887
357.8125 35.8398 0.9840 0.3887
357.8125 35.8398 0.9973 0.3301
451.5625 43.5742 0.9840 0.3301
382.8125 27.4023 0.9410 0.2949
626.5625 27.4023 0.9410 0.2949
382.8125 35.1367 0.9410 0.2949
382.8125 27.4023 0.9027 0.2949
382.8125 27.4023 0.9410 0.4863
626.5625 35.1367 0.9027 0.4863
582.8125 49.9023 0.9910 0.0449
426.5625 49.9023 0.9910 0.0449
582.8125 12.6367 0.9910 0.0449
582.8125 49.9023 0.9527 0.0449
582.8125 49.9023 0.9910 0.2363
426.5625 12.6367 0.9527 0.2363
682.8125 16.1523 0.9160 0.4199
326.5625 16.1523 0.9160 0.4199
682.8125 23.8867 0.9160 0.4199
682.8125 16.1523 0.9277 0.4199
682.8125 16.1523 0.9160 0.1113
326.5625 23.8867 0.9277 0.1113
482.8125 38.6523 0.9660 0.1699
526.5625 38.6523 0.9660 0.1699
482.8125 46.3867 0.9660 0.1699
482.8125 38.6523 0.9777 0.1699
482.8125 38.6523 0.9660 0.3613
526.5625 46.3867 0.9777 0.3613
432.8125 10.5273 0.9785 0.2324
576.5625 10.5273 0.9785 0.2324
432.8125 40.7617 0.9785 0.2324
432.8125 10.5273 0.9402 0.2324
432.8125 10.5273 0.9785 0.0488
576.5625 40.7617 0.9402 0.0488
632.8125 33.0273 0.9285 0.4824
376.5625 33.0273 0.9285 0.4824
632.8125 18.2617 0.9285 0.4824
632.8125 33.0273 0.9902 0.4824
632.8125 33.0273 0.9285 0.2988
376.5625 18.2617 0.9902 0.2988
532.8125 21.7773 0.9535 0.1074
476.5625 21.7773 0.9535 0.1074
532.8125 29.5117 0.9535 0.1074
532.8125 21.7773 0.9152 0.1074
532.8125 21.7773 0.9535 0.4238
476.5625 29.5117 0.9152 0.4238
332.8125 44.2773 0.9035 0.3574
676.5625 44.2773 0.9035 0.3574
332.8125 52.0117 0.9035 0.3574
332.8125 44.2773 0.9652 0.3574
332.8125 44.2773 0.9035 0.1738
676.5625 52.0117 0.9652 0.1738
345.3125 23.1836 0.9879 0.1543
314.0625 23.1836 0.9879 0.1543
345.3125 16.8555 0.9879 0.1543
345.3125 23.1836 0.9996 0.1543
345.3125 23.1836 0.9879 0.4082
314.0625 16.8555 0.9996 0.4082
545.3125 45.6836 0.9379 0.4043
514.0625 45.6836 0.9379 0.4043
545.3125 39.3555 0.9379 0.4043
545.3125 45.6836 0.9496 0.4043
545.3125 45.6836 0.9379 0.1582
514.0625 39.3555 0.9496 0.1582
645.3125 11.9336 0.9629 0.0293
614.0625 11.9336 0.9629 0.0293
645.3125 50.6055 0.9629 0.0293
645.3125 11.9336 0.9746 0.0293
645.3125 11.9336 0.9629 0.0332
614.0625 50.6055 0.9746 0.0332
445.3125 34.4336 0.9129 0.2793
414.0625 34.4336 0.9129 0.2793
445.3125 28.1055 0.9129 0.2793
445.3125 34.4336 0.9246 0.2793
445.3125 34.4336 0.9129 0.2832
414.0625 28.1055 0.9246 0.2832
495.3125 17.5586 0.9254 0.3418
464.0625 17.5586 0.9254 0.3418
495.3125 11.2305 0.9254 0.3418
495.3125 17.5586 0.9621 0.3418
495.3125 17.5586 0.9254 0.0957
464.0625 11.2305 0.9621 0.0957
695.3125 40.0586 0.9754 0.0918
664.0625 40.0586 0.9754 0.0918
695.3125 33.7305 0.9754 0.0918
695.3125 40.0586 0.9121 0.0918
695.3125 40.0586 0.9754 0.3457
664.0625 33.7305 0.9121 0.3457
595.3125 28.8086 0.9004 0.4668
564.0625 28.8086 0.9004 0.4668
595.3125 44.9805 0.9004 0.4668
595.3125 28.8086 0.9871 0.4668
595.3125 28.8086 0.9004 0.4707
564.0625 44.9805 0.9871 0.4707
395.3125 51.3086 0.9504 0.2168
364.0625 51.3086 0.9504 0.2168
395.3125 22.4805 0.9504 0.2168
395.3125 51.3086 0.9371 0.2168
395.3125 51.3086 0.9504 0.2207
364.0625 22.4805 0.9371 0.2207
370.3125 14.7461 0.9066 0.1230
539.0625 14.7461 0.9066 0.1230
370.3125 30.9180 0.9066 0.1230
370.3125 14.7461 0.9559 0.1230
370.3125 14.7461 0.9066 0.0645
539.0625 30.9180 0.9559 0.0645
570.3125 37.2461 0.9566 0.3730
339.0625 37.2461 0.9566 0.3730
570.3125 53.4180 0.9566 0.3730
570.3125 37.2461 0.9059 0.3730
570.3125 37.2461 0.9566 0.3145
339.0625 53.4180 0.9059 0.3145
670.3125 25.9961 0.9316 0.2480
439.0625 25.9961 0.9316 0.2480
670.3125 42.1680 0.9316 0.2480
670.3125 25.9961 0.9809 0.2480
670.3125 25.9961 0.9316 0.4395
439.0625 42.1680 0.9809 0.4395
470.3125 48.4961 0.9816 0.4980
639.0625 48.4961 0.9816 0.4980
470.3125 19.6680 0.9816 0.4980
470.3125 48.4961 0.9309 0.4980
470.3125 48.4961 0.9816 0.1895
639.0625 19.6680 0.9309 0.1895
420.3125 31.6211 0.9691 0.4355
689.0625 31.6211 0.9691 0.4355
420.3125 25.2930 0.9691 0.4355
420.3125 31.6211 0.9934 0.4355
420.3125 31.6211 0.9691 0.3770
689.0625 25.2930 0.9934 0.3770
620.3125 54.1211 0.9191 0.1855
489.0625 54.1211 0.9191 0.1855
620.3125 47.7930 0.9191 0.1855
620.3125 54.1211 0.9434 0.1855
620.3125 54.1211 0.9191 0.1270
489.0625 47.7930 0.9434 0.1270
520.3125 20.3711 0.9941 0.3105
389.0625 20.3711 0.9941 0.3105
520.3125 36.5430 0.9941 0.3105
520.3125 20.3711 0.9684 0.3105
520.3125 20.3711 0.9941 0.0020
389.0625 36.5430 0.9684 0.0020
320.3125 42.8711 0.9441 0.0605
589.0625 42.8711 0.9441 0.0605
320.3125 14.0430 0.9441 0.0605
320.3125 42.8711 0.9184 0.0605
320.3125 42.8711 0.9441 0.2520
589.0625 14.0430 0.9184 0.2520
314.0625 30.9180 0.9176 0.2090
457.8125 30.9180 0.9176 0.2090
314.0625 18.9648 0.9176 0.2090
314.0625 30.9180 0.9730 0.2090
314.0625 30.9180 0.9176 0.3223
457.8125 18.9648 0.9730 0.3223
514.0625 53.4180 0.9676 0.4590
657.8125 53.4180 0.9676 0.4590
514.0625 41.4648 0.9676 0.4590
514.0625 53.4180 0.9230 0.4590
514.0625 53.4180 0.9676 0.0723
657.8125 41.4648 0.9230 0.0723
614.0625 19.6680 0.9426 0.0840
557.8125 19.6680 0.9426 0.0840
614.0625 52.7148 0.9426 0.0840
614.0625 19.6680 0.9980 0.0840
614.0625 19.6680 0.9426 0.1973
557.8125 52.7148 0.9980 0.1973
414.0625 42.1680 0.9926 0.3340
357.8125 42.1680 0.9926 0.3340
414.0625 30.2148 0.9926 0.3340
414.0625 42.1680 0.9480 0.3340
414.0625 42.1680 0.9926 0.4473
357.8125 30.2148 0.9480 0.4473
464.0625 14.0430 0.9551 0.2715
307.8125 14.0430 0.9551 0.2715
464.0625 13.3398 0.9551 0.2715
464.0625 14.0430 0.9855 0.2715
464.0625 14.0430 0.9551 0.1348
307.8125 13.3398 0.9855 0.1348
664.0625 36.5430 0.9051 0.0215
507.8125 36.5430 0.9051 0.0215
664.0625 35.8398 0.9051 0.0215
664.0625 36.5430 0.9355 0.0215
664.0625 36.5430 0.9051 0.3848
507.8125 35.8398 0.9355 0.3848
564.0625 25.2930 0.9801 0.3965
607.8125 25.2930 0.9801 0.3965
564.0625 47.0898 0.9801 0.3965
564.0625 25.2930 0.9605 0.3965
564.0625 25.2930 0.9801 0.2598
607.8125 47.0898 0.9605 0.2598
364.0625 47.7930 0.9301 0.1465
407.8125 47.7930 0.9301 0.1465
364.0625 24.5898 0.9301 0.1465
364.0625 47.7930 0.9105 0.1465
364.0625 47.7930 0.9301 0.0098
407.8125 24.5898 0.9105 0.0098
389.0625 16.8555 0.9863 0.0527
682.8125 16.8555 0.9863 0.0527
389.0625 27.4023 0.9863 0.0527
389.0625 16.8555 0.9793 0.0527
389.0625 16.8555 0.9863 0.1660
682.8125 27.4023 0.9793 0.1660
589.0625 39.3555 0.9363 0.3027
482.8125 39.3555 0.9363 0.3027
589.0625 49.9023 0.9363 0.3027
589.0625 39.3555 0.9293 0.3027
589.0625 39.3555 0.9363 0.4160
482.8125 49.9023 0.9293 0.4160
689.0625 28.1055 0.9613 0.1777
382.8125 28.1055 0.9613 0.1777
689.0625 38.6523 0.9613 0.1777
689.0625 28.1055 0.9543 0.1777
689.0625 28.1055 0.9613 0.2910
382.8125 38.6523 0.9543 0.2910
489.0625 50.6055 0.9113 0.4277
582.8125 50.6055 0.9113 0.4277
489.0625 16.1523 0.9113 0.4277
489.0625 50.6055 0.9043 0.4277
489.0625 50.6055 0.9113 0.0410
582.8125 16.1523 0.9043 0.0410
439.0625 22.4805 0.9488 0.4902
532.8125 22.4805 0.9488 0.4902
439.0625 21.7773 0.9488 0.4902
439.0625 22.4805 0.9668 0.4902
439.0625 22.4805 0.9488 0.3535
532.8125 21.7773 0.9668 0.3535
639.0625 44.9805 0.9988 0.2402
332.8125 44.9805 0.9988 0.2402
639.0625 44.2773 0.9988 0.2402
639.0625 44.9805 0.9168 0.2402
639.0625 44.9805 0.9988 0.1035
332.8125 44.2773 0.9168 0.1035
539.0625 11.2305 0.9238 0.3652
432.8125 11.2305 0.9238 0.3652
539.0625 33.0273 0.9238 0.3652
539.0625 11.2305 0.9918 0.3652
539.0625 11.2305 0.9238 0.2285
432.8125 33.0273 0.9918 0.2285
339.0625 33.7305 0.9738 0.1152
632.8125 33.7305 0.9738 0.1152
339.0625 10.5273 0.9738 0.1152
339.0625 33.7305 0.9418 0.1152
339.0625 33.7305 0.9738 0.4785
632.8125 10.5273 0.9418 0.4785
326.5625 12.6367 0.9332 0.3809
370.3125 12.6367 0.9332 0.3809
326.5625 45.6836 0.9332 0.3809
326.5625 12.6367 0.9199 0.3809
326.5625 12.6367 0.9332 0.2441
370.3125 45.6836 0.9199 0.2441
526.5625 35.1367 0.9832 0.1309
570.3125 35.1367 0.9832 0.1309
526.5625 23.1836 0.9832 0.1309
526.5625 35.1367 0.9699 0.1309
526.5625 35.1367 0.9832 0.4941
570.3125 23.1836 0.9699 0.4941
626.5625 23.8867 0.9082 0.2559
670.3125 23.8867 0.9082 0.2559
626.5625 11.9336 0.9082 0.2559
626.5625 23.8867 0.9449 0.2559
626.5625 23.8867 0.9082 0.3691
670.3125 11.9336 0.9449 0.3691
426.5625 46.3867 0.9582 0.0059
470.3125 46.3867 0.9582 0.0059
426.5625 34.4336 0.9582 0.0059
426.5625 46.3867 0.9949 0.0059
426.5625 46.3867 0.9582 0.1191
470.3125 34.4336 0.9949 0.1191
476.5625 29.5117 0.9957 0.0684
420.3125 29.5117 0.9957 0.0684
476.5625 51.3086 0.9957 0.0684
476.5625 29.5117 0.9324 0.0684
476.5625 29.5117 0.9957 0.3066
420.3125 51.3086 0.9324 0.3066
676.5625 52.0117 0.9457 0.3184
620.3125 52.0117 0.9457 0.3184
676.5625 28.8086 0.9457 0.3184
676.5625 52.0117 0.9824 0.3184
676.5625 52.0117 0.9457 0.0566
620.3125 28.8086 0.9824 0.0566
576.5625 18.2617 0.9707 0.1934
520.3125 18.2617 0.9707 0.1934
576.5625 17.5586 0.9707 0.1934
576.5625 18.2617 0.9074 0.1934
576.5625 18.2617 0.9707 0.1816
520.3125 17.5586 0.9074 0.1816
376.5625 40.7617 0.9207 0.4434
320.3125 40.7617 0.9207 0.4434
376.5625 40.0586 0.9207 0.4434
376.5625 40.7617 0.9574 0.4434
376.5625 40.7617 0.9207 0.4316
320.3125 40.0586 0.9574 0.4316
351.5625 26.6992 0.9645 0.3496
595.3125 26.6992 0.9645 0.3496
351.5625 37.2461 0.9645 0.3496
351.5625 26.6992 0.9262 0.3496
351.5625 26.6992 0.9645 0.2754
595.3125 37.2461 0.9262 0.2754
551.5625 49.1992 0.9145 0.0996
395.3125 49.1992 0.9145 0.0996
551.5625 14.7461 0.9145 0.0996
551.5625 49.1992 0.9762 0.0996
551.5625 49.1992 0.9145 0.0254
395.3125 14.7461 0.9762 0.0254
651.5625 15.4492 0.9895 0.4746
495.3125 15.4492 0.9895 0.4746
651.5625 25.9961 0.9895 0.4746
651.5625 15.4492 0.9012 0.4746
651.5625 15.4492 0.9895 0.1504
495.3125 25.9961 0.9012 0.1504
451.5625 37.9492 0.9395 0.2246
695.3125 37.9492 0.9395 0.2246
451.5625 48.4961 0.9395 0.2246
451.5625 37.9492 0.9512 0.2246
451.5625 37.9492 0.9395 0.4004
695.3125 48.4961 0.9512 0.4004
401.5625 21.0742 0.9020 0.1621
645.3125 21.0742 0.9020 0.1621
401.5625 42.8711 0.9020 0.1621
401.5625 21.0742 0.9137 0.1621
401.5625 21.0742 0.9020 0.2129
645.3125 42.8711 0.9137 0.2129
601.5625 43.5742 0.9520 0.4121
445.3125 43.5742 0.9520 0.4121
601.5625 20.3711 0.9520 0.4121
601.5625 43.5742 0.9637 0.4121
601.5625 43.5742 0.9520 0.4629
445.3125 20.3711 0.9637 0.4629
501.5625 32.3242 0.9270 0.0371
345.3125 32.3242 0.9270 0.0371
501.5625 31.6211 0.9270 0.0371
501.5625 32.3242 0.9387 0.0371
501.5625 32.3242 0.9270 0.3379
345.3125 31.6211 0.9387 0.3379
301.5625 54.8242 0.9770 0.2871
545.3125 54.8242 0.9770 0.2871
301.5625 54.1211 0.9770 0.2871
301.5625 54.8242 0.9887 0.2871
301.5625 54.8242 0.9770 0.0879
545.3125 54.1211 0.9887 0.0879
302.3438 32.4121 0.9678 0.1475
611.7188 32.4121 0.9678 0.1475
302.3438 14.8340 0.9678 0.1475
302.3438 32.4121 0.9365 0.1475
302.3438 32.4121 0.9678 0.1787
611.7188 14.8340 0.9365 0.1787
502.3438 54.9121 0.9178 0.3975
411.7188 54.9121 0.9178 0.3975
502.3438 37.3340 0.9178 0.3975
502.3438 54.9121 0.9865 0.3975
502.3438 54.9121 0.9178 0.4287
411.7188 37.3340 0.9865 0.4287
602.3438 21.1621 0.9928 0.0225
311.7188 21.1621 0.9928 0.0225
602.3438 48.5840 0.9928 0.0225
602.3438 21.1621 0.9115 0.0225
602.3438 21.1621 0.9928 0.3037
311.7188 48.5840 0.9115 0.3037
402.3438 43.6621 0.9428 0.2725
511.7188 43.6621 0.9428 0.2725
402.3438 26.0840 0.9428 0.2725
402.3438 43.6621 0.9615 0.2725
402.3438 43.6621 0.9428 0.0537
511.7188 26.0840 0.9615 0.0537
452.3438 15.5371 0.9053 0.3350
561.7188 15.5371 0.9053 0.3350
452.3438 20.4590 0.9053 0.3350
452.3438 15.5371 0.9240 0.3350
452.3438 15.5371 0.9053 0.3662
561.7188 20.4590 0.9240 0.3662
652.3438 38.0371 0.9553 0.0850
361.7188 38.0371 0.9553 0.0850
652.3438 42.9590 0.9553 0.0850
652.3438 38.0371 0.9740 0.0850
652.3438 38.0371 0.9553 0.1162
361.7188 42.9590 0.9740 0.1162
552.3438 26.7871 0.9303 0.4600
461.7188 26.7871 0.9303 0.4600
552.3438 54.2090 0.9303 0.4600
552.3438 26.7871 0.9490 0.4600
552.3438 26.7871 0.9303 0.2412
461.7188 54.2090 0.9490 0.2412
352.3438 49.2871 0.9803 0.2100
661.7188 49.2871 0.9803 0.2100
352.3438 31.7090 0.9803 0.2100
352.3438 49.2871 0.9990 0.2100
352.3438 49.2871 0.9803 0.4912
661.7188 31.7090 0.9990 0.4912
377.3438 18.3496 0.9365 0.1162
436.7188 18.3496 0.9365 0.1162
377.3438 23.2715 0.9365 0.1162
377.3438 18.3496 0.9178 0.1162
377.3438 18.3496 0.9365 0.3350
436.7188 23.2715 0.9178 0.3350
577.3438 40.8496 0.9865 0.3662
636.7188 40.8496 0.9865 0.3662
577.3438 45.7715 0.9865 0.3662
577.3438 40.8496 0.9678 0.3662
577.3438 40.8496 0.9865 0.0850
636.7188 45.7715 0.9678 0.0850
677.3438 29.5996 0.9115 0.2412
536.7188 29.5996 0.9115 0.2412
677.3438 34.5215 0.9115 0.2412
677.3438 29.5996 0.9428 0.2412
677.3438 29.5996 0.9115 0.2100
536.7188 34.5215 0.9428 0.2100
477.3438 52.0996 0.9615 0.4912
336.7188 52.0996 0.9615 0.4912
477.3438 12.0215 0.9615 0.4912
477.3438 52.0996 0.9928 0.4912
477.3438 52.0996 0.9615 0.4600
336.7188 12.0215 0.9928 0.4600
427.3438 23.9746 0.9990 0.4287
386.7188 23.9746 0.9990 0.4287
427.3438 28.8965 0.9990 0.4287
427.3438 23.9746 0.9303 0.4287
427.3438 23.9746 0.9990 0.1475
386.7188 28.8965 0.9303 0.1475
627.3438 46.4746 0.9490 0.1787
586.7188 46.4746 0.9490 0.1787
627.3438 51.3965 0.9490 0.1787
627.3438 46.4746 0.9803 0.1787
627.3438 46.4746 0.9490 0.3975
586.7188 51.3965 0.9803 0.3975
527.3438 12.7246 0.9740 0.3037
686.7188 12.7246 0.9740 0.3037
527.3438 40.1465 0.9740 0.3037
527.3438 12.7246 0.9053 0.3037
527.3438 12.7246 0.9740 0.2725
686.7188 40.1465 0.9053 0.2725
327.3438 35.2246 0.9240 0.0537
486.7188 35.2246 0.9240 0.0537
327.3438 17.6465 0.9240 0.0537
327.3438 35.2246 0.9553 0.0537
327.3438 35.2246 0.9240 0.0225
486.7188 17.6465 0.9553 0.0225
339.8438 11.3184 0.9834 0.4443
524.2188 11.3184 0.9834 0.4443
339.8438 49.9902 0.9834 0.4443
339.8438 11.3184 0.9834 0.4443
339.8438 11.3184 0.9834 0.2568
524.2188 49.9902 0.9834 0.2568
539.8438 33.8184 0.9334 0.1943
324.2188 33.8184 0.9334 0.1943
539.8438 27.4902 0.9334 0.1943
539.8438 33.8184 0.9334 0.1943
539.8438 33.8184 0.9334 0.0068
324.2188 27.4902 0.9334 0.0068
639.8438 22.5684 0.9584 0.3193
424.2188 22.5684 0.9584 0.3193
639.8438 16.2402 0.9584 0.3193
639.8438 22.5684 0.9584 0.3193
639.8438 22.5684 0.9584 0.1318
424.2188 16.2402 0.9584 0.1318
439.8438 45.0684 0.9084 0.0693
624.2188 45.0684 0.9084 0.0693
439.8438 38.7402 0.9084 0.0693
439.8438 45.0684 0.9084 0.0693
439.8438 45.0684 0.9084 0.3818
624.2188 38.7402 0.9084 0.3818
489.8438 28.1934 0.9459 0.0068
674.2188 28.1934 0.9459 0.0068
489.8438 44.3652 0.9459 0.0068
489.8438 28.1934 0.9709 0.0068
489.8438 28.1934 0.9459 0.1943
674.2188 44.3652 0.9709 0.1943
689.8438 50.6934 0.9959 0.2568
474.2188 50.6934 0.9959 0.2568
689.8438 21.8652 0.9959 0.2568
689.8438 50.6934 0.9209 0.2568
689.8438 50.6934 0.9959 0.4443
474.2188 21.8652 0.9209 0.4443
589.8438 16.9434 0.9209 0.1318
374.2188 16.9434 0.9209 0.1318
589.8438 10.6152 0.9209 0.1318
589.8438 16.9434 0.9959 0.1318
589.8438 16.9434 0.9209 0.3193
374.2188 10.6152 0.9959 0.3193
389.8438 39.4434 0.9709 0.3818
574.2188 39.4434 0.9709 0.3818
389.8438 33.1152 0.9709 0.3818
389.8438 39.4434 0.9459 0.3818
389.8438 39.4434 0.9709 0.0693
574.2188 33.1152 0.9459 0.0693
364.8438 25.3809 0.9146 0.2881
349.2188 25.3809 0.9146 0.2881
364.8438 41.5527 0.9146 0.2881
364.8438 25.3809 0.9646 0.2881
364.8438 25.3809 0.9146 0.2256
349.2188 41.5527 0.9646 0.2256
564.8438 47.8809 0.9646 0.0381
549.2188 47.8809 0.9646 0.0381
564.8438 19.0527 0.9646 0.0381
564.8438 47.8809 0.9146 0.0381
564.8438 47.8809 0.9646 0.4756
549.2188 19.0527 0.9146 0.4756
664.8438 14.1309 0.9396 0.4131
649.2188 14.1309 0.9396 0.4131
664.8438 30.3027 0.9396 0.4131
664.8438 14.1309 0.9896 0.4131
664.8438 14.1309 0.9396 0.3506
649.2188 30.3027 0.9896 0.3506
464.8438 36.6309 0.9896 0.1631
449.2188 36.6309 0.9896 0.1631
464.8438 52.8027 0.9896 0.1631
464.8438 36.6309 0.9396 0.1631
464.8438 36.6309 0.9896 0.1006
449.2188 52.8027 0.9396 0.1006
414.8438 19.7559 0.9521 0.2256
499.2188 19.7559 0.9521 0.2256
414.8438 35.9277 0.9521 0.2256
414.8438 19.7559 0.9771 0.2256
414.8438 19.7559 0.9521 0.2881
499.2188 35.9277 0.9771 0.2881
614.8438 42.2559 0.9021 0.4756
699.2188 42.2559 0.9021 0.4756
614.8438 13.4277 0.9021 0.4756
614.8438 42.2559 0.9271 0.4756
614.8438 42.2559 0.9021 0.0381
699.2188 13.4277 0.9271 0.0381
514.8438 31.0059 0.9771 0.1006
599.2188 31.0059 0.9771 0.1006
514.8438 24.6777 0.9771 0.1006
514.8438 31.0059 0.9521 0.1006
514.8438 31.0059 0.9771 0.1631
599.2188 24.6777 0.9521 0.1631
314.8438 53.5059 0.9271 0.3506
399.2188 53.5059 0.9271 0.3506
314.8438 47.1777 0.9271 0.3506
314.8438 53.5059 0.9021 0.3506
314.8438 53.5059 0.9271 0.4131
399.2188 47.1777 0.9021 0.4131
321.0938 20.4590 0.9100 0.3896
655.4688 20.4590 0.9100 0.3896
321.0938 53.5059 0.9100 0.3896
321.0938 20.4590 0.9568 0.3896
321.0938 20.4590 0.9100 0.4834
655.4688 53.5059 0.9568 0.4834
521.0938 42.9590 0.9600 0.1396
455.4688 42.9590 0.9600 0.1396
521.0938 31.0059 0.9600 0.1396
521.0938 42.9590 0.9068 0.1396
521.0938 42.9590 0.9600 0.2334
455.4688 31.0059 0.9068 0.2334
621.0938 31.7090 0.9350 0.2646
355.4688 31.7090 0.9350 0.2646
621.0938 19.7559 0.9350 0.2646
621.0938 31.7090 0.9818 0.2646
621.0938 31.7090 0.9350 0.1084
355.4688 19.7559 0.9818 0.1084
421.0938 54.2090 0.9850 0.0146
555.4688 54.2090 0.9850 0.0146
421.0938 42.2559 0.9850 0.0146
421.0938 54.2090 0.9318 0.0146
421.0938 54.2090 0.9850 0.3584
555.4688 42.2559 0.9318 0.3584
471.0938 26.0840 0.9725 0.0771
505.4688 26.0840 0.9725 0.0771
471.0938 47.8809 0.9725 0.0771
471.0938 26.0840 0.9943 0.0771
471.0938 26.0840 0.9725 0.0459
505.4688 47.8809 0.9943 0.0459
671.0938 48.5840 0.9225 0.3271
305.4688 48.5840 0.9225 0.3271
671.0938 25.3809 0.9225 0.3271
671.0938 48.5840 0.9443 0.3271
671.0938 48.5840 0.9225 0.2959
305.4688 25.3809 0.9443 0.2959
571.0938 14.8340 0.9975 0.2021
405.4688 14.8340 0.9975 0.2021
571.0938 14.1309 0.9975 0.2021
571.0938 14.8340 0.9693 0.2021
571.0938 14.8340 0.9975 0.4209
405.4688 14.1309 0.9693 0.4209
371.0938 37.3340 0.9475 0.4521
605.4688 37.3340 0.9475 0.4521
371.0938 36.6309 0.9475 0.4521
371.0938 37.3340 0.9193 0.4521
371.0938 37.3340 0.9475 0.1709
605.4688 36.6309 0.9193 0.1709
396.0938 28.8965 0.9912 0.3584
480.4688 28.8965 0.9912 0.3584
396.0938 39.4434 0.9912 0.3584
396.0938 28.8965 0.9881 0.3584
396.0938 28.8965 0.9912 0.0146
480.4688 39.4434 0.9881 0.0146
596.0938 51.3965 0.9412 0.1084
680.4688 51.3965 0.9412 0.1084
596.0938 16.9434 0.9412 0.1084
596.0938 51.3965 0.9381 0.1084
596.0938 51.3965 0.9412 0.2646
680.4688 16.9434 0.9381 0.2646
696.0938 17.6465 0.9662 0.4834
580.4688 17.6465 0.9662 0.4834
696.0938 28.1934 0.9662 0.4834
696.0938 17.6465 0.9631 0.4834
696.0938 17.6465 0.9662 0.3896
580.4688 28.1934 0.9631 0.3896
496.0938 40.1465 0.9162 0.2334
380.4688 40.1465 0.9162 0.2334
496.0938 50.6934 0.9162 0.2334
496.0938 40.1465 0.9131 0.2334
496.0938 40.1465 0.9162 0.1396
380.4688 50.6934 0.9131 0.1396
446.0938 12.0215 0.9287 0.1709
330.4688 12.0215 0.9287 0.1709
446.0938 33.8184 0.9287 0.1709
446.0938 12.0215 0.9506 0.1709
446.0938 12.0215 0.9287 0.4521
330.4688 33.8184 0.9506 0.4521
646.0938 34.5215 0.9787 0.4209
530.4688 34.5215 0.9787 0.4209
646.0938 11.3184 0.9787 0.4209
646.0938 34.5215 0.9006 0.4209
646.0938 34.5215 0.9787 0.2021
530.4688 11.3184 0.9006 0.2021
546.0938 23.2715 0.9037 0.0459
630.4688 23.2715 0.9037 0.0459
546.0938 22.5684 0.9037 0.0459
546.0938 23.2715 0.9756 0.0459
546.0938 23.2715 0.9037 0.0771
630.4688 22.5684 0.9756 0.0771
346.0938 45.7715 0.9537 0.2959
430.4688 45.7715 0.9537 0.2959
346.0938 45.0684 0.9537 0.2959
346.0938 45.7715 0.9256 0.2959
346.0938 45.7715 0.9537 0.3271
430.4688 45.0684 0.9256 0.3271
333.5938 21.8652 0.9381 0.2178
567.9688 21.8652 0.9381 0.2178
333.5938 12.7246 0.9381 0.2178
333.5938 21.8652 0.9100 0.2178
333.5938 21.8652 0.9381 0.0928
567.9688 12.7246 0.9100 0.0928
533.5938 44.3652 0.9881 0.4678
367.9688 44.3652 0.9881 0.4678
533.5938 35.2246 0.9881 0.4678
533.5938 44.3652 0.9600 0.4678
533.5938 44.3652 0.9881 0.3428
367.9688 35.2246 0.9600 0.3428
633.5938 10.6152 0.9131 0.0928
467.9688 10.6152 0.9131 0.0928
633.5938 46.4746 0.9131 0.0928
633.5938 10.6152 0.9350 0.0928
633.5938 10.6152 0.9131 0.4678
467.9688 46.4746 0.9350 0.4678
433.5938 33.1152 0.9631 0.3428
667.9688 33.1152 0.9631 0.3428
433.5938 23.9746 0.9631 0.3428
433.5938 33.1152 0.9850 0.3428
433.5938 33.1152 0.9631 0.2178
667.9688 23.9746 0.9850 0.2178
483.5938 16.2402 0.9756 0.2803
617.9688 16.2402 0.9756 0.2803
483.5938 18.3496 0.9756 0.2803
483.5938 16.2402 0.9475 0.2803
483.5938 16.2402 0.9756 0.4053
617.9688 18.3496 0.9475 0.4053
683.5938 38.7402 0.9256 0.0303
417.9688 38.7402 0.9256 0.0303
683.5938 40.8496 0.9256 0.0303
683.5938 38.7402 0.9975 0.0303
683.5938 38.7402 0.9256 0.1553
417.9688 40.8496 0.9975 0.1553
583.5938 27.4902 0.9506 0.4053
317.9688 27.4902 0.9506 0.4053
583.5938 52.0996 0.9506 0.4053
583.5938 27.4902 0.9225 0.4053
583.5938 27.4902 0.9506 0.0303
317.9688 52.0996 0.9225 0.0303
383.5938 49.9902 0.9006 0.1553
517.9688 49.9902 0.9006 0.1553
383.5938 29.5996 0.9006 0.1553
383.5938 49.9902 0.9725 0.1553
383.5938 49.9902 0.9006 0.2803
517.9688 29.5996 0.9725 0.2803
358.5938 13.4277 0.9568 0.0615
392.9688 13.4277 0.9568 0.0615
358.5938 26.7871 0.9568 0.0615
358.5938 13.4277 0.9412 0.0615
358.5938 13.4277 0.9568 0.4365
392.9688 26.7871 0.9412 0.4365
558.5938 35.9277 0.9068 0.3115
592.9688 35.9277 0.9068 0.3115
558.5938 49.2871 0.9068 0.3115
558.5938 35.9277 0.9912 0.3115
558.5938 35.9277 0.9068 0.1865
592.9688 49.2871 0.9912 0.1865
658.5938 24.6777 0.9818 0.1865
692.9688 24.6777 0.9818 0.1865
658.5938 38.0371 0.9818 0.1865
658.5938 24.6777 0.9162 0.1865
658.5938 24.6777 0.9818 0.0615
692.9688 38.0371 0.9162 0.0615
458.5938 47.1777 0.9318 0.4365
492.9688 47.1777 0.9318 0.4365
458.5938 15.5371 0.9318 0.4365
458.5938 47.1777 0.9662 0.4365
458.5938 47.1777 0.9318 0.3115
492.9688 15.5371 0.9662 0.3115
408.5938 30.3027 0.9193 0.4990
442.9688 30.3027 0.9193 0.4990
408.5938 32.4121 0.9193 0.4990
408.5938 30.3027 0.9037 0.4990
408.5938 30.3027 0.9193 0.1240
442.9688 32.4121 0.9037 0.1240
608.5938 52.8027 0.9693 0.2490
642.9688 52.8027 0.9693 0.2490
608.5938 54.9121 0.9693 0.2490
608.5938 52.8027 0.9537 0.2490
608.5938 52.8027 0.9693 0.3740
642.9688 54.9121 0.9537 0.3740
508.5938 19.0527 0.9443 0.3740
542.9688 19.0527 0.9443 0.3740
508.5938 43.6621 0.9443 0.3740
508.5938 19.0527 0.9287 0.3740
508.5938 19.0527 0.9443 0.4990
542.9688 43.6621 0.9287 0.4990
308.5938 41.5527 0.9943 0.1240
342.9688 41.5527 0.9943 0.1240
308.5938 21.1621 0.9943 0.1240
308.5938 41.5527 0.9787 0.1240
308.5938 41.5527 0.9943 0.2490
342.9688 21.1621 0.9787 0.2490
311.7188 14.4824 0.9498 0.3076
452.3438 14.4824 0.9498 0.3076
311.7188 28.5449 0.9498 0.3076
311.7188 14.4824 0.9967 0.3076
311.7188 14.4824 0.9498 0.2139
452.3438 28.5449 0.9967 0.2139
511.7188 36.9824 0.9998 0.0576
652.3438 36.9824 0.9998 0.0576
511.7188 51.0449 0.9998 0.0576
511.7188 36.9824 0.9467 0.0576
511.7188 36.9824 0.9998 0.4639
652.3438 51.0449 0.9467 0.4639
611.7188 25.7324 0.9248 0.4326
552.3438 25.7324 0.9248 0.4326
611.7188 39.7949 0.9248 0.4326
611.7188 25.7324 0.9717 0.4326
611.7188 25.7324 0.9248 0.3389
552.3438 39.7949 0.9717 0.3389
411.7188 48.2324 0.9748 0.1826
352.3438 48.2324 0.9748 0.1826
411.7188 17.2949 0.9748 0.1826
411.7188 48.2324 0.9217 0.1826
411.7188 48.2324 0.9748 0.0889
352.3438 17.2949 0.9217 0.0889
461.7188 31.3574 0.9873 0.2451
302.3438 31.3574 0.9873 0.2451
461.7188 22.9199 0.9873 0.2451
461.7188 31.3574 0.9592 0.2451
461.7188 31.3574 0.9873 0.2764
302.3438 22.9199 0.9592 0.2764
661.7188 53.8574 0.9373 0.4951
502.3438 53.8574 0.9373 0.4951
661.7188 45.4199 0.9373 0.4951
661.7188 53.8574 0.9092 0.4951
661.7188 53.8574 0.9373 0.0264
502.3438 45.4199 0.9092 0.0264
561.7188 20.1074 0.9623 0.1201
602.3438 20.1074 0.9623 0.1201
561.7188 34.1699 0.9623 0.1201
561.7188 20.1074 0.9842 0.1201
561.7188 20.1074 0.9623 0.1514
602.3438 34.1699 0.9842 0.1514
361.7188 42.6074 0.9123 0.3701
402.3438 42.6074 0.9123 0.3701
361.7188 11.6699 0.9123 0.3701
361.7188 42.6074 0.9342 0.3701
361.7188 42.6074 0.9123 0.4014
402.3438 11.6699 0.9342 0.4014
386.7188 22.9199 0.9561 0.4639
677.3438 22.9199 0.9561 0.4639
386.7188 20.1074 0.9561 0.4639
386.7188 22.9199 0.9529 0.4639
386.7188 22.9199 0.9561 0.3076
677.3438 20.1074 0.9529 0.3076
586.7188 45.4199 0.9061 0.2139
477.3438 45.4199 0.9061 0.2139
586.7188 42.6074 0.9061 0.2139
586.7188 45.4199 0.9029 0.2139
586.7188 45.4199 0.9061 0.0576
477.3438 42.6074 0.9029 0.0576
686.7188 11.6699 0.9811 0.3389
377.3438 11.6699 0.9811 0.3389
686.7188 53.8574 0.9811 0.3389
686.7188 11.6699 0.9779 0.3389
686.7188 11.6699 0.9811 0.1826
377.3438 53.8574 0.9779 0.1826
486.7188 34.1699 0.9311 0.0889
577.3438 34.1699 0.9311 0.0889
486.7188 31.3574 0.9311 0.0889
486.7188 34.1699 0.9279 0.0889
486.7188 34.1699 0.9311 0.4326
577.3438 31.3574 0.9279 0.4326
436.7188 17.2949 0.9186 0.0264
527.3438 17.2949 0.9186 0.0264
436.7188 14.4824 0.9186 0.0264
436.7188 17.2949 0.9904 0.0264
436.7188 17.2949 0.9186 0.2451
527.3438 14.4824 0.9904 0.2451
636.7188 39.7949 0.9686 0.2764
327.3438 39.7949 0.9686 0.2764
636.7188 36.9824 0.9686 0.2764
636.7188 39.7949 0.9404 0.2764
636.7188 39.7949 0.9686 0.4951
327.3438 36.9824 0.9404 0.4951
536.7188 28.5449 0.9436 0.1514
427.3438 28.5449 0.9436 0.1514
536.7188 48.2324 0.9436 0.1514
536.7188 28.5449 0.9654 0.1514
536.7188 28.5449 0.9436 0.3701
427.3438 48.2324 0.9654 0.3701
336.7188 51.0449 0.9936 0.4014
627.3438 51.0449 0.9936 0.4014
336.7188 25.7324 0.9936 0.4014
336.7188 51.0449 0.9154 0.4014
336.7188 51.0449 0.9936 0.1201
627.3438 25.7324 0.9154 0.1201
349.2188 27.1387 0.9029 0.1045
364.8438 27.1387 0.9029 0.1045
349.2188 35.5762 0.9029 0.1045
349.2188 27.1387 0.9498 0.1045
349.2188 27.1387 0.9029 0.3545
364.8438 35.5762 0.9498 0.3545
549.2188 49.6387 0.9529 0.3545
564.8438 49.6387 0.9529 0.3545
549.2188 13.0762 0.9529 0.3545
549.2188 49.6387 0.9998 0.3545
549.2188 49.6387 0.9529 0.1045
564.8438 13.0762 0.9998 0.1045
649.2188 15.8887 0.9279 0.2295
664.8438 15.8887 0.9279 0.2295
649.2188 24.3262 0.9279 0.2295
649.2188 15.8887 0.9248 0.2295
649.2188 15.8887 0.9279 0.2295
664.8438 24.3262 0.9248 0.2295
449.2188 38.3887 0.9779 0.4795
464.8438 38.3887 0.9779 0.4795
449.2188 46.8262 0.9779 0.4795
449.2188 38.3887 0.9748 0.4795
449.2188 38.3887 0.9779 0.4795
464.8438 46.8262 0.9748 0.4795
499.2188 10.2637 0.9654 0.4170
414.8438 10.2637 0.9654 0.4170
499.2188 41.2012 0.9654 0.4170
499.2188 10.2637 0.9123 0.4170
499.2188 10.2637 0.9654 0.1670
414.8438 41.2012 0.9123 0.1670
699.2188 32.7637 0.9154 0.1670
614.8438 32.7637 0.9154 0.1670
699.2188 18.7012 0.9154 0.1670
699.2188 32.7637 0.9623 0.1670
699.2188 32.7637 0.9154 0.4170
614.8438 18.7012 0.9623 0.4170
599.2188 21.5137 0.9904 0.2920
514.8438 21.5137 0.9904 0.2920
599.2188 29.9512 0.9904 0.2920
599.2188 21.5137 0.9373 0.2920
599.2188 21.5137 0.9904 0.2920
514.8438 29.9512 0.9373 0.2920
399.2188 44.0137 0.9404 0.0420
314.8438 44.0137 0.9404 0.0420
399.2188 52.4512 0.9404 0.0420
399.2188 44.0137 0.9873 0.0420
399.2188 44.0137 0.9404 0.0420
314.8438 52.4512 0.9873 0.0420
374.2188 18.7012 0.9967 0.1357
589.8438 18.7012 0.9967 0.1357
374.2188 44.0137 0.9967 0.1357
374.2188 18.7012 0.9061 0.1357
374.2188 18.7012 0.9967 0.1357
589.8438 44.0137 0.9061 0.1357
574.2188 41.2012 0.9467 0.3857
389.8438 41.2012 0.9467 0.3857
574.2188 21.5137 0.9467 0.3857
574.2188 41.2012 0.9561 0.3857
574.2188 41.2012 0.9467 0.3857
389.8438 21.5137 0.9561 0.3857
674.2188 29.9512 0.9717 0.0107
489.8438 29.9512 0.9717 0.0107
674.2188 10.2637 0.9717 0.0107
674.2188 29.9512 0.9311 0.0107
674.2188 29.9512 0.9717 0.2607
489.8438 10.2637 0.9311 0.2607
474.2188 52.4512 0.9217 0.2607
689.8438 52.4512 0.9217 0.2607
474.2188 32.7637 0.9217 0.2607
474.2188 52.4512 0.9811 0.2607
474.2188 52.4512 0.9217 0.0107
689.8438 32.7637 0.9811 0.0107
424.2188 24.3262 0.9342 0.3232
639.8438 24.3262 0.9342 0.3232
424.2188 49.6387 0.9342 0.3232
424.2188 24.3262 0.9436 0.3232
424.2188 24.3262 0.9342 0.3232
639.8438 49.6387 0.9436 0.3232
624.2188 46.8262 0.9842 0.0732
439.8438 46.8262 0.9842 0.0732
624.2188 27.1387 0.9842 0.0732
624.2188 46.8262 0.9936 0.0732
624.2188 46.8262 0.9842 0.0732
439.8438 27.1387 0.9936 0.0732
524.2188 13.0762 0.9092 0.4482
339.8438 13.0762 0.9092 0.4482
524.2188 15.8887 0.9092 0.4482
524.2188 13.0762 0.9186 0.4482
524.2188 13.0762 0.9092 0.1982
339.8438 15.8887 0.9186 0.1982
324.2188 35.5762 0.9592 0.1982
539.8438 35.5762 0.9592 0.1982
324.2188 38.3887 0.9592 0.1982
324.2188 35.5762 0.9686 0.1982
324.2188 35.5762 0.9592 0.4482
539.8438 38.3887 0.9686 0.4482
317.9688 26.4355 0.9795 0.0342
408.5938 26.4355 0.9795 0.0342
317.9688 33.4668 0.9795 0.0342
317.9688 26.4355 0.9232 0.0342
317.9688 26.4355 0.9795 0.3779
408.5938 33.4668 0.9232 0.3779
517.9688 48.9355 0.9295 0.2842
608.5938 48.9355 0.9295 0.2842
517.9688 10.9668 0.9295 0.2842
517.9688 48.9355 0.9732 0.2842
517.9688 48.9355 0.9295 0.1279
608.5938 10.9668 0.9732 0.1279
617.9688 15.1855 0.9545 0.1592
508.5938 15.1855 0.9545 0.1592
617.9688 22.2168 0.9545 0.1592
617.9688 15.1855 0.9482 0.1592
617.9688 15.1855 0.9545 0.0029
508.5938 22.2168 0.9482 0.0029
417.9688 37.6855 0.9045 0.4092
308.5938 37.6855 0.9045 0.4092
417.9688 44.7168 0.9045 0.4092
417.9688 37.6855 0.9982 0.4092
417.9688 37.6855 0.9045 0.2529
308.5938 44.7168 0.9982 0.2529
467.9688 20.8105 0.9420 0.4717
358.5938 20.8105 0.9420 0.4717
467.9688 39.0918 0.9420 0.4717
467.9688 20.8105 0.9357 0.4717
467.9688 20.8105 0.9420 0.0654
358.5938 39.0918 0.9357 0.0654
667.9688 43.3105 0.9920 0.2217
558.5938 43.3105 0.9920 0.2217
667.9688 16.5918 0.9920 0.2217
667.9688 43.3105 0.9857 0.2217
667.9688 43.3105 0.9920 0.3154
558.5938 16.5918 0.9857 0.3154
567.9688 32.0605 0.9170 0.3467
658.5938 32.0605 0.9170 0.3467
567.9688 27.8418 0.9170 0.3467
567.9688 32.0605 0.9107 0.3467
567.9688 32.0605 0.9170 0.4404
658.5938 27.8418 0.9107 0.4404
367.9688 54.5605 0.9670 0.0967
458.5938 54.5605 0.9670 0.0967
367.9688 50.3418 0.9670 0.0967
367.9688 54.5605 0.9607 0.0967
367.9688 54.5605 0.9670 0.1904
458.5938 50.3418 0.9607 0.1904
392.9688 12.3730 0.9232 0.1904
633.5938 12.3730 0.9232 0.1904
392.9688 47.5293 0.9232 0.1904
392.9688 12.3730 0.9295 0.1904
392.9688 12.3730 0.9232 0.0967
633.5938 47.5293 0.9295 0.0967
592.9688 34.8730 0.9732 0.4404
433.5938 34.8730 0.9732 0.4404
592.9688 25.0293 0.9732 0.4404
592.9688 34.8730 0.9795 0.4404
592.9688 34.8730 0.9732 0.3467
433.5938 25.0293 0.9795 0.3467
692.9688 23.6230 0.9482 0.0654
333.5938 23.6230 0.9482 0.0654
692.9688 13.7793 0.9482 0.0654
692.9688 23.6230 0.9045 0.0654
692.9688 23.6230 0.9482 0.4717
333.5938 13.7793 0.9045 0.4717
492.9688 46.1230 0.9982 0.3154
533.5938 46.1230 0.9982 0.3154
492.9688 36.2793 0.9982 0.3154
492.9688 46.1230 0.9545 0.3154
492.9688 46.1230 0.9982 0.2217
533.5938 36.2793 0.9545 0.2217
442.9688 29.2480 0.9607 0.2529
583.5938 29.2480 0.9607 0.2529
442.9688 53.1543 0.9607 0.2529
442.9688 29.2480 0.9170 0.2529
442.9688 29.2480 0.9607 0.4092
583.5938 53.1543 0.9170 0.4092
642.9688 51.7480 0.9107 0.0029
383.5938 51.7480 0.9107 0.0029
642.9688 30.6543 0.9107 0.0029
642.9688 51.7480 0.9670 0.0029
642.9688 51.7480 0.9107 0.1592
383.5938 30.6543 0.9670 0.1592
542.9688 17.9980 0.9857 0.3779
483.5938 17.9980 0.9857 0.3779
542.9688 19.4043 0.9857 0.3779
542.9688 17.9980 0.9420 0.3779
542.9688 17.9980 0.9857 0.0342
483.5938 19.4043 0.9420 0.0342
342.9688 40.4980 0.9357 0.1279
683.5938 40.4980 0.9357 0.1279
342.9688 41.9043 0.9357 0.1279
342.9688 40.4980 0.9920 0.1279
342.9688 40.4980 0.9357 0.2842
683.5938 41.9043 0.9920 0.2842
330.4688 16.5918 0.9701 0.3623
321.0938 16.5918 0.9701 0.3623
330.4688 32.0605 0.9701 0.3623
330.4688 16.5918 0.9701 0.3623
330.4688 16.5918 0.9701 0.0498
321.0938 32.0605 0.9701 0.0498
530.4688 39.0918 0.9201 0.1123
521.0938 39.0918 0.9201 0.1123
530.4688 54.5605 0.9201 0.1123
530.4688 39.0918 0.9201 0.1123
530.4688 39.0918 0.9201 0.2998
521.0938 54.5605 0.9201 0.2998
630.4688 27.8418 0.9951 0.4873
621.0938 27.8418 0.9951 0.4873
630.4688 43.3105 0.9951 0.4873
630.4688 27.8418 0.9951 0.4873
630.4688 27.8418 0.9951 0.4248
621.0938 43.3105 0.9951 0.4248
430.4688 50.3418 0.9451 0.2373
421.0938 50.3418 0.9451 0.2373
430.4688 20.8105 0.9451 0.2373
430.4688 50.3418 0.9451 0.2373
430.4688 50.3418 0.9451 0.1748
421.0938 20.8105 0.9451 0.1748
480.4688 22.2168 0.9076 0.1748
471.0938 22.2168 0.9076 0.1748
480.4688 26.4355 0.9076 0.1748
480.4688 22.2168 0.9826 0.1748
480.4688 22.2168 0.9076 0.4873
471.0938 26.4355 0.9826 0.4873
680.4688 44.7168 0.9576 0.4248
671.0938 44.7168 0.9576 0.4248
680.4688 48.9355 0.9576 0.4248
680.4688 44.7168 0.9326 0.4248
680.4688 44.7168 0.9576 0.2373
671.0938 48.9355 0.9326 0.2373
580.4688 10.9668 0.9326 0.0498
571.0938 10.9668 0.9326 0.0498
580.4688 37.6855 0.9326 0.0498
580.4688 10.9668 0.9576 0.0498
580.4688 10.9668 0.9326 0.1123
571.0938 37.6855 0.9576 0.1123
380.4688 33.4668 0.9826 0.2998
371.0938 33.4668 0.9826 0.2998
380.4688 15.1855 0.9826 0.2998
380.4688 33.4668 0.9076 0.2998
380.4688 33.4668 0.9826 0.3623
371.0938 15.1855 0.9076 0.3623
355.4688 30.6543 0.9264 0.3936
546.0938 30.6543 0.9264 0.3936
355.4688 17.9980 0.9264 0.3936
355.4688 30.6543 0.9764 0.3936
355.4688 30.6543 0.9264 0.4561
546.0938 17.9980 0.9764 0.4561
555.4688 53.1543 0.9764 0.1436
346.0938 53.1543 0.9764 0.1436
555.4688 40.4980 0.9764 0.1436
555.4688 53.1543 0.9264 0.1436
555.4688 53.1543 0.9764 0.2061
346.0938 40.4980 0.9264 0.2061
655.4688 19.4043 0.9014 0.2686
446.0938 19.4043 0.9014 0.2686
655.4688 51.7480 0.9014 0.2686
655.4688 19.4043 0.9514 0.2686
655.4688 19.4043 0.9014 0.0811
446.0938 51.7480 0.9514 0.0811
455.4688 41.9043 0.9514 0.0186
646.0938 41.9043 0.9514 0.0186
455.4688 29.2480 0.9514 0.0186
455.4688 41.9043 0.9014 0.0186
455.4688 41.9043 0.9514 0.3311
646.0938 29.2480 0.9014 0.3311
405.4688 13.7793 0.9889 0.0811
696.0938 13.7793 0.9889 0.0811
405.4688 12.3730 0.9889 0.0811
405.4688 13.7793 0.9639 0.0811
405.4688 13.7793 0.9889 0.0186
696.0938 12.3730 0.9639 0.0186
605.4688 36.2793 0.9389 0.3311
496.0938 36.2793 0.9389 0.3311
605.4688 34.8730 0.9389 0.3311
605.4688 36.2793 0.9139 0.3311
605.4688 36.2793 0.9389 0.2686
496.0938 34.8730 0.9139 0.2686
505.4688 25.0293 0.9639 0.2061
396.0938 25.0293 0.9639 0.2061
505.4688 46.1230 0.9639 0.2061
505.4688 25.0293 0.9889 0.2061
505.4688 25.0293 0.9639 0.3936
396.0938 46.1230 0.9889 0.3936
305.4688 47.5293 0.9139 0.4561
596.0938 47.5293 0.9139 0.4561
305.4688 23.6230 0.9139 0.4561
305.4688 47.5293 0.9389 0.4561
305.4688 47.5293 0.9139 0.1436
596.0938 23.6230 0.9389 0.1436
303.9062 17.4707 0.9900 0.2393
350.7812 17.4707 0.9900 0.2393
303.9062 42.0801 0.9900 0.2393
303.9062 17.4707 0.9502 0.2393
303.9062 17.4707 0.9900 0.1963
350.7812 42.0801 0.9502 0.1963
503.9062 39.9707 0.9400 0.4893
550.7812 39.9707 0.9400 0.4893
503.9062 19.5801 0.9400 0.4893
503.9062 39.9707 0.9002 0.4893
503.9062 39.9707 0.9400 0.4463
550.7812 19.5801 0.9002 0.4463
603.9062 28.7207 0.9650 0.1143
650.7812 28.7207 0.9650 0.1143
603.9062 30.8301 0.9650 0.1143
603.9062 28.7207 0.9752 0.1143
603.9062 28.7207 0.9650 0.3213
650.7812 30.8301 0.9752 0.3213
403.9062 51.2207 0.9150 0.3643
450.7812 51.2207 0.9150 0.3643
403.9062 53.3301 0.9150 0.3643
403.9062 51.2207 0.9252 0.3643
403.9062 51.2207 0.9150 0.0713
450.7812 53.3301 0.9252 0.0713
453.9062 23.0957 0.9275 0.3018
400.7812 23.0957 0.9275 0.3018
453.9062 36.4551 0.9275 0.3018
453.9062 23.0957 0.9877 0.3018
453.9062 23.0957 0.9275 0.2588
400.7812 36.4551 0.9877 0.2588
653.9062 45.5957 0.9775 0.0518
600.7812 45.5957 0.9775 0.0518
653.9062 13.9551 0.9775 0.0518
653.9062 45.5957 0.9377 0.0518
653.9062 45.5957 0.9775 0.0088
600.7812 13.9551 0.9377 0.0088
553.9062 11.8457 0.9025 0.4268
500.7812 11.8457 0.9025 0.4268
553.9062 25.2051 0.9025 0.4268
553.9062 11.8457 0.9627 0.4268
553.9062 11.8457 0.9025 0.1338
500.7812 25.2051 0.9627 0.1338
353.9062 34.3457 0.9525 0.1768
300.7812 34.3457 0.9525 0.1768
353.9062 47.7051 0.9525 0.1768
353.9062 34.3457 0.9127 0.1768
353.9062 34.3457 0.9525 0.3838
300.7812 47.7051 0.9127 0.3838
378.9062 31.5332 0.9088 0.0205
575.7812 31.5332 0.9088 0.0205
378.9062 50.5176 0.9088 0.0205
378.9062 31.5332 0.9939 0.0205
378.9062 31.5332 0.9088 0.2900
575.7812 50.5176 0.9939 0.2900
578.9062 54.0332 0.9588 0.2705
375.7812 54.0332 0.9588 0.2705
578.9062 28.0176 0.9588 0.2705
578.9062 54.0332 0.9439 0.2705
578.9062 54.0332 0.9588 0.0400
375.7812 28.0176 0.9439 0.0400
678.9062 20.2832 0.9338 0.1455
475.7812 20.2832 0.9338 0.1455
678.9062 16.7676 0.9338 0.1455
678.9062 20.2832 0.9689 0.1455
678.9062 20.2832 0.9338 0.1650
475.7812 16.7676 0.9689 0.1650
478.9062 42.7832 0.9838 0.3955
675.7812 42.7832 0.9838 0.3955
478.9062 39.2676 0.9838 0.3955
478.9062 42.7832 0.9189 0.3955
478.9062 42.7832 0.9838 0.4150
675.7812 39.2676 0.9189 0.4150
428.9062 14.6582 0.9713 0.4580
625.7812 14.6582 0.9713 0.4580
428.9062 44.8926 0.9713 0.4580
428.9062 14.6582 0.9564 0.4580
428.9062 14.6582 0.9713 0.2275
625.7812 44.8926 0.9564 0.2275
628.9062 37.1582 0.9213 0.2080
425.7812 37.1582 0.9213 0.2080
628.9062 22.3926 0.9213 0.2080
628.9062 37.1582 0.9064 0.2080
628.9062 37.1582 0.9213 0.4775
425.7812 22.3926 0.9064 0.4775
528.9062 25.9082 0.9963 0.3330
325.7812 25.9082 0.9963 0.3330
528.9062 11.1426 0.9963 0.3330
528.9062 25.9082 0.9814 0.3330
528.9062 25.9082 0.9963 0.3525
325.7812 11.1426 0.9814 0.3525
328.9062 48.4082 0.9463 0.0830
525.7812 48.4082 0.9463 0.0830
328.9062 33.6426 0.9463 0.0830
328.9062 48.4082 0.9314 0.0830
328.9062 48.4082 0.9463 0.1025
525.7812 33.6426 0.9314 0.1025
341.4062 24.5020 0.9619 0.4111
463.2812 24.5020 0.9619 0.4111
341.4062 23.7988 0.9619 0.4111
341.4062 24.5020 0.9033 0.4111
341.4062 24.5020 0.9619 0.3682
463.2812 23.7988 0.9033 0.3682
541.4062 47.0020 0.9119 0.1611
663.2812 47.0020 0.9119 0.1611
541.4062 46.2988 0.9119 0.1611
541.4062 47.0020 0.9533 0.1611
541.4062 47.0020 0.9119 0.1182
663.2812 46.2988 0.9533 0.1182
641.4062 13.2520 0.9869 0.2861
563.2812 13.2520 0.9869 0.2861
641.4062 35.0488 0.9869 0.2861
641.4062 13.2520 0.9283 0.2861
641.4062 13.2520 0.9869 0.2432
563.2812 35.0488 0.9283 0.2432
441.4062 35.7520 0.9369 0.0361
363.2812 35.7520 0.9369 0.0361
441.4062 12.5488 0.9369 0.0361
441.4062 35.7520 0.9783 0.0361
441.4062 35.7520 0.9369 0.4932
363.2812 12.5488 0.9783 0.4932
491.4062 18.8770 0.9244 0.0986
313.2812 18.8770 0.9244 0.0986
491.4062 29.4238 0.9244 0.0986
491.4062 18.8770 0.9408 0.0986
491.4062 18.8770 0.9244 0.1807
313.2812 29.4238 0.9408 0.1807
691.4062 41.3770 0.9744 0.3486
513.2812 41.3770 0.9744 0.3486
691.4062 51.9238 0.9744 0.3486
691.4062 41.3770 0.9908 0.3486
691.4062 41.3770 0.9744 0.4307
513.2812 51.9238 0.9908 0.4307
591.4062 30.1270 0.9494 0.2236
613.2812 30.1270 0.9494 0.2236
591.4062 40.6738 0.9494 0.2236
591.4062 30.1270 0.9158 0.2236
591.4062 30.1270 0.9494 0.3057
613.2812 40.6738 0.9158 0.3057
391.4062 52.6270 0.9994 0.4736
413.2812 52.6270 0.9994 0.4736
391.4062 18.1738 0.9994 0.4736
391.4062 52.6270 0.9658 0.4736
391.4062 52.6270 0.9994 0.0557
413.2812 18.1738 0.9658 0.0557
366.4062 10.4395 0.9432 0.3174
688.2812 10.4395 0.9432 0.3174
366.4062 15.3613 0.9432 0.3174
366.4062 10.4395 0.9471 0.3174
366.4062 10.4395 0.9432 0.1494
688.2812 15.3613 0.9471 0.1494
566.4062 32.9395 0.9932 0.0674
488.2812 32.9395 0.9932 0.0674
566.4062 37.8613 0.9932 0.0674
566.4062 32.9395 0.9971 0.0674
566.4062 32.9395 0.9932 0.3994
488.2812 37.8613 0.9971 0.3994
666.4062 21.6895 0.9182 0.4424
388.2812 21.6895 0.9182 0.4424
666.4062 49.1113 0.9182 0.4424
666.4062 21.6895 0.9221 0.4424
666.4062 21.6895 0.9182 0.2744
388.2812 49.1113 0.9221 0.2744
466.4062 44.1895 0.9682 0.1924
588.2812 44.1895 0.9682 0.1924
466.4062 26.6113 0.9682 0.1924
466.4062 44.1895 0.9721 0.1924
466.4062 44.1895 0.9682 0.0244
588.2812 26.6113 0.9721 0.0244
416.4062 27.3145 0.9807 0.1299
538.2812 27.3145 0.9807 0.1299
416.4062 20.9863 0.9807 0.1299
416.4062 27.3145 0.9096 0.1299
416.4062 27.3145 0.9807 0.3369
538.2812 20.9863 0.9096 0.3369
616.4062 49.8145 0.9307 0.3799
338.2812 49.8145 0.9307 0.3799
616.4062 43.4863 0.9307 0.3799
616.4062 49.8145 0.9596 0.3799
616.4062 49.8145 0.9307 0.0869
338.2812 43.4863 0.9596 0.0869
516.4062 16.0645 0.9557 0.0049
438.2812 16.0645 0.9557 0.0049
516.4062 54.7363 0.9557 0.0049
516.4062 16.0645 0.9346 0.0049
516.4062 16.0645 0.9557 0.2119
438.2812 54.7363 0.9346 0.2119
316.4062 38.5645 0.9057 0.2549
638.2812 38.5645 0.9057 0.2549
316.4062 32.2363 0.9057 0.2549
316.4062 38.5645 0.9846 0.2549
316.4062 38.5645 0.9057 0.4619
638.2812 32.2363 0.9846 0.4619
322.6562 29.4238 0.9322 0.4814
307.0312 29.4238 0.9322 0.4814
322.6562 25.9082 0.9322 0.4814
322.6562 29.4238 0.9299 0.4814
322.6562 29.4238 0.9322 0.3916
307.0312 25.9082 0.9299 0.3916
522.6562 51.9238 0.9822 0.2314
507.0312 51.9238 0.9822 0.2314
522.6562 48.4082 0.9822 0.2314
522.6562 51.9238 0.9799 0.2314
522.6562 51.9238 0.9822 0.1416
507.0312 48.4082 0.9799 0.1416
622.6562 18.1738 0.9072 0.3564
607.0312 18.1738 0.9072 0.3564
622.6562 37.1582 0.9072 0.3564
622.6562 18.1738 0.9049 0.3564
622.6562 18.1738 0.9072 0.0166
607.0312 37.1582 0.9049 0.0166
422.6562 40.6738 0.9572 0.1064
407.0312 40.6738 0.9572 0.1064
422.6562 14.6582 0.9572 0.1064
422.6562 40.6738 0.9549 0.1064
422.6562 40.6738 0.9572 0.2666
407.0312 14.6582 0.9549 0.2666
472.6562 12.5488 0.9947 0.0439
457.0312 12.5488 0.9947 0.0439
472.6562 31.5332 0.9947 0.0439
472.6562 12.5488 0.9174 0.0439
472.6562 12.5488 0.9947 0.0791
457.0312 31.5332 0.9174 0.0791
672.6562 35.0488 0.9447 0.2939
657.0312 35.0488 0.9447 0.2939
672.6562 54.0332 0.9447 0.2939
672.6562 35.0488 0.9674 0.2939
672.6562 35.0488 0.9447 0.3291
657.0312 54.0332 0.9674 0.3291
572.6562 23.7988 0.9697 0.1689
557.0312 23.7988 0.9697 0.1689
572.6562 42.7832 0.9697 0.1689
572.6562 23.7988 0.9424 0.1689
572.6562 23.7988 0.9697 0.4541
557.0312 42.7832 0.9424 0.4541
372.6562 46.2988 0.9197 0.4189
357.0312 46.2988 0.9197 0.4189
372.6562 20.2832 0.9197 0.4189
372.6562 46.2988 0.9924 0.4189
372.6562 46.2988 0.9197 0.2041
357.0312 20.2832 0.9924 0.2041
397.6562 20.9863 0.9635 0.2627
532.0312 20.9863 0.9635 0.2627
397.6562 11.8457 0.9635 0.2627
397.6562 20.9863 0.9236 0.2627
397.6562 20.9863 0.9635 0.1104
532.0312 11.8457 0.9236 0.1104
597.6562 43.4863 0.9135 0.0127
332.0312 43.4863 0.9135 0.0127
597.6562 34.3457 0.9135 0.0127
597.6562 43.4863 0.9736 0.0127
597.6562 43.4863 0.9135 0.3604
332.0312 34.3457 0.9736 0.3604
697.6562 32.2363 0.9885 0.3877
432.0312 32.2363 0.9885 0.3877
697.6562 45.5957 0.9885 0.3877
697.6562 32.2363 0.9486 0.3877
697.6562 32.2363 0.9885 0.4854
432.0312 45.5957 0.9486 0.4854
497.6562 54.7363 0.9385 0.1377
632.0312 54.7363 0.9385 0.1377
497.6562 23.0957 0.9385 0.1377
497.6562 54.7363 0.9986 0.1377
497.6562 54.7363 0.9385 0.2354
632.0312 23.0957 0.9986 0.2354
447.6562 26.6113 0.9010 0.2002
682.0312 26.6113 0.9010 0.2002
447.6562 17.4707 0.9010 0.2002
447.6562 26.6113 0.9361 0.2002
447.6562 26.6113 0.9010 0.4229
682.0312 17.4707 0.9361 0.4229
647.6562 49.1113 0.9510 0.4502
482.0312 49.1113 0.9510 0.4502
647.6562 39.9707 0.9510 0.4502
647.6562 49.1113 0.9861 0.4502
647.6562 49.1113 0.9510 0.1729
482.0312 39.9707 0.9861 0.1729
547.6562 15.3613 0.9260 0.0752
382.0312 15.3613 0.9260 0.0752
547.6562 51.2207 0.9260 0.0752
547.6562 15.3613 0.9111 0.0752
547.6562 15.3613 0.9260 0.0479
382.0312 51.2207 0.9111 0.0479
347.6562 37.8613 0.9760 0.3252
582.0312 37.8613 0.9760 0.3252
347.6562 28.7207 0.9760 0.3252
347.6562 37.8613 0.9611 0.3252
347.6562 37.8613 0.9760 0.2979
582.0312 28.7207 0.9611 0.2979
335.1562 13.9551 0.9166 0.1846
419.5312 13.9551 0.9166 0.1846
335.1562 38.5645 0.9166 0.1846
335.1562 13.9551 0.9768 0.1846
335.1562 13.9551 0.9166 0.0322
419.5312 38.5645 0.9768 0.0322
535.1562 36.4551 0.9666 0.4346
619.5312 36.4551 0.9666 0.4346
535.1562 16.0645 0.9666 0.4346
535.1562 36.4551 0.9268 0.4346
535.1562 36.4551 0.9666 0.2822
619.5312 16.0645 0.9268 0.2822
635.1562 25.2051 0.9416 0.0596
519.5312 25.2051 0.9416 0.0596
635.1562 27.3145 0.9416 0.0596
635.1562 25.2051 0.9518 0.0596
635.1562 25.2051 0.9416 0.4072
519.5312 27.3145 0.9518 0.4072
435.1562 47.7051 0.9916 0.3096
319.5312 47.7051 0.9916 0.3096
435.1562 49.8145 0.9916 0.3096
435.1562 47.7051 0.9018 0.3096
435.1562 47.7051 0.9916 0.1572
319.5312 49.8145 0.9018 0.1572
485.1562 30.8301 0.9541 0.3721
369.5312 30.8301 0.9541 0.3721
485.1562 32.9395 0.9541 0.3721
485.1562 30.8301 0.9643 0.3721
485.1562 30.8301 0.9541 0.4697
369.5312 32.9395 0.9643 0.4697
685.1562 53.3301 0.9041 0.1221
569.5312 53.3301 0.9041 0.1221
685.1562 10.4395 0.9041 0.1221
685.1562 53.3301 0.9143 0.1221
685.1562 53.3301 0.9041 0.2197
569.5312 10.4395 0.9143 0.2197
585.1562 19.5801 0.9791 0.4971
669.5312 19.5801 0.9791 0.4971
585.1562 21.6895 0.9791 0.4971
585.1562 19.5801 0.9893 0.4971
585.1562 19.5801 0.9791 0.0947
669.5312 21.6895 0.9893 0.0947
385.1562 42.0801 0.9291 0.2471
469.5312 42.0801 0.9291 0.2471
385.1562 44.1895 0.9291 0.2471
385.1562 42.0801 0.9393 0.2471
385.1562 42.0801 0.9291 0.3447
469.5312 44.1895 0.9393 0.3447
360.1562 22.3926 0.9854 0.0908
644.5312 22.3926 0.9854 0.0908
360.1562 52.6270 0.9854 0.0908
360.1562 22.3926 0.9705 0.0908
360.1562 22.3926 0.9854 0.4385
644.5312 52.6270 0.9705 0.4385
560.1562 44.8926 0.9354 0.3408
444.5312 44.8926 0.9354 0.3408
560.1562 30.1270 0.9354 0.3408
560.1562 44.8926 0.9205 0.3408
560.1562 44.8926 0.9354 0.1885
444.5312 30.1270 0.9205 0.1885
660.1562 11.1426 0.9604 0.2158
344.5312 11.1426 0.9604 0.2158
660.1562 18.8770 0.9604 0.2158
660.1562 11.1426 0.9955 0.2158
660.1562 11.1426 0.9604 0.0635
344.5312 18.8770 0.9955 0.0635
460.1562 33.6426 0.9104 0.4658
544.5312 33.6426 0.9104 0.4658
460.1562 41.3770 0.9104 0.4658
460.1562 33.6426 0.9455 0.4658
460.1562 33.6426 0.9104 0.3135
544.5312 41.3770 0.9455 0.3135
410.1562 16.7676 0.9479 0.4033
594.5312 16.7676 0.9479 0.4033
410.1562 47.0020 0.9479 0.4033
410.1562 16.7676 0.9830 0.4033
410.1562 16.7676 0.9479 0.0010
594.5312 47.0020 0.9830 0.0010
610.1562 39.2676 0.9979 0.1533
394.5312 39.2676 0.9979 0.1533
610.1562 24.5020 0.9979 0.1533
610.1562 39.2676 0.9330 0.1533
610.1562 39.2676 0.9979 0.2510
394.5312 24.5020 0.9330 0.2510
510.1562 28.0176 0.9229 0.2783
494.5312 28.0176 0.9229 0.2783
510.1562 13.2520 0.9229 0.2783
510.1562 28.0176 0.9580 0.2783
510.1562 28.0176 0.9229 0.3760
494.5312 13.2520 0.9580 0.3760
310.1562 50.5176 0.9729 0.0283
694.5312 50.5176 0.9729 0.0283
310.1562 35.7520 0.9729 0.0283
310.1562 50.5176 0.9080 0.0283
310.1562 50.5176 0.9729 0.1260
694.5312 35.7520 0.9080 0.1260
307.0312 23.4473 0.9205 0.3369
510.1562 23.4473 0.9205 0.3369
307.0312 44.5410 0.9205 0.3369
307.0312 23.4473 0.9166 0.3369
307.0312 23.4473 0.9205 0.1611
510.1562 44.5410 0.9166 0.1611
507.0312 45.9473 0.9705 0.0869
310.1562 45.9473 0.9705 0.0869
507.0312 22.0410 0.9705 0.0869
507.0312 45.9473 0.9666 0.0869
507.0312 45.9473 0.9705 0.4111
310.1562 22.0410 0.9666 0.4111
607.0312 12.1973 0.9455 0.4619
410.1562 12.1973 0.9455 0.4619
607.0312 10.7910 0.9455 0.4619
607.0312 12.1973 0.9416 0.4619
607.0312 12.1973 0.9455 0.2861
410.1562 10.7910 0.9416 0.2861
407.0312 34.6973 0.9955 0.2119
610.1562 34.6973 0.9955 0.2119
407.0312 33.2910 0.9955 0.2119
407.0312 34.6973 0.9916 0.2119
407.0312 34.6973 0.9955 0.0361
610.1562 33.2910 0.9916 0.0361
457.0312 17.8223 0.9580 0.1494
660.1562 17.8223 0.9580 0.1494
457.0312 50.1660 0.9580 0.1494
457.0312 17.8223 0.9291 0.1494
457.0312 17.8223 0.9580 0.3486
660.1562 50.1660 0.9291 0.3486
657.0312 40.3223 0.9080 0.3994
460.1562 40.3223 0.9080 0.3994
657.0312 27.6660 0.9080 0.3994
657.0312 40.3223 0.9791 0.3994
657.0312 40.3223 0.9080 0.0986
460.1562 27.6660 0.9791 0.0986
557.0312 29.0723 0.9830 0.0244
360.1562 29.0723 0.9830 0.0244
557.0312 16.4160 0.9830 0.0244
557.0312 29.0723 0.9041 0.0244
557.0312 29.0723 0.9830 0.2236
360.1562 16.4160 0.9041 0.2236
357.0312 51.5723 0.9330 0.2744
560.1562 51.5723 0.9330 0.2744
357.0312 38.9160 0.9330 0.2744
357.0312 51.5723 0.9541 0.2744
357.0312 51.5723 0.9330 0.4736
560.1562 38.9160 0.9541 0.4736
382.0312 15.0098 0.9768 0.4307
335.1562 15.0098 0.9768 0.4307
382.0312 36.1035 0.9768 0.4307
382.0312 15.0098 0.9354 0.4307
382.0312 15.0098 0.9768 0.3174
335.1562 36.1035 0.9354 0.3174
582.0312 37.5098 0.9268 0.1807
535.1562 37.5098 0.9268 0.1807
582.0312 13.6035 0.9268 0.1807
582.0312 37.5098 0.9854 0.1807
582.0312 37.5098 0.9268 0.0674
535.1562 13.6035 0.9854 0.0674
682.0312 26.2598 0.9518 0.3057
635.1562 26.2598 0.9518 0.3057
682.0312 24.8535 0.9518 0.3057
682.0312 26.2598 0.9104 0.3057
682.0312 26.2598 0.9518 0.1924
635.1562 24.8535 0.9104 0.1924
482.0312 48.7598 0.9018 0.0557
435.1562 48.7598 0.9018 0.0557
482.0312 47.3535 0.9018 0.0557
482.0312 48.7598 0.9604 0.0557
482.0312 48.7598 0.9018 0.4424
435.1562 47.3535 0.9604 0.4424
432.0312 31.8848 0.9393 0.1182
485.1562 31.8848 0.9393 0.1182
432.0312 41.7285 0.9393 0.1182
432.0312 31.8848 0.9229 0.1182
432.0312 31.8848 0.9393 0.1299
485.1562 41.7285 0.9229 0.1299
632.0312 54.3848 0.9893 0.3682
685.1562 54.3848 0.9893 0.3682
632.0312 19.2285 0.9893 0.3682
632.0312 54.3848 0.9729 0.3682
632.0312 54.3848 0.9893 0.3799
685.1562 19.2285 0.9729 0.3799
532.0312 20.6348 0.9143 0.2432
585.1562 20.6348 0.9143 0.2432
532.0312 30.4785 0.9143 0.2432
532.0312 20.6348 0.9479 0.2432
532.0312 20.6348 0.9143 0.2549
585.1562 30.4785 0.9479 0.2549
332.0312 43.1348 0.9643 0.4932
385.1562 43.1348 0.9643 0.4932
332.0312 52.9785 0.9643 0.4932
332.0312 43.1348 0.9979 0.4932
332.0312 43.1348 0.9643 0.0049
385.1562 52.9785 0.9979 0.0049
344.5312 19.2285 0.9299 0.0088
622.6562 19.2285 0.9299 0.0088
344.5312 20.6348 0.9299 0.0088
344.5312 19.2285 0.9635 0.0088
344.5312 19.2285 0.9299 0.2705
622.6562 20.6348 0.9635 0.2705
544.5312 41.7285 0.9799 0.2588
422.6562 41.7285 0.9799 0.2588
544.5312 43.1348 0.9799 0.2588
544.5312 41.7285 0.9135 0.2588
544.5312 41.7285 0.9799 0.0205
422.6562 43.1348 0.9135 0.0205
644.5312 30.4785 0.9049 0.1338
322.6562 30.4785 0.9049 0.1338
644.5312 54.3848 0.9049 0.1338
644.5312 30.4785 0.9885 0.1338
644.5312 30.4785 0.9049 0.1455
322.6562 54.3848 0.9885 0.1455
444.5312 52.9785 0.9549 0.3838
522.6562 52.9785 0.9549 0.3838
444.5312 31.8848 0.9549 0.3838
444.5312 52.9785 0.9385 0.3838
444.5312 52.9785 0.9549 0.3955
522.6562 31.8848 0.9385 0.3955
494.5312 24.8535 0.9924 0.4463
572.6562 24.8535 0.9924 0.4463
494.5312 15.0098 0.9924 0.4463
494.5312 24.8535 0.9760 0.4463
494.5312 24.8535 0.9924 0.2080
572.6562 15.0098 0.9760 0.2080
694.5312 47.3535 0.9424 0.1963
372.6562 47.3535 0.9424 0.1963
694.5312 37.5098 0.9424 0.1963
694.5312 47.3535 0.9260 0.1963
694.5312 47.3535 0.9424 0.4580
372.6562 37.5098 0.9260 0.4580
594.5312 13.6035 0.9674 0.3213
472.6562 13.6035 0.9674 0.3213
594.5312 48.7598 0.9674 0.3213
594.5312 13.6035 0.9510 0.3213
594.5312 13.6035 0.9674 0.3330
472.6562 48.7598 0.9510 0.3330
394.5312 36.1035 0.9174 0.0713
672.6562 36.1035 0.9174 0.0713
394.5312 26.2598 0.9174 0.0713
394.5312 36.1035 0.9010 0.0713
394.5312 36.1035 0.9174 0.0830
672.6562 26.2598 0.9010 0.0830
369.5312 27.6660 0.9736 0.2275
447.6562 27.6660 0.9736 0.2275
369.5312 29.0723 0.9736 0.2275
369.5312 27.6660 0.9822 0.2275
369.5312 27.6660 0.9736 0.2393
447.6562 29.0723 0.9822 0.2393
569.5312 50.1660 0.9236 0.4775
647.6562 50.1660 0.9236 0.4775
569.5312 51.5723 0.9236 0.4775
569.5312 50.1660 0.9322 0.4775
569.5312 50.1660 0.9236 0.4893
647.6562 51.5723 0.9322 0.4893
669.5312 16.4160 0.9986 0.1025
547.6562 16.4160 0.9986 0.1025
669.5312 40.3223 0.9986 0.1025
669.5312 16.4160 0.9572 0.1025
669.5312 16.4160 0.9986 0.3643
547.6562 40.3223 0.9572 0.3643
469.5312 38.9160 0.9486 0.3525
347.6562 38.9160 0.9486 0.3525
469.5312 17.8223 0.9486 0.3525
469.5312 38.9160 0.9072 0.3525
469.5312 38.9160 0.9486 0.1143
347.6562 17.8223 0.9072 0.1143
419.5312 10.7910 0.9111 0.2900
397.6562 10.7910 0.9111 0.2900
419.5312 23.4473 0.9111 0.2900
419.5312 10.7910 0.9697 0.2900
419.5312 10.7910 0.9111 0.3018
397.6562 23.4473 0.9697 0.3018
619.5312 33.2910 0.9611 0.0400
597.6562 33.2910 0.9611 0.0400
619.5312 45.9473 0.9611 0.0400
619.5312 33.2910 0.9197 0.0400
619.5312 33.2910 0.9611 0.0518
597.6562 45.9473 0.9197 0.0518
519.5312 22.0410 0.9361 0.4150
697.6562 22.0410 0.9361 0.4150
519.5312 34.6973 0.9361 0.4150
519.5312 22.0410 0.9947 0.4150
519.5312 22.0410 0.9361 0.1768
697.6562 34.6973 0.9947 0.1768
319.5312 44.5410 0.9861 0.1650
497.6562 44.5410 0.9861 0.1650
319.5312 12.1973 0.9861 0.1650
319.5312 44.5410 0.9447 0.1650
319.5312 44.5410 0.9861 0.4268
497.6562 12.1973 0.9447 0.4268
313.2812 11.4941 0.9502 0.0635
553.9062 11.4941 0.9502 0.0635
313.2812 17.1191 0.9502 0.0635
313.2812 11.4941 0.9900 0.0635
313.2812 11.4941 0.9502 0.4971
553.9062 17.1191 0.9900 0.4971
513.2812 33.9941 0.9002 0.3135
353.9062 33.9941 0.9002 0.3135
513.2812 39.6191 0.9002 0.3135
513.2812 33.9941 0.9400 0.3135
513.2812 33.9941 0.9002 0.2471
353.9062 39.6191 0.9400 0.2471
613.2812 22.7441 0.9752 0.1885
453.9062 22.7441 0.9752 0.1885
613.2812 50.8691 0.9752 0.1885
613.2812 22.7441 0.9650 0.1885
613.2812 22.7441 0.9752 0.1221
453.9062 50.8691 0.9650 0.1221
413.2812 45.2441 0.9252 0.4385
653.9062 45.2441 0.9252 0.4385
413.2812 28.3691 0.9252 0.4385
413.2812 45.2441 0.9150 0.4385
413.2812 45.2441 0.9252 0.3721
653.9062 28.3691 0.9150 0.3721
463.2812 28.3691 0.9127 0.3760
603.9062 28.3691 0.9127 0.3760
463.2812 11.4941 0.9127 0.3760
463.2812 28.3691 0.9525 0.3760
463.2812 28.3691 0.9127 0.0596
603.9062 11.4941 0.9525 0.0596
663.2812 50.8691 0.9627 0.1260
403.9062 50.8691 0.9627 0.1260
663.2812 33.9941 0.9627 0.1260
663.2812 50.8691 0.9025 0.1260
663.2812 50.8691 0.9627 0.3096
403.9062 33.9941 0.9025 0.3096
563.2812 17.1191 0.9377 0.2510
303.9062 17.1191 0.9377 0.2510
563.2812 45.2441 0.9377 0.2510
563.2812 17.1191 0.9775 0.2510
563.2812 17.1191 0.9377 0.4346
303.9062 45.2441 0.9775 0.4346
363.2812 39.6191 0.9877 0.0010
503.9062 39.6191 0.9877 0.0010
363.2812 22.7441 0.9877 0.0010
363.2812 39.6191 0.9275 0.0010
363.2812 39.6191 0.9877 0.1846
503.9062 22.7441 0.9275 0.1846
388.2812 25.5566 0.9439 0.1572
378.9062 25.5566 0.9439 0.1572
388.2812 31.1816 0.9439 0.1572
388.2812 25.5566 0.9588 0.1572
388.2812 25.5566 0.9439 0.0283
378.9062 31.1816 0.9588 0.0283
588.2812 48.0566 0.9939 0.4072
578.9062 48.0566 0.9939 0.4072
588.2812 53.6816 0.9939 0.4072
588.2812 48.0566 0.9088 0.4072
588.2812 48.0566 0.9939 0.2783
578.9062 53.6816 0.9088 0.2783
688.2812 14.3066 0.9189 0.0322
678.9062 14.3066 0.9189 0.0322
688.2812 42.4316 0.9189 0.0322
688.2812 14.3066 0.9838 0.0322
688.2812 14.3066 0.9189 0.4033
678.9062 42.4316 0.9838 0.4033
488.2812 36.8066 0.9689 0.2822
478.9062 36.8066 0.9689 0.2822
488.2812 19.9316 0.9689 0.2822
488.2812 36.8066 0.9338 0.2822
488.2812 36.8066 0.9689 0.1533
478.9062 19.9316 0.9338 0.1533
438.2812 19.9316 0.9814 0.3447
428.9062 19.9316 0.9814 0.3447
438.2812 25.5566 0.9814 0.3447
438.2812 19.9316 0.9963 0.3447
438.2812 19.9316 0.9814 0.4658
428.9062 25.5566 0.9963 0.4658
638.2812 42.4316 0.9314 0.0947
628.9062 42.4316 0.9314 0.0947
638.2812 48.0566 0.9314 0.0947
638.2812 42.4316 0.9463 0.0947
638.2812 42.4316 0.9314 0.2158
628.9062 48.0566 0.9463 0.2158
538.2812 31.1816 0.9564 0.4697
528.9062 31.1816 0.9564 0.4697
538.2812 36.8066 0.9564 0.4697
538.2812 31.1816 0.9713 0.4697
538.2812 31.1816 0.9564 0.0908
528.9062 36.8066 0.9713 0.0908
338.2812 53.6816 0.9064 0.2197
328.9062 53.6816 0.9064 0.2197
338.2812 14.3066 0.9064 0.2197
338.2812 53.6816 0.9213 0.2197
338.2812 53.6816 0.9064 0.3408
328.9062 14.3066 0.9213 0.3408
325.7812 29.7754 0.9971 0.2666
666.4062 29.7754 0.9971 0.2666
325.7812 46.6504 0.9971 0.2666
325.7812 29.7754 0.9432 0.2666
325.7812 29.7754 0.9971 0.0752
666.4062 46.6504 0.9432 0.0752
525.7812 52.2754 0.9471 0.0166
466.4062 52.2754 0.9471 0.0166
525.7812 24.1504 0.9471 0.0166
525.7812 52.2754 0.9932 0.0166
525.7812 52.2754 0.9471 0.3252
466.4062 24.1504 0.9932 0.3252
625.7812 18.5254 0.9721 0.3916
366.4062 18.5254 0.9721 0.3916
625.7812 12.9004 0.9721 0.3916
625.7812 18.5254 0.9182 0.3916
625.7812 18.5254 0.9721 0.4502
366.4062 12.9004 0.9182 0.4502
425.7812 41.0254 0.9221 0.1416
566.4062 41.0254 0.9221 0.1416
425.7812 35.4004 0.9221 0.1416
425.7812 41.0254 0.9682 0.1416
425.7812 41.0254 0.9221 0.2002
566.4062 35.4004 0.9682 0.2002
475.7812 12.9004 0.9346 0.2041
516.4062 12.9004 0.9346 0.2041
475.7812 52.2754 0.9346 0.2041
475.7812 12.9004 0.9057 0.2041
475.7812 12.9004 0.9346 0.3877
516.4062 52.2754 0.9057 0.3877
675.7812 35.4004 0.9846 0.4541
316.4062 35.4004 0.9846 0.4541
675.7812 29.7754 0.9846 0.4541
675.7812 35.4004 0.9557 0.4541
675.7812 35.4004 0.9846 0.1377
316.4062 29.7754 0.9557 0.1377
575.7812 24.1504 0.9096 0.0791
416.4062 24.1504 0.9096 0.0791
575.7812 18.5254 0.9096 0.0791
575.7812 24.1504 0.9307 0.0791
575.7812 24.1504 0.9096 0.0127
416.4062 18.5254 0.9307 0.0127
375.7812 46.6504 0.9596 0.3291
616.4062 46.6504 0.9596 0.3291
375.7812 41.0254 0.9596 0.3291
375.7812 46.6504 0.9807 0.3291
375.7812 46.6504 0.9596 0.2627
616.4062 41.0254 0.9807 0.2627
350.7812 15.7129 0.9033 0.4854
491.4062 15.7129 0.9033 0.4854
350.7812 32.5879 0.9033 0.4854
350.7812 15.7129 0.9119 0.4854
350.7812 15.7129 0.9033 0.4189
491.4062 32.5879 0.9119 0.4189
550.7812 38.2129 0.9533 0.2354
691.4062 38.2129 0.9533 0.2354
550.7812 10.0879 0.9533 0.2354
550.7812 38.2129 0.9619 0.2354
550.7812 38.2129 0.9533 0.1689
691.4062 10.0879 0.9619 0.1689
650.7812 26.9629 0.9283 0.3604
591.4062 26.9629 0.9283 0.3604
650.7812 21.3379 0.9283 0.3604
650.7812 26.9629 0.9369 0.3604
650.7812 26.9629 0.9283 0.0439
591.4062 21.3379 0.9369 0.0439
450.7812 49.4629 0.9783 0.1104
391.4062 49.4629 0.9783 0.1104
450.7812 43.8379 0.9783 0.1104
450.7812 49.4629 0.9869 0.1104
450.7812 49.4629 0.9783 0.2939
391.4062 43.8379 0.9869 0.2939
400.7812 21.3379 0.9658 0.0479
341.4062 21.3379 0.9658 0.0479
400.7812 38.2129 0.9658 0.0479
400.7812 21.3379 0.9494 0.0479
400.7812 21.3379 0.9658 0.1064
341.4062 38.2129 0.9494 0.1064
600.7812 43.8379 0.9158 0.2979
541.4062 43.8379 0.9158 0.2979
600.7812 15.7129 0.9158 0.2979
600.7812 43.8379 0.9994 0.2979
600.7812 43.8379 0.9158 0.3564
541.4062 15.7129 0.9994 0.3564
500.7812 10.0879 0.9908 0.1729
641.4062 10.0879 0.9908 0.1729
500.7812 26.9629 0.9908 0.1729
500.7812 10.0879 0.9244 0.1729
500.7812 10.0879 0.9908 0.4814
641.4062 26.9629 0.9244 0.4814
300.7812 32.5879 0.9408 0.4229
441.4062 32.5879 0.9408 0.4229
300.7812 49.4629 0.9408 0.4229
300.7812 32.5879 0.9744 0.4229
300.7812 32.5879 0.9408 0.2314
441.4062 49.4629 0.9744 0.2314
