50.00000000 106.04925970
50.00000000 106.04925970
50.00000000 106.04925970
50.00000000 106.04925970
50.00000000 106.04925970
50.00000000 106.04925970
50.00000000 106.04925970
50.00000000 106.04925970
50.00000000 106.04925970
50.00000000 106.04925970
200.00000000 449.13458693
200.00000000 449.13458693
200.00000000 449.13458693
200.00000000 449.13458693
200.00000000 449.13458693
200.00000000 449.13458693
200.00000000 449.13458693
200.00000000 449.13458693
200.00000000 449.13458693
200.00000000 449.13458693
125.00000000 270.55232534
125.00000000 270.55232534
162.80000000 3595.20646186
125.00000000 270.55232534
275.00000000 270.83735252
226.80000000 22669.63757912
275.00000000 270.83735252
226.80000000 22669.63757912
162.80000000 3595.20646186
226.80000000 22669.63757912
226.50000000 8509.25460501
226.50000000 8509.25460501
275.00000000 270.44039505
226.50000000 8509.25460501
125.00000000 621.65030312
125.00000000 271.58765065
125.00000000 621.65030312
125.00000000 271.58765065
275.00000000 270.44039505
125.00000000 271.58765065
312.50000000 359.50089513
312.50000000 359.50089513
312.50000000 180.10041080
312.50000000 359.50089513
312.50000000 359.50089513
312.50000000 180.10041080
312.50000000 359.50089513
312.50000000 180.10041080
312.50000000 180.10041080
312.50000000 180.10041080
197.50000000 43385.13114123
197.50000000 43385.13114123
197.90000000 2543.74919170
197.50000000 43385.13114123
197.50000000 43385.13114123
197.90000000 2543.74919170
197.50000000 43385.13114123
197.90000000 2543.74919170
197.90000000 2543.74919170
197.90000000 2543.74919170
237.50000000 180.54419852
237.50000000 180.54419852
197.70000000 21667.31089224
237.50000000 180.54419852
87.50000000 179.05166292
107.70000000 1951.80901783
87.50000000 179.05166292
107.70000000 1951.80901783
197.70000000 21667.31089224
107.70000000 1951.80901783
87.50000000 529.73179206
87.50000000 529.73179206
87.50000000 360.36377329
87.50000000 529.73179206
237.50000000 531.15878547
237.50000000 360.03738408
237.50000000 531.15878547
237.50000000 360.03738408
87.50000000 360.36377329
237.50000000 360.03738408
181.30000000 310.88278183
181.30000000 310.20386072
181.30000000 310.88278183
181.30000000 310.88278183
331.30000000 309.22746927
331.30000000 309.22746927
331.30000000 310.91581500
331.30000000 310.91581500
181.30000000 310.20386072
331.30000000 310.91581500
213.00000000 27035.91479398
212.20000000 16523.81426600
213.00000000 27035.91479398
213.00000000 27035.91479398
213.00000000 12178.10302429
213.00000000 12178.10302429
181.30000000 659.64883516
181.30000000 659.64883516
212.20000000 16523.81426600
181.30000000 659.64883516
106.30000000 139.59751115
106.30000000 140.37116726
106.30000000 494.10803917
106.30000000 139.59751115
106.30000000 139.59751115
106.30000000 494.10803917
106.30000000 140.37116726
106.30000000 489.37497215
106.30000000 489.37497215
106.30000000 489.37497215
256.30000000 490.99195229
256.30000000 491.49866465
256.30000000 140.28470509
256.30000000 490.99195229
256.30000000 490.99195229
256.30000000 140.28470509
256.30000000 491.49866465
256.30000000 141.76495344
256.30000000 141.76495344
256.30000000 141.76495344
218.80000000 229.71605899
218.80000000 231.09935679
218.80000000 399.12433659
218.80000000 229.71605899
68.80000000 228.59244489
68.80000000 400.54030006
68.80000000 230.25501401
68.80000000 402.75876690
218.80000000 402.07910774
68.80000000 402.75876690
82.20000000 1130.50444090
68.80000000 579.15555327
187.10000000 34166.36525996
82.20000000 1130.50444090
241.90000000 14758.11121995
187.10000000 44639.96627124
218.80000000 579.50639676
187.20000000 7220.54214533
68.80000000 749.21508951
187.20000000 7220.54214533
293.80000000 401.72804151
293.80000000 399.88659955
242.30000000 8357.34254413
293.80000000 401.72804151
293.80000000 401.72804151
242.30000000 8357.34254413
293.80000000 399.88659955
242.30000000 8397.69242266
242.30000000 8397.69242266
242.30000000 8397.69242266
143.80000000 751.42506145
187.60000000 25396.85325376
143.80000000 231.65679241
143.80000000 751.42506145
143.80000000 751.42506145
143.80000000 231.65679241
187.60000000 25396.85325376
143.80000000 230.69305949
143.80000000 230.69305949
143.80000000 230.69305949
246.90000000 419.01449759
246.90000000 420.24132762
181.90000000 12385.23339829
246.90000000 419.01449759
303.10000000 420.50629574
181.80000000 18408.70271647
303.10000000 420.02445519
182.20000000 18440.98458879
182.40000000 12364.76177073
182.20000000 18440.98458879
136.80000000 5887.84930763
182.20000000 38064.03358615
96.90000000 420.90065200
136.80000000 5887.84930763
182.40000000 16513.18439822
153.10000000 419.85954665
182.20000000 42160.57921422
153.10000000 420.37576896
96.90000000 419.98583965
153.10000000 420.37576896
321.80000000 251.47192000
321.80000000 251.61398515
321.80000000 251.47192000
321.80000000 251.47192000
78.10000000 249.55538091
78.10000000 249.55538091
78.10000000 252.67566572
78.10000000 252.67566572
321.80000000 251.61398515
78.10000000 252.67566572
171.90000000 599.27729458
171.90000000 601.35081000
171.90000000 599.27729458
171.90000000 599.27729458
228.20000000 603.55021469
228.20000000 603.55021469
228.10000000 605.22495525
228.10000000 605.22495525
171.90000000 601.35081000
228.10000000 605.22495525
134.40000000 162.22261388
134.40000000 161.28403892
134.40000000 689.86901196
134.40000000 162.22261388
115.60000000 162.83646476
115.60000000 690.47546818
115.60000000 160.98245003
115.60000000 692.22609613
134.40000000 690.94388722
115.60000000 692.22609613
274.60000000 20359.18760186
274.60000000 1921.38282968
284.40000000 341.40746968
274.60000000 20359.18760186
274.60000000 18620.30235039
265.60000000 342.46349289
265.50000000 513.86720115
265.60000000 341.23000258
284.40000000 340.64755405
265.60000000 341.23000258
59.40000000 337.75578122
59.40000000 338.73403955
59.40000000 158.29610169
59.40000000 337.75578122
340.60000000 340.63684880
340.60000000 160.66840066
340.60000000 341.90603182
340.60000000 161.44814196
59.40000000 163.07531939
340.60000000 161.44814196
203.10000000 2033.63176753
204.00000000 1955.40668529
209.40000000 511.44016822
203.10000000 2033.63176753
190.60000000 690.31070929
190.60000000 510.98534750
190.60000000 689.56954249
190.60000000 509.01394718
209.40000000 508.85978197
190.60000000 509.01394718
303.10000000 200.45167538
303.10000000 200.85554042
255.60000000 7609.81939990
303.10000000 200.45167538
96.90000000 202.03279595
96.90000000 549.55478075
96.90000000 198.64066617
110.70000000 946.21083857
255.30000000 20254.47186502
110.70000000 946.21083857
153.10000000 550.23316267
153.10000000 549.75776031
153.10000000 200.82955051
153.10000000 550.23316267
246.90000000 553.63023347
246.90000000 199.84584520
246.90000000 552.12474949
246.90000000 200.02348288
153.10000000 198.87837234
246.90000000 200.02348288
228.10000000 381.59332499
228.10000000 379.25245850
228.10000000 381.59332499
228.10000000 381.59332499
321.80000000 381.63415117
321.80000000 381.63415117
321.80000000 380.32022910
321.80000000 380.32022910
228.10000000 379.25245850
321.80000000 380.32022910
78.10000000 729.16409350
90.80000000 1319.68915514
78.10000000 729.16409350
78.10000000 729.16409350
171.90000000 729.45860439
171.90000000 729.45860439
192.40000000 12399.40643934
192.40000000 12399.40643934
90.80000000 1319.68915514
192.40000000 12399.40643934
115.60000000 291.93028338
115.60000000 288.21708440
115.60000000 471.82884336
115.60000000 291.93028338
284.40000000 289.28123688
284.40000000 471.56537067
284.40000000 291.36988331
284.40000000 472.08978295
115.60000000 471.32657303
284.40000000 472.08978295
219.40000000 28065.39764258
219.40000000 8386.23689784
265.60000000 122.29560767
219.40000000 28065.39764258
205.50000000 11771.04711419
134.40000000 120.33457683
134.40000000 640.69183032
134.40000000 120.93962452
265.60000000 119.88154446
134.40000000 120.93962452
190.60000000 120.43780279
190.60000000 120.77411202
190.60000000 289.39328482
190.60000000 120.43780279
59.40000000 118.34203717
59.40000000 291.98302844
59.40000000 119.12038902
59.40000000 291.58794175
190.60000000 289.99983094
59.40000000 291.58794175
298.20000000 5997.83761827
297.40000000 15851.44309921
218.90000000 16443.48635978
298.20000000 5997.83761827
209.40000000 470.03429938
209.40000000 642.19732742
240.50000000 1859.93085191
219.40000000 42308.06476938
219.40000000 44876.42024300
219.40000000 42308.06476938
214.00000000 280.70928063
214.00000000 280.66653678
189.40000000 5836.86931480
214.00000000 280.70928063
251.50000000 281.31747301
189.00000000 11637.17475964
251.50000000 281.26398483
189.30000000 11652.19771797
189.40000000 5851.83523659
189.30000000 11652.19771797
64.00000000 629.70497138
64.00000000 630.08683265
64.00000000 388.40468750
64.00000000 629.70497138
101.50000000 627.63716832
101.50000000 391.50787047
101.50000000 629.48839080
101.50000000 392.08738475
64.00000000 389.50008814
101.50000000 392.08738475
289.00000000 111.50218738
289.00000000 111.62046252
289.00000000 221.22781946
289.00000000 111.50218738
176.50000000 109.76807004
176.50000000 221.28071373
176.50000000 110.33966628
176.50000000 221.29417878
289.00000000 221.85141664
176.50000000 221.29417878
139.00000000 459.17638144
139.00000000 459.36167323
139.00000000 570.96616914
139.00000000 459.17638144
305.30000000 3385.96824236
246.80000000 11461.78615484
304.80000000 3343.93983763
246.40000000 11486.75278527
139.00000000 569.98935110
246.40000000 11486.75278527
176.50000000 190.72751087
176.50000000 191.24694446
176.50000000 649.11281230
176.50000000 190.72751087
139.00000000 190.39140188
139.00000000 649.28368302
139.00000000 189.68092753
139.00000000 648.53089166
176.50000000 649.42798676
139.00000000 648.53089166
259.40000000 25924.60435068
259.70000000 14461.29070921
326.50000000 300.73100023
259.40000000 25924.60435068
259.40000000 23447.31695924
289.00000000 301.74219739
259.70000000 10498.76588599
289.00000000 301.57574327
326.50000000 301.34514816
289.00000000 301.57574327
101.50000000 370.80212580
101.50000000 370.00227140
101.50000000 128.42035944
101.50000000 370.80212580
214.00000000 371.81628085
214.00000000 131.06121344
214.00000000 370.56412291
214.00000000 130.30514935
101.50000000 129.48936444
214.00000000 130.30514935
194.70000000 10693.88416351
194.40000000 10764.53869726
251.50000000 480.43393610
194.70000000 10693.88416351
64.00000000 718.68005533
64.00000000 480.70254121
64.00000000 723.25855731
64.00000000 483.05339973
251.50000000 480.40895257
64.00000000 483.05339973
345.30000000 149.02939607
345.30000000 151.55853823
230.50000000 15424.34083695
345.30000000 149.02939607
157.80000000 152.50138783
157.80000000 610.74449807
157.80000000 152.11250243
178.40000000 1612.01527129
230.20000000 22563.00560111
178.40000000 1612.01527129
195.30000000 502.59355369
195.30000000 501.09488681
195.30000000 260.72764386
195.30000000 502.59355369
279.90000000 4379.26771588
307.80000000 262.50428688
281.40000000 4373.57520333
307.80000000 261.18904308
195.30000000 260.35311183
307.80000000 261.18904308
270.30000000 321.95613529
270.30000000 320.14407420
277.40000000 525.13903823
270.30000000 321.95613529
232.80000000 322.41272242
232.80000000 432.20625292
232.80000000 319.21026472
232.80000000 429.78376580
270.30000000 431.16457494
232.80000000 429.78376580
120.30000000 670.00063733
209.70000000 42512.89578835
121.90000000 804.81666666
120.30000000 670.00063733
82.80000000 670.50732498
82.80000000 780.45686658
209.70000000 39016.83747642
179.90000000 58466.87600598
179.90000000 58466.87600598
179.90000000 58466.87600598
82.80000000 410.38471762
82.80000000 410.11286904
82.80000000 520.16407151
82.80000000 410.38471762
270.30000000 409.55213651
269.80000000 614.42866315
270.30000000 411.31161844
269.30000000 9030.88704202
82.80000000 520.58058275
269.30000000 9030.88704202
184.80000000 50084.09743513
184.50000000 9952.72872856
232.80000000 172.65603075
184.80000000 50084.09743513
184.80000000 48242.26323147
120.30000000 171.34770689
120.30000000 760.84842283
120.30000000 170.53647667
232.80000000 170.69891931
120.30000000 170.53647667
157.80000000 240.05714048
157.80000000 240.11029284
157.80000000 349.63403920
157.80000000 240.05714048
195.30000000 239.95630329
195.30000000 350.81460165
195.30000000 240.12386143
195.30000000 349.86915594
157.80000000 350.85046587
195.30000000 349.86915594
237.30000000 10714.76739732
238.00000000 10611.34095200
200.20000000 16194.04288437
237.30000000 10714.76739732
237.20000000 14380.88813212
199.80000000 19265.24840621
237.80000000 14376.91438730
200.80000000 24714.74363287
200.80000000 22244.05564387
200.80000000 24714.74363287
92.20000000 262.22461302
92.20000000 258.19996405
92.20000000 149.72231956
92.20000000 262.22461302
185.90000000 261.88874274
185.90000000 149.67940360
185.90000000 259.46949422
185.90000000 148.96079351
92.20000000 150.43807107
185.90000000 148.96079351
230.10000000 2794.54704142
230.30000000 34205.19640732
242.20000000 500.60739702
230.10000000 2794.54704142
230.20000000 14572.30875862
280.80000000 7723.77052574
230.30000000 37614.43789245
280.40000000 18679.68561378
280.40000000 8496.91542414
280.40000000 18679.68561378
167.20000000 430.65949788
167.20000000 430.94296123
210.00000000 30958.16662233
167.20000000 430.65949788
260.90000000 430.77960199
210.00000000 36557.65529988
260.90000000 431.44995686
210.30000000 22423.22492456
210.30000000 9759.87940615
210.30000000 22423.22492456
179.90000000 19926.84475904
179.50000000 19900.53411945
317.20000000 320.40133902
179.90000000 19926.84475904
111.00000000 779.37145490
111.00000000 319.88242270
111.00000000 780.98767769
111.00000000 321.05216776
317.20000000 319.95495358
111.00000000 321.05216776
279.70000000 349.96932825
279.70000000 349.75569957
279.70000000 239.78001593
279.70000000 349.96932825
223.40000000 349.99485510
223.40000000 239.58646032
223.40000000 351.63172494
223.40000000 240.51093506
279.70000000 241.05759685
223.40000000 240.51093506
201.00000000 48563.21107825
129.70000000 699.82674071
237.60000000 21919.70593829
201.00000000 48563.21107825
201.00000000 45786.11910900
164.60000000 13873.06819422
73.50000000 699.65341026
73.50000000 590.65454881
129.70000000 589.85356412
73.50000000 590.65454881
204.70000000 171.39137203
204.70000000 172.39167019
184.80000000 34550.71053827
204.70000000 171.39137203
148.50000000 171.47513544
184.80000000 30075.37375808
148.50000000 172.06160659
184.80000000 42198.43531899
184.80000000 44160.95038523
184.80000000 42198.43531899
54.70000000 519.92424242
54.70000000 518.84577922
54.70000000 412.39838059
54.70000000 519.92424242
270.50000000 4754.50366115
298.40000000 410.09334385
270.60000000 4759.91375075
298.40000000 410.67514302
54.70000000 412.93897635
298.40000000 410.67514302
148.50000000 390.07088560
148.50000000 393.37374909
148.50000000 280.71889970
148.50000000 390.07088560
204.70000000 391.81561831
204.70000000 281.09192331
204.70000000 392.38071505
204.70000000 280.65409356
148.50000000 283.35069214
204.70000000 280.65409356
189.70000000 31079.76510440
190.10000000 18520.93631084
222.90000000 17145.07709708
189.70000000 31079.76510440
85.30000000 4190.05026436
54.70000000 629.59528620
54.70000000 738.54656926
54.70000000 631.68000000
222.90000000 11866.20237266
54.70000000 631.68000000
73.50000000 220.28563091
73.50000000 221.42642081
73.50000000 460.67134395
73.50000000 220.28563091
129.70000000 220.78125570
129.70000000 462.24244962
129.70000000 220.27398353
129.70000000 459.03713356
73.50000000 461.21454904
129.70000000 459.03713356
223.40000000 571.45534757
245.90000000 4799.88504211
223.40000000 112.22326314
223.40000000 571.45534757
246.40000000 5828.71016072
279.70000000 111.27275071
245.90000000 12883.50829428
279.70000000 111.87095098
223.40000000 112.57873116
279.70000000 111.87095098
260.90000000 130.77813736
260.90000000 130.88894410
260.90000000 369.64664635
260.90000000 130.77813736
167.20000000 130.66969266
167.20000000 369.74657246
167.20000000 130.63405539
167.20000000 369.43526569
260.90000000 369.42369344
167.20000000 369.43526569
111.00000000 482.12725031
111.00000000 479.06632562
194.80000000 25913.22750220
111.00000000 482.12725031
291.20000000 3896.88124541
194.80000000 39438.79452962
292.20000000 3987.52691500
194.70000000 17772.00997522
111.00000000 720.93710498
194.70000000 17772.00997522
335.90000000 301.84462405
335.90000000 301.60574418
260.40000000 10539.57116973
335.90000000 301.84462405
242.20000000 301.01043596
242.20000000 540.90989891
242.20000000 300.16998257
242.20000000 540.10979174
260.20000000 10601.09206985
242.20000000 540.10979174
186.00000000 649.68673845
216.60000000 32082.38845431
185.90000000 191.97552801
186.00000000 649.68673845
92.20000000 650.34557036
92.20000000 192.37372527
190.30000000 18705.01672753
92.20000000 190.02246615
185.90000000 191.41159659
92.20000000 190.02246615
300.80000000 369.75178696
300.80000000 370.70762651
300.80000000 410.38132339
300.80000000 369.75178696
113.20000000 370.35436961
113.20000000 410.70294162
113.30000000 370.60284312
113.30000000 409.91651949
300.80000000 411.98231159
113.30000000 409.91651949
152.90000000 754.24338617
150.80000000 721.75357909
173.70000000 3427.22617693
152.90000000 754.24338617
194.70000000 15984.18428347
184.90000000 20859.09965803
194.90000000 12225.58051831
184.00000000 13979.71646194
150.80000000 761.24989669
184.00000000 13979.71646194
225.80000000 201.10857553
225.80000000 201.63718278
242.10000000 11516.79758910
225.80000000 201.10857553
338.30000000 201.86080020
242.10000000 22648.93850043
338.20000000 201.38615106
242.00000000 13216.09620022
225.80000000 579.12655959
242.00000000 13216.09620022
75.80000000 552.14615106
107.20000000 2657.18576790
75.80000000 228.75645614
75.80000000 552.14615106
188.30000000 550.83441947
188.30000000 231.26786908
254.50000000 12214.45851523
188.30000000 231.92999922
75.80000000 230.26075234
188.30000000 231.92999922
113.30000000 108.88416812
113.30000000 109.84556768
113.30000000 321.68074611
113.30000000 108.88416812
300.70000000 111.41642929
300.70000000 319.95648900
300.80000000 111.71629589
300.80000000 322.49133080
113.30000000 319.71686892
300.80000000 322.49133080
269.60000000 556.58287340
263.20000000 461.42139581
209.70000000 42448.33510182
269.60000000 556.58287340
150.80000000 461.93354671
209.70000000 38026.12151729
150.80000000 461.76774277
150.80000000 669.90570716
208.90000000 9815.62722064
150.80000000 669.90570716
188.30000000 291.85325951
188.30000000 290.58404105
188.30000000 490.63060905
188.30000000 291.85325951
75.80000000 290.14406334
75.80000000 489.55552009
75.80000000 293.63941126
75.80000000 493.97681044
188.30000000 490.78128814
75.80000000 493.97681044
218.80000000 16200.67348290
219.50000000 16216.26284935
338.20000000 141.12596086
218.80000000 16200.67348290
219.00000000 1989.41677304
225.80000000 141.07344294
219.20000000 1928.93081682
225.80000000 139.90455769
338.20000000 141.20111974
225.80000000 139.90455769
244.60000000 241.61254055
244.60000000 241.61254055
244.60000000 189.59775902
244.60000000 241.61254055
282.00000000 240.36519369
282.00000000 189.75013121
282.00000000 240.36519369
282.00000000 189.75013121
244.60000000 189.59775902
282.00000000 189.75013121
94.60000000 591.85561337
94.60000000 591.85561337
94.60000000 540.20436503
94.60000000 591.85561337
132.10000000 588.94638148
132.10000000 541.98416665
132.10000000 588.94638148
132.10000000 541.98416665
94.60000000 540.20436503
132.10000000 541.98416665
319.90000000 423.94123737
319.90000000 423.94123737
197.90000000 52303.20768480
319.90000000 423.94123737
57.00000000 422.90288812
197.90000000 47923.83022548
57.00000000 422.90288812
197.90000000 47923.83022548
197.90000000 52303.20768480
197.90000000 47923.83022548
174.80000000 1145.95289498
174.80000000 1145.95289498
169.50000000 360.33168477
174.80000000 1145.95289498
182.30000000 8605.61215918
207.00000000 359.97889329
182.30000000 8605.61215918
207.00000000 359.97889329
169.50000000 360.33168477
207.00000000 359.97889329
132.00000000 330.19894728
132.00000000 330.19894728
132.00000000 99.43326755
132.00000000 330.19894728
94.60000000 332.07805203
94.60000000 100.57275079
94.60000000 332.07805203
94.60000000 100.57275079
132.00000000 99.43326755
94.60000000 100.57275079
206.60000000 39215.87537637
206.60000000 39215.87537637
282.00000000 451.01291864
206.60000000 39215.87537637
206.60000000 38013.81677365
244.50000000 451.20644551
206.60000000 38013.81677365
244.50000000 451.20644551
282.00000000 451.01291864
244.50000000 451.20644551
57.10000000 159.83078398
57.10000000 159.83078398
57.10000000 631.81661805
57.10000000 159.83078398
319.50000000 160.34405652
223.00000000 14964.06839330
319.50000000 160.34405652
223.00000000 14964.06839330
57.10000000 631.81661805
223.00000000 14964.06839330
207.00000000 511.25161637
207.00000000 511.25161637
207.00000000 280.38496953
207.00000000 511.25161637
169.60000000 511.11517443
169.60000000 282.72109626
169.60000000 511.11517443
169.60000000 282.72109626
207.00000000 280.38496953
169.60000000 282.72109626
197.60000000 180.63733544
197.60000000 181.51853204
197.60000000 470.73004813
197.60000000 180.63733544
328.90000000 179.71630440
298.50000000 4590.60571717
328.80000000 181.91832469
298.50000000 11884.50735929
205.30000000 569.79153784
298.50000000 11884.50735929
264.80000000 11039.80044895
265.40000000 11028.03022064
347.70000000 121.33097463
264.80000000 11039.80044895
178.90000000 528.82073801
178.90000000 118.62257169
178.90000000 528.99071455
178.90000000 119.88787015
347.60000000 121.02361805
178.90000000 119.88787015
122.60000000 351.57746373
122.60000000 351.04168124
122.60000000 302.27904043
122.60000000 351.57746373
103.90000000 352.26604307
103.90000000 300.91001716
103.90000000 351.99089006
103.90000000 302.57802089
122.60000000 301.72349449
103.90000000 302.57802089
200.40000000 12445.70191748
200.60000000 28187.11652870
216.20000000 9905.58408624
200.40000000 12445.70191748
201.00000000 10006.72639697
216.50000000 7288.22708176
200.60000000 26942.86662193
216.60000000 19299.65842368
216.60000000 21066.11078006
216.60000000 19299.65842368
235.20000000 440.31244402
235.10000000 440.08152236
235.20000000 559.23711056
235.20000000 440.31244402
66.40000000 440.52662884
66.40000000 561.26668963
66.40000000 441.49181366
66.40000000 560.44686241
235.10000000 561.26940599
66.40000000 560.44686241
177.80000000 61514.25521375
85.20000000 791.58865413
85.10000000 210.26360791
177.80000000 61514.25521375
177.80000000 61514.25521375
216.40000000 212.15402454
177.10000000 8755.44523533
216.40000000 211.27719910
85.20000000 212.74847404
216.40000000 211.27719910
310.20000000 262.37240236
310.10000000 260.47413862
310.20000000 381.63718362
310.20000000 262.37240236
291.30000000 261.44139623
291.30000000 381.84508714
291.40000000 260.21665487
291.40000000 380.03196129
310.10000000 380.23686143
291.40000000 380.03196129
160.20000000 611.98800674
230.40000000 11903.89337945
160.20000000 731.30239828
160.20000000 611.98800674
141.30000000 609.48708795
141.30000000 730.21351102
204.60000000 8736.03124826
192.50000000 37644.44696886
192.50000000 38882.70029614
192.50000000 37644.44696886
66.40000000 311.85290716
66.40000000 310.19547716
66.40000000 688.64229288
66.40000000 311.85290716
85.10000000 310.03121634
85.10000000 688.75455312
85.10000000 308.74372842
85.10000000 689.43114162
66.40000000 690.41464332
85.10000000 689.43114162
212.90000000 16742.00945777
213.00000000 47609.37162288
216.40000000 341.01890221
212.90000000 16742.00945777
212.90000000 18994.13876497
235.10000000 341.69125100
213.00000000 47882.24764846
235.10000000 342.84447742
216.40000000 341.98032614
235.10000000 342.84447742
141.40000000 131.05470331
141.40000000 129.40207867
141.40000000 171.47540691
141.40000000 131.05470331
310.10000000 131.71447540
310.10000000 171.81697934
310.20000000 132.98144867
310.20000000 171.44942547
141.40000000 169.94173668
310.20000000 171.44942547
291.40000000 509.02076141
291.30000000 507.89595282
271.10000000 3716.48135347
291.40000000 509.02076141
160.10000000 479.26399440
160.10000000 519.41864799
160.20000000 480.63821118
160.20000000 521.17312342
270.60000000 3835.55879503
160.20000000 521.17312342
328.90000000 220.15143235
328.90000000 220.25787956
179.90000000 20831.40329525
328.90000000 220.15143235
347.60000000 220.79463219
180.20000000 22118.84851766
347.60000000 220.23334499
179.40000000 22067.44886351
178.90000000 20767.06313074
179.40000000 22067.44886351
224.20000000 4941.84697745
178.90000000 571.12813036
178.90000000 429.68578756
224.20000000 4941.84697745
246.20000000 7878.77104713
197.60000000 432.03161366
197.60000000 570.25927531
197.60000000 430.23503910
178.90000000 429.56340659
197.60000000 430.23503910
253.90000000 400.29924131
253.90000000 400.15590650
253.90000000 250.74116948
253.90000000 400.29924131
122.60000000 398.60950570
122.60000000 249.59533468
122.60000000 399.61934159
122.60000000 251.73914370
253.90000000 250.82780496
122.60000000 251.73914370
103.90000000 751.51529216
103.90000000 751.38176014
103.90000000 601.79903482
103.90000000 751.51529216
186.40000000 14637.47353652
233.60000000 6960.44820735
187.20000000 14674.50868173
233.90000000 6901.36224469
103.90000000 601.21824142
233.90000000 6901.36224469
155.50000000 191.21434236
155.50000000 190.23797801
155.50000000 531.32755492
155.50000000 191.21434236
230.50000000 190.28270834
230.50000000 530.52001925
230.40000000 190.75552896
230.40000000 531.34432534
155.50000000 529.29492484
230.40000000 531.34432534
260.40000000 7088.28869413
260.00000000 7181.44052259
305.40000000 181.94436878
260.40000000 7088.28869413
80.50000000 539.13696808
80.50000000 178.65408462
80.40000000 542.00119870
80.40000000 182.83827844
305.50000000 179.74121872
80.40000000 182.83827844
80.50000000 359.13542477
80.50000000 360.70623926
80.50000000 350.03611603
80.50000000 359.13542477
155.50000000 360.38612241
155.50000000 352.03514188
155.40000000 361.29895782
155.40000000 351.20920596
80.50000000 350.92790201
155.40000000 351.20920596
197.80000000 7047.11208788
197.70000000 34494.36746967
200.50000000 6484.91720606
197.80000000 7047.11208788
197.60000000 16334.37880594
200.50000000 15910.74165296
197.70000000 37372.20766907
201.10000000 36103.65732596
201.10000000 32911.94396566
201.10000000 36103.65732596
267.90000000 280.45209414
267.90000000 279.96362362
230.50000000 6850.07677523
267.90000000 280.45209414
192.90000000 279.40991078
192.90000000 609.39248073
193.00000000 282.88541530
230.20000000 26773.98617507
230.20000000 32081.78468607
230.20000000 26773.98617507
223.20000000 26555.19436720
118.00000000 629.50934008
118.00000000 262.73253137
223.20000000 26555.19436720
223.20000000 39986.93374051
342.90000000 261.18960681
223.30000000 16146.00934095
343.00000000 260.96200911
118.00000000 261.62937330
343.00000000 260.96200911
342.90000000 102.18727583
343.00000000 100.65308683
318.50000000 3434.39384259
342.90000000 102.18727583
267.90000000 101.76938232
267.90000000 440.67190956
267.90000000 100.32001772
267.90000000 441.21390535
319.70000000 3552.33649272
267.90000000 441.21390535
193.00000000 449.76213423
193.00000000 450.51500112
177.30000000 4344.63860192
193.00000000 449.76213423
117.90000000 450.78099832
117.90000000 791.00107029
118.00000000 450.56487029
177.50000000 20212.94986938
177.50000000 30071.82434202
177.50000000 20212.94986938
99.20000000 410.99876937
99.20000000 409.79229539
99.20000000 662.46588552
99.20000000 410.99876937
174.20000000 410.96983729
174.20000000 661.02343018
174.20000000 410.49941114
174.20000000 661.98802054
99.20000000 662.02360689
174.20000000 661.98802054
184.70000000 38871.96644256
184.60000000 24018.40573850
249.20000000 311.22055654
184.70000000 38871.96644256
184.70000000 40742.81328235
324.20000000 312.94325497
184.60000000 28866.40469968
324.20000000 310.74169570
249.20000000 310.66809793
324.20000000 310.74169570
174.20000000 230.93379761
174.20000000 231.29906625
174.20000000 131.57403296
174.20000000 230.93379761
249.20000000 231.72526181
249.20000000 132.05327140
249.20000000 231.53400388
249.20000000 131.51939993
174.20000000 130.53861170
249.20000000 131.51939993
242.60000000 11822.96986074
241.90000000 11842.37372136
292.50000000 4764.70472647
242.60000000 11822.96986074
99.20000000 580.75234328
99.20000000 480.97973090
99.20000000 579.56128551
99.20000000 482.41312581
292.60000000 4793.34473346
99.20000000 482.41312581
286.70000000 139.33800504
286.70000000 139.83791095
187.00000000 16157.89923736
286.70000000 139.33800504
211.70000000 139.58355514
187.00000000 5935.28518823
211.70000000 141.19983980
187.30000000 5919.45741925
187.00000000 16158.35819434
187.30000000 5919.45741925
136.70000000 490.83988991
151.70000000 829.06804076
136.70000000 400.35571582
136.70000000 490.83988991
61.70000000 491.02744412
61.70000000 402.95072436
61.70000000 491.45531465
61.70000000 402.61957938
136.70000000 399.60965940
61.70000000 402.61957938
211.70000000 320.32596838
211.70000000 319.97710621
211.70000000 219.62655189
211.70000000 320.32596838
136.70000000 319.99248876
136.70000000 218.44854088
136.70000000 320.40964096
136.70000000 220.01747044
211.70000000 219.53823724
136.70000000 220.01747044
61.70000000 668.85717643
61.70000000 670.14661681
61.70000000 573.82919090
61.70000000 668.85717643
209.00000000 12635.17570808
246.10000000 6898.25034380
209.20000000 12642.99335913
246.90000000 6830.74218299
61.70000000 571.93753116
246.90000000 6830.74218299
333.60000000 340.63081070
333.60000000 341.19654942
333.60000000 371.21360076
333.60000000 340.63081070
127.30000000 339.95516982
127.30000000 371.29229872
127.30000000 340.43675782
127.30000000 369.55293519
333.60000000 371.34328989
127.30000000 369.55293519
203.70000000 3731.24923357
183.60000000 690.20070215
195.00000000 9537.31383572
203.70000000 3731.24923357
203.70000000 17679.52794652
195.00000000 21525.20233010
203.40000000 12536.83996265
194.70000000 13876.76399348
183.60000000 720.73593381
194.70000000 13876.76399348
258.60000000 171.21002149
258.60000000 169.71102335
254.70000000 13826.29112441
258.60000000 171.21002149
202.40000000 171.23825651
246.70000000 5296.53616620
202.40000000 169.73960449
202.40000000 549.94372542
254.90000000 1276.91851591
202.40000000 549.94372542
108.60000000 518.29283894
108.50000000 521.01351311
108.60000000 200.02722764
108.60000000 518.29283894
52.30000000 519.57092262
52.30000000 201.25594425
52.30000000 520.00999372
52.30000000 199.14006975
108.50000000 201.22490188
52.30000000 199.14006975
71.10000000 250.96446661
71.10000000 249.55355113
71.10000000 290.99988553
71.10000000 250.96446661
239.80000000 250.73323013
239.80000000 288.92764066
239.90000000 252.11800906
239.90000000 289.97554345
71.10000000 288.89797004
239.90000000 289.97554345
234.40000000 33262.33902404
221.10000000 601.20401598
219.30000000 40727.97398653
234.40000000 33262.33902404
192.00000000 17149.22973161
219.30000000 29675.13307335
89.90000000 598.47891719
89.90000000 638.68049268
219.10000000 1070.08238515
89.90000000 638.68049268
146.00000000 431.38130000
146.10000000 431.07570060
146.00000000 459.29714377
146.00000000 431.38130000
164.80000000 430.49008825
164.80000000 459.00604392
164.90000000 431.20844366
164.90000000 458.58211163
146.10000000 460.54539493
164.90000000 458.58211163
179.60000000 18112.25910702
179.80000000 56042.89044305
296.10000000 110.68104858
179.60000000 18112.25910702
179.70000000 19698.20409993
314.90000000 109.79880742
179.80000000 56052.40371130
314.90000000 112.08932148
296.10000000 111.57694666
314.90000000 112.08932148
202.30000000 120.35764282
202.30000000 120.04622812
202.30000000 241.33230318
202.30000000 120.35764282
258.60000000 120.50261109
258.60000000 241.16788781
258.60000000 120.29911008
258.60000000 241.40244476
202.30000000 240.62954870
258.60000000 241.40244476
52.30000000 470.84175987
52.30000000 471.94839423
52.30000000 591.43387776
52.30000000 470.84175987
108.50000000 468.87224029
108.50000000 590.17146665
108.60000000 470.65813391
165.10000000 6402.74357283
86.30000000 3561.02650776
165.10000000 6402.74357283
277.40000000 301.52167208
277.30000000 301.93210421
182.30000000 53036.01320096
277.40000000 301.52167208
183.50000000 302.97505756
182.30000000 52630.84351507
183.60000000 300.41790006
182.20000000 22278.16276845
182.20000000 29969.73241565
182.20000000 22278.16276845
127.40000000 651.34866971
127.30000000 652.03698984
127.40000000 418.36998304
127.40000000 651.34866971
216.30000000 16278.14990189
333.90000000 448.60787519
215.50000000 16286.91690809
333.70000000 450.07275620
127.30000000 421.28290567
333.70000000 450.07275620
164.90000000 379.85399211
164.90000000 380.02127651
164.90000000 159.22565870
164.90000000 379.85399211
146.10000000 380.16576807
146.10000000 161.53480242
146.10000000 379.00174793
146.10000000 161.52784720
164.80000000 159.79610183
146.10000000 161.52784720
192.40000000 39877.57717595
192.60000000 37477.33026375
275.00000000 6728.25040812
192.40000000 39877.57717595
192.40000000 39437.25295142
275.00000000 4305.84599897
192.60000000 36931.66147782
274.30000000 3578.45728505
274.20000000 6085.46742391
274.30000000 3578.45728505
89.80000000 212.12092079
89.80000000 211.22275953
89.80000000 681.14055232
89.80000000 212.12092079
221.10000000 209.75770978
206.80000000 3620.33177077
221.00000000 211.90764416
206.50000000 49284.92293296
206.50000000 45622.83782980
206.50000000 49284.92293296
239.80000000 563.23015480
239.80000000 561.33009157
239.80000000 331.25306216
239.80000000 563.23015480
71.10000000 561.06179745
71.10000000 332.81757503
71.10000000 559.14863291
71.10000000 328.02346803
239.80000000 330.44442941
71.10000000 328.02346803
107.40000000 331.95989639
107.40000000 331.59232555
107.40000000 569.95894522
107.40000000 331.95989639
123.80000000 330.23449984
123.80000000 570.31374560
123.90000000 330.05654381
194.20000000 8730.03247782
171.20000000 7357.93038005
194.20000000 8730.03247782
206.70000000 9484.66935065
206.60000000 9466.33531411
257.40000000 218.97333718
206.70000000 9484.66935065
206.70000000 11612.03406854
273.80000000 220.77083672
206.40000000 11566.87876051
273.80000000 220.40920549
257.40000000 220.38809492
273.80000000 220.40920549
182.40000000 150.44964055
182.40000000 150.40280555
182.40000000 390.78214219
182.40000000 150.44964055
348.80000000 152.25131610
348.90000000 396.85726484
348.80000000 149.70141586
348.70000000 392.23641734
182.40000000 391.18748178
348.70000000 392.23641734
281.10000000 7396.60483037
280.50000000 7299.38820850
189.40000000 19751.25164500
281.10000000 7396.60483037
198.80000000 499.98766837
189.10000000 2908.58251205
198.80000000 499.55026095
190.00000000 25341.55505934
190.00000000 33292.11518322
190.00000000 25341.55505934
294.90000000 241.38859950
294.90000000 241.26295537
292.80000000 765.73427887
294.90000000 241.38859950
311.30000000 240.57635630
292.60000000 3188.19347983
311.30000000 241.60503270
292.50000000 3134.03167261
292.60000000 827.90212529
292.50000000 3134.03167261
233.00000000 14857.20193515
144.90000000 591.07200458
144.90000000 131.02254105
233.00000000 14857.20193515
237.70000000 17925.64402032
161.40000000 131.45360516
161.30000000 592.09652468
161.30000000 131.28131228
144.90000000 131.19168668
161.30000000 131.28131228
220.00000000 410.58146317
219.90000000 410.18637678
220.00000000 309.95808640
220.00000000 410.58146317
86.30000000 409.72911740
86.30000000 309.30581741
86.40000000 412.83760264
86.40000000 310.10430198
219.90000000 310.28334588
86.40000000 310.10430198
69.90000000 760.55285627
182.00000000 30214.19028598
69.90000000 660.49074476
69.90000000 760.55285627
184.00000000 10432.03900314
212.20000000 5168.22747936
184.60000000 43150.67726288
213.00000000 28857.04001560
126.00000000 7795.63248898
213.00000000 28857.04001560
126.20000000 110.07162672
126.10000000 110.09766056
126.20000000 790.20307327
126.20000000 110.07162672
292.50000000 109.91933193
177.40000000 18143.36013250
292.50000000 110.80449863
177.60000000 21491.72644259
126.10000000 788.32810209
177.60000000 21491.72644259
276.20000000 461.81897366
304.20000000 5790.54330809
276.20000000 441.74570099
276.20000000 461.81897366
142.60000000 460.86524793
142.60000000 440.83413434
142.60000000 462.06864234
142.60000000 442.05543591
291.80000000 990.60227165
142.60000000 442.05543591
51.20000000 280.72522593
51.20000000 279.47834087
51.20000000 261.33731071
51.20000000 280.72522593
67.50000000 282.23217003
67.50000000 261.79034018
67.50000000 277.24396178
67.50000000 258.53197226
51.20000000 261.49621719
67.50000000 258.53197226
201.20000000 630.93277552
201.10000000 629.94731761
201.20000000 609.71203639
201.20000000 630.93277552
217.60000000 633.86506470
217.60000000 610.37057667
217.60000000 635.93512785
217.60000000 610.11372060
201.10000000 610.74966586
217.60000000 610.11372060
238.60000000 369.47966340
238.60000000 371.22777617
200.40000000 7809.89310368
238.60000000 369.47966340
105.10000000 371.27009115
105.10000000 700.10467215
105.00000000 371.34004892
105.00000000 698.18068633
199.60000000 7844.31481242
105.00000000 698.18068633
195.10000000 32116.51984106
97.90000000 1030.31089737
88.70000000 350.62406083
195.10000000 32116.51984106
195.10000000 42744.29329311
255.10000000 351.92399626
194.90000000 21296.20556068
255.10000000 350.42812841
88.70000000 348.95295663
255.10000000 350.42812841
313.70000000 202.52663997
313.70000000 201.11558740
313.70000000 171.60203789
313.70000000 202.52663997
330.00000000 201.66932143
330.00000000 170.87855898
330.10000000 201.50634100
330.10000000 172.14197033
313.70000000 171.88798483
330.10000000 172.14197033
163.70000000 549.79358245
163.70000000 550.42159990
163.70000000 520.70262650
163.70000000 549.79358245
180.10000000 552.15057473
180.10000000 521.11597115
180.10000000 550.79471921
180.10000000 519.48439537
163.70000000 519.53113457
180.10000000 519.48439537
229.20000000 220.53084420
229.30000000 222.20166078
229.20000000 330.93817022
229.20000000 220.53084420
320.70000000 220.79219990
320.70000000 331.04702087
320.70000000 221.45034719
320.70000000 331.49888784
229.30000000 331.26924994
320.70000000 331.49888784
79.30000000 569.34014484
79.30000000 571.73638794
79.30000000 679.03806151
79.30000000 569.34014484
170.70000000 570.87326854
197.40000000 3674.98501051
170.70000000 570.89064645
170.70000000 680.47163146
79.30000000 681.08445716
170.70000000 680.47163146
304.30000000 391.06843622
304.30000000 390.57438024
280.20000000 10766.35569666
304.30000000 391.06843622
95.70000000 390.66580692
95.70000000 500.18136140
95.70000000 390.46421358
95.70000000 501.61207117
281.60000000 3909.68550209
95.70000000 501.61207117
154.30000000 738.66364120
190.00000000 52953.21790526
154.30000000 149.61267519
154.30000000 738.66364120
189.60000000 10885.97528824
245.70000000 150.96006626
190.00000000 53413.12957083
245.70000000 151.82989033
154.30000000 150.94557022
245.70000000 151.82989033
191.80000000 309.79318222
191.80000000 311.62922963
191.80000000 410.63257405
191.80000000 309.79318222
58.20000000 311.93771930
58.20000000 408.20504117
58.20000000 307.42476135
58.20000000 410.82192700
191.80000000 411.84177227
58.20000000 410.82192700
212.90000000 48103.75720539
212.70000000 17380.45306218
184.70000000 58346.40254347
212.90000000 48103.75720539
212.90000000 46514.47771533
184.70000000 58345.23126687
208.30000000 665.59734079
184.80000000 5827.69146241
184.80000000 21091.37148994
184.80000000 5827.69146241
116.80000000 129.54619156
116.80000000 131.84287941
118.50000000 620.63825869
116.80000000 129.54619156
283.20000000 130.68268052
237.50000000 16563.83411301
283.20000000 129.81996917
237.60000000 7723.90673060
116.80000000 590.40057758
237.60000000 7723.90673060
266.80000000 478.95061107
266.80000000 481.52682168
266.80000000 240.67009581
266.80000000 478.95061107
133.20000000 480.36838481
133.20000000 241.74578840
133.20000000 480.37188413
133.20000000 239.35190574
266.80000000 241.18028392
133.20000000 239.35190574
319.60000000 965.93250153
320.20000000 930.36358277
323.00000000 109.72876478
319.60000000 965.93250153
76.90000000 441.38445970
76.90000000 111.39188618
76.90000000 442.07522039
76.90000000 111.52425175
323.00000000 109.84370507
76.90000000 111.52425175
177.30000000 32755.88748592
177.50000000 41999.09405483
173.00000000 458.76139363
177.30000000 32755.88748592
177.30000000 35973.47766563
226.90000000 460.21726739
177.50000000 43615.52469063
226.90000000 461.64473329
173.10000000 462.34861654
226.90000000 461.64473329
248.00000000 263.38151411
248.00000000 261.77980113
222.90000000 37542.49119030
248.00000000 263.38151411
301.90000000 261.86906470
222.90000000 39245.70193024
301.90000000 261.48374597
222.80000000 44938.56704094
222.80000000 44003.05856974
222.80000000 44938.56704094
98.10000000 610.26139603
98.10000000 610.69324880
98.10000000 279.03149306
98.10000000 610.26139603
151.90000000 609.18405596
151.90000000 281.30715079
151.90000000 610.18988936
151.90000000 280.14857108
98.10000000 279.88250892
151.90000000 280.14857108
60.60000000 171.78129297
60.60000000 171.18822404
60.60000000 201.32226455
60.60000000 171.78129297
339.50000000 169.95734998
339.50000000 200.23098766
339.40000000 170.11440640
339.40000000 200.32117046
60.60000000 200.18728307
339.40000000 200.32117046
216.00000000 591.64208242
253.50000000 4310.23217343
245.10000000 3821.22934154
216.00000000 591.64208242
189.40000000 521.37653137
215.60000000 1999.04832723
224.00000000 2554.61681937
253.50000000 8971.05703087
254.80000000 12576.32769172
253.50000000 8971.05703087
135.60000000 350.99249544
135.60000000 350.26558279
141.10000000 849.96205197
135.60000000 350.99249544
114.40000000 351.79124142
114.40000000 718.86786739
114.40000000 351.28541337
149.00000000 4250.97904247
178.60000000 6768.34488381
149.00000000 4250.97904247
199.70000000 13879.60448103
200.20000000 13915.36899189
285.60000000 371.26413339
199.70000000 13879.60448103
199.70000000 11469.80661903
264.40000000 369.76475729
200.30000000 11413.33545854
264.40000000 370.40568355
285.50000000 370.67809336
264.40000000 370.40568355
271.50000000 140.20181432
271.40000000 141.35208190
271.50000000 270.10245256
271.50000000 140.20181432
222.30000000 140.66208317
222.30000000 271.08732206
222.20000000 141.94950825
222.20000000 272.80704353
271.40000000 272.03248378
222.20000000 272.80704353
121.50000000 488.90299153
121.40000000 489.74518211
121.50000000 620.37689222
121.50000000 488.90299153
72.30000000 490.83292146
72.30000000 619.93405766
72.30000000 492.97601052
72.30000000 621.52649152
121.40000000 620.77339417
72.30000000 621.52649152
346.50000000 321.76952151
346.40000000 320.58869755
311.00000000 4800.37220994
346.50000000 321.76952151
147.30000000 320.43797992
147.30000000 450.41059894
147.30000000 321.28451884
147.30000000 450.91762257
312.30000000 4863.78228550
147.30000000 450.91762257
196.50000000 670.34280596
196.40000000 670.21987944
196.50000000 99.75056153
196.50000000 670.34280596
209.50000000 13759.37177841
297.20000000 100.16822779
209.70000000 13752.85596413
297.30000000 100.65962994
196.40000000 99.11224559
297.30000000 100.65962994
158.90000000 399.64761449
159.00000000 399.44678284
158.90000000 359.77343019
158.90000000 399.64761449
184.70000000 400.45182725
184.70000000 360.31680351
184.70000000 400.53709025
184.70000000 360.77531506
159.00000000 361.19782075
184.70000000 360.77531506
187.10000000 54541.98870248
187.10000000 18123.88805725
197.90000000 50471.71496389
187.10000000 54541.98870248
187.10000000 54572.74574822
197.90000000 50593.21054739
186.80000000 20217.87969685
197.30000000 18803.40726225
197.40000000 16660.33863277
197.30000000 18803.40726225
84.00000000 229.47285326
84.00000000 232.25411015
84.00000000 537.50253282
84.00000000 229.47285326
259.70000000 231.95111233
259.00000000 603.81939200
259.80000000 230.07882661
259.90000000 583.01045572
84.00000000 542.15912220
259.90000000 583.01045572
233.90000000 583.12405933
241.60000000 24372.58537734
233.90000000 190.60747722
233.90000000 583.12405933
109.70000000 581.39268858
109.70000000 193.30751449
175.60000000 8025.32184583
109.80000000 191.33867450
234.00000000 190.95954359
109.80000000 191.33867450
290.20000000 269.83885525
290.20000000 270.35434980
290.20000000 139.90912129
290.20000000 269.83885525
166.00000000 272.77333477
166.00000000 140.56832916
166.00000000 271.77695676
166.00000000 140.89211215
290.20000000 140.50521036
166.00000000 140.89211215
182.40000000 4466.41475916
220.00000000 13817.26576405
140.20000000 490.18698586
182.40000000 4466.41475916
226.90000000 25289.60212072
286.00000000 4596.73269326
226.60000000 31280.16912263
286.10000000 7468.09118251
140.20000000 490.52181653
286.10000000 7468.09118251
215.20000000 102.44796319
215.20000000 98.93857992
209.90000000 49433.95113755
215.20000000 102.44796319
241.00000000 103.88740922
209.90000000 49701.07673941
241.00000000 101.50984185
209.90000000 10778.13888727
209.90000000 6680.34582505
209.90000000 10778.13888727
65.20000000 450.24654283
65.20000000 450.87920973
65.20000000 319.48829837
65.20000000 450.24654283
91.00000000 449.48976111
91.00000000 321.18131868
91.00000000 449.70681832
91.00000000 320.84949336
65.20000000 321.52817579
91.00000000 320.84949336
102.70000000 191.60087331
102.70000000 191.39822940
102.70000000 230.11979199
102.70000000 191.60087331
203.50000000 189.16264002
203.50000000 228.92647336
203.50000000 190.25659764
203.50000000 229.82994049
102.70000000 230.41891685
203.50000000 229.82994049
259.70000000 15514.24024332
252.60000000 544.31468561
242.10000000 24424.16543222
259.70000000 15514.24024332
53.60000000 563.88432357
89.40000000 3679.87443528
53.60000000 540.30313847
53.60000000 580.51214164
241.80000000 8097.48747630
53.60000000 580.51214164
177.70000000 359.28249424
177.70000000 362.02857859
187.30000000 20657.88745603
177.70000000 359.28249424
128.50000000 359.07047232
184.20000000 11352.23027034
128.50000000 361.52033050
187.50000000 55277.37178614
187.50000000 55423.51404002
187.50000000 55277.37178614
197.00000000 18270.11226974
198.20000000 18276.75723757
327.70000000 400.90784543
197.00000000 18270.11226974
197.10000000 13543.06643125
278.50000000 399.76270342
198.10000000 13580.41399257
278.50000000 400.94885968
327.70000000 401.84561038
278.50000000 400.94885968
74.60000000 379.06146607
74.60000000 381.33089412
74.60000000 600.19246847
74.60000000 379.06146607
137.90000000 380.59967093
137.90000000 601.29329420
137.80000000 379.72417954
137.80000000 600.06695771
74.60000000 600.78942817
137.80000000 600.06695771
192.80000000 19642.31951124
192.10000000 7153.58187972
224.60000000 249.88277053
192.80000000 19642.31951124
192.80000000 25211.23955723
287.90000000 252.31243978
192.00000000 15447.24851335
287.80000000 249.90063818
224.60000000 249.87653886
287.80000000 249.90063818
149.60000000 211.84707262
149.60000000 211.53065776
149.60000000 431.10880321
149.60000000 211.84707262
212.90000000 212.16078476
212.90000000 431.52199704
212.90000000 211.29402573
212.90000000 429.99943632
149.60000000 428.96823574
212.90000000 429.99943632
251.20000000 7780.09355790
250.90000000 17726.48857180
180.00000000 18460.67367225
251.20000000 7780.09355790
62.90000000 561.96110471
62.90000000 780.39383721
62.90000000 561.04273874
180.10000000 37366.61394945
180.10000000 47502.61129625
180.10000000 37366.61394945
337.00000000 121.17597159
337.10000000 121.07081848
276.20000000 8587.79313181
337.00000000 121.17597159
250.40000000 121.03824488
250.40000000 509.80194185
250.40000000 121.63863222
274.50000000 11946.38831322
274.50000000 20445.52951583
274.50000000 11946.38831322
207.70000000 1042.07645857
187.10000000 469.96453093
187.10000000 161.46741220
207.70000000 1042.07645857
100.40000000 469.91806466
100.40000000 159.79079208
100.30000000 471.20098548
100.30000000 160.54730285
187.10000000 160.24051481
100.30000000 160.54730285
262.10000000 292.70612848
262.10000000 290.62388350
262.10000000 343.10381117
262.10000000 292.70612848
175.30000000 290.48811052
175.30000000 340.68933454
175.40000000 291.43413771
175.40000000 340.01227485
262.10000000 340.06146533
175.40000000 340.01227485
112.10000000 639.44990276
119.70000000 819.39275470
112.10000000 690.54774785
112.10000000 639.44990276
219.30000000 15086.70843955
202.90000000 17297.27459733
219.20000000 22806.49102541
203.50000000 28829.05540000
150.90000000 4622.99035343
203.50000000 28829.05540000
168.30000000 249.96262273
168.40000000 249.92076924
168.30000000 731.14964507
168.30000000 249.96262273
269.10000000 249.75177771
191.90000000 13325.31042919
269.10000000 251.14347101
191.80000000 13413.01900581
168.40000000 731.23537735
191.80000000 13413.01900581
234.20000000 15381.51612305
234.00000000 12345.57783293
318.30000000 381.47446942
234.20000000 15381.51612305
119.10000000 600.28568169
119.10000000 379.34690745
119.10000000 599.45183650
119.10000000 379.31932769
318.30000000 381.45982113
119.10000000 379.31932769
93.30000000 428.25133687
93.30000000 428.81262098
93.30000000 209.93152127
93.30000000 428.25133687
194.10000000 432.32706731
194.10000000 212.46703067
194.10000000 432.23718918
194.10000000 211.07142950
93.30000000 209.24784492
194.10000000 211.07142950
180.30000000 12327.55221788
180.00000000 12336.64406692
243.30000000 562.70699963
180.30000000 12327.55221788
180.30000000 21888.96663705
251.20000000 12548.63915655
180.00000000 21917.26157980
250.90000000 12662.84302247
243.30000000 562.97277662
250.90000000 12662.84302247
205.80000000 340.47390962
205.90000000 340.63648779
205.80000000 638.31696642
205.80000000 340.47390962
156.60000000 338.96719894
156.60000000 641.04734810
156.70000000 339.11509802
156.70000000 639.19426935
205.90000000 640.29699879
156.70000000 639.19426935
124.50000000 11736.83113859
203.60000000 45479.15630274
55.80000000 287.46028139
124.50000000 11736.83113859
203.20000000 36524.21890729
306.60000000 291.79125684
203.60000000 51351.18227828
306.70000000 290.69825474
55.80000000 291.69190021
306.70000000 290.69825474
280.80000000 161.58205158
280.90000000 161.42626895
280.80000000 119.62967187
280.80000000 161.58205158
231.60000000 160.30618082
231.60000000 120.83440263
231.70000000 162.22260399
231.70000000 121.00640498
280.90000000 120.82491366
231.70000000 121.00640498
130.90000000 509.96799190
130.90000000 510.90556213
130.90000000 471.76793790
130.90000000 509.96799190
81.60000000 509.58081190
81.60000000 470.74105056
81.60000000 511.65135864
81.60000000 471.70002016
130.90000000 470.09342631
81.60000000 471.70002016
320.70000000 228.41680179
320.60000000 229.14756685
199.80000000 17297.26423322
320.70000000 228.41680179
60.60000000 232.66773297
60.60000000 701.83054380
60.50000000 231.86988037
60.50000000 701.36723597
200.20000000 17313.97064678
60.50000000 701.36723597
170.70000000 579.21124159
197.10000000 2095.49151054
170.70000000 349.75180715
170.70000000 579.21124159
210.60000000 581.50679262
210.60000000 350.15554073
241.80000000 6960.12736382
210.60000000 352.07320435
170.70000000 350.87421578
210.60000000 352.07320435
245.70000000 410.76271620
245.70000000 409.80251917
245.70000000 181.50619997
245.70000000 410.76271620
285.60000000 411.68209605
285.60000000 182.09094059
285.60000000 409.28976387
285.60000000 180.77497249
245.70000000 178.53831695
285.60000000 180.77497249
95.70000000 760.46434802
95.70000000 760.33567326
95.70000000 533.18157121
95.70000000 760.46434802
135.60000000 759.36719974
135.60000000 530.34084782
135.50000000 760.60320428
135.50000000 530.04088877
95.70000000 532.78241411
135.50000000 530.04088877
58.20000000 323.11827084
58.20000000 321.10081172
58.20000000 791.51062552
58.20000000 323.11827084
323.00000000 320.76839393
177.50000000 20720.47047650
323.00000000 320.59676730
177.50000000 20664.69106613
58.20000000 790.45894214
177.50000000 20664.69106613
209.70000000 40576.70144703
209.80000000 11689.45751840
208.20000000 442.24910309
209.70000000 40576.70144703
209.70000000 39010.63350067
173.00000000 439.83428294
205.70000000 4971.60146192
173.10000000 438.52202137
208.20000000 441.14389169
173.10000000 438.52202137
133.20000000 149.04918400
133.20000000 150.73427809
133.20000000 270.17628614
133.20000000 149.04918400
98.00000000 150.16027938
98.00000000 269.97793556
98.00000000 151.06898177
98.00000000 272.49945893
133.20000000 272.42176261
98.00000000 272.49945893
281.30000000 930.19985352
281.40000000 861.72428190
226.30000000 9538.69774047
281.30000000 930.19985352
248.00000000 501.37822188
226.20000000 4522.02906869
248.10000000 500.46305576
226.70000000 4514.15858852
226.60000000 9519.26689123
226.70000000 4514.15858852
