100.0000 10.0000 0.0000 65.0000
100.0000 10.0000 0.0000 65.0000
100.0000 10.0000 0.0000 65.0000
100.0000 10.0000 0.0000 65.0000
100.0000 10.0000 0.0000 65.0000
100.0000 10.0000 0.0000 65.0000
400.0000 45.0000 0.5000 92.5000
400.0000 45.0000 0.5000 92.5000
400.0000 45.0000 0.5000 92.5000
400.0000 45.0000 0.5000 92.5000
400.0000 45.0000 0.5000 92.5000
400.0000 45.0000 0.5000 92.5000
550.0000 27.5000 0.2500 78.7500
550.0000 27.5000 0.2500 78.7500
550.0000 62.5000 0.2500 78.7500
550.0000 27.5000 0.2500 78.7500
550.0000 27.5000 0.2500 106.2500
550.0000 62.5000 0.2500 106.2500
250.0000 62.5000 0.7500 106.2500
250.0000 62.5000 0.7500 106.2500
250.0000 27.5000 0.7500 106.2500
250.0000 62.5000 0.7500 106.2500
250.0000 62.5000 0.7500 78.7500
250.0000 27.5000 0.7500 78.7500
325.0000 36.2500 0.6250 113.1250
325.0000 36.2500 0.6250 113.1250
325.0000 18.7500 0.6250 113.1250
325.0000 36.2500 0.3750 113.1250
325.0000 36.2500 0.6250 113.1250
325.0000 18.7500 0.3750 113.1250
625.0000 71.2500 0.1250 85.6250
625.0000 71.2500 0.1250 85.6250
625.0000 53.7500 0.1250 85.6250
625.0000 71.2500 0.8750 85.6250
625.0000 71.2500 0.1250 85.6250
625.0000 53.7500 0.8750 85.6250
475.0000 18.7500 0.8750 99.3750
475.0000 18.7500 0.8750 99.3750
475.0000 71.2500 0.8750 99.3750
475.0000 18.7500 0.1250 99.3750
475.0000 18.7500 0.8750 71.8750
475.0000 71.2500 0.1250 71.8750
175.0000 53.7500 0.3750 71.8750
175.0000 53.7500 0.3750 71.8750
175.0000 36.2500 0.3750 71.8750
175.0000 53.7500 0.6250 71.8750
175.0000 53.7500 0.3750 99.3750
175.0000 36.2500 0.6250 99.3750
212.5000 31.8750 0.9375 89.0625
437.5000 31.8750 0.9375 89.0625
212.5000 31.8750 0.9375 89.0625
212.5000 31.8750 0.4375 89.0625
212.5000 31.8750 0.9375 116.5625
437.5000 31.8750 0.4375 116.5625
512.5000 66.8750 0.4375 116.5625
137.5000 66.8750 0.4375 116.5625
512.5000 66.8750 0.4375 116.5625
512.5000 66.8750 0.9375 116.5625
512.5000 66.8750 0.4375 89.0625
137.5000 66.8750 0.9375 89.0625
662.5000 14.3750 0.6875 75.3125
287.5000 14.3750 0.6875 75.3125
662.5000 49.3750 0.6875 75.3125
662.5000 14.3750 0.1875 75.3125
662.5000 14.3750 0.6875 75.3125
287.5000 49.3750 0.1875 75.3125
362.5000 49.3750 0.1875 102.8125
587.5000 49.3750 0.1875 102.8125
362.5000 14.3750 0.1875 102.8125
362.5000 49.3750 0.6875 102.8125
362.5000 49.3750 0.1875 102.8125
587.5000 14.3750 0.6875 102.8125
287.5000 23.1250 0.3125 95.9375
662.5000 23.1250 0.3125 95.9375
287.5000 40.6250 0.3125 95.9375
287.5000 23.1250 0.0625 95.9375
287.5000 23.1250 0.3125 68.4375
662.5000 40.6250 0.0625 68.4375
587.5000 58.1250 0.8125 68.4375
362.5000 58.1250 0.8125 68.4375
587.5000 75.6250 0.8125 68.4375
587.5000 58.1250 0.5625 68.4375
587.5000 58.1250 0.8125 95.9375
362.5000 75.6250 0.5625 95.9375
437.5000 40.6250 0.0625 109.6875
212.5000 40.6250 0.0625 109.6875
437.5000 58.1250 0.0625 109.6875
437.5000 40.6250 0.3125 109.6875
437.5000 40.6250 0.0625 109.6875
212.5000 58.1250 0.3125 109.6875
137.5000 75.6250 0.5625 82.1875
512.5000 75.6250 0.5625 82.1875
137.5000 23.1250 0.5625 82.1875
137.5000 75.6250 0.8125 82.1875
137.5000 75.6250 0.5625 82.1875
512.5000 23.1250 0.8125 82.1875
156.2500 42.8125 0.4688 101.0938
268.7500 42.8125 0.4688 101.0938
156.2500 77.8125 0.4688 101.0938
156.2500 42.8125 0.5312 101.0938
156.2500 42.8125 0.4688 111.4062
268.7500 77.8125 0.5312 111.4062
456.2500 77.8125 0.9688 73.5938
568.7500 77.8125 0.9688 73.5938
456.2500 42.8125 0.9688 73.5938
456.2500 77.8125 0.0312 73.5938
456.2500 77.8125 0.9688 83.9062
568.7500 42.8125 0.0312 83.9062
606.2500 25.3125 0.2188 114.8438
418.7500 25.3125 0.2188 114.8438
606.2500 25.3125 0.2188 114.8438
606.2500 25.3125 0.7812 114.8438
606.2500 25.3125 0.2188 70.1562
418.7500 25.3125 0.7812 70.1562
306.2500 60.3125 0.7188 87.3438
118.7500 60.3125 0.7188 87.3438
306.2500 60.3125 0.7188 87.3438
306.2500 60.3125 0.2812 87.3438
306.2500 60.3125 0.7188 97.6562
118.7500 60.3125 0.2812 97.6562
381.2500 16.5625 0.8438 80.4688
193.7500 16.5625 0.8438 80.4688
381.2500 69.0625 0.8438 80.4688
381.2500 16.5625 0.9062 80.4688
381.2500 16.5625 0.8438 77.0312
193.7500 69.0625 0.9062 77.0312
681.2500 51.5625 0.3438 107.9688
493.7500 51.5625 0.3438 107.9688
681.2500 34.0625 0.3438 107.9688
681.2500 51.5625 0.4062 107.9688
681.2500 51.5625 0.3438 104.5312
493.7500 34.0625 0.4062 104.5312
531.2500 34.0625 0.5938 66.7188
643.7500 34.0625 0.5938 66.7188
531.2500 16.5625 0.5938 66.7188
531.2500 34.0625 0.6562 66.7188
531.2500 34.0625 0.5938 118.2812
643.7500 16.5625 0.6562 118.2812
231.2500 69.0625 0.0938 94.2188
343.7500 69.0625 0.0938 94.2188
231.2500 51.5625 0.0938 94.2188
231.2500 69.0625 0.1562 94.2188
231.2500 69.0625 0.0938 90.7812
343.7500 51.5625 0.1562 90.7812
193.7500 20.9375 0.5312 111.4062
606.2500 20.9375 0.5312 111.4062
193.7500 55.9375 0.5312 111.4062
193.7500 20.9375 0.9688 111.4062
193.7500 20.9375 0.5312 73.5938
606.2500 55.9375 0.9688 73.5938
493.7500 55.9375 0.0312 83.9062
306.2500 55.9375 0.0312 83.9062
493.7500 20.9375 0.0312 83.9062
493.7500 55.9375 0.4688 83.9062
493.7500 55.9375 0.0312 101.0938
306.2500 20.9375 0.4688 101.0938
643.7500 38.4375 0.7812 97.6562
156.2500 38.4375 0.7812 97.6562
643.7500 38.4375 0.7812 97.6562
643.7500 38.4375 0.7188 97.6562
643.7500 38.4375 0.7812 114.8438
156.2500 38.4375 0.7188 114.8438
343.7500 73.4375 0.2812 70.1562
456.2500 73.4375 0.2812 70.1562
343.7500 73.4375 0.2812 70.1562
343.7500 73.4375 0.2188 70.1562
343.7500 73.4375 0.2812 87.3438
456.2500 73.4375 0.2188 87.3438
268.7500 29.6875 0.1562 77.0312
531.2500 29.6875 0.1562 77.0312
268.7500 47.1875 0.1562 77.0312
268.7500 29.6875 0.5938 77.0312
268.7500 29.6875 0.1562 107.9688
531.2500 47.1875 0.5938 107.9688
568.7500 64.6875 0.6562 104.5312
231.2500 64.6875 0.6562 104.5312
568.7500 12.1875 0.6562 104.5312
568.7500 64.6875 0.0938 104.5312
568.7500 64.6875 0.6562 80.4688
231.2500 12.1875 0.0938 80.4688
418.7500 12.1875 0.4062 90.7812
381.2500 12.1875 0.4062 90.7812
418.7500 29.6875 0.4062 90.7812
418.7500 12.1875 0.8438 90.7812
418.7500 12.1875 0.4062 66.7188
381.2500 29.6875 0.8438 66.7188
118.7500 47.1875 0.9062 118.2812
681.2500 47.1875 0.9062 118.2812
118.7500 64.6875 0.9062 118.2812
118.7500 47.1875 0.3438 118.2812
118.7500 47.1875 0.9062 94.2188
681.2500 64.6875 0.3438 94.2188
128.1250 28.5938 0.7031 95.0781
184.3750 28.5938 0.7031 95.0781
128.1250 74.5312 0.7031 95.0781
128.1250 28.5938 0.7969 95.0781
128.1250 28.5938 0.7031 101.9531
184.3750 74.5312 0.7969 101.9531
428.1250 63.5938 0.2031 67.5781
484.3750 63.5938 0.2031 67.5781
428.1250 39.5312 0.2031 67.5781
428.1250 63.5938 0.2969 67.5781
428.1250 63.5938 0.2031 74.4531
484.3750 39.5312 0.2969 74.4531
578.1250 11.0938 0.9531 108.8281
634.3750 11.0938 0.9531 108.8281
578.1250 22.0312 0.9531 108.8281
578.1250 11.0938 0.5469 108.8281
578.1250 11.0938 0.9531 88.2031
634.3750 22.0312 0.5469 88.2031
278.1250 46.0938 0.4531 81.3281
334.3750 46.0938 0.4531 81.3281
278.1250 57.0312 0.4531 81.3281
278.1250 46.0938 0.0469 81.3281
278.1250 46.0938 0.4531 115.7031
334.3750 57.0312 0.0469 115.7031
353.1250 19.8438 0.0781 88.2031
259.3750 19.8438 0.0781 88.2031
353.1250 65.7812 0.0781 88.2031
353.1250 19.8438 0.6719 88.2031
353.1250 19.8438 0.0781 81.3281
259.3750 65.7812 0.6719 81.3281
653.1250 54.8438 0.5781 115.7031
559.3750 54.8438 0.5781 115.7031
653.1250 30.7812 0.5781 115.7031
653.1250 54.8438 0.1719 115.7031
653.1250 54.8438 0.5781 108.8281
559.3750 30.7812 0.1719 108.8281
503.1250 37.3438 0.3281 74.4531
409.3750 37.3438 0.3281 74.4531
503.1250 13.2812 0.3281 74.4531
503.1250 37.3438 0.9219 74.4531
503.1250 37.3438 0.3281 95.0781
409.3750 13.2812 0.9219 95.0781
203.1250 72.3438 0.8281 101.9531
109.3750 72.3438 0.8281 101.9531
203.1250 48.2812 0.8281 101.9531
203.1250 72.3438 0.4219 101.9531
203.1250 72.3438 0.8281 67.5781
109.3750 48.2812 0.4219 67.5781
240.6250 15.4688 0.2656 119.1406
521.8750 15.4688 0.2656 119.1406
240.6250 61.4062 0.2656 119.1406
240.6250 15.4688 0.7344 119.1406
240.6250 15.4688 0.2656 84.7656
521.8750 61.4062 0.7344 84.7656
540.6250 50.4688 0.7656 91.6406
221.8750 50.4688 0.7656 91.6406
540.6250 26.4062 0.7656 91.6406
540.6250 50.4688 0.2344 91.6406
540.6250 50.4688 0.7656 112.2656
221.8750 26.4062 0.2344 112.2656
690.6250 32.9688 0.0156 105.3906
371.8750 32.9688 0.0156 105.3906
690.6250 43.9062 0.0156 105.3906
690.6250 32.9688 0.9844 105.3906
690.6250 32.9688 0.0156 98.5156
371.8750 43.9062 0.9844 98.5156
390.6250 67.9688 0.5156 77.8906
671.8750 67.9688 0.5156 77.8906
390.6250 78.9062 0.5156 77.8906
390.6250 67.9688 0.4844 77.8906
390.6250 67.9688 0.5156 71.0156
671.8750 78.9062 0.4844 71.0156
315.6250 41.7188 0.8906 71.0156
596.8750 41.7188 0.8906 71.0156
315.6250 52.6562 0.8906 71.0156
315.6250 41.7188 0.8594 71.0156
315.6250 41.7188 0.8906 105.3906
596.8750 52.6562 0.8594 105.3906
615.6250 76.7188 0.3906 98.5156
296.8750 76.7188 0.3906 98.5156
615.6250 17.6562 0.3906 98.5156
615.6250 76.7188 0.3594 98.5156
615.6250 76.7188 0.3906 77.8906
296.8750 17.6562 0.3594 77.8906
465.6250 24.2188 0.6406 84.7656
146.8750 24.2188 0.6406 84.7656
465.6250 35.1562 0.6406 84.7656
465.6250 24.2188 0.6094 84.7656
465.6250 24.2188 0.6406 91.6406
146.8750 35.1562 0.6094 91.6406
165.6250 59.2188 0.1406 112.2656
446.8750 59.2188 0.1406 112.2656
165.6250 70.1562 0.1406 112.2656
165.6250 59.2188 0.1094 112.2656
165.6250 59.2188 0.1406 119.1406
446.8750 70.1562 0.1094 119.1406
146.8750 26.4062 0.7969 72.7344
353.1250 26.4062 0.7969 72.7344
146.8750 15.4688 0.7969 72.7344
146.8750 26.4062 0.2656 72.7344
146.8750 26.4062 0.7969 89.9219
353.1250 15.4688 0.2656 89.9219
446.8750 61.4062 0.2969 100.2344
653.1250 61.4062 0.2969 100.2344
446.8750 50.4688 0.2969 100.2344
446.8750 61.4062 0.7656 100.2344
446.8750 61.4062 0.2969 117.4219
653.1250 50.4688 0.7656 117.4219
596.8750 43.9062 0.5469 86.4844
503.1250 43.9062 0.5469 86.4844
596.8750 67.9688 0.5469 86.4844
596.8750 43.9062 0.0156 86.4844
596.8750 43.9062 0.5469 103.6719
503.1250 67.9688 0.0156 103.6719
296.8750 78.9062 0.0469 113.9844
203.1250 78.9062 0.0469 113.9844
296.8750 32.9688 0.0469 113.9844
296.8750 78.9062 0.5156 113.9844
296.8750 78.9062 0.0469 76.1719
203.1250 32.9688 0.5156 76.1719
371.8750 35.1562 0.4219 107.1094
128.1250 35.1562 0.4219 107.1094
371.8750 24.2188 0.4219 107.1094
371.8750 35.1562 0.1406 107.1094
371.8750 35.1562 0.4219 96.7969
128.1250 24.2188 0.1406 96.7969
671.8750 70.1562 0.9219 79.6094
428.1250 70.1562 0.9219 79.6094
671.8750 59.2188 0.9219 79.6094
671.8750 70.1562 0.6406 79.6094
671.8750 70.1562 0.9219 69.2969
428.1250 59.2188 0.6406 69.2969
521.8750 17.6562 0.1719 93.3594
578.1250 17.6562 0.1719 93.3594
521.8750 76.7188 0.1719 93.3594
521.8750 17.6562 0.3906 93.3594
521.8750 17.6562 0.1719 83.0469
578.1250 76.7188 0.3906 83.0469
221.8750 52.6562 0.6719 65.8594
278.1250 52.6562 0.6719 65.8594
221.8750 41.7188 0.6719 65.8594
221.8750 52.6562 0.8906 65.8594
221.8750 52.6562 0.6719 110.5469
278.1250 41.7188 0.8906 110.5469
184.3750 39.5312 0.2344 83.0469
690.6250 39.5312 0.2344 83.0469
184.3750 28.5938 0.2344 83.0469
184.3750 39.5312 0.2031 83.0469
184.3750 39.5312 0.2344 93.3594
690.6250 28.5938 0.2031 93.3594
484.3750 74.5312 0.7344 110.5469
390.6250 74.5312 0.7344 110.5469
484.3750 63.5938 0.7344 110.5469
484.3750 74.5312 0.7031 110.5469
484.3750 74.5312 0.7344 65.8594
390.6250 63.5938 0.7031 65.8594
634.3750 22.0312 0.4844 69.2969
240.6250 22.0312 0.4844 69.2969
634.3750 46.0938 0.4844 69.2969
634.3750 22.0312 0.4531 69.2969
634.3750 22.0312 0.4844 79.6094
240.6250 46.0938 0.4531 79.6094
334.3750 57.0312 0.9844 96.7969
540.6250 57.0312 0.9844 96.7969
334.3750 11.0938 0.9844 96.7969
334.3750 57.0312 0.9531 96.7969
334.3750 57.0312 0.9844 107.1094
540.6250 11.0938 0.9531 107.1094
259.3750 13.2812 0.6094 103.6719
465.6250 13.2812 0.6094 103.6719
259.3750 37.3438 0.6094 103.6719
259.3750 13.2812 0.3281 103.6719
259.3750 13.2812 0.6094 86.4844
465.6250 37.3438 0.3281 86.4844
559.3750 48.2812 0.1094 76.1719
165.6250 48.2812 0.1094 76.1719
559.3750 72.3438 0.1094 76.1719
559.3750 48.2812 0.8281 76.1719
559.3750 48.2812 0.1094 113.9844
165.6250 72.3438 0.8281 113.9844
409.3750 30.7812 0.8594 117.4219
315.6250 30.7812 0.8594 117.4219
409.3750 54.8438 0.8594 117.4219
409.3750 30.7812 0.0781 117.4219
409.3750 30.7812 0.8594 100.2344
315.6250 54.8438 0.0781 100.2344
109.3750 65.7812 0.3594 89.9219
615.6250 65.7812 0.3594 89.9219
109.3750 19.8438 0.3594 89.9219
109.3750 65.7812 0.5781 89.9219
109.3750 65.7812 0.3594 72.7344
615.6250 19.8438 0.5781 72.7344
114.0625 37.8906 0.8203 110.9766
489.0625 37.8906 0.8203 110.9766
114.0625 41.1719 0.8203 110.9766
114.0625 37.8906 0.6641 110.9766
114.0625 37.8906 0.8203 76.6016
489.0625 41.1719 0.6641 76.6016
414.0625 72.8906 0.3203 83.4766
189.0625 72.8906 0.3203 83.4766
414.0625 76.1719 0.3203 83.4766
414.0625 72.8906 0.1641 83.4766
414.0625 72.8906 0.3203 104.1016
189.0625 76.1719 0.1641 104.1016
564.0625 20.3906 0.5703 97.2266
339.0625 20.3906 0.5703 97.2266
564.0625 58.6719 0.5703 97.2266
564.0625 20.3906 0.9141 97.2266
564.0625 20.3906 0.5703 117.8516
339.0625 58.6719 0.9141 117.8516
264.0625 55.3906 0.0703 69.7266
639.0625 55.3906 0.0703 69.7266
264.0625 23.6719 0.0703 69.7266
264.0625 55.3906 0.4141 69.7266
264.0625 55.3906 0.0703 90.3516
639.0625 23.6719 0.4141 90.3516
339.0625 11.6406 0.4453 76.6016
564.0625 11.6406 0.4453 76.6016
339.0625 32.4219 0.4453 76.6016
339.0625 11.6406 0.7891 76.6016
339.0625 11.6406 0.4453 110.9766
564.0625 32.4219 0.7891 110.9766
639.0625 46.6406 0.9453 104.1016
264.0625 46.6406 0.9453 104.1016
639.0625 67.4219 0.9453 104.1016
639.0625 46.6406 0.2891 104.1016
639.0625 46.6406 0.9453 83.4766
264.0625 67.4219 0.2891 83.4766
489.0625 29.1406 0.1953 90.3516
114.0625 29.1406 0.1953 90.3516
489.0625 49.9219 0.1953 90.3516
489.0625 29.1406 0.5391 90.3516
489.0625 29.1406 0.1953 69.7266
114.0625 49.9219 0.5391 69.7266
189.0625 64.1406 0.6953 117.8516
414.0625 64.1406 0.6953 117.8516
189.0625 14.9219 0.6953 117.8516
189.0625 64.1406 0.0391 117.8516
189.0625 64.1406 0.6953 97.2266
414.0625 14.9219 0.0391 97.2266
226.5625 24.7656 0.1328 100.6641
226.5625 24.7656 0.1328 100.6641
226.5625 19.2969 0.1328 100.6641
226.5625 24.7656 0.8516 100.6641
226.5625 24.7656 0.1328 107.5391
226.5625 19.2969 0.8516 107.5391
526.5625 59.7656 0.6328 73.1641
526.5625 59.7656 0.6328 73.1641
526.5625 54.2969 0.6328 73.1641
526.5625 59.7656 0.3516 73.1641
526.5625 59.7656 0.6328 80.0391
526.5625 54.2969 0.3516 80.0391
676.5625 42.2656 0.3828 114.4141
676.5625 42.2656 0.3828 114.4141
676.5625 71.7969 0.3828 114.4141
676.5625 42.2656 0.6016 114.4141
676.5625 42.2656 0.3828 66.2891
676.5625 71.7969 0.6016 66.2891
376.5625 77.2656 0.8828 86.9141
376.5625 77.2656 0.8828 86.9141
376.5625 36.7969 0.8828 86.9141
376.5625 77.2656 0.1016 86.9141
376.5625 77.2656 0.8828 93.7891
376.5625 36.7969 0.1016 93.7891
301.5625 33.5156 0.5078 80.0391
301.5625 33.5156 0.5078 80.0391
301.5625 10.5469 0.5078 80.0391
301.5625 33.5156 0.7266 80.0391
301.5625 33.5156 0.5078 73.1641
301.5625 10.5469 0.7266 73.1641
601.5625 68.5156 0.0078 107.5391
601.5625 68.5156 0.0078 107.5391
601.5625 45.5469 0.0078 107.5391
601.5625 68.5156 0.2266 107.5391
601.5625 68.5156 0.0078 100.6641
601.5625 45.5469 0.2266 100.6641
451.5625 16.0156 0.7578 66.2891
451.5625 16.0156 0.7578 66.2891
451.5625 63.0469 0.7578 66.2891
451.5625 16.0156 0.9766 66.2891
451.5625 16.0156 0.7578 114.4141
451.5625 63.0469 0.9766 114.4141
151.5625 51.0156 0.2578 93.7891
151.5625 51.0156 0.2578 93.7891
151.5625 28.0469 0.2578 93.7891
151.5625 51.0156 0.4766 93.7891
151.5625 51.0156 0.2578 86.9141
151.5625 28.0469 0.4766 86.9141
170.3125 18.2031 0.6641 92.0703
657.8125 18.2031 0.6641 92.0703
170.3125 47.7344 0.6641 92.0703
170.3125 18.2031 0.1328 92.0703
170.3125 18.2031 0.6641 116.1328
657.8125 47.7344 0.1328 116.1328
470.3125 53.2031 0.1641 119.5703
357.8125 53.2031 0.1641 119.5703
470.3125 12.7344 0.1641 119.5703
470.3125 53.2031 0.6328 119.5703
470.3125 53.2031 0.1641 88.6328
357.8125 12.7344 0.6328 88.6328
620.3125 35.7031 0.9141 78.3203
207.8125 35.7031 0.9141 78.3203
620.3125 30.2344 0.9141 78.3203
620.3125 35.7031 0.3828 78.3203
620.3125 35.7031 0.9141 74.8828
207.8125 30.2344 0.3828 74.8828
320.3125 70.7031 0.4141 105.8203
507.8125 70.7031 0.4141 105.8203
320.3125 65.2344 0.4141 105.8203
320.3125 70.7031 0.8828 105.8203
320.3125 70.7031 0.4141 102.3828
507.8125 65.2344 0.8828 102.3828
395.3125 44.4531 0.0391 98.9453
432.8125 44.4531 0.0391 98.9453
395.3125 56.4844 0.0391 98.9453
395.3125 44.4531 0.2578 98.9453
395.3125 44.4531 0.0391 68.0078
432.8125 56.4844 0.2578 68.0078
695.3125 79.4531 0.5391 71.4453
132.8125 79.4531 0.5391 71.4453
695.3125 21.4844 0.5391 71.4453
695.3125 79.4531 0.7578 71.4453
695.3125 79.4531 0.5391 95.5078
132.8125 21.4844 0.7578 95.5078
545.3125 26.9531 0.2891 112.6953
282.8125 26.9531 0.2891 112.6953
545.3125 38.9844 0.2891 112.6953
545.3125 26.9531 0.0078 112.6953
545.3125 26.9531 0.2891 109.2578
282.8125 38.9844 0.0078 109.2578
245.3125 61.9531 0.7891 85.1953
582.8125 61.9531 0.7891 85.1953
245.3125 73.9844 0.7891 85.1953
245.3125 61.9531 0.5078 85.1953
245.3125 61.9531 0.7891 81.7578
582.8125 73.9844 0.5078 81.7578
207.8125 31.3281 0.3516 68.0078
395.3125 31.3281 0.3516 68.0078
207.8125 69.6094 0.3516 68.0078
207.8125 31.3281 0.3203 68.0078
207.8125 31.3281 0.3516 71.4453
395.3125 69.6094 0.3203 71.4453
507.8125 66.3281 0.8516 95.5078
695.3125 66.3281 0.8516 95.5078
507.8125 34.6094 0.8516 95.5078
507.8125 66.3281 0.8203 95.5078
507.8125 66.3281 0.8516 98.9453
695.3125 34.6094 0.8203 98.9453
657.8125 13.8281 0.1016 81.7578
545.3125 13.8281 0.1016 81.7578
657.8125 17.1094 0.1016 81.7578
657.8125 13.8281 0.0703 81.7578
657.8125 13.8281 0.1016 112.6953
545.3125 17.1094 0.0703 112.6953
357.8125 48.8281 0.6016 109.2578
245.3125 48.8281 0.6016 109.2578
357.8125 52.1094 0.6016 109.2578
357.8125 48.8281 0.5703 109.2578
357.8125 48.8281 0.6016 85.1953
245.3125 52.1094 0.5703 85.1953
282.8125 22.5781 0.9766 116.1328
170.3125 22.5781 0.9766 116.1328
282.8125 78.3594 0.9766 116.1328
282.8125 22.5781 0.1953 116.1328
282.8125 22.5781 0.9766 119.5703
170.3125 78.3594 0.1953 119.5703
582.8125 57.5781 0.4766 88.6328
470.3125 57.5781 0.4766 88.6328
582.8125 43.3594 0.4766 88.6328
582.8125 57.5781 0.6953 88.6328
582.8125 57.5781 0.4766 92.0703
470.3125 43.3594 0.6953 92.0703
432.8125 40.0781 0.7266 102.3828
620.3125 40.0781 0.7266 102.3828
432.8125 25.8594 0.7266 102.3828
432.8125 40.0781 0.4453 102.3828
432.8125 40.0781 0.7266 78.3203
620.3125 25.8594 0.4453 78.3203
132.8125 75.0781 0.2266 74.8828
320.3125 75.0781 0.2266 74.8828
132.8125 60.8594 0.2266 74.8828
132.8125 75.0781 0.9453 74.8828
132.8125 75.0781 0.2266 105.8203
320.3125 60.8594 0.9453 105.8203
123.4375 19.2969 0.3984 84.3359
404.6875 19.2969 0.3984 84.3359
123.4375 53.2031 0.3984 84.3359
123.4375 19.2969 0.3984 84.3359
123.4375 19.2969 0.3984 98.0859
404.6875 53.2031 0.3984 98.0859
423.4375 54.2969 0.8984 111.8359
104.6875 54.2969 0.8984 111.8359
423.4375 18.2031 0.8984 111.8359
423.4375 54.2969 0.8984 111.8359
423.4375 54.2969 0.8984 70.5859
104.6875 18.2031 0.8984 70.5859
573.4375 36.7969 0.1484 70.5859
254.6875 36.7969 0.1484 70.5859
573.4375 35.7031 0.1484 70.5859
573.4375 36.7969 0.1484 70.5859
573.4375 36.7969 0.1484 84.3359
254.6875 35.7031 0.1484 84.3359
273.4375 71.7969 0.6484 98.0859
554.6875 71.7969 0.6484 98.0859
273.4375 70.7031 0.6484 98.0859
273.4375 71.7969 0.6484 98.0859
273.4375 71.7969 0.6484 111.8359
554.6875 70.7031 0.6484 111.8359
348.4375 28.0469 0.7734 104.9609
629.6875 28.0469 0.7734 104.9609
348.4375 61.9531 0.7734 104.9609
348.4375 28.0469 0.0234 104.9609
348.4375 28.0469 0.7734 91.2109
629.6875 61.9531 0.0234 91.2109
648.4375 63.0469 0.2734 77.4609
329.6875 63.0469 0.2734 77.4609
648.4375 26.9531 0.2734 77.4609
648.4375 63.0469 0.5234 77.4609
648.4375 63.0469 0.2734 118.7109
329.6875 26.9531 0.5234 118.7109
498.4375 10.5469 0.5234 118.7109
179.6875 10.5469 0.5234 118.7109
498.4375 44.4531 0.5234 118.7109
498.4375 10.5469 0.2734 118.7109
498.4375 10.5469 0.5234 104.9609
179.6875 44.4531 0.2734 104.9609
198.4375 45.5469 0.0234 91.2109
479.6875 45.5469 0.0234 91.2109
198.4375 79.4531 0.0234 91.2109
198.4375 45.5469 0.7734 91.2109
198.4375 45.5469 0.0234 77.4609
479.6875 79.4531 0.7734 77.4609
235.9375 41.1719 0.5859 74.0234
142.1875 41.1719 0.5859 74.0234
235.9375 66.3281 0.5859 74.0234
235.9375 41.1719 0.0859 74.0234
235.9375 41.1719 0.5859 87.7734
142.1875 66.3281 0.0859 87.7734
535.9375 76.1719 0.0859 101.5234
442.1875 76.1719 0.0859 101.5234
535.9375 31.3281 0.0859 101.5234
535.9375 76.1719 0.5859 101.5234
535.9375 76.1719 0.0859 115.2734
442.1875 31.3281 0.5859 115.2734
685.9375 23.6719 0.8359 87.7734
592.1875 23.6719 0.8359 87.7734
685.9375 13.8281 0.8359 87.7734
685.9375 23.6719 0.3359 87.7734
685.9375 23.6719 0.8359 101.5234
592.1875 13.8281 0.3359 101.5234
385.9375 58.6719 0.3359 115.2734
292.1875 58.6719 0.3359 115.2734
385.9375 48.8281 0.3359 115.2734
385.9375 58.6719 0.8359 115.2734
385.9375 58.6719 0.3359 74.0234
292.1875 48.8281 0.8359 74.0234
310.9375 14.9219 0.2109 108.3984
367.1875 14.9219 0.2109 108.3984
310.9375 75.0781 0.2109 108.3984
310.9375 14.9219 0.4609 108.3984
310.9375 14.9219 0.2109 94.6484
367.1875 75.0781 0.4609 94.6484
610.9375 49.9219 0.7109 80.8984
667.1875 49.9219 0.7109 80.8984
610.9375 40.0781 0.7109 80.8984
610.9375 49.9219 0.9609 80.8984
610.9375 49.9219 0.7109 67.1484
667.1875 40.0781 0.9609 67.1484
460.9375 32.4219 0.4609 94.6484
517.1875 32.4219 0.4609 94.6484
460.9375 22.5781 0.4609 94.6484
460.9375 32.4219 0.2109 94.6484
460.9375 32.4219 0.4609 80.8984
517.1875 22.5781 0.2109 80.8984
160.9375 67.4219 0.9609 67.1484
217.1875 67.4219 0.9609 67.1484
160.9375 57.5781 0.9609 67.1484
160.9375 67.4219 0.7109 67.1484
160.9375 67.4219 0.9609 108.3984
217.1875 57.5781 0.7109 108.3984
142.1875 34.6094 0.1172 116.9922
573.4375 34.6094 0.1172 116.9922
142.1875 37.8906 0.1172 116.9922
142.1875 34.6094 0.9297 116.9922
142.1875 34.6094 0.1172 79.1797
573.4375 37.8906 0.9297 79.1797
442.1875 69.6094 0.6172 89.4922
273.4375 69.6094 0.6172 89.4922
442.1875 72.8906 0.6172 89.4922
442.1875 69.6094 0.4297 89.4922
442.1875 69.6094 0.6172 106.6797
273.4375 72.8906 0.4297 106.6797
592.1875 17.1094 0.3672 103.2422
123.4375 17.1094 0.3672 103.2422
592.1875 55.3906 0.3672 103.2422
592.1875 17.1094 0.6797 103.2422
592.1875 17.1094 0.3672 92.9297
123.4375 55.3906 0.6797 92.9297
292.1875 52.1094 0.8672 75.7422
423.4375 52.1094 0.8672 75.7422
292.1875 20.3906 0.8672 75.7422
292.1875 52.1094 0.1797 75.7422
292.1875 52.1094 0.8672 65.4297
423.4375 20.3906 0.1797 65.4297
367.1875 25.8594 0.7422 68.8672
498.4375 25.8594 0.7422 68.8672
367.1875 29.1406 0.7422 68.8672
367.1875 25.8594 0.5547 68.8672
367.1875 25.8594 0.7422 99.8047
498.4375 29.1406 0.5547 99.8047
667.1875 60.8594 0.2422 96.3672
198.4375 60.8594 0.2422 96.3672
667.1875 64.1406 0.2422 96.3672
667.1875 60.8594 0.0547 96.3672
667.1875 60.8594 0.2422 72.3047
198.4375 64.1406 0.0547 72.3047
517.1875 43.3594 0.9922 82.6172
348.4375 43.3594 0.9922 82.6172
517.1875 46.6406 0.9922 82.6172
517.1875 43.3594 0.8047 82.6172
517.1875 43.3594 0.9922 86.0547
348.4375 46.6406 0.8047 86.0547
217.1875 78.3594 0.4922 110.1172
648.4375 78.3594 0.4922 110.1172
217.1875 11.6406 0.4922 110.1172
217.1875 78.3594 0.3047 110.1172
217.1875 78.3594 0.4922 113.5547
648.4375 11.6406 0.3047 113.5547
179.6875 12.7344 0.9297 92.9297
310.9375 12.7344 0.9297 92.9297
179.6875 24.7656 0.9297 92.9297
179.6875 12.7344 0.6172 92.9297
179.6875 12.7344 0.9297 103.2422
310.9375 24.7656 0.6172 103.2422
479.6875 47.7344 0.4297 65.4297
610.9375 47.7344 0.4297 65.4297
479.6875 59.7656 0.4297 65.4297
479.6875 47.7344 0.1172 65.4297
479.6875 47.7344 0.4297 75.7422
610.9375 59.7656 0.1172 75.7422
629.6875 30.2344 0.6797 106.6797
460.9375 30.2344 0.6797 106.6797
629.6875 77.2656 0.6797 106.6797
629.6875 30.2344 0.8672 106.6797
629.6875 30.2344 0.6797 89.4922
460.9375 77.2656 0.8672 89.4922
329.6875 65.2344 0.1797 79.1797
160.9375 65.2344 0.1797 79.1797
329.6875 42.2656 0.1797 79.1797
329.6875 65.2344 0.3672 79.1797
329.6875 65.2344 0.1797 116.9922
160.9375 42.2656 0.3672 116.9922
254.6875 38.9844 0.3047 86.0547
235.9375 38.9844 0.3047 86.0547
254.6875 16.0156 0.3047 86.0547
254.6875 38.9844 0.9922 86.0547
254.6875 38.9844 0.3047 82.6172
235.9375 16.0156 0.9922 82.6172
554.6875 73.9844 0.8047 113.5547
535.9375 73.9844 0.8047 113.5547
554.6875 51.0156 0.8047 113.5547
554.6875 73.9844 0.4922 113.5547
554.6875 73.9844 0.8047 110.1172
535.9375 51.0156 0.4922 110.1172
404.6875 21.4844 0.0547 72.3047
685.9375 21.4844 0.0547 72.3047
404.6875 68.5156 0.0547 72.3047
404.6875 21.4844 0.7422 72.3047
404.6875 21.4844 0.0547 96.3672
685.9375 68.5156 0.7422 96.3672
104.6875 56.4844 0.5547 99.8047
385.9375 56.4844 0.5547 99.8047
104.6875 33.5156 0.5547 99.8047
104.6875 56.4844 0.2422 99.8047
104.6875 56.4844 0.5547 68.8672
385.9375 33.5156 0.2422 68.8672
107.0312 33.2422 0.2930 75.5273
641.4062 33.2422 0.2930 75.5273
107.0312 57.3047 0.2930 75.5273
107.0312 33.2422 0.8633 75.5273
107.0312 33.2422 0.2930 78.5352
641.4062 57.3047 0.8633 78.5352
407.0312 68.2422 0.7930 103.0273
341.4062 68.2422 0.7930 103.0273
407.0312 22.3047 0.7930 103.0273
407.0312 68.2422 0.3633 103.0273
407.0312 68.2422 0.7930 106.0352
341.4062 22.3047 0.3633 106.0352
557.0312 15.7422 0.0430 89.2773
191.4062 15.7422 0.0430 89.2773
557.0312 39.8047 0.0430 89.2773
557.0312 15.7422 0.6133 89.2773
557.0312 15.7422 0.0430 119.7852
191.4062 39.8047 0.6133 119.7852
257.0312 50.7422 0.5430 116.7773
491.4062 50.7422 0.5430 116.7773
257.0312 74.8047 0.5430 116.7773
257.0312 50.7422 0.1133 116.7773
257.0312 50.7422 0.5430 92.2852
491.4062 74.8047 0.1133 92.2852
332.0312 24.4922 0.9180 109.9023
416.4062 24.4922 0.9180 109.9023
332.0312 48.5547 0.9180 109.9023
332.0312 24.4922 0.7383 109.9023
332.0312 24.4922 0.9180 112.9102
416.4062 48.5547 0.7383 112.9102
632.0312 59.4922 0.4180 82.4023
116.4062 59.4922 0.4180 82.4023
632.0312 13.5547 0.4180 82.4023
632.0312 59.4922 0.2383 82.4023
632.0312 59.4922 0.4180 85.4102
116.4062 13.5547 0.2383 85.4102
482.0312 41.9922 0.6680 96.1523
266.4062 41.9922 0.6680 96.1523
482.0312 31.0547 0.6680 96.1523
482.0312 41.9922 0.9883 96.1523
482.0312 41.9922 0.6680 71.6602
266.4062 31.0547 0.9883 71.6602
182.0312 76.9922 0.1680 68.6523
566.4062 76.9922 0.1680 68.6523
182.0312 66.0547 0.1680 68.6523
182.0312 76.9922 0.4883 68.6523
182.0312 76.9922 0.1680 99.1602
566.4062 66.0547 0.4883 99.1602
219.5312 11.3672 0.7305 78.9648
378.9062 11.3672 0.7305 78.9648
219.5312 79.1797 0.7305 78.9648
219.5312 11.3672 0.6758 78.9648
219.5312 11.3672 0.7305 109.4727
378.9062 79.1797 0.6758 109.4727
519.5312 46.3672 0.2305 106.4648
678.9062 46.3672 0.2305 106.4648
519.5312 44.1797 0.2305 106.4648
519.5312 46.3672 0.1758 106.4648
519.5312 46.3672 0.2305 81.9727
678.9062 44.1797 0.1758 81.9727
669.5312 28.8672 0.9805 65.2148
528.9062 28.8672 0.9805 65.2148
669.5312 26.6797 0.9805 65.2148
669.5312 28.8672 0.9258 65.2148
669.5312 28.8672 0.9805 68.2227
528.9062 26.6797 0.9258 68.2227
369.5312 63.8672 0.4805 92.7148
228.9062 63.8672 0.4805 92.7148
369.5312 61.6797 0.4805 92.7148
369.5312 63.8672 0.4258 92.7148
369.5312 63.8672 0.4805 95.7227
228.9062 61.6797 0.4258 95.7227
294.5312 37.6172 0.1055 99.5898
153.9062 37.6172 0.1055 99.5898
294.5312 70.4297 0.1055 99.5898
294.5312 37.6172 0.8008 99.5898
294.5312 37.6172 0.1055 75.0977
153.9062 70.4297 0.8008 75.0977
594.5312 72.6172 0.6055 72.0898
453.9062 72.6172 0.6055 72.0898
594.5312 35.4297 0.6055 72.0898
594.5312 72.6172 0.3008 72.0898
594.5312 72.6172 0.6055 102.5977
453.9062 35.4297 0.3008 102.5977
444.5312 20.1172 0.3555 113.3398
603.9062 20.1172 0.3555 113.3398
444.5312 17.9297 0.3555 113.3398
444.5312 20.1172 0.5508 113.3398
444.5312 20.1172 0.3555 116.3477
603.9062 17.9297 0.5508 116.3477
144.5312 55.1172 0.8555 85.8398
303.9062 55.1172 0.8555 85.8398
144.5312 52.9297 0.8555 85.8398
144.5312 55.1172 0.0508 85.8398
144.5312 55.1172 0.8555 88.8477
303.9062 52.9297 0.0508 88.8477
163.2812 22.3047 0.1992 97.8711
510.1562 22.3047 0.1992 97.8711
163.2812 33.2422 0.1992 97.8711
163.2812 22.3047 0.3320 97.8711
163.2812 22.3047 0.1992 114.6289
510.1562 33.2422 0.3320 114.6289
463.2812 57.3047 0.6992 70.3711
210.1562 57.3047 0.6992 70.3711
463.2812 68.2422 0.6992 70.3711
463.2812 57.3047 0.8320 70.3711
463.2812 57.3047 0.6992 87.1289
210.1562 68.2422 0.8320 87.1289
613.2812 39.8047 0.4492 111.6211
360.1562 39.8047 0.4492 111.6211
613.2812 50.7422 0.4492 111.6211
613.2812 39.8047 0.0820 111.6211
613.2812 39.8047 0.4492 73.3789
360.1562 50.7422 0.0820 73.3789
313.2812 74.8047 0.9492 84.1211
660.1562 74.8047 0.9492 84.1211
313.2812 15.7422 0.9492 84.1211
313.2812 74.8047 0.5820 84.1211
313.2812 74.8047 0.9492 100.8789
660.1562 15.7422 0.5820 100.8789
388.2812 31.0547 0.5742 90.9961
585.1562 31.0547 0.5742 90.9961
388.2812 41.9922 0.5742 90.9961
388.2812 31.0547 0.2070 90.9961
388.2812 31.0547 0.5742 66.5039
585.1562 41.9922 0.2070 66.5039
688.2812 66.0547 0.0742 118.4961
285.1562 66.0547 0.0742 118.4961
688.2812 76.9922 0.0742 118.4961
688.2812 66.0547 0.7070 118.4961
688.2812 66.0547 0.0742 94.0039
285.1562 76.9922 0.7070 94.0039
538.2812 13.5547 0.8242 77.2461
135.1562 13.5547 0.8242 77.2461
538.2812 59.4922 0.8242 77.2461
538.2812 13.5547 0.4570 77.2461
538.2812 13.5547 0.8242 107.7539
135.1562 59.4922 0.4570 107.7539
238.2812 48.5547 0.3242 104.7461
435.1562 48.5547 0.3242 104.7461
238.2812 24.4922 0.3242 104.7461
238.2812 48.5547 0.9570 104.7461
238.2812 48.5547 0.3242 80.2539
435.1562 24.4922 0.9570 80.2539
200.7812 44.1797 0.7617 115.0586
247.6562 44.1797 0.7617 115.0586
200.7812 11.3672 0.7617 115.0586
200.7812 44.1797 0.1445 115.0586
200.7812 44.1797 0.7617 69.9414
247.6562 11.3672 0.1445 69.9414
500.7812 79.1797 0.2617 87.5586
547.6562 79.1797 0.2617 87.5586
500.7812 46.3672 0.2617 87.5586
500.7812 79.1797 0.6445 87.5586
500.7812 79.1797 0.2617 97.4414
547.6562 46.3672 0.6445 97.4414
650.7812 26.6797 0.5117 101.3086
697.6562 26.6797 0.5117 101.3086
650.7812 63.8672 0.5117 101.3086
650.7812 26.6797 0.3945 101.3086
650.7812 26.6797 0.5117 111.1914
697.6562 63.8672 0.3945 111.1914
350.7812 61.6797 0.0117 73.8086
397.6562 61.6797 0.0117 73.8086
350.7812 28.8672 0.0117 73.8086
350.7812 61.6797 0.8945 73.8086
350.7812 61.6797 0.0117 83.6914
397.6562 28.8672 0.8945 83.6914
275.7812 17.9297 0.3867 66.9336
322.6562 17.9297 0.3867 66.9336
275.7812 20.1172 0.3867 66.9336
275.7812 17.9297 0.2695 66.9336
275.7812 17.9297 0.3867 118.0664
322.6562 20.1172 0.2695 118.0664
575.7812 52.9297 0.8867 94.4336
622.6562 52.9297 0.8867 94.4336
575.7812 55.1172 0.8867 94.4336
575.7812 52.9297 0.7695 94.4336
575.7812 52.9297 0.8867 90.5664
622.6562 55.1172 0.7695 90.5664
425.7812 35.4297 0.1367 80.6836
472.6562 35.4297 0.1367 80.6836
425.7812 72.6172 0.1367 80.6836
425.7812 35.4297 0.0195 80.6836
425.7812 35.4297 0.1367 76.8164
472.6562 72.6172 0.0195 76.8164
125.7812 70.4297 0.6367 108.1836
172.6562 70.4297 0.6367 108.1836
125.7812 37.6172 0.6367 108.1836
125.7812 70.4297 0.5195 108.1836
125.7812 70.4297 0.6367 104.3164
172.6562 37.6172 0.5195 104.3164
135.1562 14.6484 0.9961 105.6055
557.0312 14.6484 0.9961 105.6055
135.1562 27.7734 0.9961 105.6055
135.1562 14.6484 0.0664 105.6055
135.1562 14.6484 0.9961 96.5820
557.0312 27.7734 0.0664 96.5820
435.1562 49.6484 0.4961 78.1055
257.0312 49.6484 0.4961 78.1055
435.1562 62.7734 0.4961 78.1055
435.1562 49.6484 0.5664 78.1055
435.1562 49.6484 0.4961 69.0820
257.0312 62.7734 0.5664 69.0820
585.1562 32.1484 0.7461 119.3555
107.0312 32.1484 0.7461 119.3555
585.1562 45.2734 0.7461 119.3555
585.1562 32.1484 0.3164 119.3555
585.1562 32.1484 0.7461 82.8320
107.0312 45.2734 0.3164 82.8320
285.1562 67.1484 0.2461 91.8555
407.0312 67.1484 0.2461 91.8555
285.1562 10.2734 0.2461 91.8555
285.1562 67.1484 0.8164 91.8555
285.1562 67.1484 0.2461 110.3320
407.0312 10.2734 0.8164 110.3320
360.1562 40.8984 0.3711 84.9805
482.0312 40.8984 0.3711 84.9805
360.1562 36.5234 0.3711 84.9805
360.1562 40.8984 0.4414 84.9805
360.1562 40.8984 0.3711 89.7070
482.0312 36.5234 0.4414 89.7070
660.1562 75.8984 0.8711 112.4805
182.0312 75.8984 0.8711 112.4805
660.1562 71.5234 0.8711 112.4805
660.1562 75.8984 0.9414 112.4805
660.1562 75.8984 0.8711 117.2070
182.0312 71.5234 0.9414 117.2070
510.1562 23.3984 0.1211 71.2305
332.0312 23.3984 0.1211 71.2305
510.1562 54.0234 0.1211 71.2305
510.1562 23.3984 0.1914 71.2305
510.1562 23.3984 0.1211 103.4570
332.0312 54.0234 0.1914 103.4570
210.1562 58.3984 0.6211 98.7305
632.0312 58.3984 0.6211 98.7305
210.1562 19.0234 0.6211 98.7305
210.1562 58.3984 0.6914 98.7305
210.1562 58.3984 0.6211 75.9570
632.0312 19.0234 0.6914 75.9570
247.6562 27.7734 0.0586 109.0430
294.5312 27.7734 0.0586 109.0430
247.6562 14.6484 0.0586 109.0430
247.6562 27.7734 0.3789 109.0430
247.6562 27.7734 0.0586 86.2695
294.5312 14.6484 0.3789 86.2695
547.6562 62.7734 0.5586 81.5430
594.5312 62.7734 0.5586 81.5430
547.6562 49.6484 0.5586 81.5430
547.6562 62.7734 0.8789 81.5430
547.6562 62.7734 0.5586 113.7695
594.5312 49.6484 0.8789 113.7695
697.6562 10.2734 0.3086 95.2930
444.5312 10.2734 0.3086 95.2930
697.6562 67.1484 0.3086 95.2930
697.6562 10.2734 0.1289 95.2930
697.6562 10.2734 0.3086 100.0195
444.5312 67.1484 0.1289 100.0195
397.6562 45.2734 0.8086 67.7930
144.5312 45.2734 0.8086 67.7930
397.6562 32.1484 0.8086 67.7930
397.6562 45.2734 0.6289 67.7930
397.6562 45.2734 0.8086 72.5195
144.5312 32.1484 0.6289 72.5195
322.6562 19.0234 0.6836 74.6680
219.5312 19.0234 0.6836 74.6680
322.6562 23.3984 0.6836 74.6680
322.6562 19.0234 0.0039 74.6680
322.6562 19.0234 0.6836 93.1445
219.5312 23.3984 0.0039 93.1445
622.6562 54.0234 0.1836 102.1680
519.5312 54.0234 0.1836 102.1680
622.6562 58.3984 0.1836 102.1680
622.6562 54.0234 0.5039 102.1680
622.6562 54.0234 0.1836 65.6445
519.5312 58.3984 0.5039 65.6445
472.6562 36.5234 0.9336 88.4180
669.5312 36.5234 0.9336 88.4180
472.6562 75.8984 0.9336 88.4180
472.6562 36.5234 0.2539 88.4180
472.6562 36.5234 0.9336 79.3945
669.5312 75.8984 0.2539 79.3945
172.6562 71.5234 0.4336 115.9180
369.5312 71.5234 0.4336 115.9180
172.6562 40.8984 0.4336 115.9180
172.6562 71.5234 0.7539 115.9180
172.6562 71.5234 0.4336 106.8945
369.5312 40.8984 0.7539 106.8945
153.9062 38.7109 0.5273 69.5117
425.7812 38.7109 0.5273 69.5117
153.9062 60.5859 0.5273 69.5117
153.9062 38.7109 0.5977 69.5117
153.9062 38.7109 0.5273 81.1133
425.7812 60.5859 0.5977 81.1133
453.9062 73.7109 0.0273 97.0117
125.7812 73.7109 0.0273 97.0117
453.9062 25.5859 0.0273 97.0117
453.9062 73.7109 0.0977 97.0117
453.9062 73.7109 0.0273 108.6133
125.7812 25.5859 0.0977 108.6133
603.9062 21.2109 0.7773 83.2617
275.7812 21.2109 0.7773 83.2617
603.9062 43.0859 0.7773 83.2617
603.9062 21.2109 0.8477 83.2617
603.9062 21.2109 0.7773 94.8633
275.7812 43.0859 0.8477 94.8633
303.9062 56.2109 0.2773 110.7617
575.7812 56.2109 0.2773 110.7617
303.9062 78.0859 0.2773 110.7617
303.9062 56.2109 0.3477 110.7617
303.9062 56.2109 0.2773 67.3633
575.7812 78.0859 0.3477 67.3633
378.9062 12.4609 0.1523 117.6367
650.7812 12.4609 0.1523 117.6367
378.9062 51.8359 0.1523 117.6367
378.9062 12.4609 0.9727 117.6367
378.9062 12.4609 0.1523 101.7383
650.7812 51.8359 0.9727 101.7383
678.9062 47.4609 0.6523 90.1367
350.7812 47.4609 0.6523 90.1367
678.9062 16.8359 0.6523 90.1367
678.9062 47.4609 0.4727 90.1367
678.9062 47.4609 0.6523 74.2383
350.7812 16.8359 0.4727 74.2383
528.9062 29.9609 0.4023 103.8867
200.7812 29.9609 0.4023 103.8867
528.9062 34.3359 0.4023 103.8867
528.9062 29.9609 0.7227 103.8867
528.9062 29.9609 0.4023 87.9883
200.7812 34.3359 0.7227 87.9883
228.9062 64.9609 0.9023 76.3867
500.7812 64.9609 0.9023 76.3867
228.9062 69.3359 0.9023 76.3867
228.9062 64.9609 0.2227 76.3867
228.9062 64.9609 0.9023 115.4883
500.7812 69.3359 0.2227 115.4883
191.4062 25.5859 0.4648 86.6992
163.2812 25.5859 0.4648 86.6992
191.4062 73.7109 0.4648 86.6992
191.4062 25.5859 0.9102 86.6992
191.4062 25.5859 0.4648 105.1758
163.2812 73.7109 0.9102 105.1758
491.4062 60.5859 0.9648 114.1992
463.2812 60.5859 0.9648 114.1992
491.4062 38.7109 0.9648 114.1992
491.4062 60.5859 0.4102 114.1992
491.4062 60.5859 0.9648 77.6758
463.2812 38.7109 0.4102 77.6758
641.4062 43.0859 0.2148 72.9492
613.2812 43.0859 0.2148 72.9492
641.4062 21.2109 0.2148 72.9492
641.4062 43.0859 0.6602 72.9492
641.4062 43.0859 0.2148 91.4258
613.2812 21.2109 0.6602 91.4258
341.4062 78.0859 0.7148 100.4492
313.2812 78.0859 0.7148 100.4492
341.4062 56.2109 0.7148 100.4492
341.4062 78.0859 0.1602 100.4492
341.4062 78.0859 0.7148 118.9258
313.2812 56.2109 0.1602 118.9258
266.4062 34.3359 0.8398 93.5742
388.2812 34.3359 0.8398 93.5742
266.4062 64.9609 0.8398 93.5742
266.4062 34.3359 0.5352 93.5742
266.4062 34.3359 0.8398 84.5508
388.2812 64.9609 0.5352 84.5508
566.4062 69.3359 0.3398 66.0742
688.2812 69.3359 0.3398 66.0742
566.4062 29.9609 0.3398 66.0742
566.4062 69.3359 0.0352 66.0742
566.4062 69.3359 0.3398 112.0508
688.2812 29.9609 0.0352 112.0508
416.4062 16.8359 0.5898 107.3242
538.2812 16.8359 0.5898 107.3242
416.4062 12.4609 0.5898 107.3242
416.4062 16.8359 0.7852 107.3242
416.4062 16.8359 0.5898 98.3008
538.2812 12.4609 0.7852 98.3008
116.4062 51.8359 0.0898 79.8242
238.2812 51.8359 0.0898 79.8242
116.4062 47.4609 0.0898 79.8242
116.4062 51.8359 0.2852 79.8242
116.4062 51.8359 0.0898 70.8008
238.2812 47.4609 0.2852 70.8008
111.7188 23.9453 0.5977 114.6289
252.3438 23.9453 0.5977 114.6289
111.7188 70.9766 0.5977 114.6289
111.7188 23.9453 0.4648 114.6289
111.7188 23.9453 0.5977 66.9336
252.3438 70.9766 0.4648 66.9336
411.7188 58.9453 0.0977 87.1289
552.3438 58.9453 0.0977 87.1289
411.7188 35.9766 0.0977 87.1289
411.7188 58.9453 0.9648 87.1289
411.7188 58.9453 0.0977 94.4336
552.3438 35.9766 0.9648 94.4336
561.7188 41.4453 0.8477 100.8789
402.3438 41.4453 0.8477 100.8789
561.7188 18.4766 0.8477 100.8789
561.7188 41.4453 0.2148 100.8789
561.7188 41.4453 0.8477 108.1836
402.3438 18.4766 0.2148 108.1836
261.7188 76.4453 0.3477 73.3789
102.3438 76.4453 0.3477 73.3789
261.7188 53.4766 0.3477 73.3789
261.7188 76.4453 0.7148 73.3789
261.7188 76.4453 0.3477 80.6836
102.3438 53.4766 0.7148 80.6836
336.7188 32.6953 0.2227 66.5039
177.3438 32.6953 0.2227 66.5039
336.7188 79.7266 0.2227 66.5039
336.7188 32.6953 0.0898 66.5039
336.7188 32.6953 0.2227 115.0586
177.3438 79.7266 0.0898 115.0586
636.7188 67.6953 0.7227 94.0039
477.3438 67.6953 0.7227 94.0039
636.7188 44.7266 0.7227 94.0039
636.7188 67.6953 0.5898 94.0039
636.7188 67.6953 0.7227 87.5586
477.3438 44.7266 0.5898 87.5586
486.7188 15.1953 0.4727 80.2539
627.3438 15.1953 0.4727 80.2539
486.7188 27.2266 0.4727 80.2539
486.7188 15.1953 0.3398 80.2539
486.7188 15.1953 0.4727 73.8086
627.3438 27.2266 0.3398 73.8086
186.7188 50.1953 0.9727 107.7539
327.3438 50.1953 0.9727 107.7539
186.7188 62.2266 0.9727 107.7539
186.7188 50.1953 0.8398 107.7539
186.7188 50.1953 0.9727 101.3086
327.3438 62.2266 0.8398 101.3086
224.2188 37.0703 0.4102 97.4414
589.8438 37.0703 0.4102 97.4414
224.2188 49.1016 0.4102 97.4414
224.2188 37.0703 0.0273 97.4414
224.2188 37.0703 0.4102 118.4961
589.8438 49.1016 0.0273 118.4961
524.2188 72.0703 0.9102 69.9414
289.8438 72.0703 0.9102 69.9414
524.2188 14.1016 0.9102 69.9414
524.2188 72.0703 0.5273 69.9414
524.2188 72.0703 0.9102 90.9961
289.8438 14.1016 0.5273 90.9961
674.2188 19.5703 0.1602 111.1914
139.8438 19.5703 0.1602 111.1914
674.2188 31.6016 0.1602 111.1914
674.2188 19.5703 0.2773 111.1914
674.2188 19.5703 0.1602 77.2461
139.8438 31.6016 0.2773 77.2461
374.2188 54.5703 0.6602 83.6914
439.8438 54.5703 0.6602 83.6914
374.2188 66.6016 0.6602 83.6914
374.2188 54.5703 0.7773 83.6914
374.2188 54.5703 0.6602 104.7461
439.8438 66.6016 0.7773 104.7461
299.2188 10.8203 0.7852 90.5664
514.8438 10.8203 0.7852 90.5664
299.2188 57.8516 0.7852 90.5664
299.2188 10.8203 0.4023 90.5664
299.2188 10.8203 0.7852 70.3711
514.8438 57.8516 0.4023 70.3711
599.2188 45.8203 0.2852 118.0664
214.8438 45.8203 0.2852 118.0664
599.2188 22.8516 0.2852 118.0664
599.2188 45.8203 0.9023 118.0664
599.2188 45.8203 0.2852 97.8711
214.8438 22.8516 0.9023 97.8711
449.2188 28.3203 0.5352 76.8164
364.8438 28.3203 0.5352 76.8164
449.2188 40.3516 0.5352 76.8164
449.2188 28.3203 0.1523 76.8164
449.2188 28.3203 0.5352 111.6211
364.8438 40.3516 0.1523 111.6211
149.2188 63.3203 0.0352 104.3164
664.8438 63.3203 0.0352 104.3164
149.2188 75.3516 0.0352 104.3164
149.2188 63.3203 0.6523 104.3164
149.2188 63.3203 0.0352 84.1211
664.8438 75.3516 0.6523 84.1211
167.9688 30.5078 0.8789 81.9727
121.0938 30.5078 0.8789 81.9727
167.9688 20.6641 0.8789 81.9727
167.9688 30.5078 0.9961 81.9727
167.9688 30.5078 0.8789 109.9023
121.0938 20.6641 0.9961 109.9023
467.9688 65.5078 0.3789 109.4727
421.0938 65.5078 0.3789 109.4727
467.9688 55.6641 0.3789 109.4727
467.9688 65.5078 0.4961 109.4727
467.9688 65.5078 0.3789 82.4023
421.0938 55.6641 0.4961 82.4023
617.9688 13.0078 0.6289 68.2227
571.0938 13.0078 0.6289 68.2227
617.9688 73.1641 0.6289 68.2227
617.9688 13.0078 0.7461 68.2227
617.9688 13.0078 0.6289 68.6523
571.0938 73.1641 0.7461 68.6523
317.9688 48.0078 0.1289 95.7227
271.0938 48.0078 0.1289 95.7227
317.9688 38.1641 0.1289 95.7227
317.9688 48.0078 0.2461 95.7227
317.9688 48.0078 0.1289 96.1523
271.0938 38.1641 0.2461 96.1523
392.9688 21.7578 0.2539 102.5977
346.0938 21.7578 0.2539 102.5977
392.9688 11.9141 0.2539 102.5977
392.9688 21.7578 0.6211 102.5977
392.9688 21.7578 0.2539 75.5273
346.0938 11.9141 0.6211 75.5273
692.9688 56.7578 0.7539 75.0977
646.0938 56.7578 0.7539 75.0977
692.9688 46.9141 0.7539 75.0977
692.9688 56.7578 0.1211 75.0977
692.9688 56.7578 0.7539 103.0273
646.0938 46.9141 0.1211 103.0273
542.9688 39.2578 0.0039 116.3477
496.0938 39.2578 0.0039 116.3477
542.9688 64.4141 0.0039 116.3477
542.9688 39.2578 0.8711 116.3477
542.9688 39.2578 0.0039 116.7773
496.0938 64.4141 0.8711 116.7773
242.9688 74.2578 0.5039 88.8477
196.0938 74.2578 0.5039 88.8477
242.9688 29.4141 0.5039 88.8477
242.9688 74.2578 0.3711 88.8477
242.9688 74.2578 0.5039 89.2773
196.0938 29.4141 0.3711 89.2773
205.4688 17.3828 0.0664 78.5352
458.5938 17.3828 0.0664 78.5352
205.4688 42.5391 0.0664 78.5352
205.4688 17.3828 0.5586 78.5352
205.4688 17.3828 0.0664 72.0898
458.5938 42.5391 0.5586 72.0898
505.4688 52.3828 0.5664 106.0352
158.5938 52.3828 0.5664 106.0352
505.4688 77.5391 0.5664 106.0352
505.4688 52.3828 0.0586 106.0352
505.4688 52.3828 0.5664 99.5898
158.5938 77.5391 0.0586 99.5898
655.4688 34.8828 0.3164 92.2852
308.5938 34.8828 0.3164 92.2852
655.4688 60.0391 0.3164 92.2852
655.4688 34.8828 0.8086 92.2852
655.4688 34.8828 0.3164 113.3398
308.5938 60.0391 0.8086 113.3398
355.4688 69.8828 0.8164 119.7852
608.5938 69.8828 0.8164 119.7852
355.4688 25.0391 0.8164 119.7852
355.4688 69.8828 0.3086 119.7852
355.4688 69.8828 0.8164 85.8398
608.5938 25.0391 0.3086 85.8398
280.4688 43.6328 0.6914 112.9102
683.5938 43.6328 0.6914 112.9102
280.4688 33.7891 0.6914 112.9102
280.4688 43.6328 0.9336 112.9102
280.4688 43.6328 0.6914 106.4648
683.5938 33.7891 0.9336 106.4648
580.4688 78.6328 0.1914 85.4102
383.5938 78.6328 0.1914 85.4102
580.4688 68.7891 0.1914 85.4102
580.4688 78.6328 0.4336 85.4102
580.4688 78.6328 0.1914 78.9648
383.5938 68.7891 0.4336 78.9648
430.4688 26.1328 0.9414 99.1602
233.5938 26.1328 0.9414 99.1602
430.4688 51.2891 0.9414 99.1602
430.4688 26.1328 0.6836 99.1602
430.4688 26.1328 0.9414 65.2148
233.5938 51.2891 0.6836 65.2148
130.4688 61.1328 0.4414 71.6602
533.5938 61.1328 0.4414 71.6602
130.4688 16.2891 0.4414 71.6602
130.4688 61.1328 0.1836 71.6602
130.4688 61.1328 0.4414 92.7148
533.5938 16.2891 0.1836 92.7148
121.0938 42.5391 0.1758 87.9883
336.7188 42.5391 0.1758 87.9883
121.0938 23.9453 0.1758 87.9883
121.0938 42.5391 0.7305 87.9883
121.0938 42.5391 0.1758 100.4492
336.7188 23.9453 0.7305 100.4492
421.0938 77.5391 0.6758 115.4883
636.7188 77.5391 0.6758 115.4883
421.0938 58.9453 0.6758 115.4883
421.0938 77.5391 0.2305 115.4883
421.0938 77.5391 0.6758 72.9492
636.7188 58.9453 0.2305 72.9492
571.0938 25.0391 0.4258 74.2383
486.7188 25.0391 0.4258 74.2383
571.0938 76.4453 0.4258 74.2383
571.0938 25.0391 0.9805 74.2383
571.0938 25.0391 0.4258 86.6992
486.7188 76.4453 0.9805 86.6992
271.0938 60.0391 0.9258 101.7383
186.7188 60.0391 0.9258 101.7383
271.0938 41.4453 0.9258 101.7383
271.0938 60.0391 0.4805 101.7383
271.0938 60.0391 0.9258 114.1992
186.7188 41.4453 0.4805 114.1992
346.0938 16.2891 0.5508 94.8633
111.7188 16.2891 0.5508 94.8633
346.0938 15.1953 0.5508 94.8633
346.0938 16.2891 0.8555 94.8633
346.0938 16.2891 0.5508 79.8242
111.7188 15.1953 0.8555 79.8242
646.0938 51.2891 0.0508 67.3633
411.7188 51.2891 0.0508 67.3633
646.0938 50.1953 0.0508 67.3633
646.0938 51.2891 0.3555 67.3633
646.0938 51.2891 0.0508 107.3242
411.7188 50.1953 0.3555 107.3242
496.0938 33.7891 0.8008 108.6133
561.7188 33.7891 0.8008 108.6133
496.0938 67.6953 0.8008 108.6133
496.0938 33.7891 0.6055 108.6133
496.0938 33.7891 0.8008 93.5742
561.7188 67.6953 0.6055 93.5742
196.0938 68.7891 0.3008 81.1133
261.7188 68.7891 0.3008 81.1133
196.0938 32.6953 0.3008 81.1133
196.0938 68.7891 0.1055 81.1133
196.0938 68.7891 0.3008 66.0742
261.7188 32.6953 0.1055 66.0742
233.5938 20.6641 0.8633 70.8008
674.2188 20.6641 0.8633 70.8008
233.5938 37.0703 0.8633 70.8008
233.5938 20.6641 0.7930 70.8008
233.5938 20.6641 0.8633 83.2617
674.2188 37.0703 0.7930 83.2617
533.5938 55.6641 0.3633 98.3008
374.2188 55.6641 0.3633 98.3008
533.5938 72.0703 0.3633 98.3008
533.5938 55.6641 0.2930 98.3008
533.5938 55.6641 0.3633 110.7617
374.2188 72.0703 0.2930 110.7617
683.5938 38.1641 0.6133 84.5508
224.2188 38.1641 0.6133 84.5508
683.5938 54.5703 0.6133 84.5508
683.5938 38.1641 0.5430 84.5508
683.5938 38.1641 0.6133 97.0117
224.2188 54.5703 0.5430 97.0117
383.5938 73.1641 0.1133 112.0508
524.2188 73.1641 0.1133 112.0508
383.5938 19.5703 0.1133 112.0508
383.5938 73.1641 0.0430 112.0508
383.5938 73.1641 0.1133 69.5117
524.2188 19.5703 0.0430 69.5117
308.5938 29.4141 0.4883 118.9258
449.2188 29.4141 0.4883 118.9258
308.5938 28.3203 0.4883 118.9258
308.5938 29.4141 0.6680 118.9258
308.5938 29.4141 0.4883 103.8867
449.2188 28.3203 0.6680 103.8867
608.5938 64.4141 0.9883 91.4258
149.2188 64.4141 0.9883 91.4258
608.5938 63.3203 0.9883 91.4258
608.5938 64.4141 0.1680 91.4258
608.5938 64.4141 0.9883 76.3867
149.2188 63.3203 0.1680 76.3867
458.5938 11.9141 0.2383 105.1758
299.2188 11.9141 0.2383 105.1758
458.5938 45.8203 0.2383 105.1758
458.5938 11.9141 0.9180 105.1758
458.5938 11.9141 0.2383 90.1367
299.2188 45.8203 0.9180 90.1367
158.5938 46.9141 0.7383 77.6758
599.2188 46.9141 0.7383 77.6758
158.5938 10.8203 0.7383 77.6758
158.5938 46.9141 0.4180 77.6758
158.5938 46.9141 0.7383 117.6367
599.2188 10.8203 0.4180 117.6367
139.8438 14.1016 0.3320 106.8945
205.4688 14.1016 0.3320 106.8945
139.8438 65.5078 0.3320 106.8945
139.8438 14.1016 0.1992 106.8945
139.8438 14.1016 0.3320 91.8555
205.4688 65.5078 0.1992 91.8555
439.8438 49.1016 0.8320 79.3945
505.4688 49.1016 0.8320 79.3945
439.8438 30.5078 0.8320 79.3945
439.8438 49.1016 0.6992 79.3945
439.8438 49.1016 0.8320 119.3555
505.4688 30.5078 0.6992 119.3555
589.8438 31.6016 0.0820 93.1445
655.4688 31.6016 0.0820 93.1445
589.8438 13.0078 0.0820 93.1445
589.8438 31.6016 0.4492 93.1445
589.8438 31.6016 0.0820 105.6055
655.4688 13.0078 0.4492 105.6055
289.8438 66.6016 0.5820 65.6445
355.4688 66.6016 0.5820 65.6445
289.8438 48.0078 0.5820 65.6445
289.8438 66.6016 0.9492 65.6445
289.8438 66.6016 0.5820 78.1055
355.4688 48.0078 0.9492 78.1055
364.8438 40.3516 0.9570 72.5195
280.4688 40.3516 0.9570 72.5195
364.8438 74.2578 0.9570 72.5195
364.8438 40.3516 0.3242 72.5195
364.8438 40.3516 0.9570 98.7305
280.4688 74.2578 0.3242 98.7305
664.8438 75.3516 0.4570 100.0195
580.4688 75.3516 0.4570 100.0195
664.8438 39.2578 0.4570 100.0195
664.8438 75.3516 0.8242 100.0195
664.8438 75.3516 0.4570 71.2305
580.4688 39.2578 0.8242 71.2305
514.8438 22.8516 0.7070 86.2695
430.4688 22.8516 0.7070 86.2695
514.8438 21.7578 0.7070 86.2695
514.8438 22.8516 0.0742 86.2695
514.8438 22.8516 0.7070 84.9805
430.4688 21.7578 0.0742 84.9805
214.8438 57.8516 0.2070 113.7695
130.4688 57.8516 0.2070 113.7695
214.8438 56.7578 0.2070 113.7695
214.8438 57.8516 0.5742 113.7695
214.8438 57.8516 0.2070 112.4805
130.4688 56.7578 0.5742 112.4805
177.3438 35.9766 0.6445 103.4570
542.9688 35.9766 0.6445 103.4570
177.3438 52.3828 0.6445 103.4570
177.3438 35.9766 0.2617 103.4570
177.3438 35.9766 0.6445 95.2930
542.9688 52.3828 0.2617 95.2930
477.3438 70.9766 0.1445 75.9570
242.9688 70.9766 0.1445 75.9570
477.3438 17.3828 0.1445 75.9570
477.3438 70.9766 0.7617 75.9570
477.3438 70.9766 0.1445 67.7930
242.9688 17.3828 0.7617 67.7930
627.3438 18.4766 0.8945 117.2070
392.9688 18.4766 0.8945 117.2070
627.3438 34.8828 0.8945 117.2070
627.3438 18.4766 0.0117 117.2070
627.3438 18.4766 0.8945 81.5430
392.9688 34.8828 0.0117 81.5430
327.3438 53.4766 0.3945 89.7070
692.9688 53.4766 0.3945 89.7070
327.3438 69.8828 0.3945 89.7070
327.3438 53.4766 0.5117 89.7070
327.3438 53.4766 0.3945 109.0430
692.9688 69.8828 0.5117 109.0430
252.3438 27.2266 0.0195 82.8320
617.9688 27.2266 0.0195 82.8320
252.3438 61.1328 0.0195 82.8320
252.3438 27.2266 0.1367 82.8320
252.3438 27.2266 0.0195 88.4180
617.9688 61.1328 0.1367 88.4180
552.3438 62.2266 0.5195 110.3320
317.9688 62.2266 0.5195 110.3320
552.3438 26.1328 0.5195 110.3320
552.3438 62.2266 0.6367 110.3320
552.3438 62.2266 0.5195 115.9180
317.9688 26.1328 0.6367 115.9180
402.3438 44.7266 0.2695 69.0820
167.9688 44.7266 0.2695 69.0820
402.3438 43.6328 0.2695 69.0820
402.3438 44.7266 0.3867 69.0820
402.3438 44.7266 0.2695 102.1680
167.9688 43.6328 0.3867 102.1680
102.3438 79.7266 0.7695 96.5820
467.9688 79.7266 0.7695 96.5820
102.3438 78.6328 0.7695 96.5820
102.3438 79.7266 0.8867 96.5820
102.3438 79.7266 0.7695 74.6680
467.9688 78.6328 0.8867 74.6680
103.5156 44.8633 0.6777 81.2207
567.5781 44.8633 0.6777 81.2207
103.5156 17.5195 0.6777 81.2207
103.5156 44.8633 0.3652 81.2207
103.5156 44.8633 0.6777 84.6582
567.5781 17.5195 0.3652 84.6582
403.5156 79.8633 0.1777 108.7207
267.5781 79.8633 0.1777 108.7207
403.5156 52.5195 0.1777 108.7207
403.5156 79.8633 0.8652 108.7207
403.5156 79.8633 0.1777 112.1582
267.5781 52.5195 0.8652 112.1582
553.5156 27.3633 0.9277 67.4707
117.5781 27.3633 0.9277 67.4707
553.5156 70.0195 0.9277 67.4707
553.5156 27.3633 0.1152 67.4707
553.5156 27.3633 0.9277 98.4082
117.5781 70.0195 0.1152 98.4082
253.5156 62.3633 0.4277 94.9707
417.5781 62.3633 0.4277 94.9707
253.5156 35.0195 0.4277 94.9707
253.5156 62.3633 0.6152 94.9707
253.5156 62.3633 0.4277 70.9082
417.5781 35.0195 0.6152 70.9082
328.5156 18.6133 0.0527 101.8457
492.5781 18.6133 0.0527 101.8457
328.5156 26.2695 0.0527 101.8457
328.5156 18.6133 0.2402 101.8457
328.5156 18.6133 0.0527 105.2832
492.5781 26.2695 0.2402 105.2832
628.5156 53.6133 0.5527 74.3457
192.5781 53.6133 0.5527 74.3457
628.5156 61.2695 0.5527 74.3457
628.5156 53.6133 0.7402 74.3457
628.5156 53.6133 0.5527 77.7832
192.5781 61.2695 0.7402 77.7832
478.5156 36.1133 0.3027 115.5957
342.5781 36.1133 0.3027 115.5957
478.5156 78.7695 0.3027 115.5957
478.5156 36.1133 0.4902 115.5957
478.5156 36.1133 0.3027 91.5332
342.5781 78.7695 0.4902 91.5332
178.5156 71.1133 0.8027 88.0957
642.5781 71.1133 0.8027 88.0957
178.5156 43.7695 0.8027 88.0957
178.5156 71.1133 0.9902 88.0957
178.5156 71.1133 0.8027 119.0332
642.5781 43.7695 0.9902 119.0332
216.0156 22.9883 0.3652 77.7832
305.0781 22.9883 0.3652 77.7832
216.0156 30.6445 0.3652 77.7832
216.0156 22.9883 0.1777 77.7832
216.0156 22.9883 0.3652 101.8457
305.0781 30.6445 0.1777 101.8457
516.0156 57.9883 0.8652 105.2832
605.0781 57.9883 0.8652 105.2832
516.0156 65.6445 0.8652 105.2832
516.0156 57.9883 0.6777 105.2832
516.0156 57.9883 0.8652 74.3457
605.0781 65.6445 0.6777 74.3457
666.0156 40.4883 0.1152 91.5332
455.0781 40.4883 0.1152 91.5332
666.0156 48.1445 0.1152 91.5332
666.0156 40.4883 0.4277 91.5332
666.0156 40.4883 0.1152 88.0957
455.0781 48.1445 0.4277 88.0957
366.0156 75.4883 0.6152 119.0332
155.0781 75.4883 0.6152 119.0332
366.0156 13.1445 0.6152 119.0332
366.0156 75.4883 0.9277 119.0332
366.0156 75.4883 0.6152 115.5957
155.0781 13.1445 0.9277 115.5957
291.0156 31.7383 0.9902 112.1582
230.0781 31.7383 0.9902 112.1582
291.0156 39.3945 0.9902 112.1582
291.0156 31.7383 0.3027 112.1582
291.0156 31.7383 0.9902 81.2207
230.0781 39.3945 0.3027 81.2207
591.0156 66.7383 0.4902 84.6582
530.0781 66.7383 0.4902 84.6582
591.0156 74.3945 0.4902 84.6582
591.0156 66.7383 0.8027 84.6582
591.0156 66.7383 0.4902 108.7207
530.0781 74.3945 0.8027 108.7207
441.0156 14.2383 0.7402 98.4082
680.0781 14.2383 0.7402 98.4082
441.0156 56.8945 0.7402 98.4082
441.0156 14.2383 0.0527 98.4082
441.0156 14.2383 0.7402 94.9707
680.0781 56.8945 0.0527 94.9707
141.0156 49.2383 0.2402 70.9082
380.0781 49.2383 0.2402 70.9082
141.0156 21.8945 0.2402 70.9082
141.0156 49.2383 0.5527 70.9082
141.0156 49.2383 0.2402 67.4707
380.0781 21.8945 0.5527 67.4707
159.7656 12.0508 0.8340 113.8770
436.3281 12.0508 0.8340 113.8770
159.7656 72.2070 0.8340 113.8770
159.7656 12.0508 0.8340 113.8770
159.7656 12.0508 0.8340 93.2520
436.3281 72.2070 0.8340 93.2520
459.7656 47.0508 0.3340 86.3770
136.3281 47.0508 0.3340 86.3770
459.7656 37.2070 0.3340 86.3770
459.7656 47.0508 0.3340 86.3770
459.7656 47.0508 0.3340 65.7520
136.3281 37.2070 0.3340 65.7520
609.7656 29.5508 0.5840 100.1270
286.3281 29.5508 0.5840 100.1270
609.7656 19.7070 0.5840 100.1270
609.7656 29.5508 0.5840 100.1270
609.7656 29.5508 0.5840 79.5020
286.3281 19.7070 0.5840 79.5020
309.7656 64.5508 0.0840 72.6270
586.3281 64.5508 0.0840 72.6270
309.7656 54.7070 0.0840 72.6270
309.7656 64.5508 0.0840 72.6270
309.7656 64.5508 0.0840 107.0020
586.3281 54.7070 0.0840 107.0020
384.7656 38.3008 0.4590 65.7520
661.3281 38.3008 0.4590 65.7520
384.7656 63.4570 0.4590 65.7520
384.7656 38.3008 0.7090 65.7520
384.7656 38.3008 0.4590 86.3770
661.3281 63.4570 0.7090 86.3770
684.7656 73.3008 0.9590 93.2520
361.3281 73.3008 0.9590 93.2520
684.7656 28.4570 0.9590 93.2520
684.7656 73.3008 0.2090 93.2520
684.7656 73.3008 0.9590 113.8770
361.3281 28.4570 0.2090 113.8770
534.7656 20.8008 0.2090 79.5020
211.3281 20.8008 0.2090 79.5020
534.7656 10.9570 0.2090 79.5020
534.7656 20.8008 0.9590 79.5020
534.7656 20.8008 0.2090 100.1270
211.3281 10.9570 0.9590 100.1270
234.7656 55.8008 0.7090 107.0020
511.3281 55.8008 0.7090 107.0020
234.7656 45.9570 0.7090 107.0020
234.7656 55.8008 0.4590 107.0020
234.7656 55.8008 0.7090 72.6270
511.3281 45.9570 0.4590 72.6270
197.2656 33.9258 0.1465 96.6895
173.8281 33.9258 0.1465 96.6895
197.2656 59.0820 0.1465 96.6895
197.2656 33.9258 0.6465 96.6895
197.2656 33.9258 0.1465 89.8145
173.8281 59.0820 0.6465 89.8145
497.2656 68.9258 0.6465 69.1895
473.8281 68.9258 0.6465 69.1895
497.2656 24.0820 0.6465 69.1895
497.2656 68.9258 0.1465 69.1895
497.2656 68.9258 0.6465 117.3145
473.8281 24.0820 0.1465 117.3145
647.2656 16.4258 0.3965 110.4395
623.8281 16.4258 0.3965 110.4395
647.2656 41.5820 0.3965 110.4395
647.2656 16.4258 0.8965 110.4395
647.2656 16.4258 0.3965 103.5645
623.8281 41.5820 0.8965 103.5645
347.2656 51.4258 0.8965 82.9395
323.8281 51.4258 0.8965 82.9395
347.2656 76.5820 0.8965 82.9395
347.2656 51.4258 0.3965 82.9395
347.2656 51.4258 0.8965 76.0645
323.8281 76.5820 0.3965 76.0645
272.2656 25.1758 0.5215 89.8145
398.8281 25.1758 0.5215 89.8145
272.2656 50.3320 0.5215 89.8145
272.2656 25.1758 0.7715 89.8145
272.2656 25.1758 0.5215 96.6895
398.8281 50.3320 0.7715 96.6895
572.2656 60.1758 0.0215 117.3145
698.8281 60.1758 0.0215 117.3145
572.2656 15.3320 0.0215 117.3145
572.2656 60.1758 0.2715 117.3145
572.2656 60.1758 0.0215 69.1895
698.8281 15.3320 0.2715 69.1895
422.2656 42.6758 0.7715 76.0645
548.8281 42.6758 0.7715 76.0645
422.2656 32.8320 0.7715 76.0645
422.2656 42.6758 0.5215 76.0645
422.2656 42.6758 0.7715 82.9395
548.8281 32.8320 0.5215 82.9395
122.2656 77.6758 0.2715 103.5645
248.8281 77.6758 0.2715 103.5645
122.2656 67.8320 0.2715 103.5645
122.2656 77.6758 0.0215 103.5645
122.2656 77.6758 0.2715 110.4395
248.8281 67.8320 0.0215 110.4395
131.6406 26.2695 0.0996 107.8613
633.2031 26.2695 0.0996 107.8613
131.6406 77.6758 0.0996 107.8613
131.6406 26.2695 0.5684 107.8613
131.6406 26.2695 0.0996 118.1738
633.2031 77.6758 0.5684 118.1738
431.6406 61.2695 0.5996 80.3613
333.2031 61.2695 0.5996 80.3613
431.6406 42.6758 0.5996 80.3613
431.6406 61.2695 0.0684 80.3613
431.6406 61.2695 0.5996 90.6738
333.2031 42.6758 0.0684 90.6738
581.6406 43.7695 0.3496 94.1113
183.2031 43.7695 0.3496 94.1113
581.6406 25.1758 0.3496 94.1113
581.6406 43.7695 0.8184 94.1113
581.6406 43.7695 0.3496 76.9238
183.2031 25.1758 0.8184 76.9238
281.6406 78.7695 0.8496 66.6113
483.2031 78.7695 0.8496 66.6113
281.6406 60.1758 0.8496 66.6113
281.6406 78.7695 0.3184 66.6113
281.6406 78.7695 0.8496 104.4238
483.2031 60.1758 0.3184 104.4238
356.6406 35.0195 0.7246 73.4863
408.2031 35.0195 0.7246 73.4863
356.6406 68.9258 0.7246 73.4863
356.6406 35.0195 0.9434 73.4863
356.6406 35.0195 0.7246 70.0488
408.2031 68.9258 0.9434 70.0488
656.6406 70.0195 0.2246 100.9863
108.2031 70.0195 0.2246 100.9863
656.6406 33.9258 0.2246 100.9863
656.6406 70.0195 0.4434 100.9863
656.6406 70.0195 0.2246 97.5488
108.2031 33.9258 0.4434 97.5488
506.6406 17.5195 0.9746 87.2363
258.2031 17.5195 0.9746 87.2363
506.6406 16.4258 0.9746 87.2363
506.6406 17.5195 0.6934 87.2363
506.6406 17.5195 0.9746 111.2988
258.2031 16.4258 0.6934 111.2988
206.6406 52.5195 0.4746 114.7363
558.2031 52.5195 0.4746 114.7363
206.6406 51.4258 0.4746 114.7363
206.6406 52.5195 0.1934 114.7363
206.6406 52.5195 0.4746 83.7988
558.2031 51.4258 0.1934 83.7988
244.1406 39.3945 0.9121 104.4238
370.7031 39.3945 0.9121 104.4238
244.1406 55.8008 0.9121 104.4238
244.1406 39.3945 0.8809 104.4238
244.1406 39.3945 0.9121 66.6113
370.7031 55.8008 0.8809 66.6113
544.1406 74.3945 0.4121 76.9238
670.7031 74.3945 0.4121 76.9238
544.1406 20.8008 0.4121 76.9238
544.1406 74.3945 0.3809 76.9238
544.1406 74.3945 0.4121 94.1113
670.7031 20.8008 0.3809 94.1113
694.1406 21.8945 0.6621 118.1738
520.7031 21.8945 0.6621 118.1738
694.1406 38.3008 0.6621 118.1738
694.1406 21.8945 0.6309 118.1738
694.1406 21.8945 0.6621 107.8613
520.7031 38.3008 0.6309 107.8613
394.1406 56.8945 0.1621 90.6738
220.7031 56.8945 0.1621 90.6738
394.1406 73.3008 0.1621 90.6738
394.1406 56.8945 0.1309 90.6738
394.1406 56.8945 0.1621 80.3613
220.7031 73.3008 0.1309 80.3613
319.1406 13.1445 0.2871 83.7988
145.7031 13.1445 0.2871 83.7988
319.1406 47.0508 0.2871 83.7988
319.1406 13.1445 0.5059 83.7988
319.1406 13.1445 0.2871 114.7363
145.7031 47.0508 0.5059 114.7363
619.1406 48.1445 0.7871 111.2988
445.7031 48.1445 0.7871 111.2988
619.1406 12.0508 0.7871 111.2988
619.1406 48.1445 0.0059 111.2988
619.1406 48.1445 0.7871 87.2363
445.7031 12.0508 0.0059 87.2363
469.1406 30.6445 0.0371 70.0488
595.7031 30.6445 0.0371 70.0488
469.1406 29.5508 0.0371 70.0488
469.1406 30.6445 0.7559 70.0488
469.1406 30.6445 0.0371 73.4863
595.7031 29.5508 0.7559 73.4863
169.1406 65.6445 0.5371 97.5488
295.7031 65.6445 0.5371 97.5488
169.1406 64.5508 0.5371 97.5488
169.1406 65.6445 0.2559 97.5488
169.1406 65.6445 0.5371 100.9863
295.7031 64.5508 0.2559 100.9863
150.3906 28.4570 0.3809 88.9551
501.9531 28.4570 0.3809 88.9551
150.3906 14.2383 0.3809 88.9551
150.3906 28.4570 0.0996 88.9551
150.3906 28.4570 0.3809 75.2051
501.9531 14.2383 0.0996 75.2051
450.3906 63.4570 0.8809 116.4551
201.9531 63.4570 0.8809 116.4551
450.3906 49.2383 0.8809 116.4551
450.3906 63.4570 0.5996 116.4551
450.3906 63.4570 0.8809 102.7051
201.9531 49.2383 0.5996 102.7051
600.3906 10.9570 0.1309 75.2051
351.9531 10.9570 0.1309 75.2051
600.3906 66.7383 0.1309 75.2051
600.3906 10.9570 0.3496 75.2051
600.3906 10.9570 0.1309 116.4551
351.9531 66.7383 0.3496 116.4551
300.3906 45.9570 0.6309 102.7051
651.9531 45.9570 0.6309 102.7051
300.3906 31.7383 0.6309 102.7051
300.3906 45.9570 0.8496 102.7051
300.3906 45.9570 0.6309 88.9551
651.9531 31.7383 0.8496 88.9551
375.3906 19.7070 0.7559 95.8301
576.9531 19.7070 0.7559 95.8301
375.3906 22.9883 0.7559 95.8301
375.3906 19.7070 0.4746 95.8301
375.3906 19.7070 0.7559 109.5801
576.9531 22.9883 0.4746 109.5801
675.3906 54.7070 0.2559 68.3301
276.9531 54.7070 0.2559 68.3301
675.3906 57.9883 0.2559 68.3301
675.3906 54.7070 0.9746 68.3301
675.3906 54.7070 0.2559 82.0801
276.9531 57.9883 0.9746 82.0801
525.3906 37.2070 0.5059 109.5801
126.9531 37.2070 0.5059 109.5801
525.3906 75.4883 0.5059 109.5801
525.3906 37.2070 0.2246 109.5801
525.3906 37.2070 0.5059 68.3301
126.9531 75.4883 0.2246 68.3301
225.3906 72.2070 0.0059 82.0801
426.9531 72.2070 0.0059 82.0801
225.3906 40.4883 0.0059 82.0801
225.3906 72.2070 0.7246 82.0801
225.3906 72.2070 0.0059 95.8301
426.9531 40.4883 0.7246 95.8301
187.8906 15.3320 0.5684 71.7676
239.4531 15.3320 0.5684 71.7676
187.8906 36.1133 0.5684 71.7676
187.8906 15.3320 0.4121 71.7676
187.8906 15.3320 0.5684 113.0176
239.4531 36.1133 0.4121 113.0176
487.8906 50.3320 0.0684 99.2676
539.4531 50.3320 0.0684 99.2676
487.8906 71.1133 0.0684 99.2676
487.8906 50.3320 0.9121 99.2676
487.8906 50.3320 0.0684 85.5176
539.4531 71.1133 0.9121 85.5176
637.8906 32.8320 0.8184 85.5176
689.4531 32.8320 0.8184 85.5176
637.8906 53.6133 0.8184 85.5176
637.8906 32.8320 0.1621 85.5176
637.8906 32.8320 0.8184 71.7676
689.4531 53.6133 0.1621 71.7676
337.8906 67.8320 0.3184 113.0176
389.4531 67.8320 0.3184 113.0176
337.8906 18.6133 0.3184 113.0176
337.8906 67.8320 0.6621 113.0176
337.8906 67.8320 0.3184 99.2676
389.4531 18.6133 0.6621 99.2676
262.8906 41.5820 0.1934 119.8926
314.4531 41.5820 0.1934 119.8926
262.8906 44.8633 0.1934 119.8926
262.8906 41.5820 0.0371 119.8926
262.8906 41.5820 0.1934 78.6426
314.4531 44.8633 0.0371 78.6426
562.8906 76.5820 0.6934 92.3926
614.4531 76.5820 0.6934 92.3926
562.8906 79.8633 0.6934 92.3926
562.8906 76.5820 0.5371 92.3926
562.8906 76.5820 0.6934 106.1426
614.4531 79.8633 0.5371 106.1426
412.8906 24.0820 0.4434 106.1426
464.4531 24.0820 0.4434 106.1426
412.8906 62.3633 0.4434 106.1426
412.8906 24.0820 0.2871 106.1426
412.8906 24.0820 0.4434 119.8926
464.4531 62.3633 0.2871 119.8926
112.8906 59.0820 0.9434 78.6426
164.4531 59.0820 0.9434 78.6426
112.8906 27.3633 0.9434 78.6426
112.8906 59.0820 0.7871 78.6426
112.8906 59.0820 0.9434 92.3926
164.4531 27.3633 0.7871 92.3926
117.5781 16.9727 0.4980 98.8379
328.5156 16.9727 0.4980 98.8379
117.5781 38.8477 0.4980 98.8379
117.5781 16.9727 0.9668 98.8379
117.5781 16.9727 0.4980 88.5254
328.5156 38.8477 0.9668 88.5254
417.5781 51.9727 0.9980 71.3379
628.5156 51.9727 0.9980 71.3379
417.5781 73.8477 0.9980 71.3379
417.5781 51.9727 0.4668 71.3379
417.5781 51.9727 0.9980 116.0254
628.5156 73.8477 0.4668 116.0254
567.5781 34.4727 0.2480 112.5879
478.5156 34.4727 0.2480 112.5879
567.5781 56.3477 0.2480 112.5879
567.5781 34.4727 0.7168 112.5879
567.5781 34.4727 0.2480 102.2754
478.5156 56.3477 0.7168 102.2754
267.5781 69.4727 0.7480 85.0879
178.5156 69.4727 0.7480 85.0879
267.5781 21.3477 0.7480 85.0879
267.5781 69.4727 0.2168 85.0879
267.5781 69.4727 0.7480 74.7754
178.5156 21.3477 0.2168 74.7754
342.5781 43.2227 0.8730 91.9629
103.5156 43.2227 0.8730 91.9629
342.5781 30.0977 0.8730 91.9629
342.5781 43.2227 0.5918 91.9629
342.5781 43.2227 0.8730 95.4004
103.5156 30.0977 0.5918 95.4004
642.5781 78.2227 0.3730 119.4629
403.5156 78.2227 0.3730 119.4629
642.5781 65.0977 0.3730 119.4629
642.5781 78.2227 0.0918 119.4629
642.5781 78.2227 0.3730 67.9004
403.5156 65.0977 0.0918 67.9004
492.5781 25.7227 0.6230 78.2129
553.5156 25.7227 0.6230 78.2129
492.5781 47.5977 0.6230 78.2129
492.5781 25.7227 0.8418 78.2129
492.5781 25.7227 0.6230 81.6504
553.5156 47.5977 0.8418 81.6504
192.5781 60.7227 0.1230 105.7129
253.5156 60.7227 0.1230 105.7129
192.5781 12.5977 0.1230 105.7129
192.5781 60.7227 0.3418 105.7129
192.5781 60.7227 0.1230 109.1504
253.5156 12.5977 0.3418 109.1504
230.0781 30.0977 0.5605 116.0254
666.0156 30.0977 0.5605 116.0254
230.0781 25.7227 0.5605 116.0254
230.0781 30.0977 0.5293 116.0254
230.0781 30.0977 0.5605 98.8379
666.0156 25.7227 0.5293 98.8379
530.0781 65.0977 0.0605 88.5254
366.0156 65.0977 0.0605 88.5254
530.0781 60.7227 0.0605 88.5254
530.0781 65.0977 0.0293 88.5254
530.0781 65.0977 0.0605 71.3379
366.0156 60.7227 0.0293 71.3379
680.0781 12.5977 0.8105 102.2754
216.0156 12.5977 0.8105 102.2754
680.0781 78.2227 0.8105 102.2754
680.0781 12.5977 0.7793 102.2754
680.0781 12.5977 0.8105 85.0879
216.0156 78.2227 0.7793 85.0879
380.0781 47.5977 0.3105 74.7754
516.0156 47.5977 0.3105 74.7754
380.0781 43.2227 0.3105 74.7754
380.0781 47.5977 0.2793 74.7754
380.0781 47.5977 0.3105 112.5879
516.0156 43.2227 0.2793 112.5879
305.0781 21.3477 0.1855 67.9004
441.0156 21.3477 0.1855 67.9004
305.0781 16.9727 0.1855 67.9004
305.0781 21.3477 0.9043 67.9004
305.0781 21.3477 0.1855 91.9629
441.0156 16.9727 0.9043 91.9629
605.0781 56.3477 0.6855 95.4004
141.0156 56.3477 0.6855 95.4004
605.0781 51.9727 0.6855 95.4004
605.0781 56.3477 0.4043 95.4004
605.0781 56.3477 0.6855 119.4629
141.0156 51.9727 0.4043 119.4629
455.0781 38.8477 0.4355 81.6504
291.0156 38.8477 0.4355 81.6504
455.0781 69.4727 0.4355 81.6504
455.0781 38.8477 0.6543 81.6504
455.0781 38.8477 0.4355 105.7129
291.0156 69.4727 0.6543 105.7129
155.0781 73.8477 0.9355 109.1504
591.0156 73.8477 0.9355 109.1504
155.0781 34.4727 0.9355 109.1504
155.0781 73.8477 0.1543 109.1504
155.0781 73.8477 0.9355 78.2129
591.0156 34.4727 0.1543 78.2129
173.8281 36.6602 0.0293 76.4941
197.2656 36.6602 0.0293 76.4941
173.8281 49.7852 0.0293 76.4941
173.8281 36.6602 0.4980 76.4941
173.8281 36.6602 0.0293 103.9941
197.2656 49.7852 0.4980 103.9941
473.8281 71.6602 0.5293 103.9941
497.2656 71.6602 0.5293 103.9941
473.8281 14.7852 0.5293 103.9941
473.8281 71.6602 0.9980 103.9941
473.8281 71.6602 0.5293 76.4941
497.2656 14.7852 0.9980 76.4941
623.8281 19.1602 0.2793 90.2441
647.2656 19.1602 0.2793 90.2441
623.8281 32.2852 0.2793 90.2441
623.8281 19.1602 0.2480 90.2441
623.8281 19.1602 0.2793 90.2441
647.2656 32.2852 0.2480 90.2441
323.8281 54.1602 0.7793 117.7441
347.2656 54.1602 0.7793 117.7441
323.8281 67.2852 0.7793 117.7441
323.8281 54.1602 0.7480 117.7441
323.8281 54.1602 0.7793 117.7441
347.2656 67.2852 0.7480 117.7441
398.8281 10.4102 0.6543 110.8691
272.2656 10.4102 0.6543 110.8691
398.8281 58.5352 0.6543 110.8691
398.8281 10.4102 0.1230 110.8691
398.8281 10.4102 0.6543 83.3691
272.2656 58.5352 0.1230 83.3691
698.8281 45.4102 0.1543 83.3691
572.2656 45.4102 0.1543 83.3691
698.8281 23.5352 0.1543 83.3691
698.8281 45.4102 0.6230 83.3691
698.8281 45.4102 0.1543 110.8691
572.2656 23.5352 0.6230 110.8691
548.8281 27.9102 0.9043 97.1191
422.2656 27.9102 0.9043 97.1191
548.8281 41.0352 0.9043 97.1191
548.8281 27.9102 0.3730 97.1191
548.8281 27.9102 0.9043 97.1191
422.2656 41.0352 0.3730 97.1191
248.8281 62.9102 0.4043 69.6191
122.2656 62.9102 0.4043 69.6191
248.8281 76.0352 0.4043 69.6191
248.8281 62.9102 0.8730 69.6191
248.8281 62.9102 0.4043 69.6191
122.2656 76.0352 0.8730 69.6191
211.3281 23.5352 0.9668 79.9316
534.7656 23.5352 0.9668 79.9316
211.3281 62.9102 0.9668 79.9316
211.3281 23.5352 0.0605 79.9316
211.3281 23.5352 0.9668 79.9316
534.7656 62.9102 0.0605 79.9316
511.3281 58.5352 0.4668 107.4316
234.7656 58.5352 0.4668 107.4316
511.3281 27.9102 0.4668 107.4316
511.3281 58.5352 0.5605 107.4316
511.3281 58.5352 0.4668 107.4316
234.7656 27.9102 0.5605 107.4316
661.3281 41.0352 0.7168 66.1816
384.7656 41.0352 0.7168 66.1816
661.3281 10.4102 0.7168 66.1816
661.3281 41.0352 0.3105 66.1816
661.3281 41.0352 0.7168 93.6816
384.7656 10.4102 0.3105 93.6816
361.3281 76.0352 0.2168 93.6816
684.7656 76.0352 0.2168 93.6816
361.3281 45.4102 0.2168 93.6816
361.3281 76.0352 0.8105 93.6816
361.3281 76.0352 0.2168 66.1816
684.7656 45.4102 0.8105 66.1816
286.3281 32.2852 0.3418 100.5566
609.7656 32.2852 0.3418 100.5566
286.3281 71.6602 0.3418 100.5566
286.3281 32.2852 0.4355 100.5566
286.3281 32.2852 0.3418 100.5566
609.7656 71.6602 0.4355 100.5566
586.3281 67.2852 0.8418 73.0566
309.7656 67.2852 0.8418 73.0566
586.3281 36.6602 0.8418 73.0566
586.3281 67.2852 0.9355 73.0566
586.3281 67.2852 0.8418 73.0566
309.7656 36.6602 0.9355 73.0566
436.3281 14.7852 0.0918 114.3066
159.7656 14.7852 0.0918 114.3066
436.3281 19.1602 0.0918 114.3066
436.3281 14.7852 0.1855 114.3066
436.3281 14.7852 0.0918 86.8066
159.7656 19.1602 0.1855 86.8066
136.3281 49.7852 0.5918 86.8066
459.7656 49.7852 0.5918 86.8066
136.3281 54.1602 0.5918 86.8066
136.3281 49.7852 0.6855 86.8066
136.3281 49.7852 0.5918 114.3066
459.7656 54.1602 0.6855 114.3066
126.9531 35.5664 0.7949 68.7598
262.8906 35.5664 0.7949 68.7598
126.9531 46.5039 0.7949 68.7598
126.9531 35.5664 0.2324 68.7598
126.9531 35.5664 0.7949 106.5723
262.8906 46.5039 0.2324 106.5723
426.9531 70.5664 0.2949 96.2598
562.8906 70.5664 0.2949 96.2598
426.9531 11.5039 0.2949 96.2598
426.9531 70.5664 0.7324 96.2598
426.9531 70.5664 0.2949 79.0723
562.8906 11.5039 0.7324 79.0723
576.9531 18.0664 0.5449 82.5098
412.8906 18.0664 0.5449 82.5098
576.9531 29.0039 0.5449 82.5098
576.9531 18.0664 0.4824 82.5098
576.9531 18.0664 0.5449 65.3223
412.8906 29.0039 0.4824 65.3223
276.9531 53.0664 0.0449 110.0098
112.8906 53.0664 0.0449 110.0098
276.9531 64.0039 0.0449 110.0098
276.9531 53.0664 0.9824 110.0098
276.9531 53.0664 0.0449 92.8223
112.8906 64.0039 0.9824 92.8223
351.9531 26.8164 0.4199 116.8848
187.8906 26.8164 0.4199 116.8848
351.9531 55.2539 0.4199 116.8848
351.9531 26.8164 0.3574 116.8848
351.9531 26.8164 0.4199 72.1973
187.8906 55.2539 0.3574 72.1973
651.9531 61.8164 0.9199 89.3848
487.8906 61.8164 0.9199 89.3848
651.9531 20.2539 0.9199 89.3848
651.9531 61.8164 0.8574 89.3848
651.9531 61.8164 0.9199 99.6973
487.8906 20.2539 0.8574 99.6973
501.9531 44.3164 0.1699 103.1348
637.8906 44.3164 0.1699 103.1348
501.9531 37.7539 0.1699 103.1348
501.9531 44.3164 0.1074 103.1348
501.9531 44.3164 0.1699 113.4473
637.8906 37.7539 0.1074 113.4473
201.9531 79.3164 0.6699 75.6348
337.8906 79.3164 0.6699 75.6348
201.9531 72.7539 0.6699 75.6348
201.9531 79.3164 0.6074 75.6348
201.9531 79.3164 0.6699 85.9473
337.8906 72.7539 0.6074 85.9473
239.4531 13.6914 0.2324 85.9473
600.3906 13.6914 0.2324 85.9473
239.4531 68.3789 0.2324 85.9473
239.4531 13.6914 0.2949 85.9473
239.4531 13.6914 0.2324 75.6348
600.3906 68.3789 0.2949 75.6348
539.4531 48.6914 0.7324 113.4473
300.3906 48.6914 0.7324 113.4473
539.4531 33.3789 0.7324 113.4473
539.4531 48.6914 0.7949 113.4473
539.4531 48.6914 0.7324 103.1348
300.3906 33.3789 0.7949 103.1348
689.4531 31.1914 0.4824 72.1973
150.3906 31.1914 0.4824 72.1973
689.4531 15.8789 0.4824 72.1973
689.4531 31.1914 0.0449 72.1973
689.4531 31.1914 0.4824 116.8848
150.3906 15.8789 0.0449 116.8848
389.4531 66.1914 0.9824 99.6973
450.3906 66.1914 0.9824 99.6973
389.4531 50.8789 0.9824 99.6973
389.4531 66.1914 0.5449 99.6973
389.4531 66.1914 0.9824 89.3848
450.3906 50.8789 0.5449 89.3848
314.4531 39.9414 0.6074 92.8223
525.3906 39.9414 0.6074 92.8223
314.4531 77.1289 0.6074 92.8223
314.4531 39.9414 0.1699 92.8223
314.4531 39.9414 0.6074 110.0098
525.3906 77.1289 0.1699 110.0098
614.4531 74.9414 0.1074 65.3223
225.3906 74.9414 0.1074 65.3223
614.4531 42.1289 0.1074 65.3223
614.4531 74.9414 0.6699 65.3223
614.4531 74.9414 0.1074 82.5098
225.3906 42.1289 0.6699 82.5098
464.4531 22.4414 0.8574 106.5723
375.3906 22.4414 0.8574 106.5723
464.4531 24.6289 0.8574 106.5723
464.4531 22.4414 0.4199 106.5723
464.4531 22.4414 0.8574 68.7598
375.3906 24.6289 0.4199 68.7598
164.4531 57.4414 0.3574 79.0723
675.3906 57.4414 0.3574 79.0723
164.4531 59.6289 0.3574 79.0723
164.4531 57.4414 0.9199 79.0723
164.4531 57.4414 0.3574 96.2598
675.3906 59.6289 0.9199 96.2598
145.7031 20.2539 0.7012 104.8535
131.6406 20.2539 0.7012 104.8535
145.7031 44.3164 0.7012 104.8535
145.7031 20.2539 0.7012 104.8535
145.7031 20.2539 0.7012 70.4785
131.6406 44.3164 0.7012 70.4785
445.7031 55.2539 0.2012 77.3535
431.6406 55.2539 0.2012 77.3535
445.7031 79.3164 0.2012 77.3535
445.7031 55.2539 0.2012 77.3535
445.7031 55.2539 0.2012 97.9785
431.6406 79.3164 0.2012 97.9785
595.7031 37.7539 0.9512 118.6035
581.6406 37.7539 0.9512 118.6035
595.7031 61.8164 0.9512 118.6035
595.7031 37.7539 0.9512 118.6035
595.7031 37.7539 0.9512 111.7285
581.6406 61.8164 0.9512 111.7285
295.7031 72.7539 0.4512 91.1035
281.6406 72.7539 0.4512 91.1035
295.7031 26.8164 0.4512 91.1035
295.7031 72.7539 0.4512 91.1035
295.7031 72.7539 0.4512 84.2285
281.6406 26.8164 0.4512 84.2285
370.7031 29.0039 0.0762 84.2285
356.6406 29.0039 0.0762 84.2285
370.7031 35.5664 0.0762 84.2285
370.7031 29.0039 0.8262 84.2285
370.7031 29.0039 0.0762 118.6035
356.6406 35.5664 0.8262 118.6035
670.7031 64.0039 0.5762 111.7285
656.6406 64.0039 0.5762 111.7285
670.7031 70.5664 0.5762 111.7285
670.7031 64.0039 0.3262 111.7285
670.7031 64.0039 0.5762 91.1035
656.6406 70.5664 0.3262 91.1035
520.7031 11.5039 0.3262 70.4785
506.6406 11.5039 0.3262 70.4785
520.7031 53.0664 0.3262 70.4785
520.7031 11.5039 0.5762 70.4785
520.7031 11.5039 0.3262 77.3535
506.6406 53.0664 0.5762 77.3535
220.7031 46.5039 0.8262 97.9785
206.6406 46.5039 0.8262 97.9785
220.7031 18.0664 0.8262 97.9785
220.7031 46.5039 0.0762 97.9785
220.7031 46.5039 0.8262 104.8535
206.6406 18.0664 0.0762 104.8535
183.2031 42.1289 0.2637 108.2910
469.1406 42.1289 0.2637 108.2910
183.2031 22.4414 0.2637 108.2910
183.2031 42.1289 0.7637 108.2910
183.2031 42.1289 0.2637 115.1660
469.1406 22.4414 0.7637 115.1660
483.2031 77.1289 0.7637 80.7910
169.1406 77.1289 0.7637 80.7910
483.2031 57.4414 0.7637 80.7910
483.2031 77.1289 0.2637 80.7910
483.2031 77.1289 0.7637 87.6660
169.1406 57.4414 0.2637 87.6660
633.2031 24.6289 0.0137 94.5410
319.1406 24.6289 0.0137 94.5410
633.2031 74.9414 0.0137 94.5410
633.2031 24.6289 0.5137 94.5410
633.2031 24.6289 0.0137 73.9160
319.1406 74.9414 0.5137 73.9160
333.2031 59.6289 0.5137 67.0410
619.1406 59.6289 0.5137 67.0410
333.2031 39.9414 0.5137 67.0410
333.2031 59.6289 0.0137 67.0410
333.2031 59.6289 0.5137 101.4160
619.1406 39.9414 0.0137 101.4160
258.2031 15.8789 0.8887 73.9160
694.1406 15.8789 0.8887 73.9160
258.2031 13.6914 0.8887 73.9160
258.2031 15.8789 0.6387 73.9160
258.2031 15.8789 0.8887 67.0410
694.1406 13.6914 0.6387 67.0410
558.2031 50.8789 0.3887 101.4160
394.1406 50.8789 0.3887 101.4160
558.2031 48.6914 0.3887 101.4160
558.2031 50.8789 0.1387 101.4160
558.2031 50.8789 0.3887 94.5410
394.1406 48.6914 0.1387 94.5410
408.2031 33.3789 0.6387 87.6660
244.1406 33.3789 0.6387 87.6660
408.2031 66.1914 0.6387 87.6660
408.2031 33.3789 0.8887 87.6660
408.2031 33.3789 0.6387 108.2910
244.1406 66.1914 0.8887 108.2910
108.2031 68.3789 0.1387 115.1660
544.1406 68.3789 0.1387 115.1660
108.2031 31.1914 0.1387 115.1660
108.2031 68.3789 0.3887 115.1660
108.2031 68.3789 0.1387 80.7910
544.1406 31.1914 0.3887 80.7910
105.8594 21.6211 0.9004 91.3184
176.1719 21.6211 0.9004 91.3184
105.8594 59.9023 0.9004 91.3184
105.8594 21.6211 0.5020 91.3184
105.8594 21.6211 0.9004 86.5918
176.1719 59.9023 0.5020 86.5918
405.8594 56.6211 0.4004 118.8184
476.1719 56.6211 0.4004 118.8184
405.8594 24.9023 0.4004 118.8184
405.8594 56.6211 0.0020 118.8184
405.8594 56.6211 0.4004 114.0918
476.1719 24.9023 0.0020 114.0918
555.8594 39.1211 0.6504 77.5684
626.1719 39.1211 0.6504 77.5684
555.8594 42.4023 0.6504 77.5684
555.8594 39.1211 0.7520 77.5684
555.8594 39.1211 0.6504 100.3418
626.1719 42.4023 0.7520 100.3418
255.8594 74.1211 0.1504 105.0684
326.1719 74.1211 0.1504 105.0684
255.8594 77.4023 0.1504 105.0684
255.8594 74.1211 0.2520 105.0684
255.8594 74.1211 0.1504 72.8418
326.1719 77.4023 0.2520 72.8418
330.8594 30.3711 0.2754 98.1934
251.1719 30.3711 0.2754 98.1934
330.8594 51.1523 0.2754 98.1934
330.8594 30.3711 0.8770 98.1934
330.8594 30.3711 0.2754 93.4668
251.1719 51.1523 0.8770 93.4668
630.8594 65.3711 0.7754 70.6934
551.1719 65.3711 0.7754 70.6934
630.8594 16.1523 0.7754 70.6934
630.8594 65.3711 0.3770 70.6934
630.8594 65.3711 0.7754 65.9668
551.1719 16.1523 0.3770 65.9668
480.8594 12.8711 0.0254 111.9434
401.1719 12.8711 0.0254 111.9434
480.8594 33.6523 0.0254 111.9434
480.8594 12.8711 0.6270 111.9434
480.8594 12.8711 0.0254 79.7168
401.1719 33.6523 0.6270 79.7168
180.8594 47.8711 0.5254 84.4434
101.1719 47.8711 0.5254 84.4434
180.8594 68.6523 0.5254 84.4434
180.8594 47.8711 0.1270 84.4434
180.8594 47.8711 0.5254 107.2168
101.1719 68.6523 0.1270 107.2168
218.3594 43.4961 0.0879 67.2559
513.6719 43.4961 0.0879 67.2559
218.3594 73.0273 0.0879 67.2559
218.3594 43.4961 0.9395 67.2559
218.3594 43.4961 0.0879 96.9043
513.6719 73.0273 0.9395 96.9043
518.3594 78.4961 0.5879 94.7559
213.6719 78.4961 0.5879 94.7559
518.3594 38.0273 0.5879 94.7559
518.3594 78.4961 0.4395 94.7559
518.3594 78.4961 0.5879 69.4043
213.6719 38.0273 0.4395 69.4043
668.3594 25.9961 0.3379 81.0059
363.6719 25.9961 0.3379 81.0059
668.3594 20.5273 0.3379 81.0059
668.3594 25.9961 0.6895 81.0059
668.3594 25.9961 0.3379 83.1543
363.6719 20.5273 0.6895 83.1543
368.3594 60.9961 0.8379 108.5059
663.6719 60.9961 0.8379 108.5059
368.3594 55.5273 0.8379 108.5059
368.3594 60.9961 0.1895 108.5059
368.3594 60.9961 0.8379 110.6543
663.6719 55.5273 0.1895 110.6543
293.3594 17.2461 0.7129 115.3809
588.6719 17.2461 0.7129 115.3809
293.3594 64.2773 0.7129 115.3809
293.3594 17.2461 0.5645 115.3809
293.3594 17.2461 0.7129 90.0293
588.6719 64.2773 0.5645 90.0293
593.3594 52.2461 0.2129 87.8809
288.6719 52.2461 0.2129 87.8809
593.3594 29.2773 0.2129 87.8809
593.3594 52.2461 0.0645 87.8809
593.3594 52.2461 0.2129 117.5293
288.6719 29.2773 0.0645 117.5293
443.3594 34.7461 0.9629 101.6309
138.6719 34.7461 0.9629 101.6309
443.3594 11.7773 0.9629 101.6309
443.3594 34.7461 0.8145 101.6309
443.3594 34.7461 0.9629 103.7793
138.6719 11.7773 0.8145 103.7793
143.3594 69.7461 0.4629 74.1309
438.6719 69.7461 0.4629 74.1309
143.3594 46.7773 0.4629 74.1309
143.3594 69.7461 0.3145 74.1309
143.3594 69.7461 0.4629 76.2793
438.6719 46.7773 0.3145 76.2793
162.1094 32.5586 0.6191 110.2246
344.9219 32.5586 0.6191 110.2246
162.1094 31.4648 0.6191 110.2246
162.1094 32.5586 0.0332 110.2246
162.1094 32.5586 0.6191 105.4980
344.9219 31.4648 0.0332 105.4980
462.1094 67.5586 0.1191 82.7246
644.9219 67.5586 0.1191 82.7246
462.1094 66.4648 0.1191 82.7246
462.1094 67.5586 0.5332 82.7246
462.1094 67.5586 0.1191 77.9980
644.9219 66.4648 0.5332 77.9980
612.1094 15.0586 0.8691 96.4746
494.9219 15.0586 0.8691 96.4746
612.1094 48.9648 0.8691 96.4746
612.1094 15.0586 0.2832 96.4746
612.1094 15.0586 0.8691 91.7480
494.9219 48.9648 0.2832 91.7480
312.1094 50.0586 0.3691 68.9746
194.9219 50.0586 0.3691 68.9746
312.1094 13.9648 0.3691 68.9746
312.1094 50.0586 0.7832 68.9746
312.1094 50.0586 0.3691 119.2480
194.9219 13.9648 0.7832 119.2480
387.1094 23.8086 0.2441 75.8496
119.9219 23.8086 0.2441 75.8496
387.1094 40.2148 0.2441 75.8496
387.1094 23.8086 0.4082 75.8496
387.1094 23.8086 0.2441 84.8730
119.9219 40.2148 0.4082 84.8730
687.1094 58.8086 0.7441 103.3496
419.9219 58.8086 0.7441 103.3496
687.1094 75.2148 0.7441 103.3496
687.1094 58.8086 0.9082 103.3496
687.1094 58.8086 0.7441 112.3730
419.9219 75.2148 0.9082 112.3730
537.1094 41.3086 0.4941 89.5996
569.9219 41.3086 0.4941 89.5996
537.1094 57.7148 0.4941 89.5996
537.1094 41.3086 0.1582 89.5996
537.1094 41.3086 0.4941 98.6230
569.9219 57.7148 0.1582 98.6230
237.1094 76.3086 0.9941 117.0996
269.9219 76.3086 0.9941 117.0996
237.1094 22.7148 0.9941 117.0996
237.1094 76.3086 0.6582 117.0996
237.1094 76.3086 0.9941 71.1230
269.9219 22.7148 0.6582 71.1230
199.6094 10.6836 0.4316 99.9121
682.4219 10.6836 0.4316 99.9121
199.6094 18.3398 0.4316 99.9121
199.6094 10.6836 0.4707 99.9121
199.6094 10.6836 0.4316 81.4355
682.4219 18.3398 0.4707 81.4355
499.6094 45.6836 0.9316 72.4121
382.4219 45.6836 0.9316 72.4121
499.6094 53.3398 0.9316 72.4121
499.6094 45.6836 0.9707 72.4121
499.6094 45.6836 0.9316 108.9355
382.4219 53.3398 0.9707 108.9355
649.6094 28.1836 0.1816 113.6621
232.4219 28.1836 0.1816 113.6621
649.6094 70.8398 0.1816 113.6621
649.6094 28.1836 0.2207 113.6621
649.6094 28.1836 0.1816 95.1855
232.4219 70.8398 0.2207 95.1855
349.6094 63.1836 0.6816 86.1621
532.4219 63.1836 0.6816 86.1621
349.6094 35.8398 0.6816 86.1621
349.6094 63.1836 0.7207 86.1621
349.6094 63.1836 0.6816 67.6855
532.4219 35.8398 0.7207 67.6855
274.6094 36.9336 0.8066 79.2871
457.4219 36.9336 0.8066 79.2871
274.6094 27.0898 0.8066 79.2871
274.6094 36.9336 0.0957 79.2871
274.6094 36.9336 0.8066 102.0605
457.4219 27.0898 0.0957 102.0605
574.6094 71.9336 0.3066 106.7871
157.4219 71.9336 0.3066 106.7871
574.6094 62.0898 0.3066 106.7871
574.6094 71.9336 0.5957 106.7871
574.6094 71.9336 0.3066 74.5605
157.4219 62.0898 0.5957 74.5605
424.6094 19.4336 0.5566 65.5371
307.4219 19.4336 0.5566 65.5371
424.6094 79.5898 0.5566 65.5371
424.6094 19.4336 0.3457 65.5371
424.6094 19.4336 0.5566 88.3105
307.4219 79.5898 0.3457 88.3105
124.6094 54.4336 0.0566 93.0371
607.4219 54.4336 0.0566 93.0371
124.6094 44.5898 0.0566 93.0371
124.6094 54.4336 0.8457 93.0371
124.6094 54.4336 0.0566 115.8105
607.4219 44.5898 0.8457 115.8105
133.9844 40.2148 0.3223 117.9590
110.5469 40.2148 0.3223 117.9590
133.9844 34.7461 0.3223 117.9590
133.9844 40.2148 0.2988 117.9590
133.9844 40.2148 0.3223 108.0762
110.5469 34.7461 0.2988 108.0762
433.9844 75.2148 0.8223 90.4590
410.5469 75.2148 0.8223 90.4590
433.9844 69.7461 0.8223 90.4590
433.9844 75.2148 0.7988 90.4590
433.9844 75.2148 0.8223 80.5762
410.5469 69.7461 0.7988 80.5762
583.9844 22.7148 0.0723 104.2090
560.5469 22.7148 0.0723 104.2090
583.9844 52.2461 0.0723 104.2090
583.9844 22.7148 0.0488 104.2090
583.9844 22.7148 0.0723 66.8262
560.5469 52.2461 0.0488 66.8262
283.9844 57.7148 0.5723 76.7090
260.5469 57.7148 0.5723 76.7090
283.9844 17.2461 0.5723 76.7090
283.9844 57.7148 0.5488 76.7090
283.9844 57.7148 0.5723 94.3262
260.5469 17.2461 0.5488 94.3262
358.9844 13.9648 0.9473 69.8340
335.5469 13.9648 0.9473 69.8340
358.9844 43.4961 0.9473 69.8340
358.9844 13.9648 0.1738 69.8340
358.9844 13.9648 0.9473 73.7012
335.5469 43.4961 0.1738 73.7012
658.9844 48.9648 0.4473 97.3340
635.5469 48.9648 0.4473 97.3340
658.9844 78.4961 0.4473 97.3340
658.9844 48.9648 0.6738 97.3340
658.9844 48.9648 0.4473 101.2012
635.5469 78.4961 0.6738 101.2012
508.9844 31.4648 0.6973 83.5840
485.5469 31.4648 0.6973 83.5840
508.9844 60.9961 0.6973 83.5840
508.9844 31.4648 0.4238 83.5840
508.9844 31.4648 0.6973 114.9512
485.5469 60.9961 0.4238 114.9512
208.9844 66.4648 0.1973 111.0840
185.5469 66.4648 0.1973 111.0840
208.9844 25.9961 0.1973 111.0840
208.9844 66.4648 0.9238 111.0840
208.9844 66.4648 0.1973 87.4512
185.5469 25.9961 0.9238 87.4512
246.4844 27.0898 0.6348 93.8965
448.0469 27.0898 0.6348 93.8965
246.4844 12.8711 0.6348 93.8965
246.4844 27.0898 0.2363 93.8965
246.4844 27.0898 0.6348 77.1387
448.0469 12.8711 0.2363 77.1387
546.4844 62.0898 0.1348 66.3965
148.0469 62.0898 0.1348 66.3965
546.4844 47.8711 0.1348 66.3965
546.4844 62.0898 0.7363 66.3965
546.4844 62.0898 0.1348 104.6387
148.0469 47.8711 0.7363 104.6387
696.4844 44.5898 0.8848 107.6465
298.0469 44.5898 0.8848 107.6465
696.4844 65.3711 0.8848 107.6465
696.4844 44.5898 0.4863 107.6465
696.4844 44.5898 0.8848 118.3887
298.0469 65.3711 0.4863 118.3887
396.4844 79.5898 0.3848 80.1465
598.0469 79.5898 0.3848 80.1465
396.4844 30.3711 0.3848 80.1465
396.4844 79.5898 0.9863 80.1465
396.4844 79.5898 0.3848 90.8887
598.0469 30.3711 0.9863 90.8887
321.4844 35.8398 0.0098 87.0215
673.0469 35.8398 0.0098 87.0215
321.4844 21.6211 0.0098 87.0215
321.4844 35.8398 0.3613 87.0215
321.4844 35.8398 0.0098 111.5137
673.0469 21.6211 0.3613 111.5137
621.4844 70.8398 0.5098 114.5215
373.0469 70.8398 0.5098 114.5215
621.4844 56.6211 0.5098 114.5215
621.4844 70.8398 0.8613 114.5215
621.4844 70.8398 0.5098 84.0137
373.0469 56.6211 0.8613 84.0137
471.4844 18.3398 0.2598 73.2715
223.0469 18.3398 0.2598 73.2715
471.4844 74.1211 0.2598 73.2715
471.4844 18.3398 0.1113 73.2715
471.4844 18.3398 0.2598 70.2637
223.0469 74.1211 0.1113 70.2637
171.4844 53.3398 0.7598 100.7715
523.0469 53.3398 0.7598 100.7715
171.4844 39.1211 0.7598 100.7715
171.4844 53.3398 0.6113 100.7715
171.4844 53.3398 0.7598 97.7637
523.0469 39.1211 0.6113 97.7637
152.7344 16.1523 0.1660 85.3027
279.2969 16.1523 0.1660 85.3027
152.7344 54.4336 0.1660 85.3027
152.7344 16.1523 0.7676 85.3027
152.7344 16.1523 0.1660 68.5449
279.2969 54.4336 0.7676 68.5449
452.7344 51.1523 0.6660 112.8027
579.2969 51.1523 0.6660 112.8027
452.7344 19.4336 0.6660 112.8027
452.7344 51.1523 0.2676 112.8027
452.7344 51.1523 0.6660 96.0449
579.2969 19.4336 0.2676 96.0449
602.7344 33.6523 0.4160 71.5527
429.2969 33.6523 0.4160 71.5527
602.7344 36.9336 0.4160 71.5527
602.7344 33.6523 0.5176 71.5527
602.7344 33.6523 0.4160 109.7949
429.2969 36.9336 0.5176 109.7949
302.7344 68.6523 0.9160 99.0527
129.2969 68.6523 0.9160 99.0527
302.7344 71.9336 0.9160 99.0527
302.7344 68.6523 0.0176 99.0527
302.7344 68.6523 0.9160 82.2949
129.2969 71.9336 0.0176 82.2949
377.7344 42.4023 0.5410 105.9277
204.2969 42.4023 0.5410 105.9277
377.7344 45.6836 0.5410 105.9277
377.7344 42.4023 0.6426 105.9277
377.7344 42.4023 0.5410 116.6699
204.2969 45.6836 0.6426 116.6699
677.7344 77.4023 0.0410 78.4277
504.2969 77.4023 0.0410 78.4277
677.7344 10.6836 0.0410 78.4277
677.7344 77.4023 0.1426 78.4277
677.7344 77.4023 0.0410 89.1699
504.2969 10.6836 0.1426 89.1699
527.7344 24.9023 0.7910 119.6777
654.2969 24.9023 0.7910 119.6777
527.7344 28.1836 0.7910 119.6777
527.7344 24.9023 0.8926 119.6777
527.7344 24.9023 0.7910 75.4199
654.2969 28.1836 0.8926 75.4199
227.7344 59.9023 0.2910 92.1777
354.2969 59.9023 0.2910 92.1777
227.7344 63.1836 0.2910 92.1777
227.7344 59.9023 0.3926 92.1777
227.7344 59.9023 0.2910 102.9199
354.2969 63.1836 0.3926 102.9199
190.2344 29.2773 0.8535 74.9902
616.7969 29.2773 0.8535 74.9902
190.2344 76.3086 0.8535 74.9902
190.2344 29.2773 0.7051 74.9902
190.2344 29.2773 0.8535 113.2324
616.7969 76.3086 0.7051 113.2324
490.2344 64.2773 0.3535 102.4902
316.7969 64.2773 0.3535 102.4902
490.2344 41.3086 0.3535 102.4902
490.2344 64.2773 0.2051 102.4902
490.2344 64.2773 0.3535 85.7324
316.7969 41.3086 0.2051 85.7324
640.2344 11.7773 0.6035 88.7402
166.7969 11.7773 0.6035 88.7402
640.2344 23.8086 0.6035 88.7402
640.2344 11.7773 0.9551 88.7402
640.2344 11.7773 0.6035 71.9824
166.7969 23.8086 0.9551 71.9824
340.2344 46.7773 0.1035 116.2402
466.7969 46.7773 0.1035 116.2402
340.2344 58.8086 0.1035 116.2402
340.2344 46.7773 0.4551 116.2402
340.2344 46.7773 0.1035 99.4824
466.7969 58.8086 0.4551 99.4824
265.2344 20.5273 0.4785 109.3652
541.7969 20.5273 0.4785 109.3652
265.2344 67.5586 0.4785 109.3652
265.2344 20.5273 0.8301 109.3652
265.2344 20.5273 0.4785 65.1074
541.7969 67.5586 0.8301 65.1074
565.2344 55.5273 0.9785 81.8652
241.7969 55.5273 0.9785 81.8652
565.2344 32.5586 0.9785 81.8652
565.2344 55.5273 0.3301 81.8652
565.2344 55.5273 0.9785 92.6074
241.7969 32.5586 0.3301 92.6074
415.2344 38.0273 0.2285 95.6152
391.7969 38.0273 0.2285 95.6152
415.2344 15.0586 0.2285 95.6152
415.2344 38.0273 0.5801 95.6152
415.2344 38.0273 0.2285 106.3574
391.7969 15.0586 0.5801 106.3574
115.2344 73.0273 0.7285 68.1152
691.7969 73.0273 0.7285 68.1152
115.2344 50.0586 0.7285 68.1152
115.2344 73.0273 0.0801 68.1152
115.2344 73.0273 0.7285 78.8574
691.7969 50.0586 0.0801 78.8574
110.5469 30.9180 0.2051 102.0605
415.2344 30.9180 0.2051 102.0605
110.5469 63.7305 0.2051 102.0605
110.5469 30.9180 0.1660 102.0605
110.5469 30.9180 0.2051 82.7246
415.2344 63.7305 0.1660 82.7246
410.5469 65.9180 0.7051 74.5605
115.2344 65.9180 0.7051 74.5605
410.5469 28.7305 0.7051 74.5605
410.5469 65.9180 0.6660 74.5605
410.5469 65.9180 0.7051 110.2246
115.2344 28.7305 0.6660 110.2246
560.5469 13.4180 0.4551 115.8105
265.2344 13.4180 0.4551 115.8105
560.5469 11.2305 0.4551 115.8105
560.5469 13.4180 0.4160 115.8105
560.5469 13.4180 0.4551 96.4746
265.2344 11.2305 0.4160 96.4746
260.5469 48.4180 0.9551 88.3105
565.2344 48.4180 0.9551 88.3105
260.5469 46.2305 0.9551 88.3105
260.5469 48.4180 0.9160 88.3105
260.5469 48.4180 0.9551 68.9746
565.2344 46.2305 0.9160 68.9746
335.5469 22.1680 0.5801 81.4355
640.2344 22.1680 0.5801 81.4355
335.5469 72.4805 0.5801 81.4355
335.5469 22.1680 0.2910 81.4355
335.5469 22.1680 0.5801 103.3496
640.2344 72.4805 0.2910 103.3496
635.5469 57.1680 0.0801 108.9355
340.2344 57.1680 0.0801 108.9355
635.5469 37.4805 0.0801 108.9355
635.5469 57.1680 0.7910 108.9355
635.5469 57.1680 0.0801 75.8496
340.2344 37.4805 0.7910 75.8496
485.5469 39.6680 0.8301 67.6855
190.2344 39.6680 0.8301 67.6855
485.5469 19.9805 0.8301 67.6855
485.5469 39.6680 0.0410 67.6855
485.5469 39.6680 0.8301 89.5996
190.2344 19.9805 0.0410 89.5996
185.5469 74.6680 0.3301 95.1855
490.2344 74.6680 0.3301 95.1855
185.5469 54.9805 0.3301 95.1855
185.5469 74.6680 0.5410 95.1855
185.5469 74.6680 0.3301 117.0996
490.2344 54.9805 0.5410 117.0996
223.0469 17.7930 0.7676 112.3730
152.7344 17.7930 0.7676 112.3730
223.0469 50.6055 0.7676 112.3730
223.0469 17.7930 0.3535 112.3730
223.0469 17.7930 0.7676 99.9121
152.7344 50.6055 0.3535 99.9121
523.0469 52.7930 0.2676 84.8730
452.7344 52.7930 0.2676 84.8730
523.0469 15.6055 0.2676 84.8730
523.0469 52.7930 0.8535 84.8730
523.0469 52.7930 0.2676 72.4121
452.7344 15.6055 0.8535 72.4121
673.0469 35.2930 0.5176 98.6230
602.7344 35.2930 0.5176 98.6230
673.0469 33.1055 0.5176 98.6230
673.0469 35.2930 0.1035 98.6230
673.0469 35.2930 0.5176 86.1621
602.7344 33.1055 0.1035 86.1621
373.0469 70.2930 0.0176 71.1230
302.7344 70.2930 0.0176 71.1230
373.0469 68.1055 0.0176 71.1230
373.0469 70.2930 0.6035 71.1230
373.0469 70.2930 0.0176 113.6621
302.7344 68.1055 0.6035 113.6621
298.0469 44.0430 0.3926 77.9980
377.7344 44.0430 0.3926 77.9980
298.0469 59.3555 0.3926 77.9980
298.0469 44.0430 0.2285 77.9980
298.0469 44.0430 0.3926 79.2871
377.7344 59.3555 0.2285 79.2871
598.0469 79.0430 0.8926 105.4980
677.7344 79.0430 0.8926 105.4980
598.0469 24.3555 0.8926 105.4980
598.0469 79.0430 0.7285 105.4980
598.0469 79.0430 0.8926 106.7871
677.7344 24.3555 0.7285 106.7871
448.0469 26.5430 0.1426 91.7480
527.7344 26.5430 0.1426 91.7480
448.0469 41.8555 0.1426 91.7480
448.0469 26.5430 0.4785 91.7480
448.0469 26.5430 0.1426 93.0371
527.7344 41.8555 0.4785 93.0371
148.0469 61.5430 0.6426 119.2480
227.7344 61.5430 0.6426 119.2480
148.0469 76.8555 0.6426 119.2480
148.0469 61.5430 0.9785 119.2480
148.0469 61.5430 0.6426 65.5371
227.7344 76.8555 0.9785 65.5371
166.7969 24.3555 0.2988 65.9668
583.9844 24.3555 0.2988 65.9668
166.7969 26.5430 0.2988 65.9668
166.7969 24.3555 0.6348 65.9668
166.7969 24.3555 0.2988 94.7559
583.9844 26.5430 0.6348 94.7559
466.7969 59.3555 0.7988 93.4668
283.9844 59.3555 0.7988 93.4668
466.7969 61.5430 0.7988 93.4668
466.7969 59.3555 0.1348 93.4668
466.7969 59.3555 0.7988 67.2559
283.9844 61.5430 0.1348 67.2559
616.7969 41.8555 0.0488 79.7168
133.9844 41.8555 0.0488 79.7168
616.7969 79.0430 0.0488 79.7168
616.7969 41.8555 0.8848 79.7168
616.7969 41.8555 0.0488 81.0059
133.9844 79.0430 0.8848 81.0059
316.7969 76.8555 0.5488 107.2168
433.9844 76.8555 0.5488 107.2168
316.7969 44.0430 0.5488 107.2168
316.7969 76.8555 0.3848 107.2168
316.7969 76.8555 0.5488 108.5059
433.9844 44.0430 0.3848 108.5059
391.7969 33.1055 0.9238 114.0918
508.9844 33.1055 0.9238 114.0918
391.7969 17.7930 0.9238 114.0918
391.7969 33.1055 0.7598 114.0918
391.7969 33.1055 0.9238 87.8809
508.9844 17.7930 0.7598 87.8809
691.7969 68.1055 0.4238 86.5918
208.9844 68.1055 0.4238 86.5918
691.7969 52.7930 0.4238 86.5918
691.7969 68.1055 0.2598 86.5918
691.7969 68.1055 0.4238 115.3809
208.9844 52.7930 0.2598 115.3809
541.7969 15.6055 0.6738 100.3418
358.9844 15.6055 0.6738 100.3418
541.7969 70.2930 0.6738 100.3418
541.7969 15.6055 0.5098 100.3418
541.7969 15.6055 0.6738 101.6309
358.9844 70.2930 0.5098 101.6309
241.7969 50.6055 0.1738 72.8418
658.9844 50.6055 0.1738 72.8418
241.7969 35.2930 0.1738 72.8418
241.7969 50.6055 0.0098 72.8418
241.7969 50.6055 0.1738 74.1309
658.9844 35.2930 0.0098 74.1309
204.2969 37.4805 0.7363 90.0293
321.4844 37.4805 0.7363 90.0293
204.2969 39.6680 0.7363 90.0293
204.2969 37.4805 0.8223 90.0293
204.2969 37.4805 0.7363 91.3184
321.4844 39.6680 0.8223 91.3184
504.2969 72.4805 0.2363 117.5293
621.4844 72.4805 0.2363 117.5293
504.2969 74.6680 0.2363 117.5293
504.2969 72.4805 0.3223 117.5293
504.2969 72.4805 0.2363 118.8184
621.4844 74.6680 0.3223 118.8184
654.2969 19.9805 0.9863 76.2793
471.4844 19.9805 0.9863 76.2793
654.2969 57.1680 0.9863 76.2793
654.2969 19.9805 0.5723 76.2793
654.2969 19.9805 0.9863 105.0684
471.4844 57.1680 0.5723 105.0684
354.2969 54.9805 0.4863 103.7793
171.4844 54.9805 0.4863 103.7793
354.2969 22.1680 0.4863 103.7793
354.2969 54.9805 0.0723 103.7793
354.2969 54.9805 0.4863 77.5684
171.4844 22.1680 0.0723 77.5684
279.2969 11.2305 0.1113 96.9043
246.4844 11.2305 0.1113 96.9043
279.2969 30.9180 0.1113 96.9043
279.2969 11.2305 0.6973 96.9043
279.2969 11.2305 0.1113 98.1934
246.4844 30.9180 0.6973 98.1934
579.2969 46.2305 0.6113 69.4043
546.4844 46.2305 0.6113 69.4043
579.2969 65.9180 0.6113 69.4043
579.2969 46.2305 0.1973 69.4043
579.2969 46.2305 0.6113 70.6934
546.4844 65.9180 0.1973 70.6934
429.2969 28.7305 0.3613 110.6543
696.4844 28.7305 0.3613 110.6543
429.2969 48.4180 0.3613 110.6543
429.2969 28.7305 0.9473 110.6543
429.2969 28.7305 0.3613 84.4434
696.4844 48.4180 0.9473 84.4434
129.2969 63.7305 0.8613 83.1543
396.4844 63.7305 0.8613 83.1543
129.2969 13.4180 0.8613 83.1543
129.2969 63.7305 0.4473 83.1543
129.2969 63.7305 0.8613 111.9434
396.4844 13.4180 0.4473 111.9434
119.9219 12.3242 0.5020 71.9824
480.8594 12.3242 0.5020 71.9824
119.9219 21.0742 0.5020 71.9824
119.9219 12.3242 0.9004 71.9824
119.9219 12.3242 0.5020 119.6777
480.8594 21.0742 0.9004 119.6777
419.9219 47.3242 0.0020 99.4824
180.8594 47.3242 0.0020 99.4824
419.9219 56.0742 0.0020 99.4824
419.9219 47.3242 0.4004 99.4824
419.9219 47.3242 0.0020 92.1777
180.8594 56.0742 0.4004 92.1777
569.9219 29.8242 0.7520 85.7324
330.8594 29.8242 0.7520 85.7324
569.9219 73.5742 0.7520 85.7324
569.9219 29.8242 0.6504 85.7324
569.9219 29.8242 0.7520 78.4277
330.8594 73.5742 0.6504 78.4277
269.9219 64.8242 0.2520 113.2324
630.8594 64.8242 0.2520 113.2324
269.9219 38.5742 0.2520 113.2324
269.9219 64.8242 0.1504 113.2324
269.9219 64.8242 0.2520 105.9277
630.8594 38.5742 0.1504 105.9277
344.9219 38.5742 0.1270 106.3574
555.8594 38.5742 0.1270 106.3574
344.9219 12.3242 0.1270 106.3574
344.9219 38.5742 0.5254 106.3574
344.9219 38.5742 0.1270 71.5527
555.8594 12.3242 0.5254 71.5527
644.9219 73.5742 0.6270 78.8574
255.8594 73.5742 0.6270 78.8574
644.9219 47.3242 0.6270 78.8574
644.9219 73.5742 0.0254 78.8574
644.9219 73.5742 0.6270 99.0527
255.8594 47.3242 0.0254 99.0527
494.9219 21.0742 0.3770 92.6074
105.8594 21.0742 0.3770 92.6074
494.9219 64.8242 0.3770 92.6074
494.9219 21.0742 0.7754 92.6074
494.9219 21.0742 0.3770 112.8027
105.8594 64.8242 0.7754 112.8027
194.9219 56.0742 0.8770 65.1074
405.8594 56.0742 0.8770 65.1074
194.9219 29.8242 0.8770 65.1074
194.9219 56.0742 0.2754 65.1074
194.9219 56.0742 0.8770 85.3027
405.8594 29.8242 0.2754 85.3027
232.4219 34.1992 0.4395 82.2949
218.3594 34.1992 0.4395 82.2949
232.4219 42.9492 0.4395 82.2949
232.4219 34.1992 0.5879 82.2949
232.4219 34.1992 0.4395 68.1152
218.3594 42.9492 0.5879 68.1152
532.4219 69.1992 0.9395 109.7949
518.3594 69.1992 0.9395 109.7949
532.4219 77.9492 0.9395 109.7949
532.4219 69.1992 0.0879 109.7949
532.4219 69.1992 0.9395 95.6152
518.3594 77.9492 0.0879 95.6152
682.4219 16.6992 0.1895 68.5449
668.3594 16.6992 0.1895 68.5449
682.4219 60.4492 0.1895 68.5449
682.4219 16.6992 0.8379 68.5449
682.4219 16.6992 0.1895 109.3652
668.3594 60.4492 0.8379 109.3652
382.4219 51.6992 0.6895 96.0449
368.3594 51.6992 0.6895 96.0449
382.4219 25.4492 0.6895 96.0449
382.4219 51.6992 0.3379 96.0449
382.4219 51.6992 0.6895 81.8652
368.3594 25.4492 0.3379 81.8652
307.4219 25.4492 0.8145 102.9199
293.3594 25.4492 0.8145 102.9199
307.4219 34.1992 0.8145 102.9199
307.4219 25.4492 0.9629 102.9199
307.4219 25.4492 0.8145 116.2402
293.3594 34.1992 0.9629 116.2402
607.4219 60.4492 0.3145 75.4199
593.3594 60.4492 0.3145 75.4199
607.4219 69.1992 0.3145 75.4199
607.4219 60.4492 0.4629 75.4199
607.4219 60.4492 0.3145 88.7402
593.3594 69.1992 0.4629 88.7402
457.4219 42.9492 0.5645 116.6699
443.3594 42.9492 0.5645 116.6699
457.4219 51.6992 0.5645 116.6699
457.4219 42.9492 0.7129 116.6699
457.4219 42.9492 0.5645 74.9902
443.3594 51.6992 0.7129 74.9902
157.4219 77.9492 0.0645 89.1699
143.3594 77.9492 0.0645 89.1699
157.4219 16.6992 0.0645 89.1699
157.4219 77.9492 0.2129 89.1699
157.4219 77.9492 0.0645 102.4902
143.3594 16.6992 0.2129 102.4902
138.6719 40.7617 0.9707 94.3262
649.6094 40.7617 0.9707 94.3262
138.6719 67.0117 0.9707 94.3262
138.6719 40.7617 0.4316 94.3262
138.6719 40.7617 0.9707 73.2715
649.6094 67.0117 0.4316 73.2715
438.6719 75.7617 0.4707 66.8262
349.6094 75.7617 0.4707 66.8262
438.6719 32.0117 0.4707 66.8262
438.6719 75.7617 0.9316 66.8262
438.6719 75.7617 0.4707 100.7715
349.6094 32.0117 0.9316 100.7715
588.6719 23.2617 0.7207 108.0762
199.6094 23.2617 0.7207 108.0762
588.6719 14.5117 0.7207 108.0762
588.6719 23.2617 0.1816 108.0762
588.6719 23.2617 0.7207 114.5215
199.6094 14.5117 0.1816 114.5215
288.6719 58.2617 0.2207 80.5762
499.6094 58.2617 0.2207 80.5762
288.6719 49.5117 0.2207 80.5762
288.6719 58.2617 0.6816 80.5762
288.6719 58.2617 0.2207 87.0215
499.6094 49.5117 0.6816 87.0215
363.6719 14.5117 0.3457 87.4512
424.6094 14.5117 0.3457 87.4512
363.6719 75.7617 0.3457 87.4512
363.6719 14.5117 0.0566 87.4512
363.6719 14.5117 0.3457 107.6465
424.6094 75.7617 0.0566 107.6465
663.6719 49.5117 0.8457 114.9512
124.6094 49.5117 0.8457 114.9512
663.6719 40.7617 0.8457 114.9512
663.6719 49.5117 0.5566 114.9512
663.6719 49.5117 0.8457 80.1465
124.6094 40.7617 0.5566 80.1465
513.6719 32.0117 0.0957 73.7012
274.6094 32.0117 0.0957 73.7012
513.6719 23.2617 0.0957 73.7012
513.6719 32.0117 0.3066 73.7012
513.6719 32.0117 0.0957 66.3965
274.6094 23.2617 0.3066 66.3965
213.6719 67.0117 0.5957 101.2012
574.6094 67.0117 0.5957 101.2012
213.6719 58.2617 0.5957 101.2012
213.6719 67.0117 0.8066 101.2012
213.6719 67.0117 0.5957 93.8965
574.6094 58.2617 0.8066 93.8965
176.1719 18.8867 0.0332 118.3887
387.1094 18.8867 0.0332 118.3887
176.1719 45.1367 0.0332 118.3887
176.1719 18.8867 0.1191 118.3887
176.1719 18.8867 0.0332 111.0840
387.1094 45.1367 0.1191 111.0840
476.1719 53.8867 0.5332 90.8887
687.1094 53.8867 0.5332 90.8887
476.1719 10.1367 0.5332 90.8887
476.1719 53.8867 0.6191 90.8887
476.1719 53.8867 0.5332 83.5840
687.1094 10.1367 0.6191 83.5840
626.1719 36.3867 0.2832 104.6387
537.1094 36.3867 0.2832 104.6387
626.1719 27.6367 0.2832 104.6387
626.1719 36.3867 0.3691 104.6387
626.1719 36.3867 0.2832 69.8340
537.1094 27.6367 0.3691 69.8340
326.1719 71.3867 0.7832 77.1387
237.1094 71.3867 0.7832 77.1387
326.1719 62.6367 0.7832 77.1387
326.1719 71.3867 0.8691 77.1387
326.1719 71.3867 0.7832 97.3340
237.1094 62.6367 0.8691 97.3340
251.1719 27.6367 0.6582 70.2637
162.1094 27.6367 0.6582 70.2637
251.1719 53.8867 0.6582 70.2637
251.1719 27.6367 0.4941 70.2637
251.1719 27.6367 0.6582 76.7090
162.1094 53.8867 0.4941 76.7090
551.1719 62.6367 0.1582 97.7637
462.1094 62.6367 0.1582 97.7637
551.1719 18.8867 0.1582 97.7637
551.1719 62.6367 0.9941 97.7637
551.1719 62.6367 0.1582 104.2090
462.1094 18.8867 0.9941 104.2090
401.1719 10.1367 0.9082 84.0137
612.1094 10.1367 0.9082 84.0137
401.1719 36.3867 0.9082 84.0137
401.1719 10.1367 0.2441 84.0137
401.1719 10.1367 0.9082 117.9590
612.1094 36.3867 0.2441 117.9590
101.1719 45.1367 0.4082 111.5137
312.1094 45.1367 0.4082 111.5137
101.1719 71.3867 0.4082 111.5137
101.1719 45.1367 0.7441 111.5137
101.1719 45.1367 0.4082 90.4590
312.1094 71.3867 0.7441 90.4590
