100.0000 10.0000 0.0000 100.0000
100.0000 10.0000 0.0000 100.0000
100.0000 10.0000 0.0000 100.0000
100.0000 10.0000 0.0000 100.0000
100.0000 10.0000 0.0000 100.0000
100.0000 10.0000 0.0000 100.0000
100.0000 10.0000 0.0000 100.0000
100.0000 10.0000 0.0000 100.0000
100.0000 10.0000 0.0000 100.0000
100.0000 10.0000 0.0000 100.0000
400.0000 45.0000 0.5000 400.0000
400.0000 45.0000 0.5000 400.0000
400.0000 45.0000 0.5000 400.0000
400.0000 45.0000 0.5000 400.0000
400.0000 45.0000 0.5000 400.0000
400.0000 45.0000 0.5000 400.0000
400.0000 45.0000 0.5000 400.0000
400.0000 45.0000 0.5000 400.0000
400.0000 45.0000 0.5000 400.0000
400.0000 45.0000 0.5000 400.0000
550.0000 27.5000 0.2500 250.0000
550.0000 27.5000 0.2500 250.0000
550.0000 62.5000 0.2500 250.0000
550.0000 27.5000 0.2500 250.0000
550.0000 27.5000 0.2500 550.0000
550.0000 62.5000 0.2500 550.0000
550.0000 27.5000 0.2500 550.0000
550.0000 62.5000 0.2500 550.0000
550.0000 62.5000 0.2500 250.0000
550.0000 62.5000 0.2500 550.0000
250.0000 62.5000 0.7500 550.0000
250.0000 62.5000 0.7500 550.0000
250.0000 27.5000 0.7500 550.0000
250.0000 62.5000 0.7500 550.0000
250.0000 62.5000 0.7500 250.0000
250.0000 27.5000 0.7500 250.0000
250.0000 62.5000 0.7500 250.0000
250.0000 27.5000 0.7500 250.0000
250.0000 27.5000 0.7500 550.0000
250.0000 27.5000 0.7500 250.0000
325.0000 36.2500 0.6250 625.0000
325.0000 36.2500 0.6250 625.0000
325.0000 18.7500 0.6250 625.0000
325.0000 36.2500 0.3750 625.0000
325.0000 36.2500 0.6250 625.0000
325.0000 18.7500 0.3750 625.0000
325.0000 36.2500 0.3750 625.0000
325.0000 18.7500 0.6250 625.0000
325.0000 18.7500 0.3750 625.0000
325.0000 18.7500 0.3750 625.0000
625.0000 71.2500 0.1250 325.0000
625.0000 71.2500 0.1250 325.0000
625.0000 53.7500 0.1250 325.0000
625.0000 71.2500 0.8750 325.0000
625.0000 71.2500 0.1250 325.0000
625.0000 53.7500 0.8750 325.0000
625.0000 71.2500 0.8750 325.0000
625.0000 53.7500 0.1250 325.0000
625.0000 53.7500 0.8750 325.0000
625.0000 53.7500 0.8750 325.0000
475.0000 18.7500 0.8750 475.0000
475.0000 18.7500 0.8750 475.0000
475.0000 71.2500 0.8750 475.0000
475.0000 18.7500 0.1250 475.0000
475.0000 18.7500 0.8750 175.0000
475.0000 71.2500 0.1250 175.0000
475.0000 18.7500 0.1250 175.0000
475.0000 71.2500 0.8750 175.0000
475.0000 71.2500 0.1250 475.0000
475.0000 71.2500 0.1250 175.0000
175.0000 53.7500 0.3750 175.0000
175.0000 53.7500 0.3750 175.0000
175.0000 36.2500 0.3750 175.0000
175.0000 53.7500 0.6250 175.0000
175.0000 53.7500 0.3750 475.0000
175.0000 36.2500 0.6250 475.0000
175.0000 53.7500 0.6250 475.0000
175.0000 36.2500 0.3750 475.0000
175.0000 36.2500 0.6250 175.0000
175.0000 36.2500 0.6250 475.0000
212.5000 31.8750 0.9375 362.5000
437.5000 31.8750 0.9375 362.5000
212.5000 31.8750 0.9375 362.5000
212.5000 31.8750 0.4375 362.5000
212.5000 31.8750 0.9375 662.5000
212.5000 31.8750 0.4375 662.5000
437.5000 31.8750 0.4375 662.5000
437.5000 31.8750 0.9375 662.5000
437.5000 31.8750 0.4375 362.5000
437.5000 31.8750 0.4375 662.5000
512.5000 66.8750 0.4375 662.5000
137.5000 66.8750 0.4375 662.5000
512.5000 66.8750 0.4375 662.5000
512.5000 66.8750 0.9375 662.5000
512.5000 66.8750 0.4375 362.5000
512.5000 66.8750 0.9375 362.5000
137.5000 66.8750 0.9375 362.5000
137.5000 66.8750 0.4375 362.5000
137.5000 66.8750 0.9375 662.5000
137.5000 66.8750 0.9375 362.5000
662.5000 14.3750 0.6875 212.5000
287.5000 14.3750 0.6875 212.5000
662.5000 49.3750 0.6875 212.5000
662.5000 14.3750 0.1875 212.5000
662.5000 14.3750 0.6875 212.5000
662.5000 49.3750 0.1875 212.5000
287.5000 14.3750 0.1875 212.5000
287.5000 49.3750 0.6875 212.5000
287.5000 49.3750 0.1875 212.5000
287.5000 49.3750 0.1875 212.5000
362.5000 49.3750 0.1875 512.5000
587.5000 49.3750 0.1875 512.5000
362.5000 14.3750 0.1875 512.5000
362.5000 49.3750 0.6875 512.5000
362.5000 49.3750 0.1875 512.5000
362.5000 14.3750 0.6875 512.5000
587.5000 49.3750 0.6875 512.5000
587.5000 14.3750 0.1875 512.5000
587.5000 14.3750 0.6875 512.5000
587.5000 14.3750 0.6875 512.5000
287.5000 23.1250 0.3125 437.5000
662.5000 23.1250 0.3125 437.5000
287.5000 40.6250 0.3125 437.5000
287.5000 23.1250 0.0625 437.5000
287.5000 23.1250 0.3125 137.5000
287.5000 40.6250 0.0625 137.5000
662.5000 23.1250 0.0625 137.5000
662.5000 40.6250 0.3125 137.5000
662.5000 40.6250 0.0625 437.5000
662.5000 40.6250 0.0625 137.5000
587.5000 58.1250 0.8125 137.5000
362.5000 58.1250 0.8125 137.5000
587.5000 75.6250 0.8125 137.5000
587.5000 58.1250 0.5625 137.5000
587.5000 58.1250 0.8125 437.5000
587.5000 75.6250 0.5625 437.5000
362.5000 58.1250 0.5625 437.5000
362.5000 75.6250 0.8125 437.5000
362.5000 75.6250 0.5625 137.5000
362.5000 75.6250 0.5625 437.5000
437.5000 40.6250 0.0625 587.5000
212.5000 40.6250 0.0625 587.5000
437.5000 58.1250 0.0625 587.5000
437.5000 40.6250 0.3125 587.5000
437.5000 40.6250 0.0625 587.5000
437.5000 58.1250 0.3125 587.5000
212.5000 40.6250 0.3125 587.5000
212.5000 58.1250 0.0625 587.5000
212.5000 58.1250 0.3125 587.5000
212.5000 58.1250 0.3125 587.5000
137.5000 75.6250 0.5625 287.5000
512.5000 75.6250 0.5625 287.5000
137.5000 23.1250 0.5625 287.5000
137.5000 75.6250 0.8125 287.5000
137.5000 75.6250 0.5625 287.5000
137.5000 23.1250 0.8125 287.5000
512.5000 75.6250 0.8125 287.5000
512.5000 23.1250 0.5625 287.5000
512.5000 23.1250 0.8125 287.5000
512.5000 23.1250 0.8125 287.5000
156.2500 42.8125 0.4688 493.7500
268.7500 42.8125 0.4688 493.7500
156.2500 77.8125 0.4688 493.7500
156.2500 42.8125 0.5312 493.7500
156.2500 42.8125 0.4688 606.2500
156.2500 77.8125 0.5312 606.2500
268.7500 42.8125 0.5312 606.2500
268.7500 77.8125 0.4688 606.2500
268.7500 77.8125 0.5312 493.7500
268.7500 77.8125 0.5312 606.2500
456.2500 77.8125 0.9688 193.7500
568.7500 77.8125 0.9688 193.7500
456.2500 42.8125 0.9688 193.7500
456.2500 77.8125 0.0312 193.7500
456.2500 77.8125 0.9688 306.2500
456.2500 42.8125 0.0312 306.2500
568.7500 77.8125 0.0312 306.2500
568.7500 42.8125 0.9688 306.2500
568.7500 42.8125 0.0312 193.7500
568.7500 42.8125 0.0312 306.2500
606.2500 25.3125 0.2188 643.7500
418.7500 25.3125 0.2188 643.7500
606.2500 25.3125 0.2188 643.7500
606.2500 25.3125 0.7812 643.7500
606.2500 25.3125 0.2188 156.2500
606.2500 25.3125 0.7812 156.2500
418.7500 25.3125 0.7812 156.2500
418.7500 25.3125 0.2188 156.2500
418.7500 25.3125 0.7812 643.7500
418.7500 25.3125 0.7812 156.2500
306.2500 60.3125 0.7188 343.7500
118.7500 60.3125 0.7188 343.7500
306.2500 60.3125 0.7188 343.7500
306.2500 60.3125 0.2812 343.7500
306.2500 60.3125 0.7188 456.2500
306.2500 60.3125 0.2812 456.2500
118.7500 60.3125 0.2812 456.2500
118.7500 60.3125 0.7188 456.2500
118.7500 60.3125 0.2812 343.7500
118.7500 60.3125 0.2812 456.2500
381.2500 16.5625 0.8438 268.7500
193.7500 16.5625 0.8438 268.7500
381.2500 69.0625 0.8438 268.7500
381.2500 16.5625 0.9062 268.7500
381.2500 16.5625 0.8438 231.2500
381.2500 69.0625 0.9062 231.2500
193.7500 16.5625 0.9062 231.2500
193.7500 69.0625 0.8438 231.2500
193.7500 69.0625 0.9062 268.7500
193.7500 69.0625 0.9062 231.2500
681.2500 51.5625 0.3438 568.7500
493.7500 51.5625 0.3438 568.7500
681.2500 34.0625 0.3438 568.7500
681.2500 51.5625 0.4062 568.7500
681.2500 51.5625 0.3438 531.2500
681.2500 34.0625 0.4062 531.2500
493.7500 51.5625 0.4062 531.2500
493.7500 34.0625 0.3438 531.2500
493.7500 34.0625 0.4062 568.7500
493.7500 34.0625 0.4062 531.2500
531.2500 34.0625 0.5938 118.7500
643.7500 34.0625 0.5938 118.7500
531.2500 16.5625 0.5938 118.7500
531.2500 34.0625 0.6562 118.7500
531.2500 34.0625 0.5938 681.2500
531.2500 16.5625 0.6562 681.2500
643.7500 34.0625 0.6562 681.2500
643.7500 16.5625 0.5938 681.2500
643.7500 16.5625 0.6562 118.7500
643.7500 16.5625 0.6562 681.2500
231.2500 69.0625 0.0938 418.7500
343.7500 69.0625 0.0938 418.7500
231.2500 51.5625 0.0938 418.7500
231.2500 69.0625 0.1562 418.7500
231.2500 69.0625 0.0938 381.2500
231.2500 51.5625 0.1562 381.2500
343.7500 69.0625 0.1562 381.2500
343.7500 51.5625 0.0938 381.2500
343.7500 51.5625 0.1562 418.7500
343.7500 51.5625 0.1562 381.2500
193.7500 20.9375 0.5312 606.2500
606.2500 20.9375 0.5312 606.2500
193.7500 55.9375 0.5312 606.2500
193.7500 20.9375 0.9688 606.2500
193.7500 20.9375 0.5312 193.7500
193.7500 55.9375 0.9688 193.7500
606.2500 20.9375 0.9688 193.7500
606.2500 55.9375 0.5312 193.7500
606.2500 55.9375 0.9688 606.2500
606.2500 55.9375 0.9688 193.7500
493.7500 55.9375 0.0312 306.2500
306.2500 55.9375 0.0312 306.2500
493.7500 20.9375 0.0312 306.2500
493.7500 55.9375 0.4688 306.2500
493.7500 55.9375 0.0312 493.7500
493.7500 20.9375 0.4688 493.7500
306.2500 55.9375 0.4688 493.7500
306.2500 20.9375 0.0312 493.7500
306.2500 20.9375 0.4688 306.2500
306.2500 20.9375 0.4688 493.7500
643.7500 38.4375 0.7812 456.2500
156.2500 38.4375 0.7812 456.2500
643.7500 38.4375 0.7812 456.2500
643.7500 38.4375 0.7188 456.2500
643.7500 38.4375 0.7812 643.7500
643.7500 38.4375 0.7188 643.7500
156.2500 38.4375 0.7188 643.7500
156.2500 38.4375 0.7812 643.7500
156.2500 38.4375 0.7188 456.2500
156.2500 38.4375 0.7188 643.7500
343.7500 73.4375 0.2812 156.2500
456.2500 73.4375 0.2812 156.2500
343.7500 73.4375 0.2812 156.2500
343.7500 73.4375 0.2188 156.2500
343.7500 73.4375 0.2812 343.7500
343.7500 73.4375 0.2188 343.7500
456.2500 73.4375 0.2188 343.7500
456.2500 73.4375 0.2812 343.7500
456.2500 73.4375 0.2188 156.2500
456.2500 73.4375 0.2188 343.7500
268.7500 29.6875 0.1562 231.2500
531.2500 29.6875 0.1562 231.2500
268.7500 47.1875 0.1562 231.2500
268.7500 29.6875 0.5938 231.2500
268.7500 29.6875 0.1562 568.7500
268.7500 47.1875 0.5938 568.7500
531.2500 29.6875 0.5938 568.7500
531.2500 47.1875 0.1562 568.7500
531.2500 47.1875 0.5938 231.2500
531.2500 47.1875 0.5938 568.7500
568.7500 64.6875 0.6562 531.2500
231.2500 64.6875 0.6562 531.2500
568.7500 12.1875 0.6562 531.2500
568.7500 64.6875 0.0938 531.2500
568.7500 64.6875 0.6562 268.7500
568.7500 12.1875 0.0938 268.7500
231.2500 64.6875 0.0938 268.7500
231.2500 12.1875 0.6562 268.7500
231.2500 12.1875 0.0938 531.2500
231.2500 12.1875 0.0938 268.7500
418.7500 12.1875 0.4062 381.2500
381.2500 12.1875 0.4062 381.2500
418.7500 29.6875 0.4062 381.2500
418.7500 12.1875 0.8438 381.2500
418.7500 12.1875 0.4062 118.7500
418.7500 29.6875 0.8438 118.7500
381.2500 12.1875 0.8438 118.7500
381.2500 29.6875 0.4062 118.7500
381.2500 29.6875 0.8438 381.2500
381.2500 29.6875 0.8438 118.7500
118.7500 47.1875 0.9062 681.2500
681.2500 47.1875 0.9062 681.2500
118.7500 64.6875 0.9062 681.2500
118.7500 47.1875 0.3438 681.2500
118.7500 47.1875 0.9062 418.7500
118.7500 64.6875 0.3438 418.7500
681.2500 47.1875 0.3438 418.7500
681.2500 64.6875 0.9062 418.7500
681.2500 64.6875 0.3438 681.2500
681.2500 64.6875 0.3438 418.7500
128.1250 28.5938 0.7031 428.1250
184.3750 28.5938 0.7031 428.1250
128.1250 74.5312 0.7031 428.1250
128.1250 28.5938 0.7969 428.1250
128.1250 28.5938 0.7031 503.1250
128.1250 74.5312 0.7969 503.1250
184.3750 28.5938 0.7969 503.1250
184.3750 74.5312 0.7031 503.1250
184.3750 74.5312 0.7969 428.1250
184.3750 74.5312 0.7969 503.1250
428.1250 63.5938 0.2031 128.1250
484.3750 63.5938 0.2031 128.1250
428.1250 39.5312 0.2031 128.1250
428.1250 63.5938 0.2969 128.1250
428.1250 63.5938 0.2031 203.1250
428.1250 39.5312 0.2969 203.1250
484.3750 63.5938 0.2969 203.1250
484.3750 39.5312 0.2031 203.1250
484.3750 39.5312 0.2969 128.1250
484.3750 39.5312 0.2969 203.1250
578.1250 11.0938 0.9531 578.1250
634.3750 11.0938 0.9531 578.1250
578.1250 22.0312 0.9531 578.1250
578.1250 11.0938 0.5469 578.1250
578.1250 11.0938 0.9531 353.1250
578.1250 22.0312 0.5469 353.1250
634.3750 11.0938 0.5469 353.1250
634.3750 22.0312 0.9531 353.1250
634.3750 22.0312 0.5469 578.1250
634.3750 22.0312 0.5469 353.1250
278.1250 46.0938 0.4531 278.1250
334.3750 46.0938 0.4531 278.1250
278.1250 57.0312 0.4531 278.1250
278.1250 46.0938 0.0469 278.1250
278.1250 46.0938 0.4531 653.1250
278.1250 57.0312 0.0469 653.1250
334.3750 46.0938 0.0469 653.1250
334.3750 57.0312 0.4531 653.1250
334.3750 57.0312 0.0469 278.1250
334.3750 57.0312 0.0469 653.1250
353.1250 19.8438 0.0781 353.1250
259.3750 19.8438 0.0781 353.1250
353.1250 65.7812 0.0781 353.1250
353.1250 19.8438 0.6719 353.1250
353.1250 19.8438 0.0781 278.1250
353.1250 65.7812 0.6719 278.1250
259.3750 19.8438 0.6719 278.1250
259.3750 65.7812 0.0781 278.1250
259.3750 65.7812 0.6719 353.1250
259.3750 65.7812 0.6719 278.1250
653.1250 54.8438 0.5781 653.1250
559.3750 54.8438 0.5781 653.1250
653.1250 30.7812 0.5781 653.1250
653.1250 54.8438 0.1719 653.1250
653.1250 54.8438 0.5781 578.1250
653.1250 30.7812 0.1719 578.1250
559.3750 54.8438 0.1719 578.1250
559.3750 30.7812 0.5781 578.1250
559.3750 30.7812 0.1719 653.1250
559.3750 30.7812 0.1719 578.1250
503.1250 37.3438 0.3281 203.1250
409.3750 37.3438 0.3281 203.1250
503.1250 13.2812 0.3281 203.1250
503.1250 37.3438 0.9219 203.1250
503.1250 37.3438 0.3281 428.1250
503.1250 13.2812 0.9219 428.1250
409.3750 37.3438 0.9219 428.1250
409.3750 13.2812 0.3281 428.1250
409.3750 13.2812 0.9219 203.1250
409.3750 13.2812 0.9219 428.1250
203.1250 72.3438 0.8281 503.1250
109.3750 72.3438 0.8281 503.1250
203.1250 48.2812 0.8281 503.1250
203.1250 72.3438 0.4219 503.1250
203.1250 72.3438 0.8281 128.1250
203.1250 48.2812 0.4219 128.1250
109.3750 72.3438 0.4219 128.1250
109.3750 48.2812 0.8281 128.1250
109.3750 48.2812 0.4219 503.1250
109.3750 48.2812 0.4219 128.1250
240.6250 15.4688 0.2656 690.6250
521.8750 15.4688 0.2656 690.6250
240.6250 61.4062 0.2656 690.6250
240.6250 15.4688 0.7344 690.6250
240.6250 15.4688 0.2656 315.6250
240.6250 61.4062 0.7344 315.6250
521.8750 15.4688 0.7344 315.6250
521.8750 61.4062 0.2656 315.6250
521.8750 61.4062 0.7344 690.6250
521.8750 61.4062 0.7344 315.6250
540.6250 50.4688 0.7656 390.6250
221.8750 50.4688 0.7656 390.6250
540.6250 26.4062 0.7656 390.6250
540.6250 50.4688 0.2344 390.6250
540.6250 50.4688 0.7656 615.6250
540.6250 26.4062 0.2344 615.6250
221.8750 50.4688 0.2344 615.6250
221.8750 26.4062 0.7656 615.6250
221.8750 26.4062 0.2344 390.6250
221.8750 26.4062 0.2344 615.6250
690.6250 32.9688 0.0156 540.6250
371.8750 32.9688 0.0156 540.6250
690.6250 43.9062 0.0156 540.6250
690.6250 32.9688 0.9844 540.6250
690.6250 32.9688 0.0156 465.6250
690.6250 43.9062 0.9844 465.6250
371.8750 32.9688 0.9844 465.6250
371.8750 43.9062 0.0156 465.6250
371.8750 43.9062 0.9844 540.6250
371.8750 43.9062 0.9844 465.6250
390.6250 67.9688 0.5156 240.6250
671.8750 67.9688 0.5156 240.6250
390.6250 78.9062 0.5156 240.6250
390.6250 67.9688 0.4844 240.6250
390.6250 67.9688 0.5156 165.6250
390.6250 78.9062 0.4844 165.6250
671.8750 67.9688 0.4844 165.6250
671.8750 78.9062 0.5156 165.6250
671.8750 78.9062 0.4844 240.6250
671.8750 78.9062 0.4844 165.6250
315.6250 41.7188 0.8906 165.6250
596.8750 41.7188 0.8906 165.6250
315.6250 52.6562 0.8906 165.6250
315.6250 41.7188 0.8594 165.6250
315.6250 41.7188 0.8906 540.6250
315.6250 52.6562 0.8594 540.6250
596.8750 41.7188 0.8594 540.6250
596.8750 52.6562 0.8906 540.6250
596.8750 52.6562 0.8594 165.6250
596.8750 52.6562 0.8594 540.6250
615.6250 76.7188 0.3906 465.6250
296.8750 76.7188 0.3906 465.6250
615.6250 17.6562 0.3906 465.6250
615.6250 76.7188 0.3594 465.6250
615.6250 76.7188 0.3906 240.6250
615.6250 17.6562 0.3594 240.6250
296.8750 76.7188 0.3594 240.6250
296.8750 17.6562 0.3906 240.6250
296.8750 17.6562 0.3594 465.6250
296.8750 17.6562 0.3594 240.6250
465.6250 24.2188 0.6406 315.6250
146.8750 24.2188 0.6406 315.6250
465.6250 35.1562 0.6406 315.6250
465.6250 24.2188 0.6094 315.6250
465.6250 24.2188 0.6406 390.6250
465.6250 35.1562 0.6094 390.6250
146.8750 24.2188 0.6094 390.6250
146.8750 35.1562 0.6406 390.6250
146.8750 35.1562 0.6094 315.6250
146.8750 35.1562 0.6094 390.6250
165.6250 59.2188 0.1406 615.6250
446.8750 59.2188 0.1406 615.6250
165.6250 70.1562 0.1406 615.6250
165.6250 59.2188 0.1094 615.6250
165.6250 59.2188 0.1406 690.6250
165.6250 70.1562 0.1094 690.6250
446.8750 59.2188 0.1094 690.6250
446.8750 70.1562 0.1406 690.6250
446.8750 70.1562 0.1094 615.6250
446.8750 70.1562 0.1094 690.6250
146.8750 26.4062 0.7969 184.3750
353.1250 26.4062 0.7969 184.3750
146.8750 15.4688 0.7969 184.3750
146.8750 26.4062 0.2656 184.3750
146.8750 26.4062 0.7969 371.8750
146.8750 15.4688 0.2656 371.8750
353.1250 26.4062 0.2656 371.8750
353.1250 15.4688 0.7969 371.8750
353.1250 15.4688 0.2656 184.3750
353.1250 15.4688 0.2656 371.8750
446.8750 61.4062 0.2969 484.3750
653.1250 61.4062 0.2969 484.3750
446.8750 50.4688 0.2969 484.3750
446.8750 61.4062 0.7656 484.3750
446.8750 61.4062 0.2969 671.8750
446.8750 50.4688 0.7656 671.8750
653.1250 61.4062 0.7656 671.8750
653.1250 50.4688 0.2969 671.8750
653.1250 50.4688 0.7656 484.3750
653.1250 50.4688 0.7656 671.8750
596.8750 43.9062 0.5469 334.3750
503.1250 43.9062 0.5469 334.3750
596.8750 67.9688 0.5469 334.3750
596.8750 43.9062 0.0156 334.3750
596.8750 43.9062 0.5469 521.8750
596.8750 67.9688 0.0156 521.8750
503.1250 43.9062 0.0156 521.8750
503.1250 67.9688 0.5469 521.8750
503.1250 67.9688 0.0156 334.3750
503.1250 67.9688 0.0156 521.8750
296.8750 78.9062 0.0469 634.3750
203.1250 78.9062 0.0469 634.3750
296.8750 32.9688 0.0469 634.3750
296.8750 78.9062 0.5156 634.3750
296.8750 78.9062 0.0469 221.8750
296.8750 32.9688 0.5156 221.8750
203.1250 78.9062 0.5156 221.8750
203.1250 32.9688 0.0469 221.8750
203.1250 32.9688 0.5156 634.3750
203.1250 32.9688 0.5156 221.8750
371.8750 35.1562 0.4219 559.3750
128.1250 35.1562 0.4219 559.3750
371.8750 24.2188 0.4219 559.3750
371.8750 35.1562 0.1406 559.3750
371.8750 35.1562 0.4219 446.8750
371.8750 24.2188 0.1406 446.8750
128.1250 35.1562 0.1406 446.8750
128.1250 24.2188 0.4219 446.8750
128.1250 24.2188 0.1406 559.3750
128.1250 24.2188 0.1406 446.8750
671.8750 70.1562 0.9219 259.3750
428.1250 70.1562 0.9219 259.3750
671.8750 59.2188 0.9219 259.3750
671.8750 70.1562 0.6406 259.3750
671.8750 70.1562 0.9219 146.8750
671.8750 59.2188 0.6406 146.8750
428.1250 70.1562 0.6406 146.8750
428.1250 59.2188 0.9219 146.8750
428.1250 59.2188 0.6406 259.3750
428.1250 59.2188 0.6406 146.8750
521.8750 17.6562 0.1719 409.3750
578.1250 17.6562 0.1719 409.3750
521.8750 76.7188 0.1719 409.3750
521.8750 17.6562 0.3906 409.3750
521.8750 17.6562 0.1719 296.8750
521.8750 76.7188 0.3906 296.8750
578.1250 17.6562 0.3906 296.8750
578.1250 76.7188 0.1719 296.8750
578.1250 76.7188 0.3906 409.3750
578.1250 76.7188 0.3906 296.8750
221.8750 52.6562 0.6719 109.3750
278.1250 52.6562 0.6719 109.3750
221.8750 41.7188 0.6719 109.3750
221.8750 52.6562 0.8906 109.3750
221.8750 52.6562 0.6719 596.8750
221.8750 41.7188 0.8906 596.8750
278.1250 52.6562 0.8906 596.8750
278.1250 41.7188 0.6719 596.8750
278.1250 41.7188 0.8906 109.3750
278.1250 41.7188 0.8906 596.8750
184.3750 39.5312 0.2344 296.8750
690.6250 39.5312 0.2344 296.8750
184.3750 28.5938 0.2344 296.8750
184.3750 39.5312 0.2031 296.8750
184.3750 39.5312 0.2344 409.3750
184.3750 28.5938 0.2031 409.3750
690.6250 39.5312 0.2031 409.3750
690.6250 28.5938 0.2344 409.3750
690.6250 28.5938 0.2031 296.8750
690.6250 28.5938 0.2031 409.3750
484.3750 74.5312 0.7344 596.8750
390.6250 74.5312 0.7344 596.8750
484.3750 63.5938 0.7344 596.8750
484.3750 74.5312 0.7031 596.8750
484.3750 74.5312 0.7344 109.3750
484.3750 63.5938 0.7031 109.3750
390.6250 74.5312 0.7031 109.3750
390.6250 63.5938 0.7344 109.3750
390.6250 63.5938 0.7031 596.8750
390.6250 63.5938 0.7031 109.3750
634.3750 22.0312 0.4844 146.8750
240.6250 22.0312 0.4844 146.8750
634.3750 46.0938 0.4844 146.8750
634.3750 22.0312 0.4531 146.8750
634.3750 22.0312 0.4844 259.3750
634.3750 46.0938 0.4531 259.3750
240.6250 22.0312 0.4531 259.3750
240.6250 46.0938 0.4844 259.3750
240.6250 46.0938 0.4531 146.8750
240.6250 46.0938 0.4531 259.3750
334.3750 57.0312 0.9844 446.8750
540.6250 57.0312 0.9844 446.8750
334.3750 11.0938 0.9844 446.8750
334.3750 57.0312 0.9531 446.8750
334.3750 57.0312 0.9844 559.3750
334.3750 11.0938 0.9531 559.3750
540.6250 57.0312 0.9531 559.3750
540.6250 11.0938 0.9844 559.3750
540.6250 11.0938 0.9531 446.8750
540.6250 11.0938 0.9531 559.3750
259.3750 13.2812 0.6094 521.8750
465.6250 13.2812 0.6094 521.8750
259.3750 37.3438 0.6094 521.8750
259.3750 13.2812 0.3281 521.8750
259.3750 13.2812 0.6094 334.3750
259.3750 37.3438 0.3281 334.3750
465.6250 13.2812 0.3281 334.3750
465.6250 37.3438 0.6094 334.3750
465.6250 37.3438 0.3281 521.8750
465.6250 37.3438 0.3281 334.3750
559.3750 48.2812 0.1094 221.8750
165.6250 48.2812 0.1094 221.8750
559.3750 72.3438 0.1094 221.8750
559.3750 48.2812 0.8281 221.8750
559.3750 48.2812 0.1094 634.3750
559.3750 72.3438 0.8281 634.3750
165.6250 48.2812 0.8281 634.3750
165.6250 72.3438 0.1094 634.3750
165.6250 72.3438 0.8281 221.8750
165.6250 72.3438 0.8281 634.3750
409.3750 30.7812 0.8594 671.8750
315.6250 30.7812 0.8594 671.8750
409.3750 54.8438 0.8594 671.8750
409.3750 30.7812 0.0781 671.8750
409.3750 30.7812 0.8594 484.3750
409.3750 54.8438 0.0781 484.3750
315.6250 30.7812 0.0781 484.3750
315.6250 54.8438 0.8594 484.3750
315.6250 54.8438 0.0781 671.8750
315.6250 54.8438 0.0781 484.3750
109.3750 65.7812 0.3594 371.8750
615.6250 65.7812 0.3594 371.8750
109.3750 19.8438 0.3594 371.8750
109.3750 65.7812 0.5781 371.8750
109.3750 65.7812 0.3594 184.3750
109.3750 19.8438 0.5781 184.3750
615.6250 65.7812 0.5781 184.3750
615.6250 19.8438 0.3594 184.3750
615.6250 19.8438 0.5781 371.8750
615.6250 19.8438 0.5781 184.3750
114.0625 37.8906 0.8203 601.5625
489.0625 37.8906 0.8203 601.5625
114.0625 41.1719 0.8203 601.5625
114.0625 37.8906 0.6641 601.5625
114.0625 37.8906 0.8203 226.5625
114.0625 41.1719 0.6641 226.5625
489.0625 37.8906 0.6641 226.5625
489.0625 41.1719 0.8203 226.5625
489.0625 41.1719 0.6641 601.5625
489.0625 41.1719 0.6641 226.5625
414.0625 72.8906 0.3203 301.5625
189.0625 72.8906 0.3203 301.5625
414.0625 76.1719 0.3203 301.5625
414.0625 72.8906 0.1641 301.5625
414.0625 72.8906 0.3203 526.5625
414.0625 76.1719 0.1641 526.5625
189.0625 72.8906 0.1641 526.5625
189.0625 76.1719 0.3203 526.5625
189.0625 76.1719 0.1641 301.5625
189.0625 76.1719 0.1641 526.5625
564.0625 20.3906 0.5703 451.5625
339.0625 20.3906 0.5703 451.5625
564.0625 58.6719 0.5703 451.5625
564.0625 20.3906 0.9141 451.5625
564.0625 20.3906 0.5703 676.5625
564.0625 58.6719 0.9141 676.5625
339.0625 20.3906 0.9141 676.5625
339.0625 58.6719 0.5703 676.5625
339.0625 58.6719 0.9141 451.5625
339.0625 58.6719 0.9141 676.5625
264.0625 55.3906 0.0703 151.5625
639.0625 55.3906 0.0703 151.5625
264.0625 23.6719 0.0703 151.5625
264.0625 55.3906 0.4141 151.5625
264.0625 55.3906 0.0703 376.5625
264.0625 23.6719 0.4141 376.5625
639.0625 55.3906 0.4141 376.5625
639.0625 23.6719 0.0703 376.5625
639.0625 23.6719 0.4141 151.5625
639.0625 23.6719 0.4141 376.5625
339.0625 11.6406 0.4453 226.5625
564.0625 11.6406 0.4453 226.5625
339.0625 32.4219 0.4453 226.5625
339.0625 11.6406 0.7891 226.5625
339.0625 11.6406 0.4453 601.5625
339.0625 32.4219 0.7891 601.5625
564.0625 11.6406 0.7891 601.5625
564.0625 32.4219 0.4453 601.5625
564.0625 32.4219 0.7891 226.5625
564.0625 32.4219 0.7891 601.5625
639.0625 46.6406 0.9453 526.5625
264.0625 46.6406 0.9453 526.5625
639.0625 67.4219 0.9453 526.5625
639.0625 46.6406 0.2891 526.5625
639.0625 46.6406 0.9453 301.5625
639.0625 67.4219 0.2891 301.5625
264.0625 46.6406 0.2891 301.5625
264.0625 67.4219 0.9453 301.5625
264.0625 67.4219 0.2891 526.5625
264.0625 67.4219 0.2891 301.5625
489.0625 29.1406 0.1953 376.5625
114.0625 29.1406 0.1953 376.5625
489.0625 49.9219 0.1953 376.5625
489.0625 29.1406 0.5391 376.5625
489.0625 29.1406 0.1953 151.5625
489.0625 49.9219 0.5391 151.5625
114.0625 29.1406 0.5391 151.5625
114.0625 49.9219 0.1953 151.5625
114.0625 49.9219 0.5391 376.5625
114.0625 49.9219 0.5391 151.5625
189.0625 64.1406 0.6953 676.5625
414.0625 64.1406 0.6953 676.5625
189.0625 14.9219 0.6953 676.5625
189.0625 64.1406 0.0391 676.5625
189.0625 64.1406 0.6953 451.5625
189.0625 14.9219 0.0391 451.5625
414.0625 64.1406 0.0391 451.5625
414.0625 14.9219 0.6953 451.5625
414.0625 14.9219 0.0391 676.5625
414.0625 14.9219 0.0391 451.5625
226.5625 24.7656 0.1328 489.0625
226.5625 24.7656 0.1328 489.0625
226.5625 19.2969 0.1328 489.0625
226.5625 24.7656 0.8516 489.0625
226.5625 24.7656 0.1328 564.0625
226.5625 19.2969 0.8516 564.0625
226.5625 24.7656 0.8516 564.0625
226.5625 19.2969 0.1328 564.0625
226.5625 19.2969 0.8516 489.0625
226.5625 19.2969 0.8516 564.0625
526.5625 59.7656 0.6328 189.0625
526.5625 59.7656 0.6328 189.0625
526.5625 54.2969 0.6328 189.0625
526.5625 59.7656 0.3516 189.0625
526.5625 59.7656 0.6328 264.0625
526.5625 54.2969 0.3516 264.0625
526.5625 59.7656 0.3516 264.0625
526.5625 54.2969 0.6328 264.0625
526.5625 54.2969 0.3516 189.0625
526.5625 54.2969 0.3516 264.0625
676.5625 42.2656 0.3828 639.0625
676.5625 42.2656 0.3828 639.0625
676.5625 71.7969 0.3828 639.0625
676.5625 42.2656 0.6016 639.0625
676.5625 42.2656 0.3828 114.0625
676.5625 71.7969 0.6016 114.0625
676.5625 42.2656 0.6016 114.0625
676.5625 71.7969 0.3828 114.0625
676.5625 71.7969 0.6016 639.0625
676.5625 71.7969 0.6016 114.0625
376.5625 77.2656 0.8828 339.0625
376.5625 77.2656 0.8828 339.0625
376.5625 36.7969 0.8828 339.0625
376.5625 77.2656 0.1016 339.0625
376.5625 77.2656 0.8828 414.0625
376.5625 36.7969 0.1016 414.0625
376.5625 77.2656 0.1016 414.0625
376.5625 36.7969 0.8828 414.0625
376.5625 36.7969 0.1016 339.0625
376.5625 36.7969 0.1016 414.0625
301.5625 33.5156 0.5078 264.0625
301.5625 33.5156 0.5078 264.0625
301.5625 10.5469 0.5078 264.0625
301.5625 33.5156 0.7266 264.0625
301.5625 33.5156 0.5078 189.0625
301.5625 10.5469 0.7266 189.0625
301.5625 33.5156 0.7266 189.0625
301.5625 10.5469 0.5078 189.0625
301.5625 10.5469 0.7266 264.0625
301.5625 10.5469 0.7266 189.0625
601.5625 68.5156 0.0078 564.0625
601.5625 68.5156 0.0078 564.0625
601.5625 45.5469 0.0078 564.0625
601.5625 68.5156 0.2266 564.0625
601.5625 68.5156 0.0078 489.0625
601.5625 45.5469 0.2266 489.0625
601.5625 68.5156 0.2266 489.0625
601.5625 45.5469 0.0078 489.0625
601.5625 45.5469 0.2266 564.0625
601.5625 45.5469 0.2266 489.0625
451.5625 16.0156 0.7578 114.0625
451.5625 16.0156 0.7578 114.0625
451.5625 63.0469 0.7578 114.0625
451.5625 16.0156 0.9766 114.0625
451.5625 16.0156 0.7578 639.0625
451.5625 63.0469 0.9766 639.0625
451.5625 16.0156 0.9766 639.0625
451.5625 63.0469 0.7578 639.0625
451.5625 63.0469 0.9766 114.0625
451.5625 63.0469 0.9766 639.0625
151.5625 51.0156 0.2578 414.0625
151.5625 51.0156 0.2578 414.0625
151.5625 28.0469 0.2578 414.0625
151.5625 51.0156 0.4766 414.0625
151.5625 51.0156 0.2578 339.0625
151.5625 28.0469 0.4766 339.0625
151.5625 51.0156 0.4766 339.0625
151.5625 28.0469 0.2578 339.0625
151.5625 28.0469 0.4766 414.0625
151.5625 28.0469 0.4766 339.0625
170.3125 18.2031 0.6641 395.3125
657.8125 18.2031 0.6641 395.3125
170.3125 47.7344 0.6641 395.3125
170.3125 18.2031 0.1328 395.3125
170.3125 18.2031 0.6641 657.8125
170.3125 47.7344 0.1328 657.8125
657.8125 18.2031 0.1328 657.8125
657.8125 47.7344 0.6641 657.8125
657.8125 47.7344 0.1328 395.3125
657.8125 47.7344 0.1328 657.8125
470.3125 53.2031 0.1641 695.3125
357.8125 53.2031 0.1641 695.3125
470.3125 12.7344 0.1641 695.3125
470.3125 53.2031 0.6328 695.3125
470.3125 53.2031 0.1641 357.8125
470.3125 12.7344 0.6328 357.8125
357.8125 53.2031 0.6328 357.8125
357.8125 12.7344 0.1641 357.8125
357.8125 12.7344 0.6328 695.3125
357.8125 12.7344 0.6328 357.8125
620.3125 35.7031 0.9141 245.3125
207.8125 35.7031 0.9141 245.3125
620.3125 30.2344 0.9141 245.3125
620.3125 35.7031 0.3828 245.3125
620.3125 35.7031 0.9141 207.8125
620.3125 30.2344 0.3828 207.8125
207.8125 35.7031 0.3828 207.8125
207.8125 30.2344 0.9141 207.8125
207.8125 30.2344 0.3828 245.3125
207.8125 30.2344 0.3828 207.8125
320.3125 70.7031 0.4141 545.3125
507.8125 70.7031 0.4141 545.3125
320.3125 65.2344 0.4141 545.3125
320.3125 70.7031 0.8828 545.3125
320.3125 70.7031 0.4141 507.8125
320.3125 65.2344 0.8828 507.8125
507.8125 70.7031 0.8828 507.8125
507.8125 65.2344 0.4141 507.8125
507.8125 65.2344 0.8828 545.3125
507.8125 65.2344 0.8828 507.8125
395.3125 44.4531 0.0391 470.3125
432.8125 44.4531 0.0391 470.3125
395.3125 56.4844 0.0391 470.3125
395.3125 44.4531 0.2578 470.3125
395.3125 44.4531 0.0391 132.8125
395.3125 56.4844 0.2578 132.8125
432.8125 44.4531 0.2578 132.8125
432.8125 56.4844 0.0391 132.8125
432.8125 56.4844 0.2578 470.3125
432.8125 56.4844 0.2578 132.8125
695.3125 79.4531 0.5391 170.3125
132.8125 79.4531 0.5391 170.3125
695.3125 21.4844 0.5391 170.3125
695.3125 79.4531 0.7578 170.3125
695.3125 79.4531 0.5391 432.8125
695.3125 21.4844 0.7578 432.8125
132.8125 79.4531 0.7578 432.8125
132.8125 21.4844 0.5391 432.8125
132.8125 21.4844 0.7578 170.3125
132.8125 21.4844 0.7578 432.8125
545.3125 26.9531 0.2891 620.3125
282.8125 26.9531 0.2891 620.3125
545.3125 38.9844 0.2891 620.3125
545.3125 26.9531 0.0078 620.3125
545.3125 26.9531 0.2891 582.8125
545.3125 38.9844 0.0078 582.8125
282.8125 26.9531 0.0078 582.8125
282.8125 38.9844 0.2891 582.8125
282.8125 38.9844 0.0078 620.3125
282.8125 38.9844 0.0078 582.8125
245.3125 61.9531 0.7891 320.3125
582.8125 61.9531 0.7891 320.3125
245.3125 73.9844 0.7891 320.3125
245.3125 61.9531 0.5078 320.3125
245.3125 61.9531 0.7891 282.8125
245.3125 73.9844 0.5078 282.8125
582.8125 61.9531 0.5078 282.8125
582.8125 73.9844 0.7891 282.8125
582.8125 73.9844 0.5078 320.3125
582.8125 73.9844 0.5078 282.8125
207.8125 31.3281 0.3516 132.8125
395.3125 31.3281 0.3516 132.8125
207.8125 69.6094 0.3516 132.8125
207.8125 31.3281 0.3203 132.8125
207.8125 31.3281 0.3516 170.3125
207.8125 69.6094 0.3203 170.3125
395.3125 31.3281 0.3203 170.3125
395.3125 69.6094 0.3516 170.3125
395.3125 69.6094 0.3203 132.8125
395.3125 69.6094 0.3203 170.3125
507.8125 66.3281 0.8516 432.8125
695.3125 66.3281 0.8516 432.8125
507.8125 34.6094 0.8516 432.8125
507.8125 66.3281 0.8203 432.8125
507.8125 66.3281 0.8516 470.3125
507.8125 34.6094 0.8203 470.3125
695.3125 66.3281 0.8203 470.3125
695.3125 34.6094 0.8516 470.3125
695.3125 34.6094 0.8203 432.8125
695.3125 34.6094 0.8203 470.3125
657.8125 13.8281 0.1016 282.8125
545.3125 13.8281 0.1016 282.8125
657.8125 17.1094 0.1016 282.8125
657.8125 13.8281 0.0703 282.8125
657.8125 13.8281 0.1016 620.3125
657.8125 17.1094 0.0703 620.3125
545.3125 13.8281 0.0703 620.3125
545.3125 17.1094 0.1016 620.3125
545.3125 17.1094 0.0703 282.8125
545.3125 17.1094 0.0703 620.3125
357.8125 48.8281 0.6016 582.8125
245.3125 48.8281 0.6016 582.8125
357.8125 52.1094 0.6016 582.8125
357.8125 48.8281 0.5703 582.8125
357.8125 48.8281 0.6016 320.3125
357.8125 52.1094 0.5703 320.3125
245.3125 48.8281 0.5703 320.3125
245.3125 52.1094 0.6016 320.3125
245.3125 52.1094 0.5703 582.8125
245.3125 52.1094 0.5703 320.3125
282.8125 22.5781 0.9766 657.8125
170.3125 22.5781 0.9766 657.8125
282.8125 78.3594 0.9766 657.8125
282.8125 22.5781 0.1953 657.8125
282.8125 22.5781 0.9766 695.3125
282.8125 78.3594 0.1953 695.3125
170.3125 22.5781 0.1953 695.3125
170.3125 78.3594 0.9766 695.3125
170.3125 78.3594 0.1953 657.8125
170.3125 78.3594 0.1953 695.3125
582.8125 57.5781 0.4766 357.8125
470.3125 57.5781 0.4766 357.8125
582.8125 43.3594 0.4766 357.8125
582.8125 57.5781 0.6953 357.8125
582.8125 57.5781 0.4766 395.3125
582.8125 43.3594 0.6953 395.3125
470.3125 57.5781 0.6953 395.3125
470.3125 43.3594 0.4766 395.3125
470.3125 43.3594 0.6953 357.8125
470.3125 43.3594 0.6953 395.3125
432.8125 40.0781 0.7266 507.8125
620.3125 40.0781 0.7266 507.8125
432.8125 25.8594 0.7266 507.8125
432.8125 40.0781 0.4453 507.8125
432.8125 40.0781 0.7266 245.3125
432.8125 25.8594 0.4453 245.3125
620.3125 40.0781 0.4453 245.3125
620.3125 25.8594 0.7266 245.3125
620.3125 25.8594 0.4453 507.8125
620.3125 25.8594 0.4453 245.3125
132.8125 75.0781 0.2266 207.8125
320.3125 75.0781 0.2266 207.8125
132.8125 60.8594 0.2266 207.8125
132.8125 75.0781 0.9453 207.8125
132.8125 75.0781 0.2266 545.3125
132.8125 60.8594 0.9453 545.3125
320.3125 75.0781 0.9453 545.3125
320.3125 60.8594 0.2266 545.3125
320.3125 60.8594 0.9453 207.8125
320.3125 60.8594 0.9453 545.3125
123.4375 19.2969 0.3984 310.9375
404.6875 19.2969 0.3984 310.9375
123.4375 53.2031 0.3984 310.9375
123.4375 19.2969 0.3984 310.9375
123.4375 19.2969 0.3984 460.9375
123.4375 53.2031 0.3984 460.9375
404.6875 19.2969 0.3984 460.9375
404.6875 53.2031 0.3984 460.9375
404.6875 53.2031 0.3984 310.9375
404.6875 53.2031 0.3984 460.9375
423.4375 54.2969 0.8984 610.9375
104.6875 54.2969 0.8984 610.9375
423.4375 18.2031 0.8984 610.9375
423.4375 54.2969 0.8984 610.9375
423.4375 54.2969 0.8984 160.9375
423.4375 18.2031 0.8984 160.9375
104.6875 54.2969 0.8984 160.9375
104.6875 18.2031 0.8984 160.9375
104.6875 18.2031 0.8984 610.9375
104.6875 18.2031 0.8984 160.9375
573.4375 36.7969 0.1484 160.9375
254.6875 36.7969 0.1484 160.9375
573.4375 35.7031 0.1484 160.9375
573.4375 36.7969 0.1484 160.9375
573.4375 36.7969 0.1484 310.9375
573.4375 35.7031 0.1484 310.9375
254.6875 36.7969 0.1484 310.9375
254.6875 35.7031 0.1484 310.9375
254.6875 35.7031 0.1484 160.9375
254.6875 35.7031 0.1484 310.9375
273.4375 71.7969 0.6484 460.9375
554.6875 71.7969 0.6484 460.9375
273.4375 70.7031 0.6484 460.9375
273.4375 71.7969 0.6484 460.9375
273.4375 71.7969 0.6484 610.9375
273.4375 70.7031 0.6484 610.9375
554.6875 71.7969 0.6484 610.9375
554.6875 70.7031 0.6484 610.9375
554.6875 70.7031 0.6484 460.9375
554.6875 70.7031 0.6484 610.9375
348.4375 28.0469 0.7734 535.9375
629.6875 28.0469 0.7734 535.9375
348.4375 61.9531 0.7734 535.9375
348.4375 28.0469 0.0234 535.9375
348.4375 28.0469 0.7734 385.9375
348.4375 61.9531 0.0234 385.9375
629.6875 28.0469 0.0234 385.9375
629.6875 61.9531 0.7734 385.9375
629.6875 61.9531 0.0234 535.9375
629.6875 61.9531 0.0234 385.9375
648.4375 63.0469 0.2734 235.9375
329.6875 63.0469 0.2734 235.9375
648.4375 26.9531 0.2734 235.9375
648.4375 63.0469 0.5234 235.9375
648.4375 63.0469 0.2734 685.9375
648.4375 26.9531 0.5234 685.9375
329.6875 63.0469 0.5234 685.9375
329.6875 26.9531 0.2734 685.9375
329.6875 26.9531 0.5234 235.9375
329.6875 26.9531 0.5234 685.9375
498.4375 10.5469 0.5234 685.9375
179.6875 10.5469 0.5234 685.9375
498.4375 44.4531 0.5234 685.9375
498.4375 10.5469 0.2734 685.9375
498.4375 10.5469 0.5234 535.9375
498.4375 44.4531 0.2734 535.9375
179.6875 10.5469 0.2734 535.9375
179.6875 44.4531 0.5234 535.9375
179.6875 44.4531 0.2734 685.9375
179.6875 44.4531 0.2734 535.9375
198.4375 45.5469 0.0234 385.9375
479.6875 45.5469 0.0234 385.9375
198.4375 79.4531 0.0234 385.9375
198.4375 45.5469 0.7734 385.9375
198.4375 45.5469 0.0234 235.9375
198.4375 79.4531 0.7734 235.9375
479.6875 45.5469 0.7734 235.9375
479.6875 79.4531 0.0234 235.9375
479.6875 79.4531 0.7734 385.9375
479.6875 79.4531 0.7734 235.9375
235.9375 41.1719 0.5859 198.4375
142.1875 41.1719 0.5859 198.4375
235.9375 66.3281 0.5859 198.4375
235.9375 41.1719 0.0859 198.4375
235.9375 41.1719 0.5859 348.4375
235.9375 66.3281 0.0859 348.4375
142.1875 41.1719 0.0859 348.4375
142.1875 66.3281 0.5859 348.4375
142.1875 66.3281 0.0859 198.4375
142.1875 66.3281 0.0859 348.4375
535.9375 76.1719 0.0859 498.4375
442.1875 76.1719 0.0859 498.4375
535.9375 31.3281 0.0859 498.4375
535.9375 76.1719 0.5859 498.4375
535.9375 76.1719 0.0859 648.4375
535.9375 31.3281 0.5859 648.4375
442.1875 76.1719 0.5859 648.4375
442.1875 31.3281 0.0859 648.4375
442.1875 31.3281 0.5859 498.4375
442.1875 31.3281 0.5859 648.4375
685.9375 23.6719 0.8359 348.4375
592.1875 23.6719 0.8359 348.4375
685.9375 13.8281 0.8359 348.4375
685.9375 23.6719 0.3359 348.4375
685.9375 23.6719 0.8359 498.4375
685.9375 13.8281 0.3359 498.4375
592.1875 23.6719 0.3359 498.4375
592.1875 13.8281 0.8359 498.4375
592.1875 13.8281 0.3359 348.4375
592.1875 13.8281 0.3359 498.4375
385.9375 58.6719 0.3359 648.4375
292.1875 58.6719 0.3359 648.4375
385.9375 48.8281 0.3359 648.4375
385.9375 58.6719 0.8359 648.4375
385.9375 58.6719 0.3359 198.4375
385.9375 48.8281 0.8359 198.4375
292.1875 58.6719 0.8359 198.4375
292.1875 48.8281 0.3359 198.4375
292.1875 48.8281 0.8359 648.4375
292.1875 48.8281 0.8359 198.4375
310.9375 14.9219 0.2109 573.4375
367.1875 14.9219 0.2109 573.4375
310.9375 75.0781 0.2109 573.4375
310.9375 14.9219 0.4609 573.4375
310.9375 14.9219 0.2109 423.4375
310.9375 75.0781 0.4609 423.4375
367.1875 14.9219 0.4609 423.4375
367.1875 75.0781 0.2109 423.4375
367.1875 75.0781 0.4609 573.4375
367.1875 75.0781 0.4609 423.4375
610.9375 49.9219 0.7109 273.4375
667.1875 49.9219 0.7109 273.4375
610.9375 40.0781 0.7109 273.4375
610.9375 49.9219 0.9609 273.4375
610.9375 49.9219 0.7109 123.4375
610.9375 40.0781 0.9609 123.4375
667.1875 49.9219 0.9609 123.4375
667.1875 40.0781 0.7109 123.4375
667.1875 40.0781 0.9609 273.4375
667.1875 40.0781 0.9609 123.4375
460.9375 32.4219 0.4609 423.4375
517.1875 32.4219 0.4609 423.4375
460.9375 22.5781 0.4609 423.4375
460.9375 32.4219 0.2109 423.4375
460.9375 32.4219 0.4609 273.4375
460.9375 22.5781 0.2109 273.4375
517.1875 32.4219 0.2109 273.4375
517.1875 22.5781 0.4609 273.4375
517.1875 22.5781 0.2109 423.4375
517.1875 22.5781 0.2109 273.4375
160.9375 67.4219 0.9609 123.4375
217.1875 67.4219 0.9609 123.4375
160.9375 57.5781 0.9609 123.4375
160.9375 67.4219 0.7109 123.4375
160.9375 67.4219 0.9609 573.4375
160.9375 57.5781 0.7109 573.4375
217.1875 67.4219 0.7109 573.4375
217.1875 57.5781 0.9609 573.4375
217.1875 57.5781 0.7109 123.4375
217.1875 57.5781 0.7109 573.4375
142.1875 34.6094 0.1172 667.1875
573.4375 34.6094 0.1172 667.1875
142.1875 37.8906 0.1172 667.1875
142.1875 34.6094 0.9297 667.1875
142.1875 34.6094 0.1172 254.6875
142.1875 37.8906 0.9297 254.6875
573.4375 34.6094 0.9297 254.6875
573.4375 37.8906 0.1172 254.6875
573.4375 37.8906 0.9297 667.1875
573.4375 37.8906 0.9297 254.6875
442.1875 69.6094 0.6172 367.1875
273.4375 69.6094 0.6172 367.1875
442.1875 72.8906 0.6172 367.1875
442.1875 69.6094 0.4297 367.1875
442.1875 69.6094 0.6172 554.6875
442.1875 72.8906 0.4297 554.6875
273.4375 69.6094 0.4297 554.6875
273.4375 72.8906 0.6172 554.6875
273.4375 72.8906 0.4297 367.1875
273.4375 72.8906 0.4297 554.6875
592.1875 17.1094 0.3672 517.1875
123.4375 17.1094 0.3672 517.1875
592.1875 55.3906 0.3672 517.1875
592.1875 17.1094 0.6797 517.1875
592.1875 17.1094 0.3672 404.6875
592.1875 55.3906 0.6797 404.6875
123.4375 17.1094 0.6797 404.6875
123.4375 55.3906 0.3672 404.6875
123.4375 55.3906 0.6797 517.1875
123.4375 55.3906 0.6797 404.6875
292.1875 52.1094 0.8672 217.1875
423.4375 52.1094 0.8672 217.1875
292.1875 20.3906 0.8672 217.1875
292.1875 52.1094 0.1797 217.1875
292.1875 52.1094 0.8672 104.6875
292.1875 20.3906 0.1797 104.6875
423.4375 52.1094 0.1797 104.6875
423.4375 20.3906 0.8672 104.6875
423.4375 20.3906 0.1797 217.1875
423.4375 20.3906 0.1797 104.6875
367.1875 25.8594 0.7422 142.1875
498.4375 25.8594 0.7422 142.1875
367.1875 29.1406 0.7422 142.1875
367.1875 25.8594 0.5547 142.1875
367.1875 25.8594 0.7422 479.6875
367.1875 29.1406 0.5547 479.6875
498.4375 25.8594 0.5547 479.6875
498.4375 29.1406 0.7422 479.6875
498.4375 29.1406 0.5547 142.1875
498.4375 29.1406 0.5547 479.6875
667.1875 60.8594 0.2422 442.1875
198.4375 60.8594 0.2422 442.1875
667.1875 64.1406 0.2422 442.1875
667.1875 60.8594 0.0547 442.1875
667.1875 60.8594 0.2422 179.6875
667.1875 64.1406 0.0547 179.6875
198.4375 60.8594 0.0547 179.6875
198.4375 64.1406 0.2422 179.6875
198.4375 64.1406 0.0547 442.1875
198.4375 64.1406 0.0547 179.6875
517.1875 43.3594 0.9922 292.1875
348.4375 43.3594 0.9922 292.1875
517.1875 46.6406 0.9922 292.1875
517.1875 43.3594 0.8047 292.1875
517.1875 43.3594 0.9922 329.6875
517.1875 46.6406 0.8047 329.6875
348.4375 43.3594 0.8047 329.6875
348.4375 46.6406 0.9922 329.6875
348.4375 46.6406 0.8047 292.1875
348.4375 46.6406 0.8047 329.6875
217.1875 78.3594 0.4922 592.1875
648.4375 78.3594 0.4922 592.1875
217.1875 11.6406 0.4922 592.1875
217.1875 78.3594 0.3047 592.1875
217.1875 78.3594 0.4922 629.6875
217.1875 11.6406 0.3047 629.6875
648.4375 78.3594 0.3047 629.6875
648.4375 11.6406 0.4922 629.6875
648.4375 11.6406 0.3047 592.1875
648.4375 11.6406 0.3047 629.6875
179.6875 12.7344 0.9297 404.6875
310.9375 12.7344 0.9297 404.6875
179.6875 24.7656 0.9297 404.6875
179.6875 12.7344 0.6172 404.6875
179.6875 12.7344 0.9297 517.1875
179.6875 24.7656 0.6172 517.1875
310.9375 12.7344 0.6172 517.1875
310.9375 24.7656 0.9297 517.1875
310.9375 24.7656 0.6172 404.6875
310.9375 24.7656 0.6172 517.1875
479.6875 47.7344 0.4297 104.6875
610.9375 47.7344 0.4297 104.6875
479.6875 59.7656 0.4297 104.6875
479.6875 47.7344 0.1172 104.6875
479.6875 47.7344 0.4297 217.1875
479.6875 59.7656 0.1172 217.1875
610.9375 47.7344 0.1172 217.1875
610.9375 59.7656 0.4297 217.1875
610.9375 59.7656 0.1172 104.6875
610.9375 59.7656 0.1172 217.1875
629.6875 30.2344 0.6797 554.6875
460.9375 30.2344 0.6797 554.6875
629.6875 77.2656 0.6797 554.6875
629.6875 30.2344 0.8672 554.6875
629.6875 30.2344 0.6797 367.1875
629.6875 77.2656 0.8672 367.1875
460.9375 30.2344 0.8672 367.1875
460.9375 77.2656 0.6797 367.1875
460.9375 77.2656 0.8672 554.6875
460.9375 77.2656 0.8672 367.1875
329.6875 65.2344 0.1797 254.6875
160.9375 65.2344 0.1797 254.6875
329.6875 42.2656 0.1797 254.6875
329.6875 65.2344 0.3672 254.6875
329.6875 65.2344 0.1797 667.1875
329.6875 42.2656 0.3672 667.1875
160.9375 65.2344 0.3672 667.1875
160.9375 42.2656 0.1797 667.1875
160.9375 42.2656 0.3672 254.6875
160.9375 42.2656 0.3672 667.1875
254.6875 38.9844 0.3047 329.6875
235.9375 38.9844 0.3047 329.6875
254.6875 16.0156 0.3047 329.6875
254.6875 38.9844 0.9922 329.6875
254.6875 38.9844 0.3047 292.1875
254.6875 16.0156 0.9922 292.1875
235.9375 38.9844 0.9922 292.1875
235.9375 16.0156 0.3047 292.1875
235.9375 16.0156 0.9922 329.6875
235.9375 16.0156 0.9922 292.1875
554.6875 73.9844 0.8047 629.6875
535.9375 73.9844 0.8047 629.6875
554.6875 51.0156 0.8047 629.6875
554.6875 73.9844 0.4922 629.6875
554.6875 73.9844 0.8047 592.1875
554.6875 51.0156 0.4922 592.1875
535.9375 73.9844 0.4922 592.1875
535.9375 51.0156 0.8047 592.1875
535.9375 51.0156 0.4922 629.6875
535.9375 51.0156 0.4922 592.1875
404.6875 21.4844 0.0547 179.6875
685.9375 21.4844 0.0547 179.6875
404.6875 68.5156 0.0547 179.6875
404.6875 21.4844 0.7422 179.6875
404.6875 21.4844 0.0547 442.1875
404.6875 68.5156 0.7422 442.1875
685.9375 21.4844 0.7422 442.1875
685.9375 68.5156 0.0547 442.1875
685.9375 68.5156 0.7422 179.6875
685.9375 68.5156 0.7422 442.1875
104.6875 56.4844 0.5547 479.6875
385.9375 56.4844 0.5547 479.6875
104.6875 33.5156 0.5547 479.6875
104.6875 56.4844 0.2422 479.6875
104.6875 56.4844 0.5547 142.1875
104.6875 33.5156 0.2422 142.1875
385.9375 56.4844 0.2422 142.1875
385.9375 33.5156 0.5547 142.1875
385.9375 33.5156 0.2422 479.6875
385.9375 33.5156 0.2422 142.1875
107.0312 33.2422 0.2930 214.8438
641.4062 33.2422 0.2930 214.8438
107.0312 57.3047 0.2930 214.8438
107.0312 33.2422 0.8633 214.8438
107.0312 33.2422 0.2930 247.6562
107.0312 57.3047 0.8633 247.6562
641.4062 33.2422 0.8633 247.6562
641.4062 57.3047 0.2930 247.6562
641.4062 57.3047 0.8633 214.8438
641.4062 57.3047 0.8633 247.6562
407.0312 68.2422 0.7930 514.8438
341.4062 68.2422 0.7930 514.8438
407.0312 22.3047 0.7930 514.8438
407.0312 68.2422 0.3633 514.8438
407.0312 68.2422 0.7930 547.6562
407.0312 22.3047 0.3633 547.6562
341.4062 68.2422 0.3633 547.6562
341.4062 22.3047 0.7930 547.6562
341.4062 22.3047 0.3633 514.8438
341.4062 22.3047 0.3633 547.6562
557.0312 15.7422 0.0430 364.8438
191.4062 15.7422 0.0430 364.8438
557.0312 39.8047 0.0430 364.8438
557.0312 15.7422 0.6133 364.8438
557.0312 15.7422 0.0430 697.6562
557.0312 39.8047 0.6133 697.6562
191.4062 15.7422 0.6133 697.6562
191.4062 39.8047 0.0430 697.6562
191.4062 39.8047 0.6133 364.8438
191.4062 39.8047 0.6133 697.6562
257.0312 50.7422 0.5430 664.8438
491.4062 50.7422 0.5430 664.8438
257.0312 74.8047 0.5430 664.8438
257.0312 50.7422 0.1133 664.8438
257.0312 50.7422 0.5430 397.6562
257.0312 74.8047 0.1133 397.6562
491.4062 50.7422 0.1133 397.6562
491.4062 74.8047 0.5430 397.6562
491.4062 74.8047 0.1133 664.8438
491.4062 74.8047 0.1133 397.6562
332.0312 24.4922 0.9180 589.8438
416.4062 24.4922 0.9180 589.8438
332.0312 48.5547 0.9180 589.8438
332.0312 24.4922 0.7383 589.8438
332.0312 24.4922 0.9180 622.6562
332.0312 48.5547 0.7383 622.6562
416.4062 24.4922 0.7383 622.6562
416.4062 48.5547 0.9180 622.6562
416.4062 48.5547 0.7383 589.8438
416.4062 48.5547 0.7383 622.6562
632.0312 59.4922 0.4180 289.8438
116.4062 59.4922 0.4180 289.8438
632.0312 13.5547 0.4180 289.8438
632.0312 59.4922 0.2383 289.8438
632.0312 59.4922 0.4180 322.6562
632.0312 13.5547 0.2383 322.6562
116.4062 59.4922 0.2383 322.6562
116.4062 13.5547 0.4180 322.6562
116.4062 13.5547 0.2383 289.8438
116.4062 13.5547 0.2383 322.6562
482.0312 41.9922 0.6680 439.8438
266.4062 41.9922 0.6680 439.8438
482.0312 31.0547 0.6680 439.8438
482.0312 41.9922 0.9883 439.8438
482.0312 41.9922 0.6680 172.6562
482.0312 31.0547 0.9883 172.6562
266.4062 41.9922 0.9883 172.6562
266.4062 31.0547 0.6680 172.6562
266.4062 31.0547 0.9883 439.8438
266.4062 31.0547 0.9883 172.6562
182.0312 76.9922 0.1680 139.8438
566.4062 76.9922 0.1680 139.8438
182.0312 66.0547 0.1680 139.8438
182.0312 76.9922 0.4883 139.8438
182.0312 76.9922 0.1680 472.6562
182.0312 66.0547 0.4883 472.6562
566.4062 76.9922 0.4883 472.6562
566.4062 66.0547 0.1680 472.6562
566.4062 66.0547 0.4883 139.8438
566.4062 66.0547 0.4883 472.6562
219.5312 11.3672 0.7305 252.3438
378.9062 11.3672 0.7305 252.3438
219.5312 79.1797 0.7305 252.3438
219.5312 11.3672 0.6758 252.3438
219.5312 11.3672 0.7305 585.1562
219.5312 79.1797 0.6758 585.1562
378.9062 11.3672 0.6758 585.1562
378.9062 79.1797 0.7305 585.1562
378.9062 79.1797 0.6758 252.3438
378.9062 79.1797 0.6758 585.1562
519.5312 46.3672 0.2305 552.3438
678.9062 46.3672 0.2305 552.3438
519.5312 44.1797 0.2305 552.3438
519.5312 46.3672 0.1758 552.3438
519.5312 46.3672 0.2305 285.1562
519.5312 44.1797 0.1758 285.1562
678.9062 46.3672 0.1758 285.1562
678.9062 44.1797 0.2305 285.1562
678.9062 44.1797 0.1758 552.3438
678.9062 44.1797 0.1758 285.1562
669.5312 28.8672 0.9805 102.3438
528.9062 28.8672 0.9805 102.3438
669.5312 26.6797 0.9805 102.3438
669.5312 28.8672 0.9258 102.3438
669.5312 28.8672 0.9805 135.1562
669.5312 26.6797 0.9258 135.1562
528.9062 28.8672 0.9258 135.1562
528.9062 26.6797 0.9805 135.1562
528.9062 26.6797 0.9258 102.3438
528.9062 26.6797 0.9258 135.1562
369.5312 63.8672 0.4805 402.3438
228.9062 63.8672 0.4805 402.3438
369.5312 61.6797 0.4805 402.3438
369.5312 63.8672 0.4258 402.3438
369.5312 63.8672 0.4805 435.1562
369.5312 61.6797 0.4258 435.1562
228.9062 63.8672 0.4258 435.1562
228.9062 61.6797 0.4805 435.1562
228.9062 61.6797 0.4258 402.3438
228.9062 61.6797 0.4258 435.1562
294.5312 37.6172 0.1055 477.3438
153.9062 37.6172 0.1055 477.3438
294.5312 70.4297 0.1055 477.3438
294.5312 37.6172 0.8008 477.3438
294.5312 37.6172 0.1055 210.1562
294.5312 70.4297 0.8008 210.1562
153.9062 37.6172 0.8008 210.1562
153.9062 70.4297 0.1055 210.1562
153.9062 70.4297 0.8008 477.3438
153.9062 70.4297 0.8008 210.1562
594.5312 72.6172 0.6055 177.3438
453.9062 72.6172 0.6055 177.3438
594.5312 35.4297 0.6055 177.3438
594.5312 72.6172 0.3008 177.3438
594.5312 72.6172 0.6055 510.1562
594.5312 35.4297 0.3008 510.1562
453.9062 72.6172 0.3008 510.1562
453.9062 35.4297 0.6055 510.1562
453.9062 35.4297 0.3008 177.3438
453.9062 35.4297 0.3008 510.1562
444.5312 20.1172 0.3555 627.3438
603.9062 20.1172 0.3555 627.3438
444.5312 17.9297 0.3555 627.3438
444.5312 20.1172 0.5508 627.3438
444.5312 20.1172 0.3555 660.1562
444.5312 17.9297 0.5508 660.1562
603.9062 20.1172 0.5508 660.1562
603.9062 17.9297 0.3555 660.1562
603.9062 17.9297 0.5508 627.3438
603.9062 17.9297 0.5508 660.1562
144.5312 55.1172 0.8555 327.3438
303.9062 55.1172 0.8555 327.3438
144.5312 52.9297 0.8555 327.3438
144.5312 55.1172 0.0508 327.3438
144.5312 55.1172 0.8555 360.1562
144.5312 52.9297 0.0508 360.1562
303.9062 55.1172 0.0508 360.1562
303.9062 52.9297 0.8555 360.1562
303.9062 52.9297 0.0508 327.3438
303.9062 52.9297 0.0508 360.1562
163.2812 22.3047 0.1992 458.5938
510.1562 22.3047 0.1992 458.5938
163.2812 33.2422 0.1992 458.5938
163.2812 22.3047 0.3320 458.5938
163.2812 22.3047 0.1992 641.4062
163.2812 33.2422 0.3320 641.4062
510.1562 22.3047 0.3320 641.4062
510.1562 33.2422 0.1992 641.4062
510.1562 33.2422 0.3320 458.5938
510.1562 33.2422 0.3320 641.4062
463.2812 57.3047 0.6992 158.5938
210.1562 57.3047 0.6992 158.5938
463.2812 68.2422 0.6992 158.5938
463.2812 57.3047 0.8320 158.5938
463.2812 57.3047 0.6992 341.4062
463.2812 68.2422 0.8320 341.4062
210.1562 57.3047 0.8320 341.4062
210.1562 68.2422 0.6992 341.4062
210.1562 68.2422 0.8320 158.5938
210.1562 68.2422 0.8320 341.4062
613.2812 39.8047 0.4492 608.5938
360.1562 39.8047 0.4492 608.5938
613.2812 50.7422 0.4492 608.5938
613.2812 39.8047 0.0820 608.5938
613.2812 39.8047 0.4492 191.4062
613.2812 50.7422 0.0820 191.4062
360.1562 39.8047 0.0820 191.4062
360.1562 50.7422 0.4492 191.4062
360.1562 50.7422 0.0820 608.5938
360.1562 50.7422 0.0820 191.4062
313.2812 74.8047 0.9492 308.5938
660.1562 74.8047 0.9492 308.5938
313.2812 15.7422 0.9492 308.5938
313.2812 74.8047 0.5820 308.5938
313.2812 74.8047 0.9492 491.4062
313.2812 15.7422 0.5820 491.4062
660.1562 74.8047 0.5820 491.4062
660.1562 15.7422 0.9492 491.4062
660.1562 15.7422 0.5820 308.5938
660.1562 15.7422 0.5820 491.4062
388.2812 31.0547 0.5742 383.5938
585.1562 31.0547 0.5742 383.5938
388.2812 41.9922 0.5742 383.5938
388.2812 31.0547 0.2070 383.5938
388.2812 31.0547 0.5742 116.4062
388.2812 41.9922 0.2070 116.4062
585.1562 31.0547 0.2070 116.4062
585.1562 41.9922 0.5742 116.4062
585.1562 41.9922 0.2070 383.5938
585.1562 41.9922 0.2070 116.4062
688.2812 66.0547 0.0742 683.5938
285.1562 66.0547 0.0742 683.5938
688.2812 76.9922 0.0742 683.5938
688.2812 66.0547 0.7070 683.5938
688.2812 66.0547 0.0742 416.4062
688.2812 76.9922 0.7070 416.4062
285.1562 66.0547 0.7070 416.4062
285.1562 76.9922 0.0742 416.4062
285.1562 76.9922 0.7070 683.5938
285.1562 76.9922 0.7070 416.4062
538.2812 13.5547 0.8242 233.5938
135.1562 13.5547 0.8242 233.5938
538.2812 59.4922 0.8242 233.5938
538.2812 13.5547 0.4570 233.5938
538.2812 13.5547 0.8242 566.4062
538.2812 59.4922 0.4570 566.4062
135.1562 13.5547 0.4570 566.4062
135.1562 59.4922 0.8242 566.4062
135.1562 59.4922 0.4570 233.5938
135.1562 59.4922 0.4570 566.4062
238.2812 48.5547 0.3242 533.5938
435.1562 48.5547 0.3242 533.5938
238.2812 24.4922 0.3242 533.5938
238.2812 48.5547 0.9570 533.5938
238.2812 48.5547 0.3242 266.4062
238.2812 24.4922 0.9570 266.4062
435.1562 48.5547 0.9570 266.4062
435.1562 24.4922 0.3242 266.4062
435.1562 24.4922 0.9570 533.5938
435.1562 24.4922 0.9570 266.4062
200.7812 44.1797 0.7617 646.0938
247.6562 44.1797 0.7617 646.0938
200.7812 11.3672 0.7617 646.0938
200.7812 44.1797 0.1445 646.0938
200.7812 44.1797 0.7617 153.9062
200.7812 11.3672 0.1445 153.9062
247.6562 44.1797 0.1445 153.9062
247.6562 11.3672 0.7617 153.9062
247.6562 11.3672 0.1445 646.0938
247.6562 11.3672 0.1445 153.9062
500.7812 79.1797 0.2617 346.0938
547.6562 79.1797 0.2617 346.0938
500.7812 46.3672 0.2617 346.0938
500.7812 79.1797 0.6445 346.0938
500.7812 79.1797 0.2617 453.9062
500.7812 46.3672 0.6445 453.9062
547.6562 79.1797 0.6445 453.9062
547.6562 46.3672 0.2617 453.9062
547.6562 46.3672 0.6445 346.0938
547.6562 46.3672 0.6445 453.9062
650.7812 26.6797 0.5117 496.0938
697.6562 26.6797 0.5117 496.0938
650.7812 63.8672 0.5117 496.0938
650.7812 26.6797 0.3945 496.0938
650.7812 26.6797 0.5117 603.9062
650.7812 63.8672 0.3945 603.9062
697.6562 26.6797 0.3945 603.9062
697.6562 63.8672 0.5117 603.9062
697.6562 63.8672 0.3945 496.0938
697.6562 63.8672 0.3945 603.9062
350.7812 61.6797 0.0117 196.0938
397.6562 61.6797 0.0117 196.0938
350.7812 28.8672 0.0117 196.0938
350.7812 61.6797 0.8945 196.0938
350.7812 61.6797 0.0117 303.9062
350.7812 28.8672 0.8945 303.9062
397.6562 61.6797 0.8945 303.9062
397.6562 28.8672 0.0117 303.9062
397.6562 28.8672 0.8945 196.0938
397.6562 28.8672 0.8945 303.9062
275.7812 17.9297 0.3867 121.0938
322.6562 17.9297 0.3867 121.0938
275.7812 20.1172 0.3867 121.0938
275.7812 17.9297 0.2695 121.0938
275.7812 17.9297 0.3867 678.9062
275.7812 20.1172 0.2695 678.9062
322.6562 17.9297 0.2695 678.9062
322.6562 20.1172 0.3867 678.9062
322.6562 20.1172 0.2695 121.0938
322.6562 20.1172 0.2695 678.9062
575.7812 52.9297 0.8867 421.0938
622.6562 52.9297 0.8867 421.0938
575.7812 55.1172 0.8867 421.0938
575.7812 52.9297 0.7695 421.0938
575.7812 52.9297 0.8867 378.9062
575.7812 55.1172 0.7695 378.9062
622.6562 52.9297 0.7695 378.9062
622.6562 55.1172 0.8867 378.9062
622.6562 55.1172 0.7695 421.0938
622.6562 55.1172 0.7695 378.9062
425.7812 35.4297 0.1367 271.0938
472.6562 35.4297 0.1367 271.0938
425.7812 72.6172 0.1367 271.0938
425.7812 35.4297 0.0195 271.0938
425.7812 35.4297 0.1367 228.9062
425.7812 72.6172 0.0195 228.9062
472.6562 35.4297 0.0195 228.9062
472.6562 72.6172 0.1367 228.9062
472.6562 72.6172 0.0195 271.0938
472.6562 72.6172 0.0195 228.9062
125.7812 70.4297 0.6367 571.0938
172.6562 70.4297 0.6367 571.0938
125.7812 37.6172 0.6367 571.0938
125.7812 70.4297 0.5195 571.0938
125.7812 70.4297 0.6367 528.9062
125.7812 37.6172 0.5195 528.9062
172.6562 70.4297 0.5195 528.9062
172.6562 37.6172 0.6367 528.9062
172.6562 37.6172 0.5195 571.0938
172.6562 37.6172 0.5195 528.9062
135.1562 14.6484 0.9961 542.9688
557.0312 14.6484 0.9961 542.9688
135.1562 27.7734 0.9961 542.9688
135.1562 14.6484 0.0664 542.9688
135.1562 14.6484 0.9961 444.5312
135.1562 27.7734 0.0664 444.5312
557.0312 14.6484 0.0664 444.5312
557.0312 27.7734 0.9961 444.5312
557.0312 27.7734 0.0664 542.9688
557.0312 27.7734 0.0664 444.5312
435.1562 49.6484 0.4961 242.9688
257.0312 49.6484 0.4961 242.9688
435.1562 62.7734 0.4961 242.9688
435.1562 49.6484 0.5664 242.9688
435.1562 49.6484 0.4961 144.5312
435.1562 62.7734 0.5664 144.5312
257.0312 49.6484 0.5664 144.5312
257.0312 62.7734 0.4961 144.5312
257.0312 62.7734 0.5664 242.9688
257.0312 62.7734 0.5664 144.5312
585.1562 32.1484 0.7461 692.9688
107.0312 32.1484 0.7461 692.9688
585.1562 45.2734 0.7461 692.9688
585.1562 32.1484 0.3164 692.9688
585.1562 32.1484 0.7461 294.5312
585.1562 45.2734 0.3164 294.5312
107.0312 32.1484 0.3164 294.5312
107.0312 45.2734 0.7461 294.5312
107.0312 45.2734 0.3164 692.9688
107.0312 45.2734 0.3164 294.5312
285.1562 67.1484 0.2461 392.9688
407.0312 67.1484 0.2461 392.9688
285.1562 10.2734 0.2461 392.9688
285.1562 67.1484 0.8164 392.9688
285.1562 67.1484 0.2461 594.5312
285.1562 10.2734 0.8164 594.5312
407.0312 67.1484 0.8164 594.5312
407.0312 10.2734 0.2461 594.5312
407.0312 10.2734 0.8164 392.9688
407.0312 10.2734 0.8164 594.5312
360.1562 40.8984 0.3711 317.9688
482.0312 40.8984 0.3711 317.9688
360.1562 36.5234 0.3711 317.9688
360.1562 40.8984 0.4414 317.9688
360.1562 40.8984 0.3711 369.5312
360.1562 36.5234 0.4414 369.5312
482.0312 40.8984 0.4414 369.5312
482.0312 36.5234 0.3711 369.5312
482.0312 36.5234 0.4414 317.9688
482.0312 36.5234 0.4414 369.5312
660.1562 75.8984 0.8711 617.9688
182.0312 75.8984 0.8711 617.9688
660.1562 71.5234 0.8711 617.9688
660.1562 75.8984 0.9414 617.9688
660.1562 75.8984 0.8711 669.5312
660.1562 71.5234 0.9414 669.5312
182.0312 75.8984 0.9414 669.5312
182.0312 71.5234 0.8711 669.5312
182.0312 71.5234 0.9414 617.9688
182.0312 71.5234 0.9414 669.5312
510.1562 23.3984 0.1211 167.9688
332.0312 23.3984 0.1211 167.9688
510.1562 54.0234 0.1211 167.9688
510.1562 23.3984 0.1914 167.9688
510.1562 23.3984 0.1211 519.5312
510.1562 54.0234 0.1914 519.5312
332.0312 23.3984 0.1914 519.5312
332.0312 54.0234 0.1211 519.5312
332.0312 54.0234 0.1914 167.9688
332.0312 54.0234 0.1914 519.5312
210.1562 58.3984 0.6211 467.9688
632.0312 58.3984 0.6211 467.9688
210.1562 19.0234 0.6211 467.9688
210.1562 58.3984 0.6914 467.9688
210.1562 58.3984 0.6211 219.5312
210.1562 19.0234 0.6914 219.5312
632.0312 58.3984 0.6914 219.5312
632.0312 19.0234 0.6211 219.5312
632.0312 19.0234 0.6914 467.9688
632.0312 19.0234 0.6914 219.5312
247.6562 27.7734 0.0586 580.4688
294.5312 27.7734 0.0586 580.4688
247.6562 14.6484 0.0586 580.4688
247.6562 27.7734 0.3789 580.4688
247.6562 27.7734 0.0586 332.0312
247.6562 14.6484 0.3789 332.0312
294.5312 27.7734 0.3789 332.0312
294.5312 14.6484 0.0586 332.0312
294.5312 14.6484 0.3789 580.4688
294.5312 14.6484 0.3789 332.0312
547.6562 62.7734 0.5586 280.4688
594.5312 62.7734 0.5586 280.4688
547.6562 49.6484 0.5586 280.4688
547.6562 62.7734 0.8789 280.4688
547.6562 62.7734 0.5586 632.0312
547.6562 49.6484 0.8789 632.0312
594.5312 62.7734 0.8789 632.0312
594.5312 49.6484 0.5586 632.0312
594.5312 49.6484 0.8789 280.4688
594.5312 49.6484 0.8789 632.0312
697.6562 10.2734 0.3086 430.4688
444.5312 10.2734 0.3086 430.4688
697.6562 67.1484 0.3086 430.4688
697.6562 10.2734 0.1289 430.4688
697.6562 10.2734 0.3086 482.0312
697.6562 67.1484 0.1289 482.0312
444.5312 10.2734 0.1289 482.0312
444.5312 67.1484 0.3086 482.0312
444.5312 67.1484 0.1289 430.4688
444.5312 67.1484 0.1289 482.0312
397.6562 45.2734 0.8086 130.4688
144.5312 45.2734 0.8086 130.4688
397.6562 32.1484 0.8086 130.4688
397.6562 45.2734 0.6289 130.4688
397.6562 45.2734 0.8086 182.0312
397.6562 32.1484 0.6289 182.0312
144.5312 45.2734 0.6289 182.0312
144.5312 32.1484 0.8086 182.0312
144.5312 32.1484 0.6289 130.4688
144.5312 32.1484 0.6289 182.0312
322.6562 19.0234 0.6836 205.4688
219.5312 19.0234 0.6836 205.4688
322.6562 23.3984 0.6836 205.4688
322.6562 19.0234 0.0039 205.4688
322.6562 19.0234 0.6836 407.0312
322.6562 23.3984 0.0039 407.0312
219.5312 19.0234 0.0039 407.0312
219.5312 23.3984 0.6836 407.0312
219.5312 23.3984 0.0039 205.4688
219.5312 23.3984 0.0039 407.0312
622.6562 54.0234 0.1836 505.4688
519.5312 54.0234 0.1836 505.4688
622.6562 58.3984 0.1836 505.4688
622.6562 54.0234 0.5039 505.4688
622.6562 54.0234 0.1836 107.0312
622.6562 58.3984 0.5039 107.0312
519.5312 54.0234 0.5039 107.0312
519.5312 58.3984 0.1836 107.0312
519.5312 58.3984 0.5039 505.4688
519.5312 58.3984 0.5039 107.0312
472.6562 36.5234 0.9336 355.4688
669.5312 36.5234 0.9336 355.4688
472.6562 75.8984 0.9336 355.4688
472.6562 36.5234 0.2539 355.4688
472.6562 36.5234 0.9336 257.0312
472.6562 75.8984 0.2539 257.0312
669.5312 36.5234 0.2539 257.0312
669.5312 75.8984 0.9336 257.0312
669.5312 75.8984 0.2539 355.4688
669.5312 75.8984 0.2539 257.0312
172.6562 71.5234 0.4336 655.4688
369.5312 71.5234 0.4336 655.4688
172.6562 40.8984 0.4336 655.4688
172.6562 71.5234 0.7539 655.4688
172.6562 71.5234 0.4336 557.0312
172.6562 40.8984 0.7539 557.0312
369.5312 71.5234 0.7539 557.0312
369.5312 40.8984 0.4336 557.0312
369.5312 40.8984 0.7539 655.4688
369.5312 40.8984 0.7539 557.0312
153.9062 38.7109 0.5273 149.2188
425.7812 38.7109 0.5273 149.2188
153.9062 60.5859 0.5273 149.2188
153.9062 38.7109 0.5977 149.2188
153.9062 38.7109 0.5273 275.7812
153.9062 60.5859 0.5977 275.7812
425.7812 38.7109 0.5977 275.7812
425.7812 60.5859 0.5273 275.7812
425.7812 60.5859 0.5977 149.2188
425.7812 60.5859 0.5977 275.7812
453.9062 73.7109 0.0273 449.2188
125.7812 73.7109 0.0273 449.2188
453.9062 25.5859 0.0273 449.2188
453.9062 73.7109 0.0977 449.2188
453.9062 73.7109 0.0273 575.7812
453.9062 25.5859 0.0977 575.7812
125.7812 73.7109 0.0977 575.7812
125.7812 25.5859 0.0273 575.7812
125.7812 25.5859 0.0977 449.2188
125.7812 25.5859 0.0977 575.7812
603.9062 21.2109 0.7773 299.2188
275.7812 21.2109 0.7773 299.2188
603.9062 43.0859 0.7773 299.2188
603.9062 21.2109 0.8477 299.2188
603.9062 21.2109 0.7773 425.7812
603.9062 43.0859 0.8477 425.7812
275.7812 21.2109 0.8477 425.7812
275.7812 43.0859 0.7773 425.7812
275.7812 43.0859 0.8477 299.2188
275.7812 43.0859 0.8477 425.7812
303.9062 56.2109 0.2773 599.2188
575.7812 56.2109 0.2773 599.2188
303.9062 78.0859 0.2773 599.2188
303.9062 56.2109 0.3477 599.2188
303.9062 56.2109 0.2773 125.7812
303.9062 78.0859 0.3477 125.7812
575.7812 56.2109 0.3477 125.7812
575.7812 78.0859 0.2773 125.7812
575.7812 78.0859 0.3477 599.2188
575.7812 78.0859 0.3477 125.7812
378.9062 12.4609 0.1523 674.2188
650.7812 12.4609 0.1523 674.2188
378.9062 51.8359 0.1523 674.2188
378.9062 12.4609 0.9727 674.2188
378.9062 12.4609 0.1523 500.7812
378.9062 51.8359 0.9727 500.7812
650.7812 12.4609 0.9727 500.7812
650.7812 51.8359 0.1523 500.7812
650.7812 51.8359 0.9727 674.2188
650.7812 51.8359 0.9727 500.7812
678.9062 47.4609 0.6523 374.2188
350.7812 47.4609 0.6523 374.2188
678.9062 16.8359 0.6523 374.2188
678.9062 47.4609 0.4727 374.2188
678.9062 47.4609 0.6523 200.7812
678.9062 16.8359 0.4727 200.7812
350.7812 47.4609 0.4727 200.7812
350.7812 16.8359 0.6523 200.7812
350.7812 16.8359 0.4727 374.2188
350.7812 16.8359 0.4727 200.7812
528.9062 29.9609 0.4023 524.2188
200.7812 29.9609 0.4023 524.2188
528.9062 34.3359 0.4023 524.2188
528.9062 29.9609 0.7227 524.2188
528.9062 29.9609 0.4023 350.7812
528.9062 34.3359 0.7227 350.7812
200.7812 29.9609 0.7227 350.7812
200.7812 34.3359 0.4023 350.7812
200.7812 34.3359 0.7227 524.2188
200.7812 34.3359 0.7227 350.7812
228.9062 64.9609 0.9023 224.2188
500.7812 64.9609 0.9023 224.2188
228.9062 69.3359 0.9023 224.2188
228.9062 64.9609 0.2227 224.2188
228.9062 64.9609 0.9023 650.7812
228.9062 69.3359 0.2227 650.7812
500.7812 64.9609 0.2227 650.7812
500.7812 69.3359 0.9023 650.7812
500.7812 69.3359 0.2227 224.2188
500.7812 69.3359 0.2227 650.7812
191.4062 25.5859 0.4648 336.7188
163.2812 25.5859 0.4648 336.7188
191.4062 73.7109 0.4648 336.7188
191.4062 25.5859 0.9102 336.7188
191.4062 25.5859 0.4648 538.2812
191.4062 73.7109 0.9102 538.2812
163.2812 25.5859 0.9102 538.2812
163.2812 73.7109 0.4648 538.2812
163.2812 73.7109 0.9102 336.7188
163.2812 73.7109 0.9102 538.2812
491.4062 60.5859 0.9648 636.7188
463.2812 60.5859 0.9648 636.7188
491.4062 38.7109 0.9648 636.7188
491.4062 60.5859 0.4102 636.7188
491.4062 60.5859 0.9648 238.2812
491.4062 38.7109 0.4102 238.2812
463.2812 60.5859 0.4102 238.2812
463.2812 38.7109 0.9648 238.2812
463.2812 38.7109 0.4102 636.7188
463.2812 38.7109 0.4102 238.2812
641.4062 43.0859 0.2148 186.7188
613.2812 43.0859 0.2148 186.7188
641.4062 21.2109 0.2148 186.7188
641.4062 43.0859 0.6602 186.7188
641.4062 43.0859 0.2148 388.2812
641.4062 21.2109 0.6602 388.2812
613.2812 43.0859 0.6602 388.2812
613.2812 21.2109 0.2148 388.2812
613.2812 21.2109 0.6602 186.7188
613.2812 21.2109 0.6602 388.2812
341.4062 78.0859 0.7148 486.7188
313.2812 78.0859 0.7148 486.7188
341.4062 56.2109 0.7148 486.7188
341.4062 78.0859 0.1602 486.7188
341.4062 78.0859 0.7148 688.2812
341.4062 56.2109 0.1602 688.2812
313.2812 78.0859 0.1602 688.2812
313.2812 56.2109 0.7148 688.2812
313.2812 56.2109 0.1602 486.7188
313.2812 56.2109 0.1602 688.2812
266.4062 34.3359 0.8398 411.7188
388.2812 34.3359 0.8398 411.7188
266.4062 64.9609 0.8398 411.7188
266.4062 34.3359 0.5352 411.7188
266.4062 34.3359 0.8398 313.2812
266.4062 64.9609 0.5352 313.2812
388.2812 34.3359 0.5352 313.2812
388.2812 64.9609 0.8398 313.2812
388.2812 64.9609 0.5352 411.7188
388.2812 64.9609 0.5352 313.2812
566.4062 69.3359 0.3398 111.7188
688.2812 69.3359 0.3398 111.7188
566.4062 29.9609 0.3398 111.7188
566.4062 69.3359 0.0352 111.7188
566.4062 69.3359 0.3398 613.2812
566.4062 29.9609 0.0352 613.2812
688.2812 69.3359 0.0352 613.2812
688.2812 29.9609 0.3398 613.2812
688.2812 29.9609 0.0352 111.7188
688.2812 29.9609 0.0352 613.2812
416.4062 16.8359 0.5898 561.7188
538.2812 16.8359 0.5898 561.7188
416.4062 12.4609 0.5898 561.7188
416.4062 16.8359 0.7852 561.7188
416.4062 16.8359 0.5898 463.2812
416.4062 12.4609 0.7852 463.2812
538.2812 16.8359 0.7852 463.2812
538.2812 12.4609 0.5898 463.2812
538.2812 12.4609 0.7852 561.7188
538.2812 12.4609 0.7852 463.2812
116.4062 51.8359 0.0898 261.7188
238.2812 51.8359 0.0898 261.7188
116.4062 47.4609 0.0898 261.7188
116.4062 51.8359 0.2852 261.7188
116.4062 51.8359 0.0898 163.2812
116.4062 47.4609 0.2852 163.2812
238.2812 51.8359 0.2852 163.2812
238.2812 47.4609 0.0898 163.2812
238.2812 47.4609 0.2852 261.7188
238.2812 47.4609 0.2852 163.2812
111.7188 23.9453 0.5977 641.4062
252.3438 23.9453 0.5977 641.4062
111.7188 70.9766 0.5977 641.4062
111.7188 23.9453 0.4648 641.4062
111.7188 23.9453 0.5977 121.0938
111.7188 70.9766 0.4648 121.0938
252.3438 23.9453 0.4648 121.0938
252.3438 70.9766 0.5977 121.0938
252.3438 70.9766 0.4648 641.4062
252.3438 70.9766 0.4648 121.0938
411.7188 58.9453 0.0977 341.4062
552.3438 58.9453 0.0977 341.4062
411.7188 35.9766 0.0977 341.4062
411.7188 58.9453 0.9648 341.4062
411.7188 58.9453 0.0977 421.0938
411.7188 35.9766 0.9648 421.0938
552.3438 58.9453 0.9648 421.0938
552.3438 35.9766 0.0977 421.0938
552.3438 35.9766 0.9648 341.4062
552.3438 35.9766 0.9648 421.0938
561.7188 41.4453 0.8477 491.4062
402.3438 41.4453 0.8477 491.4062
561.7188 18.4766 0.8477 491.4062
561.7188 41.4453 0.2148 491.4062
561.7188 41.4453 0.8477 571.0938
561.7188 18.4766 0.2148 571.0938
402.3438 41.4453 0.2148 571.0938
402.3438 18.4766 0.8477 571.0938
402.3438 18.4766 0.2148 491.4062
402.3438 18.4766 0.2148 571.0938
261.7188 76.4453 0.3477 191.4062
102.3438 76.4453 0.3477 191.4062
261.7188 53.4766 0.3477 191.4062
261.7188 76.4453 0.7148 191.4062
261.7188 76.4453 0.3477 271.0938
261.7188 53.4766 0.7148 271.0938
102.3438 76.4453 0.7148 271.0938
102.3438 53.4766 0.3477 271.0938
102.3438 53.4766 0.7148 191.4062
102.3438 53.4766 0.7148 271.0938
336.7188 32.6953 0.2227 116.4062
177.3438 32.6953 0.2227 116.4062
336.7188 79.7266 0.2227 116.4062
336.7188 32.6953 0.0898 116.4062
336.7188 32.6953 0.2227 646.0938
336.7188 79.7266 0.0898 646.0938
177.3438 32.6953 0.0898 646.0938
177.3438 79.7266 0.2227 646.0938
177.3438 79.7266 0.0898 116.4062
177.3438 79.7266 0.0898 646.0938
636.7188 67.6953 0.7227 416.4062
477.3438 67.6953 0.7227 416.4062
636.7188 44.7266 0.7227 416.4062
636.7188 67.6953 0.5898 416.4062
636.7188 67.6953 0.7227 346.0938
636.7188 44.7266 0.5898 346.0938
477.3438 67.6953 0.5898 346.0938
477.3438 44.7266 0.7227 346.0938
477.3438 44.7266 0.5898 416.4062
477.3438 44.7266 0.5898 346.0938
486.7188 15.1953 0.4727 266.4062
627.3438 15.1953 0.4727 266.4062
486.7188 27.2266 0.4727 266.4062
486.7188 15.1953 0.3398 266.4062
486.7188 15.1953 0.4727 196.0938
486.7188 27.2266 0.3398 196.0938
627.3438 15.1953 0.3398 196.0938
627.3438 27.2266 0.4727 196.0938
627.3438 27.2266 0.3398 266.4062
627.3438 27.2266 0.3398 196.0938
186.7188 50.1953 0.9727 566.4062
327.3438 50.1953 0.9727 566.4062
186.7188 62.2266 0.9727 566.4062
186.7188 50.1953 0.8398 566.4062
186.7188 50.1953 0.9727 496.0938
186.7188 62.2266 0.8398 496.0938
327.3438 50.1953 0.8398 496.0938
327.3438 62.2266 0.9727 496.0938
327.3438 62.2266 0.8398 566.4062
327.3438 62.2266 0.8398 496.0938
