50.00000000 126.75468507
50.00000000 130.11451461
50.00000000 120.73285074
50.00000000 122.21987595
50.00000000 125.46925010
50.00000000 121.77353982
50.00000000 125.96506222
50.00000000 122.26790156
50.00000000 130.23590516
50.00000000 124.29014636
50.00000000 121.14556823
50.00000000 124.33213388
200.00000000 451.52897908
200.00000000 450.58153379
200.00000000 450.80378880
200.00000000 451.50852914
200.00000000 451.01483505
200.00000000 450.90059394
200.00000000 451.47745945
200.00000000 451.26110492
200.00000000 451.74830365
200.00000000 451.20961094
200.00000000 451.06172203
200.00000000 452.99412218
275.00000000 270.72568910
275.00000000 270.15706938
275.00000000 271.18045526
226.40000000 22471.23259609
275.00000000 271.44638371
275.00000000 271.30139364
225.80000000 22721.85002721
225.80000000 22752.35809193
275.00000000 270.72648578
226.30000000 22561.42921856
226.50000000 22653.10717181
226.20000000 22661.39145095
125.00000000 621.30267250
125.00000000 620.45717541
125.00000000 621.07802303
125.00000000 269.74272110
125.00000000 620.77538618
125.00000000 621.04038716
125.00000000 272.36776537
125.00000000 272.01028633
125.00000000 620.26240201
125.00000000 271.11093180
125.00000000 271.49037584
125.00000000 269.96252635
162.50000000 529.31930304
162.50000000 531.71888635
162.50000000 531.47579704
162.50000000 711.02646986
162.50000000 530.85421578
237.50000000 530.76442446
197.50000000 8098.61147463
197.70000000 8103.21064384
237.50000000 531.32889828
198.10000000 8098.75492918
162.50000000 711.39640065
197.40000000 8076.55238130
312.50000000 179.99981303
312.50000000 180.01515128
312.50000000 181.08353224
312.50000000 361.78586417
312.50000000 180.32484100
87.50000000 179.87621896
87.50000000 360.85038106
87.50000000 358.47458203
87.50000000 183.07167203
87.50000000 362.69283097
312.50000000 359.58164870
87.50000000 362.25026187
197.90000000 21536.07354310
197.20000000 45276.47895186
197.40000000 21673.33281925
237.50000000 182.19985199
197.60000000 21645.35345213
196.90000000 10825.79747533
162.50000000 179.56087688
162.50000000 180.01640606
197.30000000 43329.96143242
162.50000000 181.59265850
237.50000000 179.93878881
162.50000000 181.57157317
87.50000000 360.68958449
87.50000000 362.47846956
87.50000000 359.67651018
87.50000000 529.83765522
87.50000000 360.24195406
312.50000000 359.36843841
263.60000000 7334.75427276
264.80000000 7219.09992777
312.50000000 359.30103309
264.70000000 7290.87724245
87.50000000 530.84888958
264.10000000 7320.72432399
186.60000000 7078.11540610
187.20000000 7122.48982786
187.00000000 7213.88003921
187.20000000 7103.73370217
186.70000000 7235.98875529
143.80000000 750.66111807
143.80000000 753.46582093
143.80000000 750.58385077
143.80000000 752.13362116
143.80000000 751.80986338
186.80000000 7171.07509844
143.80000000 750.65898871
68.80000000 400.53505329
68.80000000 401.77292712
68.80000000 403.16253380
68.80000000 400.93955487
68.80000000 398.61990616
293.80000000 399.84593957
293.80000000 401.32440375
293.80000000 399.71308996
293.80000000 401.61541534
293.80000000 400.86169887
68.80000000 400.80482584
293.80000000 400.33392156
242.20000000 19151.35522926
143.80000000 580.60169650
241.80000000 19098.28127422
143.80000000 230.85169677
242.00000000 18949.09428723
242.40000000 27991.09467300
218.80000000 230.75058679
218.80000000 231.44865215
218.80000000 579.96789889
218.80000000 229.75279987
143.80000000 231.71005266
218.80000000 231.20481587
293.80000000 230.20047614
293.80000000 230.60339464
293.80000000 229.80820783
242.00000000 8394.07261491
293.80000000 230.35561531
68.80000000 227.53268367
68.80000000 579.98095786
68.80000000 579.66930771
68.80000000 232.37535258
68.80000000 584.06498295
242.30000000 8412.93314576
68.80000000 578.57951833
331.30000000 311.59884347
331.30000000 309.90858587
331.30000000 311.11444176
331.30000000 141.37156530
331.30000000 311.02019482
331.30000000 309.86537537
331.30000000 139.70416556
331.30000000 141.19560736
331.30000000 310.22794040
331.30000000 140.51094082
331.30000000 140.21253744
331.30000000 139.56072837
212.20000000 28357.72601604
211.80000000 42018.65060529
212.30000000 28270.53932927
181.30000000 491.21747068
212.80000000 28149.93678323
212.40000000 28295.30848656
181.30000000 489.52650319
209.90000000 1650.64260657
212.40000000 42001.80650702
211.30000000 1754.31504702
212.20000000 1838.30991935
211.10000000 1746.53471098
106.30000000 140.82182341
106.30000000 140.69791944
106.30000000 140.15819479
106.30000000 664.28041221
106.30000000 142.27393198
106.30000000 141.22131010
106.30000000 661.33218094
133.20000000 2457.85038321
106.30000000 140.22814665
133.20000000 2489.10335036
133.00000000 2472.43645540
134.20000000 2560.57699130
256.30000000 491.66878540
256.30000000 490.81469944
256.30000000 492.37124043
256.30000000 310.78331298
256.30000000 491.89655506
256.30000000 491.62213605
256.30000000 310.66306037
256.30000000 310.87656551
256.30000000 490.86914218
256.30000000 309.50364452
256.30000000 309.38629299
256.30000000 309.86348512
134.40000000 419.35094489
134.40000000 420.63733891
134.40000000 420.16515974
134.40000000 691.10042535
134.40000000 420.39025736
96.90000000 420.34813680
96.90000000 690.10262413
203.80000000 47232.53164410
96.90000000 421.69134836
202.60000000 47270.61086035
203.50000000 48506.37320281
203.50000000 47102.47720750
182.30000000 29621.40627024
182.20000000 19004.01269054
284.40000000 297.97786756
284.40000000 341.18288842
182.10000000 29510.32119364
182.00000000 27259.80537984
246.90000000 317.87464695
246.90000000 341.13099174
246.90000000 342.17488539
246.90000000 317.33097235
284.40000000 282.46970048
246.90000000 318.04345682
209.40000000 250.53635850
209.40000000 251.47506052
209.40000000 251.67131038
209.40000000 161.34354483
209.40000000 250.54013116
321.80000000 250.68442882
321.80000000 161.11553157
321.80000000 160.79358766
321.80000000 250.33572846
321.80000000 159.94308682
209.40000000 159.49994554
321.80000000 160.91533544
59.40000000 602.14722579
59.40000000 602.80398208
59.40000000 599.98984517
59.40000000 511.88354666
59.40000000 601.15877940
171.90000000 600.20659772
171.90000000 511.76989072
171.90000000 510.88189846
197.80000000 2293.11432094
171.90000000 509.57784366
59.40000000 511.13717022
171.90000000 509.56186579
96.90000000 689.95284185
203.40000000 28440.48881477
96.90000000 691.74822881
96.90000000 254.11939630
96.90000000 689.96854164
203.20000000 2001.04071903
209.40000000 250.42368168
209.40000000 249.57007219
203.20000000 38925.95523038
209.40000000 250.73479029
96.90000000 249.33213091
209.40000000 251.24074030
246.90000000 341.30994925
246.90000000 341.58967839
246.90000000 341.83243185
234.20000000 36804.71012754
246.90000000 339.87348533
59.40000000 346.22844254
160.50000000 16716.06141243
59.40000000 601.33717514
59.40000000 341.22112994
59.40000000 600.95455266
234.00000000 2963.67699237
59.40000000 600.33279575
274.90000000 7081.76394468
275.00000000 6896.67464224
274.80000000 6981.65944057
182.10000000 41014.95955212
275.70000000 6942.57465589
134.40000000 511.45756917
182.00000000 32786.03182629
134.40000000 771.61488548
134.40000000 511.58535823
134.40000000 770.73002020
182.50000000 19887.83853155
134.40000000 771.62459695
171.90000000 161.54271738
171.90000000 160.17419613
171.90000000 159.96706549
171.90000000 421.48793408
171.90000000 160.34281649
284.40000000 160.47562541
284.40000000 420.46179520
284.40000000 421.39470228
284.40000000 160.37332332
284.40000000 420.84029263
171.90000000 421.44682733
284.40000000 421.81773594
298.00000000 1097.98294212
297.70000000 1282.62365798
297.50000000 1190.74480176
303.10000000 201.56863960
298.20000000 1142.75403926
190.60000000 470.21910536
190.60000000 201.05700371
190.60000000 203.24700401
190.60000000 470.02458782
190.60000000 201.63043525
303.10000000 199.60140526
190.60000000 199.96834264
153.10000000 119.26441121
153.10000000 119.78732822
153.10000000 120.64258974
153.10000000 549.77561847
153.10000000 120.60260234
340.60000000 118.99430037
255.90000000 11627.34076113
255.70000000 11643.74642904
340.60000000 120.45605267
254.40000000 11680.38837478
153.10000000 551.34005386
254.90000000 11727.17815490
186.00000000 20849.31274010
78.10000000 642.25599117
185.60000000 20752.43734263
192.10000000 46472.14936274
185.70000000 20938.71979203
219.00000000 38858.29774463
192.60000000 50433.95119098
191.30000000 13004.28580365
218.90000000 8393.72440262
191.50000000 12947.17132547
78.10000000 727.98058756
190.90000000 13066.24910884
228.10000000 289.03781663
228.10000000 290.51948226
228.10000000 291.09050100
228.10000000 380.52810480
228.10000000 290.61938611
115.60000000 291.07301757
115.60000000 380.26433496
115.60000000 379.34225775
115.60000000 292.10944476
115.60000000 381.41470765
228.10000000 379.94017853
115.60000000 382.74851237
265.60000000 201.14313554
265.60000000 200.77087045
265.60000000 202.17383134
219.20000000 8431.24451645
265.60000000 200.50955765
303.10000000 200.89978522
219.40000000 12898.03947680
219.60000000 12911.17041317
303.10000000 201.22584989
218.90000000 12871.04369164
218.70000000 8428.66234309
219.20000000 12918.03070850
115.60000000 550.91766594
115.60000000 550.78626738
115.60000000 549.47686186
115.60000000 291.39114140
115.60000000 551.00548502
159.30000000 646.37895295
153.10000000 291.67778526
153.10000000 289.94674121
153.10000000 548.89836712
153.10000000 289.50928114
115.60000000 292.38973165
153.10000000 291.64238147
190.60000000 380.06671939
190.60000000 380.59148892
190.60000000 382.40437078
190.60000000 121.11294401
190.60000000 379.07529297
78.10000000 381.73356053
78.10000000 122.24344158
78.10000000 119.21445495
78.10000000 383.17307840
78.10000000 119.97767265
190.60000000 121.33373321
78.10000000 125.50934810
191.50000000 20009.14703056
191.20000000 42054.74321046
192.30000000 19932.87439512
298.30000000 5895.63006988
192.10000000 19985.65192610
192.30000000 7647.47615403
228.10000000 471.43458339
228.10000000 471.15616577
191.80000000 39329.19604723
228.10000000 470.27374912
299.10000000 5952.10123300
228.10000000 468.95426939
92.20000000 588.87328666
175.60000000 12031.29647571
92.20000000 591.60643453
92.20000000 571.76990763
92.20000000 591.98488780
64.00000000 590.61212798
64.00000000 568.95397245
119.20000000 6406.58403289
136.70000000 9863.10866942
119.10000000 6275.25171013
159.30000000 8114.07623752
119.70000000 6405.63422356
242.20000000 241.08121767
242.20000000 239.30159207
242.20000000 241.33963450
242.20000000 221.64648620
242.20000000 240.39032306
214.00000000 241.08401110
214.00000000 220.18255834
214.00000000 220.44916041
214.00000000 241.38459160
214.00000000 221.26909847
242.20000000 222.05951494
214.00000000 221.12288965
317.20000000 144.97252703
317.20000000 144.57864668
184.90000000 45855.37394143
317.20000000 142.57426129
317.20000000 144.60005225
289.00000000 158.70346021
289.00000000 391.19731141
289.00000000 155.35676009
184.50000000 16733.77382561
289.00000000 391.07577025
317.20000000 391.08003097
289.00000000 391.32872683
167.20000000 410.39924662
167.20000000 411.44873147
167.20000000 409.48582318
167.20000000 738.81514149
167.20000000 411.12572415
139.00000000 411.42522145
139.00000000 740.55978161
189.70000000 19964.52674629
139.00000000 410.58660740
139.00000000 741.10396046
167.20000000 703.28166164
139.00000000 741.66159497
129.70000000 149.46014088
129.70000000 150.20868365
129.70000000 152.62832503
129.70000000 301.82764907
129.70000000 151.58580426
251.50000000 149.97630670
251.50000000 301.34706580
251.50000000 300.82626986
251.50000000 150.80269175
251.50000000 301.71659853
129.70000000 300.18476292
251.50000000 299.67602678
281.00000000 13443.93892169
279.30000000 526.12716860
280.50000000 13533.56329781
216.30000000 41805.89907772
280.30000000 13418.64224593
102.70000000 525.40099176
215.90000000 31180.83719580
101.50000000 651.49153355
101.50000000 502.16094669
101.50000000 652.30757135
215.50000000 10738.09424056
101.50000000 649.73170258
204.70000000 320.15161271
204.70000000 321.49506605
204.70000000 320.71464525
204.70000000 480.14464836
204.70000000 320.12283647
176.50000000 319.42812020
176.50000000 481.92597943
176.50000000 480.82684368
176.50000000 321.69668127
176.50000000 479.18910177
204.70000000 479.43593886
176.50000000 480.24787486
54.70000000 672.14911190
54.70000000 670.28861939
54.70000000 671.34686869
54.70000000 130.22218386
54.70000000 670.90074074
209.00000000 16508.69729497
326.50000000 130.80492321
326.50000000 131.00466177
209.40000000 17733.86263470
326.50000000 131.61491869
54.70000000 132.01117192
326.50000000 131.17876442
260.90000000 282.68514262
260.90000000 281.52016568
260.90000000 280.86930168
260.90000000 350.14604288
260.90000000 281.14554316
157.80000000 282.23760561
157.80000000 349.53460555
157.80000000 351.01304303
157.80000000 280.17470360
157.80000000 351.22429737
260.90000000 350.09002956
157.80000000 349.84992162
142.80000000 2840.90987402
111.00000000 630.80608722
141.60000000 2746.78893524
186.70000000 14906.73733222
141.80000000 2735.00855651
222.30000000 25239.53645253
200.50000000 34331.18750410
200.60000000 16093.95070738
222.40000000 12913.32097194
201.00000000 16074.39741617
111.00000000 699.93922747
200.90000000 16149.07052236
185.90000000 111.57486885
185.90000000 112.13118179
185.90000000 110.39182752
270.20000000 12455.19192260
185.90000000 110.03460747
232.80000000 111.14591909
270.20000000 19071.63408935
232.80000000 520.49729896
232.80000000 110.34406938
232.80000000 521.40932210
185.90000000 521.86480544
232.80000000 520.82615609
304.70000000 4525.22237843
305.00000000 14078.16502673
305.20000000 4537.55331767
335.90000000 171.64943971
305.20000000 4604.40888981
82.80000000 459.53518849
82.80000000 172.87815896
82.80000000 170.74606685
82.80000000 463.64981599
82.80000000 171.80972181
337.13333333 170.05847567
82.80000000 169.69784959
194.60000000 16089.19004671
195.20000000 26225.31347003
194.20000000 16102.78623865
229.70000000 10689.90739584
194.40000000 16107.95853346
194.50000000 20037.81009182
229.80000000 15465.22620385
230.40000000 16097.04907424
195.10000000 28831.61390179
230.30000000 16044.13031829
230.30000000 11520.51589987
230.00000000 16050.49423338
148.50000000 371.22165057
148.50000000 371.33963672
148.50000000 370.09914294
148.50000000 262.21613777
148.50000000 372.34181250
195.30000000 372.08722401
195.30000000 260.09080019
195.30000000 261.13556848
195.30000000 369.63533403
195.30000000 261.35664533
148.50000000 261.40335619
195.30000000 260.72044648
73.50000000 539.43115591
73.50000000 539.04327862
73.50000000 541.44709001
73.50000000 432.52887819
73.50000000 542.48178620
120.30000000 542.22372080
120.30000000 430.45315664
120.30000000 430.51475826
120.30000000 542.15053772
120.30000000 428.77764643
73.50000000 430.78523921
120.30000000 432.83150944
223.40000000 191.14661979
223.40000000 189.90870567
223.40000000 191.02011254
180.00000000 9367.64154540
223.40000000 190.43636592
270.30000000 190.36895675
179.00000000 15593.17718741
180.20000000 52259.64782141
270.30000000 191.05581182
179.40000000 52255.51858268
179.80000000 52056.31698756
180.00000000 52181.14860946
176.50000000 651.20402209
176.50000000 650.26356224
176.50000000 652.90894805
176.50000000 410.88000800
176.50000000 651.05093912
92.20000000 651.41317949
92.20000000 410.94206405
92.20000000 410.27641592
92.20000000 652.38941287
92.20000000 410.62033661
176.50000000 409.07927450
92.20000000 411.21450740
326.50000000 300.61421871
326.50000000 300.79025504
326.50000000 300.86784771
185.00000000 29543.36996244
326.50000000 302.00222710
242.20000000 303.43761424
184.50000000 24096.15600975
184.50000000 24136.09732247
242.20000000 301.15711958
185.00000000 24008.55765418
184.70000000 29581.35683129
184.70000000 24149.57942977
251.50000000 480.70063500
251.50000000 480.99184889
251.50000000 178.66419920
237.50000000 22389.62413317
251.50000000 481.14560188
291.80000000 5766.54375702
317.20000000 144.30651169
237.80000000 26931.01840068
317.20000000 143.17769478
317.20000000 144.02145399
251.50000000 179.85694523
317.20000000 144.42821445
101.50000000 130.65431955
101.50000000 130.66234413
101.50000000 133.60925832
101.50000000 241.75257232
101.50000000 129.36881744
167.20000000 130.88349200
167.20000000 240.37457436
167.20000000 239.57948105
167.20000000 132.07834888
167.20000000 240.54897584
101.50000000 241.34305804
167.20000000 241.19654209
64.00000000 387.70831426
64.00000000 392.62865766
64.00000000 391.75503854
64.00000000 502.29568071
64.00000000 391.47161859
204.70000000 390.98788624
204.70000000 502.15253345
204.70000000 501.97496780
204.70000000 391.52887878
204.70000000 501.01883929
64.00000000 501.30725275
204.70000000 500.64066477
189.60000000 54587.41724927
189.20000000 32248.06917804
189.50000000 54712.68684405
214.00000000 152.96977371
189.20000000 54468.76005897
189.70000000 53307.33799668
54.70000000 150.07040645
54.70000000 151.62927609
114.90000000 10696.52997042
54.70000000 150.75362434
214.00000000 150.76764059
54.70000000 150.79322186
289.00000000 220.36065137
289.00000000 220.79029042
289.00000000 219.96830133
289.00000000 319.02457691
289.00000000 221.62010826
129.70000000 222.23252693
129.70000000 319.34096811
129.70000000 320.06004878
129.70000000 220.71947115
129.70000000 318.66495816
289.00000000 320.06282651
129.70000000 320.87460513
139.00000000 571.62513511
139.00000000 571.50471772
139.00000000 572.43728948
139.00000000 670.65432301
139.00000000 569.86157942
246.30000000 5872.41875843
209.40000000 11790.52503758
208.90000000 11836.86728530
246.30000000 5801.97384579
209.20000000 11841.41933674
139.00000000 672.20548666
209.80000000 11790.77354457
345.30000000 260.03420071
345.30000000 259.88858630
345.30000000 260.84868072
305.80000000 5617.42774848
345.30000000 261.00073229
185.90000000 260.35499514
185.90000000 461.03276972
185.90000000 461.85330093
185.90000000 259.28273112
185.90000000 461.06449974
305.40000000 5663.97142147
185.90000000 461.08622823
200.60000000 728.51430963
229.40000000 13033.46751968
201.80000000 769.73299200
195.30000000 111.62608389
200.90000000 742.77365867
229.50000000 17566.30617278
335.90000000 111.83661726
335.90000000 110.51203799
229.90000000 26455.91920578
335.90000000 109.61569685
195.30000000 110.57799126
335.90000000 110.16610560
120.30000000 431.67939687
120.30000000 430.56886479
120.30000000 430.86664332
120.30000000 280.40878568
120.30000000 430.96310276
260.90000000 431.97681211
260.90000000 281.04596932
260.90000000 281.17985874
260.90000000 432.32352139
260.90000000 282.15168136
120.30000000 279.33501854
260.90000000 281.04274323
179.50000000 15591.31717543
179.40000000 15554.47728450
179.90000000 15576.68379048
222.60000000 8429.96662163
179.40000000 15620.56185059
111.00000000 781.97626199
111.00000000 630.19606775
111.00000000 630.79947665
111.00000000 782.48724450
111.00000000 629.97822069
222.40000000 8437.82504423
111.00000000 629.49560123
232.80000000 499.92723576
232.80000000 499.70690782
232.80000000 520.86606611
232.80000000 371.49457296
232.80000000 498.48264987
298.40000000 404.93997441
298.40000000 369.79651130
298.40000000 369.15983784
269.70000000 4782.25001574
298.40000000 370.93932553
232.80000000 370.20104742
298.40000000 371.68666141
82.80000000 171.17959536
82.80000000 172.38667097
82.80000000 170.01909240
174.00000000 19802.99001742
82.80000000 171.60007004
148.50000000 171.34571577
194.70000000 30955.32418012
195.10000000 46135.22163464
148.50000000 171.11076375
195.00000000 46088.96101083
194.80000000 42131.56814751
194.30000000 46164.86910248
157.80000000 700.94290901
199.90000000 9572.19571454
157.80000000 701.51957420
157.80000000 538.82112543
157.80000000 702.45025737
73.50000000 704.19431898
73.50000000 542.02781754
73.50000000 542.58418882
90.00000000 1657.27755800
73.50000000 542.38709223
157.80000000 540.86379908
73.50000000 539.91846347
307.80000000 349.34864514
307.80000000 352.41829362
307.80000000 350.63548243
307.80000000 191.60330982
307.80000000 350.21796674
223.40000000 351.21723924
223.40000000 190.68554572
223.40000000 190.51931326
223.40000000 350.49405447
223.40000000 191.41537191
307.80000000 189.97234539
223.40000000 192.24595235
209.90000000 6945.76230047
209.70000000 6984.10793193
209.00000000 7021.57598467
244.60000000 239.54652522
208.80000000 6987.94518028
85.20000000 670.98482249
85.20000000 241.03742427
85.10000000 241.90788874
85.10000000 672.28148231
85.10000000 241.78460313
244.50000000 239.90947252
85.10000000 242.41065501
94.60000000 321.82798456
94.60000000 320.94268226
94.60000000 322.24900266
94.60000000 591.49647741
94.60000000 320.80744681
235.10000000 321.08575204
235.10000000 606.17552404
237.50000000 32096.98444092
235.10000000 319.00877299
236.90000000 32384.58680665
190.50000000 15273.61355922
238.10000000 32114.87133361
169.60000000 491.85042586
169.50000000 489.05644551
169.60000000 490.86064163
182.60000000 41936.99554026
169.60000000 491.24730658
285.80000000 3917.24502155
181.50000000 45188.97853199
182.10000000 38968.79233482
286.30000000 3965.53701413
182.50000000 38961.20966367
182.00000000 32725.37452137
182.10000000 39040.53563111
319.50000000 140.58849124
319.50000000 141.09181842
319.50000000 140.55224014
319.50000000 422.67993200
319.50000000 140.96065354
160.20000000 140.91970846
160.20000000 419.32546555
160.20000000 420.44502745
160.20000000 138.41766336
160.20000000 422.47609347
319.50000000 422.21199819
160.20000000 420.55671616
282.00000000 225.76624242
282.00000000 225.76689337
282.00000000 411.19658784
282.00000000 231.07978723
282.00000000 226.03047076
272.70000000 233.14483139
206.10000000 11482.29812507
272.70000000 238.28934167
272.70000000 411.01262951
206.10000000 11395.90564262
206.30000000 12622.81772375
206.50000000 11393.52434420
184.80000000 52153.66313599
185.00000000 44017.71093647
184.70000000 52089.91725060
132.10000000 330.90793469
184.60000000 52266.88511889
185.10000000 51951.87049863
122.60000000 330.82898748
122.60000000 331.57865045
184.70000000 43391.40243537
122.60000000 328.96992397
132.10000000 328.08884159
122.60000000 328.77333003
57.10000000 229.95994665
57.10000000 230.61141431
57.10000000 230.76020439
57.10000000 158.00518754
57.10000000 234.03834586
197.60000000 230.16030803
197.60000000 159.67963478
197.60000000 162.15141925
197.60000000 231.31709588
197.60000000 161.12297883
57.10000000 162.64122257
197.60000000 161.93207021
207.10000000 581.01671348
207.00000000 581.17814570
207.10000000 483.49700041
207.10000000 510.00139389
207.10000000 581.99256444
241.70000000 14047.15762909
347.70000000 297.80558074
275.30000000 9731.99169820
347.60000000 299.19588587
347.60000000 297.87162820
207.00000000 473.60892417
347.60000000 297.94438850
113.30000000 189.54563794
113.30000000 192.18889689
113.30000000 192.39346130
113.30000000 642.62502717
113.30000000 193.10991028
141.40000000 189.27808354
141.40000000 640.89016969
141.40000000 640.13625267
141.40000000 193.39241614
141.40000000 641.00981420
113.30000000 639.88419958
141.40000000 640.37214841
260.70000000 2150.35183388
259.30000000 1161.69558169
259.70000000 2269.42742805
263.30000000 292.36906609
259.30000000 2232.54949926
259.90000000 6302.66819160
291.30000000 290.81836194
291.40000000 290.44743171
260.10000000 5285.85188687
291.40000000 290.22746663
263.30000000 290.48343835
291.40000000 290.77177152
338.26666667 360.69954454
338.30000000 362.09197074
338.26666667 360.45481471
338.26666667 110.77158372
338.26666667 359.99525597
216.40000000 361.28835782
216.40000000 112.11082747
216.40000000 110.32552968
216.40000000 361.01193610
216.40000000 109.73225455
338.30000000 109.71298125
216.40000000 110.50643493
188.30000000 710.54910128
188.30000000 712.56629057
188.30000000 711.42163085
188.30000000 461.74784003
188.30000000 712.01545070
66.40000000 712.54732109
66.40000000 460.12652876
66.40000000 459.50324462
66.40000000 711.29692447
66.40000000 461.72589883
188.30000000 462.39194798
66.40000000 460.80776293
150.80000000 450.79161594
150.80000000 450.84403360
150.80000000 451.13985593
150.80000000 199.74694727
150.80000000 448.96633118
312.10000000 2733.30834378
328.90000000 201.44607604
328.90000000 201.74261200
311.70000000 2759.40650304
328.90000000 200.84984801
150.80000000 201.94095578
328.90000000 199.55241709
300.80000000 101.26740717
300.70000000 100.67690441
300.80000000 101.21449390
254.60000000 19238.68261311
300.80000000 101.21676397
178.90000000 100.16099057
221.60000000 3985.48616572
178.90000000 550.29224105
178.90000000 100.54427258
178.90000000 550.83788366
255.30000000 7230.77481602
178.90000000 551.03851708
222.60000000 2195.05962092
222.40000000 20597.28285504
221.80000000 2385.99888739
194.10000000 17742.21829929
222.90000000 2392.14383418
103.90000000 629.35495528
116.30000000 1254.58889927
194.60000000 22900.12407749
144.00000000 4144.85825274
194.80000000 23036.63417171
194.80000000 35629.30782584
195.10000000 23113.69340957
75.80000000 278.16443249
75.80000000 280.90968566
75.80000000 280.08015197
75.80000000 371.58031306
75.80000000 280.07160469
253.90000000 280.22195172
253.90000000 370.32881686
253.90000000 370.80769597
253.90000000 279.67231756
253.90000000 370.74882517
75.80000000 369.22060971
253.90000000 370.82174222
250.80000000 11045.77974830
250.20000000 11181.32890202
249.60000000 11201.38557152
186.90000000 19764.11556159
251.00000000 11099.04739047
113.30000000 562.02901004
113.30000000 751.06097584
123.30000000 1148.35569180
113.30000000 561.03737053
123.10000000 1115.17487387
186.70000000 25767.72676376
123.50000000 1122.92970093
178.90000000 210.26218553
178.90000000 211.29018379
178.90000000 210.74266682
178.90000000 399.55473584
178.90000000 210.98705100
263.30000000 209.64806152
263.30000000 399.38199711
263.30000000 400.35560636
263.30000000 211.55221227
263.30000000 401.00473044
178.90000000 400.43094039
263.30000000 399.63365213
191.40000000 42706.97232780
103.90000000 729.35788829
191.80000000 42996.86648777
103.90000000 222.18243828
192.50000000 42817.76129383
192.10000000 48177.03697484
338.30000000 219.99951852
338.30000000 220.12407844
192.60000000 19791.52179610
338.30000000 219.14830263
103.90000000 223.46242241
338.30000000 220.78855491
253.90000000 380.31869710
253.90000000 381.79213774
253.90000000 382.41829159
245.50000000 1989.78696547
253.90000000 381.19990466
188.30000000 380.42428906
188.30000000 570.74082366
229.40000000 4629.72363063
188.30000000 380.13194176
229.50000000 4594.66789902
246.20000000 14746.15852325
230.10000000 4641.58555539
216.30000000 120.73323545
216.40000000 120.64576260
216.30000000 120.60617561
216.30000000 132.14092605
216.30000000 120.29945419
225.80000000 120.48597205
225.80000000 131.39281489
225.80000000 131.20731183
225.80000000 120.13814873
225.80000000 131.73300339
216.40000000 132.55162135
225.80000000 130.67739577
66.40000000 469.68769787
66.40000000 470.83224785
66.40000000 468.71363859
66.40000000 480.25952058
66.40000000 470.84333214
75.70000000 472.41329100
77.60000000 544.35607814
75.80000000 478.02362679
75.80000000 470.13017316
75.80000000 479.72734131
66.40000000 481.07881049
75.80000000 479.21065543
141.40000000 298.45972620
141.40000000 301.03665154
141.40000000 168.48191582
208.50000000 12164.28707382
141.40000000 300.46804479
150.80000000 299.63271847
150.80000000 166.36298542
150.80000000 660.23734181
150.80000000 159.99592053
150.80000000 166.01626932
141.40000000 177.31801019
150.80000000 166.65882119
215.80000000 12104.96154261
215.60000000 41539.63988412
215.40000000 12074.41533709
291.40000000 310.63362292
215.70000000 12163.24165562
215.90000000 13133.45920767
300.80000000 310.85496241
300.80000000 309.00660574
215.90000000 41834.74969089
300.80000000 312.54670810
291.40000000 311.31750691
300.80000000 309.29493022
197.70000000 339.34329551
197.60000000 341.67363477
197.70000000 342.37317516
197.70000000 181.84427045
197.70000000 339.73500314
169.50000000 340.42774254
169.50000000 180.99932830
169.60000000 178.81258418
169.60000000 339.92030557
169.60000000 180.93328095
197.60000000 181.92515156
169.60000000 180.36244074
202.90000000 30801.03455578
202.80000000 19021.82659937
203.00000000 30725.20076850
264.20000000 11165.19380336
202.30000000 30734.00948815
203.20000000 29370.28899989
264.90000000 8237.87419924
264.90000000 8086.09996522
203.60000000 16751.96380658
265.00000000 8131.76565349
265.00000000 11083.35100715
265.20000000 8092.74719130
272.60000000 170.90703180
272.70000000 170.17863169
272.60000000 170.81981386
200.70000000 48744.14134527
272.60000000 171.51149409
244.50000000 170.69427400
200.50000000 48597.79320717
200.60000000 8701.53046126
244.50000000 171.62719108
200.80000000 8683.77325670
200.80000000 12418.09133855
199.80000000 8650.93568930
122.60000000 522.62867822
122.60000000 520.56507724
122.60000000 520.05200165
122.60000000 350.23738397
122.60000000 520.06231513
94.60000000 520.25481859
94.60000000 353.50340474
94.60000000 351.54357671
94.60000000 520.99704998
94.60000000 349.98678784
122.60000000 352.49638215
94.60000000 351.75297545
85.10000000 779.37630252
179.50000000 59805.50173272
85.10000000 780.10208879
85.10000000 791.79165364
85.10000000 779.93223930
179.80000000 16743.98452723
177.60000000 17152.61317622
177.70000000 60664.42821089
179.30000000 59815.49114281
177.30000000 60578.21714852
177.60000000 60657.38604927
176.80000000 60663.16561566
235.10000000 430.78393211
235.20000000 431.20786547
235.10000000 430.91564819
235.10000000 442.70906847
235.10000000 430.68740736
132.10000000 431.75599959
132.10000000 440.07918504
132.00000000 439.65079364
132.00000000 430.92725633
132.00000000 440.35229175
235.20000000 439.98013565
132.00000000 439.95270519
233.10000000 11576.31405333
234.50000000 11403.48641170
233.80000000 11475.69139129
310.20000000 261.40794203
233.60000000 11536.73045679
57.10000000 600.98458323
57.10000000 261.07220746
57.10000000 260.93413383
57.10000000 601.95344828
57.10000000 259.00830633
310.10000000 260.70435131
57.10000000 261.05352930
160.10000000 251.10571951
160.10000000 252.18157660
160.10000000 249.24627771
160.10000000 610.45417645
160.10000000 251.99802967
207.00000000 250.81643561
207.00000000 610.51535524
230.50000000 10373.06428342
207.00000000 250.59003757
229.50000000 10299.95272810
192.80000000 3133.72642972
230.20000000 10353.86366042
202.40000000 371.98205042
202.40000000 369.85333624
202.40000000 370.77127624
202.40000000 520.78547537
202.40000000 371.61959206
71.10000000 369.98527433
71.10000000 522.09999754
71.10000000 519.20713391
71.10000000 371.53809747
71.10000000 521.80755813
202.40000000 520.69749472
71.10000000 522.36743908
52.30000000 719.83249808
52.30000000 720.18305578
52.30000000 720.17213353
52.30000000 173.62470972
52.30000000 720.41574746
194.50000000 12195.60435556
221.10000000 171.58687157
221.00000000 171.96868745
194.80000000 5949.18395270
221.00000000 171.56187875
52.30000000 172.57310388
221.00000000 169.08491805
127.30000000 200.93896305
127.40000000 200.93604289
127.30000000 201.47715149
127.30000000 337.52727112
127.30000000 201.64552028
296.10000000 200.53839690
296.10000000 341.61278674
296.10000000 341.70801409
296.10000000 200.02264481
296.10000000 340.53617101
127.40000000 338.66094056
296.10000000 341.20534907
254.30000000 4139.47869740
255.50000000 19948.64899775
254.30000000 4141.31794563
203.10000000 12487.01205786
255.20000000 4216.18422765
146.10000000 553.03284433
146.10000000 691.25650569
203.30000000 37979.26810132
190.20000000 3853.17018248
202.90000000 37960.41474686
202.90000000 42943.35807288
203.10000000 38071.64249899
219.00000000 14057.09243175
219.60000000 27729.90324585
314.80000000 207.03630798
314.90000000 433.73293113
218.70000000 14189.06418715
219.20000000 7365.28249845
258.60000000 245.51192753
258.60000000 429.90436950
258.60000000 250.35129374
258.60000000 246.14336637
314.80000000 204.53655718
258.60000000 246.22224250
164.80000000 291.99670799
164.90000000 292.14381370
164.80000000 291.40712147
179.70000000 55954.94295352
164.80000000 292.41961963
108.60000000 291.60874108
179.90000000 55768.50205719
108.60000000 781.44392116
108.60000000 290.31700786
108.60000000 781.61505718
164.90000000 780.62467296
108.60000000 782.38378032
89.80000000 263.48101784
89.80000000 263.54047091
89.80000000 460.29230413
89.80000000 268.54420724
89.80000000 263.38012609
183.60000000 136.57218757
187.50000000 657.48604682
183.60000000 137.37752732
183.60000000 460.99655029
183.60000000 600.86747761
89.80000000 598.55967966
183.60000000 600.83070367
239.80000000 111.80714676
239.90000000 109.81214878
239.80000000 109.95682397
239.80000000 251.42686115
239.80000000 110.27559578
333.60000000 111.23140767
333.60000000 251.01583472
335.46666667 251.16221774
335.46666667 110.40325601
335.46666667 250.92511904
239.90000000 250.42027597
335.46666667 250.84705491
71.00000000 510.46061033
71.10000000 511.68270680
71.00000000 511.21458462
71.00000000 380.19707067
71.00000000 510.33376202
127.40000000 510.20242768
127.40000000 381.98478377
127.30000000 381.19291487
127.30000000 512.66488248
127.30000000 379.68420881
71.10000000 381.13091661
127.30000000 378.41079894
221.10000000 161.12719152
221.10000000 161.19045165
221.10000000 161.25694416
192.30000000 33651.61769113
221.10000000 161.74766655
277.40000000 161.60106339
191.50000000 36199.11199870
191.90000000 14294.43123259
277.30000000 161.23908726
192.40000000 14283.12179218
192.20000000 6499.19348604
191.80000000 14362.48552575
206.10000000 49895.52300767
205.80000000 14112.92037624
206.30000000 50006.51404972
250.50000000 32296.62426101
206.10000000 49971.45573236
206.00000000 49236.35528612
250.10000000 26040.12009769
202.40000000 561.63854231
202.40000000 686.10281638
202.40000000 560.86737082
250.40000000 7436.49400531
202.40000000 561.92428043
146.10000000 329.24887030
146.00000000 331.86127577
146.10000000 331.78003378
146.10000000 210.73112012
146.10000000 331.52491171
52.30000000 331.06689291
52.30000000 208.60947025
52.30000000 212.08336037
52.30000000 332.40707476
52.30000000 210.07017417
146.00000000 211.18107804
52.30000000 212.27945445
183.60000000 240.30035654
183.50000000 239.98897430
183.60000000 240.07360917
183.60000000 471.39045790
183.60000000 239.37356045
314.80000000 240.03365376
299.20000000 2687.56157545
297.90000000 10545.14958105
314.90000000 240.40861041
299.00000000 10373.72134962
184.50000000 479.79833208
298.00000000 10424.21180389
238.50000000 29449.37915598
237.80000000 13307.13897203
237.80000000 29495.70459856
333.60000000 120.90851850
238.00000000 29518.55823659
238.30000000 13512.15838522
164.80000000 120.92981098
164.90000000 122.23098394
164.90000000 589.77513744
164.90000000 119.13288333
333.60000000 119.85817384
164.90000000 120.19903828
258.60000000 420.73500232
258.50000000 420.60761473
258.60000000 419.98566296
258.60000000 300.24422061
258.60000000 422.19412346
89.80000000 421.33105678
89.80000000 300.08125981
89.90000000 300.02506318
89.90000000 420.00444760
89.90000000 300.14476080
258.50000000 300.42737197
89.90000000 301.65047770
108.60000000 774.13325074
182.10000000 22072.11918133
108.60000000 771.05250718
108.60000000 651.73441190
108.60000000 770.85981889
182.50000000 11356.96529236
216.30000000 4991.45825389
215.50000000 17787.46645287
182.20000000 35241.42128964
215.90000000 17652.67839718
127.30000000 1528.35157961
215.70000000 17905.94098480
286.70000000 181.35867619
286.70000000 178.78042404
286.70000000 181.76502037
286.70000000 280.43498960
286.70000000 179.15532704
117.90000000 180.20880843
117.90000000 283.25404982
118.00000000 280.58054746
118.00000000 182.25850793
118.00000000 280.62774467
286.70000000 279.80467197
118.00000000 280.47018783
136.70000000 531.75374444
173.30000000 2569.51640154
136.70000000 531.19606539
136.70000000 630.45614337
136.70000000 530.70037726
264.40000000 1118.21135375
222.50000000 8138.35903917
222.60000000 36591.01662528
264.30000000 17249.60238848
222.60000000 36715.11455665
222.20000000 27195.84316628
222.50000000 36832.12949753
61.70000000 350.87754904
61.70000000 351.59994544
61.70000000 351.27294222
61.70000000 450.31730251
61.70000000 350.15441565
342.90000000 352.70666276
312.50000000 4458.13559416
310.60000000 4624.49693595
342.90000000 350.97614914
311.50000000 4505.28313196
61.70000000 450.91572612
311.40000000 4529.93626129
200.60000000 3008.22524774
200.60000000 3074.87987648
200.40000000 3004.82508023
211.70000000 99.70311851
200.50000000 3076.81003150
192.90000000 702.52427011
192.90000000 102.86181662
193.00000000 102.41497489
193.00000000 701.95328612
193.00000000 99.91557567
211.70000000 100.98516305
193.00000000 100.28672248
230.30000000 3922.81277740
229.70000000 4064.35644282
230.60000000 3951.99352533
249.20000000 541.87363792
229.80000000 4079.73117896
230.30000000 700.23592774
230.40000000 540.03963386
230.50000000 541.07366992
229.90000000 752.78550053
230.50000000 539.01795911
249.20000000 543.92307374
230.50000000 541.29853812
99.20000000 260.28422758
99.20000000 261.98205567
99.20000000 261.55211730
99.20000000 190.26209668
99.20000000 259.48581282
80.50000000 258.87613121
80.50000000 189.54291794
80.50000000 189.01358025
80.50000000 261.31512157
80.50000000 191.56844951
99.20000000 192.18306111
80.50000000 191.72172683
177.90000000 36163.83165235
177.40000000 13432.20864540
177.70000000 36002.19272958
174.20000000 361.57070850
177.10000000 36113.93879616
177.90000000 34800.26449164
155.50000000 360.67902729
155.50000000 361.02545444
177.20000000 9846.86327947
155.50000000 361.41660478
174.20000000 360.75898984
155.50000000 361.16164705
318.60000000 1093.94251740
318.90000000 1141.39661133
319.30000000 1026.74525156
197.60000000 17980.43237925
319.30000000 1172.79236165
305.40000000 443.20061195
197.60000000 16318.02034126
197.90000000 16255.63949960
305.40000000 441.30786354
197.10000000 16256.12575361
197.80000000 17912.77493998
198.10000000 16227.73059880
155.50000000 641.73626102
155.40000000 644.98478125
155.50000000 749.80696791
155.50000000 581.08160694
155.50000000 643.98918595
174.20000000 580.68132173
174.20000000 581.09772117
174.20000000 557.61435817
174.20000000 750.74573602
174.20000000 579.78327073
155.40000000 580.27578337
174.20000000 580.51282288
305.40000000 400.71578010
305.40000000 399.85892058
305.40000000 400.10559374
305.40000000 229.66926803
305.40000000 400.93223914
324.20000000 401.39831201
324.20000000 230.82934042
324.20000000 230.18655149
324.20000000 400.75518575
324.20000000 230.16185754
305.40000000 230.13399501
324.20000000 231.36002251
246.00000000 21307.60910815
246.20000000 28974.40847494
246.20000000 21489.99434986
230.50000000 410.77067227
246.60000000 21066.14073460
245.40000000 23185.75038094
249.20000000 411.48039854
249.20000000 409.13766096
245.60000000 30471.58196047
249.20000000 409.86847244
230.50000000 409.85098897
249.20000000 410.71535037
80.50000000 220.12757616
80.50000000 221.25322317
80.50000000 220.89350891
80.50000000 761.40173773
80.50000000 219.27339419
99.20000000 221.90304247
99.20000000 761.38351049
99.20000000 762.72397995
99.20000000 220.20219729
99.20000000 761.56031634
80.50000000 761.01180556
99.20000000 762.88661962
118.00000000 309.49527845
117.90000000 311.07857125
118.00000000 309.49411870
118.00000000 319.63478660
118.00000000 311.97112101
286.70000000 311.56908751
286.70000000 321.35577766
286.70000000 321.52528366
286.70000000 310.20375827
286.70000000 320.68628304
117.90000000 319.59208559
286.70000000 320.24594681
212.70000000 29142.68683372
212.10000000 13790.72555990
212.20000000 29153.54571181
209.10000000 30593.20701092
213.10000000 29103.30046692
210.10000000 13754.51900588
209.50000000 16518.97322448
136.70000000 671.78163873
136.70000000 661.09864067
136.70000000 671.20810194
209.00000000 15264.22851150
136.70000000 671.62368887
343.00000000 130.20237424
342.90000000 131.00292828
343.00000000 130.95737446
285.50000000 7786.97963043
343.00000000 130.48173726
61.70000000 130.77224589
61.70000000 492.37389220
61.70000000 492.63371728
61.70000000 129.96158130
61.70000000 492.15376092
285.60000000 11274.57714713
61.70000000 489.47971889
193.00000000 478.75011774
192.90000000 483.91797402
193.00000000 482.09897316
193.00000000 140.60993243
193.00000000 482.32071921
211.70000000 481.20258330
211.70000000 140.85012221
211.70000000 140.33481039
211.70000000 480.10959689
211.70000000 140.54832442
192.90000000 141.40668809
211.70000000 140.22593843
320.70000000 301.97111661
320.70000000 301.08438190
320.70000000 300.83426770
320.70000000 270.23035535
320.70000000 301.16357496
294.90000000 300.36885039
294.90000000 271.45780715
294.90000000 271.05922952
294.90000000 300.79460621
294.90000000 272.24577972
320.70000000 270.60794085
294.90000000 270.20758771
170.70000000 652.08764578
170.70000000 650.44377482
170.70000000 651.16699883
170.70000000 620.84688494
170.70000000 650.91460854
144.90000000 650.51037625
144.90000000 621.44343068
144.90000000 621.09001817
144.90000000 651.15110176
144.90000000 621.44190951
170.70000000 620.70915995
144.90000000 619.47991556
95.70000000 129.26535482
95.70000000 131.37598120
95.70000000 130.48091156
177.40000000 38859.63168109
95.70000000 131.99331925
69.90000000 129.86267858
177.60000000 35107.43295396
69.90000000 790.68385443
69.90000000 130.87157838
69.90000000 793.40088939
95.70000000 792.46630505
69.90000000 789.08387193
245.70000000 479.71389103
283.60000000 3732.50209740
245.70000000 482.01109397
245.70000000 439.21321824
245.70000000 480.28070766
219.90000000 480.18103549
219.90000000 439.95929516
219.90000000 440.11396956
248.20000000 1750.40378769
219.90000000 441.68499793
245.70000000 439.72850498
219.90000000 439.54678997
189.50000000 4779.42116070
189.70000000 14479.77896310
189.20000000 4723.75562062
200.30000000 2360.02627536
189.40000000 4713.84430695
182.40000000 743.60473368
182.40000000 702.98696945
199.10000000 3009.85452836
190.00000000 10317.03090119
198.30000000 2746.47559881
200.30000000 8100.59092707
199.80000000 3110.90361851
58.20000000 394.41017667
58.20000000 392.05422894
58.20000000 389.19396988
58.20000000 348.66364084
58.20000000 390.37968050
332.40000000 391.08117529
332.40000000 349.50949016
332.40000000 349.72045981
332.40000000 391.49375863
332.40000000 351.34194146
58.20000000 351.16356445
332.40000000 352.02363872
133.20000000 560.93231405
133.20000000 561.67355575
133.20000000 561.48531330
133.20000000 180.79786406
133.20000000 559.38781724
250.50000000 1737.28153527
257.40000000 181.70590774
257.40000000 180.84594132
250.70000000 1746.43683162
257.40000000 180.00210417
133.20000000 182.95229245
257.40000000 182.11481293
283.20000000 210.11372179
283.20000000 211.27377460
283.20000000 211.19746866
264.30000000 3413.08355464
283.20000000 210.83634673
107.40000000 209.25081016
107.40000000 531.29585289
107.40000000 532.02722274
107.40000000 211.37711391
107.40000000 534.99584991
264.70000000 10566.61175463
107.40000000 530.58263664
189.40000000 285.42882979
189.50000000 285.61989511
189.40000000 610.97518959
189.40000000 287.19722646
189.40000000 285.65352299
201.10000000 270.22133885
201.10000000 661.21432243
201.20000000 270.86903662
230.50000000 38144.10557580
212.40000000 47080.00729600
212.60000000 46873.73109219
212.30000000 47237.60551882
339.50000000 261.19981998
339.40000000 260.51652912
339.50000000 261.64295049
339.50000000 311.18049209
339.50000000 262.23340602
51.20000000 261.58440422
51.20000000 313.28113876
51.20000000 312.95663650
51.20000000 260.04260935
51.20000000 313.99223379
339.40000000 311.88845052
51.20000000 305.80049020
179.70000000 58228.26374587
179.60000000 14900.27959878
179.90000000 58210.06012205
264.40000000 140.97551968
179.10000000 58171.52264499
179.10000000 58223.36072670
126.20000000 142.36926828
126.20000000 141.66620652
126.20000000 780.97869641
126.20000000 139.26615452
264.40000000 139.96568076
126.20000000 140.10301037
114.40000000 430.16435520
114.50000000 431.16379284
114.40000000 431.72071618
114.40000000 490.42664425
114.40000000 429.12830081
276.20000000 432.31723521
276.20000000 493.42973927
276.10000000 492.13336870
276.10000000 430.90025711
276.20000000 493.35307425
114.50000000 489.22564043
276.10000000 494.07063259
76.90000000 170.77044622
77.00000000 172.98444450
76.90000000 172.38278651
76.90000000 220.55434318
76.90000000 171.26036726
88.60000000 172.67502951
88.60000000 218.92004011
88.70000000 222.93346942
88.70000000 170.67124815
88.70000000 219.92632494
77.00000000 219.69212279
88.70000000 220.62315493
253.20000000 2363.73009394
226.90000000 521.01740035
253.00000000 2332.24135767
246.80000000 14553.83460462
253.40000000 2381.44777845
269.90000000 3881.23734722
246.00000000 16131.60379286
238.60000000 572.57983070
238.60000000 520.75561849
238.60000000 573.87880145
226.90000000 570.65244470
238.70000000 573.51803887
302.00000000 341.41873357
302.00000000 340.86506642
302.00000000 340.69725910
187.00000000 26897.88884176
302.00000000 341.16750876
313.70000000 339.21387366
186.90000000 27639.62947457
186.80000000 18512.17022844
313.70000000 340.52529030
186.70000000 18544.26635524
187.00000000 17516.49424630
187.30000000 18549.36726478
151.90000000 692.24685991
181.00000000 3507.06989706
151.90000000 690.50316287
151.90000000 399.43016341
151.90000000 690.31128047
163.70000000 690.67163654
163.70000000 400.38787332
163.70000000 400.07225508
163.70000000 690.68642471
163.70000000 400.51361897
152.00000000 401.79497709
163.70000000 401.53456823
255.10000000 230.30644640
255.10000000 231.51170095
255.10000000 230.07007720
192.20000000 11588.74814002
255.10000000 231.49964812
341.80000000 230.67252007
191.90000000 20043.96173326
192.00000000 20080.52834746
341.80000000 230.44625173
192.10000000 20079.54108793
192.30000000 11643.64084984
192.50000000 20064.03833535
105.10000000 580.81840417
142.10000000 3212.33281024
105.10000000 580.82306014
105.10000000 380.84966418
105.10000000 580.13545290
191.80000000 581.70148479
191.80000000 379.22225804
191.80000000 380.23909021
242.00000000 13013.40693253
191.80000000 380.84054265
105.00000000 378.39678963
191.80000000 381.42506870
180.10000000 411.06715261
180.00000000 411.73352317
180.10000000 411.69211260
180.10000000 201.41293523
180.10000000 411.36082106
116.80000000 412.69451324
116.80000000 200.07533918
116.70000000 201.68637399
116.70000000 409.49160148
116.70000000 201.46799468
180.00000000 200.44464884
116.70000000 199.61050051
184.20000000 20246.23682793
184.00000000 20209.29377107
184.40000000 20230.83177579
255.30000000 10607.93435647
184.90000000 20187.48467561
184.70000000 14388.13127295
255.00000000 2592.14303780
254.40000000 2529.52724595
184.80000000 14332.51066617
255.40000000 2467.65734799
255.60000000 10553.72221078
255.60000000 2460.15838002
281.30000000 2237.32486659
280.40000000 2311.77140253
280.80000000 2237.53385290
292.50000000 112.40606009
280.70000000 2347.41666468
154.30000000 500.73476190
154.30000000 112.51426774
154.30000000 113.12157470
154.30000000 502.05226754
154.30000000 111.58589586
292.60000000 109.98925683
154.30000000 108.37793162
142.60000000 150.85685117
142.50000000 151.69092726
142.60000000 150.47263677
142.60000000 460.28996628
142.60000000 152.45456476
304.30000000 151.24791028
305.70000000 10748.86318921
305.30000000 8592.64525465
304.30000000 151.64577289
305.00000000 8462.88834740
142.50000000 461.72935025
304.20000000 8664.39266188
67.50000000 672.40625595
67.50000000 671.19477612
106.40000000 4763.67052911
67.50000000 640.73794592
67.50000000 669.36730987
229.30000000 566.43278928
219.20000000 19932.59155478
229.30000000 563.82658527
209.10000000 23077.10499957
218.70000000 17560.49713515
75.20000000 947.24674257
219.40000000 17520.20374067
217.60000000 320.02031093
217.60000000 319.51490715
217.60000000 320.78028864
217.60000000 290.00094299
217.60000000 319.99669296
79.30000000 322.05729874
79.30000000 287.90279576
79.30000000 293.42347780
79.30000000 319.82539557
79.30000000 294.19491979
217.60000000 291.27636631
79.30000000 290.16875274
123.80000000 630.86499129
123.80000000 630.68619790
123.80000000 631.56181825
123.80000000 160.49192629
123.80000000 631.57886195
223.20000000 5075.66903910
248.00000000 159.42659506
248.00000000 160.81096410
222.40000000 5091.57308174
248.00000000 160.98879242
123.80000000 159.29443080
248.00000000 163.03241002
273.80000000 281.66807564
273.90000000 280.39013119
273.80000000 280.94600307
273.50000000 535.14884180
273.80000000 281.30140742
98.10000000 279.74274287
98.10000000 511.89664688
98.00000000 511.33400570
98.00000000 279.86603738
98.00000000 507.28073267
273.80000000 540.53139837
98.00000000 513.38533537
311.40000000 8221.56731925
311.90000000 5127.43589255
312.20000000 8329.54867317
206.70000000 46303.11806007
312.10000000 8076.47834246
173.10000000 450.17074443
205.80000000 43209.56366232
206.40000000 26290.57759077
173.10000000 450.48218913
206.40000000 26187.63885322
205.80000000 35965.15906088
206.00000000 26044.15939084
198.80000000 99.87259236
198.90000000 100.94716860
198.80000000 101.17483077
198.80000000 330.47319290
198.80000000 100.44865756
323.10000000 99.69170813
323.10000000 329.95253983
323.00000000 331.87493169
323.00000000 101.03433842
323.00000000 331.56669280
198.90000000 330.85033884
323.00000000 329.74807736
161.30000000 371.08210420
161.40000000 370.30050207
161.30000000 370.11246203
161.30000000 771.48246744
161.30000000 369.81436178
60.60000000 369.29396175
60.60000000 770.28005993
60.50000000 771.60144247
60.50000000 369.15040984
60.50000000 770.67928962
161.40000000 772.85486743
60.50000000 772.44510929
194.20000000 41420.15520819
194.80000000 29686.17702094
195.10000000 41266.66552322
311.30000000 422.22770215
195.30000000 41401.01650063
194.40000000 38398.32357877
210.50000000 421.58736681
210.60000000 420.70695786
195.30000000 22463.45244996
210.60000000 420.32750650
311.40000000 421.32310631
210.60000000 420.86179164
236.30000000 192.41043202
236.30000000 190.54538326
236.30000000 190.37822900
236.30000000 250.98364688
236.30000000 190.08523215
285.50000000 190.79248547
285.50000000 182.75108717
285.60000000 250.21277150
285.60000000 173.02747531
285.60000000 183.57042668
236.30000000 215.08087183
285.60000000 182.31252759
86.30000000 541.36856806
86.30000000 540.43454017
86.30000000 540.09463290
86.30000000 599.28323205
86.30000000 542.27497790
135.50000000 540.84965604
135.50000000 600.02305301
135.60000000 600.45278284
135.60000000 541.54433955
135.60000000 602.16604406
86.30000000 602.34043136
135.60000000 601.00891856
177.70000000 16734.57400565
177.40000000 16795.00197737
177.30000000 16725.80208187
278.50000000 516.03263502
177.00000000 16762.68171613
177.20000000 19544.95939115
280.40000000 4524.57198843
280.60000000 4593.31426281
178.10000000 19551.43490764
280.20000000 4574.84550840
278.40000000 515.56075542
281.70000000 4468.53267759
128.50000000 438.60170410
128.50000000 442.38914356
128.50000000 440.87681147
128.50000000 150.05476594
128.50000000 439.93686162
159.00000000 439.58829602
159.00000000 149.34891154
159.00000000 150.85019564
159.00000000 439.66933676
159.00000000 150.85237551
128.50000000 151.34201793
159.00000000 150.56214355
91.20000000 4323.60534199
53.60000000 622.32288072
91.10000000 4349.54863731
53.60000000 321.75001407
91.10000000 4308.98499752
133.10000000 5685.83179553
84.00000000 323.14021464
84.00000000 320.39690021
84.00000000 621.37490314
84.00000000 322.49825385
53.60000000 320.46436059
84.00000000 320.66202733
203.50000000 272.22600642
203.50000000 270.38028701
203.50000000 270.05994455
203.50000000 672.97151228
203.50000000 271.24154351
234.00000000 271.70152738
209.10000000 5305.45112141
209.20000000 5330.30411808
234.00000000 271.19218710
209.20000000 5281.08762216
203.50000000 675.96843696
209.60000000 5316.04951566
241.00000000 349.31201282
241.00000000 349.67568238
241.00000000 351.20703969
241.00000000 411.41676266
241.00000000 350.05832296
196.40000000 351.25745372
196.40000000 411.98748638
196.50000000 409.33364990
196.50000000 350.87114972
196.50000000 410.46011085
241.00000000 411.31140047
196.50000000 411.01918938
200.70000000 44511.96072969
200.40000000 36404.16721079
200.30000000 44569.52904306
184.70000000 54814.24584729
200.50000000 44452.64731878
200.40000000 49615.20942126
184.60000000 55581.91309269
184.30000000 51893.24735427
200.50000000 45878.36457591
184.50000000 51941.68983410
184.10000000 49387.55208372
183.90000000 51978.80138642
166.00000000 182.19042339
166.00000000 181.65050670
166.00000000 180.57602247
166.00000000 580.91354229
166.00000000 181.49011283
271.40000000 181.45408851
242.20000000 9063.16306849
242.10000000 5385.86065007
271.50000000 180.09420646
241.90000000 5445.17101314
166.00000000 580.25334554
241.60000000 5417.43751064
264.40000000 7727.50914989
265.30000000 7711.18087924
264.90000000 7732.91215531
316.00000000 230.78778487
264.20000000 7741.65841096
121.40000000 530.28497293
121.40000000 232.64447969
121.50000000 231.45389519
121.50000000 528.99559164
121.50000000 230.34487197
316.00000000 229.60027158
121.50000000 229.36873131
147.20000000 142.70664432
147.30000000 141.12165916
147.20000000 140.77266763
147.20000000 370.40394562
147.20000000 141.48919142
215.20000000 140.96615053
215.20000000 371.64073433
215.20000000 371.81990583
215.20000000 140.76398929
215.20000000 370.40771674
147.30000000 369.93519243
215.20000000 370.94645606
286.40000000 2099.43205010
287.00000000 1970.28210509
286.20000000 2194.55768999
194.50000000 37433.54874189
286.00000000 2169.86902732
65.30000000 487.51653555
139.70000000 14160.16611504
65.30000000 722.74123543
65.30000000 489.47483392
65.30000000 722.23738928
194.70000000 22769.22506383
65.30000000 720.10143371
222.30000000 70.56753840
222.30000000 70.41891116
222.30000000 312.13384735
222.30000000 71.25296732
222.30000000 70.62912769
140.20000000 106.70851576
234.40000000 13468.73256240
140.30000000 108.95121581
140.30000000 312.29429582
148.80000000 698.55346185
260.20000000 5300.75268563
147.80000000 673.17544488
72.30000000 658.61101598
72.30000000 661.05820122
72.30000000 659.75305941
72.30000000 191.43499796
72.30000000 661.56723598
212.50000000 12572.94521539
290.20000000 191.03802097
290.20000000 191.48340582
212.30000000 12459.69448746
290.20000000 190.16404426
72.30000000 193.05328478
290.20000000 190.94660579
109.80000000 571.72048139
109.80000000 570.78774136
109.80000000 137.08051710
109.80000000 451.69656546
109.80000000 570.89157105
102.70000000 572.17802405
102.70000000 144.33391197
102.70000000 452.42185143
102.70000000 146.67167708
102.70000000 144.46233581
109.80000000 136.38951626
102.70000000 145.29682343
259.70000000 221.18136273
259.80000000 220.09568662
259.70000000 220.87909882
259.70000000 101.06215917
259.70000000 220.82895686
252.70000000 222.10510733
252.70000000 99.32836104
252.70000000 100.47907141
252.70000000 221.77233215
252.70000000 101.63758081
259.80000000 100.37840795
252.70000000 99.75434601
186.90000000 32066.55294819
187.10000000 54988.83774387
186.80000000 32077.69840689
334.80000000 279.76212241
186.60000000 32156.61667662
186.60000000 31889.31903390
327.80000000 281.17398216
327.70000000 280.52708815
187.60000000 55022.52203185
327.70000000 281.64907378
334.20000000 279.92091028
327.70000000 281.92807192
184.70000000 400.49995909
184.80000000 400.80109064
184.70000000 401.48364085
184.70000000 630.01699229
184.70000000 399.51916543
177.70000000 402.40647232
177.70000000 631.70785228
177.70000000 631.57432863
177.70000000 400.08153110
177.70000000 629.99666686
184.80000000 631.16931218
177.70000000 630.12146015
212.90000000 460.77653614
212.90000000 461.23198383
212.90000000 460.23214113
212.90000000 301.53434650
212.90000000 460.91286774
305.60000000 4559.19620247
337.00000000 300.24094824
337.00000000 300.97806463
305.00000000 4719.65345641
337.00000000 299.14039943
212.90000000 300.48187647
337.00000000 302.38961321
62.90000000 113.44417403
62.90000000 112.69790067
62.90000000 109.79120085
62.90000000 650.38614631
62.90000000 111.98716078
187.10000000 110.77589051
193.10000000 851.02378097
187.00000000 650.44959492
187.00000000 110.62804753
187.00000000 651.22168308
62.90000000 651.08454141
187.00000000 648.86573711
218.80000000 21398.10978453
137.90000000 642.54402846
219.00000000 21427.07649255
137.90000000 482.07841678
218.80000000 21426.58711424
201.70000000 16426.19094429
112.10000000 480.73036462
112.10000000 478.46488045
112.10000000 639.28005307
112.10000000 480.51285942
137.90000000 482.83860956
112.10000000 483.30540216
287.80000000 292.28085913
287.90000000 291.40013707
287.80000000 290.35292853
287.80000000 130.59602921
287.80000000 291.92620470
262.10000000 290.42059619
262.10000000 132.77701041
262.10000000 131.29719230
262.10000000 291.31527120
262.10000000 129.74892840
287.90000000 131.09176472
262.10000000 131.92401529
325.30000000 200.53597925
325.30000000 200.94826167
325.30000000 201.88693116
325.30000000 288.55080486
325.30000000 199.86940716
149.60000000 200.04003408
149.60000000 561.29123357
149.60000000 561.35071328
149.60000000 201.24408240
149.60000000 561.11388253
250.10000000 10885.53759369
149.60000000 561.16621585
255.00000000 18190.74484763
175.40000000 551.96994961
255.10000000 18322.25564693
175.30000000 211.87797127
255.80000000 18302.12358805
254.60000000 29523.66679643
299.60000000 210.13202790
299.60000000 209.87576201
255.40000000 7089.00401693
299.60000000 210.69977088
175.40000000 211.33273185
299.60000000 210.41675569
100.40000000 383.97233939
100.40000000 380.53476711
100.40000000 381.04442941
100.40000000 391.05617439
100.40000000 382.41461476
224.60000000 381.80093452
224.60000000 389.85510742
224.50000000 390.66365209
224.50000000 380.45769457
224.50000000 391.17635027
100.40000000 391.21934417
224.60000000 391.58534884
191.70000000 11035.83142317
192.40000000 45754.68666695
192.10000000 10904.36781653
190.00000000 11501.55672418
192.10000000 10909.02181032
74.60000000 731.29282077
74.60000000 739.27563964
189.20000000 39018.67899074
192.10000000 36209.47953136
189.30000000 39261.08713361
189.10000000 46910.45559328
189.80000000 39078.71651321
81.70000000 422.46112077
81.60000000 422.79420578
81.70000000 420.55178519
81.70000000 611.53627769
81.70000000 421.27138625
243.30000000 420.69841399
230.00000000 3034.15971708
229.90000000 33398.58737369
243.30000000 420.46234154
230.30000000 33162.55358940
170.10000000 14052.01064711
229.50000000 33115.75426654
181.60000000 32080.16669963
182.20000000 10247.25765615
182.30000000 32029.14782524
231.70000000 260.77432069
182.20000000 32055.60934297
159.20000000 13582.48136518
93.30000000 261.89398055
93.30000000 262.23633439
93.30000000 772.13384585
93.30000000 261.46040106
231.60000000 260.29258810
93.30000000 263.67616255
306.70000000 252.03640051
306.60000000 250.99157184
306.70000000 250.36775524
306.70000000 430.04881490
306.70000000 251.09949195
168.30000000 250.08556352
168.30000000 430.98206336
168.40000000 430.65811668
168.40000000 251.30929279
168.40000000 431.11655497
306.60000000 429.87371008
168.40000000 431.77614399
156.70000000 602.57540560
156.60000000 602.69034592
156.70000000 600.38554341
156.70000000 781.11739847
156.70000000 602.15605779
233.30000000 12388.18160692
180.20000000 19980.15516553
179.60000000 37410.31273113
233.20000000 16004.58530055
179.80000000 37250.75897777
179.90000000 28545.42568307
180.00000000 37251.17214892
194.10000000 679.33124083
206.10000000 30091.41641725
194.10000000 680.78904160
194.10000000 339.57717617
194.10000000 682.33461278
55.80000000 681.47740374
55.80000000 338.58294600
55.80000000 339.93297448
122.40000000 10890.94156739
55.80000000 339.39435521
194.10000000 338.72145256
55.80000000 340.84376851
344.10000000 332.99855143
344.20000000 329.95768595
344.10000000 264.07215928
203.40000000 37459.28550342
344.10000000 331.26443469
205.90000000 331.18881968
205.90000000 449.00725877
203.70000000 1203.69825168
205.80000000 330.84274690
205.80000000 450.47385498
344.20000000 275.56532221
205.80000000 450.72479865
269.10000000 517.75575046
269.20000000 517.92122774
269.40000000 516.78515397
268.90000000 554.75981828
269.10000000 515.66884593
275.10000000 1431.92964129
270.10000000 2278.38284374
270.30000000 2216.61737107
274.60000000 1413.73673118
269.10000000 2289.66057088
269.10000000 546.74678542
269.90000000 2265.32803753
119.10000000 160.92019704
119.10000000 162.53924465
119.10000000 161.57680773
119.10000000 171.57741810
119.10000000 160.08071829
130.90000000 159.04912000
130.90000000 171.65070384
130.80000000 168.16487978
130.80000000 161.28855938
130.80000000 171.51360647
119.10000000 169.96233668
130.80000000 171.41298439
126.10000000 510.87652563
126.20000000 513.97949033
126.10000000 511.86542927
126.10000000 121.76140387
126.10000000 510.90556078
274.80000000 3151.34575925
292.60000000 120.51396391
292.60000000 121.03901915
274.10000000 13232.24984593
292.60000000 120.65968761
126.20000000 119.35721625
292.60000000 120.96497186
276.10000000 161.18809039
276.10000000 161.03860954
276.10000000 161.50887651
276.10000000 470.96439311
276.10000000 160.61965319
142.50000000 160.05647398
142.50000000 471.36258937
142.60000000 471.66617401
142.60000000 162.18147763
142.60000000 472.59537810
276.10000000 471.17531495
142.60000000 471.81388165
203.20000000 30619.07102194
201.20000000 704.28278913
203.50000000 30825.08667321
219.10000000 21084.95340565
203.30000000 30649.76539114
137.30000000 11874.17188497
105.10000000 4344.52634950
67.60000000 642.02756804
67.60000000 688.62450249
67.60000000 641.63900351
201.20000000 641.02402238
67.60000000 641.75075899
51.20000000 340.09872398
51.20000000 342.12531179
51.20000000 336.28599698
51.20000000 293.18129713
51.20000000 343.00597587
217.60000000 340.18145452
217.60000000 290.87901776
217.60000000 289.78549755
217.60000000 342.65625535
217.60000000 291.00256715
51.20000000 291.10230317
217.60000000 289.81191877
88.70000000 251.41335546
88.70000000 250.86118683
88.70000000 252.20232775
88.70000000 728.66969889
88.70000000 250.56209098
180.00000000 250.57969760
180.00000000 732.06319932
192.50000000 56410.46936367
180.10000000 250.89368283
192.30000000 56417.55501764
192.10000000 56296.09373702
192.50000000 56336.89055099
233.90000000 29525.11267486
233.40000000 1551.85835678
233.60000000 29646.35164114
238.70000000 381.22192899
233.80000000 29467.96481806
233.70000000 33926.76151733
330.10000000 379.63425763
330.00000000 381.52768747
234.00000000 13505.40714077
330.00000000 382.16294123
238.70000000 383.67886246
330.00000000 380.10211306
313.70000000 433.43918209
313.70000000 433.31844553
313.60000000 433.56916929
313.60000000 211.73832048
313.60000000 432.84367915
255.10000000 431.46402781
255.10000000 210.91157588
255.10000000 208.99088466
255.10000000 429.03551429
255.10000000 211.10723272
313.70000000 211.48309574
255.10000000 210.20999421
163.60000000 781.01858668
180.00000000 39986.93870499
163.60000000 780.90564492
163.60000000 560.99494966
163.60000000 780.74958639
105.00000000 780.77913194
105.00000000 560.51914593
105.00000000 559.56448268
179.80000000 35465.36236432
105.00000000 560.24166689
165.40000000 580.46394630
105.00000000 559.83778275
