0.00000000 150.00000000 0.00000000 0.00000000 0.00000000
0.00000000 150.00000000 0.00000000 0.00000000 0.00000000
0.00000000 150.00000000 0.00000000 0.00000000 0.00000000
0.00000000 150.00000000 0.00000000 0.00000000 0.00000000
0.00000000 150.00000000 0.00000000 0.00000000 0.00000000
0.00000000 150.00000000 0.00000000 0.00000000 0.00000000
0.24547712 250.00000000 0.23907459 0.25573547 0.24442965
0.24547712 250.00000000 0.23907459 0.25573547 0.24442965
0.24547712 250.00000000 0.23907459 0.25573547 0.24442965
0.24547712 250.00000000 0.23907459 0.25573547 0.24442965
0.24547712 250.00000000 0.23907459 0.25573547 0.24442965
0.24547712 250.00000000 0.23907459 0.25573547 0.24442965
0.13144166 300.00000000 0.13258649 0.13979098 0.12431324
0.13144166 300.00000000 0.13258649 0.13979098 0.12431324
0.13238209 300.00000000 0.13336945 0.14036262 0.12589914
0.13144166 300.00000000 0.13258649 0.13979098 0.12431324
0.37224365 300.00000000 0.34948486 0.38427792 0.38734208
0.37411062 300.00000000 0.35261396 0.38395976 0.38903519
0.35749164 200.00000000 0.33563653 0.36552352 0.37471553
0.35749164 200.00000000 0.33563653 0.36552352 0.37471553
0.36015425 200.00000000 0.33981128 0.36679802 0.37675631
0.35749164 200.00000000 0.33563653 0.36552352 0.37471553
0.12498342 200.00000000 0.10533426 0.12425897 0.14559089
0.12700132 200.00000000 0.10821266 0.12521158 0.14796699
0.41061416 225.00000000 0.38751736 0.42591071 0.42278926
0.41061416 225.00000000 0.38751736 0.42591071 0.42278926
0.40983014 225.00000000 0.38576765 0.42631251 0.42064541
0.41061416 225.00000000 0.38751736 0.42591071 0.42278926
0.41061416 225.00000000 0.38751736 0.42591071 0.42278926
0.40983014 225.00000000 0.38576765 0.42631251 0.42064541
0.19542222 325.00000000 0.19353177 0.21226723 0.18290362
0.19542222 325.00000000 0.19353177 0.21226723 0.18290362
0.19591142 325.00000000 0.19326350 0.21275562 0.18475381
0.19542222 325.00000000 0.19353177 0.21226723 0.18290362
0.19542222 325.00000000 0.19353177 0.21226723 0.18290362
0.19591142 325.00000000 0.19326350 0.21275562 0.18475381
0.31366493 275.00000000 0.29671978 0.32836848 0.31966844
0.31366493 275.00000000 0.29671978 0.32836848 0.31966844
0.31277907 275.00000000 0.29531363 0.32399609 0.32170843
0.31366493 275.00000000 0.29671978 0.32836848 0.31966844
0.06398278 275.00000000 0.06335690 0.06297561 0.06615515
0.06401357 275.00000000 0.06293495 0.06287910 0.06669141
0.06509024 175.00000000 0.04975651 0.06801839 0.08021367
0.06509024 175.00000000 0.04975651 0.06801839 0.08021367
0.06505881 175.00000000 0.04921723 0.06755270 0.07960032
0.06509024 175.00000000 0.04975651 0.06801839 0.08021367
0.30556583 175.00000000 0.27139936 0.33282394 0.31596048
0.30609930 175.00000000 0.27044319 0.33258415 0.31619244
0.21737983 187.50000000 0.20232889 0.21437417 0.23623214
0.21494039 262.50000000 0.20890997 0.21585704 0.22158981
0.21737983 187.50000000 0.20232889 0.21437417 0.23623214
0.21737983 187.50000000 0.20232889 0.21437417 0.23623214
0.45221678 187.50000000 0.42403582 0.47754686 0.45914817
0.45771807 262.50000000 0.45151487 0.46782274 0.45426830
0.46438231 287.50000000 0.44198758 0.48341870 0.47134863
0.44559652 162.50000000 0.38756077 0.47360054 0.47459905
0.46438231 287.50000000 0.44198758 0.48341870 0.47134863
0.46438231 287.50000000 0.44198758 0.48341870 0.47134863
0.21787645 287.50000000 0.20251023 0.22949646 0.22327219
0.21691662 162.50000000 0.17816869 0.22529436 0.24944451
0.10074159 337.50000000 0.09773947 0.10913715 0.09550912
0.09938953 212.50000000 0.09556962 0.09862704 0.10648596
0.10109522 337.50000000 0.09777659 0.11014248 0.09535006
0.10074159 337.50000000 0.09773947 0.10913715 0.09550912
0.10074159 337.50000000 0.09773947 0.10913715 0.09550912
0.09877616 212.50000000 0.09542499 0.09878675 0.10506283
0.32170409 237.50000000 0.31459189 0.32741412 0.32511304
0.34848611 312.50000000 0.33052079 0.37452510 0.34460752
0.32369889 237.50000000 0.31330475 0.33478752 0.32464999
0.32170409 237.50000000 0.31459189 0.32741412 0.32511304
0.32170409 237.50000000 0.31459189 0.32741412 0.32511304
0.34972778 312.50000000 0.33399275 0.37273955 0.34540128
0.26871747 212.50000000 0.24575743 0.27222480 0.29349085
0.29586012 337.50000000 0.28413147 0.31138148 0.29304314
0.26960665 212.50000000 0.24645096 0.27370333 0.29494143
0.26871747 212.50000000 0.24575743 0.27222480 0.29349085
0.02449354 212.50000000 0.02323608 0.01574189 0.03575753
0.03497775 337.50000000 0.03217747 0.03800904 0.03450940
0.03488732 312.50000000 0.03059363 0.03890871 0.03630797
0.02359082 237.50000000 0.02629107 0.02296165 0.02264779
0.03518964 312.50000000 0.03151986 0.03907641 0.03608633
0.03488732 312.50000000 0.03059363 0.03890871 0.03630797
0.28857640 312.50000000 0.27798851 0.31367965 0.27778651
0.26542151 237.50000000 0.26344118 0.26839362 0.26777399
0.39505506 262.50000000 0.38577495 0.39932230 0.40177946
0.38542383 187.50000000 0.36068123 0.40304719 0.39430109
0.39533683 262.50000000 0.38586062 0.39765702 0.40492989
0.39505506 262.50000000 0.38577495 0.39932230 0.40177946
0.39505506 262.50000000 0.38577495 0.39932230 0.40177946
0.38630042 187.50000000 0.35929832 0.40291565 0.39738429
0.15753172 162.50000000 0.12941836 0.15529369 0.18962485
0.15827986 287.50000000 0.15125790 0.17275534 0.15278689
0.15560525 162.50000000 0.12774161 0.15430345 0.18608059
0.15753172 162.50000000 0.12941836 0.15529369 0.18962485
0.15753172 162.50000000 0.12941836 0.15529369 0.18962485
0.15861081 287.50000000 0.15554451 0.17271814 0.15091272
0.32941824 168.80000000 0.29010085 0.35082946 0.34853663
0.32104311 206.30000000 0.30090320 0.32078554 0.34214927
0.32721769 168.80000000 0.28964541 0.34649846 0.34786117
0.32941824 168.80000000 0.29010085 0.35082946 0.34853663
0.40759378 168.80000000 0.36516530 0.43010494 0.42653206
0.40646498 206.30000000 0.38442840 0.40955957 0.42550282
0.08036213 268.80000000 0.07711652 0.08399923 0.08239456
0.08142917 306.30000000 0.08553390 0.08307642 0.07677536
0.08044548 268.80000000 0.07576320 0.08516649 0.08323810
0.08036213 268.80000000 0.07711652 0.08399923 0.08239456
0.17300700 268.80000000 0.17038662 0.17895475 0.17330565
0.17219908 306.30000000 0.16957461 0.18954942 0.15982356
0.45646081 318.80000000 0.44552363 0.46628817 0.46033318
0.44568257 256.30000000 0.43744178 0.44592823 0.45895541
0.45646081 318.80000000 0.44552363 0.46628817 0.46033318
0.45646081 318.80000000 0.44552363 0.46628817 0.46033318
0.05176721 318.80000000 0.05215570 0.05278442 0.05136746
0.04638420 256.30000000 0.05002609 0.04071162 0.05120357
0.19909557 218.80000000 0.19597181 0.18922472 0.20865461
0.20039264 156.30000000 0.16660574 0.20582184 0.22686029
0.19909557 218.80000000 0.19597181 0.18922472 0.20865461
0.19909557 218.80000000 0.19597181 0.18922472 0.20865461
0.28174057 218.80000000 0.26101416 0.28257313 0.30006125
0.29452290 156.30000000 0.26362796 0.31054716 0.31101260
0.13652689 243.80000000 0.13942782 0.13641779 0.13636697
0.14277143 181.30000000 0.11591929 0.14752214 0.16667809
0.13528178 243.80000000 0.13632169 0.13718608 0.13468473
0.13652689 243.80000000 0.13942782 0.13641779 0.13636697
0.10866986 243.80000000 0.11184221 0.10799065 0.10850360
0.11823047 181.30000000 0.09511944 0.12499698 0.13488616
0.39628798 343.80000000 0.38016031 0.40290024 0.40943787
0.38634760 281.30000000 0.36253113 0.40168264 0.39843189
0.39659905 343.80000000 0.37860205 0.40463378 0.41003276
0.39628798 343.80000000 0.38016031 0.40290024 0.40943787
0.37009661 343.80000000 0.35387484 0.38152367 0.37786707
0.35795192 281.30000000 0.33603617 0.37396370 0.36589799
0.01837252 293.80000000 0.01986956 0.01359965 0.02218528
0.01839673 331.30000000 0.01704693 0.01577221 0.02300512
0.01804979 293.80000000 0.01876292 0.01368470 0.02217537
0.01837252 293.80000000 0.01986956 0.01359965 0.02218528
0.47184627 293.80000000 0.45714995 0.48648123 0.47575908
0.48039001 331.30000000 0.45700943 0.48788588 0.50059119
0.26085074 193.80000000 0.22783032 0.27255618 0.28753135
0.25399872 231.30000000 0.24182399 0.25755264 0.26742037
0.26042258 193.80000000 0.22663222 0.27259112 0.28808919
0.26085074 193.80000000 0.22783032 0.27255618 0.28753135
0.22830060 193.80000000 0.20520868 0.22760385 0.25366524
0.22295669 231.30000000 0.22264069 0.21904509 0.23058036
0.39676964 181.30000000 0.36241609 0.42331265 0.40687368
0.42707597 318.80000000 0.41040520 0.44370066 0.42906484
0.39545301 181.30000000 0.36099554 0.41983645 0.40555817
0.39676964 181.30000000 0.36241609 0.42331265 0.40687368
0.08439395 181.30000000 0.06911094 0.08888518 0.09642254
0.08474904 318.80000000 0.08393628 0.08710563 0.08392924
0.17238264 281.30000000 0.16199499 0.19034069 0.16902240
0.17127073 218.80000000 0.17271254 0.15709197 0.18262606
0.17190386 281.30000000 0.16279821 0.18817717 0.16792327
0.17238264 281.30000000 0.16199499 0.19034069 0.16902240
0.32403819 281.30000000 0.30265590 0.34185225 0.33056422
0.31143511 218.80000000 0.29885120 0.31207580 0.32630221
0.31175927 331.30000000 0.29894608 0.33411454 0.30399077
0.29664612 168.80000000 0.26369173 0.31603817 0.31143253
0.31175927 331.30000000 0.29894608 0.33411454 0.30399077
0.31175927 331.30000000 0.29894608 0.33411454 0.30399077
0.45641465 331.30000000 0.43839094 0.46623367 0.46889137
0.43987862 168.80000000 0.39473868 0.46695057 0.45475504
0.04273576 231.30000000 0.04931239 0.02942048 0.05081820
0.04718255 268.80000000 0.05265379 0.04476558 0.04680578
0.04273576 231.30000000 0.04931239 0.02942048 0.05081820
0.04273576 231.30000000 0.04931239 0.02942048 0.05081820
0.19752060 231.30000000 0.19806696 0.19570993 0.20153679
0.20223851 268.80000000 0.19669269 0.20646042 0.20681311
0.11285674 206.30000000 0.10256538 0.10724901 0.13104168
0.11313406 293.80000000 0.11707677 0.11929979 0.10513261
0.11358308 206.30000000 0.10357603 0.10702722 0.13092840
0.11285674 206.30000000 0.10256538 0.10724901 0.13104168
0.37305584 206.30000000 0.35158098 0.37786879 0.39339826
0.38398517 293.80000000 0.36915157 0.39472783 0.39096951
0.36048044 306.30000000 0.34755367 0.37326777 0.36210283
0.34908684 193.80000000 0.32270609 0.35669589 0.36854769
0.36081329 306.30000000 0.34615658 0.37527010 0.36251331
0.36048044 306.30000000 0.34755367 0.37326777 0.36210283
0.14566118 306.30000000 0.14715919 0.15919995 0.13299809
0.14199890 193.80000000 0.11633493 0.14341028 0.16915741
0.22979794 256.30000000 0.22482299 0.23079779 0.23629558
0.22329158 243.80000000 0.22466187 0.22264108 0.22445143
0.22962271 256.30000000 0.22542288 0.22968393 0.23610381
0.22979794 256.30000000 0.22482299 0.23079779 0.23629558
0.01364529 256.30000000 0.01680037 0.00821578 0.01736440
0.01227599 243.80000000 0.01642720 0.00608580 0.01423002
0.45933565 156.30000000 0.42082820 0.46630998 0.48852846
0.47659262 343.80000000 0.44958182 0.48089423 0.50420492
0.46030850 156.30000000 0.42363379 0.46731049 0.48904430
0.45933565 156.30000000 0.42082820 0.46630998 0.48852846
0.26716325 156.30000000 0.22934494 0.28576481 0.28760291
0.28154320 343.80000000 0.27426341 0.29907900 0.27496415
0.27395512 159.40000000 0.23531912 0.29034640 0.30135506
0.26067181 178.10000000 0.23010396 0.28122529 0.27330216
0.27313009 159.40000000 0.23617901 0.28937646 0.30026047
0.27395512 159.40000000 0.23531912 0.29034640 0.30135506
0.32979008 159.40000000 0.28516848 0.35465751 0.35500701
0.31997924 178.10000000 0.27983087 0.35269054 0.32855239
0.02041665 259.40000000 0.02244555 0.01845316 0.02154367
0.02304553 278.10000000 0.02526315 0.02216583 0.02264780
0.02007231 259.40000000 0.02270285 0.01740596 0.02193539
0.02041665 259.40000000 0.02244555 0.01845316 0.02154367
0.08509519 259.40000000 0.08197979 0.08619230 0.08815706
0.08517127 278.10000000 0.08099478 0.08937577 0.08775326
0.39452687 309.40000000 0.37869594 0.40999251 0.39768845
0.40217947 328.10000000 0.38876042 0.40721610 0.41445618
0.39535283 309.40000000 0.38072455 0.40880269 0.39942933
0.39452687 309.40000000 0.37869594 0.40999251 0.39768845
0.21020042 309.40000000 0.20284025 0.22898169 0.20007149
0.21652318 328.10000000 0.20578268 0.23022137 0.21655952
0.15316828 209.40000000 0.14517725 0.13802865 0.17674528
0.14982327 228.10000000 0.15339602 0.13990502 0.15814539
0.15361208 209.40000000 0.14570666 0.13966113 0.17787898
0.15316828 209.40000000 0.14517725 0.13802865 0.17674528
0.43724788 209.40000000 0.40519490 0.45380580 0.45464365
0.43787409 228.10000000 0.41716355 0.46042386 0.43889021
0.19942838 234.40000000 0.20480894 0.19468976 0.20159490
0.21383051 203.10000000 0.19914107 0.20515150 0.23707656
0.20111798 234.40000000 0.20597513 0.19442452 0.20556590
0.19942838 234.40000000 0.20480894 0.19468976 0.20159490
0.14519758 234.40000000 0.15109578 0.14337335 0.14311040
0.15362059 203.10000000 0.14027976 0.14585141 0.17292274
0.46276725 334.40000000 0.44526501 0.46698784 0.47900854
0.45315098 303.10000000 0.43755924 0.45918159 0.46904619
0.46084912 334.40000000 0.44384972 0.46463294 0.47878391
0.46276725 334.40000000 0.44526501 0.46698784 0.47900854
0.40298559 334.40000000 0.38603232 0.41433576 0.41094322
0.39172772 303.10000000 0.37397475 0.40093994 0.40536213
0.08365422 284.40000000 0.07855018 0.08493424 0.08831217
0.08503947 253.10000000 0.08083819 0.08621577 0.08972022
0.08371889 284.40000000 0.07946389 0.08460346 0.08782789
0.08365422 284.40000000 0.07855018 0.08493424 0.08831217
0.27600824 284.40000000 0.25898066 0.29740881 0.27372917
0.26589023 253.10000000 0.25901092 0.26749144 0.27829361
0.32236566 184.40000000 0.29666721 0.34294991 0.33147628
0.33414100 153.10000000 0.29788927 0.35181708 0.35633470
0.32176945 184.40000000 0.29959845 0.33948402 0.33009663
0.32236566 184.40000000 0.29666721 0.34294991 0.33147628
0.02002708 184.40000000 0.00950165 0.02171579 0.03014217
0.02412414 153.10000000 0.02449287 0.02786495 0.01955655
0.47507428 196.90000000 0.44252786 0.48658402 0.49810152
0.48025692 290.60000000 0.46779018 0.49301999 0.48371093
0.47695611 196.90000000 0.44429533 0.49096585 0.49970838
0.47507428 196.90000000 0.44252786 0.48658402 0.49810152
0.18701278 196.90000000 0.17452569 0.18009040 0.20760491
0.17783760 290.60000000 0.17781446 0.19056842 0.16967583
0.24581950 296.90000000 0.23617021 0.26662187 0.23531909
0.23803351 190.60000000 0.22147325 0.24483974 0.24988926
0.24526266 296.90000000 0.23432407 0.26754366 0.23493740
0.24581950 296.90000000 0.23617021 0.26662187 0.23531909
0.42423764 296.90000000 0.40934182 0.43121098 0.43378034
0.41224573 190.60000000 0.38383550 0.43391258 0.41932439
0.37882677 346.90000000 0.35815680 0.39297877 0.38829945
0.34738911 240.60000000 0.34269738 0.35770667 0.34695842
0.37878557 346.90000000 0.35845539 0.39488751 0.38702834
0.37882677 346.90000000 0.35815680 0.39297877 0.38829945
0.31679632 346.90000000 0.29987643 0.33231532 0.31990673
0.28799205 240.60000000 0.27649516 0.29816332 0.29381937
0.11716540 246.90000000 0.12064290 0.11596182 0.11611235
0.12534250 340.60000000 0.11269477 0.14183793 0.12344829
0.11664092 246.90000000 0.12034143 0.11655824 0.11519685
0.11716540 246.90000000 0.12064290 0.11596182 0.11611235
0.05188763 246.90000000 0.06040480 0.04255250 0.05412019
0.05822013 340.60000000 0.05626917 0.06419336 0.05481729
0.04868172 221.90000000 0.04774835 0.03741826 0.06161854
0.05887801 315.60000000 0.05967079 0.06210321 0.05596363
0.04916911 221.90000000 0.04763611 0.03773217 0.06297547
0.04868172 221.90000000 0.04774835 0.03741826 0.06161854
0.34531290 221.90000000 0.33180001 0.34507613 0.36226141
0.37674742 315.60000000 0.36191709 0.40138344 0.37261246
0.31424333 321.90000000 0.29951712 0.33911626 0.30571790
0.28739355 215.60000000 0.26319668 0.29323571 0.31021432
0.31541602 321.90000000 0.29857910 0.33961444 0.30867752
0.31424333 321.90000000 0.29951712 0.33911626 0.30571790
0.12745724 321.90000000 0.12474870 0.13603247 0.12315271
0.11698875 215.60000000 0.10676866 0.11398074 0.13281733
0.18017101 271.90000000 0.17553991 0.18209816 0.18262532
0.18164932 165.60000000 0.16081174 0.18012055 0.20826962
0.18068376 271.90000000 0.17488010 0.18500148 0.18190190
0.18017101 271.90000000 0.17553991 0.18209816 0.18262532
0.24308048 271.90000000 0.22949459 0.25646353 0.24478237
0.24577707 165.60000000 0.21368876 0.25008458 0.27946850
0.41476469 171.90000000 0.36644570 0.44975220 0.42881094
0.42000245 265.60000000 0.41654650 0.42061903 0.42973385
0.41394668 171.90000000 0.36598657 0.45012877 0.42446124
0.41476469 171.90000000 0.36644570 0.44975220 0.42881094
0.47414952 171.90000000 0.41950301 0.50640223 0.49710415
0.48183402 265.60000000 0.47736052 0.49158755 0.48127200
0.07793245 165.60000000 0.05744224 0.08430488 0.09639559
0.06608864 234.40000000 0.07149451 0.05892944 0.07044395
0.07846441 165.60000000 0.05717757 0.08361050 0.09852873
0.07793245 165.60000000 0.05744224 0.08430488 0.09639559
0.22462421 165.60000000 0.19276688 0.22938997 0.25808589
0.21043074 234.40000000 0.22031685 0.20450684 0.20957567
0.31681542 265.60000000 0.30795166 0.32289375 0.32578030
0.33124676 334.40000000 0.31292939 0.35324788 0.32942862
0.31668235 265.60000000 0.30765663 0.32267259 0.32603485
0.31681542 265.60000000 0.30795166 0.32289375 0.32578030
0.46899473 265.60000000 0.46541380 0.47692773 0.47085147
0.47294233 334.40000000 0.45135014 0.47817203 0.49244035
0.19802272 315.60000000 0.19354864 0.22146532 0.18231677
0.19593586 284.40000000 0.18358763 0.21492942 0.19128244
0.19799205 315.60000000 0.19457812 0.22116793 0.18142592
0.19802272 315.60000000 0.19354864 0.22146532 0.18231677
0.36273787 315.60000000 0.34814659 0.38461311 0.35928619
0.35164014 284.40000000 0.32878802 0.36843369 0.35810418
0.41270976 215.60000000 0.38654917 0.42582402 0.42682300
0.42400086 184.40000000 0.40220472 0.44192032 0.42905793
0.41312596 215.60000000 0.38770990 0.42651055 0.42633063
0.41270976 215.60000000 0.38654917 0.42582402 0.42682300
0.10522962 215.60000000 0.10132099 0.09887296 0.11738892
0.10956874 184.40000000 0.09255409 0.11328830 0.12256648
0.36217976 240.60000000 0.35461602 0.37543743 0.36241609
0.37405853 159.40000000 0.33554526 0.39223712 0.39910385
0.36183853 240.60000000 0.35555531 0.37164487 0.36351119
0.36217976 240.60000000 0.35461602 0.37543743 0.36241609
0.27687144 240.60000000 0.26830610 0.28964011 0.27824400
0.28661248 159.40000000 0.24820477 0.30361934 0.31254476
0.14214945 340.60000000 0.12741802 0.16150738 0.13958178
0.13297502 259.40000000 0.13319792 0.13740759 0.12963344
0.14197875 340.60000000 0.12661226 0.16167830 0.13946183
0.14214945 340.60000000 0.12741802 0.16150738 0.13958178
0.04289694 340.60000000 0.04133718 0.04408441 0.04350607
0.03543673 259.40000000 0.03668375 0.03589495 0.03606305
0.26067334 290.60000000 0.26016787 0.27509754 0.25025684
0.26634480 309.40000000 0.26517066 0.28593096 0.25005943
0.26123893 290.60000000 0.25621884 0.27900265 0.25180601
0.26067334 290.60000000 0.26016787 0.27509754 0.25025684
0.16331434 290.60000000 0.16370629 0.17892503 0.15220385
0.16480123 309.40000000 0.16230276 0.18467426 0.14904672
0.00630767 190.60000000 0.00000000 0.00835326 0.01088167
0.00620419 209.40000000 0.00445238 0.00412660 0.01004505
0.00630767 190.60000000 0.00000000 0.00824069 0.01085336
0.00630767 190.60000000 0.00000000 0.00835326 0.01088167
0.39157226 190.60000000 0.36536568 0.41609827 0.39780492
0.39075518 209.40000000 0.36308210 0.40037396 0.40988604
0.16555885 178.10000000 0.14180412 0.16657259 0.18880057
0.17015072 346.90000000 0.15885614 0.18845754 0.16563903
0.16566161 178.10000000 0.14151102 0.16530307 0.18955879
0.16555885 178.10000000 0.14180412 0.16657259 0.18880057
0.24689903 178.10000000 0.22181730 0.26139108 0.26130043
0.27170923 346.90000000 0.26119000 0.28584011 0.27051741
0.41280332 278.10000000 0.39245324 0.43225131 0.41912240
0.39933275 246.90000000 0.39233505 0.40565638 0.40150738
0.41281371 278.10000000 0.39344166 0.43099921 0.41906179
0.41280332 278.10000000 0.39245324 0.43225131 0.41912240
0.00827112 278.10000000 0.00998842 0.00767437 0.00742964
0.00568965 246.90000000 0.00737608 0.00116279 0.00868239
0.04360515 328.10000000 0.04294902 0.04322395 0.04562625
0.02945276 196.90000000 0.02145218 0.02062384 0.04619808
0.04361379 328.10000000 0.04269449 0.04335920 0.04575446
0.04360515 328.10000000 0.04294902 0.04322395 0.04562625
0.14454500 328.10000000 0.13497410 0.15864300 0.14304980
0.13375877 196.90000000 0.11457961 0.12923937 0.15877614
0.27318118 228.10000000 0.25722399 0.27759622 0.28664685
0.29606627 296.90000000 0.28649288 0.31090574 0.29057474
0.27299323 228.10000000 0.25583581 0.27796177 0.28529050
0.27318118 228.10000000 0.25722399 0.27759622 0.28664685
0.35800132 228.10000000 0.34541564 0.36370169 0.36674163
0.38010682 296.90000000 0.36309524 0.38713870 0.39376062
0.34160931 203.10000000 0.32387838 0.34551127 0.35775078
0.35112125 271.90000000 0.33774840 0.35628882 0.35807513
0.34095560 203.10000000 0.32470051 0.34530573 0.35513529
0.34160931 203.10000000 0.32387838 0.34551127 0.35775078
0.20229368 203.10000000 0.18943721 0.19380252 0.22279016
0.19524266 271.90000000 0.18451062 0.20436637 0.19787202
0.10783680 303.10000000 0.11458111 0.11183758 0.10055629
0.11283230 171.90000000 0.08796984 0.11954406 0.13221510
0.10694703 303.10000000 0.11297236 0.11016356 0.10062666
0.10783680 303.10000000 0.11458111 0.11183758 0.10055629
0.43972298 303.10000000 0.42298336 0.44910769 0.45336060
0.42876064 171.90000000 0.38517615 0.46224697 0.43906283
0.46598875 253.10000000 0.46023774 0.47385955 0.46758830
0.45832747 221.90000000 0.43478262 0.47853676 0.46299126
0.46652408 253.10000000 0.46003709 0.47542694 0.46726607
0.46598875 253.10000000 0.46023774 0.47385955 0.46758830
0.31144341 253.10000000 0.30294477 0.31354475 0.32256359
0.30417367 221.90000000 0.28988461 0.29930212 0.32542807
0.22282388 153.10000000 0.18798823 0.22978683 0.25211490
0.23099433 321.90000000 0.22476062 0.24811446 0.22210825
0.22210945 153.10000000 0.18771603 0.22709111 0.25142678
0.22282388 153.10000000 0.18798823 0.22978683 0.25211490
0.07905235 153.10000000 0.06486726 0.08432774 0.09093405
0.07555445 321.90000000 0.07395642 0.07917035 0.07378407
0.39828280 154.70000000 0.36301007 0.39670334 0.43311986
0.41194833 279.70000000 0.38991992 0.43075802 0.42040204
0.39814470 154.70000000 0.36241217 0.39648869 0.43307351
0.39828280 154.70000000 0.36301007 0.39670334 0.43311986
0.10995322 154.70000000 0.08828486 0.11396765 0.12555419
0.10942421 279.70000000 0.11153276 0.11461112 0.10723969
0.16757761 254.70000000 0.16993076 0.16698399 0.16770405
0.17227844 179.70000000 0.15381755 0.16698794 0.19512909
0.16768551 254.70000000 0.17001265 0.16725635 0.16767081
0.16757761 254.70000000 0.16993076 0.16698399 0.16770405
0.34419450 254.70000000 0.33810117 0.33663205 0.36237489
0.34023494 179.70000000 0.30968807 0.36111887 0.35132023
0.29614777 304.70000000 0.29047512 0.30986295 0.29023762
0.27735732 229.70000000 0.26337592 0.28249881 0.28940484
0.29769975 304.70000000 0.29247308 0.31310165 0.29093362
0.29614777 304.70000000 0.29047512 0.30986295 0.29023762
0.46690403 304.70000000 0.45445714 0.47292417 0.47784322
0.46077990 229.70000000 0.44183904 0.48679866 0.45522427
0.03617839 204.70000000 0.03515293 0.02187862 0.05254480
0.04817168 329.70000000 0.04911266 0.04697282 0.04971273
0.03564602 204.70000000 0.03512806 0.02188786 0.05100047
0.03617839 204.70000000 0.03515293 0.02187862 0.05254480
0.22786474 204.70000000 0.21590425 0.21618359 0.25245287
0.23811028 329.70000000 0.22697632 0.25608718 0.23385241
0.10456619 229.70000000 0.10958551 0.10064864 0.10595065
0.11366662 304.70000000 0.11748446 0.12135340 0.10395902
0.10478712 229.70000000 0.10891317 0.10052987 0.10630942
0.10456619 229.70000000 0.10958551 0.10064864 0.10595065
0.39309257 229.70000000 0.37742910 0.40135415 0.40209629
0.41389163 304.70000000 0.39583994 0.42347022 0.42500135
0.36812409 329.70000000 0.35254693 0.38016981 0.37477467
0.34544584 204.70000000 0.33378621 0.34100596 0.36387353
0.36728072 329.70000000 0.35237947 0.37712649 0.37535005
0.36812409 329.70000000 0.35254693 0.38016981 0.37477467
0.17817081 329.70000000 0.16663976 0.19576885 0.17471433
0.17885930 204.70000000 0.17355807 0.16588520 0.19689024
0.22831988 279.70000000 0.21823063 0.24196109 0.22870970
0.22396512 154.70000000 0.18709009 0.22985307 0.25353800
0.22849410 279.70000000 0.22016291 0.24161470 0.22824312
0.22831988 279.70000000 0.21823063 0.24196109 0.22870970
0.04433167 279.70000000 0.04460101 0.04642351 0.04423427
0.04722794 154.70000000 0.04303007 0.04391014 0.05401631
0.45644700 179.70000000 0.41542881 0.48759862 0.46945991
0.46773686 254.70000000 0.46247970 0.47768092 0.46669681
0.45489266 179.70000000 0.41909781 0.48418964 0.46527987
0.45644700 179.70000000 0.41542881 0.48759862 0.46945991
0.27916313 179.70000000 0.25078513 0.30028035 0.28843263
0.28546673 254.70000000 0.28104176 0.28204085 0.29681992
0.31573587 192.20000000 0.29143562 0.32717333 0.33276211
0.31573587 192.20000000 0.29143562 0.32717333 0.33276211
0.31578996 192.20000000 0.29321647 0.32608373 0.33229135
0.31573587 192.20000000 0.29143562 0.32717333 0.33276211
0.36826963 192.20000000 0.34106721 0.38633058 0.38077002
0.36780611 192.20000000 0.34172142 0.38513125 0.38007424
0.07392569 292.20000000 0.07740501 0.07515162 0.07128748
0.07392569 292.20000000 0.07740501 0.07515162 0.07128748
0.07396906 292.20000000 0.07770215 0.07520675 0.07134960
0.07392569 292.20000000 0.07740501 0.07515162 0.07128748
0.13693538 292.20000000 0.13989875 0.14809441 0.12741236
0.13703645 292.20000000 0.14045755 0.14846942 0.12741161
0.44917919 342.20000000 0.42833954 0.45389644 0.46974077
0.44917919 342.20000000 0.42833954 0.45389644 0.46974077
0.44873164 342.20000000 0.42562547 0.45508596 0.46932043
0.44917919 342.20000000 0.42833954 0.45389644 0.46974077
0.01433728 342.20000000 0.01479680 0.01063554 0.01789901
0.01432943 342.20000000 0.01460251 0.01073590 0.01764397
0.19527027 242.20000000 0.19788558 0.19846623 0.19317930
0.19527027 242.20000000 0.19788558 0.19846623 0.19317930
0.19326894 242.20000000 0.19674932 0.19598037 0.18974899
0.19527027 242.20000000 0.19788558 0.19846623 0.19317930
0.25139499 242.20000000 0.24921769 0.26159114 0.25188461
0.24929222 242.20000000 0.24792710 0.25838181 0.24831710
0.13357620 217.20000000 0.12806547 0.12426881 0.15110240
0.13357620 217.20000000 0.12806547 0.12426881 0.15110240
0.13312718 217.20000000 0.13024383 0.12255243 0.14849685
0.13357620 217.20000000 0.12806547 0.12426881 0.15110240
0.07230944 217.20000000 0.06857175 0.06228972 0.08811821
0.07184843 217.20000000 0.06962788 0.06061765 0.08695152
0.39283487 317.20000000 0.37817574 0.41225967 0.39260095
0.39283487 317.20000000 0.37817574 0.41225967 0.39260095
0.39289669 317.20000000 0.37729131 0.41190113 0.39271913
0.39283487 317.20000000 0.37817574 0.41225967 0.39260095
0.33389923 317.20000000 0.31875234 0.35887427 0.32753490
0.33398364 317.20000000 0.31845661 0.35769874 0.32874684
0.01161495 267.20000000 0.01598610 0.00683552 0.01264413
0.01161495 267.20000000 0.01598610 0.00683552 0.01264413
0.01123263 267.20000000 0.01495792 0.00687372 0.01277134
0.01161495 267.20000000 0.01598610 0.00683552 0.01264413
0.44345068 267.20000000 0.43754946 0.44718438 0.45112343
0.44408779 267.20000000 0.44014543 0.44557092 0.45317045
0.25976042 167.20000000 0.22488607 0.27325603 0.28538681
0.25976042 167.20000000 0.22488607 0.27325603 0.28538681
0.25964375 167.20000000 0.22287610 0.27175645 0.28632490
0.25976042 167.20000000 0.22488607 0.27325603 0.28538681
0.19328653 167.20000000 0.16578493 0.19322015 0.22277616
0.19341478 167.20000000 0.16396916 0.19157778 0.22301915
0.24114784 173.50000000 0.21667036 0.25335279 0.25654884
0.25690264 335.90000000 0.24349511 0.27821407 0.25159337
0.24098076 173.50000000 0.21710888 0.25201611 0.25654006
0.24114784 173.50000000 0.21667036 0.25335279 0.25654884
0.44203542 173.50000000 0.39822797 0.47931827 0.44949473
0.46515943 335.90000000 0.44557108 0.47081608 0.48355378
0.48990913 273.40000000 0.47629588 0.50786159 0.48698224
0.47275502 235.90000000 0.46079741 0.49855899 0.46245249
0.49017285 273.40000000 0.47358628 0.51161602 0.48907555
0.48990913 273.40000000 0.47629588 0.50786159 0.48698224
0.20969905 273.40000000 0.19976595 0.21161585 0.21889722
0.20217516 235.90000000 0.21055689 0.19484087 0.20262848
0.13278812 323.40000000 0.13121233 0.14118213 0.12805574
0.12728058 186.00000000 0.10683728 0.13160398 0.14195665
0.13260262 323.40000000 0.13105762 0.14112861 0.12811956
0.13278812 323.40000000 0.13121233 0.14118213 0.12805574
0.09783237 323.40000000 0.09949680 0.09905744 0.09590864
0.09407567 186.00000000 0.07841202 0.10160317 0.10406700
0.34976216 223.40000000 0.33586847 0.35268041 0.36410606
0.37021184 285.90000000 0.34574349 0.38938710 0.37785328
0.34943262 223.40000000 0.33618262 0.35199450 0.36420383
0.34976216 223.40000000 0.33586847 0.35268041 0.36410606
0.31982440 223.40000000 0.30370097 0.32297585 0.33485906
0.33757008 285.90000000 0.31303090 0.35581411 0.34518506
0.29928525 248.40000000 0.29049877 0.30052921 0.31121864
0.30026229 260.90000000 0.28836070 0.30270915 0.31311253
0.29860216 248.40000000 0.29002456 0.30032201 0.31009974
0.29928525 248.40000000 0.29049877 0.30052921 0.31121864
0.02135667 248.40000000 0.02448860 0.01998960 0.02137469
0.02300237 260.90000000 0.02569224 0.02132271 0.02319018
0.06118766 348.40000000 0.05782122 0.06802339 0.05860808
0.06275823 161.00000000 0.04671622 0.06559807 0.07568759
0.06078560 348.40000000 0.05660535 0.06641729 0.05890783
0.06118766 348.40000000 0.05782122 0.06802339 0.05860808
0.29228547 348.40000000 0.28204347 0.30672560 0.29041255
0.27463822 161.00000000 0.22773932 0.29278915 0.30496040
0.42819285 298.40000000 0.41387994 0.43436129 0.44090998
0.40703681 210.90000000 0.38684329 0.41199603 0.42532105
0.42756884 298.40000000 0.41402022 0.43367222 0.43958000
0.42819285 298.40000000 0.41387994 0.43436129 0.44090998
0.39900536 298.40000000 0.38112476 0.40556393 0.41485841
0.37299827 210.90000000 0.35264693 0.37922335 0.39155953
0.19008659 198.50000000 0.17709922 0.18606308 0.20841221
0.18442049 310.90000000 0.18156525 0.20927936 0.16528357
0.18981883 198.50000000 0.17705852 0.18465232 0.20951608
0.19008659 198.50000000 0.17709922 0.18606308 0.20841221
0.15731560 198.50000000 0.14344115 0.15444967 0.17349288
0.15806434 310.90000000 0.15330516 0.18058735 0.14220078
0.02040167 186.00000000 0.00964418 0.02106571 0.03043936
0.02137142 248.40000000 0.02436735 0.02008307 0.02149540
0.02041979 186.00000000 0.00949427 0.02056135 0.03073583
0.02040167 186.00000000 0.00964418 0.02106571 0.03043936
0.05585754 186.00000000 0.04339894 0.05261104 0.07276586
0.05962159 248.40000000 0.06168278 0.05243962 0.06637702
0.27911189 285.90000000 0.26080946 0.29947392 0.27914269
0.29254598 348.40000000 0.28203379 0.30738591 0.29106896
0.28000712 285.90000000 0.26299660 0.29894866 0.28035825
0.27911189 285.90000000 0.26080946 0.29947392 0.27914269
0.30956758 285.90000000 0.28703935 0.32758535 0.31500106
0.32014011 348.40000000 0.30487396 0.33528280 0.32294687
0.16336765 335.90000000 0.15036165 0.18780240 0.15398324
0.15861412 298.40000000 0.15709842 0.17190608 0.14921936
0.16321977 335.90000000 0.14970207 0.18796072 0.15427158
0.16336765 335.90000000 0.15036165 0.18780240 0.15398324
0.43506993 335.90000000 0.41404515 0.44534238 0.44858166
0.42862268 298.40000000 0.41418976 0.43452241 0.44116801
0.37547392 235.90000000 0.36949444 0.38340182 0.37695348
0.38303275 198.50000000 0.35696511 0.39331145 0.39964629
0.37521607 235.90000000 0.36796684 0.38402088 0.37658906
0.37547392 235.90000000 0.36949444 0.38340182 0.37695348
0.17773400 235.90000000 0.18525016 0.17669976 0.17314687
0.18954112 198.50000000 0.17544477 0.18557410 0.20909892
0.43777642 210.90000000 0.41335923 0.45259775 0.45022534
0.44268994 173.50000000 0.39805356 0.48044250 0.45084061
0.43866515 210.90000000 0.40832058 0.45589515 0.45410035
0.43777642 210.90000000 0.41335923 0.45259775 0.45022534
0.47145205 210.90000000 0.44242489 0.48897015 0.48530600
0.47482501 173.50000000 0.42038290 0.51025823 0.49782848
0.21417916 310.90000000 0.20533313 0.23220897 0.20736268
0.20956102 273.40000000 0.19974693 0.21133607 0.21891417
0.21417919 310.90000000 0.20527264 0.23227019 0.20746951
0.21417916 310.90000000 0.20533313 0.23220897 0.20736268
0.24957635 310.90000000 0.24365550 0.27330753 0.23429468
0.24723274 273.40000000 0.23328005 0.26427503 0.24657473
0.32686952 260.90000000 0.31586985 0.32642474 0.34114996
0.35264270 323.40000000 0.33588510 0.37015286 0.35436690
0.32677802 260.90000000 0.31541251 0.32758380 0.33952841
0.32686952 260.90000000 0.31586985 0.32642474 0.34114996
0.12220896 260.90000000 0.12755015 0.11883665 0.12131015
0.13265534 323.40000000 0.13116473 0.14120280 0.12827187
0.09451342 161.00000000 0.07566356 0.09567107 0.11252871
0.08953002 223.40000000 0.08408684 0.08479917 0.10210256
0.09332490 161.00000000 0.07563032 0.09391702 0.11210021
0.09451342 161.00000000 0.07566356 0.09567107 0.11252871
0.36296771 161.00000000 0.31344576 0.38435717 0.39137610
0.34923797 223.40000000 0.33754891 0.35171143 0.36285532
0.17883168 157.80000000 0.15894327 0.17694516 0.20344903
0.17774730 251.50000000 0.18039467 0.17852694 0.17740713
0.17745134 157.80000000 0.15700312 0.17526187 0.20324708
0.17883168 157.80000000 0.15894327 0.17694516 0.20344903
0.29995469 157.80000000 0.26195733 0.31584035 0.32450273
0.29286377 251.50000000 0.28430917 0.29519305 0.30327878
0.41558474 257.80000000 0.40514064 0.41711412 0.42784974
0.41587769 151.50000000 0.38674399 0.42144473 0.44319935
0.41680336 257.80000000 0.40644353 0.42088942 0.42602425
0.41558474 257.80000000 0.40514064 0.41711412 0.42784974
0.04891921 257.80000000 0.05176473 0.04422427 0.05234416
0.05410531 151.50000000 0.04697321 0.05380420 0.06284107
0.05487802 307.80000000 0.05819407 0.05415686 0.05286879
0.04217841 201.50000000 0.03727319 0.02773530 0.06275931
0.05487088 307.80000000 0.05809122 0.05420262 0.05286879
0.05487802 307.80000000 0.05819407 0.05415686 0.05286879
0.17637318 307.80000000 0.17401580 0.19298179 0.16357520
0.18362084 201.50000000 0.17429987 0.17659429 0.20344181
0.28993694 207.80000000 0.26525963 0.28826857 0.31946836
0.29997957 301.50000000 0.28568745 0.31428332 0.30126632
0.28992751 207.80000000 0.26532934 0.28826857 0.31941791
0.28993694 207.80000000 0.26525963 0.28826857 0.31946836
0.40527287 207.80000000 0.38327068 0.41072019 0.42265092
0.41888780 301.50000000 0.39684428 0.42682757 0.43637539
0.33677182 232.80000000 0.33397310 0.33787766 0.34296528
0.37725510 326.50000000 0.35945070 0.39134415 0.38487332
0.33718765 232.80000000 0.33305469 0.34012857 0.34442724
0.33677182 232.80000000 0.33397310 0.33787766 0.34296528
0.22751755 232.80000000 0.22757798 0.23144987 0.22703220
0.24763830 326.50000000 0.23770414 0.26698014 0.24117977
0.12619278 332.80000000 0.11841327 0.13990203 0.12129399
0.11285738 226.50000000 0.11356860 0.10684860 0.12128750
0.12587582 332.80000000 0.11948194 0.13867417 0.12026818
0.12619278 332.80000000 0.11841327 0.13990203 0.12129399
0.48285173 332.80000000 0.45813937 0.48968633 0.50455377
0.46800293 226.50000000 0.44528499 0.49794594 0.46010890
0.47748251 282.80000000 0.45705770 0.49537846 0.48230361
0.46486110 176.50000000 0.41144066 0.50041701 0.48189773
0.47840921 282.80000000 0.45583759 0.49800018 0.48307608
0.47748251 282.80000000 0.45705770 0.49537846 0.48230361
0.36367045 282.80000000 0.34061287 0.37955293 0.37136512
0.34712072 176.50000000 0.30599293 0.37241143 0.36021899
0.23715648 182.80000000 0.21960043 0.24554383 0.24925808
0.23830964 276.50000000 0.22414134 0.25791762 0.23656909
0.23756350 182.80000000 0.21666900 0.24962062 0.24866950
0.23715648 182.80000000 0.21960043 0.24554383 0.24925808
0.11886152 182.80000000 0.09605600 0.12812072 0.13558895
0.11510589 276.50000000 0.11426258 0.12129154 0.11374408
0.08591432 195.30000000 0.06868937 0.08438383 0.10479730
0.08830536 164.00000000 0.06861575 0.09057479 0.10982437
0.08549229 195.30000000 0.06765215 0.08567354 0.10484668
0.08591432 195.30000000 0.06868937 0.08438383 0.10479730
0.20749417 195.30000000 0.18546468 0.19661796 0.23881817
0.20513198 164.00000000 0.17051828 0.20210125 0.24055872
0.33145355 295.30000000 0.31926302 0.34431957 0.33377909
0.32376704 264.00000000 0.31640645 0.32791151 0.32992514
0.33216476 295.30000000 0.32003610 0.34319645 0.33447281
0.33145355 295.30000000 0.31926302 0.34431957 0.33377909
0.45158092 295.30000000 0.43819457 0.46141445 0.45929898
0.45081825 264.00000000 0.44392546 0.45438499 0.45739533
0.20801634 345.30000000 0.19504735 0.22196005 0.20834909
0.20726172 314.00000000 0.20251384 0.22648819 0.19561190
0.20800704 345.30000000 0.19467447 0.22193483 0.20889317
0.20801634 345.30000000 0.19504735 0.22196005 0.20834909
0.34417857 345.30000000 0.32541845 0.36085506 0.34843079
0.34118425 314.00000000 0.32986202 0.36253090 0.33453097
0.44042047 245.30000000 0.43725738 0.44896739 0.43897086
0.42732635 214.00000000 0.39410990 0.44433825 0.44513566
0.44077588 245.30000000 0.43786526 0.44884728 0.43902013
0.44042047 245.30000000 0.43725738 0.44896739 0.43897086
0.08401078 245.30000000 0.08477063 0.08425270 0.08374073
0.08597231 214.00000000 0.07712028 0.08270819 0.09891574
0.36958814 220.30000000 0.35062752 0.37588982 0.38548020
0.37115277 239.00000000 0.36207662 0.38755581 0.36673567
0.36956502 220.30000000 0.35151772 0.37865091 0.38237136
0.36958814 220.30000000 0.35062752 0.37588982 0.38548020
0.25794144 220.30000000 0.23942195 0.25775166 0.28137380
0.25640703 239.00000000 0.25129316 0.26703108 0.25397827
0.15630670 320.30000000 0.15088470 0.17449692 0.14621174
0.15630149 339.00000000 0.14207858 0.17939089 0.14984171
0.15619055 320.30000000 0.15009977 0.17346676 0.14689771
0.15630670 320.30000000 0.15088470 0.17449692 0.14621174
0.02185660 320.30000000 0.01953645 0.02077356 0.02535701
0.02241758 339.00000000 0.02066262 0.02195954 0.02476376
0.26886584 270.30000000 0.26154824 0.27732528 0.27103943
0.27283243 289.00000000 0.26454786 0.29039595 0.26539170
0.26892147 270.30000000 0.26095376 0.27862870 0.27001602
0.26886584 270.30000000 0.26154824 0.27732528 0.27103943
0.14647004 270.30000000 0.14356810 0.15183851 0.14400989
0.14898718 289.00000000 0.14614108 0.16388887 0.14067741
0.01759586 170.30000000 0.01152015 0.01749124 0.02310771
0.01374565 189.00000000 0.00620088 0.01499209 0.02098050
0.01761327 170.30000000 0.01149136 0.01754420 0.02297379
0.01759586 170.30000000 0.01152015 0.01749124 0.02310771
0.38078848 170.30000000 0.33680814 0.42085419 0.38622316
0.37354150 189.00000000 0.34968214 0.39682363 0.37608667
0.45391917 164.00000000 0.40117117 0.47910658 0.48362750
0.46273935 307.80000000 0.45269246 0.46770191 0.47159953
0.45419068 164.00000000 0.40103307 0.47875479 0.48490204
0.45391917 164.00000000 0.40117117 0.47910658 0.48362750
0.13209905 164.00000000 0.10580165 0.13072091 0.16338110
0.13484906 307.80000000 0.13366631 0.14703140 0.12542426
0.21812503 264.00000000 0.21398988 0.21658701 0.22695440
0.22026145 207.80000000 0.20970915 0.20930426 0.24422104
0.21777904 264.00000000 0.21323048 0.21633432 0.22693201
0.21812503 264.00000000 0.21398988 0.21658701 0.22695440
0.36955734 264.00000000 0.36536469 0.36985893 0.37828099
0.35849794 207.80000000 0.33751693 0.35960176 0.38136449
0.35816297 314.00000000 0.34295272 0.38057773 0.35471679
0.34284199 157.80000000 0.30225221 0.36100887 0.36696945
0.35641714 314.00000000 0.34092603 0.37892443 0.35258606
0.35816297 314.00000000 0.34295272 0.38057773 0.35471679
0.26383797 314.00000000 0.25677592 0.28959700 0.24824237
0.25335205 157.80000000 0.21926737 0.26499594 0.27997806
0.10131475 214.00000000 0.09790655 0.09783853 0.11013895
0.09907557 257.80000000 0.10328759 0.09816474 0.09643395
0.10090247 214.00000000 0.09710066 0.09751421 0.10992407
0.10131475 214.00000000 0.09790655 0.09783853 0.11013895
0.00374728 214.00000000 0.00299070 0.00126582 0.00692137
0.00581703 257.80000000 0.00706720 0.00343795 0.00709271
0.02715019 239.00000000 0.03067515 0.02457294 0.02660160
0.03571552 282.80000000 0.03602759 0.03634747 0.03533839
0.02717012 239.00000000 0.03068893 0.02459017 0.02659841
0.02715019 239.00000000 0.03067515 0.02457294 0.02660160
0.29858963 239.00000000 0.28971965 0.30740494 0.29989283
0.31528744 282.80000000 0.29480387 0.33120543 0.32063662
0.30033412 339.00000000 0.28942670 0.31657234 0.29703958
0.27574294 182.80000000 0.25444690 0.29224742 0.28454177
0.30069810 339.00000000 0.28935431 0.31702171 0.29733417
0.30033412 339.00000000 0.28942670 0.31657234 0.29703958
0.06993274 339.00000000 0.06736443 0.07784206 0.06544723
0.06897409 182.80000000 0.05163061 0.07510307 0.08377760
0.16082064 289.00000000 0.15976267 0.17487167 0.15069722
0.15886439 232.80000000 0.16707640 0.15361817 0.15777502
0.16090323 289.00000000 0.15881911 0.17588716 0.15071488
0.16082064 289.00000000 0.15976267 0.17487167 0.15069722
0.18955179 289.00000000 0.18532331 0.20492419 0.18091591
0.18688571 232.80000000 0.19027492 0.18789496 0.18647378
0.39107633 189.00000000 0.36727755 0.41269027 0.39524411
0.41750401 332.80000000 0.39515662 0.43172907 0.42928785
0.38925355 189.00000000 0.36770239 0.41214620 0.39242680
0.39107633 189.00000000 0.36727755 0.41269027 0.39524411
0.42595831 189.00000000 0.40018755 0.44540141 0.43476357
0.44327255 332.80000000 0.42469964 0.45280618 0.45464204
0.24247706 176.50000000 0.21776660 0.25988211 0.25302957
0.24648493 220.30000000 0.23003659 0.24958238 0.26381561
0.24334787 176.50000000 0.21766582 0.26175738 0.25381463
0.24247706 176.50000000 0.21776660 0.25988211 0.25302957
0.33086458 176.50000000 0.29124412 0.36592665 0.33603884
0.32438741 220.30000000 0.31167171 0.32648259 0.33801642
0.00651407 276.50000000 0.00870442 0.00423786 0.00640366
0.00624921 320.30000000 0.00843762 0.00365144 0.00648862
0.00651530 276.50000000 0.00869501 0.00422980 0.00647607
0.00651407 276.50000000 0.00870442 0.00423786 0.00640366
0.09799767 276.50000000 0.09978602 0.10062758 0.09652242
0.10484853 320.30000000 0.10529115 0.11094339 0.09999739
0.38729259 326.50000000 0.37248902 0.39889953 0.39463291
0.37392904 270.30000000 0.36620333 0.37739992 0.38166223
0.38709054 326.50000000 0.37201940 0.39836942 0.39330487
0.38729259 326.50000000 0.37248902 0.39889953 0.39463291
0.23189713 326.50000000 0.22276416 0.24461753 0.23163625
0.21859139 270.30000000 0.21220120 0.21830874 0.22830241
0.13039126 226.50000000 0.13582727 0.11612080 0.14212989
0.13499064 170.30000000 0.10774977 0.13426318 0.16581960
0.12923897 226.50000000 0.13561749 0.11410163 0.14027707
0.13039126 226.50000000 0.13582727 0.11612080 0.14212989
0.45341943 226.50000000 0.43149985 0.48078535 0.45123486
0.45704276 170.30000000 0.40630201 0.49390980 0.47149967
0.19555683 201.50000000 0.18308558 0.19014693 0.21534445
0.19547135 195.30000000 0.17832202 0.18909012 0.21751702
0.19630469 201.50000000 0.18399725 0.19155474 0.21477527
0.19555683 201.50000000 0.18308558 0.19014693 0.21534445
0.16823973 201.50000000 0.16088784 0.16123300 0.18441751
0.16339099 195.30000000 0.15137481 0.15443279 0.18506617
0.43572908 301.50000000 0.41595998 0.44405287 0.45155123
0.43752621 295.30000000 0.42287089 0.44637597 0.44640720
0.43567559 301.50000000 0.41816496 0.44373922 0.45096737
0.43572908 301.50000000 0.41595998 0.44405287 0.45155123
0.40415726 301.50000000 0.37921756 0.41463642 0.42215398
0.40774140 295.30000000 0.39063497 0.41613726 0.41932412
0.06359026 251.50000000 0.06386988 0.05640488 0.07329731
0.06803818 345.30000000 0.06385378 0.07660681 0.06392285
0.06360127 251.50000000 0.06471185 0.05515393 0.07350220
0.06359026 251.50000000 0.06386988 0.05640488 0.07329731
0.28058485 251.50000000 0.27384659 0.28581599 0.28921905
0.30028795 345.30000000 0.28790095 0.31704423 0.29788946
0.31763688 151.50000000 0.29090652 0.33431102 0.33322780
0.30271873 245.30000000 0.29851316 0.30248939 0.30888481
0.31721686 151.50000000 0.29024418 0.33178378 0.33485814
0.31763688 151.50000000 0.29090652 0.33431102 0.33322780
0.03488988 151.50000000 0.03387550 0.03498526 0.03541415
0.03018958 245.30000000 0.03416159 0.02553484 0.03217772
