0.46000000 55.30000000 0.45832735 0.47682054 0.44977905
0.46000000 55.30000000 0.45832735 0.47682054 0.44977905
0.46000000 55.30000000 0.45832735 0.47682054 0.44977905
0.46000000 55.30000000 0.45832735 0.47682054 0.44977905
0.46000000 55.30000000 0.45832735 0.47682054 0.44977905
0.46000000 55.30000000 0.45832735 0.47682054 0.44977905
0.52900000 211.30000000 0.53702497 0.52364450 0.52467694
0.52900000 211.30000000 0.53702497 0.52364450 0.52467694
0.52900000 211.30000000 0.53702497 0.52364450 0.52467694
0.52900000 211.30000000 0.53702497 0.52364450 0.52467694
0.52900000 211.30000000 0.53702497 0.52364450 0.52467694
0.52900000 211.30000000 0.53702497 0.52364450 0.52467694
0.51090909 293.90000000 0.50616306 0.52108886 0.50208309
0.51090909 293.90000000 0.50616306 0.52108886 0.50208309
0.49490909 299.70000000 0.47443881 0.49805286 0.51450738
0.51090909 293.90000000 0.50616306 0.52108886 0.50208309
0.52145455 282.40000000 0.47910452 0.52884093 0.55315048
0.52145455 282.00000000 0.49654924 0.50781730 0.55291119
0.55600000 128.30000000 0.54545374 0.57169435 0.54823392
0.55600000 128.30000000 0.54545374 0.57169435 0.54823392
0.56080000 129.00000000 0.55661060 0.57011359 0.55533516
0.55600000 128.30000000 0.54545374 0.57169435 0.54823392
0.53440000 133.90000000 0.52785796 0.54925183 0.52139420
0.53840000 134.80000000 0.52753237 0.54813976 0.55097935
0.52737257 164.70000000 0.51982219 0.54508032 0.51614851
0.52737257 164.70000000 0.51982219 0.54508032 0.51614851
0.53592365 164.30000000 0.50025556 0.58114094 0.52662217
0.54022949 164.70000000 0.54033154 0.54881968 0.53318429
0.52737257 164.70000000 0.51982219 0.54508032 0.51614851
0.53651822 164.40000000 0.50296279 0.57179793 0.53726214
0.52926804 332.60000000 0.53000990 0.54503500 0.51484495
0.52926804 332.60000000 0.53000990 0.54503500 0.51484495
0.51968747 332.10000000 0.53617357 0.51746564 0.50484938
0.51775928 332.70000000 0.51561418 0.52369874 0.51130731
0.52926804 332.60000000 0.53000990 0.54503500 0.51484495
0.52289260 332.80000000 0.53518177 0.52928497 0.50500518
0.53260114 246.60000000 0.51757332 0.50478719 0.57020839
0.53260114 246.60000000 0.51757332 0.50478719 0.57020839
0.51743609 246.70000000 0.52531386 0.48876028 0.53694236
0.52041627 246.60000000 0.51493415 0.49431228 0.55076992
0.52547247 263.90000000 0.51309778 0.52568913 0.53518291
0.50017906 258.40000000 0.49343950 0.50169436 0.50762263
0.52471264 95.30000000 0.56832738 0.48239318 0.52080238
0.52471264 95.30000000 0.56832738 0.48239318 0.52080238
0.53257576 95.90000000 0.52661198 0.52808241 0.53445662
0.51550418 95.40000000 0.54736826 0.48343264 0.51367380
0.54857628 91.30000000 0.50999602 0.54834067 0.58923497
0.53023772 91.00000000 0.50327901 0.52090092 0.56777418
0.51650503 113.20000000 0.53103395 0.49711058 0.51547026
0.52192828 231.40000000 0.51080419 0.52860021 0.52254915
0.51650503 113.20000000 0.53103395 0.49711058 0.51547026
0.51929995 112.60000000 0.54866884 0.47076507 0.53300003
0.53523188 107.70000000 0.55758630 0.52141484 0.53241250
0.53517448 221.10000000 0.51519701 0.55885832 0.53197027
0.53062834 257.70000000 0.54271857 0.52039302 0.52837019
0.51457801 69.20000000 0.50993541 0.53034549 0.49203602
0.53062834 257.70000000 0.54271857 0.52039302 0.52837019
0.52633299 257.80000000 0.53175864 0.51603439 0.53166613
0.51813442 271.30000000 0.49096654 0.54391425 0.51741903
0.49989344 72.20000000 0.46667996 0.51996990 0.50954971
0.52792924 359.20000000 0.52009775 0.55455194 0.50750894
0.54519716 154.40000000 0.51606776 0.55187545 0.56445356
0.53214611 358.40000000 0.53325561 0.52326657 0.53980891
0.52580170 358.30000000 0.51870676 0.54510377 0.51131555
0.52792924 359.20000000 0.52009775 0.55455194 0.50750894
0.52710276 156.40000000 0.51729813 0.54394584 0.51849058
0.53612410 187.20000000 0.53589853 0.54329152 0.52660850
0.53471593 303.50000000 0.54724807 0.53890907 0.51607223
0.49918341 188.70000000 0.48208700 0.50533360 0.51034982
0.52956105 187.30000000 0.51912797 0.54065227 0.52513330
0.53612410 187.20000000 0.53589853 0.54329152 0.52660850
0.53199717 302.80000000 0.51190700 0.55984208 0.52054920
0.52225622 150.40000000 0.50511637 0.53080576 0.53440706
0.53427911 346.00000000 0.52530967 0.54754535 0.52971037
0.51252914 150.30000000 0.49500492 0.53627521 0.50497182
0.51114510 150.60000000 0.50070519 0.53701988 0.49141833
0.51386946 158.70000000 0.46587050 0.53357753 0.53719250
0.52792287 364.40000000 0.52530726 0.53315836 0.52449729
0.52689164 324.60000000 0.52219979 0.53123526 0.52484056
0.51132293 197.90000000 0.49711291 0.51082773 0.52267788
0.52688468 326.40000000 0.50765807 0.54344822 0.53440869
0.52247568 325.70000000 0.52070549 0.52044427 0.52609067
0.50748880 306.90000000 0.49243265 0.49862945 0.52916818
0.53892296 190.30000000 0.51242109 0.55246128 0.54919776
0.52511625 224.10000000 0.49850711 0.50776614 0.56661478
0.54841298 108.70000000 0.53970997 0.54995899 0.55155731
0.52878597 223.10000000 0.50559145 0.51281300 0.57258380
0.52649240 224.20000000 0.50153865 0.51466526 0.56100507
0.52511625 224.10000000 0.49850711 0.50776614 0.56661478
0.51839182 108.90000000 0.49872464 0.53468937 0.52575658
0.53032822 74.10000000 0.51292695 0.52425100 0.55540160
0.52670537 272.30000000 0.53417527 0.50782267 0.53700947
0.51453538 73.60000000 0.50854077 0.56524285 0.47410879
0.51886189 74.20000000 0.51279772 0.51951659 0.50838511
0.53032822 74.10000000 0.51292695 0.52425100 0.55540160
0.50994498 273.40000000 0.50656566 0.50681904 0.51899190
0.52233041 80.40000000 0.48796101 0.51585561 0.55183711
0.56245992 138.90000000 0.57907571 0.54055657 0.57108066
0.52229796 81.90000000 0.50961911 0.48957995 0.57456211
0.51212269 80.50000000 0.48301809 0.53878810 0.51627312
0.51471925 79.10000000 0.50298219 0.51775761 0.51657385
0.53725815 136.70000000 0.53112298 0.54626977 0.53626516
0.53047575 249.50000000 0.55209469 0.52696454 0.51019058
0.50844453 309.70000000 0.48653101 0.53452741 0.50273155
0.53529648 250.00000000 0.54887835 0.52794890 0.53180706
0.52431050 250.90000000 0.52603070 0.53628491 0.51168511
0.52477591 242.60000000 0.52941918 0.53541484 0.50497969
0.52745243 301.80000000 0.53735462 0.51846540 0.52891553
0.53480654 306.30000000 0.51728502 0.53721911 0.54681849
0.53200729 212.10000000 0.50176231 0.52868058 0.56695271
0.53480654 306.30000000 0.51728502 0.53721911 0.54681849
0.54074171 306.70000000 0.52071802 0.54321842 0.55638548
0.51568634 333.50000000 0.51293822 0.50600545 0.52305774
0.51957621 230.40000000 0.50527374 0.52239237 0.52937797
0.51865716 163.50000000 0.51632713 0.52633034 0.51754274
0.47827684 62.90000000 0.41793375 0.45262155 0.53053547
0.51865716 163.50000000 0.51632713 0.52633034 0.51754274
0.52320261 163.60000000 0.52795511 0.52832688 0.52235470
0.54475002 159.40000000 0.52062261 0.58197761 0.53003856
0.48658192 62.20000000 0.44321022 0.53202343 0.47953509
0.53831083 203.50000000 0.50967405 0.54276387 0.56094013
0.54482388 103.80000000 0.51506120 0.52079338 0.60936003
0.51316341 207.20000000 0.46150718 0.54084651 0.53518939
0.53935519 203.60000000 0.51880126 0.54272139 0.55623339
0.51832736 206.00000000 0.48275405 0.53585324 0.53681157
0.48499785 104.90000000 0.46464463 0.50881974 0.48246390
0.53169743 349.70000000 0.52245433 0.55614326 0.51134039
0.53786742 252.70000000 0.52362778 0.53300790 0.55591902
0.52935570 346.80000000 0.52098390 0.52976952 0.53598658
0.53288943 349.70000000 0.52373977 0.55365827 0.51722003
0.52966879 351.90000000 0.52617084 0.52940991 0.53558857
0.52085679 254.50000000 0.52265423 0.52419103 0.51915903
0.55043836 290.80000000 0.54135491 0.56632772 0.54216818
0.50480931 351.80000000 0.49709913 0.49062802 0.52544939
0.53197475 297.20000000 0.53191530 0.55096586 0.51502642
0.54177046 290.80000000 0.53487628 0.54893332 0.54069044
0.52901404 266.40000000 0.51104823 0.53003560 0.54126389
0.52189683 322.90000000 0.51213623 0.51935810 0.53162515
0.54768366 121.80000000 0.51210682 0.54087655 0.58913607
0.51597647 181.40000000 0.49892669 0.53221410 0.51413128
0.54675412 122.00000000 0.53029809 0.56016840 0.54389505
0.52422789 121.30000000 0.48893845 0.56036547 0.53272902
0.55706147 123.30000000 0.52511266 0.55622330 0.57865996
0.51251530 180.00000000 0.52939244 0.48020430 0.52770322
0.52115550 98.60000000 0.49703521 0.52163407 0.55118116
0.52787150 308.40000000 0.52703278 0.55319514 0.50139975
0.52830756 98.70000000 0.50931710 0.51197270 0.55996084
0.54077534 98.60000000 0.52153764 0.54770037 0.56900692
0.54589777 105.30000000 0.54538753 0.54803794 0.55511799
0.54174266 331.70000000 0.53662549 0.55053750 0.53684220
0.51841612 265.30000000 0.52647629 0.50933224 0.52204691
0.51270690 163.30000000 0.51518583 0.52552029 0.49709646
0.51195155 263.20000000 0.53035665 0.48803268 0.51707185
0.51759982 264.80000000 0.52258865 0.51908148 0.51088910
0.51559692 256.40000000 0.51589143 0.51167118 0.51978017
0.54468636 159.60000000 0.52679357 0.57359968 0.53384093
0.52438420 333.90000000 0.52499704 0.53430499 0.51268499
0.55064914 81.70000000 0.51456686 0.56533391 0.57341275
0.52438420 333.90000000 0.52499704 0.53430499 0.51268499
0.52469573 333.80000000 0.52593273 0.54081072 0.50552161
0.54053617 324.70000000 0.51371620 0.52848007 0.57271010
0.50704317 78.80000000 0.47126839 0.51810247 0.52357675
0.51542908 188.40000000 0.51814988 0.49278193 0.53833846
0.52344863 253.50000000 0.51362678 0.53063426 0.52771946
0.51542908 188.40000000 0.51814988 0.49278193 0.53833846
0.51075751 188.50000000 0.50330678 0.50972511 0.52222294
0.52412281 181.30000000 0.52665123 0.53351759 0.51367656
0.54276028 243.50000000 0.52748127 0.55290183 0.54523331
0.52981205 145.70000000 0.52635737 0.54140526 0.51916630
0.53234927 289.40000000 0.50105039 0.53875804 0.54967691
0.52601437 145.80000000 0.49917641 0.55151586 0.52115947
0.53124931 144.40000000 0.53341056 0.55482126 0.51484419
0.53346600 137.10000000 0.52433819 0.56571377 0.50468374
0.53234927 272.60000000 0.53130543 0.52178751 0.54423419
0.52462565 294.10000000 0.49188259 0.54037152 0.54052941
0.52417541 119.40000000 0.53833276 0.52630873 0.49847822
0.52845070 291.10000000 0.50309723 0.53644359 0.54255459
0.51864591 294.10000000 0.50642546 0.52474477 0.52554336
0.52390783 306.60000000 0.51478845 0.53445589 0.52383951
0.53892804 125.80000000 0.53810536 0.51050515 0.56881796
0.52195489 222.20000000 0.48984601 0.52786208 0.54687063
0.51727473 201.40000000 0.50706314 0.50454737 0.53631632
0.51819777 220.90000000 0.55783560 0.51448430 0.47943611
0.52153566 222.20000000 0.49129949 0.53202084 0.53492947
0.52386193 229.90000000 0.51887169 0.51541500 0.53793757
0.51993938 208.50000000 0.51634014 0.53523653 0.51591700
0.46279661 59.40000000 0.45728094 0.48480903 0.43734342
0.54904692 341.70000000 0.54823977 0.57499658 0.52504821
0.47963277 59.50000000 0.48720613 0.52626087 0.43959016
0.46658192 59.40000000 0.43622497 0.48181339 0.47246653
0.45785311 62.80000000 0.43558186 0.48600140 0.44583885
0.53526134 357.10000000 0.54060805 0.54165876 0.52049059
0.51875000 67.30000000 0.46951104 0.51611506 0.55867308
0.54448340 96.80000000 0.54613129 0.48352437 0.59484587
0.48750000 67.30000000 0.45720558 0.46240449 0.54849290
0.48437500 67.30000000 0.44752964 0.44242670 0.53637698
0.52968750 66.30000000 0.49915921 0.47867824 0.59929872
0.54019402 96.30000000 0.50830436 0.54353108 0.56559869
0.53364486 236.60000000 0.51885436 0.51027523 0.57148380
0.51735027 267.30000000 0.53610188 0.50693470 0.51099768
0.53317757 237.50000000 0.52851927 0.55322834 0.51953078
0.53130841 240.40000000 0.54115095 0.52999899 0.52585976
0.52710280 234.10000000 0.52668909 0.53011558 0.52527611
0.52601095 263.40000000 0.50654949 0.51647720 0.55095171
0.53494810 294.60000000 0.50124228 0.54434968 0.55444308
0.52773347 323.00000000 0.49665241 0.54845986 0.53565476
0.52802768 296.10000000 0.51487222 0.53467842 0.53345690
0.53875433 294.40000000 0.50971499 0.55066261 0.55531345
0.52456747 305.70000000 0.52432770 0.52407094 0.52620564
0.52678412 337.20000000 0.51518424 0.52962804 0.53503270
0.52877698 149.30000000 0.53109149 0.52267592 0.53660790
0.54006273 178.80000000 0.51876708 0.55772116 0.53616401
0.49064748 150.10000000 0.50415504 0.48563928 0.47827536
0.51438849 148.80000000 0.49880731 0.51058517 0.53802166
0.52589928 140.00000000 0.52432645 0.52092123 0.53362671
0.51613559 168.80000000 0.50966560 0.50504136 0.53382989
0.50024718 188.00000000 0.47715677 0.51081930 0.51612075
0.52505665 137.40000000 0.52166241 0.53827208 0.51205738
0.52520865 187.50000000 0.49812067 0.54120204 0.53877072
0.49403249 187.90000000 0.45260690 0.51725033 0.51383798
0.51552709 189.10000000 0.48526821 0.52557998 0.53529211
0.54430531 139.40000000 0.52912745 0.56715460 0.53524769
0.51024746 329.30000000 0.50758211 0.52278044 0.49709705
0.53055684 283.10000000 0.51546693 0.55300038 0.51951958
0.52679312 329.60000000 0.51459994 0.53196535 0.53355288
0.50749892 329.40000000 0.51032381 0.51640040 0.49162220
0.51637493 333.70000000 0.52690375 0.53208830 0.48216865
0.51913210 285.90000000 0.51965565 0.52032631 0.52017068
0.51811168 273.40000000 0.51953910 0.52790955 0.51369515
0.52416547 224.10000000 0.51061931 0.51730023 0.54042795
0.52363720 272.80000000 0.53685435 0.51695923 0.51815477
0.51172611 273.90000000 0.51134668 0.51895829 0.50870653
0.50142130 263.90000000 0.50262241 0.49809918 0.50258811
0.49776184 214.80000000 0.48801046 0.49263543 0.51143729
0.49949524 105.80000000 0.48742881 0.49814872 0.51549473
0.44417508 57.30000000 0.41891548 0.45494138 0.44599888
0.52606290 105.80000000 0.51506308 0.54982589 0.51612494
0.53694428 105.60000000 0.49484010 0.56311593 0.55152820
0.53500291 112.80000000 0.51948441 0.48683187 0.59579919
0.41861953 59.80000000 0.41681242 0.40947321 0.42797533
0.53611570 120.30000000 0.54665155 0.53707633 0.53076466
0.52701886 261.40000000 0.52387608 0.52912451 0.52327230
0.52284435 120.30000000 0.53758701 0.52420865 0.51364432
0.53034435 120.30000000 0.54810852 0.52967717 0.51676077
0.52785813 127.90000000 0.54092460 0.50714573 0.53162322
0.53698497 278.60000000 0.52688617 0.54653324 0.53542140
0.51314473 285.00000000 0.50563510 0.49885612 0.53239962
0.53783784 115.90000000 0.50081313 0.51867212 0.59118719
0.51829028 285.50000000 0.52349281 0.53487938 0.49565924
0.50907886 284.90000000 0.51458517 0.49358129 0.52203841
0.52495832 274.30000000 0.53498008 0.51541312 0.52425992
0.52342342 113.20000000 0.51026537 0.52930437 0.53041447
0.50680573 354.40000000 0.51623505 0.50362088 0.50339041
0.51290323 190.80000000 0.47343838 0.52204207 0.53812890
0.53029488 355.80000000 0.54722140 0.54815748 0.49181744
0.51550725 353.80000000 0.52140575 0.52333271 0.50078418
0.51433777 359.50000000 0.52014499 0.52278046 0.49812726
0.51021505 193.30000000 0.48526806 0.52203199 0.52756769
0.54989273 211.70000000 0.57755460 0.54851100 0.52828230
0.51621713 363.70000000 0.52472139 0.52340674 0.50236214
0.55761643 211.50000000 0.51998472 0.57563434 0.57073665
0.55143642 211.70000000 0.57975957 0.54657318 0.53276237
0.54024333 214.70000000 0.53703795 0.50220656 0.58042777
0.53021855 368.20000000 0.53491752 0.53746605 0.51895465
0.53166169 171.80000000 0.54377862 0.51425776 0.53273821
0.52513524 329.10000000 0.53263453 0.52158520 0.52202753
0.51585100 171.90000000 0.50218299 0.52842011 0.52222570
0.52785616 171.80000000 0.54922600 0.50204850 0.52771388
0.52471176 161.60000000 0.53833456 0.54550423 0.48184355
0.54021346 305.40000000 0.53795268 0.54378068 0.53952114
0.53152100 319.50000000 0.54570392 0.53622433 0.51125166
0.53393796 153.90000000 0.51697869 0.56347764 0.52036954
0.52957295 318.50000000 0.51046812 0.54221521 0.53631540
0.51395152 319.70000000 0.49389279 0.53386227 0.51176598
0.53409937 336.80000000 0.53320292 0.52513005 0.54211641
0.55558679 160.60000000 0.54800091 0.58697588 0.53891593
0.51635896 250.20000000 0.53136298 0.51811476 0.49995444
0.54568678 78.40000000 0.50369755 0.61809304 0.50789944
0.50390151 250.20000000 0.52255489 0.46680320 0.52549178
0.51808125 250.80000000 0.53534469 0.50936509 0.50468482
0.52277638 246.20000000 0.54354619 0.52721011 0.49579218
0.52885968 77.80000000 0.52657356 0.52078189 0.53719093
0.51447252 83.90000000 0.51242332 0.51117966 0.52798630
0.51208360 227.40000000 0.50832061 0.53645152 0.49522520
0.52768146 83.90000000 0.51757583 0.50166654 0.56382668
0.52541875 83.90000000 0.52285695 0.51472433 0.54515692
0.54960329 82.80000000 0.55056399 0.53522039 0.55815408
0.53309978 223.70000000 0.50297538 0.52319825 0.56522586
0.55507220 81.10000000 0.53225024 0.52837434 0.60832588
0.51900681 193.00000000 0.51089274 0.49046326 0.55673605
0.51865976 79.90000000 0.47989724 0.50931772 0.56403210
0.54705665 80.10000000 0.48207427 0.52807912 0.60402838
0.50734913 77.40000000 0.47700000 0.53614840 0.50752670
0.50933487 187.50000000 0.48728123 0.51113687 0.52574664
0.52329436 231.70000000 0.51801933 0.51468590 0.54303716
0.53017955 338.00000000 0.53981087 0.52370221 0.52602068
0.52593490 231.30000000 0.51303587 0.51901138 0.54415567
0.51878603 231.80000000 0.50840311 0.50274909 0.54955541
0.51387132 224.60000000 0.50172105 0.49888449 0.54089274
0.54241759 328.90000000 0.52875379 0.55077484 0.54375885
0.52110503 315.90000000 0.54346054 0.50297547 0.51634396
0.52727186 266.50000000 0.51546803 0.52891213 0.53783864
0.52781980 319.80000000 0.52125674 0.52164074 0.54109354
0.51676393 315.90000000 0.54286829 0.50979828 0.49786008
0.51708491 307.60000000 0.53300449 0.52078186 0.49468958
0.51566116 259.90000000 0.48395510 0.52336388 0.54338494
0.52451478 149.60000000 0.52517162 0.52176384 0.52792679
0.53311008 102.50000000 0.53085734 0.52233762 0.54750181
0.52795211 150.20000000 0.51818551 0.56125589 0.49917874
0.52649646 149.80000000 0.55549635 0.52222947 0.50644669
0.52391620 161.90000000 0.53145511 0.55318861 0.49383926
0.50943506 108.20000000 0.52715359 0.51374879 0.49057086
0.51559140 190.70000000 0.49594497 0.53087293 0.51070250
0.46250000 65.20000000 0.44520135 0.49019458 0.43972278
0.52365591 190.20000000 0.51895384 0.53474954 0.51458666
0.51720430 190.90000000 0.49299861 0.53192668 0.52453660
0.50698925 194.60000000 0.52429916 0.48098992 0.52062029
0.50312500 67.20000000 0.46593358 0.47940900 0.55107473
0.54154140 361.90000000 0.53461622 0.55673778 0.53637069
0.53364486 229.70000000 0.51045901 0.53103800 0.55915170
0.52813522 361.60000000 0.50443954 0.54264136 0.53906261
0.51353589 361.50000000 0.49461505 0.52163879 0.52438409
0.53468284 369.10000000 0.50570287 0.55766735 0.53477746
0.52710280 235.30000000 0.52850198 0.52727490 0.52996556
0.54541851 273.80000000 0.54474082 0.54144673 0.54794632
0.52041522 303.10000000 0.52728895 0.52494194 0.50775609
0.52816534 272.50000000 0.51401162 0.52925118 0.53957852
0.54734306 274.10000000 0.54269871 0.54255946 0.55803480
0.50900825 278.70000000 0.53524732 0.50417753 0.48547020
0.50484429 308.00000000 0.49901290 0.52947604 0.48598159
0.50900901 122.40000000 0.49796248 0.50375981 0.52682178
0.51366906 155.50000000 0.50506713 0.53064311 0.50913066
0.50990991 124.30000000 0.51631470 0.53019943 0.48574000
0.51891892 122.30000000 0.53029522 0.49939210 0.53002112
0.51981982 112.90000000 0.49939153 0.51476096 0.54311697
0.52949640 141.20000000 0.57023994 0.53162509 0.48884898
0.53687471 98.40000000 0.54935948 0.51240021 0.55860695
0.53429337 368.40000000 0.53124391 0.53599584 0.53940724
0.53039972 97.80000000 0.48736379 0.54082456 0.56954640
0.54769752 98.30000000 0.53899340 0.53597520 0.56845047
0.53028284 97.20000000 0.54181666 0.48550789 0.55841622
0.51230544 360.90000000 0.50362050 0.52900773 0.50565092
0.52146890 247.30000000 0.51405103 0.52822471 0.52245067
0.52791994 199.30000000 0.49205458 0.54958905 0.53407920
0.51239329 246.40000000 0.48660282 0.51554637 0.53179344
0.52600925 247.30000000 0.50602062 0.54355851 0.52951591
0.50580893 268.70000000 0.51075980 0.52862141 0.47756100
0.50742805 217.30000000 0.50379218 0.49639415 0.51986390
0.51734222 349.30000000 0.51632066 0.53280871 0.50526132
0.52449036 130.30000000 0.49329448 0.53343802 0.53736893
0.53782811 348.60000000 0.55397516 0.54062763 0.51987239
0.51923695 349.30000000 0.51799306 0.52951128 0.51273173
0.51733726 342.90000000 0.51949974 0.53403550 0.49615776
0.52957300 130.00000000 0.51806192 0.52605280 0.55009905
0.54601155 175.10000000 0.55404863 0.52759949 0.55622677
0.51570862 282.00000000 0.51395702 0.50882401 0.52623877
0.52989735 174.90000000 0.50832064 0.52837025 0.55144509
0.55556031 175.00000000 0.54943415 0.56294141 0.55330226
0.53354719 171.10000000 0.53030000 0.55169234 0.52638135
0.52238622 276.20000000 0.51249145 0.52549453 0.52619911
0.53356589 134.10000000 0.56104003 0.54952683 0.49697253
0.52920860 239.60000000 0.51703773 0.51353083 0.54576190
0.55438879 134.00000000 0.53814571 0.56419427 0.56618193
0.53972570 134.20000000 0.55322559 0.54405608 0.51951068
0.52344067 138.20000000 0.52712066 0.51975250 0.52447437
0.52020497 249.00000000 0.53551230 0.52094499 0.50031728
0.51876600 303.00000000 0.50655241 0.51683809 0.52985480
0.53022333 89.10000000 0.49186213 0.54724720 0.54838076
0.51554788 303.30000000 0.51103904 0.51709284 0.52471917
0.52627880 303.10000000 0.50110482 0.53826383 0.53820997
0.51736303 283.10000000 0.52041030 0.52330349 0.50355038
0.51339994 83.30000000 0.49953091 0.51293106 0.52640654
0.51590626 206.50000000 0.50637013 0.50634226 0.53543585
0.52465129 158.60000000 0.53178978 0.56181495 0.49086070
0.52270923 206.00000000 0.49872528 0.53137107 0.53587414
0.51490196 206.60000000 0.50558622 0.50412210 0.53328460
0.50951937 212.80000000 0.48736517 0.52647426 0.51554932
0.53109328 164.00000000 0.51302446 0.56870631 0.50906770
0.46791246 58.20000000 0.42475877 0.48593606 0.47770434
0.53832438 323.90000000 0.52564395 0.54496596 0.54353406
0.43505051 57.70000000 0.42975687 0.39909918 0.46795934
0.45872054 58.30000000 0.42969767 0.48019549 0.44955053
0.44767677 60.80000000 0.49268048 0.46740159 0.38779328
0.51818816 336.70000000 0.52136064 0.51614194 0.51567452
0.44035088 57.70000000 0.40436768 0.47632582 0.44353004
0.52310974 248.90000000 0.51489352 0.51816060 0.53644885
0.43684211 57.70000000 0.40905515 0.47742231 0.43530037
0.43333333 57.70000000 0.40628019 0.45489739 0.45044978
0.43684211 62.40000000 0.42606940 0.41682205 0.47011960
0.53252258 266.60000000 0.53173489 0.53729699 0.53414788
0.53140097 222.80000000 0.53126155 0.51799662 0.54411316
0.52903695 101.70000000 0.53069408 0.53085276 0.53499263
0.53140097 224.00000000 0.52599533 0.54645061 0.52306274
0.52850242 221.60000000 0.50058279 0.51291940 0.56669816
0.53333333 213.10000000 0.53241957 0.53019673 0.54261405
0.50265398 97.10000000 0.47230782 0.47003250 0.55967605
0.51843972 293.20000000 0.52391593 0.50637800 0.52463546
0.51263140 176.70000000 0.50909189 0.52307817 0.50539267
0.54184397 293.20000000 0.55650398 0.54255082 0.52637729
0.51666667 293.00000000 0.52345039 0.50820113 0.51950760
0.53723404 283.10000000 0.53556744 0.52628213 0.55011046
0.53392969 170.30000000 0.51022022 0.55600376 0.54209806
0.53106061 145.60000000 0.51653481 0.53783697 0.53881195
0.52455525 352.40000000 0.49184552 0.56373671 0.51864532
0.52045455 145.30000000 0.49833783 0.56112526 0.49564133
0.52575758 146.40000000 0.52794684 0.54681607 0.50141629
0.51590909 138.90000000 0.49765832 0.52124396 0.52854057
0.51860893 335.60000000 0.51874049 0.52776567 0.51275902
0.54099548 182.90000000 0.53716032 0.51127530 0.57825973
0.52695035 304.90000000 0.52328334 0.55868585 0.50211290
0.51035851 183.80000000 0.49799084 0.51516146 0.51298443
0.53393665 182.50000000 0.53212924 0.49648302 0.56746130
0.52803690 173.10000000 0.52685669 0.53642135 0.51562022
0.52659574 286.70000000 0.53158394 0.53549913 0.51479292
0.53677802 327.70000000 0.53045786 0.56118028 0.51759047
0.55303030 136.30000000 0.56245133 0.54856687 0.54604954
0.51988636 330.50000000 0.52051810 0.53692954 0.50336305
0.52832190 327.90000000 0.52697721 0.55152902 0.50409099
0.53333562 339.70000000 0.50717381 0.53124603 0.55883895
0.53787879 141.10000000 0.54816301 0.53651576 0.53642740
0.51779859 259.50000000 0.51320175 0.52411220 0.51800146
0.45964912 60.30000000 0.49628501 0.45042920 0.43093216
0.53498160 257.20000000 0.55834982 0.53380182 0.51330910
0.51737036 259.90000000 0.51309481 0.52309958 0.51803364
0.54683841 266.50000000 0.56081980 0.55515495 0.52392199
0.48421053 63.20000000 0.48035639 0.44487301 0.53109094
0.52077268 94.70000000 0.50951169 0.53302244 0.51596457
0.52222222 207.90000000 0.49731623 0.54371864 0.52446639
0.51013438 94.70000000 0.43662575 0.52183149 0.55888314
0.53015677 94.90000000 0.54060230 0.52115171 0.53818878
0.53874580 99.20000000 0.49245206 0.55969601 0.56972360
0.51014493 216.80000000 0.51618072 0.49673649 0.51768042
0.51724887 118.10000000 0.50716301 0.52608490 0.51618722
0.51724887 118.10000000 0.50716301 0.52608490 0.51618722
0.54813694 118.00000000 0.52344022 0.52715229 0.59651133
0.50753765 118.30000000 0.51394292 0.48265869 0.51581286
0.53481602 116.60000000 0.53017380 0.55190095 0.52574980
0.52175128 116.20000000 0.49498681 0.53365284 0.54446204
0.51958751 288.60000000 0.53509005 0.51360793 0.51285220
0.51958751 288.60000000 0.53509005 0.51360793 0.51285220
0.53435160 284.80000000 0.50977882 0.54887823 0.53853452
0.51842090 288.40000000 0.50709735 0.54567063 0.49752317
0.52563371 284.00000000 0.50954427 0.54157879 0.52873201
0.55224968 281.50000000 0.56735553 0.53246925 0.55410498
0.52172505 341.20000000 0.52044564 0.53351265 0.50806300
0.52172505 341.20000000 0.52044564 0.53351265 0.50806300
0.51463232 341.50000000 0.52338116 0.52009610 0.49851493
0.51669110 341.30000000 0.51688709 0.53277588 0.49566594
0.51050950 373.80000000 0.50942052 0.52346492 0.49962261
0.51406329 375.80000000 0.51857498 0.53149954 0.49224540
0.54065631 200.40000000 0.54535376 0.53835582 0.53804324
0.54065631 200.40000000 0.54535376 0.53835582 0.53804324
0.53371609 199.80000000 0.53721243 0.50776217 0.55669753
0.55126646 200.10000000 0.55474383 0.53734596 0.56305461
0.53051897 197.50000000 0.52612409 0.53147851 0.53157270
0.49765001 197.80000000 0.51470494 0.49197764 0.48865633
0.52851214 160.90000000 0.50302087 0.52689812 0.54939693
0.52851214 160.90000000 0.50302087 0.52689812 0.54939693
0.52052539 163.40000000 0.53663512 0.49629310 0.52657376
0.52916115 160.70000000 0.49216236 0.53821380 0.55184229
0.51924503 163.50000000 0.51938499 0.54121909 0.49507654
0.53519647 165.40000000 0.55608457 0.50932456 0.53815537
0.53988261 309.10000000 0.53076282 0.54973008 0.53433445
0.53988261 309.10000000 0.53076282 0.54973008 0.53433445
0.53124585 308.10000000 0.52557104 0.53218597 0.53731333
0.52494131 309.50000000 0.52098354 0.52909596 0.52344427
0.54287929 311.50000000 0.53421336 0.55124462 0.54412798
0.53025914 311.30000000 0.51687136 0.54239602 0.52416516
0.49599410 250.80000000 0.50815886 0.48135308 0.49595344
0.49599410 250.80000000 0.50815886 0.48135308 0.49595344
0.52389971 251.60000000 0.51409716 0.51743045 0.54517840
0.50266667 249.90000000 0.52656523 0.48739965 0.49217385
0.51548476 229.00000000 0.48284422 0.50722143 0.55247764
0.52920551 229.00000000 0.50813751 0.54121652 0.53790570
0.55542105 79.40000000 0.52559346 0.53274520 0.59373207
0.55542105 79.40000000 0.52559346 0.53274520 0.59373207
0.54617544 80.00000000 0.51590955 0.50398625 0.60867206
0.54363158 79.40000000 0.51260478 0.53556792 0.58350701
0.56850877 79.60000000 0.53127298 0.58958971 0.56612387
0.54892982 80.00000000 0.50331990 0.59420656 0.54690426
