0.53200000 168.70000000 0.51804098 0.54508858 0.53053608
0.53200000 168.70000000 0.51804098 0.54508858 0.53053608
0.53200000 168.70000000 0.51804098 0.54508858 0.53053608
0.53200000 168.70000000 0.51804098 0.54508858 0.53053608
0.53200000 168.70000000 0.51804098 0.54508858 0.53053608
0.53200000 168.70000000 0.51804098 0.54508858 0.53053608
0.53400000 260.20000000 0.54750380 0.52895392 0.52391960
0.53400000 260.20000000 0.54750380 0.52895392 0.52391960
0.53400000 260.20000000 0.54750380 0.52895392 0.52391960
0.53400000 260.20000000 0.54750380 0.52895392 0.52391960
0.53400000 260.20000000 0.54750380 0.52895392 0.52391960
0.53400000 260.20000000 0.54750380 0.52895392 0.52391960
0.52766667 320.70000000 0.52249407 0.51126723 0.54814444
0.52766667 320.70000000 0.52249407 0.51126723 0.54814444
0.51366667 225.90000000 0.51507625 0.49927992 0.52852506
0.52766667 320.70000000 0.52249407 0.51126723 0.54814444
0.53333333 306.90000000 0.53383441 0.54172737 0.52349452
0.51300000 226.30000000 0.52386913 0.47828990 0.53731534
0.52550000 205.10000000 0.53389985 0.53270623 0.51264908
0.52550000 205.10000000 0.53389985 0.53270623 0.51264908
0.52950000 205.50000000 0.50416622 0.52568391 0.55514670
0.52550000 205.10000000 0.53389985 0.53270623 0.51264908
0.51050000 215.80000000 0.49767342 0.51040840 0.52037716
0.51000000 219.10000000 0.49068486 0.52335728 0.50725403
0.52266667 229.20000000 0.50273904 0.53292304 0.53287637
0.52266667 229.20000000 0.50273904 0.53292304 0.53287637
0.51600000 228.20000000 0.47876123 0.51202052 0.55610042
0.51511111 229.10000000 0.50423338 0.52004300 0.52330463
0.52266667 229.20000000 0.50273904 0.53292304 0.53287637
0.52044444 228.10000000 0.49149369 0.52789552 0.53986479
0.53446154 197.50000000 0.52724618 0.51539761 0.56014270
0.53446154 197.50000000 0.52724618 0.51539761 0.56014270
0.54553846 264.90000000 0.52733574 0.55039287 0.55711226
0.51969231 197.10000000 0.48696482 0.55230900 0.51635886
0.53446154 197.50000000 0.52724618 0.51539761 0.56014270
0.52800000 264.80000000 0.51879105 0.53219731 0.53135464
0.52909091 284.20000000 0.53387393 0.52359467 0.52895235
0.52909091 284.20000000 0.53387393 0.52359467 0.52895235
0.53272727 197.90000000 0.52091055 0.52952148 0.54582871
0.52836364 284.30000000 0.52848342 0.52231409 0.53489957
0.51236364 300.20000000 0.50000519 0.51053490 0.52438233
0.52545455 197.60000000 0.50888996 0.54017449 0.52372163
0.50914286 190.30000000 0.51626236 0.49844360 0.50939796
0.50914286 190.30000000 0.51626236 0.49844360 0.50939796
0.50285714 190.10000000 0.49587602 0.52828334 0.48356561
0.51771429 190.30000000 0.51890998 0.50415230 0.52404361
0.52228571 181.60000000 0.52316426 0.52771014 0.51390330
0.51657143 182.40000000 0.49397548 0.51908983 0.53987366
0.51731426 197.80000000 0.55606906 0.46351507 0.52924305
0.52613706 277.90000000 0.53224910 0.51771110 0.52878413
0.51731426 197.80000000 0.55606906 0.46351507 0.52924305
0.51462055 197.80000000 0.52216528 0.47154895 0.54253883
0.53120378 189.60000000 0.53393341 0.54957774 0.51444275
0.52234784 264.40000000 0.48867982 0.52098575 0.55158386
0.53319420 212.60000000 0.52364548 0.51639023 0.55893653
0.51385291 163.80000000 0.52848749 0.52821553 0.48785670
0.53319420 212.60000000 0.52364548 0.51639023 0.55893653
0.51095141 212.40000000 0.48333099 0.53422522 0.51453003
0.53982893 212.70000000 0.53622687 0.53345917 0.55119793
0.54153601 173.30000000 0.54632497 0.54402436 0.52984142
0.52861043 363.80000000 0.54247639 0.54416784 0.49564305
0.51481974 231.50000000 0.52268377 0.51556010 0.51633648
0.53482082 286.30000000 0.52072712 0.55741942 0.52644531
0.53213264 364.20000000 0.54987473 0.54084410 0.50373325
0.52861043 363.80000000 0.54247639 0.54416784 0.49564305
0.51431703 230.10000000 0.49042657 0.51772633 0.53608658
0.52167854 244.70000000 0.52272112 0.52178770 0.52323367
0.53664803 287.00000000 0.53269703 0.52927340 0.54734063
0.51116548 245.00000000 0.49441634 0.50948882 0.52202978
0.52718860 244.80000000 0.53116936 0.51636675 0.53600983
0.52167854 244.70000000 0.52272112 0.52178770 0.52323367
0.53025416 321.90000000 0.52868332 0.53986200 0.52504026
0.50728807 222.60000000 0.50588400 0.50680703 0.51177289
0.52297245 351.40000000 0.51879370 0.53872344 0.51119578
0.52282310 223.80000000 0.54500361 0.50598603 0.52013675
0.50401497 222.70000000 0.51179541 0.48944370 0.51404683
0.52850562 232.80000000 0.52262611 0.51143428 0.54438658
0.52708813 350.10000000 0.53065536 0.53193136 0.51820957
0.53407062 241.50000000 0.52167534 0.53717221 0.54104886
0.52207744 241.90000000 0.51012854 0.51259381 0.54612699
0.54559986 187.10000000 0.54593748 0.56457902 0.52519405
0.52927726 242.70000000 0.51458695 0.53886531 0.53373521
0.51454596 242.00000000 0.52669451 0.50093388 0.51708496
0.53892316 186.80000000 0.54584910 0.53974150 0.52829229
0.52492236 268.10000000 0.51318100 0.53849586 0.52379779
0.51946183 191.60000000 0.47353814 0.55993138 0.52228901
0.53410588 241.50000000 0.53776540 0.54513391 0.52048572
0.51884887 268.10000000 0.50976778 0.52700280 0.51834356
0.52492236 268.10000000 0.51318100 0.53849586 0.52379779
0.51686483 191.50000000 0.48792473 0.52671289 0.53947784
0.53601833 174.30000000 0.54370505 0.55635819 0.50514068
0.51792973 187.00000000 0.52270253 0.52648468 0.50379298
0.51566311 172.90000000 0.51329585 0.48175214 0.54510320
0.51572370 176.00000000 0.52773612 0.51249930 0.50963679
0.53601833 174.30000000 0.54370505 0.55635819 0.50514068
0.51408609 307.00000000 0.51494127 0.52652366 0.49957074
0.50712172 175.40000000 0.50033083 0.50379922 0.52151298
0.52448994 214.50000000 0.51226028 0.52331413 0.53044916
0.54381868 174.20000000 0.53345343 0.54115908 0.55921760
0.51419766 175.30000000 0.51484711 0.51477001 0.51606725
0.54150113 171.10000000 0.51300359 0.55884942 0.54758506
0.53854650 181.40000000 0.52677633 0.54698204 0.54236283
0.55800921 182.10000000 0.55741027 0.53907416 0.58040918
0.54423155 181.80000000 0.53277829 0.55069816 0.54995845
0.52007990 295.40000000 0.50746046 0.51945322 0.53154620
0.53569606 182.00000000 0.50719633 0.54826144 0.54913150
0.55169644 182.20000000 0.55081560 0.53047899 0.57180510
0.52725831 328.40000000 0.52317921 0.53197421 0.52726332
0.53702707 321.70000000 0.52652841 0.53270412 0.54814582
0.51931542 260.00000000 0.49714161 0.51023169 0.54185589
0.53702707 321.70000000 0.52652841 0.53270412 0.54814582
0.53515014 321.40000000 0.52697518 0.52599286 0.54908250
0.51915282 348.10000000 0.52114744 0.52145861 0.51473496
0.51192090 282.70000000 0.49403254 0.52632787 0.51005787
0.52053957 231.70000000 0.50144548 0.50721690 0.55170085
0.51376776 165.80000000 0.49106414 0.52544342 0.52800281
0.52053957 231.70000000 0.50144548 0.50721690 0.55170085
0.53336475 233.60000000 0.54588501 0.51356223 0.53775596
0.50778141 228.80000000 0.50568505 0.49257555 0.52145008
0.54823616 163.20000000 0.55449527 0.55236947 0.53589464
0.49465189 264.40000000 0.49094394 0.50092561 0.49085100
0.51955862 193.40000000 0.49489616 0.51980317 0.53944055
0.55453855 203.00000000 0.54722421 0.57103741 0.54808001
0.48932740 264.60000000 0.48446432 0.49512927 0.48675932
0.51146866 264.10000000 0.52626353 0.52388306 0.48367631
0.52507134 198.20000000 0.50243381 0.52000519 0.54698620
0.52210913 275.50000000 0.54422989 0.52408454 0.49716732
0.52434694 275.00000000 0.54168001 0.51517188 0.51606633
0.51339159 352.30000000 0.49839258 0.52451851 0.51850178
0.54216727 275.30000000 0.52229218 0.55944827 0.54461639
0.52559665 275.90000000 0.55255327 0.51701361 0.50630992
0.53677848 290.90000000 0.55305560 0.51081088 0.54559069
0.53063198 326.50000000 0.54604594 0.53929299 0.50715452
0.52581535 365.70000000 0.52256363 0.52062090 0.53411490
0.50851037 325.70000000 0.49417114 0.51963534 0.51453069
0.53540201 327.10000000 0.58123819 0.52424214 0.50021475
0.52552181 294.50000000 0.51487652 0.52601198 0.53715415
0.52794653 332.30000000 0.52309948 0.53808401 0.52268492
0.51696758 202.10000000 0.50375998 0.51679714 0.52629589
0.51706598 202.70000000 0.51754116 0.52305261 0.51327719
0.50367769 204.00000000 0.52429330 0.51459751 0.47190024
0.52216228 202.80000000 0.53380764 0.50101412 0.52862997
0.54694194 202.40000000 0.53045753 0.53862183 0.56498253
0.54604792 245.60000000 0.54247127 0.55639985 0.53765641
0.53116690 184.30000000 0.51650645 0.53836069 0.54144936
0.52164784 323.90000000 0.52295673 0.52202071 0.52022552
0.52457349 184.30000000 0.49672834 0.54136525 0.53287694
0.53059924 184.40000000 0.52537386 0.54298284 0.52292082
0.53174064 197.30000000 0.50547988 0.53569393 0.54835087
0.54391869 254.70000000 0.54039709 0.53916030 0.55132707
0.53040307 254.80000000 0.52907828 0.50883733 0.55522816
0.52420929 234.40000000 0.53135627 0.51778842 0.52887280
0.50338078 298.60000000 0.49631501 0.50584101 0.50861399
0.53179753 255.50000000 0.50340984 0.53045958 0.56162686
0.51971303 255.60000000 0.53129255 0.53014280 0.49594909
0.52559172 227.80000000 0.48352106 0.53860214 0.55131306
0.52249299 344.20000000 0.53589839 0.52921735 0.50089848
0.51776909 176.80000000 0.51428893 0.50033288 0.53570617
0.52249299 344.20000000 0.53589839 0.52921735 0.50089848
0.52491173 343.10000000 0.51834934 0.53272280 0.52308591
0.53426910 334.50000000 0.52460918 0.52409414 0.55604620
0.52610242 170.50000000 0.49189588 0.55690094 0.52664513
0.53307210 192.20000000 0.51018024 0.51717918 0.56808904
0.54500361 192.20000000 0.55813597 0.53885620 0.53992524
0.53307210 192.20000000 0.51018024 0.51717918 0.56808904
0.53393604 192.20000000 0.51269686 0.51717918 0.56808904
0.54259218 192.20000000 0.50837276 0.57684739 0.54649570
0.54167314 192.60000000 0.52533224 0.52909365 0.57241916
0.51578491 225.10000000 0.51985958 0.50647182 0.51925298
0.52588052 317.80000000 0.51938629 0.52343174 0.53334744
0.51618123 224.40000000 0.51222764 0.51173287 0.53171910
0.51286994 224.80000000 0.50544725 0.51308065 0.51799506
0.51526664 211.70000000 0.47830322 0.52672475 0.53872488
0.52486244 298.50000000 0.52712544 0.53036615 0.51732685
0.52432245 219.20000000 0.52617632 0.54482995 0.49973653
0.51340206 200.00000000 0.51120260 0.54926845 0.47680702
0.51714675 313.60000000 0.49107025 0.53653976 0.51957700
0.53610100 218.90000000 0.55917974 0.50698446 0.54517406
0.53346639 218.50000000 0.50955146 0.52822552 0.56199910
0.52631537 207.60000000 0.51994596 0.50335368 0.54859161
0.53574143 270.40000000 0.55696991 0.52186629 0.52961263
0.52256122 258.00000000 0.54821576 0.50391905 0.51377435
0.51661448 271.00000000 0.54239876 0.51743094 0.48961780
0.53377766 270.40000000 0.55604375 0.51243511 0.53413775
0.51426769 285.00000000 0.52292000 0.52686716 0.49315526
0.51108581 271.50000000 0.50801421 0.51186983 0.51538746
0.54380614 156.80000000 0.54283077 0.53873075 0.55778684
0.52674249 298.00000000 0.52818199 0.53827019 0.50979523
0.53931488 156.80000000 0.53706574 0.54168572 0.54899662
0.55089009 156.90000000 0.53855346 0.55040476 0.56365503
0.52015760 163.70000000 0.51810724 0.54248317 0.50145437
0.52938420 219.40000000 0.53707640 0.54140871 0.51333923
0.50687893 167.20000000 0.49002112 0.49338164 0.53709828
0.53004206 186.70000000 0.52119032 0.51453841 0.55909464
0.52689465 166.80000000 0.51735307 0.54104043 0.51885609
0.50313679 167.20000000 0.49764557 0.48174326 0.52757486
0.54209513 165.70000000 0.52129414 0.54397910 0.55700359
0.50589103 183.10000000 0.53343752 0.50749613 0.47679979
0.52852391 222.30000000 0.52704640 0.54486570 0.51864964
0.52461644 223.00000000 0.52699040 0.50820846 0.53609657
0.52316305 288.10000000 0.49005335 0.52925812 0.54789762
0.54200772 222.70000000 0.54135114 0.54412290 0.54050855
0.53931838 222.40000000 0.54214314 0.53973533 0.53611542
0.52606560 303.30000000 0.49836796 0.52542420 0.55444775
0.52781606 315.70000000 0.49716341 0.54342403 0.54038954
0.53308622 334.40000000 0.50948293 0.54248349 0.54670848
0.52648815 316.10000000 0.53054427 0.53736816 0.51207260
0.52875144 315.60000000 0.49879591 0.54247844 0.54315703
0.53651112 329.00000000 0.53070582 0.53583902 0.54235526
0.51570446 348.50000000 0.51181888 0.51300417 0.51990187
0.51720437 224.50000000 0.52198037 0.51448618 0.50921706
0.51555581 245.70000000 0.49159022 0.52831389 0.52329332
0.52867168 224.60000000 0.51963380 0.53239971 0.53580388
0.52294144 225.40000000 0.53380300 0.52655762 0.50739435
0.53098884 212.10000000 0.50414119 0.52358775 0.56331545
0.53307477 231.30000000 0.50938408 0.53870588 0.55237812
0.52046372 250.60000000 0.53754120 0.50858810 0.51491193
0.54504733 215.50000000 0.53808796 0.54487323 0.54732467
0.55417167 215.90000000 0.56713243 0.54586773 0.55338411
0.52220767 250.90000000 0.53730731 0.50636132 0.52341476
0.51834697 252.50000000 0.54448213 0.49926059 0.51414325
0.52533324 215.60000000 0.52264734 0.53224500 0.52362124
0.52959782 259.60000000 0.53515890 0.53750521 0.51646691
0.51600009 259.50000000 0.50260649 0.50949457 0.53304769
0.52990973 337.80000000 0.51493584 0.53375882 0.53858818
0.52812852 260.00000000 0.53037818 0.53386733 0.52265965
0.52271964 259.70000000 0.52590416 0.51301078 0.53350365
0.53315312 309.50000000 0.51020271 0.55099978 0.53714570
0.52357178 312.10000000 0.53138299 0.50793188 0.53012842
0.51679064 277.60000000 0.50914192 0.52611134 0.51450691
0.52810724 310.20000000 0.54512817 0.52896730 0.50692065
0.52778354 311.10000000 0.53266459 0.51322132 0.53573634
0.50984433 298.90000000 0.52291864 0.50862649 0.50168253
0.52031994 263.50000000 0.52666106 0.51503400 0.51950716
0.52605170 189.50000000 0.50750379 0.54152098 0.53230678
0.53556999 158.20000000 0.52978029 0.56904892 0.50541800
0.53579025 191.00000000 0.51567205 0.54458091 0.54339385
0.51357521 190.00000000 0.51082882 0.51767333 0.51279181
0.52492068 194.80000000 0.48589246 0.54909301 0.53642724
0.53430099 168.20000000 0.50244479 0.56544057 0.53763391
0.53023153 197.20000000 0.50659884 0.52564584 0.55231167
0.52338903 290.90000000 0.50788389 0.53126975 0.52986693
0.52008702 197.20000000 0.49728000 0.50416353 0.55019608
0.52869056 197.20000000 0.51419247 0.51634866 0.54776067
0.50941158 211.50000000 0.52244695 0.49147953 0.51657041
0.54577912 230.10000000 0.51591660 0.57094934 0.54952943
0.54429202 280.30000000 0.53872000 0.53472906 0.56201564
0.51362634 200.10000000 0.55341061 0.50728024 0.48455370
0.50758145 312.20000000 0.49611975 0.49463294 0.53088051
0.51971517 280.60000000 0.52165992 0.50888016 0.52633087
0.51330080 280.70000000 0.50661368 0.52848469 0.50550948
0.51782585 193.60000000 0.48168369 0.53946512 0.52958292
0.52290567 355.30000000 0.53200024 0.52687646 0.50881889
0.51788555 247.10000000 0.51999689 0.50744251 0.52835774
0.53243491 326.20000000 0.51657517 0.55428716 0.51953705
0.52841032 354.90000000 0.53190925 0.54254199 0.51054225
0.52349869 359.90000000 0.53542255 0.52245005 0.50896738
0.51703320 248.60000000 0.49329347 0.53450864 0.52141004
0.51602153 209.30000000 0.53202090 0.52389483 0.49465521
0.54053131 209.60000000 0.56107641 0.50857731 0.54981740
0.53948191 179.60000000 0.53884211 0.55401896 0.52747460
0.53745104 209.00000000 0.54099369 0.51008878 0.55931917
0.52695435 209.20000000 0.54136496 0.52536235 0.51632909
0.53699327 179.10000000 0.56012775 0.51769290 0.53757469
0.51823815 241.60000000 0.48621899 0.53849775 0.53157410
0.51583986 342.30000000 0.52133794 0.52005447 0.50527348
0.53761975 242.50000000 0.52206178 0.53579925 0.55420046
0.51643023 241.70000000 0.47130976 0.53877120 0.53814590
0.52499694 227.80000000 0.52219546 0.52165201 0.53382304
0.52442636 269.60000000 0.51210950 0.51134063 0.55133025
0.53526441 184.40000000 0.53189383 0.53509047 0.54001429
0.51849699 184.10000000 0.51006422 0.53692336 0.50593708
0.53432693 332.90000000 0.50331184 0.53988966 0.55898359
0.53495385 184.40000000 0.53089383 0.53509047 0.54001429
0.53557207 184.70000000 0.50795499 0.52886711 0.56595879
0.51532515 235.40000000 0.49755281 0.50615311 0.53787067
0.51858449 288.90000000 0.54553969 0.52146912 0.49474654
0.52234392 177.50000000 0.51313288 0.51335716 0.53517682
0.52628609 291.40000000 0.51770400 0.53408415 0.52664672
0.50826188 290.10000000 0.52035528 0.50437188 0.50114199
0.51746256 287.10000000 0.52555577 0.53650865 0.49333775
0.54044542 174.00000000 0.55795131 0.50906004 0.55645721
0.52821297 174.40000000 0.50913905 0.53836828 0.53415205
0.53691020 238.10000000 0.52286558 0.54955016 0.53662726
0.51424929 174.40000000 0.48783992 0.52653316 0.53064320
0.52182103 174.40000000 0.50259583 0.53608793 0.52322920
0.52646539 172.10000000 0.50659604 0.52420064 0.54920556
0.54177046 200.10000000 0.51974997 0.54541420 0.56230408
0.52951442 181.70000000 0.52722538 0.49229853 0.56952387
0.51793781 253.90000000 0.52305972 0.52621598 0.49902083
0.52778021 179.90000000 0.47509521 0.56315271 0.54386812
0.52055130 181.00000000 0.51355375 0.49096602 0.55544291
0.53501278 174.80000000 0.53135564 0.51701168 0.55532477
0.52222950 249.40000000 0.53072949 0.50922092 0.52407273
0.54781671 230.60000000 0.55269453 0.55246969 0.53500955
0.53318527 230.70000000 0.51672533 0.52955449 0.55047145
0.51880692 274.90000000 0.50768947 0.52734697 0.52048035
0.52935310 230.20000000 0.54374534 0.53241459 0.51547321
0.53497517 229.90000000 0.52787094 0.54881384 0.52689999
0.56130575 280.70000000 0.57556068 0.55202512 0.55623306
0.52629295 325.20000000 0.53424289 0.51112648 0.53480120
0.52075241 302.90000000 0.54317297 0.52251122 0.50441270
0.53770545 209.10000000 0.53597938 0.52310593 0.55506046
0.52918525 326.80000000 0.56280782 0.49587295 0.52802169
0.54467953 326.00000000 0.55604289 0.52979962 0.54484804
0.53023474 209.30000000 0.53640931 0.51525173 0.54172890
0.52829888 179.80000000 0.51814586 0.49839885 0.56818644
0.53309048 179.90000000 0.51386607 0.53740346 0.54321760
0.51435831 218.60000000 0.47820636 0.52096957 0.54495308
0.53019595 179.30000000 0.50975302 0.53185224 0.54760598
0.53433463 179.40000000 0.51657565 0.54319101 0.54438276
0.51138660 200.00000000 0.51970533 0.50449029 0.51569610
0.51411999 247.50000000 0.52439745 0.50540986 0.51157185
0.54018082 163.10000000 0.52134805 0.56037406 0.53998791
0.51079184 247.20000000 0.49486470 0.51889550 0.51448740
0.50911134 247.60000000 0.52375696 0.50263502 0.50216135
0.52447441 250.80000000 0.53943694 0.48983939 0.54402308
0.53059748 167.40000000 0.53729662 0.49785540 0.55897055
0.55520010 200.60000000 0.55696939 0.53993990 0.57213427
0.53313929 200.60000000 0.52769857 0.53247311 0.53924323
0.53730378 237.60000000 0.50561026 0.56196018 0.54055057
0.54552268 200.60000000 0.53841103 0.56418762 0.53545912
0.55022167 200.80000000 0.54081601 0.54599908 0.56213096
0.53624592 237.80000000 0.50639806 0.54930349 0.55165647
0.52924280 305.10000000 0.54409462 0.53091282 0.51330610
0.51810001 325.30000000 0.52185415 0.51417222 0.51674796
0.55195165 185.10000000 0.56779765 0.51765687 0.57649654
0.52582059 305.10000000 0.54325677 0.52594172 0.50815564
0.51822017 308.40000000 0.51288422 0.52337534 0.51476058
0.53489508 184.70000000 0.52198040 0.55210607 0.53123195
0.51992560 212.00000000 0.52298620 0.51755126 0.52250296
0.51436318 230.80000000 0.47763332 0.53679470 0.52809469
0.53459080 212.20000000 0.52121365 0.53247097 0.54883559
0.53195646 213.20000000 0.51264429 0.54204312 0.54490738
0.52310554 194.60000000 0.49370226 0.54011890 0.53590958
0.51428344 213.60000000 0.47334118 0.52495326 0.54318383
0.52552257 189.90000000 0.52403446 0.51783866 0.53145315
0.54511502 360.50000000 0.55134105 0.56911856 0.51091025
0.52273555 191.90000000 0.53371305 0.48665698 0.54407077
0.52327538 189.90000000 0.51912039 0.51874973 0.53054117
0.51261691 186.10000000 0.50134009 0.51953718 0.51169181
0.53560327 363.80000000 0.53597654 0.53391872 0.53703413
0.53866584 189.60000000 0.52374556 0.53698099 0.55395572
0.52489714 189.40000000 0.54141343 0.53232599 0.50256213
0.52427606 223.10000000 0.52648839 0.49023551 0.55680900
0.53938527 189.60000000 0.52374556 0.53929383 0.55395572
0.54082154 189.90000000 0.52375284 0.53502476 0.56458561
0.54474013 223.30000000 0.56823289 0.53594508 0.53631208
0.50685744 362.80000000 0.49419973 0.52070674 0.50615494
0.51447736 218.00000000 0.50360502 0.49611560 0.54027810
0.52300764 305.20000000 0.49537466 0.52482202 0.54445842
0.50471217 362.20000000 0.49084599 0.52314755 0.50274171
0.52787086 352.90000000 0.53200739 0.54391157 0.50766460
0.51853310 211.90000000 0.52775132 0.53113558 0.49789057
0.50375393 237.60000000 0.46563401 0.49262811 0.54947023
0.52139640 246.10000000 0.52260377 0.52176288 0.52202096
0.51029074 238.10000000 0.51040448 0.49598215 0.52230928
0.51032713 238.20000000 0.48215781 0.49037157 0.55426647
0.51907416 233.60000000 0.54871062 0.50780980 0.50063083
0.52274661 304.60000000 0.48641721 0.56091274 0.51742235
0.53521443 210.00000000 0.51665222 0.50860443 0.57388767
0.52076460 279.70000000 0.49580180 0.52450345 0.53663784
0.51994108 209.60000000 0.50164212 0.51349349 0.53877493
0.52783976 209.70000000 0.51742013 0.50825505 0.56250102
0.52536463 216.10000000 0.52109295 0.53226559 0.52276728
0.51526210 286.40000000 0.52133594 0.51593184 0.50607461
0.51302219 292.20000000 0.50248472 0.51273932 0.52175333
0.53574391 187.30000000 0.51391277 0.56868024 0.53115147
0.54966237 194.70000000 0.56101828 0.52604148 0.56562624
0.52887572 292.70000000 0.51412042 0.51851887 0.55728684
0.53449388 292.30000000 0.54088313 0.53070787 0.53280404
0.50728614 174.00000000 0.49892093 0.50768821 0.50912078
0.52352245 254.20000000 0.50813769 0.52000064 0.54261012
0.52274673 223.30000000 0.49378725 0.50237300 0.56536438
0.52191030 254.20000000 0.49589203 0.52335581 0.53831043
0.52151349 254.50000000 0.53173264 0.51893925 0.50878771
0.53574118 262.30000000 0.54694476 0.54649755 0.51218917
0.52955444 229.10000000 0.51377530 0.50845286 0.56344028
0.52712843 162.60000000 0.54891072 0.52879658 0.50146723
0.53090884 216.00000000 0.54112102 0.52322127 0.52856018
0.50426959 161.30000000 0.46870521 0.50955279 0.53436110
0.51343689 162.40000000 0.55150132 0.50390310 0.48047827
0.53296409 166.60000000 0.51381199 0.55000740 0.53041953
0.51940365 351.00000000 0.53036260 0.52073426 0.50324077
0.52875576 157.10000000 0.54342102 0.56408127 0.47956207
0.51486815 284.40000000 0.50650774 0.54675605 0.49062500
0.53782991 157.10000000 0.54295622 0.57331474 0.49608253
0.53656891 157.20000000 0.53515581 0.57979334 0.49102766
0.53909929 167.80000000 0.51220334 0.55037935 0.54723631
0.52772785 301.70000000 0.52657028 0.51458888 0.54237910
0.53355257 194.40000000 0.53565482 0.50683832 0.55870574
0.53034140 193.10000000 0.54398181 0.54678234 0.50037683
0.54337811 184.50000000 0.53621108 0.53332647 0.56181082
0.53355257 194.60000000 0.51150498 0.52490331 0.56247281
0.53790953 194.70000000 0.54752387 0.53366355 0.53353749
0.51643700 184.50000000 0.50370748 0.51172684 0.53077211
0.52183132 316.90000000 0.51333715 0.53320244 0.51878490
0.52372128 239.70000000 0.51725862 0.49076380 0.55738220
0.52837899 242.40000000 0.53059070 0.51924604 0.53224421
0.52181191 317.00000000 0.51551372 0.53061107 0.52182838
0.53495794 306.20000000 0.52904126 0.53464163 0.53950682
0.51676856 230.80000000 0.51133936 0.51331279 0.52157032
0.54373745 225.60000000 0.53982676 0.56199315 0.52818872
0.52107765 255.10000000 0.52681126 0.52300909 0.51342621
0.52274271 225.90000000 0.52117080 0.52020714 0.52836141
0.53641798 224.90000000 0.52523766 0.54461707 0.54035749
0.51881157 214.50000000 0.53235024 0.50965104 0.51651217
0.51592153 348.20000000 0.51539633 0.52045175 0.51151869
0.52984242 248.80000000 0.54088194 0.50364047 0.54834509
0.52804896 331.00000000 0.51970682 0.54510980 0.51627084
0.51542814 249.80000000 0.51228836 0.51112957 0.52156384
0.52936396 248.90000000 0.54526323 0.49916336 0.54215368
0.51591228 234.40000000 0.52711337 0.51393343 0.50432489
0.53232097 310.20000000 0.54152109 0.53710133 0.51680396
0.52107580 305.70000000 0.51240146 0.52192542 0.52712629
0.51632951 211.20000000 0.51438188 0.50270268 0.53069282
0.51499678 209.60000000 0.52828786 0.50967265 0.50688416
0.52137239 305.40000000 0.50883343 0.52008135 0.53831003
0.52771760 305.90000000 0.53984103 0.53170487 0.50906710
0.55499044 208.90000000 0.55842303 0.53854657 0.56835703
0.52985791 294.40000000 0.50905040 0.55359858 0.52751346
0.53139925 162.80000000 0.52628695 0.52586104 0.54043218
0.53127240 286.30000000 0.52094162 0.53711759 0.53847583
0.53055428 294.30000000 0.51123579 0.55630054 0.52758085
0.52127368 307.10000000 0.52309233 0.51094058 0.52952381
0.53200670 170.70000000 0.51173967 0.55043958 0.53632557
0.52528864 180.40000000 0.50042528 0.52993153 0.54151858
0.53200093 219.30000000 0.52611498 0.53487747 0.53720410
0.53365611 180.40000000 0.53567144 0.53649926 0.53270285
0.51697703 180.40000000 0.49935484 0.53456403 0.51754364
0.53419926 187.30000000 0.51244637 0.54981706 0.53893122
0.51353096 265.50000000 0.50465474 0.52111775 0.51154246
0.53534920 199.40000000 0.51639504 0.52053208 0.56733217
0.53534920 199.40000000 0.51639504 0.52053208 0.56733217
0.53328746 199.60000000 0.51232126 0.52044513 0.56067423
0.53903551 199.60000000 0.52180349 0.54301263 0.55049797
0.53123111 197.00000000 0.50882753 0.54262757 0.53606519
0.52292206 196.50000000 0.49910814 0.54867075 0.52315596
0.53491047 237.60000000 0.54362705 0.53114628 0.53279271
0.53491047 237.60000000 0.54362705 0.53114628 0.53279271
0.54105148 260.10000000 0.53934034 0.54133268 0.54414715
0.53799967 237.90000000 0.54981539 0.53480403 0.53168762
0.54722053 237.70000000 0.56928399 0.52814219 0.54482441
0.51710108 259.70000000 0.48654050 0.51956478 0.54347711
0.51901182 334.50000000 0.50818452 0.52933783 0.52055890
0.51901182 334.50000000 0.50818452 0.52933783 0.52055890
0.53769543 198.20000000 0.54919856 0.53126303 0.53647756
0.52368933 333.70000000 0.50796535 0.53924070 0.52322303
0.52453924 333.50000000 0.54287086 0.51192740 0.51650507
0.52718105 197.30000000 0.51722801 0.53940959 0.52949708
0.54006054 181.80000000 0.54429928 0.54949171 0.53149673
0.54006054 181.80000000 0.54429928 0.54949171 0.53149673
0.51403598 259.40000000 0.51371652 0.50468303 0.52443954
0.53469714 181.80000000 0.54035124 0.53284340 0.53357108
0.53923239 181.80000000 0.54233636 0.54690440 0.53393088
0.51239159 254.60000000 0.51684662 0.50464268 0.51202444
0.53958060 235.40000000 0.56140412 0.53408539 0.52320074
0.53958060 235.40000000 0.56140412 0.53408539 0.52320074
0.54140701 233.20000000 0.54925519 0.51809980 0.55405387
0.53726377 235.40000000 0.56010661 0.52298305 0.52630588
0.52619541 238.10000000 0.56537240 0.49068983 0.52371904
0.53223270 234.20000000 0.53752763 0.50724486 0.55264939
0.52080134 206.10000000 0.49542683 0.54986493 0.51637446
0.52080134 206.10000000 0.49542683 0.54986493 0.51637446
0.55043847 311.80000000 0.53104553 0.54806316 0.57557324
0.53688967 206.30000000 0.50987196 0.54907692 0.55046965
0.52929687 205.70000000 0.53323818 0.53661998 0.52067831
0.52521378 311.30000000 0.52165843 0.52395930 0.53144090
0.51872380 298.60000000 0.50631299 0.52635161 0.52131781
0.51872380 298.60000000 0.50631299 0.52635161 0.52131781
0.51495752 222.50000000 0.50857601 0.51414284 0.52266602
0.51462351 298.60000000 0.50957003 0.51783896 0.51484382
0.52171027 271.00000000 0.50704811 0.51861001 0.53604182
0.52808989 222.60000000 0.54953390 0.53638734 0.50046840
0.51740804 175.30000000 0.54764457 0.50653828 0.49730402
0.51740804 175.30000000 0.54764457 0.50653828 0.49730402
0.53288780 175.90000000 0.51120994 0.51471220 0.57448750
0.52398417 175.30000000 0.54816603 0.50854957 0.51063920
0.53175078 176.90000000 0.51793876 0.52153493 0.55342503
0.51797120 178.90000000 0.52079311 0.51959773 0.51131949
0.51008239 183.00000000 0.49374405 0.50978344 0.51863098
0.53184524 353.10000000 0.50991912 0.52384426 0.56141436
0.52277257 182.50000000 0.55066016 0.49771739 0.52274858
0.51354727 182.90000000 0.49702660 0.51655635 0.52279224
0.52679224 175.20000000 0.50884513 0.52023504 0.55324185
0.53273810 298.40000000 0.53240739 0.52601148 0.53873706
0.52539237 265.10000000 0.53525953 0.52581744 0.51688302
0.52711864 236.10000000 0.52744222 0.49618016 0.55175139
0.52574396 273.60000000 0.54696893 0.50897935 0.52062428
0.52834283 265.10000000 0.50995010 0.52868904 0.54810159
0.51623620 264.90000000 0.53260460 0.50739596 0.50673619
0.52711864 252.00000000 0.53987201 0.51341674 0.52654556
0.51931736 351.60000000 0.52122492 0.52137083 0.51554923
0.51989247 201.30000000 0.53693231 0.52250379 0.49464068
0.53415606 350.90000000 0.52099630 0.54045161 0.54186375
0.52705634 350.30000000 0.52876731 0.52738168 0.52411436
0.52519875 352.60000000 0.51794654 0.52662858 0.53262411
0.52849462 203.00000000 0.53920259 0.52090771 0.52247579
0.52704997 199.90000000 0.54423677 0.51913153 0.52014806
0.52937063 200.60000000 0.52486877 0.52778308 0.53806185
0.54319347 216.00000000 0.55667585 0.53070112 0.54682515
0.52389694 200.30000000 0.52906586 0.50991537 0.53033503
0.52931414 200.30000000 0.54187016 0.48959640 0.55186734
0.52307692 215.70000000 0.50691025 0.51387345 0.54744764
0.52637647 256.60000000 0.50338452 0.55120188 0.52077445
0.51877395 269.80000000 0.49239909 0.53895697 0.52767913
0.52516518 250.40000000 0.53493862 0.50443471 0.54303770
0.52794565 256.50000000 0.50744449 0.54210648 0.53546183
0.51710876 275.80000000 0.53108932 0.51525705 0.50653636
0.52183908 251.00000000 0.52419122 0.51722128 0.52565123
0.53572275 177.70000000 0.50424140 0.54871633 0.55600714
0.50434783 177.00000000 0.47591759 0.53516844 0.49756690
0.52766278 382.20000000 0.53657001 0.52644106 0.52292776
0.55266031 177.40000000 0.55698604 0.56328184 0.53991645
0.54578352 177.50000000 0.51066495 0.54904928 0.57200320
0.52422360 169.60000000 0.53128584 0.49155954 0.54370442
0.54606631 303.30000000 0.55883938 0.53444662 0.54722822
0.53317536 214.60000000 0.51773709 0.53936774 0.53947784
0.51791430 302.60000000 0.53535287 0.50137319 0.51921666
0.53835604 303.20000000 0.54794923 0.53060731 0.53770913
0.52866041 304.80000000 0.52074116 0.53301411 0.53339499
0.53649289 216.30000000 0.52461522 0.54246015 0.54537877
0.52195066 211.20000000 0.52225839 0.53971642 0.50364628
0.52700965 229.90000000 0.52716557 0.51297858 0.53935038
0.53047815 191.50000000 0.50787732 0.55471313 0.52319121
0.52142531 211.50000000 0.52386711 0.53802521 0.50183785
0.52802396 214.30000000 0.50780451 0.53235964 0.54466974
0.53215434 192.30000000 0.53965319 0.50470964 0.55798930
0.51666667 205.60000000 0.49754249 0.51614544 0.53695119
0.48131558 275.50000000 0.48034298 0.47041302 0.49032262
0.53978495 203.50000000 0.54566408 0.54491919 0.52503949
0.51505376 205.70000000 0.48654878 0.52569696 0.53082473
0.50806452 205.20000000 0.50553102 0.51076055 0.51024371
0.54043594 202.90000000 0.55491209 0.50287395 0.56352833
0.54685315 212.30000000 0.55954387 0.53437805 0.54552931
0.54864062 212.90000000 0.54156661 0.55257742 0.55108004
0.54195804 297.60000000 0.52574800 0.54078743 0.56029558
0.54510490 212.50000000 0.54055789 0.53085399 0.56110518
0.52762238 212.80000000 0.49127847 0.52405176 0.56205976
0.52281807 361.70000000 0.51680987 0.53752880 0.51438341
0.51696429 356.80000000 0.52888296 0.52855691 0.50103794
0.51525106 317.90000000 0.49921061 0.52517892 0.51978016
0.52589286 357.50000000 0.50643498 0.53622439 0.53669798
0.51696429 356.70000000 0.52848828 0.52776178 0.50208298
0.51875000 340.30000000 0.52349940 0.51056701 0.51949537
0.53200489 302.90000000 0.53008365 0.53666175 0.52936873
0.52161017 241.10000000 0.49218525 0.52512429 0.54733696
0.53747779 203.50000000 0.52436105 0.53708789 0.55460415
0.52415254 240.60000000 0.49719659 0.53157502 0.54433601
0.52161017 241.10000000 0.49218525 0.52512429 0.54733696
0.51440678 253.60000000 0.48945552 0.51282979 0.53936969
0.52496574 212.80000000 0.52235592 0.51179306 0.54071934
0.51943128 213.00000000 0.53480258 0.51215092 0.51440588
0.52912431 174.90000000 0.52492455 0.54102209 0.53076524
0.52274882 179.60000000 0.52656328 0.54129868 0.50049816
0.52559242 212.80000000 0.54002820 0.51967389 0.51743686
0.51279621 211.10000000 0.49988280 0.51432619 0.52178516
0.51465019 173.60000000 0.49186343 0.49124386 0.55458534
0.50450161 246.00000000 0.48847548 0.51077113 0.51424300
0.53124515 246.20000000 0.50667927 0.53612223 0.55142624
0.52443730 326.60000000 0.50911850 0.52022416 0.53371702
0.53376206 245.60000000 0.52123610 0.53566083 0.54582241
0.51639871 246.30000000 0.51570369 0.51796309 0.51526678
0.53196706 286.80000000 0.55719234 0.52015170 0.51663042
0.53639847 270.20000000 0.53324374 0.54002357 0.53882066
0.53941253 334.50000000 0.51417755 0.55224804 0.55057490
0.51800766 269.60000000 0.54089076 0.49783025 0.51656744
0.52911877 270.10000000 0.53643097 0.53095210 0.52106146
0.52681992 281.60000000 0.52994092 0.50178474 0.54497008
0.52054141 348.60000000 0.51835645 0.51350040 0.52887086
0.54161491 174.70000000 0.53594935 0.53274467 0.54930745
0.51500641 186.80000000 0.51714630 0.51058232 0.51644059
0.55652174 175.80000000 0.55877918 0.55573274 0.55242449
0.51925466 174.90000000 0.53771098 0.51768140 0.50726742
0.52111801 165.30000000 0.52961503 0.53880266 0.49652973
0.53196068 228.60000000 0.52902656 0.55293244 0.51201589
0.51396436 167.40000000 0.48738253 0.55187531 0.50153774
0.52366407 269.50000000 0.54985643 0.51913036 0.50661631
0.52222043 168.40000000 0.51207663 0.53433398 0.51130218
0.51396436 167.40000000 0.48738253 0.55187531 0.50153774
0.53612029 164.70000000 0.53153653 0.53309698 0.54154126
0.52365459 262.30000000 0.53195565 0.51699138 0.52252899
0.53606612 260.10000000 0.53464886 0.54797973 0.52682136
0.53930376 153.20000000 0.53792062 0.53440540 0.54384555
0.51937834 262.20000000 0.50326907 0.54105682 0.50925952
0.53606612 260.10000000 0.53464886 0.54797973 0.52682136
0.52129822 260.10000000 0.51542232 0.51878084 0.52805454
0.52413297 165.40000000 0.47752072 0.58071213 0.51454166
0.52924722 339.60000000 0.54387723 0.51575615 0.52840750
0.52512438 222.30000000 0.51181538 0.50530477 0.56187521
0.52858518 336.20000000 0.51757739 0.52682333 0.54056856
0.52924722 339.60000000 0.54387723 0.51575615 0.52840750
0.54124857 326.70000000 0.55912468 0.54010014 0.52055881
0.51963204 214.80000000 0.53920250 0.50768107 0.51086478
0.51588861 197.20000000 0.54340999 0.52040611 0.48175376
0.52767926 197.60000000 0.51076607 0.52333490 0.54825549
0.53560944 200.10000000 0.53275511 0.51796209 0.55501351
0.51588861 197.20000000 0.54340999 0.52040611 0.48175376
0.51203317 196.90000000 0.55261168 0.49839522 0.48578574
0.53001364 200.70000000 0.52334405 0.52086951 0.54562293
0.50770312 240.10000000 0.48717443 0.49370310 0.53856300
0.52436258 336.00000000 0.52823932 0.52544630 0.51915015
0.52020312 230.00000000 0.48839988 0.53431355 0.53451502
0.51072406 240.00000000 0.50085587 0.49484632 0.53576575
0.53397773 246.30000000 0.55232300 0.52862076 0.52282977
0.53536331 230.10000000 0.53271591 0.53286881 0.54132354
0.52073700 222.90000000 0.48722308 0.54474585 0.53225104
0.51876535 222.30000000 0.51951420 0.49446166 0.53902369
0.52583487 359.80000000 0.51309410 0.52560650 0.54007469
0.52073881 222.60000000 0.52665360 0.51126997 0.52517984
0.55107366 222.90000000 0.53595654 0.56034468 0.55738869
0.52984679 227.20000000 0.50295909 0.52288403 0.55768905
0.51133749 283.30000000 0.50518701 0.52672452 0.49897278
0.52804956 176.80000000 0.49730042 0.53394986 0.55167328
0.53889933 283.60000000 0.52679007 0.54891596 0.53898954
0.51873543 283.60000000 0.51253009 0.51502022 0.52973645
0.53855600 290.10000000 0.51090894 0.55366414 0.54916704
0.52630008 181.30000000 0.52453257 0.52404197 0.53249017
0.53061611 192.80000000 0.52065026 0.50430382 0.55914741
0.52369722 292.60000000 0.53278316 0.51683143 0.52052826
0.52900078 177.70000000 0.52216179 0.53252545 0.52781726
0.53445025 192.60000000 0.52148537 0.51538848 0.56323140
0.52789888 198.80000000 0.49536489 0.54217829 0.53964257
0.52763564 177.40000000 0.54270951 0.50861124 0.53273968
0.51972266 214.30000000 0.51399894 0.51894878 0.52039958
0.51463415 177.70000000 0.51553890 0.51451045 0.50942198
0.50334380 212.30000000 0.48459071 0.52908752 0.49142427
0.51974621 214.60000000 0.51315989 0.50075855 0.54403895
0.51152800 208.10000000 0.51525268 0.51446918 0.50569502
0.54268293 175.00000000 0.56407769 0.52368084 0.53937308
0.52962208 184.40000000 0.51099697 0.54054935 0.53407190
0.55189394 183.90000000 0.55374001 0.55277586 0.54737892
0.52453390 304.40000000 0.53329022 0.51138010 0.52702592
0.54929569 184.80000000 0.53091602 0.56237918 0.55313017
0.55605474 184.70000000 0.53273536 0.58598944 0.54383147
0.53068182 267.00000000 0.50552096 0.52755396 0.55849512
0.51258775 365.50000000 0.49671341 0.51206327 0.52954249
0.53471338 334.30000000 0.53010963 0.53308039 0.53924853
0.53200385 364.50000000 0.51880002 0.53378356 0.54277576
0.51289939 365.60000000 0.51329068 0.50559195 0.52018195
0.51317668 357.00000000 0.51748401 0.51987379 0.50316365
0.52452229 325.60000000 0.51933794 0.54488323 0.50472250
0.53931143 241.80000000 0.53862039 0.55967922 0.51872200
0.52476636 216.90000000 0.50299006 0.52254212 0.54930263
0.52182014 248.40000000 0.51078450 0.51640610 0.53757143
0.53404513 242.10000000 0.52414881 0.53903363 0.54257772
0.52098888 242.00000000 0.52092695 0.54696509 0.49681764
0.52149533 236.40000000 0.51840760 0.52318924 0.52556627
0.52342246 225.50000000 0.50470902 0.53347519 0.53077816
0.51757322 244.40000000 0.50633562 0.51257035 0.53436703
0.52926573 187.50000000 0.50852147 0.54260775 0.52592801
0.53203826 225.30000000 0.52076688 0.54219378 0.53379795
0.52434595 230.70000000 0.50130505 0.49565640 0.56633995
0.53305439 186.90000000 0.55612760 0.51846588 0.52729278
0.51516160 286.10000000 0.51610175 0.50206979 0.52792553
0.54041298 285.80000000 0.52763504 0.54473132 0.54849716
0.52044977 344.90000000 0.51491193 0.53074365 0.51443724
0.54855238 286.30000000 0.56039108 0.54215934 0.54561612
0.53139603 286.20000000 0.52549422 0.54347274 0.52308043
0.52005900 350.40000000 0.54327158 0.49772180 0.51743364
0.52754681 282.70000000 0.53118949 0.54458621 0.50912954
0.52733564 303.20000000 0.55326096 0.51798115 0.50984392
0.52827798 284.50000000 0.52275274 0.53280146 0.53506388
0.52200765 283.00000000 0.52210595 0.53651801 0.50734931
0.51868115 290.50000000 0.50075186 0.50302756 0.55023654
0.52076125 308.30000000 0.51407704 0.51491779 0.53427877
0.51438252 188.80000000 0.51144287 0.54247540 0.49039669
0.53915344 208.90000000 0.54571195 0.54570813 0.53336599
0.53206054 188.40000000 0.50511001 0.55063145 0.54027475
0.52374613 189.10000000 0.52080248 0.51733763 0.52985186
0.52556932 174.40000000 0.53321146 0.51445542 0.52854801
0.51640212 193.40000000 0.51117850 0.50144997 0.54006946
0.54207317 165.30000000 0.56840742 0.55974406 0.50081394
0.52859681 309.40000000 0.51263313 0.54188468 0.52829859
0.54146341 165.30000000 0.54888225 0.55435107 0.51920664
0.53780488 165.40000000 0.54076864 0.54217178 0.52977948
0.51646341 176.00000000 0.52174189 0.51835784 0.51122062
0.51786349 333.40000000 0.50379864 0.55274350 0.49752871
0.53977273 202.60000000 0.51641483 0.54906958 0.55195377
0.49280240 203.10000000 0.50795009 0.47810158 0.49271595
0.54962121 194.90000000 0.49454491 0.56896111 0.57893437
0.54507576 203.20000000 0.53824073 0.55041487 0.55176295
0.56136364 202.60000000 0.56447177 0.57588245 0.54950356
0.51299238 194.30000000 0.52175792 0.49823513 0.52187601
0.52547771 324.00000000 0.52680048 0.52702310 0.52219583
0.52347819 163.40000000 0.51662192 0.52982769 0.52254112
0.53503185 255.10000000 0.49646543 0.55648489 0.54723989
0.52611465 324.10000000 0.52529409 0.53171901 0.52243757
0.51178344 330.40000000 0.51360765 0.51222174 0.50892455
0.55004031 166.00000000 0.55173006 0.54647545 0.55418573
0.53084112 232.60000000 0.50250208 0.54318418 0.54503736
0.53182517 269.40000000 0.52216729 0.54293763 0.53423674
0.51121495 233.30000000 0.50571300 0.52276467 0.50386287
0.52429907 233.40000000 0.49790481 0.52045966 0.55006636
0.51915888 237.70000000 0.49492395 0.52677010 0.53318754
0.51353120 284.90000000 0.52372157 0.51274576 0.50499595
0.51966527 264.70000000 0.50984324 0.51696441 0.53275108
0.51167205 312.40000000 0.50300301 0.51392782 0.51687033
0.52343096 265.30000000 0.51269715 0.54546133 0.51527771
0.51087866 264.70000000 0.49882615 0.52044443 0.51192569
0.52594142 248.00000000 0.51002230 0.53475491 0.53309026
0.53357392 291.80000000 0.54724505 0.53313821 0.51866024
0.53008850 233.80000000 0.52624675 0.53063821 0.53190659
0.50275626 191.00000000 0.49647759 0.51478606 0.49623752
0.54690265 219.60000000 0.54079727 0.54162538 0.55839636
0.54336283 233.90000000 0.54218858 0.52787715 0.56046804
0.54041298 233.50000000 0.52851971 0.51951248 0.57254388
0.53663904 201.60000000 0.49858667 0.54255321 0.57058824
0.51903114 307.90000000 0.53295987 0.51501043 0.51005445
0.53133787 253.00000000 0.54245520 0.53679905 0.51485969
0.52145329 305.00000000 0.50844674 0.54038289 0.51478146
0.51245675 308.80000000 0.53450981 0.51340602 0.49061115
0.51730104 307.40000000 0.51411529 0.51070282 0.53107951
0.54339759 247.10000000 0.51522479 0.56931769 0.54844176
0.51587302 179.40000000 0.51986057 0.51990533 0.50542662
0.54088154 179.90000000 0.52536755 0.55315001 0.54541269
0.53703704 192.90000000 0.54211420 0.51546403 0.55155897
0.53809524 179.20000000 0.53201769 0.54688780 0.53497370
0.51534392 179.40000000 0.51664390 0.52169105 0.50554699
0.53396107 336.30000000 0.52668841 0.53376131 0.53762743
0.51494286 186.20000000 0.48653127 0.52601260 0.53027596
0.52426162 233.20000000 0.51406100 0.53067341 0.52941732
0.52922766 185.20000000 0.52112343 0.52195305 0.54479148
0.51557524 186.60000000 0.46891411 0.53585846 0.53615827
0.53201721 182.40000000 0.53820023 0.52902718 0.52547015
0.53516454 228.30000000 0.51057750 0.54679049 0.54056218
0.51791712 298.70000000 0.50124049 0.53612793 0.51323070
0.52293614 299.00000000 0.52892724 0.53289548 0.50947589
0.51897792 238.10000000 0.51892656 0.50815324 0.53059555
0.51934940 298.10000000 0.50765454 0.53232468 0.50938593
0.53704808 298.40000000 0.51594601 0.54602933 0.54758433
0.52356114 238.30000000 0.52611587 0.52046567 0.52595931
0.52800979 333.40000000 0.51562794 0.54040758 0.52879264
0.52201175 277.30000000 0.52096310 0.53083928 0.51327062
0.52220221 182.20000000 0.49241034 0.51269398 0.56357618
0.52648356 333.70000000 0.51604066 0.53922605 0.52413604
0.52466183 342.90000000 0.53573157 0.51711322 0.52499955
0.53349323 182.10000000 0.51725737 0.53772656 0.54395994
0.52535574 215.70000000 0.53517404 0.52046329 0.52136547
0.51264534 184.60000000 0.51126762 0.50671814 0.52029369
0.50640326 245.20000000 0.48844543 0.50554800 0.52332508
0.51083778 215.70000000 0.50910856 0.51064854 0.51389074
0.53863397 215.50000000 0.53948843 0.54842672 0.52871807
0.53553836 171.60000000 0.55325677 0.54945208 0.51520375
0.51113246 214.10000000 0.52615242 0.46836394 0.54015759
0.50693093 208.20000000 0.49680961 0.49586124 0.53286542
0.52158268 216.10000000 0.51971904 0.51110152 0.53658617
0.51858037 214.10000000 0.52350579 0.48832787 0.54331277
0.53648835 217.30000000 0.54331968 0.54835162 0.51806302
0.52430403 210.20000000 0.49827178 0.53131829 0.54278979
0.54162505 191.90000000 0.53533465 0.53045052 0.55793786
0.53202245 192.10000000 0.49521893 0.53790633 0.55987403
0.53600581 275.00000000 0.51330501 0.54919483 0.54369884
0.54361070 192.30000000 0.54500207 0.53410276 0.55168663
0.54228840 191.90000000 0.53479891 0.53385535 0.55657901
0.51336578 275.40000000 0.47379638 0.52730768 0.53574328
0.52207203 275.60000000 0.53993958 0.51054522 0.51721645
0.53257602 377.90000000 0.51382035 0.53841714 0.54396209
0.55030671 206.30000000 0.56260862 0.52779493 0.56033589
0.54033865 275.00000000 0.51410272 0.54794539 0.55875634
0.53040378 261.90000000 0.53035270 0.52846097 0.53223126
0.53780598 206.30000000 0.52981875 0.53389763 0.54901437
0.53265946 157.30000000 0.54219953 0.56398514 0.48446503
0.51245728 250.60000000 0.52480616 0.49980344 0.50997745
0.54255403 157.80000000 0.53290587 0.54425370 0.55012138
0.53330864 157.50000000 0.55386180 0.56885700 0.47437188
0.50697107 167.30000000 0.52815979 0.52141701 0.46913819
0.51813340 271.30000000 0.53263780 0.50237738 0.51569796
