100.0000 10.0000 0.0000 800.0000
100.0000 10.0000 0.0000 800.0000
100.0000 10.0000 0.0000 800.0000
100.0000 10.0000 0.0000 800.0000
100.0000 10.0000 0.0000 800.0000
100.0000 10.0000 0.0000 800.0000
100.0000 10.0000 0.0000 800.0000
100.0000 10.0000 0.0000 800.0000
100.0000 10.0000 0.0000 800.0000
100.0000 10.0000 0.0000 800.0000
400.0000 45.0000 0.5000 1150.0000
400.0000 45.0000 0.5000 1150.0000
400.0000 45.0000 0.5000 1150.0000
400.0000 45.0000 0.5000 1150.0000
400.0000 45.0000 0.5000 1150.0000
400.0000 45.0000 0.5000 1150.0000
400.0000 45.0000 0.5000 1150.0000
400.0000 45.0000 0.5000 1150.0000
400.0000 45.0000 0.5000 1150.0000
400.0000 45.0000 0.5000 1150.0000
550.0000 27.5000 0.2500 975.0000
550.0000 27.5000 0.2500 975.0000
550.0000 62.5000 0.2500 975.0000
550.0000 27.5000 0.2500 975.0000
550.0000 27.5000 0.2500 1325.0000
550.0000 62.5000 0.2500 1325.0000
550.0000 27.5000 0.2500 1325.0000
550.0000 62.5000 0.2500 1325.0000
550.0000 62.5000 0.2500 975.0000
550.0000 62.5000 0.2500 1325.0000
250.0000 62.5000 0.7500 1325.0000
250.0000 62.5000 0.7500 1325.0000
250.0000 27.5000 0.7500 1325.0000
250.0000 62.5000 0.7500 1325.0000
250.0000 62.5000 0.7500 975.0000
250.0000 27.5000 0.7500 975.0000
250.0000 62.5000 0.7500 975.0000
250.0000 27.5000 0.7500 975.0000
250.0000 27.5000 0.7500 1325.0000
250.0000 27.5000 0.7500 975.0000
325.0000 36.2500 0.6250 1412.5000
325.0000 36.2500 0.6250 1412.5000
325.0000 18.7500 0.6250 1412.5000
325.0000 36.2500 0.3750 1412.5000
325.0000 36.2500 0.6250 1412.5000
325.0000 18.7500 0.3750 1412.5000
325.0000 36.2500 0.3750 1412.5000
325.0000 18.7500 0.6250 1412.5000
325.0000 18.7500 0.3750 1412.5000
325.0000 18.7500 0.3750 1412.5000
625.0000 71.2500 0.1250 1062.5000
625.0000 71.2500 0.1250 1062.5000
625.0000 53.7500 0.1250 1062.5000
625.0000 71.2500 0.8750 1062.5000
625.0000 71.2500 0.1250 1062.5000
625.0000 53.7500 0.8750 1062.5000
625.0000 71.2500 0.8750 1062.5000
625.0000 53.7500 0.1250 1062.5000
625.0000 53.7500 0.8750 1062.5000
625.0000 53.7500 0.8750 1062.5000
475.0000 18.7500 0.8750 1237.5000
475.0000 18.7500 0.8750 1237.5000
475.0000 71.2500 0.8750 1237.5000
475.0000 18.7500 0.1250 1237.5000
475.0000 18.7500 0.8750 887.5000
475.0000 71.2500 0.1250 887.5000
475.0000 18.7500 0.1250 887.5000
475.0000 71.2500 0.8750 887.5000
475.0000 71.2500 0.1250 1237.5000
475.0000 71.2500 0.1250 887.5000
175.0000 53.7500 0.3750 887.5000
175.0000 53.7500 0.3750 887.5000
175.0000 36.2500 0.3750 887.5000
175.0000 53.7500 0.6250 887.5000
175.0000 53.7500 0.3750 1237.5000
175.0000 36.2500 0.6250 1237.5000
175.0000 53.7500 0.6250 1237.5000
175.0000 36.2500 0.3750 1237.5000
175.0000 36.2500 0.6250 887.5000
175.0000 36.2500 0.6250 1237.5000
212.5000 31.8750 0.9375 1106.2500
437.5000 31.8750 0.9375 1106.2500
212.5000 31.8750 0.9375 1106.2500
212.5000 31.8750 0.4375 1106.2500
212.5000 31.8750 0.9375 1456.2500
212.5000 31.8750 0.4375 1456.2500
437.5000 31.8750 0.4375 1456.2500
437.5000 31.8750 0.9375 1456.2500
437.5000 31.8750 0.4375 1106.2500
437.5000 31.8750 0.4375 1456.2500
512.5000 66.8750 0.4375 1456.2500
137.5000 66.8750 0.4375 1456.2500
512.5000 66.8750 0.4375 1456.2500
512.5000 66.8750 0.9375 1456.2500
512.5000 66.8750 0.4375 1106.2500
512.5000 66.8750 0.9375 1106.2500
137.5000 66.8750 0.9375 1106.2500
137.5000 66.8750 0.4375 1106.2500
137.5000 66.8750 0.9375 1456.2500
137.5000 66.8750 0.9375 1106.2500
662.5000 14.3750 0.6875 931.2500
287.5000 14.3750 0.6875 931.2500
662.5000 49.3750 0.6875 931.2500
662.5000 14.3750 0.1875 931.2500
662.5000 14.3750 0.6875 931.2500
662.5000 49.3750 0.1875 931.2500
287.5000 14.3750 0.1875 931.2500
287.5000 49.3750 0.6875 931.2500
287.5000 49.3750 0.1875 931.2500
287.5000 49.3750 0.1875 931.2500
362.5000 49.3750 0.1875 1281.2500
587.5000 49.3750 0.1875 1281.2500
362.5000 14.3750 0.1875 1281.2500
362.5000 49.3750 0.6875 1281.2500
362.5000 49.3750 0.1875 1281.2500
362.5000 14.3750 0.6875 1281.2500
587.5000 49.3750 0.6875 1281.2500
587.5000 14.3750 0.1875 1281.2500
587.5000 14.3750 0.6875 1281.2500
587.5000 14.3750 0.6875 1281.2500
287.5000 23.1250 0.3125 1193.7500
662.5000 23.1250 0.3125 1193.7500
287.5000 40.6250 0.3125 1193.7500
287.5000 23.1250 0.0625 1193.7500
287.5000 23.1250 0.3125 843.7500
287.5000 40.6250 0.0625 843.7500
662.5000 23.1250 0.0625 843.7500
662.5000 40.6250 0.3125 843.7500
662.5000 40.6250 0.0625 1193.7500
662.5000 40.6250 0.0625 843.7500
587.5000 58.1250 0.8125 843.7500
362.5000 58.1250 0.8125 843.7500
587.5000 75.6250 0.8125 843.7500
587.5000 58.1250 0.5625 843.7500
587.5000 58.1250 0.8125 1193.7500
587.5000 75.6250 0.5625 1193.7500
362.5000 58.1250 0.5625 1193.7500
362.5000 75.6250 0.8125 1193.7500
362.5000 75.6250 0.5625 843.7500
362.5000 75.6250 0.5625 1193.7500
437.5000 40.6250 0.0625 1368.7500
212.5000 40.6250 0.0625 1368.7500
437.5000 58.1250 0.0625 1368.7500
437.5000 40.6250 0.3125 1368.7500
437.5000 40.6250 0.0625 1368.7500
437.5000 58.1250 0.3125 1368.7500
212.5000 40.6250 0.3125 1368.7500
212.5000 58.1250 0.0625 1368.7500
212.5000 58.1250 0.3125 1368.7500
212.5000 58.1250 0.3125 1368.7500
137.5000 75.6250 0.5625 1018.7500
512.5000 75.6250 0.5625 1018.7500
137.5000 23.1250 0.5625 1018.7500
137.5000 75.6250 0.8125 1018.7500
137.5000 75.6250 0.5625 1018.7500
137.5000 23.1250 0.8125 1018.7500
512.5000 75.6250 0.8125 1018.7500
512.5000 23.1250 0.5625 1018.7500
512.5000 23.1250 0.8125 1018.7500
512.5000 23.1250 0.8125 1018.7500
156.2500 42.8125 0.4688 1259.3750
268.7500 42.8125 0.4688 1259.3750
156.2500 77.8125 0.4688 1259.3750
156.2500 42.8125 0.5312 1259.3750
156.2500 42.8125 0.4688 1390.6250
156.2500 77.8125 0.5312 1390.6250
268.7500 42.8125 0.5312 1390.6250
268.7500 77.8125 0.4688 1390.6250
268.7500 77.8125 0.5312 1259.3750
268.7500 77.8125 0.5312 1390.6250
456.2500 77.8125 0.9688 909.3750
568.7500 77.8125 0.9688 909.3750
456.2500 42.8125 0.9688 909.3750
456.2500 77.8125 0.0312 909.3750
456.2500 77.8125 0.9688 1040.6250
456.2500 42.8125 0.0312 1040.6250
568.7500 77.8125 0.0312 1040.6250
568.7500 42.8125 0.9688 1040.6250
568.7500 42.8125 0.0312 909.3750
568.7500 42.8125 0.0312 1040.6250
606.2500 25.3125 0.2188 1434.3750
418.7500 25.3125 0.2188 1434.3750
606.2500 25.3125 0.2188 1434.3750
606.2500 25.3125 0.7812 1434.3750
606.2500 25.3125 0.2188 865.6250
606.2500 25.3125 0.7812 865.6250
418.7500 25.3125 0.7812 865.6250
418.7500 25.3125 0.2188 865.6250
418.7500 25.3125 0.7812 1434.3750
418.7500 25.3125 0.7812 865.6250
306.2500 60.3125 0.7188 1084.3750
118.7500 60.3125 0.7188 1084.3750
306.2500 60.3125 0.7188 1084.3750
306.2500 60.3125 0.2812 1084.3750
306.2500 60.3125 0.7188 1215.6250
306.2500 60.3125 0.2812 1215.6250
118.7500 60.3125 0.2812 1215.6250
118.7500 60.3125 0.7188 1215.6250
118.7500 60.3125 0.2812 1084.3750
118.7500 60.3125 0.2812 1215.6250
381.2500 16.5625 0.8438 996.8750
193.7500 16.5625 0.8438 996.8750
381.2500 69.0625 0.8438 996.8750
381.2500 16.5625 0.9062 996.8750
381.2500 16.5625 0.8438 953.1250
381.2500 69.0625 0.9062 953.1250
193.7500 16.5625 0.9062 953.1250
193.7500 69.0625 0.8438 953.1250
193.7500 69.0625 0.9062 996.8750
193.7500 69.0625 0.9062 953.1250
681.2500 51.5625 0.3438 1346.8750
493.7500 51.5625 0.3438 1346.8750
681.2500 34.0625 0.3438 1346.8750
681.2500 51.5625 0.4062 1346.8750
681.2500 51.5625 0.3438 1303.1250
681.2500 34.0625 0.4062 1303.1250
493.7500 51.5625 0.4062 1303.1250
493.7500 34.0625 0.3438 1303.1250
493.7500 34.0625 0.4062 1346.8750
493.7500 34.0625 0.4062 1303.1250
531.2500 34.0625 0.5938 821.8750
643.7500 34.0625 0.5938 821.8750
531.2500 16.5625 0.5938 821.8750
531.2500 34.0625 0.6562 821.8750
531.2500 34.0625 0.5938 1478.1250
531.2500 16.5625 0.6562 1478.1250
643.7500 34.0625 0.6562 1478.1250
643.7500 16.5625 0.5938 1478.1250
643.7500 16.5625 0.6562 821.8750
643.7500 16.5625 0.6562 1478.1250
231.2500 69.0625 0.0938 1171.8750
343.7500 69.0625 0.0938 1171.8750
231.2500 51.5625 0.0938 1171.8750
231.2500 69.0625 0.1562 1171.8750
231.2500 69.0625 0.0938 1128.1250
231.2500 51.5625 0.1562 1128.1250
343.7500 69.0625 0.1562 1128.1250
343.7500 51.5625 0.0938 1128.1250
343.7500 51.5625 0.1562 1171.8750
343.7500 51.5625 0.1562 1128.1250
193.7500 20.9375 0.5312 1390.6250
606.2500 20.9375 0.5312 1390.6250
193.7500 55.9375 0.5312 1390.6250
193.7500 20.9375 0.9688 1390.6250
193.7500 20.9375 0.5312 909.3750
193.7500 55.9375 0.9688 909.3750
606.2500 20.9375 0.9688 909.3750
606.2500 55.9375 0.5312 909.3750
606.2500 55.9375 0.9688 1390.6250
606.2500 55.9375 0.9688 909.3750
493.7500 55.9375 0.0312 1040.6250
306.2500 55.9375 0.0312 1040.6250
493.7500 20.9375 0.0312 1040.6250
493.7500 55.9375 0.4688 1040.6250
493.7500 55.9375 0.0312 1259.3750
493.7500 20.9375 0.4688 1259.3750
306.2500 55.9375 0.4688 1259.3750
306.2500 20.9375 0.0312 1259.3750
306.2500 20.9375 0.4688 1040.6250
306.2500 20.9375 0.4688 1259.3750
643.7500 38.4375 0.7812 1215.6250
156.2500 38.4375 0.7812 1215.6250
643.7500 38.4375 0.7812 1215.6250
643.7500 38.4375 0.7188 1215.6250
643.7500 38.4375 0.7812 1434.3750
643.7500 38.4375 0.7188 1434.3750
156.2500 38.4375 0.7188 1434.3750
156.2500 38.4375 0.7812 1434.3750
156.2500 38.4375 0.7188 1215.6250
156.2500 38.4375 0.7188 1434.3750
343.7500 73.4375 0.2812 865.6250
456.2500 73.4375 0.2812 865.6250
343.7500 73.4375 0.2812 865.6250
343.7500 73.4375 0.2188 865.6250
343.7500 73.4375 0.2812 1084.3750
343.7500 73.4375 0.2188 1084.3750
456.2500 73.4375 0.2188 1084.3750
456.2500 73.4375 0.2812 1084.3750
456.2500 73.4375 0.2188 865.6250
456.2500 73.4375 0.2188 1084.3750
268.7500 29.6875 0.1562 953.1250
531.2500 29.6875 0.1562 953.1250
268.7500 47.1875 0.1562 953.1250
268.7500 29.6875 0.5938 953.1250
268.7500 29.6875 0.1562 1346.8750
268.7500 47.1875 0.5938 1346.8750
531.2500 29.6875 0.5938 1346.8750
531.2500 47.1875 0.1562 1346.8750
531.2500 47.1875 0.5938 953.1250
531.2500 47.1875 0.5938 1346.8750
568.7500 64.6875 0.6562 1303.1250
231.2500 64.6875 0.6562 1303.1250
568.7500 12.1875 0.6562 1303.1250
568.7500 64.6875 0.0938 1303.1250
568.7500 64.6875 0.6562 996.8750
568.7500 12.1875 0.0938 996.8750
231.2500 64.6875 0.0938 996.8750
231.2500 12.1875 0.6562 996.8750
231.2500 12.1875 0.0938 1303.1250
231.2500 12.1875 0.0938 996.8750
418.7500 12.1875 0.4062 1128.1250
381.2500 12.1875 0.4062 1128.1250
418.7500 29.6875 0.4062 1128.1250
418.7500 12.1875 0.8438 1128.1250
418.7500 12.1875 0.4062 821.8750
418.7500 29.6875 0.8438 821.8750
381.2500 12.1875 0.8438 821.8750
381.2500 29.6875 0.4062 821.8750
381.2500 29.6875 0.8438 1128.1250
381.2500 29.6875 0.8438 821.8750
118.7500 47.1875 0.9062 1478.1250
681.2500 47.1875 0.9062 1478.1250
118.7500 64.6875 0.9062 1478.1250
118.7500 47.1875 0.3438 1478.1250
118.7500 47.1875 0.9062 1171.8750
118.7500 64.6875 0.3438 1171.8750
681.2500 47.1875 0.3438 1171.8750
681.2500 64.6875 0.9062 1171.8750
681.2500 64.6875 0.3438 1478.1250
681.2500 64.6875 0.3438 1171.8750
128.1250 28.5938 0.7031 1182.8125
184.3750 28.5938 0.7031 1182.8125
128.1250 74.5312 0.7031 1182.8125
128.1250 28.5938 0.7969 1182.8125
128.1250 28.5938 0.7031 1270.3125
128.1250 74.5312 0.7969 1270.3125
184.3750 28.5938 0.7969 1270.3125
184.3750 74.5312 0.7031 1270.3125
184.3750 74.5312 0.7969 1182.8125
184.3750 74.5312 0.7969 1270.3125
428.1250 63.5938 0.2031 832.8125
484.3750 63.5938 0.2031 832.8125
428.1250 39.5312 0.2031 832.8125
428.1250 63.5938 0.2969 832.8125
428.1250 63.5938 0.2031 920.3125
428.1250 39.5312 0.2969 920.3125
484.3750 63.5938 0.2969 920.3125
484.3750 39.5312 0.2031 920.3125
484.3750 39.5312 0.2969 832.8125
484.3750 39.5312 0.2969 920.3125
578.1250 11.0938 0.9531 1357.8125
634.3750 11.0938 0.9531 1357.8125
578.1250 22.0312 0.9531 1357.8125
578.1250 11.0938 0.5469 1357.8125
578.1250 11.0938 0.9531 1095.3125
578.1250 22.0312 0.5469 1095.3125
634.3750 11.0938 0.5469 1095.3125
634.3750 22.0312 0.9531 1095.3125
634.3750 22.0312 0.5469 1357.8125
634.3750 22.0312 0.5469 1095.3125
278.1250 46.0938 0.4531 1007.8125
334.3750 46.0938 0.4531 1007.8125
278.1250 57.0312 0.4531 1007.8125
278.1250 46.0938 0.0469 1007.8125
278.1250 46.0938 0.4531 1445.3125
278.1250 57.0312 0.0469 1445.3125
334.3750 46.0938 0.0469 1445.3125
334.3750 57.0312 0.4531 1445.3125
334.3750 57.0312 0.0469 1007.8125
334.3750 57.0312 0.0469 1445.3125
353.1250 19.8438 0.0781 1095.3125
259.3750 19.8438 0.0781 1095.3125
353.1250 65.7812 0.0781 1095.3125
353.1250 19.8438 0.6719 1095.3125
353.1250 19.8438 0.0781 1007.8125
353.1250 65.7812 0.6719 1007.8125
259.3750 19.8438 0.6719 1007.8125
259.3750 65.7812 0.0781 1007.8125
259.3750 65.7812 0.6719 1095.3125
259.3750 65.7812 0.6719 1007.8125
653.1250 54.8438 0.5781 1445.3125
559.3750 54.8438 0.5781 1445.3125
653.1250 30.7812 0.5781 1445.3125
653.1250 54.8438 0.1719 1445.3125
653.1250 54.8438 0.5781 1357.8125
653.1250 30.7812 0.1719 1357.8125
559.3750 54.8438 0.1719 1357.8125
559.3750 30.7812 0.5781 1357.8125
559.3750 30.7812 0.1719 1445.3125
559.3750 30.7812 0.1719 1357.8125
503.1250 37.3438 0.3281 920.3125
409.3750 37.3438 0.3281 920.3125
503.1250 13.2812 0.3281 920.3125
503.1250 37.3438 0.9219 920.3125
503.1250 37.3438 0.3281 1182.8125
503.1250 13.2812 0.9219 1182.8125
409.3750 37.3438 0.9219 1182.8125
409.3750 13.2812 0.3281 1182.8125
409.3750 13.2812 0.9219 920.3125
409.3750 13.2812 0.9219 1182.8125
203.1250 72.3438 0.8281 1270.3125
109.3750 72.3438 0.8281 1270.3125
203.1250 48.2812 0.8281 1270.3125
203.1250 72.3438 0.4219 1270.3125
203.1250 72.3438 0.8281 832.8125
203.1250 48.2812 0.4219 832.8125
109.3750 72.3438 0.4219 832.8125
109.3750 48.2812 0.8281 832.8125
109.3750 48.2812 0.4219 1270.3125
109.3750 48.2812 0.4219 832.8125
240.6250 15.4688 0.2656 1489.0625
521.8750 15.4688 0.2656 1489.0625
240.6250 61.4062 0.2656 1489.0625
240.6250 15.4688 0.7344 1489.0625
240.6250 15.4688 0.2656 1051.5625
240.6250 61.4062 0.7344 1051.5625
521.8750 15.4688 0.7344 1051.5625
521.8750 61.4062 0.2656 1051.5625
521.8750 61.4062 0.7344 1489.0625
521.8750 61.4062 0.7344 1051.5625
540.6250 50.4688 0.7656 1139.0625
221.8750 50.4688 0.7656 1139.0625
540.6250 26.4062 0.7656 1139.0625
540.6250 50.4688 0.2344 1139.0625
540.6250 50.4688 0.7656 1401.5625
540.6250 26.4062 0.2344 1401.5625
221.8750 50.4688 0.2344 1401.5625
221.8750 26.4062 0.7656 1401.5625
221.8750 26.4062 0.2344 1139.0625
221.8750 26.4062 0.2344 1401.5625
690.6250 32.9688 0.0156 1314.0625
371.8750 32.9688 0.0156 1314.0625
690.6250 43.9062 0.0156 1314.0625
690.6250 32.9688 0.9844 1314.0625
690.6250 32.9688 0.0156 1226.5625
690.6250 43.9062 0.9844 1226.5625
371.8750 32.9688 0.9844 1226.5625
371.8750 43.9062 0.0156 1226.5625
371.8750 43.9062 0.9844 1314.0625
371.8750 43.9062 0.9844 1226.5625
390.6250 67.9688 0.5156 964.0625
671.8750 67.9688 0.5156 964.0625
390.6250 78.9062 0.5156 964.0625
390.6250 67.9688 0.4844 964.0625
390.6250 67.9688 0.5156 876.5625
390.6250 78.9062 0.4844 876.5625
671.8750 67.9688 0.4844 876.5625
671.8750 78.9062 0.5156 876.5625
671.8750 78.9062 0.4844 964.0625
671.8750 78.9062 0.4844 876.5625
315.6250 41.7188 0.8906 876.5625
596.8750 41.7188 0.8906 876.5625
315.6250 52.6562 0.8906 876.5625
315.6250 41.7188 0.8594 876.5625
315.6250 41.7188 0.8906 1314.0625
315.6250 52.6562 0.8594 1314.0625
596.8750 41.7188 0.8594 1314.0625
596.8750 52.6562 0.8906 1314.0625
596.8750 52.6562 0.8594 876.5625
596.8750 52.6562 0.8594 1314.0625
615.6250 76.7188 0.3906 1226.5625
296.8750 76.7188 0.3906 1226.5625
615.6250 17.6562 0.3906 1226.5625
615.6250 76.7188 0.3594 1226.5625
615.6250 76.7188 0.3906 964.0625
615.6250 17.6562 0.3594 964.0625
296.8750 76.7188 0.3594 964.0625
296.8750 17.6562 0.3906 964.0625
296.8750 17.6562 0.3594 1226.5625
296.8750 17.6562 0.3594 964.0625
465.6250 24.2188 0.6406 1051.5625
146.8750 24.2188 0.6406 1051.5625
465.6250 35.1562 0.6406 1051.5625
465.6250 24.2188 0.6094 1051.5625
465.6250 24.2188 0.6406 1139.0625
465.6250 35.1562 0.6094 1139.0625
146.8750 24.2188 0.6094 1139.0625
146.8750 35.1562 0.6406 1139.0625
146.8750 35.1562 0.6094 1051.5625
146.8750 35.1562 0.6094 1139.0625
165.6250 59.2188 0.1406 1401.5625
446.8750 59.2188 0.1406 1401.5625
165.6250 70.1562 0.1406 1401.5625
165.6250 59.2188 0.1094 1401.5625
165.6250 59.2188 0.1406 1489.0625
165.6250 70.1562 0.1094 1489.0625
446.8750 59.2188 0.1094 1489.0625
446.8750 70.1562 0.1406 1489.0625
446.8750 70.1562 0.1094 1401.5625
446.8750 70.1562 0.1094 1489.0625
146.8750 26.4062 0.7969 898.4375
353.1250 26.4062 0.7969 898.4375
146.8750 15.4688 0.7969 898.4375
146.8750 26.4062 0.2656 898.4375
146.8750 26.4062 0.7969 1117.1875
146.8750 15.4688 0.2656 1117.1875
353.1250 26.4062 0.2656 1117.1875
353.1250 15.4688 0.7969 1117.1875
353.1250 15.4688 0.2656 898.4375
353.1250 15.4688 0.2656 1117.1875
446.8750 61.4062 0.2969 1248.4375
653.1250 61.4062 0.2969 1248.4375
446.8750 50.4688 0.2969 1248.4375
446.8750 61.4062 0.7656 1248.4375
446.8750 61.4062 0.2969 1467.1875
446.8750 50.4688 0.7656 1467.1875
653.1250 61.4062 0.7656 1467.1875
653.1250 50.4688 0.2969 1467.1875
653.1250 50.4688 0.7656 1248.4375
653.1250 50.4688 0.7656 1467.1875
596.8750 43.9062 0.5469 1073.4375
503.1250 43.9062 0.5469 1073.4375
596.8750 67.9688 0.5469 1073.4375
596.8750 43.9062 0.0156 1073.4375
596.8750 43.9062 0.5469 1292.1875
596.8750 67.9688 0.0156 1292.1875
503.1250 43.9062 0.0156 1292.1875
503.1250 67.9688 0.5469 1292.1875
503.1250 67.9688 0.0156 1073.4375
503.1250 67.9688 0.0156 1292.1875
296.8750 78.9062 0.0469 1423.4375
203.1250 78.9062 0.0469 1423.4375
296.8750 32.9688 0.0469 1423.4375
296.8750 78.9062 0.5156 1423.4375
296.8750 78.9062 0.0469 942.1875
296.8750 32.9688 0.5156 942.1875
203.1250 78.9062 0.5156 942.1875
203.1250 32.9688 0.0469 942.1875
203.1250 32.9688 0.5156 1423.4375
203.1250 32.9688 0.5156 942.1875
371.8750 35.1562 0.4219 1335.9375
128.1250 35.1562 0.4219 1335.9375
371.8750 24.2188 0.4219 1335.9375
371.8750 35.1562 0.1406 1335.9375
371.8750 35.1562 0.4219 1204.6875
371.8750 24.2188 0.1406 1204.6875
128.1250 35.1562 0.1406 1204.6875
128.1250 24.2188 0.4219 1204.6875
128.1250 24.2188 0.1406 1335.9375
128.1250 24.2188 0.1406 1204.6875
671.8750 70.1562 0.9219 985.9375
428.1250 70.1562 0.9219 985.9375
671.8750 59.2188 0.9219 985.9375
671.8750 70.1562 0.6406 985.9375
671.8750 70.1562 0.9219 854.6875
671.8750 59.2188 0.6406 854.6875
428.1250 70.1562 0.6406 854.6875
428.1250 59.2188 0.9219 854.6875
428.1250 59.2188 0.6406 985.9375
428.1250 59.2188 0.6406 854.6875
521.8750 17.6562 0.1719 1160.9375
578.1250 17.6562 0.1719 1160.9375
521.8750 76.7188 0.1719 1160.9375
521.8750 17.6562 0.3906 1160.9375
521.8750 17.6562 0.1719 1029.6875
521.8750 76.7188 0.3906 1029.6875
578.1250 17.6562 0.3906 1029.6875
578.1250 76.7188 0.1719 1029.6875
578.1250 76.7188 0.3906 1160.9375
578.1250 76.7188 0.3906 1029.6875
221.8750 52.6562 0.6719 810.9375
278.1250 52.6562 0.6719 810.9375
221.8750 41.7188 0.6719 810.9375
221.8750 52.6562 0.8906 810.9375
221.8750 52.6562 0.6719 1379.6875
221.8750 41.7188 0.8906 1379.6875
278.1250 52.6562 0.8906 1379.6875
278.1250 41.7188 0.6719 1379.6875
278.1250 41.7188 0.8906 810.9375
278.1250 41.7188 0.8906 1379.6875
184.3750 39.5312 0.2344 1029.6875
690.6250 39.5312 0.2344 1029.6875
184.3750 28.5938 0.2344 1029.6875
184.3750 39.5312 0.2031 1029.6875
184.3750 39.5312 0.2344 1160.9375
184.3750 28.5938 0.2031 1160.9375
690.6250 39.5312 0.2031 1160.9375
690.6250 28.5938 0.2344 1160.9375
690.6250 28.5938 0.2031 1029.6875
690.6250 28.5938 0.2031 1160.9375
484.3750 74.5312 0.7344 1379.6875
390.6250 74.5312 0.7344 1379.6875
484.3750 63.5938 0.7344 1379.6875
484.3750 74.5312 0.7031 1379.6875
484.3750 74.5312 0.7344 810.9375
484.3750 63.5938 0.7031 810.9375
390.6250 74.5312 0.7031 810.9375
390.6250 63.5938 0.7344 810.9375
390.6250 63.5938 0.7031 1379.6875
390.6250 63.5938 0.7031 810.9375
634.3750 22.0312 0.4844 854.6875
240.6250 22.0312 0.4844 854.6875
634.3750 46.0938 0.4844 854.6875
634.3750 22.0312 0.4531 854.6875
634.3750 22.0312 0.4844 985.9375
634.3750 46.0938 0.4531 985.9375
240.6250 22.0312 0.4531 985.9375
240.6250 46.0938 0.4844 985.9375
240.6250 46.0938 0.4531 854.6875
240.6250 46.0938 0.4531 985.9375
334.3750 57.0312 0.9844 1204.6875
540.6250 57.0312 0.9844 1204.6875
334.3750 11.0938 0.9844 1204.6875
334.3750 57.0312 0.9531 1204.6875
334.3750 57.0312 0.9844 1335.9375
334.3750 11.0938 0.9531 1335.9375
540.6250 57.0312 0.9531 1335.9375
540.6250 11.0938 0.9844 1335.9375
540.6250 11.0938 0.9531 1204.6875
540.6250 11.0938 0.9531 1335.9375
259.3750 13.2812 0.6094 1292.1875
465.6250 13.2812 0.6094 1292.1875
259.3750 37.3438 0.6094 1292.1875
259.3750 13.2812 0.3281 1292.1875
259.3750 13.2812 0.6094 1073.4375
259.3750 37.3438 0.3281 1073.4375
465.6250 13.2812 0.3281 1073.4375
465.6250 37.3438 0.6094 1073.4375
465.6250 37.3438 0.3281 1292.1875
465.6250 37.3438 0.3281 1073.4375
559.3750 48.2812 0.1094 942.1875
165.6250 48.2812 0.1094 942.1875
559.3750 72.3438 0.1094 942.1875
559.3750 48.2812 0.8281 942.1875
559.3750 48.2812 0.1094 1423.4375
559.3750 72.3438 0.8281 1423.4375
165.6250 48.2812 0.8281 1423.4375
165.6250 72.3438 0.1094 1423.4375
165.6250 72.3438 0.8281 942.1875
165.6250 72.3438 0.8281 1423.4375
409.3750 30.7812 0.8594 1467.1875
315.6250 30.7812 0.8594 1467.1875
409.3750 54.8438 0.8594 1467.1875
409.3750 30.7812 0.0781 1467.1875
409.3750 30.7812 0.8594 1248.4375
409.3750 54.8438 0.0781 1248.4375
315.6250 30.7812 0.0781 1248.4375
315.6250 54.8438 0.8594 1248.4375
315.6250 54.8438 0.0781 1467.1875
315.6250 54.8438 0.0781 1248.4375
109.3750 65.7812 0.3594 1117.1875
615.6250 65.7812 0.3594 1117.1875
109.3750 19.8438 0.3594 1117.1875
109.3750 65.7812 0.5781 1117.1875
109.3750 65.7812 0.3594 898.4375
109.3750 19.8438 0.5781 898.4375
615.6250 65.7812 0.5781 898.4375
615.6250 19.8438 0.3594 898.4375
615.6250 19.8438 0.5781 1117.1875
615.6250 19.8438 0.5781 898.4375
114.0625 37.8906 0.8203 1385.1562
489.0625 37.8906 0.8203 1385.1562
114.0625 41.1719 0.8203 1385.1562
114.0625 37.8906 0.6641 1385.1562
114.0625 37.8906 0.8203 947.6562
114.0625 41.1719 0.6641 947.6562
489.0625 37.8906 0.6641 947.6562
489.0625 41.1719 0.8203 947.6562
489.0625 41.1719 0.6641 1385.1562
489.0625 41.1719 0.6641 947.6562
414.0625 72.8906 0.3203 1035.1562
189.0625 72.8906 0.3203 1035.1562
414.0625 76.1719 0.3203 1035.1562
414.0625 72.8906 0.1641 1035.1562
414.0625 72.8906 0.3203 1297.6562
414.0625 76.1719 0.1641 1297.6562
189.0625 72.8906 0.1641 1297.6562
189.0625 76.1719 0.3203 1297.6562
189.0625 76.1719 0.1641 1035.1562
189.0625 76.1719 0.1641 1297.6562
564.0625 20.3906 0.5703 1210.1562
339.0625 20.3906 0.5703 1210.1562
564.0625 58.6719 0.5703 1210.1562
564.0625 20.3906 0.9141 1210.1562
564.0625 20.3906 0.5703 1472.6562
564.0625 58.6719 0.9141 1472.6562
339.0625 20.3906 0.9141 1472.6562
339.0625 58.6719 0.5703 1472.6562
339.0625 58.6719 0.9141 1210.1562
339.0625 58.6719 0.9141 1472.6562
264.0625 55.3906 0.0703 860.1562
639.0625 55.3906 0.0703 860.1562
264.0625 23.6719 0.0703 860.1562
264.0625 55.3906 0.4141 860.1562
264.0625 55.3906 0.0703 1122.6562
264.0625 23.6719 0.4141 1122.6562
639.0625 55.3906 0.4141 1122.6562
639.0625 23.6719 0.0703 1122.6562
639.0625 23.6719 0.4141 860.1562
639.0625 23.6719 0.4141 1122.6562
339.0625 11.6406 0.4453 947.6562
564.0625 11.6406 0.4453 947.6562
339.0625 32.4219 0.4453 947.6562
339.0625 11.6406 0.7891 947.6562
339.0625 11.6406 0.4453 1385.1562
339.0625 32.4219 0.7891 1385.1562
564.0625 11.6406 0.7891 1385.1562
564.0625 32.4219 0.4453 1385.1562
564.0625 32.4219 0.7891 947.6562
564.0625 32.4219 0.7891 1385.1562
639.0625 46.6406 0.9453 1297.6562
264.0625 46.6406 0.9453 1297.6562
639.0625 67.4219 0.9453 1297.6562
639.0625 46.6406 0.2891 1297.6562
639.0625 46.6406 0.9453 1035.1562
639.0625 67.4219 0.2891 1035.1562
264.0625 46.6406 0.2891 1035.1562
264.0625 67.4219 0.9453 1035.1562
264.0625 67.4219 0.2891 1297.6562
264.0625 67.4219 0.2891 1035.1562
489.0625 29.1406 0.1953 1122.6562
114.0625 29.1406 0.1953 1122.6562
489.0625 49.9219 0.1953 1122.6562
489.0625 29.1406 0.5391 1122.6562
489.0625 29.1406 0.1953 860.1562
489.0625 49.9219 0.5391 860.1562
114.0625 29.1406 0.5391 860.1562
114.0625 49.9219 0.1953 860.1562
114.0625 49.9219 0.5391 1122.6562
114.0625 49.9219 0.5391 860.1562
189.0625 64.1406 0.6953 1472.6562
414.0625 64.1406 0.6953 1472.6562
189.0625 14.9219 0.6953 1472.6562
189.0625 64.1406 0.0391 1472.6562
189.0625 64.1406 0.6953 1210.1562
189.0625 14.9219 0.0391 1210.1562
414.0625 64.1406 0.0391 1210.1562
414.0625 14.9219 0.6953 1210.1562
414.0625 14.9219 0.0391 1472.6562
414.0625 14.9219 0.0391 1210.1562
226.5625 24.7656 0.1328 1253.9062
226.5625 24.7656 0.1328 1253.9062
226.5625 19.2969 0.1328 1253.9062
226.5625 24.7656 0.8516 1253.9062
226.5625 24.7656 0.1328 1341.4062
226.5625 19.2969 0.8516 1341.4062
226.5625 24.7656 0.8516 1341.4062
226.5625 19.2969 0.1328 1341.4062
226.5625 19.2969 0.8516 1253.9062
226.5625 19.2969 0.8516 1341.4062
526.5625 59.7656 0.6328 903.9062
526.5625 59.7656 0.6328 903.9062
526.5625 54.2969 0.6328 903.9062
526.5625 59.7656 0.3516 903.9062
526.5625 59.7656 0.6328 991.4062
526.5625 54.2969 0.3516 991.4062
526.5625 59.7656 0.3516 991.4062
526.5625 54.2969 0.6328 991.4062
526.5625 54.2969 0.3516 903.9062
526.5625 54.2969 0.3516 991.4062
676.5625 42.2656 0.3828 1428.9062
676.5625 42.2656 0.3828 1428.9062
676.5625 71.7969 0.3828 1428.9062
676.5625 42.2656 0.6016 1428.9062
676.5625 42.2656 0.3828 816.4062
676.5625 71.7969 0.6016 816.4062
676.5625 42.2656 0.6016 816.4062
676.5625 71.7969 0.3828 816.4062
676.5625 71.7969 0.6016 1428.9062
676.5625 71.7969 0.6016 816.4062
376.5625 77.2656 0.8828 1078.9062
376.5625 77.2656 0.8828 1078.9062
376.5625 36.7969 0.8828 1078.9062
376.5625 77.2656 0.1016 1078.9062
376.5625 77.2656 0.8828 1166.4062
376.5625 36.7969 0.1016 1166.4062
376.5625 77.2656 0.1016 1166.4062
376.5625 36.7969 0.8828 1166.4062
376.5625 36.7969 0.1016 1078.9062
376.5625 36.7969 0.1016 1166.4062
301.5625 33.5156 0.5078 991.4062
301.5625 33.5156 0.5078 991.4062
301.5625 10.5469 0.5078 991.4062
301.5625 33.5156 0.7266 991.4062
301.5625 33.5156 0.5078 903.9062
301.5625 10.5469 0.7266 903.9062
301.5625 33.5156 0.7266 903.9062
301.5625 10.5469 0.5078 903.9062
301.5625 10.5469 0.7266 991.4062
301.5625 10.5469 0.7266 903.9062
601.5625 68.5156 0.0078 1341.4062
601.5625 68.5156 0.0078 1341.4062
601.5625 45.5469 0.0078 1341.4062
601.5625 68.5156 0.2266 1341.4062
601.5625 68.5156 0.0078 1253.9062
601.5625 45.5469 0.2266 1253.9062
601.5625 68.5156 0.2266 1253.9062
601.5625 45.5469 0.0078 1253.9062
601.5625 45.5469 0.2266 1341.4062
601.5625 45.5469 0.2266 1253.9062
451.5625 16.0156 0.7578 816.4062
451.5625 16.0156 0.7578 816.4062
451.5625 63.0469 0.7578 816.4062
451.5625 16.0156 0.9766 816.4062
451.5625 16.0156 0.7578 1428.9062
451.5625 63.0469 0.9766 1428.9062
451.5625 16.0156 0.9766 1428.9062
451.5625 63.0469 0.7578 1428.9062
451.5625 63.0469 0.9766 816.4062
451.5625 63.0469 0.9766 1428.9062
151.5625 51.0156 0.2578 1166.4062
151.5625 51.0156 0.2578 1166.4062
151.5625 28.0469 0.2578 1166.4062
151.5625 51.0156 0.4766 1166.4062
151.5625 51.0156 0.2578 1078.9062
151.5625 28.0469 0.4766 1078.9062
151.5625 51.0156 0.4766 1078.9062
151.5625 28.0469 0.2578 1078.9062
151.5625 28.0469 0.4766 1166.4062
151.5625 28.0469 0.4766 1078.9062
170.3125 18.2031 0.6641 1144.5312
657.8125 18.2031 0.6641 1144.5312
170.3125 47.7344 0.6641 1144.5312
170.3125 18.2031 0.1328 1144.5312
170.3125 18.2031 0.6641 1450.7812
170.3125 47.7344 0.1328 1450.7812
657.8125 18.2031 0.1328 1450.7812
657.8125 47.7344 0.6641 1450.7812
657.8125 47.7344 0.1328 1144.5312
657.8125 47.7344 0.1328 1450.7812
470.3125 53.2031 0.1641 1494.5312
357.8125 53.2031 0.1641 1494.5312
470.3125 12.7344 0.1641 1494.5312
470.3125 53.2031 0.6328 1494.5312
470.3125 53.2031 0.1641 1100.7812
470.3125 12.7344 0.6328 1100.7812
357.8125 53.2031 0.6328 1100.7812
357.8125 12.7344 0.1641 1100.7812
357.8125 12.7344 0.6328 1494.5312
357.8125 12.7344 0.6328 1100.7812
620.3125 35.7031 0.9141 969.5312
207.8125 35.7031 0.9141 969.5312
620.3125 30.2344 0.9141 969.5312
620.3125 35.7031 0.3828 969.5312
620.3125 35.7031 0.9141 925.7812
620.3125 30.2344 0.3828 925.7812
207.8125 35.7031 0.3828 925.7812
207.8125 30.2344 0.9141 925.7812
207.8125 30.2344 0.3828 969.5312
207.8125 30.2344 0.3828 925.7812
320.3125 70.7031 0.4141 1319.5312
507.8125 70.7031 0.4141 1319.5312
320.3125 65.2344 0.4141 1319.5312
320.3125 70.7031 0.8828 1319.5312
320.3125 70.7031 0.4141 1275.7812
320.3125 65.2344 0.8828 1275.7812
507.8125 70.7031 0.8828 1275.7812
507.8125 65.2344 0.4141 1275.7812
507.8125 65.2344 0.8828 1319.5312
507.8125 65.2344 0.8828 1275.7812
395.3125 44.4531 0.0391 1232.0312
432.8125 44.4531 0.0391 1232.0312
395.3125 56.4844 0.0391 1232.0312
395.3125 44.4531 0.2578 1232.0312
395.3125 44.4531 0.0391 838.2812
395.3125 56.4844 0.2578 838.2812
432.8125 44.4531 0.2578 838.2812
432.8125 56.4844 0.0391 838.2812
432.8125 56.4844 0.2578 1232.0312
432.8125 56.4844 0.2578 838.2812
695.3125 79.4531 0.5391 882.0312
132.8125 79.4531 0.5391 882.0312
695.3125 21.4844 0.5391 882.0312
695.3125 79.4531 0.7578 882.0312
695.3125 79.4531 0.5391 1188.2812
695.3125 21.4844 0.7578 1188.2812
132.8125 79.4531 0.7578 1188.2812
132.8125 21.4844 0.5391 1188.2812
132.8125 21.4844 0.7578 882.0312
132.8125 21.4844 0.7578 1188.2812
545.3125 26.9531 0.2891 1407.0312
282.8125 26.9531 0.2891 1407.0312
545.3125 38.9844 0.2891 1407.0312
545.3125 26.9531 0.0078 1407.0312
545.3125 26.9531 0.2891 1363.2812
545.3125 38.9844 0.0078 1363.2812
282.8125 26.9531 0.0078 1363.2812
282.8125 38.9844 0.2891 1363.2812
282.8125 38.9844 0.0078 1407.0312
282.8125 38.9844 0.0078 1363.2812
245.3125 61.9531 0.7891 1057.0312
582.8125 61.9531 0.7891 1057.0312
245.3125 73.9844 0.7891 1057.0312
245.3125 61.9531 0.5078 1057.0312
245.3125 61.9531 0.7891 1013.2812
245.3125 73.9844 0.5078 1013.2812
582.8125 61.9531 0.5078 1013.2812
582.8125 73.9844 0.7891 1013.2812
582.8125 73.9844 0.5078 1057.0312
582.8125 73.9844 0.5078 1013.2812
207.8125 31.3281 0.3516 838.2812
395.3125 31.3281 0.3516 838.2812
207.8125 69.6094 0.3516 838.2812
207.8125 31.3281 0.3203 838.2812
207.8125 31.3281 0.3516 882.0312
207.8125 69.6094 0.3203 882.0312
395.3125 31.3281 0.3203 882.0312
395.3125 69.6094 0.3516 882.0312
395.3125 69.6094 0.3203 838.2812
395.3125 69.6094 0.3203 882.0312
507.8125 66.3281 0.8516 1188.2812
695.3125 66.3281 0.8516 1188.2812
507.8125 34.6094 0.8516 1188.2812
507.8125 66.3281 0.8203 1188.2812
507.8125 66.3281 0.8516 1232.0312
507.8125 34.6094 0.8203 1232.0312
695.3125 66.3281 0.8203 1232.0312
695.3125 34.6094 0.8516 1232.0312
695.3125 34.6094 0.8203 1188.2812
695.3125 34.6094 0.8203 1232.0312
657.8125 13.8281 0.1016 1013.2812
545.3125 13.8281 0.1016 1013.2812
657.8125 17.1094 0.1016 1013.2812
657.8125 13.8281 0.0703 1013.2812
657.8125 13.8281 0.1016 1407.0312
657.8125 17.1094 0.0703 1407.0312
545.3125 13.8281 0.0703 1407.0312
545.3125 17.1094 0.1016 1407.0312
545.3125 17.1094 0.0703 1013.2812
545.3125 17.1094 0.0703 1407.0312
357.8125 48.8281 0.6016 1363.2812
245.3125 48.8281 0.6016 1363.2812
357.8125 52.1094 0.6016 1363.2812
357.8125 48.8281 0.5703 1363.2812
357.8125 48.8281 0.6016 1057.0312
357.8125 52.1094 0.5703 1057.0312
245.3125 48.8281 0.5703 1057.0312
245.3125 52.1094 0.6016 1057.0312
245.3125 52.1094 0.5703 1363.2812
245.3125 52.1094 0.5703 1057.0312
282.8125 22.5781 0.9766 1450.7812
170.3125 22.5781 0.9766 1450.7812
282.8125 78.3594 0.9766 1450.7812
282.8125 22.5781 0.1953 1450.7812
282.8125 22.5781 0.9766 1494.5312
282.8125 78.3594 0.1953 1494.5312
170.3125 22.5781 0.1953 1494.5312
170.3125 78.3594 0.9766 1494.5312
170.3125 78.3594 0.1953 1450.7812
170.3125 78.3594 0.1953 1494.5312
582.8125 57.5781 0.4766 1100.7812
470.3125 57.5781 0.4766 1100.7812
582.8125 43.3594 0.4766 1100.7812
582.8125 57.5781 0.6953 1100.7812
582.8125 57.5781 0.4766 1144.5312
582.8125 43.3594 0.6953 1144.5312
470.3125 57.5781 0.6953 1144.5312
470.3125 43.3594 0.4766 1144.5312
470.3125 43.3594 0.6953 1100.7812
470.3125 43.3594 0.6953 1144.5312
432.8125 40.0781 0.7266 1275.7812
620.3125 40.0781 0.7266 1275.7812
432.8125 25.8594 0.7266 1275.7812
432.8125 40.0781 0.4453 1275.7812
432.8125 40.0781 0.7266 969.5312
432.8125 25.8594 0.4453 969.5312
620.3125 40.0781 0.4453 969.5312
620.3125 25.8594 0.7266 969.5312
620.3125 25.8594 0.4453 1275.7812
620.3125 25.8594 0.4453 969.5312
132.8125 75.0781 0.2266 925.7812
320.3125 75.0781 0.2266 925.7812
132.8125 60.8594 0.2266 925.7812
132.8125 75.0781 0.9453 925.7812
132.8125 75.0781 0.2266 1319.5312
132.8125 60.8594 0.9453 1319.5312
320.3125 75.0781 0.9453 1319.5312
320.3125 60.8594 0.2266 1319.5312
320.3125 60.8594 0.9453 925.7812
320.3125 60.8594 0.9453 1319.5312
123.4375 19.2969 0.3984 1046.0938
404.6875 19.2969 0.3984 1046.0938
123.4375 53.2031 0.3984 1046.0938
123.4375 19.2969 0.3984 1046.0938
123.4375 19.2969 0.3984 1221.0938
123.4375 53.2031 0.3984 1221.0938
404.6875 19.2969 0.3984 1221.0938
404.6875 53.2031 0.3984 1221.0938
404.6875 53.2031 0.3984 1046.0938
404.6875 53.2031 0.3984 1221.0938
423.4375 54.2969 0.8984 1396.0938
104.6875 54.2969 0.8984 1396.0938
423.4375 18.2031 0.8984 1396.0938
423.4375 54.2969 0.8984 1396.0938
423.4375 54.2969 0.8984 871.0938
423.4375 18.2031 0.8984 871.0938
104.6875 54.2969 0.8984 871.0938
104.6875 18.2031 0.8984 871.0938
104.6875 18.2031 0.8984 1396.0938
104.6875 18.2031 0.8984 871.0938
573.4375 36.7969 0.1484 871.0938
254.6875 36.7969 0.1484 871.0938
573.4375 35.7031 0.1484 871.0938
573.4375 36.7969 0.1484 871.0938
573.4375 36.7969 0.1484 1046.0938
573.4375 35.7031 0.1484 1046.0938
254.6875 36.7969 0.1484 1046.0938
254.6875 35.7031 0.1484 1046.0938
254.6875 35.7031 0.1484 871.0938
254.6875 35.7031 0.1484 1046.0938
273.4375 71.7969 0.6484 1221.0938
554.6875 71.7969 0.6484 1221.0938
273.4375 70.7031 0.6484 1221.0938
273.4375 71.7969 0.6484 1221.0938
273.4375 71.7969 0.6484 1396.0938
273.4375 70.7031 0.6484 1396.0938
554.6875 71.7969 0.6484 1396.0938
554.6875 70.7031 0.6484 1396.0938
554.6875 70.7031 0.6484 1221.0938
554.6875 70.7031 0.6484 1396.0938
348.4375 28.0469 0.7734 1308.5938
629.6875 28.0469 0.7734 1308.5938
348.4375 61.9531 0.7734 1308.5938
348.4375 28.0469 0.0234 1308.5938
348.4375 28.0469 0.7734 1133.5938
348.4375 61.9531 0.0234 1133.5938
629.6875 28.0469 0.0234 1133.5938
629.6875 61.9531 0.7734 1133.5938
629.6875 61.9531 0.0234 1308.5938
629.6875 61.9531 0.0234 1133.5938
648.4375 63.0469 0.2734 958.5938
329.6875 63.0469 0.2734 958.5938
648.4375 26.9531 0.2734 958.5938
648.4375 63.0469 0.5234 958.5938
648.4375 63.0469 0.2734 1483.5938
648.4375 26.9531 0.5234 1483.5938
329.6875 63.0469 0.5234 1483.5938
329.6875 26.9531 0.2734 1483.5938
329.6875 26.9531 0.5234 958.5938
329.6875 26.9531 0.5234 1483.5938
498.4375 10.5469 0.5234 1483.5938
179.6875 10.5469 0.5234 1483.5938
498.4375 44.4531 0.5234 1483.5938
498.4375 10.5469 0.2734 1483.5938
498.4375 10.5469 0.5234 1308.5938
498.4375 44.4531 0.2734 1308.5938
179.6875 10.5469 0.2734 1308.5938
179.6875 44.4531 0.5234 1308.5938
179.6875 44.4531 0.2734 1483.5938
179.6875 44.4531 0.2734 1308.5938
198.4375 45.5469 0.0234 1133.5938
479.6875 45.5469 0.0234 1133.5938
198.4375 79.4531 0.0234 1133.5938
198.4375 45.5469 0.7734 1133.5938
198.4375 45.5469 0.0234 958.5938
198.4375 79.4531 0.7734 958.5938
479.6875 45.5469 0.7734 958.5938
479.6875 79.4531 0.0234 958.5938
479.6875 79.4531 0.7734 1133.5938
479.6875 79.4531 0.7734 958.5938
235.9375 41.1719 0.5859 914.8438
142.1875 41.1719 0.5859 914.8438
235.9375 66.3281 0.5859 914.8438
235.9375 41.1719 0.0859 914.8438
235.9375 41.1719 0.5859 1089.8438
235.9375 66.3281 0.0859 1089.8438
142.1875 41.1719 0.0859 1089.8438
142.1875 66.3281 0.5859 1089.8438
142.1875 66.3281 0.0859 914.8438
142.1875 66.3281 0.0859 1089.8438
535.9375 76.1719 0.0859 1264.8438
442.1875 76.1719 0.0859 1264.8438
535.9375 31.3281 0.0859 1264.8438
535.9375 76.1719 0.5859 1264.8438
535.9375 76.1719 0.0859 1439.8438
535.9375 31.3281 0.5859 1439.8438
442.1875 76.1719 0.5859 1439.8438
442.1875 31.3281 0.0859 1439.8438
442.1875 31.3281 0.5859 1264.8438
442.1875 31.3281 0.5859 1439.8438
685.9375 23.6719 0.8359 1089.8438
592.1875 23.6719 0.8359 1089.8438
685.9375 13.8281 0.8359 1089.8438
685.9375 23.6719 0.3359 1089.8438
685.9375 23.6719 0.8359 1264.8438
685.9375 13.8281 0.3359 1264.8438
592.1875 23.6719 0.3359 1264.8438
592.1875 13.8281 0.8359 1264.8438
592.1875 13.8281 0.3359 1089.8438
592.1875 13.8281 0.3359 1264.8438
385.9375 58.6719 0.3359 1439.8438
292.1875 58.6719 0.3359 1439.8438
385.9375 48.8281 0.3359 1439.8438
385.9375 58.6719 0.8359 1439.8438
385.9375 58.6719 0.3359 914.8438
385.9375 48.8281 0.8359 914.8438
292.1875 58.6719 0.8359 914.8438
292.1875 48.8281 0.3359 914.8438
292.1875 48.8281 0.8359 1439.8438
292.1875 48.8281 0.8359 914.8438
310.9375 14.9219 0.2109 1352.3438
367.1875 14.9219 0.2109 1352.3438
310.9375 75.0781 0.2109 1352.3438
310.9375 14.9219 0.4609 1352.3438
310.9375 14.9219 0.2109 1177.3438
310.9375 75.0781 0.4609 1177.3438
367.1875 14.9219 0.4609 1177.3438
367.1875 75.0781 0.2109 1177.3438
367.1875 75.0781 0.4609 1352.3438
367.1875 75.0781 0.4609 1177.3438
610.9375 49.9219 0.7109 1002.3438
667.1875 49.9219 0.7109 1002.3438
610.9375 40.0781 0.7109 1002.3438
610.9375 49.9219 0.9609 1002.3438
610.9375 49.9219 0.7109 827.3438
610.9375 40.0781 0.9609 827.3438
667.1875 49.9219 0.9609 827.3438
667.1875 40.0781 0.7109 827.3438
667.1875 40.0781 0.9609 1002.3438
667.1875 40.0781 0.9609 827.3438
460.9375 32.4219 0.4609 1177.3438
517.1875 32.4219 0.4609 1177.3438
460.9375 22.5781 0.4609 1177.3438
460.9375 32.4219 0.2109 1177.3438
460.9375 32.4219 0.4609 1002.3438
460.9375 22.5781 0.2109 1002.3438
517.1875 32.4219 0.2109 1002.3438
517.1875 22.5781 0.4609 1002.3438
517.1875 22.5781 0.2109 1177.3438
517.1875 22.5781 0.2109 1002.3438
160.9375 67.4219 0.9609 827.3438
217.1875 67.4219 0.9609 827.3438
160.9375 57.5781 0.9609 827.3438
160.9375 67.4219 0.7109 827.3438
160.9375 67.4219 0.9609 1352.3438
160.9375 57.5781 0.7109 1352.3438
217.1875 67.4219 0.7109 1352.3438
217.1875 57.5781 0.9609 1352.3438
217.1875 57.5781 0.7109 827.3438
217.1875 57.5781 0.7109 1352.3438
142.1875 34.6094 0.1172 1461.7188
573.4375 34.6094 0.1172 1461.7188
142.1875 37.8906 0.1172 1461.7188
142.1875 34.6094 0.9297 1461.7188
142.1875 34.6094 0.1172 980.4688
142.1875 37.8906 0.9297 980.4688
573.4375 34.6094 0.9297 980.4688
573.4375 37.8906 0.1172 980.4688
573.4375 37.8906 0.9297 1461.7188
573.4375 37.8906 0.9297 980.4688
442.1875 69.6094 0.6172 1111.7188
273.4375 69.6094 0.6172 1111.7188
442.1875 72.8906 0.6172 1111.7188
442.1875 69.6094 0.4297 1111.7188
442.1875 69.6094 0.6172 1330.4688
442.1875 72.8906 0.4297 1330.4688
273.4375 69.6094 0.4297 1330.4688
273.4375 72.8906 0.6172 1330.4688
273.4375 72.8906 0.4297 1111.7188
273.4375 72.8906 0.4297 1330.4688
592.1875 17.1094 0.3672 1286.7188
123.4375 17.1094 0.3672 1286.7188
592.1875 55.3906 0.3672 1286.7188
592.1875 17.1094 0.6797 1286.7188
592.1875 17.1094 0.3672 1155.4688
592.1875 55.3906 0.6797 1155.4688
123.4375 17.1094 0.6797 1155.4688
123.4375 55.3906 0.3672 1155.4688
123.4375 55.3906 0.6797 1286.7188
123.4375 55.3906 0.6797 1155.4688
292.1875 52.1094 0.8672 936.7188
423.4375 52.1094 0.8672 936.7188
292.1875 20.3906 0.8672 936.7188
292.1875 52.1094 0.1797 936.7188
292.1875 52.1094 0.8672 805.4688
292.1875 20.3906 0.1797 805.4688
423.4375 52.1094 0.1797 805.4688
423.4375 20.3906 0.8672 805.4688
423.4375 20.3906 0.1797 936.7188
423.4375 20.3906 0.1797 805.4688
367.1875 25.8594 0.7422 849.2188
498.4375 25.8594 0.7422 849.2188
367.1875 29.1406 0.7422 849.2188
367.1875 25.8594 0.5547 849.2188
367.1875 25.8594 0.7422 1242.9688
367.1875 29.1406 0.5547 1242.9688
498.4375 25.8594 0.5547 1242.9688
498.4375 29.1406 0.7422 1242.9688
498.4375 29.1406 0.5547 849.2188
498.4375 29.1406 0.5547 1242.9688
667.1875 60.8594 0.2422 1199.2188
198.4375 60.8594 0.2422 1199.2188
667.1875 64.1406 0.2422 1199.2188
667.1875 60.8594 0.0547 1199.2188
667.1875 60.8594 0.2422 892.9688
667.1875 64.1406 0.0547 892.9688
198.4375 60.8594 0.0547 892.9688
198.4375 64.1406 0.2422 892.9688
198.4375 64.1406 0.0547 1199.2188
198.4375 64.1406 0.0547 892.9688
517.1875 43.3594 0.9922 1024.2188
348.4375 43.3594 0.9922 1024.2188
517.1875 46.6406 0.9922 1024.2188
517.1875 43.3594 0.8047 1024.2188
517.1875 43.3594 0.9922 1067.9688
517.1875 46.6406 0.8047 1067.9688
348.4375 43.3594 0.8047 1067.9688
348.4375 46.6406 0.9922 1067.9688
348.4375 46.6406 0.8047 1024.2188
348.4375 46.6406 0.8047 1067.9688
217.1875 78.3594 0.4922 1374.2188
648.4375 78.3594 0.4922 1374.2188
217.1875 11.6406 0.4922 1374.2188
217.1875 78.3594 0.3047 1374.2188
217.1875 78.3594 0.4922 1417.9688
217.1875 11.6406 0.3047 1417.9688
648.4375 78.3594 0.3047 1417.9688
648.4375 11.6406 0.4922 1417.9688
648.4375 11.6406 0.3047 1374.2188
648.4375 11.6406 0.3047 1417.9688
179.6875 12.7344 0.9297 1155.4688
310.9375 12.7344 0.9297 1155.4688
179.6875 24.7656 0.9297 1155.4688
179.6875 12.7344 0.6172 1155.4688
179.6875 12.7344 0.9297 1286.7188
179.6875 24.7656 0.6172 1286.7188
310.9375 12.7344 0.6172 1286.7188
310.9375 24.7656 0.9297 1286.7188
310.9375 24.7656 0.6172 1155.4688
310.9375 24.7656 0.6172 1286.7188
479.6875 47.7344 0.4297 805.4688
610.9375 47.7344 0.4297 805.4688
479.6875 59.7656 0.4297 805.4688
479.6875 47.7344 0.1172 805.4688
479.6875 47.7344 0.4297 936.7188
479.6875 59.7656 0.1172 936.7188
610.9375 47.7344 0.1172 936.7188
610.9375 59.7656 0.4297 936.7188
610.9375 59.7656 0.1172 805.4688
610.9375 59.7656 0.1172 936.7188
629.6875 30.2344 0.6797 1330.4688
460.9375 30.2344 0.6797 1330.4688
629.6875 77.2656 0.6797 1330.4688
629.6875 30.2344 0.8672 1330.4688
629.6875 30.2344 0.6797 1111.7188
629.6875 77.2656 0.8672 1111.7188
460.9375 30.2344 0.8672 1111.7188
460.9375 77.2656 0.6797 1111.7188
460.9375 77.2656 0.8672 1330.4688
460.9375 77.2656 0.8672 1111.7188
329.6875 65.2344 0.1797 980.4688
160.9375 65.2344 0.1797 980.4688
329.6875 42.2656 0.1797 980.4688
329.6875 65.2344 0.3672 980.4688
329.6875 65.2344 0.1797 1461.7188
329.6875 42.2656 0.3672 1461.7188
160.9375 65.2344 0.3672 1461.7188
160.9375 42.2656 0.1797 1461.7188
160.9375 42.2656 0.3672 980.4688
160.9375 42.2656 0.3672 1461.7188
254.6875 38.9844 0.3047 1067.9688
235.9375 38.9844 0.3047 1067.9688
254.6875 16.0156 0.3047 1067.9688
254.6875 38.9844 0.9922 1067.9688
254.6875 38.9844 0.3047 1024.2188
254.6875 16.0156 0.9922 1024.2188
235.9375 38.9844 0.9922 1024.2188
235.9375 16.0156 0.3047 1024.2188
235.9375 16.0156 0.9922 1067.9688
235.9375 16.0156 0.9922 1024.2188
554.6875 73.9844 0.8047 1417.9688
535.9375 73.9844 0.8047 1417.9688
554.6875 51.0156 0.8047 1417.9688
554.6875 73.9844 0.4922 1417.9688
554.6875 73.9844 0.8047 1374.2188
554.6875 51.0156 0.4922 1374.2188
535.9375 73.9844 0.4922 1374.2188
535.9375 51.0156 0.8047 1374.2188
535.9375 51.0156 0.4922 1417.9688
535.9375 51.0156 0.4922 1374.2188
404.6875 21.4844 0.0547 892.9688
685.9375 21.4844 0.0547 892.9688
404.6875 68.5156 0.0547 892.9688
404.6875 21.4844 0.7422 892.9688
404.6875 21.4844 0.0547 1199.2188
404.6875 68.5156 0.7422 1199.2188
685.9375 21.4844 0.7422 1199.2188
685.9375 68.5156 0.0547 1199.2188
685.9375 68.5156 0.7422 892.9688
685.9375 68.5156 0.7422 1199.2188
104.6875 56.4844 0.5547 1242.9688
385.9375 56.4844 0.5547 1242.9688
104.6875 33.5156 0.5547 1242.9688
104.6875 56.4844 0.2422 1242.9688
104.6875 56.4844 0.5547 849.2188
104.6875 33.5156 0.2422 849.2188
385.9375 56.4844 0.2422 849.2188
385.9375 33.5156 0.5547 849.2188
385.9375 33.5156 0.2422 1242.9688
385.9375 33.5156 0.2422 849.2188
