50.00000000 98.82504202 100.57896825 101.09556575 102.17134051
50.00000000 98.82504202 100.57896825 101.09556575 102.17134051
50.00000000 98.82504202 100.57896825 101.09556575 102.17134051
50.00000000 98.82504202 100.57896825 101.09556575 102.17134051
50.00000000 98.82504202 100.57896825 101.09556575 102.17134051
50.00000000 98.82504202 100.57896825 101.09556575 102.17134051
50.00000000 98.82504202 100.57896825 101.09556575 102.17134051
50.00000000 98.82504202 100.57896825 101.09556575 102.17134051
50.00000000 98.82504202 100.57896825 101.09556575 102.17134051
50.00000000 98.82504202 100.57896825 101.09556575 102.17134051
200.00000000 451.66620471 454.33561149 455.52537247 453.65472724
200.00000000 451.66620471 454.33561149 455.52537247 453.65472724
200.00000000 451.66620471 454.33561149 455.52537247 453.65472724
200.00000000 451.66620471 454.33561149 455.52537247 453.65472724
200.00000000 451.66620471 454.33561149 455.52537247 453.65472724
200.00000000 451.66620471 454.33561149 455.52537247 453.65472724
200.00000000 451.66620471 454.33561149 455.52537247 453.65472724
200.00000000 451.66620471 454.33561149 455.52537247 453.65472724
200.00000000 451.66620471 454.33561149 455.52537247 453.65472724
200.00000000 451.66620471 454.33561149 455.52537247 453.65472724
125.00000000 270.24405540 271.90086364 273.62845119 274.82237243
125.00000000 270.24405540 271.90086364 273.62845119 274.82237243
162.40000000 3591.42984675 3603.99824663 3626.08762783 3557.45954601
125.00000000 270.24405540 271.90086364 273.62845119 274.82237243
275.00000000 271.67389178 274.24170853 273.36959983 276.11095806
226.10000000 22629.53273727 22640.55305551 22632.33073644 22625.81539981
275.00000000 271.67389178 274.24170853 273.36959983 276.11095806
226.10000000 22629.53273727 22640.55305551 22632.33073644 22625.81539981
162.40000000 3591.42984675 3603.99824663 3626.08762783 3557.45954601
226.10000000 22629.53273727 22640.55305551 22632.33073644 22625.81539981
226.40000000 8452.34608800 8438.77227223 8464.46782160 8460.79160134
226.40000000 8452.34608800 8438.77227223 8464.46782160 8460.79160134
275.00000000 271.03701415 274.27775837 274.61762932 273.00860344
226.40000000 8452.34608800 8438.77227223 8464.46782160 8460.79160134
125.00000000 620.66602840 619.61963511 626.43525880 624.71267507
125.00000000 269.91050517 273.83788188 270.84519501 274.31423884
125.00000000 620.66602840 619.61963511 626.43525880 624.71267507
125.00000000 269.91050517 273.83788188 270.84519501 274.31423884
275.00000000 271.03701415 274.27775837 274.61762932 273.00860344
125.00000000 269.91050517 273.83788188 270.84519501 274.31423884
312.50000000 361.22803135 364.10931043 364.10562254 364.08173064
312.50000000 361.22803135 364.10931043 364.10562254 364.08173064
312.50000000 182.08593948 184.89467415 184.55980649 185.90875148
312.50000000 361.22803135 364.13422678 364.14049919 364.09995589
312.50000000 361.22803135 364.10931043 364.10562254 364.08173064
312.50000000 182.08593948 184.91989328 184.58374814 185.94045502
312.50000000 361.22803135 364.13422678 364.14049919 364.09995589
312.50000000 182.08593948 184.89467415 184.55980649 185.90875148
312.50000000 182.08593948 184.91989328 184.58374814 185.94045502
312.50000000 182.08593948 184.91989328 184.58374814 185.94045502
197.80000000 43180.92154535 43190.78818907 43185.67567322 43176.69836419
197.80000000 43180.92154535 43190.78818907 43185.67567322 43176.69836419
197.90000000 2554.39860376 2557.08946124 2547.57728457 2569.46987444
197.80000000 43180.92154535 43190.71491470 43185.63215155 43176.63205598
197.80000000 43180.92154535 43190.78818907 43185.67567322 43176.69836419
197.90000000 2554.39860376 2557.00803154 2547.50754673 2569.37684204
197.80000000 43180.92154535 43190.71491470 43185.63215155 43176.63205598
197.90000000 2554.39860376 2557.08946124 2547.57728457 2569.46987444
197.90000000 2554.39860376 2557.00803154 2547.50754673 2569.37684204
197.90000000 2554.39860376 2557.00803154 2547.50754673 2569.37684204
237.50000000 180.93933924 183.56544136 184.67022402 183.18618009
237.50000000 180.93933924 183.56544136 184.67022402 183.18618009
197.20000000 21548.63085141 21549.20020711 21551.84727309 21551.57114015
237.50000000 180.93933924 183.63846954 184.76855267 183.26097520
87.50000000 181.58985119 182.23619668 186.73084758 186.33538434
106.60000000 1829.68043729 1889.37913683 1749.79635375 1857.77882564
87.50000000 181.58985119 182.24706254 186.74005244 186.34609580
106.60000000 1829.68043729 1889.36908781 1749.79032908 1857.75882367
197.20000000 21548.63085141 21549.25842598 21551.91362598 21551.62210241
106.60000000 1829.68043729 1889.37913683 1749.79635375 1857.77882564
87.50000000 529.83659588 530.15538072 533.69963818 534.15706325
87.50000000 529.83659588 530.15538072 533.69963818 534.15706325
87.50000000 361.84493608 365.56540479 365.20092854 363.08510847
87.50000000 529.83659588 530.15538072 533.69208833 534.15706325
237.50000000 531.04683691 533.88773923 534.68520038 532.90538983
237.50000000 360.72942611 364.41499543 363.39962842 362.96435704
237.50000000 531.04683691 533.86526628 534.66419201 532.87573193
237.50000000 360.72942611 364.44096643 363.42135514 362.99686079
87.50000000 361.84493608 365.56540479 365.20092854 363.08153704
237.50000000 360.72942611 364.41499543 363.39962842 362.96435704
181.30000000 311.19170227 313.13195381 315.16078241 314.35456580
181.30000000 311.99379646 312.85413075 314.51428682 316.93620937
181.30000000 311.19170227 313.13195381 315.16078241 314.35456580
181.30000000 311.19170227 313.15602621 315.19783234 314.38680241
331.30000000 311.06894301 314.82952046 315.30832031 311.64298167
331.30000000 311.06894301 314.89120085 315.36388339 311.69777144
331.30000000 310.50113605 312.69548324 315.01213296 312.62820915
331.30000000 310.50113605 312.63117439 314.96114948 312.56219596
181.30000000 311.99379646 312.87770959 314.54978206 316.95838269
331.30000000 310.50113605 312.69548324 315.01213296 312.62820915
212.10000000 27137.03307231 27110.61123369 27146.87019040 27153.28364219
212.80000000 16426.99651883 16440.91345754 16417.77002955 16430.72372006
212.10000000 27137.03307231 27110.61123369 27146.87019040 27153.28364219
212.10000000 27137.03307231 27110.56281446 27146.85057548 27153.25278076
212.40000000 12278.29646609 12272.36518274 12283.18106735 12287.46828352
212.40000000 12278.29646609 12272.31477604 12283.13755410 12287.42638510
181.30000000 659.65584721 663.15066793 661.37167012 663.17849411
181.30000000 659.65584721 663.18766629 661.40344913 663.20642366
212.80000000 16426.99651883 16440.87138667 16417.73460221 16430.67259745
181.30000000 659.65584721 663.15066793 661.37167012 663.17849411
106.30000000 140.62314348 143.26653804 144.53994287 142.83289630
106.30000000 138.48488046 139.72648956 144.69063981 139.46848547
106.30000000 494.04414853 498.91357737 495.19188247 497.91876574
106.30000000 140.62314348 143.27281255 144.54472919 142.83289630
106.30000000 140.62314348 143.26653804 144.53994287 142.83289630
106.30000000 494.04414853 498.91357737 495.20215577 497.93236238
106.30000000 138.48488046 139.73531309 144.69313981 139.47679424
106.30000000 491.44165381 495.56507265 493.52728411 494.12226986
106.30000000 491.44165381 495.57066706 493.53512605 494.12226986
106.30000000 491.44165381 495.57066706 493.53512605 494.12226986
256.30000000 492.23462515 495.41151468 495.03820452 494.83183717
256.80000000 491.12620854 494.70489353 494.77173018 492.87594436
256.30000000 140.68031215 144.83837279 142.84774038 143.19403710
256.30000000 492.23462515 495.33526324 494.95394628 494.73781469
256.30000000 492.23462515 495.41151468 495.03820452 494.83183717
256.30000000 140.68031215 144.75486792 142.76135387 143.11576241
256.80000000 491.12620854 494.63286357 494.69401158 492.80177673
256.30000000 140.28449575 143.22043563 143.10338025 142.87977889
256.30000000 140.28449575 143.15019615 143.01957798 142.80965274
256.30000000 140.28449575 143.15019615 143.01957798 142.80965274
218.80000000 231.20645937 233.85265267 234.93032466 233.66611445
218.80000000 231.82338241 237.65861530 235.27049029 231.81585892
218.80000000 401.05355366 403.09857881 404.55958140 404.49205996
218.80000000 231.20645937 233.86869308 234.94171160 233.67823166
68.80000000 228.27508160 228.06559310 234.87274617 229.14963212
68.80000000 398.87938010 400.12782985 406.56617388 398.80467084
68.80000000 229.06553891 231.54955468 233.21119578 230.50684272
68.80000000 402.12797649 407.58908160 402.09090719 405.30750829
218.80000000 398.53099643 403.13292219 403.41383007 398.38931842
68.80000000 402.12797649 407.58908160 402.09090719 405.30750829
82.30000000 1126.01196566 1163.60587430 1108.58931824 1117.80501353
68.80000000 579.89371148 581.13613706 582.95371957 583.29987423
186.70000000 34087.39950341 34061.65403871 34151.93779530 34049.49882663
82.30000000 1126.01196566 1163.60728276 1108.59066959 1117.81171184
242.30000000 14708.31258984 14711.32194005 14715.23047488 14707.92726646
186.70000000 44616.20654907 44618.73425128 44602.64459531 44637.64771367
218.80000000 582.66936907 586.04054769 586.24959313 584.64026384
186.30000000 7217.98069994 7206.77293662 7221.19207758 7236.49923259
68.80000000 752.55907259 756.08313566 752.14622636 756.94495921
186.30000000 7217.98069994 7206.78682384 7221.21003769 7236.51086341
293.80000000 399.64183620 401.63618365 404.81038729 401.57342922
293.80000000 402.43183916 404.44848157 408.24727934 403.51012210
241.90000000 8374.28182970 8370.46523670 8380.90446892 8379.98582902
293.80000000 399.64183620 401.59967183 404.78636182 401.53755459
293.80000000 399.64183620 401.63618365 404.81038729 401.57342922
241.90000000 8374.28182970 8370.44417159 8380.88135332 8379.96368714
293.80000000 402.43183916 404.42480564 408.22953656 403.48598867
241.50000000 8342.70509935 8351.87308590 8336.78787649 8350.95763698
241.50000000 8342.70509935 8351.84903758 8336.75591889 8350.92922051
241.50000000 8342.70509935 8351.84903758 8336.75591889 8350.92922051
143.80000000 751.05781133 754.22852344 753.90866526 754.09791190
187.00000000 25368.50234985 25347.02889842 25394.68259510 25373.02122144
143.80000000 229.81782738 232.96116597 232.54184652 233.41462198
143.80000000 751.05781133 754.22663665 753.90235622 754.09629899
143.80000000 751.05781133 754.22852344 753.90866526 754.09791190
143.80000000 229.81782738 232.95759454 232.53144524 233.39916896
187.00000000 25368.50234985 25347.00560268 25394.66627965 25373.00498366
143.80000000 230.47895184 236.10204123 232.56464725 231.72219098
143.80000000 230.47895184 236.09777819 232.55883697 231.71328365
143.80000000 230.47895184 236.09777819 232.55883697 231.71328365
246.90000000 420.37630287 423.40767998 422.88879227 422.78993395
246.90000000 421.74952645 423.87377431 425.33024370 424.32413225
182.20000000 12284.77013999 12288.80935056 12281.73476339 12288.96143857
246.90000000 420.37630287 423.39893571 422.87658009 422.77280591
303.10000000 422.22014898 425.20569714 425.87052416 424.26933244
181.80000000 18360.10136121 18373.28793502 18345.49450579 18367.06784953
303.10000000 421.63873772 425.26075856 425.31325526 423.20557157
182.30000000 18365.40750464 18346.80625168 18369.92502896 18381.46351630
182.10000000 12345.05959180 12359.07965133 12345.63676589 12336.89493757
182.30000000 18365.40750464 18346.80307707 18369.92025870 18381.45846313
136.10000000 5832.54037787 5835.58900315 5811.37692673 5851.78225171
181.60000000 38133.55162203 38146.36371742 38113.58365506 38159.19661282
96.90000000 419.88122658 419.61170447 425.39509823 423.40594681
136.10000000 5832.54037787 5835.65631301 5811.45588446 5851.83259156
182.00000000 16435.74301762 16449.46167920 16439.44145797 16427.43548836
153.10000000 420.06625536 423.44520885 423.68096291 421.93086111
181.90000000 42122.49804041 42116.34723976 42131.60984051 42128.53858056
153.10000000 420.15237061 420.62667589 423.41895024 424.89435253
96.90000000 419.04388847 420.83172490 422.52824122 422.54529446
153.10000000 420.15237061 420.65269754 423.45515339 424.91880736
321.80000000 251.18951557 252.57089275 255.50934049 254.39858291
321.80000000 250.76078535 251.28370389 254.78118893 255.00794691
321.80000000 251.18951557 252.57089275 255.50934049 254.39858291
321.80000000 251.18951557 252.50336975 255.43721155 254.33204805
78.10000000 250.68458061 252.25656096 252.13184611 257.40758877
78.10000000 250.68458061 252.25385826 252.13184611 257.40758877
78.10000000 250.75621847 253.52139853 256.43109998 251.21997235
78.10000000 250.75621847 253.53417326 256.43889609 251.22291352
321.80000000 250.76078535 251.21396803 254.71658324 254.94017877
78.10000000 250.75621847 253.52139853 256.43109998 251.21997235
171.90000000 602.51659204 605.51830536 605.11982965 605.73480311
171.90000000 601.43203015 604.39229887 604.82617578 603.88394984
171.90000000 602.51659204 605.51830536 605.11982965 605.73480311
171.90000000 602.51659204 605.56773252 605.17111324 605.77382550
228.10000000 607.37447827 609.47276644 609.91672819 611.34230148
228.10000000 607.37447827 609.50960630 609.95372542 611.38130115
228.30000000 604.76005567 607.99176832 608.43232481 606.75665314
228.30000000 604.76005567 607.96971168 608.38892205 606.72239515
171.90000000 601.43203015 604.44780131 604.85243552 603.92300640
228.30000000 604.76005567 607.99176832 608.43232481 606.75665314
134.40000000 162.40809522 164.55427644 167.74582149 163.54191277
134.40000000 160.77628774 161.68824584 166.62283124 162.91512899
134.40000000 691.58292800 694.63678075 694.09756933 694.25103530
134.40000000 162.40809522 164.55183741 167.74332149 163.53964004
115.60000000 162.56540402 164.67794466 170.35002821 160.61592387
115.60000000 692.10625067 695.59405445 694.26099167 695.56374394
115.60000000 157.95419745 164.78591175 161.02635576 157.01077325
115.60000000 689.41813222 691.73625236 694.36600220 691.99104421
134.40000000 689.48997421 692.17424108 693.56162550 691.34916413
115.60000000 689.41813222 691.73625236 694.36600220 691.99104421
275.40000000 20321.13545597 20325.88556508 20325.06904564 20321.17385436
275.30000000 1870.77195606 1877.03805152 1874.55372177 1869.45077290
284.40000000 340.85340991 343.48916867 345.24916724 342.74300791
275.40000000 20321.13545597 20325.87688189 20325.05808753 20321.16318240
275.00000000 18389.25143903 18391.57234590 18394.04346422 18390.53040372
265.60000000 342.44543905 345.42830677 346.39275968 344.45937911
265.60000000 513.42677813 517.60577179 516.34888016 515.09902376
265.60000000 340.81787672 343.12283921 344.98250001 343.11680489
284.40000000 340.46018018 341.36083972 343.25848030 345.42338131
265.60000000 340.81787672 343.11679221 344.97502246 343.11032659
59.40000000 340.61341808 336.31831713 349.19235479 345.01379340
59.40000000 338.65085618 340.11588487 339.69706225 345.98651969
59.40000000 160.51329827 165.51527851 163.60262628 159.69079476
59.40000000 340.61341808 336.31831713 349.19235479 345.01379340
340.60000000 341.30321735 343.35985806 346.22850348 343.06868227
340.60000000 160.40313816 162.64309467 163.17874634 163.70093362
340.60000000 340.20679358 341.96488859 343.08567147 344.23056605
340.60000000 160.77338791 162.66862413 165.33545313 163.03097212
59.40000000 159.99268548 161.64328462 165.41067174 161.88198044
340.60000000 160.77338791 162.66172959 165.32933184 163.02508984
203.40000000 1950.48165302 1955.70471905 1951.50553235 1953.67039229
203.30000000 2101.08768485 2104.36087278 2101.60568771 2106.39665687
209.40000000 511.31569020 511.17767759 516.69070396 514.93011110
203.40000000 1950.48165302 1955.69964777 1951.49824983 1953.66561068
190.60000000 691.94618396 693.26013190 696.09621750 695.29954490
190.60000000 511.76463294 514.30455848 517.14396481 512.17993467
190.60000000 690.87783493 693.07236482 695.05698667 693.14670951
190.60000000 511.94967687 514.81223921 517.22481195 512.11000558
209.40000000 512.52253730 515.70827620 513.40557236 517.00010982
190.60000000 511.94967687 514.81051507 517.22020797 512.10521086
303.10000000 202.00538391 203.93174830 205.97437254 204.61456260
303.10000000 200.29397927 203.26226351 204.66269134 201.48713051
254.90000000 7561.92365377 7567.26737213 7564.01814931 7565.01059462
303.10000000 202.00538391 203.89632870 205.92273269 204.58031803
96.90000000 197.69140302 199.09065480 202.83414160 200.14111820
96.90000000 550.23919958 556.11115549 552.09509667 550.89732644
96.90000000 200.99461352 203.70469969 201.77424750 206.60874751
110.70000000 948.82103401 955.56915206 888.53435841 994.25958831
254.70000000 20313.34631424 20320.23959723 20321.22933626 20307.28972650
110.70000000 948.82103401 955.54949650 888.50979492 994.22341705
153.10000000 550.81154021 552.81380662 555.37262062 553.32438338
153.10000000 551.23072347 553.80024147 554.30476442 554.51762435
153.10000000 202.29251452 204.03350251 205.88932057 205.89659623
153.10000000 550.81154021 552.80003906 555.34590795 553.30240741
246.90000000 554.57537287 557.23113447 558.64200771 556.43431452
246.90000000 200.32825361 203.00935703 202.97057293 203.84975900
246.70000000 554.97327797 557.84953175 558.29483369 557.66907771
246.90000000 201.16150127 202.82616919 206.35097427 203.03669816
153.10000000 202.35373855 204.52856875 205.61697584 206.04516991
246.90000000 201.16150127 202.75623912 206.27772126 202.96515709
228.10000000 382.12503373 387.41313283 383.50198968 384.38555268
228.10000000 380.77823618 383.09211593 383.50466240 384.51385300
228.10000000 382.12503373 387.41313283 383.50198968 384.38555268
228.10000000 382.12503373 387.41426919 383.50327173 384.39302418
321.80000000 381.24070333 383.59830259 383.69451932 384.94879159
321.80000000 381.24070333 383.60262520 383.70403067 384.95088635
321.80000000 380.01225480 382.51331225 383.30074723 382.64439273
321.80000000 380.01225480 382.50747506 383.28948136 382.63868078
228.10000000 380.77823618 383.09859549 383.50859481 384.51755623
321.80000000 380.01225480 382.51331225 383.30074723 382.64439273
78.10000000 729.99057592 732.47995888 732.89564816 734.18123460
90.10000000 1251.72085776 1188.97581340 1297.19351674 1274.35727503
78.10000000 729.99057592 732.47995888 732.89564816 734.18123460
78.10000000 729.99057592 732.47995888 732.89564816 734.18123460
171.90000000 731.72211124 731.84424298 738.92063383 733.06883722
171.90000000 731.72211124 731.84801791 738.92063383 733.07406733
191.70000000 12228.19490284 12218.97579150 12239.92612890 12234.03780328
191.70000000 12228.19490284 12218.97308880 12239.91644952 12234.02836887
90.10000000 1251.72085776 1188.98082418 1297.19351674 1274.35727503
191.70000000 12228.19490284 12218.97579150 12239.92612890 12234.03780328
115.60000000 289.46745499 292.27252010 291.65165216 293.75421377
115.60000000 291.92890530 295.97945747 294.38910631 294.44996342
115.60000000 469.82834938 472.86912587 473.38662222 472.35579980
115.60000000 289.46745499 292.26988852 291.64473039 293.75421377
284.40000000 290.85685695 293.34537286 294.57281710 293.27887011
284.30000000 474.10768063 477.37855601 476.39232171 477.31138885
284.40000000 290.81799224 293.90767079 293.56007756 293.63320246
284.40000000 472.18136285 478.29751255 474.62739960 472.36919918
115.60000000 472.06024975 472.23397905 476.64400753 476.46536389
284.40000000 472.18136285 478.26200013 474.56965528 472.31528779
219.50000000 27971.40425754 27984.61478620 27964.87028359 27974.70349865
218.90000000 8292.70430314 8284.73290434 8287.03448873 8314.70065774
265.60000000 120.01263005 121.13916210 124.31171357 123.29667255
219.50000000 27971.40425754 27984.67022561 27964.90289957 27974.75832162
204.70000000 11652.18372164 11648.76254491 11662.16907331 11654.13123998
134.40000000 120.39481590 123.02260397 121.97429659 125.30582208
134.40000000 640.01905462 641.93088184 643.13546737 643.11008709
134.40000000 121.07118477 122.62173338 127.52972245 121.48271194
265.60000000 121.26376853 123.57178714 126.03173297 123.17790594
134.40000000 121.07118477 122.62774388 127.53979585 121.50288801
190.60000000 121.37271095 122.86624421 124.72724333 125.20977279
190.60000000 121.43042427 123.62514853 124.16538176 125.13605561
190.60000000 291.46789817 292.08444332 296.04903062 294.60916586
190.60000000 121.37271095 122.85126123 124.69599034 125.19368963
59.40000000 121.97497175 123.65682628 126.43207285 128.13168347
59.40000000 293.24553672 299.17189450 298.07794346 292.23073254
59.40000000 121.26148493 120.96783500 125.95913505 127.10898283
59.40000000 292.25843853 293.62556233 298.58162636 294.32000941
190.60000000 291.79544661 292.43604151 295.90207662 295.30794621
59.40000000 292.25843853 293.62556233 298.58162636 294.32000941
299.20000000 5813.58149620 5811.98272268 5818.38151154 5817.72524821
298.20000000 15738.66347450 15739.92091827 15740.98174348 15743.61544209
219.50000000 16342.33864869 16341.16140521 16343.40445362 16354.61554037
299.20000000 5813.58149620 5812.05229904 5818.46229093 5817.78732731
209.40000000 470.20879439 470.09947398 474.30119179 475.24554707
209.40000000 641.14519897 644.18145411 642.44865212 645.63239396
240.40000000 1812.18874812 1811.51589168 1813.07949104 1821.02091565
218.90000000 42438.95047663 42442.82578368 42422.17736224 42462.58939108
219.50000000 44920.07307374 44927.01688939 44907.84883343 44936.36811975
218.90000000 42438.95047663 42442.87313146 42422.22672848 42462.63613152
214.00000000 281.65485351 283.35286593 285.13567338 285.47163294
214.00000000 281.56030246 282.55554872 284.84546323 286.09630022
189.60000000 5758.10541467 5765.22977064 5771.78477452 5747.13099780
214.00000000 281.65485351 283.35286593 285.13451059 285.46912668
251.50000000 281.03926639 283.91086586 284.12496322 283.70556911
189.30000000 11580.61786878 11574.43096184 11586.22584368 11587.41042533
251.50000000 281.49841338 284.76419520 284.01572868 283.80774562
189.40000000 11641.86770096 11640.76408366 11651.15256181 11643.00033259
189.70000000 5813.50671412 5812.60856168 5819.58683330 5816.52754012
189.40000000 11641.86770096 11640.75748399 11651.14604897 11642.99345906
64.00000000 630.57055497 632.96104629 632.57406962 634.88814569
64.00000000 632.15143353 633.40388988 637.36013608 634.49778132
64.00000000 389.52898695 393.58093728 391.87831566 392.77528230
64.00000000 630.57055497 632.95669846 632.57406962 634.88814569
101.50000000 631.91073686 635.24020790 635.13983883 635.41845991
101.50000000 392.42890098 396.50286625 392.25922939 397.49871179
101.50000000 630.24068302 631.39649470 636.42590341 632.25502907
101.50000000 391.98211998 392.49508731 396.00326261 396.61589071
64.00000000 394.24377022 397.06803334 396.08488498 397.59724412
101.50000000 391.98211998 392.49163904 396.00326261 396.61589071
289.00000000 110.93033790 114.03023422 113.74188015 113.83460885
289.00000000 111.68193609 114.51322323 114.38429192 114.78788453
289.00000000 221.10554438 224.38633871 223.88720805 223.55019551
289.00000000 110.93033790 114.07126792 113.79086796 113.87194679
176.50000000 110.74729199 113.09868921 113.37416334 114.80683004
176.50000000 219.79163561 224.04018463 224.16584243 220.10998121
176.50000000 110.92158808 112.46161956 115.22602435 113.88056221
176.50000000 220.35142619 225.95706611 223.18391518 220.47877879
289.00000000 222.19888801 226.16300813 224.18900170 224.66600196
176.50000000 220.35142619 225.98636585 223.20565885 220.52531657
139.00000000 460.19592973 461.86695628 463.82823162 464.27072050
139.00000000 462.78828210 464.21544976 466.89295628 466.25293185
139.00000000 569.99510114 572.18463629 573.69109432 572.96377556
139.00000000 460.19592973 461.88440891 463.84610234 464.28285911
305.70000000 3325.17075711 3328.01588498 3330.20283616 3325.80132833
245.80000000 11466.64729630 11484.07392004 11470.37243662 11452.84448698
305.60000000 3305.97820428 3310.67825226 3306.91784850 3309.69793018
246.60000000 11439.36941846 11440.88629809 11435.59306431 11450.26116868
139.00000000 571.17152548 573.24025527 575.06291744 575.03119395
246.60000000 11439.36941846 11440.91640295 11435.63581293 11450.29897317
176.50000000 192.03489537 194.43515128 193.64828965 196.92043881
176.50000000 190.82153573 192.70719355 192.69533425 195.71652176
176.50000000 651.51540423 652.57042649 657.75066074 653.08098351
176.50000000 192.03489537 194.40627329 193.61990006 196.88604260
139.00000000 194.29046427 197.74077056 196.63937179 197.72755186
139.00000000 651.97118340 653.74722721 656.44195441 654.75481732
139.00000000 192.92544836 195.37438695 196.94442438 195.35944397
139.00000000 650.36770526 653.45483851 652.59735844 654.73606031
176.50000000 650.09387337 652.59788125 654.80067769 651.42417913
139.00000000 650.36770526 653.43130629 652.56627678 654.71026156
259.90000000 26004.29665765 26021.02122472 26000.21158083 26001.01753761
260.20000000 14530.61458767 14519.49831962 14537.64163442 14540.46430344
326.50000000 300.73351109 302.21007651 303.53630971 304.87463110
259.90000000 26004.29665765 26021.06984640 26000.25148769 26001.05892518
259.80000000 23465.34678163 23466.03873782 23470.57196390 23467.25782793
289.00000000 301.20906962 303.94509855 305.84501612 302.67325079
259.60000000 10678.80175075 10672.50566189 10682.81816465 10689.19773548
289.00000000 300.78443105 303.47561767 305.18296141 302.32611576
326.50000000 300.59213910 304.13448546 303.00303777 303.62809746
289.00000000 300.78443105 303.50756851 305.23683486 302.37052311
101.50000000 370.02891993 369.61641339 375.45149921 373.91551981
101.50000000 371.21721572 373.05103324 374.41406039 375.38445285
101.50000000 128.97524446 130.10056596 130.49002495 135.34093299
101.50000000 370.02891993 369.58188774 375.41104769 373.88103661
214.00000000 372.40965661 376.23515620 374.63766042 374.93378212
214.00000000 130.60355133 131.75860004 134.93413222 134.32280466
214.00000000 371.50697896 374.23490471 375.45127670 373.71685928
214.00000000 132.46731017 133.63520452 137.36000737 135.61532414
101.50000000 132.29709347 132.70731025 136.61159104 136.26325816
214.00000000 132.46731017 133.60541324 137.32766136 135.59210572
194.60000000 10629.20891997 10617.07394878 10640.22396491 10639.27862042
195.20000000 10624.30285461 10628.57864132 10624.71046754 10624.33864453
251.50000000 481.15800248 482.18706798 486.75944516 482.80461396
194.60000000 10629.20891997 10617.09363975 10640.24931497 10639.31770221
64.00000000 719.53529228 721.71003992 722.04543613 724.56736715
64.00000000 482.12491224 483.76082227 486.54783783 484.68884095
64.00000000 720.61922581 721.85703392 723.11507038 725.47597775
64.00000000 481.56043117 484.57600586 484.10705302 484.35839356
251.50000000 481.34680305 484.02847843 484.00074240 485.18407833
64.00000000 481.56043117 484.59027353 484.11605302 484.38020092
345.30000000 152.22202227 156.51730960 155.22843987 153.69262177
345.30000000 151.18030491 154.03102832 155.08356418 153.03624666
230.00000000 15382.95485812 15377.11498477 15391.31016392 15389.42325156
345.30000000 152.22202227 156.46580321 155.16982377 153.61865125
157.80000000 151.50534951 154.21737923 155.30155195 153.65782671
157.80000000 611.62551574 615.20105040 615.86441809 612.14573346
157.80000000 151.55282315 153.23692472 152.85024240 157.02200520
178.60000000 1638.03777681 1644.69567301 1640.43275473 1637.99906422
229.40000000 22676.20142948 22685.49342608 22679.34296641 22675.94038720
178.60000000 1638.03777681 1644.65977241 1640.38989293 1637.96622283
195.30000000 499.75477769 504.13758383 503.06910706 500.98542099
195.30000000 501.39288126 504.34020178 506.48301135 502.17023182
195.30000000 260.69959027 264.45027759 264.00556773 262.54915566
195.30000000 499.75477769 504.16915662 503.10164210 501.00193639
280.60000000 4367.44699994 4365.16041730 4372.87526139 4372.11778639
307.80000000 260.38845171 263.66588593 262.47542954 263.70753054
280.80000000 4357.19045605 4359.46387082 4355.07800808 4365.53453544
307.80000000 262.11482477 264.66155504 265.34405195 264.56798435
195.30000000 261.86460586 267.56760724 264.64398118 262.61420009
307.80000000 262.11482477 264.71038007 265.40003502 264.62568858
270.30000000 319.85795055 321.25110559 325.24366678 322.10905605
270.30000000 319.72525977 321.26272845 324.37075385 322.43654540
277.30000000 522.95793188 527.64594582 526.17082865 523.68579588
270.30000000 319.85795055 321.16300729 325.14351054 322.01941395
232.80000000 320.49844412 322.50076365 324.05259509 324.09941316
232.80000000 431.77687191 431.76018766 435.68096049 436.17507909
232.80000000 322.01021325 323.33987928 326.94348615 324.04076879
232.80000000 431.58321605 434.90834131 435.40533799 433.50397858
270.30000000 432.25417610 435.78502015 435.52422113 433.97612964
232.80000000 431.58321605 434.80944394 435.32929478 433.42554483
120.30000000 671.38480808 675.06208713 673.97276852 673.72455124
209.90000000 42506.25574557 42513.75186468 42491.72061490 42529.59645804
121.60000000 805.66309826 805.21092657 807.46422026 813.81344038
120.30000000 671.38480808 675.06471871 673.97992245 673.72961534
82.80000000 672.85069344 675.91960762 675.40450636 676.12352565
82.80000000 781.17985287 784.77730043 782.40246893 784.73514307
209.30000000 39045.07007200 39022.38837567 39100.70894160 39033.78660695
179.00000000 58488.84033453 58496.60131188 58498.91617347 58477.57180171
179.60000000 58431.04653498 58419.97383662 58452.29830882 58423.48938553
179.00000000 58488.84033453 58496.60531981 58498.92116123 58477.57368850
82.80000000 409.02107582 411.33684369 413.20148576 411.98210091
82.80000000 411.19669409 412.67527349 413.02406691 416.01533205
82.80000000 519.79279347 521.68546980 522.93289554 522.93434800
82.80000000 409.02107582 411.33684369 413.20148576 411.98610091
270.30000000 411.61465004 412.69073375 416.47943851 414.14139401
269.60000000 637.71096439 640.67430329 641.94881814 639.19447351
270.30000000 410.00685230 412.53357751 415.25515449 411.01850593
270.30000000 8989.89215986 8991.34118338 8995.56009337 8990.88114675
82.80000000 521.48746108 521.09018749 528.03555892 524.04031841
270.30000000 8989.89215986 8991.34469165 8995.56240086 8990.88579480
184.30000000 49893.94926662 49919.01050867 49874.65205956 49897.96272074
184.30000000 9897.93785494 9905.77890161 9888.17897980 9913.01197588
232.80000000 170.16077612 175.04725506 172.33534375 171.74520316
184.30000000 49893.94926662 49919.01594783 49874.65501095 49897.96430804
184.30000000 48107.55961512 48116.29245382 48091.15225065 48126.14658480
120.30000000 170.61678299 174.67615169 169.39091559 177.88321307
120.30000000 759.37996345 761.85628405 761.60879052 763.22012832
120.30000000 171.03101166 171.95421674 176.02479467 174.30143043
232.80000000 171.12821141 172.94552920 173.55739410 175.65698211
120.30000000 171.03101166 171.95630008 176.02735877 174.30455543
157.80000000 240.50870883 245.42466991 242.56038158 242.02239248
157.80000000 240.70496912 244.01325313 244.39315303 242.57850258
157.80000000 353.31393461 352.47128681 356.17492748 359.26107465
157.80000000 240.50870883 245.42630925 242.56038158 242.02427927
195.30000000 242.06837095 243.40092917 246.16654939 245.37046602
195.30000000 349.60732867 351.55436759 353.51236061 352.41845656
195.30000000 239.87821184 242.45635521 243.91827375 241.97455479
195.30000000 349.27584336 352.74965122 353.05019565 351.13648244
157.80000000 351.40508388 353.43857553 355.91668785 353.18177920
195.30000000 349.27584336 352.74965122 353.05173412 351.13648244
237.90000000 10623.34343402 10620.94567801 10626.47716943 10626.52886480
237.90000000 10718.99335165 10719.42862701 10719.44241880 10730.06806391
200.20000000 16090.12694112 16114.54703544 16083.40026401 16077.91302006
237.90000000 10623.34343402 10620.94714860 10626.47967020 10626.53242549
238.00000000 14381.08467153 14385.25201621 14398.82015293 14368.92735121
200.20000000 19224.30185297 19211.86695665 19247.40256051 19215.66300686
236.90000000 14423.87941485 14441.76508567 14435.16527886 14398.00096040
201.00000000 24639.68608303 24653.03720096 24642.38643974 24632.29597192
200.30000000 22224.43912106 22219.40008193 22216.52091596 22245.59811368
201.00000000 24639.68608303 24653.04163132 24642.39112240 24632.29875024
92.20000000 262.43902493 263.33972063 266.94029688 265.89407914
92.20000000 259.76156274 262.52328545 263.70529011 261.57550544
92.20000000 151.74695259 152.00848325 157.21621815 154.67368905
92.20000000 262.43902493 263.34940477 266.94029688 265.89702032
185.90000000 261.07529386 263.10875752 265.05175558 263.52995031
185.90000000 150.94159929 154.53911336 154.43643291 152.07094516
185.90000000 261.63055658 264.37827695 263.44419663 265.84893311
185.90000000 151.47563140 153.24687701 154.57137415 155.65129226
92.20000000 149.47444618 152.27947212 155.88381158 149.24895533
185.90000000 151.47563140 153.27461913 154.59823545 155.67486299
230.00000000 2883.71361339 2886.58764916 2886.80750252 2886.14351029
229.80000000 34195.62260336 34190.32867891 34211.74432816 34194.67219491
242.20000000 500.22657674 501.59568694 505.76473549 501.75424593
230.00000000 2883.71361339 2886.53888579 2886.76208770 2886.10471721
230.00000000 14687.24392415 14698.10186643 14662.91010378 14710.13108161
280.50000000 7866.98527917 7876.40266599 7865.74287254 7868.39587711
229.50000000 37640.86250952 37647.64178759 37650.62998983 37634.49262989
280.90000000 18817.34944757 18818.78929943 18820.02726209 18823.05695633
280.50000000 8673.65819253 8679.48991411 8670.88593842 8678.49283113
280.90000000 18817.34944757 18818.73428147 18819.98620280 18823.00345438
167.20000000 431.84592647 435.48697490 433.69510778 435.08301654
167.20000000 431.63968690 435.23833238 433.75344257 435.19025425
209.00000000 30875.90549771 30880.89830009 30878.70154126 30877.64373310
167.20000000 431.84592647 435.57115807 433.75130868 435.14038977
260.90000000 429.81544283 433.39004977 431.93497584 432.92152032
209.70000000 36455.69490259 36461.04948687 36451.25879630 36466.45645962
260.90000000 430.10542127 433.17731688 433.88734946 432.09363674
209.30000000 22403.95426026 22396.64879474 22414.93587055 22408.26785958
208.70000000 9946.48417806 9963.36585953 9933.75536305 9951.52521484
209.30000000 22403.95426026 22396.71021651 22414.98387647 22408.31031329
179.70000000 19884.52181395 19863.40433090 19873.34969522 19915.89784746
179.60000000 19839.00276620 19831.58942986 19851.38615996 19833.12258102
317.20000000 321.88612172 325.49020641 326.21536524 322.75403659
179.70000000 19884.52181395 19863.37712364 19873.30973425 19915.85824247
111.00000000 779.30258816 776.76434740 784.73657225 784.99742397
111.00000000 320.31270124 319.77485024 323.63120667 326.03924911
111.00000000 781.50845439 781.80635109 786.28678780 785.47170005
111.00000000 319.83236018 322.16130091 324.98223608 321.21447090
317.20000000 322.27881367 327.12520733 324.77787188 323.64886360
111.00000000 319.83236018 322.14992880 324.97424235 321.20886414
279.70000000 350.51003688 353.24138527 354.58445760 352.43040290
279.70000000 352.15570169 356.12214841 355.80214870 353.24778647
279.70000000 241.51984147 244.10741552 245.43409768 243.83350762
279.70000000 350.51003688 353.27756777 354.60432658 352.46258566
223.40000000 353.14337269 356.94476476 355.22735282 355.95828221
223.40000000 241.71623732 243.01926183 246.05741524 245.29332789
223.40000000 349.83903025 354.17492825 353.08819812 351.04084791
223.40000000 240.72796525 245.24782636 242.02946134 243.52162908
279.70000000 240.30784841 243.00603102 244.15537425 242.89067006
223.40000000 240.72796525 245.26289165 242.05218264 243.54351107
200.20000000 48662.18685290 48639.78242315 48644.03833343 48709.12252619
129.70000000 701.60041365 702.55035358 705.59423859 704.96973222
238.40000000 21849.71407254 21823.91426255 21836.32685216 21897.42386696
200.20000000 48662.18685290 48639.80971035 48644.06150815 48709.13922860
200.20000000 46023.75569764 45987.21891103 46013.41723323 46088.59612650
164.30000000 13927.70803331 13867.17255311 13885.93031989 14037.36813669
73.50000000 701.59936340 705.65735542 704.42016327 703.35094451
73.50000000 591.59428631 596.44160945 597.28875350 590.67770633
129.70000000 593.80131893 597.11749235 597.36308035 596.55530965
73.50000000 591.59428631 596.44952870 597.28875350 590.69371023
204.70000000 171.99349860 174.54955111 176.32041360 173.68991812
204.70000000 170.71509484 173.80585024 172.46806845 174.62327907
184.10000000 34538.14490401 34543.83623467 34539.81885504 34539.69488632
204.70000000 171.99349860 174.53631206 176.30528545 173.67978541
148.50000000 171.56248630 173.07329757 174.91666870 175.81503131
184.10000000 29936.11480618 29944.43779866 29943.82257942 29930.24662507
148.50000000 172.41916967 174.63669137 174.42989251 177.24811653
184.10000000 42224.59831981 42245.86296492 42205.49943995 42234.83711997
184.50000000 44135.64502628 44137.33899613 44118.79822885 44160.34064259
184.10000000 42224.59831981 42245.83811622 42205.48156409 42234.81431152
54.70000000 520.40323232 528.69282438 519.12402810 522.34482284
54.70000000 518.00687831 520.04774090 524.26702381 518.18224956
54.70000000 408.55309928 408.57266634 414.91131905 412.61752508
54.70000000 520.40323232 528.68806247 519.12402810 522.34482284
269.80000000 4784.59593499 4787.70573946 4788.78776307 4785.41454922
298.40000000 411.10724507 414.53054475 414.67795463 412.79089167
268.80000000 4749.04152749 4753.40557128 4756.28453071 4746.65605809
298.40000000 411.37026637 414.81788466 412.01130831 416.08660509
54.70000000 412.03894175 413.80885627 416.10160057 415.37750930
298.40000000 411.37026637 414.80254610 411.99255221 416.06805743
148.50000000 389.57437369 394.45588430 391.37849657 391.71187673
148.50000000 389.45120366 394.14322566 393.21942402 389.78123234
148.50000000 278.94307207 280.88407071 285.01267722 280.37196226
148.50000000 389.57437369 394.45588430 391.37849657 391.71187673
204.70000000 390.06763749 393.73070202 394.58455138 390.77240152
204.70000000 281.13129511 285.82771399 283.16004361 283.73485547
204.70000000 390.72035636 394.28088867 392.52693593 394.06237065
204.70000000 279.39324726 282.58138164 283.17100808 281.69099828
148.50000000 280.77567096 285.69716358 284.38854334 281.36434351
204.70000000 279.39324726 282.58289679 283.17100808 281.69236814
189.60000000 30981.49534095 30989.66750222 30977.09554072 30989.92829703
189.50000000 18432.27722646 18458.96470807 18401.55506429 18446.44109977
222.40000000 16986.39885950 16988.82842539 16984.84166413 16994.95997744
189.60000000 30981.49534095 30989.67075446 30977.09705587 30989.92974630
84.30000000 4001.26989076 4072.11161292 3982.23680523 3973.46884027
54.70000000 632.00215488 635.57416621 638.37448763 632.07735477
54.70000000 740.04657407 742.95876786 742.21249015 743.28541599
54.70000000 628.76277658 630.55359213 631.67839882 633.96677476
222.50000000 11885.02604780 11880.92104052 11878.16970842 11902.44259312
54.70000000 628.76277658 630.55359213 631.67839882 633.96677476
73.50000000 218.87319192 220.23111988 224.86454129 220.07541202
73.50000000 218.26282648 217.62355661 225.57136152 221.10666638
73.50000000 460.01330888 462.37243778 461.05738227 465.41800048
73.50000000 218.87319192 220.23111988 224.86776710 220.07853702
129.70000000 220.49413792 223.03827782 221.68592998 225.56317486
129.70000000 458.92481216 462.49223011 462.34250726 460.80606241
129.70000000 220.77548508 223.53642526 224.10532573 223.14227996
129.70000000 460.90538974 463.30262202 464.57551077 463.89842112
73.50000000 459.82750292 460.49510491 463.92844693 463.75141925
129.70000000 460.90538974 463.30262202 464.57759411 463.90368793
223.40000000 572.21052211 574.49214274 575.15678408 575.27441789
246.50000000 4590.61243497 4590.93829421 4605.86248566 4583.12691070
223.40000000 111.55658471 113.87079721 114.59382080 114.91962318
223.40000000 572.21052211 574.49214274 575.15788298 575.27720050
246.00000000 5905.61261045 5902.45844684 5906.41219550 5915.12035842
279.70000000 111.68145095 113.94347008 115.83277886 113.78921093
246.10000000 12807.65658145 12811.80976681 12813.74583289 12805.65273696
279.70000000 110.09127951 112.67873129 112.38666219 113.98615038
223.40000000 111.33363624 114.05962864 114.97863826 113.82575986
279.70000000 110.09127951 112.68206490 112.39243475 113.98615038
260.90000000 132.19234171 134.81513629 135.74065319 134.83717788
260.90000000 130.97202009 133.05559425 133.00543955 135.13922353
260.90000000 371.52050044 373.40064625 375.66424981 374.04023189
260.90000000 132.19234171 134.85092123 135.78499240 134.86198776
167.20000000 132.18942849 135.13811452 135.76271809 134.58706747
167.20000000 370.43263920 372.41468020 374.49292295 373.19648027
167.20000000 131.37985998 132.46136681 135.29460121 134.71316852
167.20000000 370.85618951 371.85168050 376.43494251 372.18882754
260.90000000 370.33193905 374.22902141 372.84622422 372.37748859
167.20000000 370.85618951 371.87924612 376.45717054 372.22316488
111.00000000 482.44874430 484.50528010 484.62241676 487.40898213
111.00000000 480.67258268 484.19016596 484.92656064 481.40678678
194.10000000 26020.37027157 26058.65089385 26054.08113158 25964.38295813
111.00000000 482.44874430 484.48515278 484.61672766 487.40027172
292.40000000 3954.69147334 3960.70731671 3954.59647735 3957.94312595
194.70000000 39412.61140370 39409.63690253 39412.93846948 39424.82274779
292.70000000 3931.20425132 3935.82917451 3936.39277104 3929.56069886
194.70000000 17750.91784997 17732.69779769 17776.74400296 17753.83888971
111.00000000 719.19480653 722.63734789 723.29638689 721.60471058
194.70000000 17750.91784997 17732.64643786 17776.69358162 17753.77481820
335.90000000 301.08490496 303.21876643 304.94244999 303.95077099
335.90000000 301.06112423 302.95938726 305.29380133 303.68351345
259.20000000 10565.19827588 10564.18304536 10566.34586431 10575.91741165
335.90000000 301.08490496 303.31329607 305.02387753 304.04451984
242.20000000 300.40145819 302.27628063 304.75895567 302.71564295
242.20000000 541.38561522 544.88110805 545.60576303 542.54348217
242.20000000 302.37323700 305.71536897 305.49824318 304.64444823
242.20000000 542.04251573 545.39446700 544.94887370 544.55160081
260.00000000 10552.84912519 10555.36124304 10559.69200356 10549.87748855
242.20000000 542.04251573 545.51619137 545.04938557 544.66691504
185.90000000 649.22096747 651.25313429 653.59540205 651.54251499
216.00000000 32025.42745601 32029.55626651 32035.20725983 32023.28684765
185.90000000 190.23088193 192.57701166 194.50121067 192.62732227
185.90000000 649.22096747 651.23769403 653.57351163 651.53608650
92.20000000 651.13015761 653.07330189 654.35859662 655.67437331
92.20000000 189.04738068 191.50981116 191.64798905 192.81357942
190.10000000 18699.32190576 18685.02294934 18694.13569710 18739.13128669
92.20000000 191.06878882 193.21643350 193.77889164 195.28305162
185.90000000 189.20094087 192.02120894 192.35578958 191.41253234
92.20000000 191.06878882 193.21272980 193.77576664 195.27740774
300.80000000 370.89051387 373.71611503 373.69939347 374.15437875
300.80000000 370.79616491 377.00854413 373.26228298 370.97457411
300.80000000 411.10136612 413.35367014 413.30815317 415.46706124
300.80000000 370.89051387 373.73413355 373.71513615 374.17360077
113.20000000 368.38542263 373.46018508 369.52840869 371.91038818
113.20000000 409.96715062 411.75456836 413.74762037 413.36499538
113.30000000 370.58884467 373.37820672 372.63572710 375.10745349
113.30000000 412.52666668 414.73109595 414.46788335 416.96926922
300.80000000 411.23990423 414.11918661 414.69855641 413.62559000
113.30000000 412.52666668 414.73109595 414.47557732 416.97183332
153.00000000 753.01796822 753.45354623 753.51073056 761.28474612
150.80000000 719.39713041 720.59551838 721.01737263 725.20220274
173.10000000 3356.41758010 3360.13626746 3353.33915206 3360.85128174
153.00000000 753.01796822 753.45354623 753.51469549 761.28808316
194.50000000 16009.34931099 16033.25710967 16000.47212981 16002.98330127
184.60000000 20822.08399615 20817.13620647 20808.03050368 20850.24082720
194.60000000 12205.15622944 12165.60867151 12216.23558136 12242.15762013
184.20000000 13867.86497781 13882.81135556 13872.41066168 13860.29734393
150.80000000 759.90628702 761.64073564 765.03353106 762.04399897
184.20000000 13867.86497781 13882.82758418 13872.42781271 13860.31702690
225.80000000 200.82677821 203.87481128 203.22061151 204.34516190
225.80000000 201.48550207 202.09439134 205.33703064 205.53476518
241.50000000 11668.90327654 11670.75629701 11671.92685994 11672.44071840
225.80000000 200.82677821 203.84689103 203.18861847 204.30484889
338.30000000 201.73533705 204.90616327 203.52833275 205.68123692
241.70000000 22715.63806792 22686.79921853 22747.12896739 22721.55544819
338.20000000 200.61716030 200.21735271 205.19041512 204.79119059
241.80000000 13193.23047747 13185.21527034 13193.58597484 13206.48863260
225.80000000 582.68819852 586.01456154 585.27837857 585.46758746
241.80000000 13193.23047747 13185.17745872 13193.54810719 13206.45304965
75.80000000 548.20934630 549.61981196 553.12798277 550.59457488
107.60000000 2660.34451579 2637.23675685 2708.17950382 2643.71173823
75.80000000 228.11730144 233.24178186 232.49485038 229.13720085
75.80000000 548.20934630 549.61981196 553.12798277 550.59457488
188.30000000 551.59393300 553.95960228 554.94970777 554.83945188
188.30000000 231.49938908 234.64793307 236.30095613 232.56545628
254.80000000 12315.13724118 12331.88471931 12309.01052583 12318.71581750
188.30000000 231.93945053 236.50578638 234.67861691 233.90173756
75.80000000 229.98852176 233.78930478 233.70848668 232.93396253
188.30000000 231.93945053 236.48491305 234.66886417 233.88930791
113.30000000 110.97456014 113.89774000 115.53134446 113.17883926
113.30000000 108.98157749 110.45556702 113.43964416 111.64866164
113.30000000 320.91447761 322.55506395 323.97838255 324.99981230
113.30000000 110.97456014 113.89232875 115.53134446 113.17319539
300.70000000 112.22088058 115.74754195 115.67006546 114.08392434
300.70000000 321.18499394 324.17362026 324.71381777 323.28079348
300.80000000 110.51662440 113.17753663 114.00172424 113.04056931
300.80000000 320.75504721 322.40141503 324.46954215 324.22441931
113.30000000 320.12281686 320.92441132 323.84900615 323.86919104
300.80000000 320.75504721 322.36859753 324.44285970 324.20109308
269.00000000 551.82254520 552.86603203 557.86009951 552.86594872
263.20000000 462.07278748 463.22746875 466.45575348 465.01487067
209.70000000 42404.35759025 42416.52527032 42405.98028390 42397.76358767
269.00000000 551.82254520 552.93645148 557.94940224 552.94711168
150.80000000 460.34229030 464.64139486 464.09454190 461.07310438
209.00000000 38020.42582859 38018.71220977 38051.09381727 37997.39684095
150.80000000 460.54980901 463.14742138 464.91323163 462.05967278
150.80000000 671.44641754 673.90720543 674.50451723 674.83197939
209.00000000 9751.11895690 9759.79419879 9741.08297531 9761.79794485
150.80000000 671.44641754 673.91747825 674.52183860 674.85675993
188.30000000 291.81572939 294.53280011 296.30774589 293.11691047
188.30000000 290.68701432 292.93154362 293.56821107 294.49207794
188.30000000 491.22254612 491.60632193 496.24864384 494.56023997
188.30000000 291.81572939 294.52485703 296.29769021 293.10486570
75.80000000 290.99935065 292.40208628 295.72175857 293.49190456
75.80000000 489.41689405 489.19217768 497.23293928 491.50744391
75.80000000 291.34797810 292.59689440 292.60871505 297.36487320
75.80000000 491.76918522 493.46267466 494.90426407 497.14869734
188.30000000 490.79498954 493.44774776 493.81591118 493.77934460
75.80000000 491.76918522 493.46267466 494.90426407 497.14869734
219.50000000 16188.12826075 16188.94839797 16178.63945577 16203.27712167
218.50000000 16278.07992657 16303.58835479 16267.74183039 16272.77453478
338.20000000 139.95634472 141.92928715 142.69253558 143.82985162
219.50000000 16188.12826075 16189.00902893 16178.68657371 16203.33709400
219.40000000 1842.07082313 1844.91215117 1845.45683710 1844.30497587
225.80000000 140.36621874 143.22636260 142.11965152 144.73462388
219.00000000 2039.29710145 2039.83023253 2044.00283415 2042.61086979
225.80000000 141.32768860 145.14587182 144.55565725 142.56264250
338.20000000 139.69699634 141.07881812 143.03353992 143.67346301
225.80000000 141.32768860 145.19525130 144.59835283 142.62301423
244.60000000 241.58115842 245.57396170 243.03843018 244.92676349
244.60000000 241.58115842 245.57396170 243.03843018 244.92676349
244.60000000 191.00216892 194.49277353 194.73554717 192.39736955
244.60000000 241.58115842 245.43596850 242.93064349 244.81454061
282.00000000 241.11381422 243.50243982 244.52141460 244.13912996
282.00000000 191.53571790 195.14633801 193.80618930 194.39036949
282.00000000 241.11381422 243.42902308 244.45815233 244.06681336
282.00000000 191.53571790 195.20786562 193.88188084 194.45965454
244.60000000 191.00216892 194.36800614 194.62092590 192.29355956
282.00000000 191.53571790 195.14633801 193.80618930 194.39036949
94.60000000 592.19602744 592.08391939 592.35179243 600.24140637
94.60000000 592.19602744 592.08391939 592.35179243 600.24140637
94.60000000 543.68853234 546.08146587 547.78893850 546.98803711
94.60000000 592.19602744 592.08391939 592.35179243 600.25347936
132.10000000 592.46210857 593.06026002 598.60534134 594.84456411
132.10000000 541.44202530 544.28979516 543.88094101 545.13555605
132.10000000 592.46210857 593.07822153 598.61526291 594.86371225
132.10000000 541.44202530 544.28289903 543.87489002 545.12828019
94.60000000 543.68853234 546.08146587 547.78893850 546.99442656
132.10000000 541.44202530 544.28979516 543.88094101 545.13555605
320.60000000 431.46984048 434.75865051 432.52212638 435.65356733
320.60000000 431.46984048 434.75865051 432.52212638 435.65356733
197.50000000 52301.43462327 52270.53728663 52296.05691900 52341.59189425
320.60000000 431.46984048 434.73256697 432.49450374 435.63456104
57.00000000 422.58228654 422.63309558 426.64853896 428.44664327
197.40000000 48091.65683427 48059.33408889 48044.57738949 48179.46847610
57.00000000 422.58228654 422.62783242 426.63877706 428.44108772
197.40000000 48091.65683427 48059.34313623 48044.60274155 48179.48200733
197.50000000 52301.43462327 52270.51888736 52296.03957710 52341.58492398
197.40000000 48091.65683427 48059.33408889 48044.57738949 48179.46847610
174.00000000 1033.03757713 1042.63136391 1036.10713880 1030.41932060
174.00000000 1033.03757713 1042.63136391 1036.10713880 1030.41932060
169.50000000 361.01145324 363.26933409 363.57315727 365.03602777
174.00000000 1033.03757713 1042.71344124 1036.18552174 1030.47956251
182.00000000 8543.51426241 8536.01145750 8552.56139735 8549.97036684
207.00000000 360.90944125 364.93764802 365.24941784 362.02365422
182.00000000 8543.51426241 8536.07444486 8552.60621756 8550.01438279
207.00000000 360.90944125 364.88092442 365.19186158 361.96631930
169.50000000 361.01145324 363.35385532 363.64284231 365.13811071
207.00000000 360.90944125 364.93764802 365.24941784 362.02365422
132.00000000 329.91391922 333.03591173 333.53711979 331.59374838
132.00000000 329.91391922 333.03591173 333.53711979 331.59374838
132.00000000 99.80299043 102.89327067 102.72601244 102.80072595
132.00000000 329.91391922 333.02404957 333.52629651 331.58930935
94.60000000 328.41890335 329.92277088 329.94278013 334.06083155
94.60000000 99.91057872 102.80266727 105.48929094 100.20080993
94.60000000 328.41890335 329.92277088 329.93944680 334.05749822
94.60000000 99.91057872 102.80266727 105.48929094 100.20080993
132.00000000 99.80299043 102.87522518 102.70974679 102.79304883
94.60000000 99.91057872 102.80266727 105.48929094 100.20080993
206.20000000 39232.62417134 39265.81275927 39228.34610593 39212.11277258
206.20000000 39232.62417134 39265.81275927 39228.34610593 39212.11277258
282.00000000 449.74984217 451.76003455 453.63549432 452.70106911
206.20000000 39232.62417134 39265.78394409 39228.32127819 39212.09277897
205.90000000 37965.55859342 37972.95432792 37977.32992250 37954.57025051
244.50000000 451.22433692 454.51864826 455.16307329 452.63482581
205.90000000 37965.55859342 37972.93660606 37977.31561454 37954.54500566
244.50000000 451.22433692 454.56762998 455.18564742 452.65848156
282.00000000 449.74984217 451.73381806 453.61204518 452.67751388
244.50000000 451.22433692 454.51864826 455.16307329 452.63482581
57.10000000 162.88275106 163.85031888 169.52622748 165.04749105
57.10000000 162.88275106 163.85031888 169.52622748 165.04749105
57.10000000 631.38598976 636.60117997 632.18393493 635.28087522
57.10000000 162.88275106 163.85031888 169.52238133 165.04378734
319.50000000 161.21873893 163.72853919 164.25598038 164.32699868
222.40000000 14957.36395504 14947.14188885 14966.22718900 14969.03567682
319.50000000 161.21873893 163.70444589 164.23611550 164.29588666
222.40000000 14957.36395504 14947.17076162 14966.25234703 14969.05010434
57.10000000 631.38598976 636.60117997 632.18393493 635.28087522
222.40000000 14957.36395504 14947.14188885 14966.22718900 14969.03567682
207.00000000 510.90753193 512.03650342 513.27511335 516.28857541
207.00000000 510.90753193 512.03650342 513.27511335 516.28857541
207.00000000 280.79607650 284.14852172 283.30971336 283.49305298
207.00000000 510.90753193 512.02458506 513.26399454 516.27209743
169.60000000 510.60269351 513.24774057 515.13485934 512.29574977
169.60000000 282.93228522 285.04321831 285.44441769 285.99043213
169.60000000 510.60269351 513.21107958 515.11476194 512.25662207
169.60000000 282.93228522 285.06771517 285.47709790 286.02149797
207.00000000 280.79607650 284.14076080 283.29343968 283.47460482
169.60000000 282.93228522 285.04321831 285.44441769 285.99043213
197.60000000 179.91384150 182.08368773 182.84342748 183.66861357
197.60000000 180.59643202 183.41953689 183.42905613 183.43903885
197.60000000 471.57015832 473.38774597 474.29221448 475.81664622
197.60000000 179.91384150 182.10808971 182.86775249 183.70044926
328.90000000 181.68383326 183.94710728 184.64254624 185.11564825
298.30000000 4593.93348258 4596.91720997 4595.66276088 4596.90822618
328.80000000 180.49052754 183.43514529 184.08636504 182.92009281
297.30000000 12241.17916495 12246.43839053 12241.93167269 12243.02379698
206.50000000 596.88916357 597.85717582 611.42349705 590.42814616
297.30000000 12241.17916495 12246.49851408 12241.99514895 12243.09207446
265.00000000 11110.29290111 11118.31080974 11112.93252914 11108.35572741
264.20000000 11138.24110406 11122.52977120 11160.23715484 11141.48287399
347.70000000 119.78239095 121.06482368 124.58378535 122.09857874
265.00000000 11110.29290111 11118.26736486 11112.87233085 11108.30966737
178.90000000 531.25168691 534.80259265 535.10120268 532.05245944
178.90000000 120.39140401 123.03578597 123.09229495 123.84214821
178.90000000 531.55071210 532.83011120 538.05847849 532.42151285
178.90000000 120.96752708 122.78966481 123.92319231 124.90637235
347.60000000 121.03283333 122.45471171 126.30795288 122.65838217
178.90000000 120.96752708 122.76844477 123.89908657 124.87405493
122.60000000 352.07901916 355.82910936 354.72342761 354.45408706
122.60000000 347.57022180 350.47696270 352.10177077 349.21804061
122.60000000 299.30721712 301.52164663 303.29542389 301.82555887
122.60000000 352.07901916 355.85876551 354.76254005 354.48313100
103.90000000 351.45404863 355.10290696 354.79609231 353.10789804
103.90000000 300.40440563 304.58783617 302.83017278 302.81067514
103.90000000 349.13482259 351.05562168 352.54849884 353.13887702
103.90000000 300.04888252 304.00790311 302.41294212 302.53805615
122.60000000 299.79839263 300.46361154 304.03333878 303.64824175
103.90000000 300.04888252 304.04246335 302.43872149 302.55969625
200.00000000 12456.83028414 12460.93613694 12468.29082954 12450.66477484
200.40000000 28196.10899639 28216.48204931 28200.56907511 28182.10532796
215.60000000 9815.35117597 9851.45308326 9816.02574098 9790.20450746
200.00000000 12456.83028414 12460.88680972 12468.26497198 12450.63124744
199.90000000 9993.21879869 9979.18710010 10009.46614844 9998.58949291
215.20000000 7308.45432545 7327.16561082 7298.30799819 7310.36767824
200.10000000 26936.79053933 26941.16926540 26956.76892055 26922.79063665
216.20000000 19393.23072597 19407.16653864 19388.46087499 19395.08301086
215.80000000 21142.83783310 21128.75137360 21137.55902546 21170.33016608
216.20000000 19393.23072597 19407.13267606 19388.42023119 19395.04318849
235.20000000 442.40399750 444.80183207 445.36488537 445.99799274
235.10000000 442.03630799 444.70094174 444.84387570 445.43786601
235.20000000 562.14859146 565.80418293 565.29765263 564.34604206
235.20000000 442.40399750 444.77349830 445.33946405 445.98111673
66.40000000 442.93611488 447.12879028 442.53229530 449.32646520
66.40000000 560.01858573 563.12636199 560.75526838 565.67096562
66.40000000 444.14532411 447.10726726 444.07749868 450.91982837
66.40000000 559.52264030 564.53324913 558.42782153 564.52169134
235.10000000 561.27676834 564.15192892 565.08063277 563.44749060
66.40000000 559.52264030 564.53324913 558.42782153 564.51798763
177.30000000 61505.96394394 61510.25242922 61526.57608851 61502.86329739
85.20000000 788.81710600 791.46075516 791.66537030 792.43944589
85.10000000 211.73740962 214.83378976 217.18508863 211.00315638
177.30000000 61505.96394394 61510.24168332 61526.55771447 61502.84451048
178.00000000 61480.20905226 61480.26664983 61495.08856238 61487.63507978
216.40000000 210.79606831 211.93721534 214.56439033 214.50523419
178.20000000 8630.42652346 8623.44801416 8645.89530209 8631.60530305
216.40000000 210.18119272 212.49711460 213.53704205 212.44897006
85.20000000 208.62667058 208.87053353 211.28141475 213.67100531
216.40000000 210.18119272 212.46952168 213.52408726 212.44148089
310.20000000 260.66981576 264.50031260 263.52298718 262.65333012
310.10000000 261.45057168 263.57137989 263.50454597 266.22337195
310.20000000 381.12475308 383.09654808 385.58687217 383.37696063
310.20000000 260.66981576 264.53426136 263.54656438 262.68392461
291.30000000 259.22689590 261.90497555 262.03420891 262.66236761
291.30000000 380.94778327 384.32472027 382.53747222 384.78463843
291.40000000 260.83653278 263.57595749 264.88110932 263.34274743
291.40000000 380.87234715 382.87285090 383.63454991 385.08133617
310.10000000 381.79439724 383.87081447 384.47231564 385.56097182
291.40000000 380.87234715 382.90818417 383.66249413 385.10788549
160.20000000 611.23729991 614.51781409 615.89168549 611.78697806
230.00000000 11839.26432268 11794.81887384 11846.65985282 11889.33994944
160.20000000 730.63061579 732.86447547 735.25606607 732.65422542
160.20000000 611.23729991 614.54796042 615.91345016 611.80400367
141.30000000 611.02204659 612.40129322 613.67415018 615.27442867
141.30000000 731.16643565 734.36973839 732.69240939 734.89817111
203.60000000 8649.42131424 8645.50565262 8671.88962670 8640.81413513
191.40000000 37529.33674142 37539.41769185 37539.73595363 37516.08341703
192.10000000 38750.38214248 38739.18906652 38759.92637379 38759.90976486
191.40000000 37529.33674142 37539.44826324 37539.76310501 37516.10256609
66.40000000 306.93264217 311.05898247 308.53321303 308.94627410
66.40000000 310.82746875 315.94087101 317.66809648 307.94839312
66.40000000 688.53226941 688.76334801 691.94113004 695.28128467
66.40000000 306.93264217 311.05898247 308.53321303 308.94627410
85.10000000 310.66656773 311.48704650 314.20652418 314.60724155
85.10000000 692.55909713 693.78440868 696.77536566 696.50077545
85.10000000 311.82180151 317.40549008 312.96066533 314.36176548
85.10000000 691.96353690 694.31308264 692.58658051 697.80333232
66.40000000 691.11619699 697.36444978 694.99972742 689.35661077
85.10000000 691.96353690 694.31308264 692.58658051 697.80333232
212.60000000 16631.77737512 16636.90045838 16634.90388078 16631.63006297
212.80000000 47656.63551800 47661.83359689 47652.58452636 47664.98443215
216.40000000 340.74198816 342.49773555 345.03058308 343.58002090
212.60000000 16631.77737512 16636.90316108 16634.91096970 16631.63153356
212.40000000 18936.40187000 18934.47242363 18939.49182629 18945.31660495
235.10000000 340.53809323 343.08492303 345.29381937 342.06064552
212.80000000 47936.06132283 47943.74863012 47931.37031671 47944.23967543
235.10000000 340.73943084 343.34745712 344.37520874 343.56041915
216.40000000 342.79383666 345.05206816 345.46561621 346.67310549
235.10000000 340.73943084 343.35010014 344.37642825 343.56295180
141.40000000 132.90979103 136.39305551 137.12095267 134.56756906
141.40000000 129.08821280 130.60240493 131.29133173 134.48262444
141.40000000 171.37765957 174.55906716 174.20178935 174.42729285
141.40000000 132.90979103 136.39305551 137.12095267 134.57124653
310.10000000 131.07850708 134.13548730 133.94404760 133.93901331
310.10000000 171.12598149 173.32076629 174.80648037 173.97314872
310.20000000 130.01913982 133.07737634 132.88413268 132.89234294
310.20000000 170.31548147 173.27669668 173.08005616 173.33479266
141.40000000 170.87915671 171.20004555 173.94669366 176.31510410
310.20000000 170.31548147 173.27868678 173.08293233 173.33658641
291.50000000 530.26196582 532.23396358 534.09851191 532.78778521
291.30000000 507.64733754 508.25064139 511.40967944 511.95392254
270.10000000 3703.01551658 3703.67335019 3706.84000503 3706.77615139
291.50000000 530.26196582 532.23724531 534.09939687 532.78984706
160.10000000 482.04445437 485.42411757 484.19892182 485.34543072
160.10000000 521.18750715 526.26724299 523.32815986 523.22997541
160.20000000 480.47418486 482.63619677 483.29070597 484.01694435
160.20000000 520.29601240 524.71221024 522.60355454 522.71223813
269.80000000 3744.63127395 3746.54970292 3746.40388538 3750.18003544
160.20000000 520.29601240 524.71221024 522.60527867 522.71223813
328.90000000 221.37488120 224.87835588 225.95685940 221.91532433
328.90000000 220.42877937 222.76512099 225.31953719 221.84673241
180.00000000 20757.18724665 20764.53784709 20741.96047038 20779.77905929
328.90000000 221.37488120 224.95566295 226.04793057 221.99628603
347.60000000 220.88207011 223.66440420 223.09830225 223.88982132
179.70000000 22093.17752096 22033.69530746 22104.77112389 22146.98440736
347.60000000 221.18868285 223.47413835 224.58926232 224.50957315
179.90000000 22049.44940435 22035.02226358 22049.62293058 22082.19150866
179.70000000 20778.73431815 20797.55441073 20747.58679886 20807.15469294
179.90000000 22049.44940435 22035.07560938 22049.67361294 22082.26827094
224.90000000 5142.03327098 5160.39043888 5131.78099154 5145.76112509
178.90000000 572.90317096 574.84820092 576.25314023 577.09334837
178.90000000 430.28988144 434.11518025 434.03398216 431.90221000
224.90000000 5142.03327098 5160.38220270 5131.76304385 5145.74240641
246.60000000 8154.70854767 8154.15313257 8164.91950166 8152.84230783
197.60000000 429.66903378 432.37153947 432.29321275 432.66531055
197.60000000 571.59209443 576.85772964 574.81506942 572.34940065
197.60000000 430.41693588 435.80528802 431.52099599 432.94065064
178.90000000 431.85540532 433.85220549 437.85937116 433.54596026
197.60000000 430.41693588 435.79443363 431.50409867 432.93588857
253.90000000 401.81248444 403.03140966 406.82439799 403.75656629
253.90000000 400.20776986 400.36071434 404.97729071 403.83503993
253.90000000 250.73634913 253.72123662 253.83628382 252.92800353
253.90000000 401.81248444 403.07026199 406.87365116 403.79228433
122.60000000 402.37022073 406.19204592 409.18299404 400.29443415
122.60000000 251.60398142 256.17654619 254.02686996 253.47014408
122.60000000 401.81413571 405.63971151 403.25799527 405.78094815
122.60000000 249.37954613 252.02507621 254.78007557 250.21973538
253.90000000 250.96296928 255.07580663 253.60445332 252.85114987
122.60000000 249.37954613 252.04605523 254.79815200 250.23207059
103.90000000 749.98324849 753.80371878 754.69957809 750.52399173
103.90000000 750.27025383 751.87006900 752.92502373 754.61653229
103.90000000 601.70548759 602.45240728 603.96180141 606.12702724
103.90000000 749.98324849 753.77724429 754.66500158 750.49117622
187.50000000 14610.45044062 14647.81903825 14613.55880244 14572.62089628
233.20000000 7009.78799854 7023.66479860 7003.97891592 7010.97233717
187.10000000 14612.22557049 14616.07713857 14618.58058084 14611.69380916
233.10000000 6934.29158373 6937.57599402 6936.60742298 6938.04925705
103.90000000 601.38321859 603.06689210 605.72957788 604.53606568
233.10000000 6934.29158373 6937.50897039 6936.53992457 6937.96619639
155.50000000 189.67499017 193.17243474 194.25178244 190.29154899
155.50000000 192.66778137 195.03817754 197.25408900 195.03031655
155.50000000 531.49954739 534.85219494 534.29852312 533.96534593
155.50000000 189.67499017 193.17243474 194.25178244 190.29154899
230.50000000 190.09177278 192.74648724 194.65612822 191.30691429
230.50000000 530.18099653 531.78366381 532.62016527 535.03144880
230.40000000 190.91172242 192.80580244 194.36119873 194.43418345
230.40000000 531.54378506 533.86996219 535.50552198 534.17653396
155.50000000 532.75531976 535.35636589 535.40608336 536.22319664
230.40000000 531.54378506 533.86996219 535.50552198 534.17653396
259.30000000 7244.65067666 7245.11523644 7249.30387394 7247.83204059
260.20000000 7188.96902093 7192.37615760 7188.97484110 7192.68844465
305.40000000 181.08195941 182.65646248 185.60859515 183.53587304
259.30000000 7244.65067666 7245.11523644 7249.30387394 7247.83204059
80.50000000 540.74031663 542.95304296 545.91246697 542.97411673
80.50000000 183.29618827 186.10927027 186.07774135 187.41444480
80.40000000 543.60507377 544.58799162 545.73659449 549.00087301
80.40000000 181.64894538 182.04122683 183.84581609 187.82635483
305.50000000 180.55142718 185.26219932 181.91571818 183.27474967
80.40000000 181.64894538 182.04122683 183.84581609 187.82635483
80.50000000 363.80415882 362.95218704 369.89187328 366.82688827
80.50000000 359.41319444 360.20203053 368.72865244 359.13988239
80.50000000 353.01485045 355.47961433 357.32182248 355.61839280
80.50000000 363.80415882 362.95218704 369.89187328 366.82688827
155.50000000 361.83008586 365.04721120 363.79573456 365.01561418
155.50000000 351.37684485 352.62640663 353.26060493 356.54899601
155.40000000 360.73243890 362.12339643 365.09384368 363.96759095
155.40000000 351.60910941 354.91111662 352.69445192 355.98146675
80.50000000 349.75962963 351.94913976 356.43510340 350.26475081
155.40000000 351.60910941 354.91111662 352.69445192 355.98146675
197.30000000 7071.25828659 7079.60560013 7069.85445571 7073.46268406
197.40000000 34407.33336153 34404.92265467 34419.82905984 34409.13025920
200.40000000 6358.51745361 6349.00691392 6365.77229744 6367.45997634
197.30000000 7071.25828659 7079.60560013 7069.85445571 7073.46268406
197.20000000 16289.96521654 16275.87786322 16304.99616739 16294.48457497
200.10000000 15876.29220262 15866.87984073 15877.61215596 15889.40918040
197.60000000 37268.91548387 37275.69618096 37284.21477428 37255.05313122
200.60000000 36137.39284520 36139.00793040 36111.23876288 36163.80225426
199.70000000 33056.36306917 33057.63493731 33054.67621300 33064.42159719
200.60000000 36137.39284520 36139.00793040 36111.23876288 36163.80225426
267.90000000 281.35178185 284.77658315 285.08072340 282.90028520
267.90000000 281.00806805 283.05131495 285.34386450 282.78736797
229.70000000 6852.21115935 6859.44838989 6851.62228341 6853.45564551
267.90000000 281.35178185 284.85510969 285.14512816 282.97706731
192.90000000 282.00611462 284.56665903 284.32912794 285.87114689
192.90000000 611.86049081 614.57013984 614.27525807 615.69767418
193.00000000 281.14243410 283.37845538 285.66207685 282.75854828
230.90000000 26644.22009845 26667.60711274 26620.45278279 26655.84491379
229.90000000 32153.66854934 32150.41288999 32161.69134587 32158.31950265
230.90000000 26644.22009845 26667.68671087 26620.50794041 26655.92252039
222.10000000 26674.33017093 26683.80943141 26661.31046907 26675.04872796
118.00000000 631.41627275 635.10180521 636.75028161 631.12137273
118.00000000 259.41854528 259.73508543 262.89289479 263.39078896
222.10000000 26674.33017093 26683.78414981 26661.28851581 26675.02346375
223.10000000 39951.87171356 39978.70206191 39936.56020685 39949.88940944
342.90000000 259.33999967 261.00384425 263.55513494 262.18172169
222.30000000 16172.39902917 16188.73299286 16183.35794591 16151.45508628
343.00000000 262.41169298 265.31573588 265.47207885 265.26017193
118.00000000 261.28184866 265.75726703 262.88698352 265.35026763
343.00000000 262.41169298 265.28368245 265.44640513 265.22842730
342.90000000 100.54462531 102.95414562 103.62422429 103.74584569
343.00000000 101.68241603 105.31570149 104.52807306 103.84353377
318.50000000 3563.85261196 3566.65791455 3564.56944109 3568.96941102
342.90000000 100.54462531 102.98156779 103.65319217 103.77676267
267.90000000 100.71877251 104.98816402 102.26804811 103.61340560
267.90000000 440.98969955 444.21513646 443.00590582 444.65098843
267.90000000 102.83452360 106.18592885 105.27461850 105.68550303
267.90000000 442.17548785 443.97902587 445.86548060 445.25706310
318.90000000 3591.77690983 3593.57535762 3598.00584807 3592.06207979
267.90000000 442.17548785 444.01721376 445.88305845 445.27847572
193.00000000 450.85866392 452.95274305 453.77227324 454.58994276
193.00000000 449.70030653 455.95089876 451.66633463 450.37408923
177.40000000 4287.89733292 4289.60965213 4287.21789161 4294.17564110
193.00000000 450.85866392 452.90315529 453.71222688 454.54766145
117.90000000 449.98054731 453.68889324 452.41130487 452.55754389
117.90000000 789.45515480 792.60463711 794.52364449 789.67374205
118.00000000 453.07339873 457.28979089 454.44398900 456.44938117
177.10000000 20022.18425533 20036.45974130 20009.37782739 20031.82407337
177.10000000 29880.72660924 29886.08009191 29886.38766852 29877.59859887
177.10000000 20022.18425533 20036.39352364 20009.31574560 20031.76952386
99.20000000 407.57659658 409.14608642 411.34889831 411.79969028
99.20000000 407.61469883 406.90837136 412.14490426 412.90935330
99.20000000 659.71907800 662.51003008 663.85230704 661.34144776
99.20000000 407.57659658 409.18730606 411.38521290 411.82970897
174.20000000 412.08516565 415.01489683 417.80458368 412.22182213
174.20000000 660.58605511 663.59130312 665.79302995 661.23059106
174.20000000 409.62598166 413.08268455 412.21783183 412.12849064
174.20000000 660.04824317 663.87553780 662.39851430 663.11901687
99.20000000 661.19770811 661.94207521 666.15685874 664.09051184
174.20000000 660.04824317 663.91235653 662.45686079 663.15035889
185.20000000 38788.39482271 38764.31862981 38781.06194825 38823.34739405
184.60000000 23894.13526041 23871.40086606 23909.16655568 23908.83257783
249.20000000 311.70777550 311.87792633 315.06533058 316.84199707
185.20000000 38788.39482271 38764.26771686 38781.02114121 38823.31077430
184.30000000 40710.85274654 40717.56642508 40680.08210824 40739.33020863
324.20000000 311.00682145 312.39854362 315.75229902 313.53252419
184.60000000 28831.71496746 28831.11071737 28824.18374427 28857.90806084
324.20000000 308.90237426 312.68755114 311.66951518 310.91312315
249.20000000 310.75249256 312.89929286 313.90228923 314.39292311
324.20000000 308.90237426 312.62260361 311.61449109 310.86031638
174.20000000 230.01595591 233.01535059 235.19076921 230.66948095
174.20000000 230.39146578 233.66843991 234.29798036 231.90103023
174.20000000 131.06775629 133.06624300 134.66167592 133.92016566
174.20000000 230.01595591 233.04376830 235.21839387 230.70201644
249.20000000 232.16142744 234.60594706 234.75460462 235.64208510
249.20000000 130.14087665 133.91969033 131.89957675 133.59839375
249.20000000 232.83585552 235.92706145 237.89187252 233.59770017
249.20000000 131.24464871 135.69913056 135.03599810 131.63360027
174.20000000 131.03791302 133.56666981 134.10545073 134.17614898
249.20000000 131.24464871 135.77875054 135.12473400 131.72769990
241.20000000 11910.57679718 11920.68453405 11901.31980134 11918.22861850
242.00000000 11827.43207906 11824.30126198 11831.53397939 11833.51339413
291.70000000 4865.02333931 4877.82695886 4859.20438897 4867.44895166
241.20000000 11910.57679718 11920.65485248 11901.27961791 11918.18701442
99.20000000 579.77393199 585.58090268 579.86187052 583.68721738
99.20000000 482.29646155 486.32956197 485.27068030 484.60711040
99.20000000 578.08654319 582.62181596 578.46800211 580.67874400
99.20000000 482.22113259 487.73294044 480.25470436 487.02128383
292.80000000 4713.30507505 4717.75696621 4718.09820077 4712.85366905
99.20000000 482.22113259 487.70445703 480.21894421 487.01080312
286.70000000 140.19304825 142.76893231 142.82097490 143.45162761
286.70000000 139.52359055 143.26090020 142.30254283 141.70853608
186.30000000 16108.35849657 16109.27219013 16102.25393209 16120.39899418
286.70000000 140.19304825 142.74633339 142.80169614 143.43412553
211.70000000 142.12965885 146.15441015 143.90544689 145.37124548
186.40000000 5880.65587834 5883.73328448 5875.94998058 5890.60844877
211.70000000 141.54142551 145.40328778 143.53127575 145.00157794
186.50000000 5949.31973844 5954.92506569 5955.63094227 5945.63553357
186.50000000 16174.56811163 16175.02409315 16175.09761649 16180.98559108
186.50000000 5949.31973844 5954.91180873 5955.61365167 5945.61256232
136.70000000 490.51305905 494.03395213 492.96424756 492.96745222
153.70000000 912.72489479 928.05245792 922.15101960 896.78019038
136.70000000 402.63936612 404.75825318 405.39684543 406.57127000
136.70000000 490.51305905 494.03395213 492.96424756 492.96507127
61.70000000 493.71027339 498.34968487 495.56541819 497.67162081
61.70000000 401.32103107 400.98566689 405.54722630 406.48166757
61.70000000 492.89515919 497.93751999 495.93363563 493.26991466
61.70000000 404.83492139 406.15058103 405.17718395 411.50373659
136.70000000 401.06272559 402.02148793 405.20772947 404.33266376
61.70000000 404.83492139 406.15058103 405.16667113 411.50373659
211.70000000 319.73035722 323.84538098 321.96984038 322.11157475
211.70000000 319.95245200 323.05698677 323.56597628 321.92990469
211.70000000 219.84322353 222.81689910 223.92279144 221.94862866
211.70000000 319.73035722 323.86529698 321.97782782 322.12812357
136.70000000 321.45049006 322.00917188 327.31525875 323.84105874
136.70000000 222.10246529 224.92015847 225.03610889 225.77419696
136.70000000 320.34395387 322.46512236 324.23511776 323.07780957
136.70000000 222.99269255 224.55500189 226.54792546 226.99012372
211.70000000 220.35893389 224.13437561 223.30665285 222.75642329
136.70000000 222.99269255 224.55717580 226.55257663 226.99665150
61.70000000 669.04998615 672.39328136 670.84493810 673.34528289
61.70000000 669.13951038 673.12333266 669.28997130 673.30463112
61.70000000 573.27384520 570.51786847 582.47441023 576.07094675
61.70000000 669.04998615 672.40369802 670.86022632 673.35399501
208.90000000 12627.68459818 12630.05020862 12649.84558566 12614.32055716
246.30000000 6875.90634191 6876.47922611 6874.56520360 6884.36224429
209.90000000 12454.12556073 12424.04907842 12498.87687261 12444.89375307
246.00000000 6896.74227497 6885.13079704 6898.94937542 6912.03401282
61.70000000 572.29245129 574.53852800 578.38042271 572.66884311
246.00000000 6896.74227497 6885.15051650 6898.97276312 6912.06205279
333.60000000 340.62672523 343.68588720 343.24105094 343.29304793
333.60000000 340.59221378 344.74847294 343.30793109 341.99203602
333.60000000 371.06903465 373.02443724 375.80730329 373.11889362
333.60000000 340.62672523 343.59360658 343.15055219 343.19483882
127.30000000 338.65169688 340.76248349 343.50960999 340.68199378
127.30000000 371.12037933 372.84090276 373.63772611 375.92634939
127.30000000 341.69653001 344.82715156 345.64552774 343.30628305
127.30000000 371.84525862 374.07842835 377.54222849 373.16582504
333.60000000 370.87280549 375.79216265 371.23017799 373.76920569
127.30000000 371.84525862 374.00309805 377.48594923 373.09866879
203.00000000 3680.19878169 3682.94080800 3687.95495060 3680.08132680
183.60000000 691.82184872 695.75405884 695.23591266 693.33642706
194.80000000 9505.17804030 9500.80807966 9508.11272798 9513.07190739
203.00000000 3680.19878169 3682.95244068 3687.96759429 3680.09919851
203.50000000 17614.95102645 17627.51900787 17623.61230236 17603.96971165
194.70000000 21598.58965250 21604.36143868 21612.54791103 21584.45837710
202.70000000 12527.60447221 12530.83790537 12535.92608960 12522.58533083
195.00000000 13783.80516746 13787.42504480 13803.21085341 13771.83363898
183.60000000 719.98652613 723.02156100 723.85823792 721.63445104
195.00000000 13783.80516746 13787.43998331 13803.22065156 13771.84543100
258.60000000 171.21123796 175.39376752 172.08183092 174.93478390
258.60000000 170.07477569 171.65460212 173.91206658 173.01984923
255.30000000 13844.39879683 13849.71012206 13847.14494998 13845.09719050
258.60000000 171.21123796 175.36183565 172.03239204 174.89366913
202.40000000 168.53629150 171.81927723 172.22176984 170.40174426
247.10000000 5303.12805688 5296.33474896 5318.27702814 5302.47914180
202.40000000 171.29569314 175.11925916 174.18356056 173.73723830
202.40000000 551.24532660 552.15915515 554.78315261 555.72082171
254.90000000 1172.40267562 1174.77206412 1175.27286624 1175.07609607
202.40000000 551.24532660 552.14247860 554.76103267 555.70182191
108.60000000 518.97767284 523.82932102 523.58761404 518.50432270
108.50000000 521.17658247 525.71843236 522.81332702 524.14081520
108.60000000 201.71892009 203.77137468 205.98424578 204.74997132
108.60000000 518.97767284 523.84665769 523.60686941 518.52109174
52.30000000 518.61419719 521.28651581 527.83624569 515.41811764
52.30000000 199.30835286 201.17521171 202.89977752 202.17325397
52.30000000 521.49626800 521.97834833 522.54501644 528.33067374
52.30000000 202.62969564 203.22845220 206.61593887 207.80609985
108.50000000 201.51307906 200.85237360 207.35669272 205.05391953
52.30000000 202.62969564 203.22845220 206.61593887 207.80609985
71.10000000 252.58146783 253.08297512 258.29167650 254.33855198
71.10000000 252.45458128 250.58652527 261.34585170 254.06097967
71.10000000 292.58335457 294.33554333 297.72686997 295.20476477
71.10000000 252.58146783 253.09190369 258.29938020 254.34595938
239.80000000 251.15159672 253.27423125 254.82312662 254.42965472
239.80000000 291.33637852 294.45960685 294.64876221 293.27107018
239.90000000 250.24025362 253.13106704 252.83251480 253.72832393
239.90000000 290.11038040 293.11334731 294.91468313 290.62347347
71.10000000 291.12237760 289.86344793 299.80116167 292.13597076
239.90000000 290.11038040 293.12943483 294.94110984 290.64164028
233.80000000 33376.82918204 33377.83434843 33371.97248985 33390.49182360
221.10000000 602.45562025 604.70965726 605.16217419 605.89899233
219.30000000 40616.47018747 40625.24740397 40625.82952648 40605.65786962
233.80000000 33376.82918204 33377.84761528 33371.99323626 33390.50991294
191.70000000 17311.46681796 17258.36927644 17275.84832584 17411.95673254
219.30000000 29324.36247527 29350.23216594 29291.11740977 29333.77514181
89.90000000 600.87230797 604.62331697 603.02427231 603.60017238
89.90000000 639.47965826 642.03994565 643.94673921 640.44659126
218.80000000 1053.43792575 1054.82399288 1056.50568308 1057.75570457
89.90000000 639.47965826 642.03994565 643.94673921 640.44962156
146.00000000 429.50835485 431.95477055 434.52402189 430.18078903
146.10000000 431.75294264 433.97550051 435.93878449 434.84076789
146.00000000 458.47678009 461.54832155 460.42353298 462.21820738
146.00000000 429.50835485 431.96939234 434.52966435 430.19798899
164.80000000 430.88714745 432.20456230 434.07296302 434.26331649
164.80000000 461.14377687 462.67878116 463.74542896 465.12085335
164.90000000 432.12567627 433.77031129 435.93788144 434.46542198
164.90000000 462.52190110 465.15318408 467.81461801 462.75031602
146.10000000 462.17252087 464.72449470 465.89996532 464.97134294
164.90000000 462.52190110 465.17824507 467.84112531 462.76941104
179.90000000 18091.87932516 18078.91497377 18121.16831668 18083.14565400
180.10000000 56073.41920362 56113.26339323 56057.64865702 56062.78412512
296.10000000 111.84236574 113.60107848 114.65090933 115.60771395
179.90000000 18091.87932516 18078.92557459 18121.18399461 18083.16064496
179.70000000 19634.25112755 19625.71947546 19638.78344973 19643.98445006
314.90000000 111.45671817 114.66792672 115.16643528 113.17902945
180.00000000 56108.20216367 56122.08648987 56105.49800563 56105.91211553
314.90000000 110.21598055 114.19349029 112.95743909 111.71426714
296.10000000 110.68435719 113.81411708 113.08339265 113.82630718
314.90000000 110.21598055 114.22106773 112.98195306 111.73447412
202.30000000 121.66381162 124.45569101 126.26897508 123.36846413
202.30000000 122.08455010 123.34058838 126.65246130 124.92815441
202.30000000 241.69456870 244.44721077 245.28410392 244.13752513
202.30000000 121.66381162 124.46991035 126.27805372 123.39170013
258.60000000 121.54069929 125.93464513 124.14165859 123.00981172
258.60000000 238.90437931 240.73287962 240.06962293 244.91887170
258.60000000 121.72465569 123.62693389 126.95777324 122.96748474
258.60000000 239.81353871 243.36389004 242.67830791 241.89658868
202.30000000 242.13339805 244.44162236 246.46316733 243.76015329
258.60000000 239.81353871 243.40662635 242.71498409 241.94559914
52.30000000 473.04985486 478.76876946 476.08345473 473.53614187
52.30000000 470.63923964 471.89805957 475.34850099 475.28466871
52.30000000 592.42108128 598.74369123 591.37120085 595.45081532
52.30000000 473.04985486 478.76876946 476.08345473 473.53614187
108.50000000 473.28396889 474.83543769 478.65938795 474.98584134
108.50000000 588.98349137 591.45830241 595.10310829 589.39278809
108.60000000 472.08310892 476.72350367 474.86945731 474.71796847
165.50000000 6555.28967246 6560.34828529 6554.16404271 6555.94004480
87.10000000 3641.85474926 3673.60944063 3552.30128060 3704.36773795
165.50000000 6555.28967246 6560.36265795 6554.17826252 6555.95898490
277.40000000 301.03985320 304.79382723 303.62158225 302.94667994
277.30000000 300.06065625 302.77805905 301.47752586 304.55030553
182.00000000 53000.66420144 52999.13379173 53026.50354908 52991.15970002
277.40000000 301.03985320 304.77442256 303.59950348 302.93240799
183.50000000 300.67940696 303.99413278 303.49083183 303.35921621
181.90000000 52551.56264188 52553.48293965 52564.60970233 52547.15545767
183.60000000 301.35802903 303.15609096 305.57100113 304.31271548
181.90000000 22115.19908684 22114.95571502 22119.43541390 22120.30549379
181.70000000 29841.21539317 29863.37733873 29828.50501714 29840.85542132
181.90000000 22115.19908684 22114.94698387 22119.42308698 22120.29384048
127.40000000 651.10406199 652.67900673 655.37671610 653.77141217
127.30000000 651.27945742 655.87938145 654.47553192 652.43057046
127.40000000 421.59074123 425.37155196 423.14703363 425.01320069
127.40000000 651.10406199 652.65480692 655.35767264 653.75225879
215.60000000 16264.08006546 16285.46256604 16270.68017679 16248.99514537
333.90000000 527.84890571 532.23974918 530.03324119 530.02763600
215.90000000 16172.14506590 16196.82798934 16165.60800015 16158.78056761
333.00000000 500.31888174 503.42612481 502.93555829 503.02527152
127.30000000 420.37876993 421.75546458 425.17872759 423.17037951
333.00000000 500.31888174 503.40116204 502.90966240 503.00387822
164.90000000 380.46959773 380.80160691 385.23556378 383.59328306
164.80000000 379.98674865 381.09096676 384.11733224 383.54079134
164.90000000 161.88573788 163.25232661 167.02975727 163.94687450
164.90000000 380.46959773 380.73306521 385.16727502 383.50913977
146.10000000 380.69056304 384.20286564 384.08133735 382.64335061
146.10000000 161.35607409 165.31356374 164.87856559 162.35266627
146.10000000 381.15262819 383.31854888 384.98303473 383.80070882
146.10000000 160.85973553 164.53297840 164.19253152 162.30455720
164.80000000 160.97353537 164.77649709 162.60166480 164.00137912
146.10000000 160.85973553 164.51228025 164.16413810 162.27247015
191.70000000 39768.67771087 39805.28855317 39754.66768512 39758.89319236
192.50000000 37271.40434216 37258.42647159 37275.08214504 37292.50393892
274.90000000 6594.60508716 6587.46451102 6599.61246437 6604.08594810
191.70000000 39768.67771087 39805.31542369 39754.68600964 39758.91963185
192.30000000 39349.41198618 39371.59230099 39327.27023276 39355.74835795
275.40000000 4162.59982826 4165.33088859 4167.25925762 4164.34517816
192.00000000 36796.63177194 36776.56178060 36798.35209884 36824.87339966
275.10000000 3750.40492707 3749.01208222 3755.26782912 3755.68496573
275.00000000 6156.99917098 6161.33692312 6158.65338229 6160.03444339
275.10000000 3750.40492707 3749.04735099 3755.29537421 3755.71639490
89.80000000 211.92873917 215.70394046 217.74954672 211.38475902
89.80000000 210.63783959 215.18731629 211.61569519 214.65867009
89.80000000 682.05098695 686.24236356 684.23301447 684.59970135
89.80000000 211.92873917 215.70394046 217.72599847 211.38153321
221.10000000 211.22980327 213.08834277 217.27311372 212.70050040
206.40000000 3714.51769593 3709.17187969 3721.58884798 3721.25279467
221.00000000 210.26711739 213.55114274 211.65650531 214.14025017
205.90000000 49284.33881095 49271.89506323 49287.88756285 49303.73918936
206.10000000 45566.09686900 45587.69339712 45558.53892068 45566.55378613
205.90000000 49284.33881095 49271.83510053 49287.83331110 49303.68730314
239.80000000 562.94142654 566.45857516 565.88497560 565.17147744
239.80000000 562.72683860 566.25203213 567.02911960 563.69188988
239.80000000 328.94319188 331.13890785 333.18493155 331.22093578
239.80000000 562.94142654 566.49110137 565.91143149 565.20171068
71.10000000 558.66192624 559.02419897 565.21390916 561.20603067
71.10000000 333.73425817 334.96949174 336.90250583 337.97219962
71.10000000 559.93563784 562.33569739 559.10881813 566.57803922
71.10000000 331.29623742 332.25827738 337.27021356 333.32301130
239.80000000 332.11450699 335.01196280 335.17141678 334.96626138
71.10000000 331.29623742 332.27791342 337.27778499 333.32984001
